1.134082e+03	 8.575800e+02	 1.120257e+03	 0	 0	 
 1.134082e+03	 8.575800e+02	 1.106431e+03	 0	 0	 
 1.134082e+03	 8.575800e+02	 1.092606e+03	 0	 0	 
 1.134082e+03	 8.575800e+02	 1.078781e+03	 0	 0	 
 1.134082e+03	 8.575800e+02	 1.064956e+03	 0	 0	 
 1.134082e+03	 8.575800e+02	 1.051131e+03	 0	 0	 
 1.134082e+03	 8.575800e+02	 1.037306e+03	 0	 0	 
 1.134082e+03	 8.575800e+02	 1.023481e+03	 0	 0	 
 1.134082e+03	 8.575800e+02	 1.009656e+03	 0	 0	 
 1.134082e+03	 8.575800e+02	 9.958308e+02	 0	 0	 
 1.134082e+03	 8.575800e+02	 9.820057e+02	 0	 0	 
 1.134082e+03	 8.575800e+02	 9.681807e+02	 0	 0	 
 1.134082e+03	 8.575800e+02	 9.543556e+02	 0	 0	 
 1.134082e+03	 8.575800e+02	 9.405305e+02	 0	 0	 
 1.134082e+03	 8.575800e+02	 9.267054e+02	 0	 0	 
 1.134082e+03	 8.575800e+02	 9.128803e+02	 0	 0	 
 1.134082e+03	 8.575800e+02	 8.990553e+02	 0	 0	 
 1.134082e+03	 8.575800e+02	 8.852302e+02	 0	 0	 
 1.134082e+03	 8.575800e+02	 8.714051e+02	 0	 0	 
 1.134082e+03	 8.575800e+02	 8.575800e+02	 0	 0	 
 1.134082e+03	 1.437073e+03	 1.118932e+03	 1.022545e-08	 2.811423e-04	 1.022545e-08	 
 1.134082e+03	 1.437073e+03	 1.103783e+03	 1.022545e-08	 2.811423e-04	 1.022545e-08	 
 1.134082e+03	 1.437073e+03	 1.088633e+03	 1.022545e-08	 2.811423e-04	 1.022545e-08	 
 1.134082e+03	 1.437073e+03	 1.073483e+03	 1.022545e-08	 2.811423e-04	 1.022545e-08	 
 1.134082e+03	 1.437073e+03	 1.058334e+03	 1.022545e-08	 2.811423e-04	 1.022545e-08	 
 1.134082e+03	 1.437073e+03	 1.043184e+03	 1.022545e-08	 2.811423e-04	 1.022545e-08	 
 1.134082e+03	 1.437073e+03	 1.028035e+03	 1.022545e-08	 2.811423e-04	 1.022545e-08	 
 1.134082e+03	 1.437073e+03	 1.012885e+03	 1.022545e-08	 2.811423e-04	 1.022545e-08	 
 1.134082e+03	 1.437073e+03	 9.977357e+02	 1.022545e-08	 2.811423e-04	 1.022545e-08	 
 1.134082e+03	 1.437073e+03	 9.825861e+02	 1.022545e-08	 2.811423e-04	 1.022545e-08	 
 1.134082e+03	 1.437073e+03	 9.674365e+02	 1.022545e-08	 2.811423e-04	 1.022545e-08	 
 1.134082e+03	 1.437073e+03	 9.522870e+02	 1.022545e-08	 2.811423e-04	 1.022545e-08	 
 1.134082e+03	 1.437073e+03	 9.371374e+02	 1.022545e-08	 2.811423e-04	 1.022545e-08	 
 1.134082e+03	 1.437073e+03	 9.219879e+02	 1.022545e-08	 2.811423e-04	 1.022545e-08	 
 1.134082e+03	 1.437073e+03	 9.068383e+02	 1.022545e-08	 2.811423e-04	 1.022545e-08	 
 1.134082e+03	 1.437073e+03	 8.916888e+02	 1.022545e-08	 2.811423e-04	 1.022545e-08	 
 1.134082e+03	 1.437073e+03	 8.765392e+02	 1.022545e-08	 2.811423e-04	 1.022545e-08	 
 1.134082e+03	 1.437073e+03	 8.613897e+02	 1.022545e-08	 2.811423e-04	 1.022545e-08	 
 1.134082e+03	 1.437073e+03	 8.462401e+02	 1.022545e-08	 2.811423e-04	 1.022545e-08	 
 1.134082e+03	 1.437073e+03	 8.310906e+02	 1.022545e-08	 2.811423e-04	 1.022545e-08	 
 1.134082e+03	 1.134082e+03	 1.134082e+03	 1.022545e-08	 1.022545e-08	 1.022545e-08	 
 1.134082e+03	 1.134082e+03	 1.134082e+03	 1.022545e-08	 1.022545e-08	 1.022545e-08	 
 1.134082e+03	 1.134082e+03	 1.134082e+03	 1.022545e-08	 1.022545e-08	 1.022545e-08	 
 1.134082e+03	 1.134082e+03	 1.134082e+03	 1.022545e-08	 1.022545e-08	 1.022545e-08	 
 1.134082e+03	 1.134082e+03	 1.134082e+03	 1.022545e-08	 1.022545e-08	 1.022545e-08	 
 1.134082e+03	 1.134082e+03	 1.134082e+03	 1.022545e-08	 1.022545e-08	 1.022545e-08	 
 1.134082e+03	 1.134082e+03	 1.134082e+03	 1.022545e-08	 1.022545e-08	 1.022545e-08	 
 1.134082e+03	 1.134082e+03	 1.134082e+03	 1.022545e-08	 1.022545e-08	 1.022545e-08	 
 1.134082e+03	 1.134082e+03	 1.134082e+03	 1.022545e-08	 1.022545e-08	 1.022545e-08	 
 1.134082e+03	 1.134082e+03	 1.134082e+03	 1.022545e-08	 1.022545e-08	 1.022545e-08	 
 1.134082e+03	 1.134082e+03	 1.134082e+03	 1.022545e-08	 1.022545e-08	 1.022545e-08	 
 1.134082e+03	 1.134082e+03	 1.134082e+03	 1.022545e-08	 1.022545e-08	 1.022545e-08	 
 1.134082e+03	 1.134082e+03	 1.134082e+03	 1.022545e-08	 1.022545e-08	 1.022545e-08	 
 1.134082e+03	 1.134082e+03	 1.134082e+03	 1.022545e-08	 1.022545e-08	 1.022545e-08	 
 1.134082e+03	 1.134082e+03	 1.134082e+03	 1.022545e-08	 1.022545e-08	 1.022545e-08	 
 1.134082e+03	 1.134082e+03	 1.134082e+03	 1.022545e-08	 1.022545e-08	 1.022545e-08	 
 1.134082e+03	 1.134082e+03	 1.134082e+03	 1.022545e-08	 1.022545e-08	 1.022545e-08	 
 1.134082e+03	 1.134082e+03	 1.134082e+03	 1.022545e-08	 1.022545e-08	 1.022545e-08	 
 1.134082e+03	 1.134082e+03	 1.134082e+03	 1.022545e-08	 1.022545e-08	 1.022545e-08	 
 1.134082e+03	 1.134082e+03	 1.134082e+03	 1.022545e-08	 1.022545e-08	 1.022545e-08	 
 1.134082e+03	 2.976169e+02	 1.092258e+03	 0	 0	 
 1.134082e+03	 2.976169e+02	 1.050435e+03	 0	 0	 
 1.134082e+03	 2.976169e+02	 1.008612e+03	 0	 0	 
 1.134082e+03	 2.976169e+02	 9.667887e+02	 0	 0	 
 1.134082e+03	 2.976169e+02	 9.249655e+02	 0	 0	 
 1.134082e+03	 2.976169e+02	 8.831422e+02	 0	 0	 
 1.134082e+03	 2.976169e+02	 8.413190e+02	 0	 0	 
 1.134082e+03	 2.976169e+02	 7.994958e+02	 0	 0	 
 1.134082e+03	 2.976169e+02	 7.576725e+02	 0	 0	 
 1.134082e+03	 2.976169e+02	 7.158493e+02	 0	 0	 
 1.134082e+03	 2.976169e+02	 6.740261e+02	 0	 0	 
 1.134082e+03	 2.976169e+02	 6.322028e+02	 0	 0	 
 1.134082e+03	 2.976169e+02	 5.903796e+02	 0	 0	 
 1.134082e+03	 2.976169e+02	 5.485563e+02	 0	 0	 
 1.134082e+03	 2.976169e+02	 5.067331e+02	 0	 0	 
 1.134082e+03	 2.976169e+02	 4.649099e+02	 0	 0	 
 1.134082e+03	 2.976169e+02	 4.230866e+02	 0	 0	 
 1.134082e+03	 2.976169e+02	 3.812634e+02	 0	 0	 
 1.134082e+03	 2.976169e+02	 3.394402e+02	 0	 0	 
 1.134082e+03	 2.976169e+02	 2.976169e+02	 0	 0	 
 1.134082e+03	 2.976169e+02	 1.092258e+03	 0	 0	 
 1.134082e+03	 2.976169e+02	 1.050435e+03	 0	 0	 
 1.134082e+03	 2.976169e+02	 1.008612e+03	 0	 0	 
 1.134082e+03	 2.976169e+02	 9.667887e+02	 0	 0	 
 1.134082e+03	 2.976169e+02	 9.249655e+02	 0	 0	 
 1.134082e+03	 2.976169e+02	 8.831422e+02	 0	 0	 
 1.134082e+03	 2.976169e+02	 8.413190e+02	 0	 0	 
 1.134082e+03	 2.976169e+02	 7.994958e+02	 0	 0	 
 1.134082e+03	 2.976169e+02	 7.576725e+02	 0	 0	 
 1.134082e+03	 2.976169e+02	 7.158493e+02	 0	 0	 
 1.134082e+03	 2.976169e+02	 6.740261e+02	 0	 0	 
 1.134082e+03	 2.976169e+02	 6.322028e+02	 0	 0	 
 1.134082e+03	 2.976169e+02	 5.903796e+02	 0	 0	 
 1.134082e+03	 2.976169e+02	 5.485563e+02	 0	 0	 
 1.134082e+03	 2.976169e+02	 5.067331e+02	 0	 0	 
 1.134082e+03	 2.976169e+02	 4.649099e+02	 0	 0	 
 1.134082e+03	 2.976169e+02	 4.230866e+02	 0	 0	 
 1.134082e+03	 2.976169e+02	 3.812634e+02	 0	 0	 
 1.134082e+03	 2.976169e+02	 3.394402e+02	 0	 0	 
 1.134082e+03	 2.976169e+02	 2.976169e+02	 0	 0	 
 1.134082e+03	 1.134082e+03	 1.134082e+03	 1.022545e-08	 1.022545e-08	 1.022545e-08	 
 1.134082e+03	 1.134082e+03	 1.134082e+03	 1.022545e-08	 1.022545e-08	 1.022545e-08	 
 1.134082e+03	 1.134082e+03	 1.134082e+03	 1.022545e-08	 1.022545e-08	 1.022545e-08	 
 1.134082e+03	 1.134082e+03	 1.134082e+03	 1.022545e-08	 1.022545e-08	 1.022545e-08	 
 1.134082e+03	 1.134082e+03	 1.134082e+03	 1.022545e-08	 1.022545e-08	 1.022545e-08	 
 1.134082e+03	 1.134082e+03	 1.134082e+03	 1.022545e-08	 1.022545e-08	 1.022545e-08	 
 1.134082e+03	 1.134082e+03	 1.134082e+03	 1.022545e-08	 1.022545e-08	 1.022545e-08	 
 1.134082e+03	 1.134082e+03	 1.134082e+03	 1.022545e-08	 1.022545e-08	 1.022545e-08	 
 1.134082e+03	 1.134082e+03	 1.134082e+03	 1.022545e-08	 1.022545e-08	 1.022545e-08	 
 1.134082e+03	 1.134082e+03	 1.134082e+03	 1.022545e-08	 1.022545e-08	 1.022545e-08	 
 1.134082e+03	 1.134082e+03	 1.134082e+03	 1.022545e-08	 1.022545e-08	 1.022545e-08	 
 1.134082e+03	 1.134082e+03	 1.134082e+03	 1.022545e-08	 1.022545e-08	 1.022545e-08	 
 1.134082e+03	 1.134082e+03	 1.134082e+03	 1.022545e-08	 1.022545e-08	 1.022545e-08	 
 1.134082e+03	 1.134082e+03	 1.134082e+03	 1.022545e-08	 1.022545e-08	 1.022545e-08	 
 1.134082e+03	 1.134082e+03	 1.134082e+03	 1.022545e-08	 1.022545e-08	 1.022545e-08	 
 1.134082e+03	 1.134082e+03	 1.134082e+03	 1.022545e-08	 1.022545e-08	 1.022545e-08	 
 1.134082e+03	 1.134082e+03	 1.134082e+03	 1.022545e-08	 1.022545e-08	 1.022545e-08	 
 1.134082e+03	 1.134082e+03	 1.134082e+03	 1.022545e-08	 1.022545e-08	 1.022545e-08	 
 1.134082e+03	 1.134082e+03	 1.134082e+03	 1.022545e-08	 1.022545e-08	 1.022545e-08	 
 1.134082e+03	 1.134082e+03	 1.134082e+03	 1.022545e-08	 1.022545e-08	 1.022545e-08	 
 1.134082e+03	 2.976169e+02	 1.092258e+03	 0	 0	 
 1.134082e+03	 2.976169e+02	 1.050435e+03	 0	 0	 
 1.134082e+03	 2.976169e+02	 1.008612e+03	 0	 0	 
 1.134082e+03	 2.976169e+02	 9.667887e+02	 0	 0	 
 1.134082e+03	 2.976169e+02	 9.249655e+02	 0	 0	 
 1.134082e+03	 2.976169e+02	 8.831422e+02	 0	 0	 
 1.134082e+03	 2.976169e+02	 8.413190e+02	 0	 0	 
 1.134082e+03	 2.976169e+02	 7.994958e+02	 0	 0	 
 1.134082e+03	 2.976169e+02	 7.576725e+02	 0	 0	 
 1.134082e+03	 2.976169e+02	 7.158493e+02	 0	 0	 
 1.134082e+03	 2.976169e+02	 6.740261e+02	 0	 0	 
 1.134082e+03	 2.976169e+02	 6.322028e+02	 0	 0	 
 1.134082e+03	 2.976169e+02	 5.903796e+02	 0	 0	 
 1.134082e+03	 2.976169e+02	 5.485563e+02	 0	 0	 
 1.134082e+03	 2.976169e+02	 5.067331e+02	 0	 0	 
 1.134082e+03	 2.976169e+02	 4.649099e+02	 0	 0	 
 1.134082e+03	 2.976169e+02	 4.230866e+02	 0	 0	 
 1.134082e+03	 2.976169e+02	 3.812634e+02	 0	 0	 
 1.134082e+03	 2.976169e+02	 3.394402e+02	 0	 0	 
 1.134082e+03	 2.976169e+02	 2.976169e+02	 0	 0	 
 1.134082e+03	 2.976169e+02	 1.092258e+03	 0	 0	 
 1.134082e+03	 2.976169e+02	 1.050435e+03	 0	 0	 
 1.134082e+03	 2.976169e+02	 1.008612e+03	 0	 0	 
 1.134082e+03	 2.976169e+02	 9.667887e+02	 0	 0	 
 1.134082e+03	 2.976169e+02	 9.249655e+02	 0	 0	 
 1.134082e+03	 2.976169e+02	 8.831422e+02	 0	 0	 
 1.134082e+03	 2.976169e+02	 8.413190e+02	 0	 0	 
 1.134082e+03	 2.976169e+02	 7.994958e+02	 0	 0	 
 1.134082e+03	 2.976169e+02	 7.576725e+02	 0	 0	 
 1.134082e+03	 2.976169e+02	 7.158493e+02	 0	 0	 
 1.134082e+03	 2.976169e+02	 6.740261e+02	 0	 0	 
 1.134082e+03	 2.976169e+02	 6.322028e+02	 0	 0	 
 1.134082e+03	 2.976169e+02	 5.903796e+02	 0	 0	 
 1.134082e+03	 2.976169e+02	 5.485563e+02	 0	 0	 
 1.134082e+03	 2.976169e+02	 5.067331e+02	 0	 0	 
 1.134082e+03	 2.976169e+02	 4.649099e+02	 0	 0	 
 1.134082e+03	 2.976169e+02	 4.230866e+02	 0	 0	 
 1.134082e+03	 2.976169e+02	 3.812634e+02	 0	 0	 
 1.134082e+03	 2.976169e+02	 3.394402e+02	 0	 0	 
 1.134082e+03	 2.976169e+02	 2.976169e+02	 0	 0	 
 1.134082e+03	 8.575800e+02	 1.120257e+03	 0	 0	 
 1.134082e+03	 8.575800e+02	 1.106431e+03	 0	 0	 
 1.134082e+03	 8.575800e+02	 1.092606e+03	 0	 0	 
 1.134082e+03	 8.575800e+02	 1.078781e+03	 0	 0	 
 1.134082e+03	 8.575800e+02	 1.064956e+03	 0	 0	 
 1.134082e+03	 8.575800e+02	 1.051131e+03	 0	 0	 
 1.134082e+03	 8.575800e+02	 1.037306e+03	 0	 0	 
 1.134082e+03	 8.575800e+02	 1.023481e+03	 0	 0	 
 1.134082e+03	 8.575800e+02	 1.009656e+03	 0	 0	 
 1.134082e+03	 8.575800e+02	 9.958308e+02	 0	 0	 
 1.134082e+03	 8.575800e+02	 9.820057e+02	 0	 0	 
 1.134082e+03	 8.575800e+02	 9.681807e+02	 0	 0	 
 1.134082e+03	 8.575800e+02	 9.543556e+02	 0	 0	 
 1.134082e+03	 8.575800e+02	 9.405305e+02	 0	 0	 
 1.134082e+03	 8.575800e+02	 9.267054e+02	 0	 0	 
 1.134082e+03	 8.575800e+02	 9.128803e+02	 0	 0	 
 1.134082e+03	 8.575800e+02	 8.990553e+02	 0	 0	 
 1.134082e+03	 8.575800e+02	 8.852302e+02	 0	 0	 
 1.134082e+03	 8.575800e+02	 8.714051e+02	 0	 0	 
 1.134082e+03	 8.575800e+02	 8.575800e+02	 0	 0	 
 1.134082e+03	 1.281507e+03	 1.126710e+03	 1.022545e-08	 3.905456e-03	 1.022545e-08	 
 1.134082e+03	 1.281507e+03	 1.119339e+03	 1.022545e-08	 3.905456e-03	 1.022545e-08	 
 1.134082e+03	 1.281507e+03	 1.111968e+03	 1.022545e-08	 3.905456e-03	 1.022545e-08	 
 1.134082e+03	 1.281507e+03	 1.104596e+03	 1.022545e-08	 3.905456e-03	 1.022545e-08	 
 1.134082e+03	 1.281507e+03	 1.097225e+03	 1.022545e-08	 3.905456e-03	 1.022545e-08	 
 1.134082e+03	 1.281507e+03	 1.089854e+03	 1.022545e-08	 3.905456e-03	 1.022545e-08	 
 1.134082e+03	 1.281507e+03	 1.082483e+03	 1.022545e-08	 3.905456e-03	 1.022545e-08	 
 1.134082e+03	 1.281507e+03	 1.075111e+03	 1.022545e-08	 3.905456e-03	 1.022545e-08	 
 1.134082e+03	 1.281507e+03	 1.067740e+03	 1.022545e-08	 3.905456e-03	 1.022545e-08	 
 1.134082e+03	 1.281507e+03	 1.060369e+03	 1.022545e-08	 3.905456e-03	 1.022545e-08	 
 1.134082e+03	 1.281507e+03	 1.052998e+03	 1.022545e-08	 3.905456e-03	 1.022545e-08	 
 1.134082e+03	 1.281507e+03	 1.045626e+03	 1.022545e-08	 3.905456e-03	 1.022545e-08	 
 1.134082e+03	 1.281507e+03	 1.038255e+03	 1.022545e-08	 3.905456e-03	 1.022545e-08	 
 1.134082e+03	 1.281507e+03	 1.030884e+03	 1.022545e-08	 3.905456e-03	 1.022545e-08	 
 1.134082e+03	 1.281507e+03	 1.023512e+03	 1.022545e-08	 3.905456e-03	 1.022545e-08	 
 1.134082e+03	 1.281507e+03	 1.016141e+03	 1.022545e-08	 3.905456e-03	 1.022545e-08	 
 1.134082e+03	 1.281507e+03	 1.008770e+03	 1.022545e-08	 3.905456e-03	 1.022545e-08	 
 1.134082e+03	 1.281507e+03	 1.001399e+03	 1.022545e-08	 3.905456e-03	 1.022545e-08	 
 1.134082e+03	 1.281507e+03	 9.940272e+02	 1.022545e-08	 3.905456e-03	 1.022545e-08	 
 1.134082e+03	 1.281507e+03	 9.866560e+02	 1.022545e-08	 3.905456e-03	 1.022545e-08	 
 