2.692672e+02	 2.856006e+02	 2.684505e+02	 3.206885e-04	 1.511811e-03	 3.206885e-04	 
 2.692672e+02	 2.856006e+02	 2.676338e+02	 3.206885e-04	 1.511811e-03	 3.206885e-04	 
 2.692672e+02	 2.856006e+02	 2.668172e+02	 3.206885e-04	 1.511811e-03	 3.206885e-04	 
 2.692672e+02	 2.856006e+02	 2.660005e+02	 3.206885e-04	 1.511811e-03	 3.206885e-04	 
 2.692672e+02	 2.856006e+02	 2.651838e+02	 3.206885e-04	 1.511811e-03	 3.206885e-04	 
 2.692672e+02	 2.856006e+02	 2.643671e+02	 3.206885e-04	 1.511811e-03	 3.206885e-04	 
 2.692672e+02	 2.856006e+02	 2.635505e+02	 3.206885e-04	 1.511811e-03	 3.206885e-04	 
 2.692672e+02	 2.856006e+02	 2.627338e+02	 3.206885e-04	 1.511811e-03	 3.206885e-04	 
 2.692672e+02	 2.856006e+02	 2.619171e+02	 3.206885e-04	 1.511811e-03	 3.206885e-04	 
 2.692672e+02	 2.856006e+02	 2.611004e+02	 3.206885e-04	 1.511811e-03	 3.206885e-04	 
 2.692672e+02	 2.856006e+02	 2.602838e+02	 3.206885e-04	 1.511811e-03	 3.206885e-04	 
 2.692672e+02	 2.856006e+02	 2.594671e+02	 3.206885e-04	 1.511811e-03	 3.206885e-04	 
 2.692672e+02	 2.856006e+02	 2.586504e+02	 3.206885e-04	 1.511811e-03	 3.206885e-04	 
 2.692672e+02	 2.856006e+02	 2.578338e+02	 3.206885e-04	 1.511811e-03	 3.206885e-04	 
 2.692672e+02	 2.856006e+02	 2.570171e+02	 3.206885e-04	 1.511811e-03	 3.206885e-04	 
 2.692672e+02	 2.856006e+02	 2.562004e+02	 3.206885e-04	 1.511811e-03	 3.206885e-04	 
 2.692672e+02	 2.856006e+02	 2.553837e+02	 3.206885e-04	 1.511811e-03	 3.206885e-04	 
 2.692672e+02	 2.856006e+02	 2.545671e+02	 3.206885e-04	 1.511811e-03	 3.206885e-04	 
 2.692672e+02	 2.856006e+02	 2.537504e+02	 3.206885e-04	 1.511811e-03	 3.206885e-04	 
 2.692672e+02	 2.856006e+02	 2.529337e+02	 3.206885e-04	 1.511811e-03	 3.206885e-04	 
 2.692672e+02	 2.605015e+02	 2.688289e+02	 0	 0	 
 2.692672e+02	 2.605015e+02	 2.683906e+02	 0	 0	 
 2.692672e+02	 2.605015e+02	 2.679523e+02	 0	 0	 
 2.692672e+02	 2.605015e+02	 2.675140e+02	 0	 0	 
 2.692672e+02	 2.605015e+02	 2.670757e+02	 0	 0	 
 2.692672e+02	 2.605015e+02	 2.666375e+02	 0	 0	 
 2.692672e+02	 2.605015e+02	 2.661992e+02	 0	 0	 
 2.692672e+02	 2.605015e+02	 2.657609e+02	 0	 0	 
 2.692672e+02	 2.605015e+02	 2.653226e+02	 0	 0	 
 2.692672e+02	 2.605015e+02	 2.648843e+02	 0	 0	 
 2.692672e+02	 2.605015e+02	 2.644460e+02	 0	 0	 
 2.692672e+02	 2.605015e+02	 2.640077e+02	 0	 0	 
 2.692672e+02	 2.605015e+02	 2.635695e+02	 0	 0	 
 2.692672e+02	 2.605015e+02	 2.631312e+02	 0	 0	 
 2.692672e+02	 2.605015e+02	 2.626929e+02	 0	 0	 
 2.692672e+02	 2.605015e+02	 2.622546e+02	 0	 0	 
 2.692672e+02	 2.605015e+02	 2.618163e+02	 0	 0	 
 2.692672e+02	 2.605015e+02	 2.613780e+02	 0	 0	 
 2.692672e+02	 2.605015e+02	 2.609397e+02	 0	 0	 
 2.692672e+02	 2.605015e+02	 2.605015e+02	 0	 0	 
 2.692672e+02	 3.879312e+02	 2.633340e+02	 3.206885e-04	 2.836303e-04	 3.206885e-04	 
 2.692672e+02	 3.879312e+02	 2.574008e+02	 3.206885e-04	 2.836303e-04	 3.206885e-04	 
 2.692672e+02	 3.879312e+02	 2.514676e+02	 3.206885e-04	 2.836303e-04	 3.206885e-04	 
 2.692672e+02	 3.879312e+02	 2.455344e+02	 3.206885e-04	 2.836303e-04	 3.206885e-04	 
 2.692672e+02	 3.879312e+02	 2.396012e+02	 3.206885e-04	 2.836303e-04	 3.206885e-04	 
 2.692672e+02	 3.879312e+02	 2.336680e+02	 3.206885e-04	 2.836303e-04	 3.206885e-04	 
 2.692672e+02	 3.879312e+02	 2.277348e+02	 3.206885e-04	 2.836303e-04	 3.206885e-04	 
 2.692672e+02	 3.879312e+02	 2.218016e+02	 3.206885e-04	 2.836303e-04	 3.206885e-04	 
 2.692672e+02	 3.879312e+02	 2.158684e+02	 3.206885e-04	 2.836303e-04	 3.206885e-04	 
 2.692672e+02	 3.879312e+02	 2.099352e+02	 3.206885e-04	 2.836303e-04	 3.206885e-04	 
 2.692672e+02	 3.879312e+02	 2.040020e+02	 3.206885e-04	 2.836303e-04	 3.206885e-04	 
 2.692672e+02	 3.879312e+02	 1.980688e+02	 3.206885e-04	 2.836303e-04	 3.206885e-04	 
 2.692672e+02	 3.879312e+02	 1.921356e+02	 3.206885e-04	 2.836303e-04	 3.206885e-04	 
 2.692672e+02	 3.879312e+02	 1.862024e+02	 3.206885e-04	 2.836303e-04	 3.206885e-04	 
 2.692672e+02	 3.879312e+02	 1.802692e+02	 3.206885e-04	 2.836303e-04	 3.206885e-04	 
 2.692672e+02	 3.879312e+02	 1.743360e+02	 3.206885e-04	 2.836303e-04	 3.206885e-04	 
 2.692672e+02	 3.879312e+02	 1.684028e+02	 3.206885e-04	 2.836303e-04	 3.206885e-04	 
 2.692672e+02	 3.879312e+02	 1.624696e+02	 3.206885e-04	 2.836303e-04	 3.206885e-04	 
 2.692672e+02	 3.879312e+02	 1.565364e+02	 3.206885e-04	 2.836303e-04	 3.206885e-04	 
 2.692672e+02	 3.879312e+02	 1.506032e+02	 3.206885e-04	 2.836303e-04	 3.206885e-04	 
 2.692672e+02	 2.692672e+02	 2.692672e+02	 3.206885e-04	 3.206885e-04	 3.206885e-04	 
 2.692672e+02	 2.692672e+02	 2.692672e+02	 3.206885e-04	 3.206885e-04	 3.206885e-04	 
 2.692672e+02	 2.692672e+02	 2.692672e+02	 3.206885e-04	 3.206885e-04	 3.206885e-04	 
 2.692672e+02	 2.692672e+02	 2.692672e+02	 3.206885e-04	 3.206885e-04	 3.206885e-04	 
 2.692672e+02	 2.692672e+02	 2.692672e+02	 3.206885e-04	 3.206885e-04	 3.206885e-04	 
 2.692672e+02	 2.692672e+02	 2.692672e+02	 3.206885e-04	 3.206885e-04	 3.206885e-04	 
 2.692672e+02	 2.692672e+02	 2.692672e+02	 3.206885e-04	 3.206885e-04	 3.206885e-04	 
 2.692672e+02	 2.692672e+02	 2.692672e+02	 3.206885e-04	 3.206885e-04	 3.206885e-04	 
 2.692672e+02	 2.692672e+02	 2.692672e+02	 3.206885e-04	 3.206885e-04	 3.206885e-04	 
 2.692672e+02	 2.692672e+02	 2.692672e+02	 3.206885e-04	 3.206885e-04	 3.206885e-04	 
 2.692672e+02	 2.692672e+02	 2.692672e+02	 3.206885e-04	 3.206885e-04	 3.206885e-04	 
 2.692672e+02	 2.692672e+02	 2.692672e+02	 3.206885e-04	 3.206885e-04	 3.206885e-04	 
 2.692672e+02	 2.692672e+02	 2.692672e+02	 3.206885e-04	 3.206885e-04	 3.206885e-04	 
 2.692672e+02	 2.692672e+02	 2.692672e+02	 3.206885e-04	 3.206885e-04	 3.206885e-04	 
 2.692672e+02	 2.692672e+02	 2.692672e+02	 3.206885e-04	 3.206885e-04	 3.206885e-04	 
 2.692672e+02	 2.692672e+02	 2.692672e+02	 3.206885e-04	 3.206885e-04	 3.206885e-04	 
 2.692672e+02	 2.692672e+02	 2.692672e+02	 3.206885e-04	 3.206885e-04	 3.206885e-04	 
 2.692672e+02	 2.692672e+02	 2.692672e+02	 3.206885e-04	 3.206885e-04	 3.206885e-04	 
 2.692672e+02	 2.692672e+02	 2.692672e+02	 3.206885e-04	 3.206885e-04	 3.206885e-04	 
 2.692672e+02	 2.692672e+02	 2.692672e+02	 3.206885e-04	 3.206885e-04	 3.206885e-04	 
 2.692672e+02	 2.692672e+02	 2.692672e+02	 3.206885e-04	 3.206885e-04	 3.206885e-04	 
 2.692672e+02	 2.692672e+02	 2.692672e+02	 3.206885e-04	 3.206885e-04	 3.206885e-04	 
 2.692672e+02	 2.692672e+02	 2.692672e+02	 3.206885e-04	 3.206885e-04	 3.206885e-04	 
 2.692672e+02	 2.692672e+02	 2.692672e+02	 3.206885e-04	 3.206885e-04	 3.206885e-04	 
 2.692672e+02	 2.692672e+02	 2.692672e+02	 3.206885e-04	 3.206885e-04	 3.206885e-04	 
 2.692672e+02	 2.692672e+02	 2.692672e+02	 3.206885e-04	 3.206885e-04	 3.206885e-04	 
 2.692672e+02	 2.692672e+02	 2.692672e+02	 3.206885e-04	 3.206885e-04	 3.206885e-04	 
 2.692672e+02	 2.692672e+02	 2.692672e+02	 3.206885e-04	 3.206885e-04	 3.206885e-04	 
 2.692672e+02	 2.692672e+02	 2.692672e+02	 3.206885e-04	 3.206885e-04	 3.206885e-04	 
 2.692672e+02	 2.692672e+02	 2.692672e+02	 3.206885e-04	 3.206885e-04	 3.206885e-04	 
 2.692672e+02	 2.692672e+02	 2.692672e+02	 3.206885e-04	 3.206885e-04	 3.206885e-04	 
 2.692672e+02	 2.692672e+02	 2.692672e+02	 3.206885e-04	 3.206885e-04	 3.206885e-04	 
 2.692672e+02	 2.692672e+02	 2.692672e+02	 3.206885e-04	 3.206885e-04	 3.206885e-04	 
 2.692672e+02	 2.692672e+02	 2.692672e+02	 3.206885e-04	 3.206885e-04	 3.206885e-04	 
 2.692672e+02	 2.692672e+02	 2.692672e+02	 3.206885e-04	 3.206885e-04	 3.206885e-04	 
 2.692672e+02	 2.692672e+02	 2.692672e+02	 3.206885e-04	 3.206885e-04	 3.206885e-04	 
 2.692672e+02	 2.692672e+02	 2.692672e+02	 3.206885e-04	 3.206885e-04	 3.206885e-04	 
 2.692672e+02	 2.692672e+02	 2.692672e+02	 3.206885e-04	 3.206885e-04	 3.206885e-04	 
 2.692672e+02	 2.692672e+02	 2.692672e+02	 3.206885e-04	 3.206885e-04	 3.206885e-04	 
 2.692672e+02	 2.692672e+02	 2.692672e+02	 3.206885e-04	 3.206885e-04	 3.206885e-04	 
 2.692672e+02	 2.692672e+02	 2.692672e+02	 3.206885e-04	 3.206885e-04	 3.206885e-04	 
 2.692672e+02	 2.692672e+02	 2.692672e+02	 3.206885e-04	 3.206885e-04	 3.206885e-04	 
 2.692672e+02	 2.692672e+02	 2.692672e+02	 3.206885e-04	 3.206885e-04	 3.206885e-04	 
 2.692672e+02	 2.692672e+02	 2.692672e+02	 3.206885e-04	 3.206885e-04	 3.206885e-04	 
 2.692672e+02	 2.692672e+02	 2.692672e+02	 3.206885e-04	 3.206885e-04	 3.206885e-04	 
 2.692672e+02	 2.692672e+02	 2.692672e+02	 3.206885e-04	 3.206885e-04	 3.206885e-04	 
 2.692672e+02	 2.692672e+02	 2.692672e+02	 3.206885e-04	 3.206885e-04	 3.206885e-04	 
 2.692672e+02	 2.692672e+02	 2.692672e+02	 3.206885e-04	 3.206885e-04	 3.206885e-04	 
 2.692672e+02	 2.692672e+02	 2.692672e+02	 3.206885e-04	 3.206885e-04	 3.206885e-04	 
 2.692672e+02	 2.692672e+02	 2.692672e+02	 3.206885e-04	 3.206885e-04	 3.206885e-04	 
 2.692672e+02	 2.692672e+02	 2.692672e+02	 3.206885e-04	 3.206885e-04	 3.206885e-04	 
 2.692672e+02	 2.692672e+02	 2.692672e+02	 3.206885e-04	 3.206885e-04	 3.206885e-04	 
 2.692672e+02	 2.692672e+02	 2.692672e+02	 3.206885e-04	 3.206885e-04	 3.206885e-04	 
 2.692672e+02	 2.692672e+02	 2.692672e+02	 3.206885e-04	 3.206885e-04	 3.206885e-04	 
 2.692672e+02	 2.692672e+02	 2.692672e+02	 3.206885e-04	 3.206885e-04	 3.206885e-04	 
 2.692672e+02	 2.692672e+02	 2.692672e+02	 3.206885e-04	 3.206885e-04	 3.206885e-04	 
 2.692672e+02	 2.692672e+02	 2.692672e+02	 3.206885e-04	 3.206885e-04	 3.206885e-04	 
 2.692672e+02	 2.692672e+02	 2.692672e+02	 3.206885e-04	 3.206885e-04	 3.206885e-04	 
 2.692672e+02	 2.692672e+02	 2.692672e+02	 3.206885e-04	 3.206885e-04	 3.206885e-04	 
 2.692672e+02	 2.692672e+02	 2.692672e+02	 3.206885e-04	 3.206885e-04	 3.206885e-04	 
 2.692672e+02	 3.374887e+02	 2.658561e+02	 3.206885e-04	 6.911403e-03	 3.206885e-04	 
 2.692672e+02	 3.374887e+02	 2.624450e+02	 3.206885e-04	 6.911403e-03	 3.206885e-04	 
 2.692672e+02	 3.374887e+02	 2.590339e+02	 3.206885e-04	 6.911403e-03	 3.206885e-04	 
 2.692672e+02	 3.374887e+02	 2.556229e+02	 3.206885e-04	 6.911403e-03	 3.206885e-04	 
 2.692672e+02	 3.374887e+02	 2.522118e+02	 3.206885e-04	 6.911403e-03	 3.206885e-04	 
 2.692672e+02	 3.374887e+02	 2.488007e+02	 3.206885e-04	 6.911403e-03	 3.206885e-04	 
 2.692672e+02	 3.374887e+02	 2.453896e+02	 3.206885e-04	 6.911403e-03	 3.206885e-04	 
 2.692672e+02	 3.374887e+02	 2.419786e+02	 3.206885e-04	 6.911403e-03	 3.206885e-04	 
 2.692672e+02	 3.374887e+02	 2.385675e+02	 3.206885e-04	 6.911403e-03	 3.206885e-04	 
 2.692672e+02	 3.374887e+02	 2.351564e+02	 3.206885e-04	 6.911403e-03	 3.206885e-04	 
 2.692672e+02	 3.374887e+02	 2.317453e+02	 3.206885e-04	 6.911403e-03	 3.206885e-04	 
 2.692672e+02	 3.374887e+02	 2.283342e+02	 3.206885e-04	 6.911403e-03	 3.206885e-04	 
 2.692672e+02	 3.374887e+02	 2.249232e+02	 3.206885e-04	 6.911403e-03	 3.206885e-04	 
 2.692672e+02	 3.374887e+02	 2.215121e+02	 3.206885e-04	 6.911403e-03	 3.206885e-04	 
 2.692672e+02	 3.374887e+02	 2.181010e+02	 3.206885e-04	 6.911403e-03	 3.206885e-04	 
 2.692672e+02	 3.374887e+02	 2.146899e+02	 3.206885e-04	 6.911403e-03	 3.206885e-04	 
 2.692672e+02	 3.374887e+02	 2.112789e+02	 3.206885e-04	 6.911403e-03	 3.206885e-04	 
 2.692672e+02	 3.374887e+02	 2.078678e+02	 3.206885e-04	 6.911403e-03	 3.206885e-04	 
 2.692672e+02	 3.374887e+02	 2.044567e+02	 3.206885e-04	 6.911403e-03	 3.206885e-04	 
 2.692672e+02	 3.374887e+02	 2.010456e+02	 3.206885e-04	 6.911403e-03	 3.206885e-04	 
 2.692672e+02	 3.268649e+01	 2.574381e+02	 0	 0	 
 2.692672e+02	 3.268649e+01	 2.456091e+02	 0	 0	 
 2.692672e+02	 3.268649e+01	 2.337801e+02	 0	 0	 
 2.692672e+02	 3.268649e+01	 2.219510e+02	 0	 0	 
 2.692672e+02	 3.268649e+01	 2.101220e+02	 0	 0	 
 2.692672e+02	 3.268649e+01	 1.982930e+02	 0	 0	 
 2.692672e+02	 3.268649e+01	 1.864639e+02	 0	 0	 
 2.692672e+02	 3.268649e+01	 1.746349e+02	 0	 0	 
 2.692672e+02	 3.268649e+01	 1.628059e+02	 0	 0	 
 2.692672e+02	 3.268649e+01	 1.509768e+02	 0	 0	 
 2.692672e+02	 3.268649e+01	 1.391478e+02	 0	 0	 
 2.692672e+02	 3.268649e+01	 1.273188e+02	 0	 0	 
 2.692672e+02	 3.268649e+01	 1.154897e+02	 0	 0	 
 2.692672e+02	 3.268649e+01	 1.036607e+02	 0	 0	 
 2.692672e+02	 3.268649e+01	 9.183166e+01	 0	 0	 
 2.692672e+02	 3.268649e+01	 8.000263e+01	 0	 0	 
 2.692672e+02	 3.268649e+01	 6.817359e+01	 0	 0	 
 2.692672e+02	 3.268649e+01	 5.634456e+01	 0	 0	 
 2.692672e+02	 3.268649e+01	 4.451552e+01	 0	 0	 
 2.692672e+02	 3.268649e+01	 3.268649e+01	 0	 0	 
 2.692672e+02	 3.879312e+02	 2.633340e+02	 3.206885e-04	 2.836303e-04	 3.206885e-04	 
 2.692672e+02	 3.879312e+02	 2.574008e+02	 3.206885e-04	 2.836303e-04	 3.206885e-04	 
 2.692672e+02	 3.879312e+02	 2.514676e+02	 3.206885e-04	 2.836303e-04	 3.206885e-04	 
 2.692672e+02	 3.879312e+02	 2.455344e+02	 3.206885e-04	 2.836303e-04	 3.206885e-04	 
 2.692672e+02	 3.879312e+02	 2.396012e+02	 3.206885e-04	 2.836303e-04	 3.206885e-04	 
 2.692672e+02	 3.879312e+02	 2.336680e+02	 3.206885e-04	 2.836303e-04	 3.206885e-04	 
 2.692672e+02	 3.879312e+02	 2.277348e+02	 3.206885e-04	 2.836303e-04	 3.206885e-04	 
 2.692672e+02	 3.879312e+02	 2.218016e+02	 3.206885e-04	 2.836303e-04	 3.206885e-04	 
 2.692672e+02	 3.879312e+02	 2.158684e+02	 3.206885e-04	 2.836303e-04	 3.206885e-04	 
 2.692672e+02	 3.879312e+02	 2.099352e+02	 3.206885e-04	 2.836303e-04	 3.206885e-04	 
 2.692672e+02	 3.879312e+02	 2.040020e+02	 3.206885e-04	 2.836303e-04	 3.206885e-04	 
 2.692672e+02	 3.879312e+02	 1.980688e+02	 3.206885e-04	 2.836303e-04	 3.206885e-04	 
 2.692672e+02	 3.879312e+02	 1.921356e+02	 3.206885e-04	 2.836303e-04	 3.206885e-04	 
 2.692672e+02	 3.879312e+02	 1.862024e+02	 3.206885e-04	 2.836303e-04	 3.206885e-04	 
 2.692672e+02	 3.879312e+02	 1.802692e+02	 3.206885e-04	 2.836303e-04	 3.206885e-04	 
 2.692672e+02	 3.879312e+02	 1.743360e+02	 3.206885e-04	 2.836303e-04	 3.206885e-04	 
 2.692672e+02	 3.879312e+02	 1.684028e+02	 3.206885e-04	 2.836303e-04	 3.206885e-04	 
 2.692672e+02	 3.879312e+02	 1.624696e+02	 3.206885e-04	 2.836303e-04	 3.206885e-04	 
 2.692672e+02	 3.879312e+02	 1.565364e+02	 3.206885e-04	 2.836303e-04	 3.206885e-04	 
 2.692672e+02	 3.879312e+02	 1.506032e+02	 3.206885e-04	 2.836303e-04	 3.206885e-04	 
 2.692672e+02	 3.268649e+01	 2.574381e+02	 0	 0	 
 2.692672e+02	 3.268649e+01	 2.456091e+02	 0	 0	 
 2.692672e+02	 3.268649e+01	 2.337801e+02	 0	 0	 
 2.692672e+02	 3.268649e+01	 2.219510e+02	 0	 0	 
 2.692672e+02	 3.268649e+01	 2.101220e+02	 0	 0	 
 2.692672e+02	 3.268649e+01	 1.982930e+02	 0	 0	 
 2.692672e+02	 3.268649e+01	 1.864639e+02	 0	 0	 
 2.692672e+02	 3.268649e+01	 1.746349e+02	 0	 0	 
 2.692672e+02	 3.268649e+01	 1.628059e+02	 0	 0	 
 2.692672e+02	 3.268649e+01	 1.509768e+02	 0	 0	 
 2.692672e+02	 3.268649e+01	 1.391478e+02	 0	 0	 
 2.692672e+02	 3.268649e+01	 1.273188e+02	 0	 0	 
 2.692672e+02	 3.268649e+01	 1.154897e+02	 0	 0	 
 2.692672e+02	 3.268649e+01	 1.036607e+02	 0	 0	 
 2.692672e+02	 3.268649e+01	 9.183166e+01	 0	 0	 
 2.692672e+02	 3.268649e+01	 8.000263e+01	 0	 0	 
 2.692672e+02	 3.268649e+01	 6.817359e+01	 0	 0	 
 2.692672e+02	 3.268649e+01	 5.634456e+01	 0	 0	 
 2.692672e+02	 3.268649e+01	 4.451552e+01	 0	 0	 
 2.692672e+02	 3.268649e+01	 3.268649e+01	 0	 0	 
 