s	 e	 nS	 nE	 p	 f
0	 0	 0	 0	 0	 0	 
 10	 35	 1260	 46	 0	 -1214	 
 10	 35	 1260	 45	 0	 -1215	 
 10	 35	 1260	 45	 0	 -1215	 
 10	 35	 1260	 46	 0	 -1214	 
 10	 35	 1260	 39	 0	 -1221	 
 10	 35	 1260	 43	 0	 -1217	 
 10	 35	 1260	 45	 0	 -1215	 
 10	 35	 1260	 44	 0	 -1216	 
 10	 35	 1260	 44	 0	 -1216	 
 10	 35	 1260	 36	 0	 -1224	 
 10	 35	 1260	 40	 0	 -1220	 
 10	 35	 1260	 36	 0	 -1224	 
 10	 35	 1260	 40	 0	 -1220	 
 10	 35	 1260	 36	 0	 -1224	 
 10	 35	 1260	 36	 0	 -1224	 
 10	 35	 1260	 48	 0	 -1212	 
 10	 35	 1260	 36	 0	 -1224	 
 10	 35	 1260	 47	 0	 -1213	 
 10	 35	 1260	 46	 0	 -1214	 
 10	 35	 1260	 36	 0	 -1224	 
 10	 35	 1260	 42	 0	 -1218	 
 10	 35	 1260	 45	 0	 -1215	 
 10	 35	 1260	 46	 0	 -1214	 
 10	 35	 1260	 40	 0	 -1220	 
 10	 35	 1260	 45	 0	 -1215	 
 10	 35	 1260	 40	 0	 -1220	 
 10	 35	 1260	 37	 0	 -1223	 
 10	 35	 1260	 46	 0	 -1214	 
 10	 35	 1260	 44	 0	 -1216	 
 10	 35	 1260	 38	 0	 -1222	 
 10	 35	 1260	 42	 0	 -1218	 
 10	 35	 1260	 45	 0	 -1215	 
 10	 35	 1260	 40	 0	 -1220	 
 10	 35	 1260	 40	 0	 -1220	 
 10	 35	 1260	 38	 0	 -1222	 
 10	 35	 1260	 37	 0	 -1223	 
 10	 35	 1260	 37	 0	 -1223	 
 10	 35	 1260	 40	 0	 -1220	 
 10	 35	 1260	 37	 0	 -1223	 
 10	 35	 1260	 36	 0	 -1224	 
 10	 35	 1260	 40	 0	 -1220	 
 10	 35	 1260	 43	 0	 -1217	 
 10	 35	 1260	 38	 0	 -1222	 
 10	 35	 1260	 47	 0	 -1213	 
 10	 35	 1260	 39	 0	 -1221	 
 10	 35	 1260	 43	 0	 -1217	 
 10	 35	 1260	 43	 0	 -1217	 
 10	 35	 1260	 47	 0	 -1213	 
 10	 35	 1260	 42	 0	 -1218	 
 10	 35	 1260	 43	 0	 -1217	 
 10	 35	 1260	 42	 0	 -1218	 
 10	 35	 1260	 40	 0	 -1220	 
 10	 35	 1260	 41	 0	 -1219	 
 10	 35	 1260	 39	 0	 -1221	 
 10	 35	 1260	 44	 0	 -1216	 
 10	 35	 1260	 44	 0	 -1216	 
 10	 35	 1260	 48	 0	 -1212	 
 10	 35	 1260	 39	 0	 -1221	 
 10	 35	 1260	 44	 0	 -1216	 
 10	 35	 1260	 43	 0	 -1217	 
 10	 35	 1260	 37	 0	 -1223	 
 10	 35	 1260	 42	 0	 -1218	 
 10	 35	 1260	 37	 0	 -1223	 
 10	 35	 1260	 36	 0	 -1224	 
 10	 35	 1260	 38	 0	 -1222	 
 10	 35	 1260	 45	 0	 -1215	 
 10	 35	 1260	 39	 0	 -1221	 
 10	 35	 1260	 46	 0	 -1214	 
 10	 35	 1260	 40	 0	 -1220	 
 10	 35	 1260	 42	 0	 -1218	 
 10	 35	 1260	 43	 0	 -1217	 
 10	 35	 1260	 43	 0	 -1217	 
 10	 35	 1260	 44	 0	 -1216	 
 10	 35	 1260	 41	 0	 -1219	 
 10	 35	 1260	 44	 0	 -1216	 
 10	 35	 1260	 40	 0	 -1220	 
 10	 35	 1260	 41	 0	 -1219	 
 10	 35	 1260	 38	 0	 -1222	 
 10	 35	 1260	 40	 0	 -1220	 
 10	 35	 1260	 36	 0	 -1224	 
 10	 35	 1260	 48	 0	 -1212	 
 10	 35	 1260	 41	 0	 -1219	 
 10	 35	 1260	 48	 0	 -1212	 
 10	 35	 1260	 38	 0	 -1222	 
 10	 35	 1260	 38	 0	 -1222	 
 10	 35	 1260	 38	 0	 -1222	 
 10	 35	 1260	 47	 0	 -1213	 
 10	 35	 1260	 36	 0	 -1224	 
 10	 35	 1260	 38	 0	 -1222	 
 10	 35	 1260	 39	 0	 -1221	 
 10	 35	 1260	 37	 0	 -1223	 
 10	 35	 1260	 38	 0	 -1222	 
 10	 35	 1260	 40	 0	 -1220	 
 10	 35	 1260	 40	 0	 -1220	 
 10	 35	 1260	 44	 0	 -1216	 
 10	 35	 1260	 38	 0	 -1222	 
 10	 35	 1260	 46	 0	 -1214	 
 10	 35	 1260	 40	 0	 -1220	 
 10	 35	 1260	 36	 0	 -1224	 
 0	 0	 0	 0	 0	 0	 
 0	 0	 0	 0	 0	 0	 
 6	 22	 1260	 24	 0	 -1236	 
 6	 22	 1260	 29	 0	 -1231	 
 6	 22	 1260	 27	 0	 -1233	 
 6	 22	 1260	 25	 0	 -1235	 
 6	 22	 1260	 30	 0	 -1230	 
 6	 22	 1260	 25	 0	 -1235	 
 6	 22	 1260	 27	 0	 -1233	 
 6	 22	 1260	 25	 0	 -1235	 
 6	 22	 1260	 30	 0	 -1230	 
 6	 22	 1260	 30	 0	 -1230	 
 6	 22	 1260	 29	 0	 -1231	 
 6	 22	 1260	 29	 0	 -1231	 
 6	 22	 1260	 29	 0	 -1231	 
 6	 22	 1260	 29	 0	 -1231	 
 6	 22	 1260	 24	 0	 -1236	 
 6	 22	 1260	 24	 0	 -1236	 
 6	 22	 1260	 27	 0	 -1233	 
 6	 22	 1260	 27	 0	 -1233	 
 6	 22	 1260	 27	 0	 -1233	 
 6	 22	 1260	 28	 0	 -1232	 
 6	 22	 1260	 24	 0	 -1236	 
 6	 22	 1260	 30	 0	 -1230	 
 6	 22	 1260	 28	 0	 -1232	 
 6	 22	 1260	 30	 0	 -1230	 
 6	 22	 1260	 26	 0	 -1234	 
 6	 22	 1260	 24	 0	 -1236	 
 6	 22	 1260	 30	 0	 -1230	 
 6	 22	 1260	 24	 0	 -1236	 
 6	 22	 1260	 29	 0	 -1231	 
 6	 22	 1260	 28	 0	 -1232	 
 6	 22	 1260	 25	 0	 -1235	 
 6	 22	 1260	 26	 0	 -1234	 
 6	 22	 1260	 26	 0	 -1234	 
 6	 22	 1260	 30	 0	 -1230	 
 6	 22	 1260	 25	 0	 -1235	 
 6	 22	 1260	 24	 0	 -1236	 
 6	 22	 1260	 28	 0	 -1232	 
 6	 22	 1260	 31	 0	 -1229	 
 6	 22	 1260	 28	 0	 -1232	 
 6	 22	 1260	 29	 0	 -1231	 
 6	 22	 1260	 29	 0	 -1231	 
 6	 22	 1260	 27	 0	 -1233	 
 6	 22	 1260	 28	 0	 -1232	 
 6	 22	 1260	 29	 0	 -1231	 
 6	 22	 1260	 28	 0	 -1232	 
 6	 22	 1260	 29	 0	 -1231	 
 6	 22	 1260	 24	 0	 -1236	 
 6	 22	 1260	 29	 0	 -1231	 
 6	 22	 1260	 27	 0	 -1233	 
 6	 22	 1260	 24	 0	 -1236	 
 6	 22	 1260	 25	 0	 -1235	 
 6	 22	 1260	 28	 0	 -1232	 
 6	 22	 1260	 31	 0	 -1229	 
 6	 22	 1260	 26	 0	 -1234	 
 6	 22	 1260	 24	 0	 -1236	 
 6	 22	 1260	 28	 0	 -1232	 
 6	 22	 1260	 25	 0	 -1235	 
 6	 22	 1260	 31	 0	 -1229	 
 6	 22	 1260	 28	 0	 -1232	 
 6	 22	 1260	 28	 0	 -1232	 
 6	 22	 1260	 30	 0	 -1230	 
 6	 22	 1260	 28	 0	 -1232	 
 6	 22	 1260	 28	 0	 -1232	 
 6	 22	 1260	 26	 0	 -1234	 
 6	 22	 1260	 24	 0	 -1236	 
 6	 22	 1260	 24	 0	 -1236	 
 6	 22	 1260	 24	 0	 -1236	 
 6	 22	 1260	 26	 0	 -1234	 
 6	 22	 1260	 24	 0	 -1236	 
 6	 22	 1260	 23	 0	 -1237	 
 6	 22	 1260	 25	 0	 -1235	 
 6	 22	 1260	 26	 0	 -1234	 
 6	 22	 1260	 29	 0	 -1231	 
 6	 22	 1260	 26	 0	 -1234	 
 6	 22	 1260	 24	 0	 -1236	 
 6	 22	 1260	 26	 0	 -1234	 
 6	 22	 1260	 30	 0	 -1230	 
 6	 22	 1260	 29	 0	 -1231	 
 6	 22	 1260	 28	 0	 -1232	 
 6	 22	 1260	 25	 0	 -1235	 
 6	 22	 1260	 30	 0	 -1230	 
 6	 22	 1260	 24	 0	 -1236	 
 6	 22	 1260	 30	 0	 -1230	 
 6	 22	 1260	 30	 0	 -1230	 
 6	 22	 1260	 30	 0	 -1230	 
 6	 22	 1260	 24	 0	 -1236	 
 6	 22	 1260	 28	 0	 -1232	 
 6	 22	 1260	 24	 0	 -1236	 
 6	 22	 1260	 27	 0	 -1233	 
 6	 22	 1260	 26	 0	 -1234	 
 6	 22	 1260	 29	 0	 -1231	 
 6	 22	 1260	 31	 0	 -1229	 
 6	 22	 1260	 27	 0	 -1233	 
 6	 22	 1260	 23	 0	 -1237	 
 6	 22	 1260	 23	 0	 -1237	 
 6	 22	 1260	 24	 0	 -1236	 
 6	 22	 1260	 30	 0	 -1230	 
 6	 22	 1260	 29	 0	 -1231	 
 6	 22	 1260	 30	 0	 -1230	 
 0	 0	 0	 0	 0	 0	 
 0	 0	 0	 0	 0	 0	 
 10	 35	 1260	 46	 0	 -1214	 
 10	 35	 1260	 47	 0	 -1213	 
 10	 35	 1260	 38	 0	 -1222	 
 10	 35	 1260	 39	 0	 -1221	 
 10	 35	 1260	 41	 0	 -1219	 
 10	 35	 1260	 39	 0	 -1221	 
 10	 35	 1260	 41	 0	 -1219	 
 10	 35	 1260	 48	 0	 -1212	 
 10	 35	 1260	 39	 0	 -1221	 
 10	 35	 1260	 46	 0	 -1214	 
 10	 35	 1260	 40	 0	 -1220	 
 10	 35	 1260	 46	 0	 -1214	 
 10	 35	 1260	 48	 0	 -1212	 
 10	 35	 1260	 48	 0	 -1212	 
 10	 35	 1260	 38	 0	 -1222	 
 10	 35	 1260	 37	 0	 -1223	 
 10	 35	 1260	 44	 0	 -1216	 
 10	 35	 1260	 47	 0	 -1213	 
 10	 35	 1260	 41	 0	 -1219	 
 10	 35	 1260	 46	 0	 -1214	 
 10	 35	 1260	 45	 0	 -1215	 
 10	 35	 1260	 36	 0	 -1224	 
 10	 35	 1260	 39	 0	 -1221	 
 10	 35	 1260	 39	 0	 -1221	 
 10	 35	 1260	 47	 0	 -1213	 
 10	 35	 1260	 44	 0	 -1216	 
 10	 35	 1260	 47	 0	 -1213	 
 10	 35	 1260	 38	 0	 -1222	 
 10	 35	 1260	 41	 0	 -1219	 
 10	 35	 1260	 40	 0	 -1220	 
 10	 35	 1260	 41	 0	 -1219	 
 10	 35	 1260	 46	 0	 -1214	 
 10	 35	 1260	 37	 0	 -1223	 
 10	 35	 1260	 48	 0	 -1212	 
 10	 35	 1260	 44	 0	 -1216	 
 10	 35	 1260	 47	 0	 -1213	 
 10	 35	 1260	 41	 0	 -1219	 
 10	 35	 1260	 38	 0	 -1222	 
 10	 35	 1260	 46	 0	 -1214	 
 10	 35	 1260	 38	 0	 -1222	 
 10	 35	 1260	 46	 0	 -1214	 
 10	 35	 1260	 39	 0	 -1221	 
 10	 35	 1260	 47	 0	 -1213	 
 10	 35	 1260	 40	 0	 -1220	 
 10	 35	 1260	 38	 0	 -1222	 
 10	 35	 1260	 41	 0	 -1219	 
 10	 35	 1260	 43	 0	 -1217	 
 10	 35	 1260	 43	 0	 -1217	 
 10	 35	 1260	 39	 0	 -1221	 
 10	 35	 1260	 44	 0	 -1216	 
 10	 35	 1260	 38	 0	 -1222	 
 10	 35	 1260	 38	 0	 -1222	 
 10	 35	 1260	 48	 0	 -1212	 
 10	 35	 1260	 36	 0	 -1224	 
 10	 35	 1260	 40	 0	 -1220	 
 10	 35	 1260	 37	 0	 -1223	 
 10	 35	 1260	 48	 0	 -1212	 
 10	 35	 1260	 47	 0	 -1213	 
 10	 35	 1260	 48	 0	 -1212	 
 10	 35	 1260	 47	 0	 -1213	 
 10	 35	 1260	 43	 0	 -1217	 
 10	 35	 1260	 37	 0	 -1223	 
 10	 35	 1260	 48	 0	 -1212	 
 10	 35	 1260	 43	 0	 -1217	 
 10	 35	 1260	 40	 0	 -1220	 
 10	 35	 1260	 36	 0	 -1224	 
 10	 35	 1260	 40	 0	 -1220	 
 10	 35	 1260	 46	 0	 -1214	 
 10	 35	 1260	 42	 0	 -1218	 
 10	 35	 1260	 43	 0	 -1217	 
 10	 35	 1260	 46	 0	 -1214	 
 10	 35	 1260	 44	 0	 -1216	 
 10	 35	 1260	 40	 0	 -1220	 
 10	 35	 1260	 47	 0	 -1213	 
 10	 35	 1260	 36	 0	 -1224	 
 10	 35	 1260	 37	 0	 -1223	 
 10	 35	 1260	 43	 0	 -1217	 
 10	 35	 1260	 36	 0	 -1224	 
 10	 35	 1260	 40	 0	 -1220	 
 10	 35	 1260	 38	 0	 -1222	 
 10	 35	 1260	 46	 0	 -1214	 
 10	 35	 1260	 46	 0	 -1214	 
 10	 35	 1260	 42	 0	 -1218	 
 10	 35	 1260	 44	 0	 -1216	 
 10	 35	 1260	 43	 0	 -1217	 
 10	 35	 1260	 45	 0	 -1215	 
 10	 35	 1260	 36	 0	 -1224	 
 10	 35	 1260	 45	 0	 -1215	 
 10	 35	 1260	 46	 0	 -1214	 
 10	 35	 1260	 44	 0	 -1216	 
 10	 35	 1260	 46	 0	 -1214	 
 10	 35	 1260	 36	 0	 -1224	 
 10	 35	 1260	 44	 0	 -1216	 
 10	 35	 1260	 46	 0	 -1214	 
 10	 35	 1260	 38	 0	 -1222	 
 10	 35	 1260	 43	 0	 -1217	 
 10	 35	 1260	 45	 0	 -1215	 
 10	 35	 1260	 37	 0	 -1223	 
 10	 35	 1260	 43	 0	 -1217	 
 0	 0	 0	 0	 0	 0	 
 0	 0	 0	 0	 0	 0	 
 31	 58	 1260	 60	 0	 -1200	 
 31	 58	 1260	 63	 0	 -1197	 
 31	 58	 1260	 64	 0	 -1196	 
 31	 58	 1260	 63	 0	 -1197	 
 31	 58	 1260	 71	 0	 -1189	 
 31	 58	 1260	 65	 0	 -1195	 
 31	 58	 1260	 62	 0	 -1198	 
 31	 58	 1260	 70	 0	 -1190	 
 31	 58	 1260	 67	 0	 -1193	 
 31	 58	 1260	 72	 0	 -1188	 
 31	 58	 1260	 72	 0	 -1188	 
 31	 58	 1260	 71	 0	 -1189	 
 31	 58	 1260	 61	 0	 -1199	 
 31	 58	 1260	 69	 0	 -1191	 
 31	 58	 1260	 65	 0	 -1195	 
 31	 58	 1260	 69	 0	 -1191	 
 31	 58	 1260	 65	 0	 -1195	 
 31	 58	 1260	 68	 0	 -1192	 
 31	 58	 1260	 67	 0	 -1193	 
 31	 58	 1260	 71	 0	 -1189	 
 31	 58	 1260	 68	 0	 -1192	 
 31	 58	 1260	 63	 0	 -1197	 
 31	 58	 1260	 67	 0	 -1193	 
 31	 58	 1260	 65	 0	 -1195	 
 31	 58	 1260	 59	 0	 -1201	 
 31	 58	 1260	 68	 0	 -1192	 
 31	 58	 1260	 67	 0	 -1193	 
 31	 58	 1260	 62	 0	 -1198	 
 31	 58	 1260	 65	 0	 -1195	 
 31	 58	 1260	 60	 0	 -1200	 
 31	 58	 1260	 63	 0	 -1197	 
 31	 58	 1260	 62	 0	 -1198	 
 31	 58	 1260	 67	 0	 -1193	 
 31	 58	 1260	 63	 0	 -1197	 
 31	 58	 1260	 61	 0	 -1199	 
 31	 58	 1260	 64	 0	 -1196	 
 31	 58	 1260	 63	 0	 -1197	 
 31	 58	 1260	 61	 0	 -1199	 
 31	 58	 1260	 68	 0	 -1192	 
 31	 58	 1260	 62	 0	 -1198	 
 31	 58	 1260	 62	 0	 -1198	 
 31	 58	 1260	 71	 0	 -1189	 
 31	 58	 1260	 71	 0	 -1189	 
 31	 58	 1260	 64	 0	 -1196	 
 31	 58	 1260	 69	 0	 -1191	 
 31	 58	 1260	 64	 0	 -1196	 
 31	 58	 1260	 66	 0	 -1194	 
 31	 58	 1260	 72	 0	 -1188	 
 31	 58	 1260	 67	 0	 -1193	 
 31	 58	 1260	 64	 0	 -1196	 
 31	 58	 1260	 68	 0	 -1192	 
 31	 58	 1260	 59	 0	 -1201	 
 31	 58	 1260	 65	 0	 -1195	 
 31	 58	 1260	 62	 0	 -1198	 
 31	 58	 1260	 59	 0	 -1201	 
 31	 58	 1260	 71	 0	 -1189	 
 31	 58	 1260	 62	 0	 -1198	 
 31	 58	 1260	 62	 0	 -1198	 
 31	 58	 1260	 60	 0	 -1200	 
 31	 58	 1260	 59	 0	 -1201	 
 31	 58	 1260	 67	 0	 -1193	 
 31	 58	 1260	 64	 0	 -1196	 
 31	 58	 1260	 72	 0	 -1188	 
 31	 58	 1260	 65	 0	 -1195	 
 31	 58	 1260	 65	 0	 -1195	 
 31	 58	 1260	 59	 0	 -1201	 
 31	 58	 1260	 70	 0	 -1190	 
 31	 58	 1260	 64	 0	 -1196	 
 31	 58	 1260	 60	 0	 -1200	 
 31	 58	 1260	 63	 0	 -1197	 
 31	 58	 1260	 63	 0	 -1197	 
 31	 58	 1260	 67	 0	 -1193	 
 31	 58	 1260	 59	 0	 -1201	 
 31	 58	 1260	 72	 0	 -1188	 
 31	 58	 1260	 60	 0	 -1200	 
 31	 58	 1260	 66	 0	 -1194	 
 31	 58	 1260	 63	 0	 -1197	 
 31	 58	 1260	 59	 0	 -1201	 
 31	 58	 1260	 63	 0	 -1197	 
 31	 58	 1260	 72	 0	 -1188	 
 31	 58	 1260	 66	 0	 -1194	 
 31	 58	 1260	 70	 0	 -1190	 
 31	 58	 1260	 59	 0	 -1201	 
 31	 58	 1260	 66	 0	 -1194	 
 31	 58	 1260	 71	 0	 -1189	 
 31	 58	 1260	 71	 0	 -1189	 
 31	 58	 1260	 63	 0	 -1197	 
 31	 58	 1260	 69	 0	 -1191	 
 31	 58	 1260	 64	 0	 -1196	 
 31	 58	 1260	 63	 0	 -1197	 
 31	 58	 1260	 72	 0	 -1188	 
 31	 58	 1260	 67	 0	 -1193	 
 31	 58	 1260	 64	 0	 -1196	 
 31	 58	 1260	 65	 0	 -1195	 
 31	 58	 1260	 71	 0	 -1189	 
 31	 58	 1260	 61	 0	 -1199	 
 31	 58	 1260	 67	 0	 -1193	 
 31	 58	 1260	 63	 0	 -1197	 
 31	 58	 1260	 69	 0	 -1191	 
 0	 0	 0	 0	 0	 0	 
 0	 0	 0	 0	 0	 0	 
 10	 35	 1260	 47	 0	 -1213	 
 10	 35	 1260	 46	 0	 -1214	 
 10	 35	 1260	 47	 0	 -1213	 
 10	 35	 1260	 39	 0	 -1221	 
 10	 35	 1260	 43	 0	 -1217	 
 10	 35	 1260	 39	 0	 -1221	 
 10	 35	 1260	 40	 0	 -1220	 
 10	 35	 1260	 38	 0	 -1222	 
 10	 35	 1260	 39	 0	 -1221	 
 10	 35	 1260	 39	 0	 -1221	 
 10	 35	 1260	 40	 0	 -1220	 
 10	 35	 1260	 37	 0	 -1223	 
 10	 35	 1260	 41	 0	 -1219	 
 10	 35	 1260	 41	 0	 -1219	 
 10	 35	 1260	 42	 0	 -1218	 
 10	 35	 1260	 44	 0	 -1216	 
 10	 35	 1260	 37	 0	 -1223	 
 10	 35	 1260	 39	 0	 -1221	 
 10	 35	 1260	 36	 0	 -1224	 
 10	 35	 1260	 47	 0	 -1213	 
 10	 35	 1260	 45	 0	 -1215	 
 10	 35	 1260	 39	 0	 -1221	 
 10	 35	 1260	 38	 0	 -1222	 
 10	 35	 1260	 40	 0	 -1220	 
 10	 35	 1260	 40	 0	 -1220	 
 10	 35	 1260	 37	 0	 -1223	 
 10	 35	 1260	 48	 0	 -1212	 
 10	 35	 1260	 45	 0	 -1215	 
 10	 35	 1260	 46	 0	 -1214	 
 10	 35	 1260	 47	 0	 -1213	 
 10	 35	 1260	 48	 0	 -1212	 
 10	 35	 1260	 37	 0	 -1223	 
 10	 35	 1260	 48	 0	 -1212	 
 10	 35	 1260	 46	 0	 -1214	 
 10	 35	 1260	 40	 0	 -1220	 
 10	 35	 1260	 38	 0	 -1222	 
 10	 35	 1260	 38	 0	 -1222	 
 10	 35	 1260	 39	 0	 -1221	 
 10	 35	 1260	 47	 0	 -1213	 
 10	 35	 1260	 38	 0	 -1222	 
 10	 35	 1260	 41	 0	 -1219	 
 10	 35	 1260	 48	 0	 -1212	 
 10	 35	 1260	 44	 0	 -1216	 
 10	 35	 1260	 48	 0	 -1212	 
 10	 35	 1260	 43	 0	 -1217	 
 10	 35	 1260	 37	 0	 -1223	 
 10	 35	 1260	 46	 0	 -1214	 
 10	 35	 1260	 36	 0	 -1224	 
 10	 35	 1260	 41	 0	 -1219	 
 10	 35	 1260	 40	 0	 -1220	 
 10	 35	 1260	 39	 0	 -1221	 
 10	 35	 1260	 47	 0	 -1213	 
 10	 35	 1260	 36	 0	 -1224	 
 10	 35	 1260	 37	 0	 -1223	 
 10	 35	 1260	 39	 0	 -1221	 
 10	 35	 1260	 41	 0	 -1219	 
 10	 35	 1260	 48	 0	 -1212	 
 10	 35	 1260	 42	 0	 -1218	 
 10	 35	 1260	 37	 0	 -1223	 
 10	 35	 1260	 41	 0	 -1219	 
 10	 35	 1260	 46	 0	 -1214	 
 10	 35	 1260	 44	 0	 -1216	 
 10	 35	 1260	 38	 0	 -1222	 
 10	 35	 1260	 39	 0	 -1221	 
 10	 35	 1260	 47	 0	 -1213	 
 10	 35	 1260	 41	 0	 -1219	 
 10	 35	 1260	 40	 0	 -1220	 
 10	 35	 1260	 43	 0	 -1217	 
 10	 35	 1260	 39	 0	 -1221	 
 10	 35	 1260	 39	 0	 -1221	 
 10	 35	 1260	 36	 0	 -1224	 
 10	 35	 1260	 47	 0	 -1213	 
 10	 35	 1260	 48	 0	 -1212	 
 10	 35	 1260	 45	 0	 -1215	 
 10	 35	 1260	 47	 0	 -1213	 
 10	 35	 1260	 42	 0	 -1218	 
 10	 35	 1260	 46	 0	 -1214	 
 10	 35	 1260	 44	 0	 -1216	 
 10	 35	 1260	 37	 0	 -1223	 
 10	 35	 1260	 42	 0	 -1218	 
 10	 35	 1260	 48	 0	 -1212	 
 10	 35	 1260	 45	 0	 -1215	 
 10	 35	 1260	 47	 0	 -1213	 
 10	 35	 1260	 36	 0	 -1224	 
 10	 35	 1260	 46	 0	 -1214	 
 10	 35	 1260	 48	 0	 -1212	 
 10	 35	 1260	 46	 0	 -1214	 
 10	 35	 1260	 37	 0	 -1223	 
 10	 35	 1260	 38	 0	 -1222	 
 10	 35	 1260	 48	 0	 -1212	 
 10	 35	 1260	 38	 0	 -1222	 
 10	 35	 1260	 37	 0	 -1223	 
 10	 35	 1260	 36	 0	 -1224	 
 10	 35	 1260	 43	 0	 -1217	 
 10	 35	 1260	 42	 0	 -1218	 
 10	 35	 1260	 37	 0	 -1223	 
 10	 35	 1260	 48	 0	 -1212	 
 10	 35	 1260	 44	 0	 -1216	 
 10	 35	 1260	 38	 0	 -1222	 
 0	 0	 0	 0	 0	 0	 
 0	 0	 0	 0	 0	 0	 
 2	 41	 1260	 46	 1	 -1214	 
 2	 41	 1260	 51	 1	 -1209	 
 2	 41	 1260	 42	 1	 -1218	 
 2	 41	 1260	 57	 1	 -1203	 
 2	 41	 1260	 50	 1	 -1210	 
 2	 41	 1260	 46	 1	 -1214	 
 2	 41	 1260	 52	 1	 -1208	 
 2	 41	 1260	 57	 1	 -1203	 
 2	 41	 1260	 58	 1	 -1202	 
 2	 41	 1260	 42	 1	 -1218	 
 2	 41	 1260	 42	 1	 -1218	 
 2	 41	 1260	 53	 1	 -1207	 
 2	 41	 1260	 50	 1	 -1210	 
 2	 41	 1260	 59	 1	 -1201	 
 2	 41	 1260	 59	 1	 -1201	 
 2	 41	 1260	 47	 1	 -1213	 
 2	 41	 1260	 43	 1	 -1217	 
 2	 41	 1260	 56	 1	 -1204	 
 2	 41	 1260	 56	 1	 -1204	 
 2	 41	 1260	 53	 1	 -1207	 
 2	 41	 1260	 58	 1	 -1202	 
 2	 41	 1260	 55	 1	 -1205	 
 2	 41	 1260	 59	 1	 -1201	 
 2	 41	 1260	 52	 1	 -1208	 
 2	 41	 1260	 61	 1	 -1199	 
 2	 41	 1260	 56	 1	 -1204	 
 2	 41	 1260	 48	 1	 -1212	 
 2	 41	 1260	 44	 1	 -1216	 
 2	 41	 1260	 43	 1	 -1217	 
 2	 41	 1260	 48	 1	 -1212	 
 2	 41	 1260	 45	 1	 -1215	 
 2	 41	 1260	 56	 1	 -1204	 
 2	 41	 1260	 51	 1	 -1209	 
 2	 41	 1260	 59	 1	 -1201	 
 2	 41	 1260	 59	 1	 -1201	 
 2	 41	 1260	 49	 1	 -1211	 
 2	 41	 1260	 58	 1	 -1202	 
 2	 41	 1260	 57	 1	 -1203	 
 2	 41	 1260	 56	 1	 -1204	 
 2	 41	 1260	 50	 1	 -1210	 
 2	 41	 1260	 59	 1	 -1201	 
 2	 41	 1260	 55	 1	 -1205	 
 2	 41	 1260	 42	 1	 -1218	 
 2	 41	 1260	 58	 1	 -1202	 
 2	 41	 1260	 61	 1	 -1199	 
 2	 41	 1260	 47	 1	 -1213	 
 2	 41	 1260	 59	 1	 -1201	 
 2	 41	 1260	 42	 1	 -1218	 
 2	 41	 1260	 50	 1	 -1210	 
 2	 41	 1260	 50	 1	 -1210	 
 2	 41	 1260	 55	 1	 -1205	 
 2	 41	 1260	 47	 1	 -1213	 
 2	 41	 1260	 46	 1	 -1214	 
 2	 41	 1260	 48	 1	 -1212	 
 2	 41	 1260	 50	 1	 -1210	 
 2	 41	 1260	 43	 1	 -1217	 
 2	 41	 1260	 55	 1	 -1205	 
 2	 41	 1260	 56	 1	 -1204	 
 2	 41	 1260	 44	 1	 -1216	 
 2	 41	 1260	 47	 1	 -1213	 
 2	 41	 1260	 60	 1	 -1200	 
 2	 41	 1260	 58	 1	 -1202	 
 2	 41	 1260	 49	 1	 -1211	 
 2	 41	 1260	 59	 1	 -1201	 
 2	 41	 1260	 52	 1	 -1208	 
 2	 41	 1260	 54	 1	 -1206	 
 2	 41	 1260	 58	 1	 -1202	 
 2	 41	 1260	 53	 1	 -1207	 
 2	 41	 1260	 54	 1	 -1206	 
 2	 41	 1260	 52	 1	 -1208	 
 2	 41	 1260	 47	 1	 -1213	 
 2	 41	 1260	 45	 1	 -1215	 
 2	 41	 1260	 48	 1	 -1212	 
 2	 41	 1260	 54	 1	 -1206	 
 2	 41	 1260	 52	 1	 -1208	 
 2	 41	 1260	 48	 1	 -1212	 
 2	 41	 1260	 45	 1	 -1215	 
 2	 41	 1260	 55	 1	 -1205	 
 2	 41	 1260	 45	 1	 -1215	 
 2	 41	 1260	 51	 1	 -1209	 
 2	 41	 1260	 42	 1	 -1218	 
 2	 41	 1260	 43	 1	 -1217	 
 2	 41	 1260	 50	 1	 -1210	 
 2	 41	 1260	 53	 1	 -1207	 
 2	 41	 1260	 61	 1	 -1199	 
 2	 41	 1260	 42	 1	 -1218	 
 2	 41	 1260	 59	 1	 -1201	 
 2	 41	 1260	 55	 1	 -1205	 
 2	 41	 1260	 46	 1	 -1214	 
 2	 41	 1260	 60	 1	 -1200	 
 2	 41	 1260	 56	 1	 -1204	 
 2	 41	 1260	 50	 1	 -1210	 
 2	 41	 1260	 51	 1	 -1209	 
 2	 41	 1260	 56	 1	 -1204	 
 2	 41	 1260	 52	 1	 -1208	 
 2	 41	 1260	 56	 1	 -1204	 
 2	 41	 1260	 61	 1	 -1199	 
 2	 41	 1260	 43	 1	 -1217	 
 2	 41	 1260	 50	 1	 -1210	 
 0	 0	 0	 0	 0	 0	 
 0	 0	 0	 0	 0	 0	 
 10	 35	 1260	 40	 0	 -1220	 
 10	 35	 1260	 46	 0	 -1214	 
 10	 35	 1260	 45	 0	 -1215	 
 10	 35	 1260	 41	 0	 -1219	 
 10	 35	 1260	 41	 0	 -1219	 
 10	 35	 1260	 46	 0	 -1214	 
 10	 35	 1260	 47	 0	 -1213	 
 10	 35	 1260	 40	 0	 -1220	 
 10	 35	 1260	 38	 0	 -1222	 
 10	 35	 1260	 44	 0	 -1216	 
 10	 35	 1260	 42	 0	 -1218	 
 10	 35	 1260	 40	 0	 -1220	 
 10	 35	 1260	 43	 0	 -1217	 
 10	 35	 1260	 44	 0	 -1216	 
 10	 35	 1260	 47	 0	 -1213	 
 10	 35	 1260	 47	 0	 -1213	 
 10	 35	 1260	 44	 0	 -1216	 
 10	 35	 1260	 41	 0	 -1219	 
 10	 35	 1260	 37	 0	 -1223	 
 10	 35	 1260	 37	 0	 -1223	 
 10	 35	 1260	 45	 0	 -1215	 
 10	 35	 1260	 36	 0	 -1224	 
 10	 35	 1260	 44	 0	 -1216	 
 10	 35	 1260	 44	 0	 -1216	 
 10	 35	 1260	 47	 0	 -1213	 
 10	 35	 1260	 43	 0	 -1217	 
 10	 35	 1260	 41	 0	 -1219	 
 10	 35	 1260	 36	 0	 -1224	 
 10	 35	 1260	 45	 0	 -1215	 
 10	 35	 1260	 41	 0	 -1219	 
 10	 35	 1260	 41	 0	 -1219	 
 10	 35	 1260	 46	 0	 -1214	 
 10	 35	 1260	 39	 0	 -1221	 
 10	 35	 1260	 43	 0	 -1217	 
 10	 35	 1260	 40	 0	 -1220	 
 10	 35	 1260	 45	 0	 -1215	 
 10	 35	 1260	 36	 0	 -1224	 
 10	 35	 1260	 46	 0	 -1214	 
 10	 35	 1260	 42	 0	 -1218	 
 10	 35	 1260	 38	 0	 -1222	 
 10	 35	 1260	 48	 0	 -1212	 
 10	 35	 1260	 48	 0	 -1212	 
 10	 35	 1260	 46	 0	 -1214	 
 10	 35	 1260	 43	 0	 -1217	 
 10	 35	 1260	 40	 0	 -1220	 
 10	 35	 1260	 39	 0	 -1221	 
 10	 35	 1260	 40	 0	 -1220	 
 10	 35	 1260	 46	 0	 -1214	 
 10	 35	 1260	 47	 0	 -1213	 
 10	 35	 1260	 47	 0	 -1213	 
 10	 35	 1260	 44	 0	 -1216	 
 10	 35	 1260	 37	 0	 -1223	 
 10	 35	 1260	 43	 0	 -1217	 
 10	 35	 1260	 39	 0	 -1221	 
 10	 35	 1260	 37	 0	 -1223	 
 10	 35	 1260	 36	 0	 -1224	 
 10	 35	 1260	 43	 0	 -1217	 
 10	 35	 1260	 43	 0	 -1217	 
 10	 35	 1260	 40	 0	 -1220	 
 10	 35	 1260	 36	 0	 -1224	 
 10	 35	 1260	 47	 0	 -1213	 
 10	 35	 1260	 42	 0	 -1218	 
 10	 35	 1260	 42	 0	 -1218	 
 10	 35	 1260	 42	 0	 -1218	 
 10	 35	 1260	 42	 0	 -1218	 
 10	 35	 1260	 40	 0	 -1220	 
 10	 35	 1260	 47	 0	 -1213	 
 10	 35	 1260	 47	 0	 -1213	 
 10	 35	 1260	 36	 0	 -1224	 
 10	 35	 1260	 45	 0	 -1215	 
 10	 35	 1260	 47	 0	 -1213	 
 10	 35	 1260	 36	 0	 -1224	 
 10	 35	 1260	 43	 0	 -1217	 
 10	 35	 1260	 48	 0	 -1212	 
 10	 35	 1260	 40	 0	 -1220	 
 10	 35	 1260	 44	 0	 -1216	 
 10	 35	 1260	 37	 0	 -1223	 
 10	 35	 1260	 47	 0	 -1213	 
 10	 35	 1260	 36	 0	 -1224	 
 10	 35	 1260	 44	 0	 -1216	 
 10	 35	 1260	 40	 0	 -1220	 
 10	 35	 1260	 39	 0	 -1221	 
 10	 35	 1260	 39	 0	 -1221	 
 10	 35	 1260	 48	 0	 -1212	 
 10	 35	 1260	 44	 0	 -1216	 
 10	 35	 1260	 45	 0	 -1215	 
 10	 35	 1260	 48	 0	 -1212	 
 10	 35	 1260	 37	 0	 -1223	 
 10	 35	 1260	 38	 0	 -1222	 
 10	 35	 1260	 41	 0	 -1219	 
 10	 35	 1260	 48	 0	 -1212	 
 10	 35	 1260	 36	 0	 -1224	 
 10	 35	 1260	 48	 0	 -1212	 
 10	 35	 1260	 37	 0	 -1223	 
 10	 35	 1260	 36	 0	 -1224	 
 10	 35	 1260	 38	 0	 -1222	 
 10	 35	 1260	 43	 0	 -1217	 
 10	 35	 1260	 38	 0	 -1222	 
 10	 35	 1260	 39	 0	 -1221	 
 0	 0	 0	 0	 0	 0	 
 0	 0	 0	 0	 0	 0	 
 10	 35	 1260	 48	 0	 -1212	 
 10	 35	 1260	 40	 0	 -1220	 
 10	 35	 1260	 43	 0	 -1217	 
 10	 35	 1260	 40	 0	 -1220	 
 10	 35	 1260	 44	 0	 -1216	 
 10	 35	 1260	 48	 0	 -1212	 
 10	 35	 1260	 45	 0	 -1215	 
 10	 35	 1260	 38	 0	 -1222	 
 10	 35	 1260	 47	 0	 -1213	 
 10	 35	 1260	 48	 0	 -1212	 
 10	 35	 1260	 39	 0	 -1221	 
 10	 35	 1260	 48	 0	 -1212	 
 10	 35	 1260	 37	 0	 -1223	 
 10	 35	 1260	 48	 0	 -1212	 
 10	 35	 1260	 40	 0	 -1220	 
 10	 35	 1260	 37	 0	 -1223	 
 10	 35	 1260	 39	 0	 -1221	 
 10	 35	 1260	 41	 0	 -1219	 
 10	 35	 1260	 48	 0	 -1212	 
 10	 35	 1260	 48	 0	 -1212	 
 10	 35	 1260	 42	 0	 -1218	 
 10	 35	 1260	 40	 0	 -1220	 
 10	 35	 1260	 43	 0	 -1217	 
 10	 35	 1260	 40	 0	 -1220	 
 10	 35	 1260	 40	 0	 -1220	 
 10	 35	 1260	 47	 0	 -1213	 
 10	 35	 1260	 38	 0	 -1222	 
 10	 35	 1260	 38	 0	 -1222	 
 10	 35	 1260	 37	 0	 -1223	 
 10	 35	 1260	 37	 0	 -1223	 
 10	 35	 1260	 48	 0	 -1212	 
 10	 35	 1260	 48	 0	 -1212	 
 10	 35	 1260	 39	 0	 -1221	 
 10	 35	 1260	 36	 0	 -1224	 
 10	 35	 1260	 48	 0	 -1212	 
 10	 35	 1260	 37	 0	 -1223	 
 10	 35	 1260	 36	 0	 -1224	 
 10	 35	 1260	 47	 0	 -1213	 
 10	 35	 1260	 47	 0	 -1213	 
 10	 35	 1260	 40	 0	 -1220	 
 10	 35	 1260	 36	 0	 -1224	 
 10	 35	 1260	 40	 0	 -1220	 
 10	 35	 1260	 44	 0	 -1216	 
 10	 35	 1260	 48	 0	 -1212	 
 10	 35	 1260	 43	 0	 -1217	 
 10	 35	 1260	 46	 0	 -1214	 
 10	 35	 1260	 42	 0	 -1218	 
 10	 35	 1260	 48	 0	 -1212	 
 10	 35	 1260	 42	 0	 -1218	 
 10	 35	 1260	 43	 0	 -1217	 
 10	 35	 1260	 39	 0	 -1221	 
 10	 35	 1260	 43	 0	 -1217	 
 10	 35	 1260	 48	 0	 -1212	 
 10	 35	 1260	 40	 0	 -1220	 
 10	 35	 1260	 36	 0	 -1224	 
 10	 35	 1260	 41	 0	 -1219	 
 10	 35	 1260	 38	 0	 -1222	 
 10	 35	 1260	 46	 0	 -1214	 
 10	 35	 1260	 42	 0	 -1218	 
 10	 35	 1260	 38	 0	 -1222	 
 10	 35	 1260	 36	 0	 -1224	 
 10	 35	 1260	 39	 0	 -1221	 
 10	 35	 1260	 47	 0	 -1213	 
 10	 35	 1260	 46	 0	 -1214	 
 10	 35	 1260	 42	 0	 -1218	 
 10	 35	 1260	 48	 0	 -1212	 
 10	 35	 1260	 46	 0	 -1214	 
 10	 35	 1260	 42	 0	 -1218	 
 10	 35	 1260	 47	 0	 -1213	 
 10	 35	 1260	 37	 0	 -1223	 
 10	 35	 1260	 37	 0	 -1223	 
 10	 35	 1260	 45	 0	 -1215	 
 10	 35	 1260	 41	 0	 -1219	 
 10	 35	 1260	 43	 0	 -1217	 
 10	 35	 1260	 37	 0	 -1223	 
 10	 35	 1260	 38	 0	 -1222	 
 10	 35	 1260	 43	 0	 -1217	 
 10	 35	 1260	 42	 0	 -1218	 
 10	 35	 1260	 36	 0	 -1224	 
 10	 35	 1260	 47	 0	 -1213	 
 10	 35	 1260	 46	 0	 -1214	 
 10	 35	 1260	 42	 0	 -1218	 
 10	 35	 1260	 47	 0	 -1213	 
 10	 35	 1260	 48	 0	 -1212	 
 10	 35	 1260	 37	 0	 -1223	 
 10	 35	 1260	 41	 0	 -1219	 
 10	 35	 1260	 45	 0	 -1215	 
 10	 35	 1260	 43	 0	 -1217	 
 10	 35	 1260	 37	 0	 -1223	 
 10	 35	 1260	 47	 0	 -1213	 
 10	 35	 1260	 37	 0	 -1223	 
 10	 35	 1260	 37	 0	 -1223	 
 10	 35	 1260	 41	 0	 -1219	 
 10	 35	 1260	 48	 0	 -1212	 
 10	 35	 1260	 38	 0	 -1222	 
 10	 35	 1260	 36	 0	 -1224	 
 10	 35	 1260	 39	 0	 -1221	 
 10	 35	 1260	 38	 0	 -1222	 
 10	 35	 1260	 36	 0	 -1224	 
 0	 0	 0	 0	 0	 0	 
 0	 0	 0	 0	 0	 0	 
 10	 35	 1260	 39	 0	 -1221	 
 10	 35	 1260	 48	 0	 -1212	 
 10	 35	 1260	 40	 0	 -1220	 
 10	 35	 1260	 46	 0	 -1214	 
 10	 35	 1260	 48	 0	 -1212	 
 10	 35	 1260	 38	 0	 -1222	 
 10	 35	 1260	 45	 0	 -1215	 
 10	 35	 1260	 39	 0	 -1221	 
 10	 35	 1260	 46	 0	 -1214	 
 10	 35	 1260	 39	 0	 -1221	 
 10	 35	 1260	 43	 0	 -1217	 
 10	 35	 1260	 43	 0	 -1217	 
 10	 35	 1260	 37	 0	 -1223	 
 10	 35	 1260	 48	 0	 -1212	 
 10	 35	 1260	 43	 0	 -1217	 
 10	 35	 1260	 39	 0	 -1221	 
 10	 35	 1260	 43	 0	 -1217	 
 10	 35	 1260	 46	 0	 -1214	 
 10	 35	 1260	 41	 0	 -1219	 
 10	 35	 1260	 48	 0	 -1212	 
 10	 35	 1260	 40	 0	 -1220	 
 10	 35	 1260	 38	 0	 -1222	 
 10	 35	 1260	 48	 0	 -1212	 
 10	 35	 1260	 47	 0	 -1213	 
 10	 35	 1260	 42	 0	 -1218	 
 10	 35	 1260	 44	 0	 -1216	 
 10	 35	 1260	 41	 0	 -1219	 
 10	 35	 1260	 47	 0	 -1213	 
 10	 35	 1260	 43	 0	 -1217	 
 10	 35	 1260	 36	 0	 -1224	 
 10	 35	 1260	 48	 0	 -1212	 
 10	 35	 1260	 42	 0	 -1218	 
 10	 35	 1260	 37	 0	 -1223	 
 10	 35	 1260	 41	 0	 -1219	 
 10	 35	 1260	 44	 0	 -1216	 
 10	 35	 1260	 44	 0	 -1216	 
 10	 35	 1260	 36	 0	 -1224	 
 10	 35	 1260	 39	 0	 -1221	 
 10	 35	 1260	 45	 0	 -1215	 
 10	 35	 1260	 42	 0	 -1218	 
 10	 35	 1260	 44	 0	 -1216	 
 10	 35	 1260	 47	 0	 -1213	 
 10	 35	 1260	 45	 0	 -1215	 
 10	 35	 1260	 40	 0	 -1220	 
 10	 35	 1260	 43	 0	 -1217	 
 10	 35	 1260	 45	 0	 -1215	 
 10	 35	 1260	 41	 0	 -1219	 
 10	 35	 1260	 47	 0	 -1213	 
 10	 35	 1260	 45	 0	 -1215	 
 10	 35	 1260	 36	 0	 -1224	 
 10	 35	 1260	 38	 0	 -1222	 
 10	 35	 1260	 40	 0	 -1220	 
 10	 35	 1260	 44	 0	 -1216	 
 10	 35	 1260	 40	 0	 -1220	 
 10	 35	 1260	 38	 0	 -1222	 
 10	 35	 1260	 41	 0	 -1219	 
 10	 35	 1260	 42	 0	 -1218	 
 10	 35	 1260	 38	 0	 -1222	 
 10	 35	 1260	 39	 0	 -1221	 
 10	 35	 1260	 36	 0	 -1224	 
 10	 35	 1260	 47	 0	 -1213	 
 10	 35	 1260	 37	 0	 -1223	 
 10	 35	 1260	 48	 0	 -1212	 
 10	 35	 1260	 41	 0	 -1219	 
 10	 35	 1260	 48	 0	 -1212	 
 10	 35	 1260	 39	 0	 -1221	 
 10	 35	 1260	 42	 0	 -1218	 
 10	 35	 1260	 37	 0	 -1223	 
 10	 35	 1260	 46	 0	 -1214	 
 10	 35	 1260	 45	 0	 -1215	 
 10	 35	 1260	 48	 0	 -1212	 
 10	 35	 1260	 42	 0	 -1218	 
 10	 35	 1260	 43	 0	 -1217	 
 10	 35	 1260	 39	 0	 -1221	 
 10	 35	 1260	 36	 0	 -1224	 
 10	 35	 1260	 42	 0	 -1218	 
 10	 35	 1260	 48	 0	 -1212	 
 10	 35	 1260	 45	 0	 -1215	 
 10	 35	 1260	 45	 0	 -1215	 
 10	 35	 1260	 36	 0	 -1224	 
 10	 35	 1260	 38	 0	 -1222	 
 10	 35	 1260	 40	 0	 -1220	 
 10	 35	 1260	 48	 0	 -1212	 
 10	 35	 1260	 39	 0	 -1221	 
 10	 35	 1260	 47	 0	 -1213	 
 10	 35	 1260	 38	 0	 -1222	 
 10	 35	 1260	 36	 0	 -1224	 
 10	 35	 1260	 46	 0	 -1214	 
 10	 35	 1260	 38	 0	 -1222	 
 10	 35	 1260	 48	 0	 -1212	 
 10	 35	 1260	 36	 0	 -1224	 
 10	 35	 1260	 38	 0	 -1222	 
 10	 35	 1260	 36	 0	 -1224	 
 10	 35	 1260	 38	 0	 -1222	 
 10	 35	 1260	 47	 0	 -1213	 
 10	 35	 1260	 41	 0	 -1219	 
 10	 35	 1260	 45	 0	 -1215	 
 10	 35	 1260	 44	 0	 -1216	 
 10	 35	 1260	 45	 0	 -1215	 
 0	 0	 0	 0	 0	 0	 
 0	 0	 0	 0	 0	 0	 
 31	 58	 1260	 62	 0	 -1198	 
 31	 58	 1260	 69	 0	 -1191	 
 31	 58	 1260	 66	 0	 -1194	 
 31	 58	 1260	 59	 0	 -1201	 
 31	 58	 1260	 65	 0	 -1195	 
 31	 58	 1260	 61	 0	 -1199	 
 31	 58	 1260	 60	 0	 -1200	 
 31	 58	 1260	 64	 0	 -1196	 
 31	 58	 1260	 65	 0	 -1195	 
 31	 58	 1260	 63	 0	 -1197	 
 31	 58	 1260	 64	 0	 -1196	 
 31	 58	 1260	 65	 0	 -1195	 
 31	 58	 1260	 60	 0	 -1200	 
 31	 58	 1260	 64	 0	 -1196	 
 31	 58	 1260	 66	 0	 -1194	 
 31	 58	 1260	 59	 0	 -1201	 
 31	 58	 1260	 65	 0	 -1195	 
 31	 58	 1260	 67	 0	 -1193	 
 31	 58	 1260	 69	 0	 -1191	 
 31	 58	 1260	 67	 0	 -1193	 
 31	 58	 1260	 71	 0	 -1189	 
 31	 58	 1260	 70	 0	 -1190	 
 31	 58	 1260	 66	 0	 -1194	 
 31	 58	 1260	 65	 0	 -1195	 
 31	 58	 1260	 71	 0	 -1189	 
 31	 58	 1260	 70	 0	 -1190	 
 31	 58	 1260	 62	 0	 -1198	 
 31	 58	 1260	 60	 0	 -1200	 
 31	 58	 1260	 67	 0	 -1193	 
 31	 58	 1260	 70	 0	 -1190	 
 31	 58	 1260	 69	 0	 -1191	 
 31	 58	 1260	 63	 0	 -1197	 
 31	 58	 1260	 59	 0	 -1201	 
 31	 58	 1260	 68	 0	 -1192	 
 31	 58	 1260	 60	 0	 -1200	 
 31	 58	 1260	 72	 0	 -1188	 
 31	 58	 1260	 68	 0	 -1192	 
 31	 58	 1260	 71	 0	 -1189	 
 31	 58	 1260	 61	 0	 -1199	 
 31	 58	 1260	 60	 0	 -1200	 
 31	 58	 1260	 59	 0	 -1201	 
 31	 58	 1260	 71	 0	 -1189	 
 31	 58	 1260	 65	 0	 -1195	 
 31	 58	 1260	 62	 0	 -1198	 
 31	 58	 1260	 64	 0	 -1196	 
 31	 58	 1260	 70	 0	 -1190	 
 31	 58	 1260	 70	 0	 -1190	 
 31	 58	 1260	 63	 0	 -1197	 
 31	 58	 1260	 66	 0	 -1194	 
 31	 58	 1260	 71	 0	 -1189	 
 31	 58	 1260	 65	 0	 -1195	 
 31	 58	 1260	 62	 0	 -1198	 
 31	 58	 1260	 59	 0	 -1201	 
 31	 58	 1260	 59	 0	 -1201	 
 31	 58	 1260	 61	 0	 -1199	 
 31	 58	 1260	 62	 0	 -1198	 
 31	 58	 1260	 71	 0	 -1189	 
 31	 58	 1260	 59	 0	 -1201	 
 31	 58	 1260	 59	 0	 -1201	 
 31	 58	 1260	 71	 0	 -1189	 
 31	 58	 1260	 64	 0	 -1196	 
 31	 58	 1260	 71	 0	 -1189	 
 31	 58	 1260	 65	 0	 -1195	 
 31	 58	 1260	 59	 0	 -1201	 
 31	 58	 1260	 72	 0	 -1188	 
 31	 58	 1260	 69	 0	 -1191	 
 31	 58	 1260	 66	 0	 -1194	 
 31	 58	 1260	 66	 0	 -1194	 
 31	 58	 1260	 72	 0	 -1188	 
 31	 58	 1260	 66	 0	 -1194	 
 31	 58	 1260	 63	 0	 -1197	 
 31	 58	 1260	 60	 0	 -1200	 
 31	 58	 1260	 71	 0	 -1189	 
 31	 58	 1260	 69	 0	 -1191	 
 31	 58	 1260	 66	 0	 -1194	 
 31	 58	 1260	 64	 0	 -1196	 
 31	 58	 1260	 61	 0	 -1199	 
 31	 58	 1260	 65	 0	 -1195	 
 31	 58	 1260	 66	 0	 -1194	 
 31	 58	 1260	 60	 0	 -1200	 
 31	 58	 1260	 70	 0	 -1190	 
 31	 58	 1260	 63	 0	 -1197	 
 31	 58	 1260	 60	 0	 -1200	 
 31	 58	 1260	 72	 0	 -1188	 
 31	 58	 1260	 68	 0	 -1192	 
 31	 58	 1260	 59	 0	 -1201	 
 31	 58	 1260	 60	 0	 -1200	 
 31	 58	 1260	 62	 0	 -1198	 
 31	 58	 1260	 70	 0	 -1190	 
 31	 58	 1260	 60	 0	 -1200	 
 31	 58	 1260	 71	 0	 -1189	 
 31	 58	 1260	 70	 0	 -1190	 
 31	 58	 1260	 70	 0	 -1190	 
 31	 58	 1260	 66	 0	 -1194	 
 31	 58	 1260	 61	 0	 -1199	 
 31	 58	 1260	 72	 0	 -1188	 
 31	 58	 1260	 72	 0	 -1188	 
 31	 58	 1260	 67	 0	 -1193	 
 31	 58	 1260	 69	 0	 -1191	 
 0	 0	 0	 0	 0	 0	 
 0	 0	 0	 0	 0	 0	 
 10	 35	 1260	 38	 0	 -1222	 
 10	 35	 1260	 48	 0	 -1212	 
 10	 35	 1260	 42	 0	 -1218	 
 10	 35	 1260	 38	 0	 -1222	 
 10	 35	 1260	 45	 0	 -1215	 
 10	 35	 1260	 43	 0	 -1217	 
 10	 35	 1260	 39	 0	 -1221	 
 10	 35	 1260	 40	 0	 -1220	 
 10	 35	 1260	 39	 0	 -1221	 
 10	 35	 1260	 37	 0	 -1223	 
 10	 35	 1260	 44	 0	 -1216	 
 10	 35	 1260	 44	 0	 -1216	 
 10	 35	 1260	 38	 0	 -1222	 
 10	 35	 1260	 39	 0	 -1221	 
 10	 35	 1260	 40	 0	 -1220	 
 10	 35	 1260	 48	 0	 -1212	 
 10	 35	 1260	 45	 0	 -1215	 
 10	 35	 1260	 42	 0	 -1218	 
 10	 35	 1260	 37	 0	 -1223	 
 10	 35	 1260	 44	 0	 -1216	 
 10	 35	 1260	 46	 0	 -1214	 
 10	 35	 1260	 42	 0	 -1218	 
 10	 35	 1260	 43	 0	 -1217	 
 10	 35	 1260	 36	 0	 -1224	 
 10	 35	 1260	 45	 0	 -1215	 
 10	 35	 1260	 48	 0	 -1212	 
 10	 35	 1260	 42	 0	 -1218	 
 10	 35	 1260	 47	 0	 -1213	 
 10	 35	 1260	 43	 0	 -1217	 
 10	 35	 1260	 36	 0	 -1224	 
 10	 35	 1260	 36	 0	 -1224	 
 10	 35	 1260	 45	 0	 -1215	 
 10	 35	 1260	 44	 0	 -1216	 
 10	 35	 1260	 36	 0	 -1224	 
 10	 35	 1260	 45	 0	 -1215	 
 10	 35	 1260	 47	 0	 -1213	 
 10	 35	 1260	 37	 0	 -1223	 
 10	 35	 1260	 48	 0	 -1212	 
 10	 35	 1260	 47	 0	 -1213	 
 10	 35	 1260	 40	 0	 -1220	 
 10	 35	 1260	 48	 0	 -1212	 
 10	 35	 1260	 36	 0	 -1224	 
 10	 35	 1260	 39	 0	 -1221	 
 10	 35	 1260	 44	 0	 -1216	 
 10	 35	 1260	 43	 0	 -1217	 
 10	 35	 1260	 48	 0	 -1212	 
 10	 35	 1260	 36	 0	 -1224	 
 10	 35	 1260	 36	 0	 -1224	 
 10	 35	 1260	 44	 0	 -1216	 
 10	 35	 1260	 39	 0	 -1221	 
 10	 35	 1260	 48	 0	 -1212	 
 10	 35	 1260	 40	 0	 -1220	 
 10	 35	 1260	 40	 0	 -1220	 
 10	 35	 1260	 41	 0	 -1219	 
 10	 35	 1260	 39	 0	 -1221	 
 10	 35	 1260	 39	 0	 -1221	 
 10	 35	 1260	 39	 0	 -1221	 
 10	 35	 1260	 43	 0	 -1217	 
 10	 35	 1260	 41	 0	 -1219	 
 10	 35	 1260	 43	 0	 -1217	 
 10	 35	 1260	 47	 0	 -1213	 
 10	 35	 1260	 45	 0	 -1215	 
 10	 35	 1260	 47	 0	 -1213	 
 10	 35	 1260	 40	 0	 -1220	 
 10	 35	 1260	 48	 0	 -1212	 
 10	 35	 1260	 41	 0	 -1219	 
 10	 35	 1260	 37	 0	 -1223	 
 10	 35	 1260	 39	 0	 -1221	 
 10	 35	 1260	 48	 0	 -1212	 
 10	 35	 1260	 48	 0	 -1212	 
 10	 35	 1260	 46	 0	 -1214	 
 10	 35	 1260	 45	 0	 -1215	 
 10	 35	 1260	 37	 0	 -1223	 
 10	 35	 1260	 38	 0	 -1222	 
 10	 35	 1260	 44	 0	 -1216	 
 10	 35	 1260	 42	 0	 -1218	 
 10	 35	 1260	 44	 0	 -1216	 
 10	 35	 1260	 36	 0	 -1224	 
 10	 35	 1260	 47	 0	 -1213	 
 10	 35	 1260	 46	 0	 -1214	 
 10	 35	 1260	 45	 0	 -1215	 
 10	 35	 1260	 40	 0	 -1220	 
 10	 35	 1260	 37	 0	 -1223	 
 10	 35	 1260	 40	 0	 -1220	 
 10	 35	 1260	 38	 0	 -1222	 
 10	 35	 1260	 36	 0	 -1224	 
 10	 35	 1260	 36	 0	 -1224	 
 10	 35	 1260	 42	 0	 -1218	 
 10	 35	 1260	 36	 0	 -1224	 
 10	 35	 1260	 40	 0	 -1220	 
 10	 35	 1260	 39	 0	 -1221	 
 10	 35	 1260	 48	 0	 -1212	 
 10	 35	 1260	 37	 0	 -1223	 
 10	 35	 1260	 43	 0	 -1217	 
 10	 35	 1260	 41	 0	 -1219	 
 10	 35	 1260	 48	 0	 -1212	 
 10	 35	 1260	 36	 0	 -1224	 
 10	 35	 1260	 45	 0	 -1215	 
 10	 35	 1260	 46	 0	 -1214	 
 0	 0	 0	 0	 0	 0	 
 0	 0	 0	 0	 0	 0	 
 7	 52	 1260	 62	 1	 -1198	 
 7	 52	 1260	 69	 1	 -1191	 
 7	 52	 1260	 66	 1	 -1194	 
 7	 52	 1260	 60	 1	 -1200	 
 7	 52	 1260	 73	 1	 -1187	 
 7	 52	 1260	 61	 1	 -1199	 
 7	 52	 1260	 75	 1	 -1185	 
 7	 52	 1260	 72	 1	 -1188	 
 7	 52	 1260	 70	 1	 -1190	 
 7	 52	 1260	 64	 1	 -1196	 
 7	 52	 1260	 71	 1	 -1189	 
 7	 52	 1260	 54	 1	 -1206	 
 7	 52	 1260	 65	 1	 -1195	 
 7	 52	 1260	 57	 1	 -1203	 
 7	 52	 1260	 54	 1	 -1206	 
 7	 52	 1260	 55	 1	 -1205	 
 7	 52	 1260	 65	 1	 -1195	 
 7	 52	 1260	 59	 1	 -1201	 
 7	 52	 1260	 53	 1	 -1207	 
 7	 52	 1260	 59	 1	 -1201	 
 7	 52	 1260	 57	 1	 -1203	 
 7	 52	 1260	 59	 1	 -1201	 
 7	 52	 1260	 55	 1	 -1205	 
 7	 52	 1260	 60	 1	 -1200	 
 7	 52	 1260	 75	 1	 -1185	 
 7	 52	 1260	 62	 1	 -1198	 
 7	 52	 1260	 72	 1	 -1188	 
 7	 52	 1260	 55	 1	 -1205	 
 7	 52	 1260	 74	 1	 -1186	 
 7	 52	 1260	 71	 1	 -1189	 
 7	 52	 1260	 55	 1	 -1205	 
 7	 52	 1260	 54	 1	 -1206	 
 7	 52	 1260	 69	 1	 -1191	 
 7	 52	 1260	 55	 1	 -1205	 
 7	 52	 1260	 75	 1	 -1185	 
 7	 52	 1260	 57	 1	 -1203	 
 7	 52	 1260	 55	 1	 -1205	 
 7	 52	 1260	 73	 1	 -1187	 
 7	 52	 1260	 73	 1	 -1187	 
 7	 52	 1260	 62	 1	 -1198	 
 7	 52	 1260	 66	 1	 -1194	 
 7	 52	 1260	 70	 1	 -1190	 
 7	 52	 1260	 57	 1	 -1203	 
 7	 52	 1260	 54	 1	 -1206	 
 7	 52	 1260	 67	 1	 -1193	 
 7	 52	 1260	 62	 1	 -1198	 
 7	 52	 1260	 68	 1	 -1192	 
 7	 52	 1260	 62	 1	 -1198	 
 7	 52	 1260	 59	 1	 -1201	 
 7	 52	 1260	 54	 1	 -1206	 
 7	 52	 1260	 64	 1	 -1196	 
 7	 52	 1260	 61	 1	 -1199	 
 7	 52	 1260	 75	 1	 -1185	 
 7	 52	 1260	 69	 1	 -1191	 
 7	 52	 1260	 66	 1	 -1194	 
 7	 52	 1260	 56	 1	 -1204	 
 7	 52	 1260	 58	 1	 -1202	 
 7	 52	 1260	 71	 1	 -1189	 
 7	 52	 1260	 72	 1	 -1188	 
 7	 52	 1260	 70	 1	 -1190	 
 7	 52	 1260	 64	 1	 -1196	 
 7	 52	 1260	 55	 1	 -1205	 
 7	 52	 1260	 75	 1	 -1185	 
 7	 52	 1260	 54	 1	 -1206	 
 7	 52	 1260	 66	 1	 -1194	 
 7	 52	 1260	 71	 1	 -1189	 
 7	 52	 1260	 54	 1	 -1206	 
 7	 52	 1260	 67	 1	 -1193	 
 7	 52	 1260	 65	 1	 -1195	 
 7	 52	 1260	 68	 1	 -1192	 
 7	 52	 1260	 58	 1	 -1202	 
 7	 52	 1260	 75	 1	 -1185	 
 7	 52	 1260	 54	 1	 -1206	 
 7	 52	 1260	 59	 1	 -1201	 
 7	 52	 1260	 70	 1	 -1190	 
 7	 52	 1260	 69	 1	 -1191	 
 7	 52	 1260	 61	 1	 -1199	 
 7	 52	 1260	 70	 1	 -1190	 
 7	 52	 1260	 62	 1	 -1198	 
 7	 52	 1260	 59	 1	 -1201	 
 7	 52	 1260	 65	 1	 -1195	 
 7	 52	 1260	 61	 1	 -1199	 
 7	 52	 1260	 72	 1	 -1188	 
 7	 52	 1260	 62	 1	 -1198	 
 7	 52	 1260	 71	 1	 -1189	 
 7	 52	 1260	 55	 1	 -1205	 
 7	 52	 1260	 61	 1	 -1199	 
 7	 52	 1260	 73	 1	 -1187	 
 7	 52	 1260	 69	 1	 -1191	 
 7	 52	 1260	 62	 1	 -1198	 
 7	 52	 1260	 55	 1	 -1205	 
 7	 52	 1260	 61	 1	 -1199	 
 7	 52	 1260	 60	 1	 -1200	 
 7	 52	 1260	 66	 1	 -1194	 
 7	 52	 1260	 70	 1	 -1190	 
 7	 52	 1260	 61	 1	 -1199	 
 7	 52	 1260	 64	 1	 -1196	 
 7	 52	 1260	 53	 1	 -1207	 
 7	 52	 1260	 53	 1	 -1207	 
 0	 0	 0	 0	 0	 0	 
 0	 0	 0	 0	 0	 0	 
 10	 35	 1260	 48	 0	 -1212	 
 10	 35	 1260	 42	 0	 -1218	 
 10	 35	 1260	 40	 0	 -1220	 
 10	 35	 1260	 45	 0	 -1215	 
 10	 35	 1260	 48	 0	 -1212	 
 10	 35	 1260	 47	 0	 -1213	 
 10	 35	 1260	 42	 0	 -1218	 
 10	 35	 1260	 44	 0	 -1216	 
 10	 35	 1260	 44	 0	 -1216	 
 10	 35	 1260	 36	 0	 -1224	 
 10	 35	 1260	 42	 0	 -1218	 
 10	 35	 1260	 42	 0	 -1218	 
 10	 35	 1260	 45	 0	 -1215	 
 10	 35	 1260	 38	 0	 -1222	 
 10	 35	 1260	 37	 0	 -1223	 
 10	 35	 1260	 38	 0	 -1222	 
 10	 35	 1260	 48	 0	 -1212	 
 10	 35	 1260	 37	 0	 -1223	 
 10	 35	 1260	 47	 0	 -1213	 
 10	 35	 1260	 37	 0	 -1223	 
 10	 35	 1260	 36	 0	 -1224	 
 10	 35	 1260	 37	 0	 -1223	 
 10	 35	 1260	 46	 0	 -1214	 
 10	 35	 1260	 39	 0	 -1221	 
 10	 35	 1260	 42	 0	 -1218	 
 10	 35	 1260	 38	 0	 -1222	 
 10	 35	 1260	 46	 0	 -1214	 
 10	 35	 1260	 47	 0	 -1213	 
 10	 35	 1260	 44	 0	 -1216	 
 10	 35	 1260	 47	 0	 -1213	 
 10	 35	 1260	 41	 0	 -1219	 
 10	 35	 1260	 36	 0	 -1224	 
 10	 35	 1260	 38	 0	 -1222	 
 10	 35	 1260	 38	 0	 -1222	 
 10	 35	 1260	 40	 0	 -1220	 
 10	 35	 1260	 36	 0	 -1224	 
 10	 35	 1260	 37	 0	 -1223	 
 10	 35	 1260	 39	 0	 -1221	 
 10	 35	 1260	 46	 0	 -1214	 
 10	 35	 1260	 36	 0	 -1224	 
 10	 35	 1260	 46	 0	 -1214	 
 10	 35	 1260	 45	 0	 -1215	 
 10	 35	 1260	 47	 0	 -1213	 
 10	 35	 1260	 48	 0	 -1212	 
 10	 35	 1260	 39	 0	 -1221	 
 10	 35	 1260	 40	 0	 -1220	 
 10	 35	 1260	 43	 0	 -1217	 
 10	 35	 1260	 43	 0	 -1217	 
 10	 35	 1260	 44	 0	 -1216	 
 10	 35	 1260	 37	 0	 -1223	 
 10	 35	 1260	 41	 0	 -1219	 
 10	 35	 1260	 41	 0	 -1219	 
 10	 35	 1260	 46	 0	 -1214	 
 10	 35	 1260	 41	 0	 -1219	 
 10	 35	 1260	 37	 0	 -1223	 
 10	 35	 1260	 42	 0	 -1218	 
 10	 35	 1260	 43	 0	 -1217	 
 10	 35	 1260	 37	 0	 -1223	 
 10	 35	 1260	 40	 0	 -1220	 
 10	 35	 1260	 36	 0	 -1224	 
 10	 35	 1260	 41	 0	 -1219	 
 10	 35	 1260	 42	 0	 -1218	 
 10	 35	 1260	 40	 0	 -1220	 
 10	 35	 1260	 44	 0	 -1216	 
 10	 35	 1260	 47	 0	 -1213	 
 10	 35	 1260	 48	 0	 -1212	 
 10	 35	 1260	 47	 0	 -1213	 
 10	 35	 1260	 42	 0	 -1218	 
 10	 35	 1260	 47	 0	 -1213	 
 10	 35	 1260	 37	 0	 -1223	 
 10	 35	 1260	 38	 0	 -1222	 
 10	 35	 1260	 38	 0	 -1222	 
 10	 35	 1260	 39	 0	 -1221	 
 10	 35	 1260	 48	 0	 -1212	 
 10	 35	 1260	 39	 0	 -1221	 
 10	 35	 1260	 48	 0	 -1212	 
 10	 35	 1260	 43	 0	 -1217	 
 10	 35	 1260	 37	 0	 -1223	 
 10	 35	 1260	 47	 0	 -1213	 
 10	 35	 1260	 41	 0	 -1219	 
 10	 35	 1260	 38	 0	 -1222	 
 10	 35	 1260	 39	 0	 -1221	 
 10	 35	 1260	 41	 0	 -1219	 
 10	 35	 1260	 44	 0	 -1216	 
 10	 35	 1260	 39	 0	 -1221	 
 10	 35	 1260	 37	 0	 -1223	 
 10	 35	 1260	 45	 0	 -1215	 
 10	 35	 1260	 39	 0	 -1221	 
 10	 35	 1260	 45	 0	 -1215	 
 10	 35	 1260	 44	 0	 -1216	 
 10	 35	 1260	 41	 0	 -1219	 
 10	 35	 1260	 44	 0	 -1216	 
 10	 35	 1260	 38	 0	 -1222	 
 10	 35	 1260	 47	 0	 -1213	 
 10	 35	 1260	 41	 0	 -1219	 
 10	 35	 1260	 43	 0	 -1217	 
 10	 35	 1260	 46	 0	 -1214	 
 10	 35	 1260	 48	 0	 -1212	 
 10	 35	 1260	 46	 0	 -1214	 
 0	 0	 0	 0	 0	 0	 
 0	 0	 0	 0	 0	 0	 
 12	 28	 1260	 31	 1	 -1229	 
 12	 28	 1260	 30	 1	 -1230	 
 12	 28	 1260	 36	 1	 -1224	 
 12	 28	 1260	 34	 1	 -1226	 
 12	 28	 1260	 30	 1	 -1230	 
 12	 28	 1260	 37	 1	 -1223	 
 12	 28	 1260	 29	 1	 -1231	 
 12	 28	 1260	 33	 1	 -1227	 
 12	 28	 1260	 36	 1	 -1224	 
 12	 28	 1260	 29	 1	 -1231	 
 12	 28	 1260	 30	 1	 -1230	 
 12	 28	 1260	 36	 1	 -1224	 
 12	 28	 1260	 35	 1	 -1225	 
 12	 28	 1260	 34	 1	 -1226	 
 12	 28	 1260	 35	 1	 -1225	 
 12	 28	 1260	 31	 1	 -1229	 
 12	 28	 1260	 30	 1	 -1230	 
 12	 28	 1260	 32	 1	 -1228	 
 12	 28	 1260	 34	 1	 -1226	 
 12	 28	 1260	 36	 1	 -1224	 
 12	 28	 1260	 31	 1	 -1229	 
 12	 28	 1260	 35	 1	 -1225	 
 12	 28	 1260	 36	 1	 -1224	 
 12	 28	 1260	 30	 1	 -1230	 
 12	 28	 1260	 32	 1	 -1228	 
 12	 28	 1260	 37	 1	 -1223	 
 12	 28	 1260	 35	 1	 -1225	 
 12	 28	 1260	 30	 1	 -1230	 
 12	 28	 1260	 29	 1	 -1231	 
 12	 28	 1260	 32	 1	 -1228	 
 12	 28	 1260	 33	 1	 -1227	 
 12	 28	 1260	 33	 1	 -1227	 
 12	 28	 1260	 31	 1	 -1229	 
 12	 28	 1260	 30	 1	 -1230	 
 12	 28	 1260	 35	 1	 -1225	 
 12	 28	 1260	 34	 1	 -1226	 
 12	 28	 1260	 32	 1	 -1228	 
 12	 28	 1260	 32	 1	 -1228	 
 12	 28	 1260	 32	 1	 -1228	 
 12	 28	 1260	 37	 1	 -1223	 
 12	 28	 1260	 30	 1	 -1230	 
 12	 28	 1260	 31	 1	 -1229	 
 12	 28	 1260	 30	 1	 -1230	 
 12	 28	 1260	 31	 1	 -1229	 
 12	 28	 1260	 34	 1	 -1226	 
 12	 28	 1260	 35	 1	 -1225	 
 12	 28	 1260	 33	 1	 -1227	 
 12	 28	 1260	 35	 1	 -1225	 
 12	 28	 1260	 33	 1	 -1227	 
 12	 28	 1260	 29	 1	 -1231	 
 12	 28	 1260	 33	 1	 -1227	 
 12	 28	 1260	 34	 1	 -1226	 
 12	 28	 1260	 32	 1	 -1228	 
 12	 28	 1260	 35	 1	 -1225	 
 12	 28	 1260	 30	 1	 -1230	 
 12	 28	 1260	 29	 1	 -1231	 
 12	 28	 1260	 33	 1	 -1227	 
 12	 28	 1260	 36	 1	 -1224	 
 12	 28	 1260	 33	 1	 -1227	 
 12	 28	 1260	 29	 1	 -1231	 
 12	 28	 1260	 32	 1	 -1228	 
 12	 28	 1260	 35	 1	 -1225	 
 12	 28	 1260	 34	 1	 -1226	 
 12	 28	 1260	 31	 1	 -1229	 
 12	 28	 1260	 34	 1	 -1226	 
 12	 28	 1260	 31	 1	 -1229	 
 12	 28	 1260	 35	 1	 -1225	 
 12	 28	 1260	 32	 1	 -1228	 
 12	 28	 1260	 32	 1	 -1228	 
 12	 28	 1260	 34	 1	 -1226	 
 12	 28	 1260	 34	 1	 -1226	 
 12	 28	 1260	 32	 1	 -1228	 
 12	 28	 1260	 34	 1	 -1226	 
 12	 28	 1260	 29	 1	 -1231	 
 12	 28	 1260	 37	 1	 -1223	 
 12	 28	 1260	 36	 1	 -1224	 
 12	 28	 1260	 30	 1	 -1230	 
 12	 28	 1260	 34	 1	 -1226	 
 12	 28	 1260	 30	 1	 -1230	 
 12	 28	 1260	 29	 1	 -1231	 
 12	 28	 1260	 33	 1	 -1227	 
 12	 28	 1260	 36	 1	 -1224	 
 12	 28	 1260	 34	 1	 -1226	 
 12	 28	 1260	 30	 1	 -1230	 
 12	 28	 1260	 32	 1	 -1228	 
 12	 28	 1260	 36	 1	 -1224	 
 12	 28	 1260	 33	 1	 -1227	 
 12	 28	 1260	 35	 1	 -1225	 
 12	 28	 1260	 29	 1	 -1231	 
 12	 28	 1260	 36	 1	 -1224	 
 12	 28	 1260	 31	 1	 -1229	 
 12	 28	 1260	 32	 1	 -1228	 
 12	 28	 1260	 32	 1	 -1228	 
 12	 28	 1260	 30	 1	 -1230	 
 12	 28	 1260	 32	 1	 -1228	 
 12	 28	 1260	 30	 1	 -1230	 
 12	 28	 1260	 29	 1	 -1231	 
 12	 28	 1260	 30	 1	 -1230	 
 12	 28	 1260	 29	 1	 -1231	 
 0	 0	 0	 0	 0	 0	 
 0	 0	 0	 0	 0	 0	 
 10	 35	 1260	 39	 0	 -1221	 
 10	 35	 1260	 46	 0	 -1214	 
 10	 35	 1260	 45	 0	 -1215	 
 10	 35	 1260	 47	 0	 -1213	 
 10	 35	 1260	 37	 0	 -1223	 
 10	 35	 1260	 43	 0	 -1217	 
 10	 35	 1260	 48	 0	 -1212	 
 10	 35	 1260	 43	 0	 -1217	 
 10	 35	 1260	 48	 0	 -1212	 
 10	 35	 1260	 36	 0	 -1224	 
 10	 35	 1260	 39	 0	 -1221	 
 10	 35	 1260	 42	 0	 -1218	 
 10	 35	 1260	 38	 0	 -1222	 
 10	 35	 1260	 36	 0	 -1224	 
 10	 35	 1260	 48	 0	 -1212	 
 10	 35	 1260	 39	 0	 -1221	 
 10	 35	 1260	 38	 0	 -1222	 
 10	 35	 1260	 45	 0	 -1215	 
 10	 35	 1260	 40	 0	 -1220	 
 10	 35	 1260	 40	 0	 -1220	 
 10	 35	 1260	 48	 0	 -1212	 
 10	 35	 1260	 44	 0	 -1216	 
 10	 35	 1260	 48	 0	 -1212	 
 10	 35	 1260	 37	 0	 -1223	 
 10	 35	 1260	 42	 0	 -1218	 
 10	 35	 1260	 38	 0	 -1222	 
 10	 35	 1260	 41	 0	 -1219	 
 10	 35	 1260	 37	 0	 -1223	 
 10	 35	 1260	 39	 0	 -1221	 
 10	 35	 1260	 42	 0	 -1218	 
 10	 35	 1260	 45	 0	 -1215	 
 10	 35	 1260	 48	 0	 -1212	 
 10	 35	 1260	 42	 0	 -1218	 
 10	 35	 1260	 46	 0	 -1214	 
 10	 35	 1260	 47	 0	 -1213	 
 10	 35	 1260	 47	 0	 -1213	 
 10	 35	 1260	 44	 0	 -1216	 
 10	 35	 1260	 47	 0	 -1213	 
 10	 35	 1260	 45	 0	 -1215	 
 10	 35	 1260	 48	 0	 -1212	 
 10	 35	 1260	 41	 0	 -1219	 
 10	 35	 1260	 47	 0	 -1213	 
 10	 35	 1260	 36	 0	 -1224	 
 10	 35	 1260	 40	 0	 -1220	 
 10	 35	 1260	 45	 0	 -1215	 
 10	 35	 1260	 46	 0	 -1214	 
 10	 35	 1260	 39	 0	 -1221	 
 10	 35	 1260	 48	 0	 -1212	 
 10	 35	 1260	 37	 0	 -1223	 
 10	 35	 1260	 42	 0	 -1218	 
 10	 35	 1260	 39	 0	 -1221	 
 10	 35	 1260	 37	 0	 -1223	 
 10	 35	 1260	 36	 0	 -1224	 
 10	 35	 1260	 47	 0	 -1213	 
 10	 35	 1260	 39	 0	 -1221	 
 10	 35	 1260	 45	 0	 -1215	 
 10	 35	 1260	 48	 0	 -1212	 
 10	 35	 1260	 38	 0	 -1222	 
 10	 35	 1260	 47	 0	 -1213	 
 10	 35	 1260	 45	 0	 -1215	 
 10	 35	 1260	 41	 0	 -1219	 
 10	 35	 1260	 47	 0	 -1213	 
 10	 35	 1260	 46	 0	 -1214	 
 10	 35	 1260	 36	 0	 -1224	 
 10	 35	 1260	 37	 0	 -1223	 
 10	 35	 1260	 45	 0	 -1215	 
 10	 35	 1260	 38	 0	 -1222	 
 10	 35	 1260	 44	 0	 -1216	 
 10	 35	 1260	 43	 0	 -1217	 
 10	 35	 1260	 37	 0	 -1223	 
 10	 35	 1260	 48	 0	 -1212	 
 10	 35	 1260	 47	 0	 -1213	 
 10	 35	 1260	 48	 0	 -1212	 
 10	 35	 1260	 39	 0	 -1221	 
 10	 35	 1260	 48	 0	 -1212	 
 10	 35	 1260	 36	 0	 -1224	 
 10	 35	 1260	 44	 0	 -1216	 
 10	 35	 1260	 48	 0	 -1212	 
 10	 35	 1260	 42	 0	 -1218	 
 10	 35	 1260	 38	 0	 -1222	 
 10	 35	 1260	 41	 0	 -1219	 
 10	 35	 1260	 45	 0	 -1215	 
 10	 35	 1260	 45	 0	 -1215	 
 10	 35	 1260	 43	 0	 -1217	 
 10	 35	 1260	 36	 0	 -1224	 
 10	 35	 1260	 37	 0	 -1223	 
 10	 35	 1260	 44	 0	 -1216	 
 10	 35	 1260	 40	 0	 -1220	 
 10	 35	 1260	 38	 0	 -1222	 
 10	 35	 1260	 46	 0	 -1214	 
 10	 35	 1260	 43	 0	 -1217	 
 10	 35	 1260	 44	 0	 -1216	 
 10	 35	 1260	 36	 0	 -1224	 
 10	 35	 1260	 43	 0	 -1217	 
 10	 35	 1260	 40	 0	 -1220	 
 10	 35	 1260	 39	 0	 -1221	 
 10	 35	 1260	 44	 0	 -1216	 
 10	 35	 1260	 44	 0	 -1216	 
 10	 35	 1260	 46	 0	 -1214	 
 0	 0	 0	 0	 0	 0	 
 0	 0	 0	 0	 0	 0	 
 12	 28	 1260	 35	 1	 -1225	 
 12	 28	 1260	 33	 1	 -1227	 
 12	 28	 1260	 37	 1	 -1223	 
 12	 28	 1260	 35	 1	 -1225	 
 12	 28	 1260	 31	 1	 -1229	 
 12	 28	 1260	 33	 1	 -1227	 
 12	 28	 1260	 32	 1	 -1228	 
 12	 28	 1260	 35	 1	 -1225	 
 12	 28	 1260	 32	 1	 -1228	 
 12	 28	 1260	 34	 1	 -1226	 
 12	 28	 1260	 33	 1	 -1227	 
 12	 28	 1260	 33	 1	 -1227	 
 12	 28	 1260	 36	 1	 -1224	 
 12	 28	 1260	 34	 1	 -1226	 
 12	 28	 1260	 29	 1	 -1231	 
 12	 28	 1260	 36	 1	 -1224	 
 12	 28	 1260	 33	 1	 -1227	 
 12	 28	 1260	 32	 1	 -1228	 
 12	 28	 1260	 33	 1	 -1227	 
 12	 28	 1260	 35	 1	 -1225	 
 12	 28	 1260	 31	 1	 -1229	 
 12	 28	 1260	 30	 1	 -1230	 
 12	 28	 1260	 30	 1	 -1230	 
 12	 28	 1260	 30	 1	 -1230	 
 12	 28	 1260	 30	 1	 -1230	 
 12	 28	 1260	 33	 1	 -1227	 
 12	 28	 1260	 31	 1	 -1229	 
 12	 28	 1260	 36	 1	 -1224	 
 12	 28	 1260	 33	 1	 -1227	 
 12	 28	 1260	 34	 1	 -1226	 
 12	 28	 1260	 31	 1	 -1229	 
 12	 28	 1260	 32	 1	 -1228	 
 12	 28	 1260	 35	 1	 -1225	 
 12	 28	 1260	 35	 1	 -1225	 
 12	 28	 1260	 34	 1	 -1226	 
 12	 28	 1260	 34	 1	 -1226	 
 12	 28	 1260	 32	 1	 -1228	 
 12	 28	 1260	 30	 1	 -1230	 
 12	 28	 1260	 30	 1	 -1230	 
 12	 28	 1260	 37	 1	 -1223	 
 12	 28	 1260	 36	 1	 -1224	 
 12	 28	 1260	 36	 1	 -1224	 
 12	 28	 1260	 36	 1	 -1224	 
 12	 28	 1260	 35	 1	 -1225	 
 12	 28	 1260	 33	 1	 -1227	 
 12	 28	 1260	 37	 1	 -1223	 
 12	 28	 1260	 31	 1	 -1229	 
 12	 28	 1260	 37	 1	 -1223	 
 12	 28	 1260	 29	 1	 -1231	 
 12	 28	 1260	 29	 1	 -1231	 
 12	 28	 1260	 36	 1	 -1224	 
 12	 28	 1260	 34	 1	 -1226	 
 12	 28	 1260	 30	 1	 -1230	 
 12	 28	 1260	 34	 1	 -1226	 
 12	 28	 1260	 35	 1	 -1225	 
 12	 28	 1260	 30	 1	 -1230	 
 12	 28	 1260	 36	 1	 -1224	 
 12	 28	 1260	 29	 1	 -1231	 
 12	 28	 1260	 33	 1	 -1227	 
 12	 28	 1260	 31	 1	 -1229	 
 12	 28	 1260	 31	 1	 -1229	 
 12	 28	 1260	 35	 1	 -1225	 
 12	 28	 1260	 32	 1	 -1228	 
 12	 28	 1260	 31	 1	 -1229	 
 12	 28	 1260	 31	 1	 -1229	 
 12	 28	 1260	 37	 1	 -1223	 
 12	 28	 1260	 33	 1	 -1227	 
 12	 28	 1260	 35	 1	 -1225	 
 12	 28	 1260	 36	 1	 -1224	 
 12	 28	 1260	 34	 1	 -1226	 
 12	 28	 1260	 34	 1	 -1226	 
 12	 28	 1260	 36	 1	 -1224	 
 12	 28	 1260	 30	 1	 -1230	 
 12	 28	 1260	 35	 1	 -1225	 
 12	 28	 1260	 29	 1	 -1231	 
 12	 28	 1260	 30	 1	 -1230	 
 12	 28	 1260	 34	 1	 -1226	 
 12	 28	 1260	 36	 1	 -1224	 
 12	 28	 1260	 34	 1	 -1226	 
 12	 28	 1260	 35	 1	 -1225	 
 12	 28	 1260	 29	 1	 -1231	 
 12	 28	 1260	 31	 1	 -1229	 
 12	 28	 1260	 31	 1	 -1229	 
 12	 28	 1260	 32	 1	 -1228	 
 12	 28	 1260	 32	 1	 -1228	 
 12	 28	 1260	 33	 1	 -1227	 
 12	 28	 1260	 31	 1	 -1229	 
 12	 28	 1260	 30	 1	 -1230	 
 12	 28	 1260	 36	 1	 -1224	 
 12	 28	 1260	 35	 1	 -1225	 
 12	 28	 1260	 32	 1	 -1228	 
 12	 28	 1260	 34	 1	 -1226	 
 12	 28	 1260	 37	 1	 -1223	 
 12	 28	 1260	 32	 1	 -1228	 
 12	 28	 1260	 34	 1	 -1226	 
 12	 28	 1260	 29	 1	 -1231	 
 12	 28	 1260	 33	 1	 -1227	 
 12	 28	 1260	 29	 1	 -1231	 
 12	 28	 1260	 32	 1	 -1228	 
 0	 0	 0	 0	 0	 0	 
 0	 0	 0	 0	 0	 0	 
 10	 35	 1260	 48	 0	 -1212	 
 10	 35	 1260	 37	 0	 -1223	 
 10	 35	 1260	 39	 0	 -1221	 
 10	 35	 1260	 40	 0	 -1220	 
 10	 35	 1260	 36	 0	 -1224	 
 10	 35	 1260	 42	 0	 -1218	 
 10	 35	 1260	 44	 0	 -1216	 
 10	 35	 1260	 47	 0	 -1213	 
 10	 35	 1260	 41	 0	 -1219	 
 10	 35	 1260	 47	 0	 -1213	 
 10	 35	 1260	 45	 0	 -1215	 
 10	 35	 1260	 36	 0	 -1224	 
 10	 35	 1260	 39	 0	 -1221	 
 10	 35	 1260	 44	 0	 -1216	 
 10	 35	 1260	 40	 0	 -1220	 
 10	 35	 1260	 47	 0	 -1213	 
 10	 35	 1260	 43	 0	 -1217	 
 10	 35	 1260	 38	 0	 -1222	 
 10	 35	 1260	 47	 0	 -1213	 
 10	 35	 1260	 43	 0	 -1217	 
 10	 35	 1260	 48	 0	 -1212	 
 10	 35	 1260	 36	 0	 -1224	 
 10	 35	 1260	 46	 0	 -1214	 
 10	 35	 1260	 48	 0	 -1212	 
 10	 35	 1260	 40	 0	 -1220	 
 10	 35	 1260	 48	 0	 -1212	 
 10	 35	 1260	 46	 0	 -1214	 
 10	 35	 1260	 43	 0	 -1217	 
 10	 35	 1260	 42	 0	 -1218	 
 10	 35	 1260	 40	 0	 -1220	 
 10	 35	 1260	 43	 0	 -1217	 
 10	 35	 1260	 38	 0	 -1222	 
 10	 35	 1260	 40	 0	 -1220	 
 10	 35	 1260	 48	 0	 -1212	 
 10	 35	 1260	 40	 0	 -1220	 
 10	 35	 1260	 47	 0	 -1213	 
 10	 35	 1260	 40	 0	 -1220	 
 10	 35	 1260	 44	 0	 -1216	 
 10	 35	 1260	 43	 0	 -1217	 
 10	 35	 1260	 43	 0	 -1217	 
 10	 35	 1260	 43	 0	 -1217	 
 10	 35	 1260	 41	 0	 -1219	 
 10	 35	 1260	 44	 0	 -1216	 
 10	 35	 1260	 45	 0	 -1215	 
 10	 35	 1260	 39	 0	 -1221	 
 10	 35	 1260	 39	 0	 -1221	 
 10	 35	 1260	 39	 0	 -1221	 
 10	 35	 1260	 38	 0	 -1222	 
 10	 35	 1260	 39	 0	 -1221	 
 10	 35	 1260	 45	 0	 -1215	 
 10	 35	 1260	 48	 0	 -1212	 
 10	 35	 1260	 40	 0	 -1220	 
 10	 35	 1260	 40	 0	 -1220	 
 10	 35	 1260	 40	 0	 -1220	 
 10	 35	 1260	 44	 0	 -1216	 
 10	 35	 1260	 39	 0	 -1221	 
 10	 35	 1260	 42	 0	 -1218	 
 10	 35	 1260	 40	 0	 -1220	 
 10	 35	 1260	 42	 0	 -1218	 
 10	 35	 1260	 44	 0	 -1216	 
 10	 35	 1260	 36	 0	 -1224	 
 10	 35	 1260	 46	 0	 -1214	 
 10	 35	 1260	 47	 0	 -1213	 
 10	 35	 1260	 37	 0	 -1223	 
 10	 35	 1260	 47	 0	 -1213	 
 10	 35	 1260	 46	 0	 -1214	 
 10	 35	 1260	 40	 0	 -1220	 
 10	 35	 1260	 47	 0	 -1213	 
 10	 35	 1260	 43	 0	 -1217	 
 10	 35	 1260	 37	 0	 -1223	 
 10	 35	 1260	 44	 0	 -1216	 
 10	 35	 1260	 48	 0	 -1212	 
 10	 35	 1260	 44	 0	 -1216	 
 10	 35	 1260	 47	 0	 -1213	 
 10	 35	 1260	 44	 0	 -1216	 
 10	 35	 1260	 41	 0	 -1219	 
 10	 35	 1260	 44	 0	 -1216	 
 10	 35	 1260	 47	 0	 -1213	 
 10	 35	 1260	 43	 0	 -1217	 
 10	 35	 1260	 48	 0	 -1212	 
 10	 35	 1260	 37	 0	 -1223	 
 10	 35	 1260	 46	 0	 -1214	 
 10	 35	 1260	 37	 0	 -1223	 
 10	 35	 1260	 47	 0	 -1213	 
 10	 35	 1260	 41	 0	 -1219	 
 10	 35	 1260	 45	 0	 -1215	 
 10	 35	 1260	 47	 0	 -1213	 
 10	 35	 1260	 37	 0	 -1223	 
 10	 35	 1260	 46	 0	 -1214	 
 10	 35	 1260	 38	 0	 -1222	 
 10	 35	 1260	 38	 0	 -1222	 
 10	 35	 1260	 41	 0	 -1219	 
 10	 35	 1260	 42	 0	 -1218	 
 10	 35	 1260	 46	 0	 -1214	 
 10	 35	 1260	 36	 0	 -1224	 
 10	 35	 1260	 39	 0	 -1221	 
 10	 35	 1260	 38	 0	 -1222	 
 10	 35	 1260	 43	 0	 -1217	 
 10	 35	 1260	 39	 0	 -1221	 
 0	 0	 0	 0	 0	 0	 
 0	 0	 0	 0	 0	 0	 
 2	 41	 1260	 43	 1	 -1217	 
 2	 41	 1260	 61	 1	 -1199	 
 2	 41	 1260	 55	 1	 -1205	 
 2	 41	 1260	 57	 1	 -1203	 
 2	 41	 1260	 43	 1	 -1217	 
 2	 41	 1260	 46	 1	 -1214	 
 2	 41	 1260	 42	 1	 -1218	 
 2	 41	 1260	 43	 1	 -1217	 
 2	 41	 1260	 56	 1	 -1204	 
 2	 41	 1260	 51	 1	 -1209	 
 2	 41	 1260	 51	 1	 -1209	 
 2	 41	 1260	 46	 1	 -1214	 
 2	 41	 1260	 61	 1	 -1199	 
 2	 41	 1260	 54	 1	 -1206	 
 2	 41	 1260	 60	 1	 -1200	 
 2	 41	 1260	 50	 1	 -1210	 
 2	 41	 1260	 57	 1	 -1203	 
 2	 41	 1260	 50	 1	 -1210	 
 2	 41	 1260	 58	 1	 -1202	 
 2	 41	 1260	 49	 1	 -1211	 
 2	 41	 1260	 57	 1	 -1203	 
 2	 41	 1260	 57	 1	 -1203	 
 2	 41	 1260	 55	 1	 -1205	 
 2	 41	 1260	 45	 1	 -1215	 
 2	 41	 1260	 55	 1	 -1205	 
 2	 41	 1260	 45	 1	 -1215	 
 2	 41	 1260	 60	 1	 -1200	 
 2	 41	 1260	 55	 1	 -1205	 
 2	 41	 1260	 53	 1	 -1207	 
 2	 41	 1260	 52	 1	 -1208	 
 2	 41	 1260	 60	 1	 -1200	 
 2	 41	 1260	 61	 1	 -1199	 
 2	 41	 1260	 43	 1	 -1217	 
 2	 41	 1260	 53	 1	 -1207	 
 2	 41	 1260	 45	 1	 -1215	 
 2	 41	 1260	 51	 1	 -1209	 
 2	 41	 1260	 57	 1	 -1203	 
 2	 41	 1260	 42	 1	 -1218	 
 2	 41	 1260	 60	 1	 -1200	 
 2	 41	 1260	 47	 1	 -1213	 
 2	 41	 1260	 43	 1	 -1217	 
 2	 41	 1260	 58	 1	 -1202	 
 2	 41	 1260	 44	 1	 -1216	 
 2	 41	 1260	 43	 1	 -1217	 
 2	 41	 1260	 46	 1	 -1214	 
 2	 41	 1260	 47	 1	 -1213	 
 2	 41	 1260	 52	 1	 -1208	 
 2	 41	 1260	 57	 1	 -1203	 
 2	 41	 1260	 43	 1	 -1217	 
 2	 41	 1260	 45	 1	 -1215	 
 2	 41	 1260	 55	 1	 -1205	 
 2	 41	 1260	 45	 1	 -1215	 
 2	 41	 1260	 57	 1	 -1203	 
 2	 41	 1260	 48	 1	 -1212	 
 2	 41	 1260	 45	 1	 -1215	 
 2	 41	 1260	 45	 1	 -1215	 
 2	 41	 1260	 44	 1	 -1216	 
 2	 41	 1260	 54	 1	 -1206	 
 2	 41	 1260	 56	 1	 -1204	 
 2	 41	 1260	 47	 1	 -1213	 
 2	 41	 1260	 51	 1	 -1209	 
 2	 41	 1260	 44	 1	 -1216	 
 2	 41	 1260	 55	 1	 -1205	 
 2	 41	 1260	 59	 1	 -1201	 
 2	 41	 1260	 47	 1	 -1213	 
 2	 41	 1260	 57	 1	 -1203	 
 2	 41	 1260	 49	 1	 -1211	 
 2	 41	 1260	 57	 1	 -1203	 
 2	 41	 1260	 59	 1	 -1201	 
 2	 41	 1260	 53	 1	 -1207	 
 2	 41	 1260	 44	 1	 -1216	 
 2	 41	 1260	 60	 1	 -1200	 
 2	 41	 1260	 57	 1	 -1203	 
 2	 41	 1260	 58	 1	 -1202	 
 2	 41	 1260	 56	 1	 -1204	 
 2	 41	 1260	 53	 1	 -1207	 
 2	 41	 1260	 57	 1	 -1203	 
 2	 41	 1260	 42	 1	 -1218	 
 2	 41	 1260	 57	 1	 -1203	 
 2	 41	 1260	 54	 1	 -1206	 
 2	 41	 1260	 47	 1	 -1213	 
 2	 41	 1260	 48	 1	 -1212	 
 2	 41	 1260	 51	 1	 -1209	 
 2	 41	 1260	 47	 1	 -1213	 
 2	 41	 1260	 56	 1	 -1204	 
 2	 41	 1260	 56	 1	 -1204	 
 2	 41	 1260	 46	 1	 -1214	 
 2	 41	 1260	 57	 1	 -1203	 
 2	 41	 1260	 44	 1	 -1216	 
 2	 41	 1260	 43	 1	 -1217	 
 2	 41	 1260	 56	 1	 -1204	 
 2	 41	 1260	 55	 1	 -1205	 
 2	 41	 1260	 50	 1	 -1210	 
 2	 41	 1260	 56	 1	 -1204	 
 2	 41	 1260	 58	 1	 -1202	 
 2	 41	 1260	 46	 1	 -1214	 
 2	 41	 1260	 53	 1	 -1207	 
 2	 41	 1260	 43	 1	 -1217	 
 2	 41	 1260	 52	 1	 -1208	 
 0	 0	 0	 0	 0	 0	 
 0	 0	 0	 0	 0	 0	 
 10	 35	 1260	 48	 0	 -1212	 
 10	 35	 1260	 43	 0	 -1217	 
 10	 35	 1260	 41	 0	 -1219	 
 10	 35	 1260	 45	 0	 -1215	 
 10	 35	 1260	 36	 0	 -1224	 
 10	 35	 1260	 37	 0	 -1223	 
 10	 35	 1260	 44	 0	 -1216	 
 10	 35	 1260	 40	 0	 -1220	 
 10	 35	 1260	 44	 0	 -1216	 
 10	 35	 1260	 38	 0	 -1222	 
 10	 35	 1260	 38	 0	 -1222	 
 10	 35	 1260	 46	 0	 -1214	 
 10	 35	 1260	 36	 0	 -1224	 
 10	 35	 1260	 47	 0	 -1213	 
 10	 35	 1260	 44	 0	 -1216	 
 10	 35	 1260	 37	 0	 -1223	 
 10	 35	 1260	 47	 0	 -1213	 
 10	 35	 1260	 38	 0	 -1222	 
 10	 35	 1260	 41	 0	 -1219	 
 10	 35	 1260	 42	 0	 -1218	 
 10	 35	 1260	 48	 0	 -1212	 
 10	 35	 1260	 45	 0	 -1215	 
 10	 35	 1260	 42	 0	 -1218	 
 10	 35	 1260	 42	 0	 -1218	 
 10	 35	 1260	 39	 0	 -1221	 
 10	 35	 1260	 36	 0	 -1224	 
 10	 35	 1260	 48	 0	 -1212	 
 10	 35	 1260	 46	 0	 -1214	 
 10	 35	 1260	 37	 0	 -1223	 
 10	 35	 1260	 38	 0	 -1222	 
 10	 35	 1260	 39	 0	 -1221	 
 10	 35	 1260	 42	 0	 -1218	 
 10	 35	 1260	 46	 0	 -1214	 
 10	 35	 1260	 46	 0	 -1214	 
 10	 35	 1260	 38	 0	 -1222	 
 10	 35	 1260	 36	 0	 -1224	 
 10	 35	 1260	 38	 0	 -1222	 
 10	 35	 1260	 43	 0	 -1217	 
 10	 35	 1260	 44	 0	 -1216	 
 10	 35	 1260	 48	 0	 -1212	 
 10	 35	 1260	 38	 0	 -1222	 
 10	 35	 1260	 41	 0	 -1219	 
 10	 35	 1260	 37	 0	 -1223	 
 10	 35	 1260	 43	 0	 -1217	 
 10	 35	 1260	 36	 0	 -1224	 
 10	 35	 1260	 36	 0	 -1224	 
 10	 35	 1260	 40	 0	 -1220	 
 10	 35	 1260	 45	 0	 -1215	 
 10	 35	 1260	 44	 0	 -1216	 
 10	 35	 1260	 39	 0	 -1221	 
 10	 35	 1260	 42	 0	 -1218	 
 10	 35	 1260	 38	 0	 -1222	 
 10	 35	 1260	 46	 0	 -1214	 
 10	 35	 1260	 37	 0	 -1223	 
 10	 35	 1260	 43	 0	 -1217	 
 10	 35	 1260	 42	 0	 -1218	 
 10	 35	 1260	 43	 0	 -1217	 
 10	 35	 1260	 44	 0	 -1216	 
 10	 35	 1260	 42	 0	 -1218	 
 10	 35	 1260	 39	 0	 -1221	 
 10	 35	 1260	 40	 0	 -1220	 
 10	 35	 1260	 45	 0	 -1215	 
 10	 35	 1260	 48	 0	 -1212	 
 10	 35	 1260	 43	 0	 -1217	 
 10	 35	 1260	 43	 0	 -1217	 
 10	 35	 1260	 45	 0	 -1215	 
 10	 35	 1260	 44	 0	 -1216	 
 10	 35	 1260	 48	 0	 -1212	 
 10	 35	 1260	 39	 0	 -1221	 
 10	 35	 1260	 45	 0	 -1215	 
 10	 35	 1260	 36	 0	 -1224	 
 10	 35	 1260	 38	 0	 -1222	 
 10	 35	 1260	 36	 0	 -1224	 
 10	 35	 1260	 43	 0	 -1217	 
 10	 35	 1260	 41	 0	 -1219	 
 10	 35	 1260	 36	 0	 -1224	 
 10	 35	 1260	 36	 0	 -1224	 
 10	 35	 1260	 42	 0	 -1218	 
 10	 35	 1260	 48	 0	 -1212	 
 10	 35	 1260	 38	 0	 -1222	 
 10	 35	 1260	 48	 0	 -1212	 
 10	 35	 1260	 47	 0	 -1213	 
 10	 35	 1260	 43	 0	 -1217	 
 10	 35	 1260	 44	 0	 -1216	 
 10	 35	 1260	 44	 0	 -1216	 
 10	 35	 1260	 38	 0	 -1222	 
 10	 35	 1260	 37	 0	 -1223	 
 10	 35	 1260	 46	 0	 -1214	 
 10	 35	 1260	 39	 0	 -1221	 
 10	 35	 1260	 42	 0	 -1218	 
 10	 35	 1260	 38	 0	 -1222	 
 10	 35	 1260	 38	 0	 -1222	 
 10	 35	 1260	 43	 0	 -1217	 
 10	 35	 1260	 44	 0	 -1216	 
 10	 35	 1260	 41	 0	 -1219	 
 10	 35	 1260	 39	 0	 -1221	 
 10	 35	 1260	 46	 0	 -1214	 
 10	 35	 1260	 48	 0	 -1212	 
 10	 35	 1260	 38	 0	 -1222	 
 0	 0	 0	 0	 0	 0	 
 0	 0	 0	 0	 0	 0	 
 12	 28	 1260	 34	 1	 -1226	 
 12	 28	 1260	 30	 1	 -1230	 
 12	 28	 1260	 34	 1	 -1226	 
 12	 28	 1260	 32	 1	 -1228	 
 12	 28	 1260	 32	 1	 -1228	 
 12	 28	 1260	 32	 1	 -1228	 
 12	 28	 1260	 32	 1	 -1228	 
 12	 28	 1260	 36	 1	 -1224	 
 12	 28	 1260	 34	 1	 -1226	 
 12	 28	 1260	 33	 1	 -1227	 
 12	 28	 1260	 37	 1	 -1223	 
 12	 28	 1260	 33	 1	 -1227	 
 12	 28	 1260	 34	 1	 -1226	 
 12	 28	 1260	 35	 1	 -1225	 
 12	 28	 1260	 34	 1	 -1226	 
 12	 28	 1260	 35	 1	 -1225	 
 12	 28	 1260	 34	 1	 -1226	 
 12	 28	 1260	 32	 1	 -1228	 
 12	 28	 1260	 32	 1	 -1228	 
 12	 28	 1260	 30	 1	 -1230	 
 12	 28	 1260	 36	 1	 -1224	 
 12	 28	 1260	 30	 1	 -1230	 
 12	 28	 1260	 36	 1	 -1224	 
 12	 28	 1260	 29	 1	 -1231	 
 12	 28	 1260	 33	 1	 -1227	 
 12	 28	 1260	 32	 1	 -1228	 
 12	 28	 1260	 32	 1	 -1228	 
 12	 28	 1260	 33	 1	 -1227	 
 12	 28	 1260	 36	 1	 -1224	 
 12	 28	 1260	 29	 1	 -1231	 
 12	 28	 1260	 30	 1	 -1230	 
 12	 28	 1260	 30	 1	 -1230	 
 12	 28	 1260	 34	 1	 -1226	 
 12	 28	 1260	 30	 1	 -1230	 
 12	 28	 1260	 36	 1	 -1224	 
 12	 28	 1260	 32	 1	 -1228	 
 12	 28	 1260	 35	 1	 -1225	 
 12	 28	 1260	 35	 1	 -1225	 
 12	 28	 1260	 33	 1	 -1227	 
 12	 28	 1260	 33	 1	 -1227	 
 12	 28	 1260	 36	 1	 -1224	 
 12	 28	 1260	 32	 1	 -1228	 
 12	 28	 1260	 34	 1	 -1226	 
 12	 28	 1260	 33	 1	 -1227	 
 12	 28	 1260	 30	 1	 -1230	 
 12	 28	 1260	 31	 1	 -1229	 
 12	 28	 1260	 35	 1	 -1225	 
 12	 28	 1260	 32	 1	 -1228	 
 12	 28	 1260	 30	 1	 -1230	 
 12	 28	 1260	 32	 1	 -1228	 
 12	 28	 1260	 30	 1	 -1230	 
 12	 28	 1260	 32	 1	 -1228	 
 12	 28	 1260	 31	 1	 -1229	 
 12	 28	 1260	 29	 1	 -1231	 
 12	 28	 1260	 35	 1	 -1225	 
 12	 28	 1260	 35	 1	 -1225	 
 12	 28	 1260	 31	 1	 -1229	 
 12	 28	 1260	 33	 1	 -1227	 
 12	 28	 1260	 35	 1	 -1225	 
 12	 28	 1260	 30	 1	 -1230	 
 12	 28	 1260	 30	 1	 -1230	 
 12	 28	 1260	 33	 1	 -1227	 
 12	 28	 1260	 29	 1	 -1231	 
 12	 28	 1260	 34	 1	 -1226	 
 12	 28	 1260	 30	 1	 -1230	 
 12	 28	 1260	 33	 1	 -1227	 
 12	 28	 1260	 35	 1	 -1225	 
 12	 28	 1260	 36	 1	 -1224	 
 12	 28	 1260	 29	 1	 -1231	 
 12	 28	 1260	 35	 1	 -1225	 
 12	 28	 1260	 30	 1	 -1230	 
 12	 28	 1260	 31	 1	 -1229	 
 12	 28	 1260	 36	 1	 -1224	 
 12	 28	 1260	 31	 1	 -1229	 
 12	 28	 1260	 35	 1	 -1225	 
 12	 28	 1260	 29	 1	 -1231	 
 12	 28	 1260	 32	 1	 -1228	 
 12	 28	 1260	 35	 1	 -1225	 
 12	 28	 1260	 37	 1	 -1223	 
 12	 28	 1260	 36	 1	 -1224	 
 12	 28	 1260	 35	 1	 -1225	 
 12	 28	 1260	 32	 1	 -1228	 
 12	 28	 1260	 33	 1	 -1227	 
 12	 28	 1260	 33	 1	 -1227	 
 12	 28	 1260	 29	 1	 -1231	 
 12	 28	 1260	 33	 1	 -1227	 
 12	 28	 1260	 32	 1	 -1228	 
 12	 28	 1260	 33	 1	 -1227	 
 12	 28	 1260	 32	 1	 -1228	 
 12	 28	 1260	 35	 1	 -1225	 
 12	 28	 1260	 37	 1	 -1223	 
 12	 28	 1260	 30	 1	 -1230	 
 12	 28	 1260	 36	 1	 -1224	 
 12	 28	 1260	 29	 1	 -1231	 
 12	 28	 1260	 35	 1	 -1225	 
 12	 28	 1260	 34	 1	 -1226	 
 12	 28	 1260	 37	 1	 -1223	 
 12	 28	 1260	 33	 1	 -1227	 
 12	 28	 1260	 31	 1	 -1229	 
 0	 0	 0	 0	 0	 0	 
 