2.563366e-01	 6.872977e-01	 2.333149e-04	 5.628387e-02	 1.603245e-04	 8.631527e+00	 
 2.192657e-01	 6.983165e-01	 1.512086e-04	 8.225111e-02	 2.227866e-05	 8.280518e+00	 
 2.192593e-01	 6.983401e-01	 1.513427e-04	 8.224208e-02	 2.421399e-05	 8.112524e+00	 
 2.192770e-01	 6.982749e-01	 1.509720e-04	 8.226706e-02	 4.213716e-05	 8.387737e+00	 
 2.192742e-01	 6.982853e-01	 1.510309e-04	 8.226309e-02	 2.741351e-05	 8.114839e+00	 
 2.192542e-01	 6.983591e-01	 1.514507e-04	 8.223480e-02	 1.836969e-06	 8.370724e+00	 
 2.198498e-01	 6.982556e-01	 9.709740e-05	 8.177200e-02	 5.136932e-05	 8.761630e+00	 
 2.198113e-01	 6.984098e-01	 9.766149e-05	 8.171000e-02	 3.155234e-05	 8.495188e+00	 
 2.192328e-01	 6.984378e-01	 1.518983e-04	 8.220462e-02	 4.412454e-05	 8.241828e+00	 
 2.094715e-01	 6.960558e-01	 2.776207e-03	 9.166444e-02	 3.344913e-05	 7.866555e+00	 
 2.192481e-01	 6.983813e-01	 1.515770e-04	 8.222628e-02	 1.942795e-05	 8.303506e+00	 
 2.192699e-01	 6.983010e-01	 1.511200e-04	 8.225709e-02	 4.350707e-05	 8.384215e+00	 
 2.799137e-01	 6.797488e-01	 2.494745e-04	 4.005087e-02	 4.368188e-05	 8.648655e+00	 
 2.192425e-01	 6.984021e-01	 1.516954e-04	 8.221830e-02	 1.522731e-05	 8.174824e+00	 
 2.192874e-01	 6.982365e-01	 1.507533e-04	 8.228181e-02	 4.490538e-05	 8.116913e+00	 
 2.192665e-01	 6.983135e-01	 1.511915e-04	 8.225227e-02	 2.627010e-05	 8.330361e+00	 
 