2.304552e-01	 7.480081e-01	 1.625669e-03	 4.093396e-02	 2.250151e-02	 9.406976e+00	 
 1.484339e-01	 7.543236e-01	 4.897548e-03	 1.069856e-01	 1.502928e-02	 9.006408e+00	 
 1.518795e-01	 7.384183e-01	 4.401708e-03	 1.140351e-01	 8.929039e-03	 8.898973e+00	 
 1.533540e-01	 7.316117e-01	 4.189515e-03	 1.170519e-01	 6.432222e-03	 8.849311e+00	 
 1.540395e-01	 7.284471e-01	 4.090860e-03	 1.184545e-01	 5.221733e-03	 8.825376e+00	 
 1.543705e-01	 7.269192e-01	 4.043230e-03	 1.191317e-01	 4.596063e-03	 8.813618e+00	 
 1.545332e-01	 7.261682e-01	 4.019817e-03	 1.194646e-01	 4.300059e-03	 8.807788e+00	 
 1.546139e-01	 7.257958e-01	 4.008206e-03	 1.196297e-01	 4.223623e-03	 8.804885e+00	 
 1.546158e-01	 7.257867e-01	 4.007923e-03	 1.196337e-01	 4.114588e-03	 8.804814e+00	 
 1.556562e-01	 7.249492e-01	 4.059856e-03	 1.192876e-01	 4.074929e-03	 8.798978e+00	 
 1.565684e-01	 7.242052e-01	 4.138562e-03	 1.189876e-01	 3.973550e-03	 8.793827e+00	 
 1.582867e-01	 7.226376e-01	 3.741428e-03	 1.184676e-01	 3.179304e-03	 8.784183e+00	 
 2.106138e-01	 7.018845e-01	 7.830057e-04	 8.754001e-02	 8.541489e-04	 8.625928e+00	 
 2.107842e-01	 6.987830e-01	 1.272970e-04	 8.950533e-02	 8.216809e-04	 8.344623e+00	 
 2.191016e-01	 6.983027e-01	 7.956600e-04	 8.240675e-02	 6.170827e-04	 7.514030e+00	 
 2.187815e-01	 6.962624e-01	 7.723696e-04	 8.396727e-02	 2.324819e-04	 7.479668e+00	 
 2.145803e-01	 6.978431e-01	 6.962100e-04	 8.672132e-02	 1.631941e-04	 7.461078e+00	 
 2.140664e-01	 6.983068e-01	 6.801938e-04	 8.689197e-02	 6.791973e-05	 7.463551e+00	 
 2.138181e-01	 6.985308e-01	 6.724572e-04	 8.697441e-02	 4.854857e-06	 7.464869e+00	 
 