2.875523e+02	 1.760910e+03	 2.138844e+02	 8.462666e-08	 1.855480e-04	 8.462666e-08	 
 2.875523e+02	 1.760910e+03	 1.402165e+02	 8.462666e-08	 1.855480e-04	 8.462666e-08	 
 2.875523e+02	 1.760910e+03	 6.654864e+01	 8.462666e-08	 1.855480e-04	 8.462666e-08	 
 3.024286e+02	 8.942154e+02	 2.728393e+02	 8.462666e-08	 6.291732e-06	 8.462666e-08	 
 3.024286e+02	 8.942154e+02	 2.432499e+02	 8.462666e-08	 6.291732e-06	 8.462666e-08	 
 3.024286e+02	 8.942154e+02	 2.136606e+02	 8.462666e-08	 6.291732e-06	 8.462666e-08	 
 3.024286e+02	 8.942154e+02	 1.840713e+02	 8.462666e-08	 6.291732e-06	 8.462666e-08	 
 3.024286e+02	 8.942154e+02	 1.544819e+02	 8.462666e-08	 6.291732e-06	 8.462666e-08	 
 3.024286e+02	 8.942154e+02	 1.248926e+02	 8.462666e-08	 6.291732e-06	 8.462666e-08	 
 3.024286e+02	 8.942154e+02	 9.530324e+01	 8.462666e-08	 6.291732e-06	 8.462666e-08	 
 3.024286e+02	 8.942154e+02	 6.571390e+01	 8.462666e-08	 6.291732e-06	 8.462666e-08	 
 3.024286e+02	 8.942154e+02	 3.612456e+01	 8.462666e-08	 6.291732e-06	 8.462666e-08	 
 3.024286e+02	 8.942154e+02	 6.535216e+00	 8.462666e-08	 6.291732e-06	 8.462666e-08	 
 3.024286e+02	 3.024286e+02	 3.024286e+02	 8.462666e-08	 8.462666e-08	 8.462666e-08	 
 3.024286e+02	 3.024286e+02	 3.024286e+02	 8.462666e-08	 8.462666e-08	 8.462666e-08	 
 3.024286e+02	 3.024286e+02	 3.024286e+02	 8.462666e-08	 8.462666e-08	 8.462666e-08	 
 3.024286e+02	 3.024286e+02	 3.024286e+02	 8.462666e-08	 8.462666e-08	 8.462666e-08	 
 3.024286e+02	 3.024286e+02	 3.024286e+02	 8.462666e-08	 8.462666e-08	 8.462666e-08	 
 3.024286e+02	 3.024286e+02	 3.024286e+02	 8.462666e-08	 8.462666e-08	 8.462666e-08	 
 3.024286e+02	 3.024286e+02	 3.024286e+02	 8.462666e-08	 8.462666e-08	 8.462666e-08	 
 3.024286e+02	 3.024286e+02	 3.024286e+02	 8.462666e-08	 8.462666e-08	 8.462666e-08	 
 3.024286e+02	 3.024286e+02	 3.024286e+02	 8.462666e-08	 8.462666e-08	 8.462666e-08	 
 3.024286e+02	 3.024286e+02	 3.024286e+02	 8.462666e-08	 8.462666e-08	 8.462666e-08	 
 3.024286e+02	 3.024286e+02	 3.024286e+02	 8.462666e-08	 8.462666e-08	 8.462666e-08	 
 3.024286e+02	 3.024286e+02	 3.024286e+02	 8.462666e-08	 8.462666e-08	 8.462666e-08	 
 3.024286e+02	 3.024286e+02	 3.024286e+02	 8.462666e-08	 8.462666e-08	 8.462666e-08	 
 3.024286e+02	 3.024286e+02	 3.024286e+02	 8.462666e-08	 8.462666e-08	 8.462666e-08	 
 3.024286e+02	 3.024286e+02	 3.024286e+02	 8.462666e-08	 8.462666e-08	 8.462666e-08	 
 3.024286e+02	 3.024286e+02	 3.024286e+02	 8.462666e-08	 8.462666e-08	 8.462666e-08	 
 3.024286e+02	 3.024286e+02	 3.024286e+02	 8.462666e-08	 8.462666e-08	 8.462666e-08	 
 3.024286e+02	 3.024286e+02	 3.024286e+02	 8.462666e-08	 8.462666e-08	 8.462666e-08	 
 3.024286e+02	 3.024286e+02	 3.024286e+02	 8.462666e-08	 8.462666e-08	 8.462666e-08	 
 3.024286e+02	 3.024286e+02	 3.024286e+02	 8.462666e-08	 8.462666e-08	 8.462666e-08	 
 3.024286e+02	 1.917198e+03	 2.216901e+02	 8.462666e-08	 4.398082e-05	 8.462666e-08	 
 3.024286e+02	 1.917198e+03	 1.409517e+02	 8.462666e-08	 4.398082e-05	 8.462666e-08	 
 3.024286e+02	 1.917198e+03	 6.021318e+01	 8.462666e-08	 4.398082e-05	 8.462666e-08	 
 3.024286e+02	 1.917198e+03	 2.216901e+02	 8.462666e-08	 4.398082e-05	 8.462666e-08	 
 3.024286e+02	 1.917198e+03	 1.409517e+02	 8.462666e-08	 4.398082e-05	 8.462666e-08	 
 3.024286e+02	 1.917198e+03	 6.021318e+01	 8.462666e-08	 4.398082e-05	 8.462666e-08	 
 3.024286e+02	 3.024286e+02	 3.024286e+02	 8.462666e-08	 8.462666e-08	 8.462666e-08	 
 3.024286e+02	 3.024286e+02	 3.024286e+02	 8.462666e-08	 8.462666e-08	 8.462666e-08	 
 3.024286e+02	 3.024286e+02	 3.024286e+02	 8.462666e-08	 8.462666e-08	 8.462666e-08	 
 3.024286e+02	 3.024286e+02	 3.024286e+02	 8.462666e-08	 8.462666e-08	 8.462666e-08	 
 3.024286e+02	 3.024286e+02	 3.024286e+02	 8.462666e-08	 8.462666e-08	 8.462666e-08	 
 3.024286e+02	 3.024286e+02	 3.024286e+02	 8.462666e-08	 8.462666e-08	 8.462666e-08	 
 3.024286e+02	 3.024286e+02	 3.024286e+02	 8.462666e-08	 8.462666e-08	 8.462666e-08	 
 3.024286e+02	 3.024286e+02	 3.024286e+02	 8.462666e-08	 8.462666e-08	 8.462666e-08	 
 3.024286e+02	 3.024286e+02	 3.024286e+02	 8.462666e-08	 8.462666e-08	 8.462666e-08	 
 3.024286e+02	 3.024286e+02	 3.024286e+02	 8.462666e-08	 8.462666e-08	 8.462666e-08	 
 3.024286e+02	 3.024286e+02	 3.024286e+02	 8.462666e-08	 8.462666e-08	 8.462666e-08	 
 3.024286e+02	 3.024286e+02	 3.024286e+02	 8.462666e-08	 8.462666e-08	 8.462666e-08	 
 3.024286e+02	 3.024286e+02	 3.024286e+02	 8.462666e-08	 8.462666e-08	 8.462666e-08	 
 3.024286e+02	 3.024286e+02	 3.024286e+02	 8.462666e-08	 8.462666e-08	 8.462666e-08	 
 3.024286e+02	 3.024286e+02	 3.024286e+02	 8.462666e-08	 8.462666e-08	 8.462666e-08	 
 3.024286e+02	 3.024286e+02	 3.024286e+02	 8.462666e-08	 8.462666e-08	 8.462666e-08	 
 3.024286e+02	 3.024286e+02	 3.024286e+02	 8.462666e-08	 8.462666e-08	 8.462666e-08	 
 3.024286e+02	 3.024286e+02	 3.024286e+02	 8.462666e-08	 8.462666e-08	 8.462666e-08	 
 3.024286e+02	 3.024286e+02	 3.024286e+02	 8.462666e-08	 8.462666e-08	 8.462666e-08	 
 3.024286e+02	 3.024286e+02	 3.024286e+02	 8.462666e-08	 8.462666e-08	 8.462666e-08	 
 3.024286e+02	 8.942154e+02	 2.728393e+02	 8.462666e-08	 6.291732e-06	 8.462666e-08	 
 3.024286e+02	 8.942154e+02	 2.432499e+02	 8.462666e-08	 6.291732e-06	 8.462666e-08	 
 3.024286e+02	 8.942154e+02	 2.136606e+02	 8.462666e-08	 6.291732e-06	 8.462666e-08	 
 3.024286e+02	 8.942154e+02	 1.840713e+02	 8.462666e-08	 6.291732e-06	 8.462666e-08	 
 3.024286e+02	 8.942154e+02	 1.544819e+02	 8.462666e-08	 6.291732e-06	 8.462666e-08	 
 3.024286e+02	 8.942154e+02	 1.248926e+02	 8.462666e-08	 6.291732e-06	 8.462666e-08	 
 3.024286e+02	 8.942154e+02	 9.530324e+01	 8.462666e-08	 6.291732e-06	 8.462666e-08	 
 3.024286e+02	 8.942154e+02	 6.571390e+01	 8.462666e-08	 6.291732e-06	 8.462666e-08	 
 3.024286e+02	 8.942154e+02	 3.612456e+01	 8.462666e-08	 6.291732e-06	 8.462666e-08	 
 3.024286e+02	 8.942154e+02	 6.535216e+00	 8.462666e-08	 6.291732e-06	 8.462666e-08	 
 3.706345e+02	 1.760910e+03	 3.011207e+02	 8.462666e-08	 1.855480e-04	 8.462666e-08	 
 3.706345e+02	 1.760910e+03	 2.316069e+02	 8.462666e-08	 1.855480e-04	 8.462666e-08	 
 3.706345e+02	 1.760910e+03	 1.620932e+02	 8.462666e-08	 1.855480e-04	 8.462666e-08	 
 3.706345e+02	 1.760910e+03	 9.257936e+01	 8.462666e-08	 1.855480e-04	 8.462666e-08	 
 3.706345e+02	 1.760910e+03	 2.306557e+01	 8.462666e-08	 1.855480e-04	 8.462666e-08	 
 3.706345e+02	 3.638542e+03	 2.072391e+02	 8.462666e-08	 7.944118e-06	 8.462666e-08	 
 3.706345e+02	 3.638542e+03	 4.384376e+01	 8.462666e-08	 7.944118e-06	 8.462666e-08	 
 3.024286e+02	 3.024286e+02	 3.024286e+02	 8.462666e-08	 8.462666e-08	 8.462666e-08	 
 3.024286e+02	 3.024286e+02	 3.024286e+02	 8.462666e-08	 8.462666e-08	 8.462666e-08	 
 3.024286e+02	 3.024286e+02	 3.024286e+02	 8.462666e-08	 8.462666e-08	 8.462666e-08	 
 3.024286e+02	 3.024286e+02	 3.024286e+02	 8.462666e-08	 8.462666e-08	 8.462666e-08	 
 3.024286e+02	 3.024286e+02	 3.024286e+02	 8.462666e-08	 8.462666e-08	 8.462666e-08	 
 3.024286e+02	 3.024286e+02	 3.024286e+02	 8.462666e-08	 8.462666e-08	 8.462666e-08	 
 3.024286e+02	 3.024286e+02	 3.024286e+02	 8.462666e-08	 8.462666e-08	 8.462666e-08	 
 3.024286e+02	 3.024286e+02	 3.024286e+02	 8.462666e-08	 8.462666e-08	 8.462666e-08	 
 3.024286e+02	 3.024286e+02	 3.024286e+02	 8.462666e-08	 8.462666e-08	 8.462666e-08	 
 3.024286e+02	 3.024286e+02	 3.024286e+02	 8.462666e-08	 8.462666e-08	 8.462666e-08	 
 3.024286e+02	 3.024286e+02	 3.024286e+02	 8.462666e-08	 8.462666e-08	 8.462666e-08	 
 3.024286e+02	 3.024286e+02	 3.024286e+02	 8.462666e-08	 8.462666e-08	 8.462666e-08	 
 3.024286e+02	 3.024286e+02	 3.024286e+02	 8.462666e-08	 8.462666e-08	 8.462666e-08	 
 3.024286e+02	 3.024286e+02	 3.024286e+02	 8.462666e-08	 8.462666e-08	 8.462666e-08	 
 3.024286e+02	 3.024286e+02	 3.024286e+02	 8.462666e-08	 8.462666e-08	 8.462666e-08	 
 3.024286e+02	 3.024286e+02	 3.024286e+02	 8.462666e-08	 8.462666e-08	 8.462666e-08	 
 3.024286e+02	 3.024286e+02	 3.024286e+02	 8.462666e-08	 8.462666e-08	 8.462666e-08	 
 3.024286e+02	 3.024286e+02	 3.024286e+02	 8.462666e-08	 8.462666e-08	 8.462666e-08	 
 3.024286e+02	 3.024286e+02	 3.024286e+02	 8.462666e-08	 8.462666e-08	 8.462666e-08	 
 3.024286e+02	 3.024286e+02	 3.024286e+02	 8.462666e-08	 8.462666e-08	 8.462666e-08	 
 