2.445640e-01	 6.897810e-01	 1.963037e-04	 6.545870e-02	 4.731981e+04	 7.640586e+00	 
 2.353816e-01	 6.943290e-01	 4.135028e-04	 6.987597e-02	 4.112262e+04	 9.073050e+00	 
 2.417452e-01	 6.911312e-01	 3.762588e-04	 6.674726e-02	 4.419020e+04	 8.695563e+00	 
 2.330384e-01	 6.955342e-01	 4.281816e-04	 7.099923e-02	 4.111876e+04	 8.970837e+00	 
 2.331975e-01	 6.954475e-01	 4.263642e-04	 7.092866e-02	 4.111914e+04	 9.042568e+00	 
 2.330079e-01	 6.955497e-01	 4.283392e-04	 7.101406e-02	 4.111871e+04	 8.971986e+00	 
 2.325624e-01	 6.957758e-01	 4.305957e-04	 7.123119e-02	 4.111805e+04	 8.993350e+00	 
 2.409470e-01	 6.915522e-01	 3.778670e-04	 6.712295e-02	 4.576149e+04	 8.782549e+00	 
 2.426429e-01	 6.906733e-01	 3.714872e-04	 6.631228e-02	 4.419229e+04	 8.675048e+00	 
 2.546969e-01	 6.844595e-01	 3.021139e-04	 6.054151e-02	 4.115295e+04	 9.220719e+00	 
 2.335480e-01	 6.952752e-01	 4.255202e-04	 7.075131e-02	 4.111952e+04	 8.954247e+00	 
 2.326383e-01	 6.957346e-01	 4.297516e-04	 7.119742e-02	 4.111823e+04	 9.026953e+00	 
 2.347426e-01	 6.946676e-01	 4.191570e-04	 7.017067e-02	 4.112133e+04	 8.926285e+00	 
 2.338923e-01	 6.951001e-01	 4.237004e-04	 7.058389e-02	 4.112004e+04	 8.945021e+00	 
 2.445041e-01	 6.896651e-01	 3.606394e-04	 6.547013e-02	 4.113700e+04	 9.146709e+00	 
 2.411550e-01	 6.914163e-01	 3.806779e-04	 6.704802e-02	 4.266633e+04	 8.813762e+00	 
 2.337568e-01	 6.951690e-01	 4.244183e-04	 7.064977e-02	 4.111984e+04	 8.948505e+00	 
 2.328549e-01	 6.956274e-01	 4.291266e-04	 7.108858e-02	 4.111848e+04	 8.978152e+00	 
 2.356702e-01	 6.941955e-01	 4.141499e-04	 6.972011e-02	 4.112274e+04	 8.909766e+00	 
 2.429366e-01	 6.905358e-01	 3.682682e-04	 6.615934e-02	 4.576675e+04	 8.627525e+00	 
 2.324445e-01	 6.958352e-01	 4.311136e-04	 7.128918e-02	 4.111788e+04	 9.005865e+00	 
 2.415341e-01	 6.912506e-01	 3.756588e-04	 6.683964e-02	 4.576307e+04	 8.684207e+00	 
 2.420862e-01	 6.909573e-01	 3.744500e-04	 6.658201e-02	 4.419099e+04	 8.687242e+00	 
 2.349992e-01	 6.945370e-01	 4.177758e-04	 7.004598e-02	 4.112172e+04	 8.921400e+00	 
 2.325675e-01	 6.957733e-01	 4.305710e-04	 7.122870e-02	 4.111806e+04	 8.993002e+00	 
 2.414063e-01	 6.913155e-01	 3.763424e-04	 6.690183e-02	 4.576273e+04	 8.691414e+00	 
 2.327205e-01	 6.956923e-01	 4.292435e-04	 7.115799e-02	 4.111836e+04	 9.030108e+00	 
 2.335643e-01	 6.952595e-01	 4.241832e-04	 7.075208e-02	 4.111972e+04	 9.049399e+00	 
 2.325454e-01	 6.957824e-01	 4.303378e-04	 7.124188e-02	 4.111807e+04	 9.022371e+00	 
 2.339010e-01	 6.950957e-01	 4.236538e-04	 7.057963e-02	 4.112006e+04	 8.944801e+00	 
 2.379423e-01	 6.930190e-01	 3.985870e-04	 6.864008e-02	 4.112667e+04	 9.097032e+00	 
 2.334592e-01	 6.953203e-01	 4.259872e-04	 7.079451e-02	 4.111939e+04	 8.956847e+00	 
 2.329879e-01	 6.955599e-01	 4.284427e-04	 7.102383e-02	 4.111868e+04	 8.972755e+00	 
 2.414010e-01	 6.913182e-01	 3.763708e-04	 6.690442e-02	 4.576272e+04	 8.691725e+00	 
 2.409797e-01	 6.915216e-01	 3.803004e-04	 6.711843e-02	 4.418842e+04	 8.717667e+00	 
 2.346868e-01	 6.946960e-01	 4.194566e-04	 7.019776e-02	 4.112125e+04	 8.927385e+00	 
 2.325325e-01	 6.957909e-01	 4.307387e-04	 7.124579e-02	 4.111801e+04	 8.995521e+00	 
 2.435608e-01	 6.902172e-01	 3.649822e-04	 6.585710e-02	 4.576840e+04	 8.610188e+00	 
 2.340303e-01	 6.950207e-01	 4.214297e-04	 7.052754e-02	 4.112047e+04	 9.056598e+00	 
 2.329953e-01	 6.955561e-01	 4.284042e-04	 7.102019e-02	 4.111869e+04	 8.972468e+00	 
 2.430146e-01	 6.904691e-01	 3.707702e-04	 6.614557e-02	 4.266979e+04	 8.764375e+00	 
 2.329476e-01	 6.955803e-01	 4.286504e-04	 7.104344e-02	 4.111862e+04	 8.974333e+00	 
 2.325889e-01	 6.957624e-01	 4.304666e-04	 7.121823e-02	 4.111809e+04	 8.991599e+00	 
 2.418510e-01	 6.910620e-01	 3.769871e-04	 6.671006e-02	 4.266762e+04	 8.791839e+00	 
 2.324827e-01	 6.958161e-01	 4.309672e-04	 7.127022e-02	 4.111793e+04	 8.999994e+00	 
 2.346681e-01	 6.947055e-01	 4.195572e-04	 7.020686e-02	 4.112122e+04	 8.927758e+00	 
 2.414977e-01	 6.912419e-01	 3.788616e-04	 6.688153e-02	 4.266696e+04	 8.802255e+00	 
 2.415282e-01	 6.912264e-01	 3.787003e-04	 6.686676e-02	 4.266702e+04	 8.801305e+00	 
 2.403981e-01	 6.918010e-01	 3.840291e-04	 6.741678e-02	 4.266495e+04	 8.891017e+00	 
 2.444759e-01	 6.897032e-01	 3.890672e-04	 6.543190e-02	 4.645446e+04	 8.674519e+00	 
 2.443275e-01	 6.897774e-01	 3.894865e-04	 6.550563e-02	 4.640690e+04	 8.731504e+00	 
 2.335256e-01	 6.952793e-01	 4.244127e-04	 7.077072e-02	 4.111966e+04	 9.048739e+00	 
 2.324611e-01	 6.958269e-01	 4.310574e-04	 7.128087e-02	 4.111791e+04	 9.002682e+00	 
 2.564291e-01	 6.835751e-01	 2.922062e-04	 5.970353e-02	 4.115565e+04	 9.234076e+00	 
 2.331576e-01	 6.954736e-01	 4.275633e-04	 7.094122e-02	 4.111894e+04	 8.966546e+00	 
 2.464264e-01	 6.887284e-01	 3.474532e-04	 6.449771e-02	 4.267631e+04	 8.988191e+00	 
 2.328318e-01	 6.956351e-01	 4.285640e-04	 7.110455e-02	 4.111854e+04	 9.033671e+00	 
 2.342353e-01	 6.949157e-01	 4.202227e-04	 7.042873e-02	 4.112080e+04	 9.059430e+00	 
 2.343401e-01	 6.948724e-01	 4.213145e-04	 7.036621e-02	 4.112072e+04	 8.934583e+00	 
 2.407926e-01	 6.916006e-01	 3.825970e-04	 6.722416e-02	 4.266566e+04	 8.827902e+00	 
 2.333438e-01	 6.953790e-01	 4.265919e-04	 7.085062e-02	 4.111922e+04	 8.960387e+00	 
 2.407335e-01	 6.916303e-01	 3.818481e-04	 6.725433e-02	 4.266558e+04	 8.903875e+00	 
 2.435105e-01	 6.902395e-01	 3.620424e-04	 6.588789e-02	 4.419423e+04	 8.932314e+00	 
 2.327717e-01	 6.956660e-01	 4.289297e-04	 7.113338e-02	 4.111845e+04	 9.031828e+00	 
 2.330288e-01	 6.955390e-01	 4.282309e-04	 7.100387e-02	 4.111874e+04	 8.971195e+00	 
 2.335764e-01	 6.952608e-01	 4.253706e-04	 7.073749e-02	 4.111957e+04	 8.953436e+00	 
 2.418735e-01	 6.910496e-01	 3.747555e-04	 6.670211e-02	 4.266772e+04	 8.929127e+00	 
 2.443333e-01	 6.898209e-01	 3.570385e-04	 6.548873e-02	 4.419613e+04	 8.945196e+00	 
 2.415796e-01	 6.912157e-01	 3.771354e-04	 6.682753e-02	 4.418981e+04	 8.699895e+00	 
 2.336279e-01	 6.952346e-01	 4.250990e-04	 7.071243e-02	 4.111964e+04	 8.951991e+00	 
 2.409835e-01	 6.915196e-01	 3.802805e-04	 6.711659e-02	 4.418843e+04	 8.717543e+00	 
 2.406677e-01	 6.916638e-01	 3.822692e-04	 6.728623e-02	 4.266546e+04	 8.901793e+00	 
 2.420197e-01	 6.909913e-01	 3.748033e-04	 6.661425e-02	 4.419083e+04	 8.688808e+00	 
 2.324874e-01	 6.958137e-01	 4.309466e-04	 7.126791e-02	 4.111794e+04	 8.999499e+00	 
 2.326416e-01	 6.957357e-01	 4.302062e-04	 7.119251e-02	 4.111816e+04	 8.988461e+00	 
 2.333512e-01	 6.953752e-01	 4.265530e-04	 7.084701e-02	 4.111923e+04	 8.960153e+00	 
 2.399902e-01	 6.920252e-01	 3.855167e-04	 6.759906e-02	 4.418614e+04	 8.758517e+00	 
 2.324465e-01	 6.958336e-01	 4.310158e-04	 7.128880e-02	 4.111790e+04	 9.012972e+00	 
 2.408096e-01	 6.915920e-01	 3.825070e-04	 6.721589e-02	 4.266569e+04	 8.827180e+00	 
 2.355084e-01	 6.942779e-01	 4.150262e-04	 6.979870e-02	 4.112249e+04	 8.912442e+00	 
 2.411324e-01	 6.914592e-01	 3.765049e-04	 6.703193e-02	 4.576195e+04	 8.795560e+00	 
 2.475063e-01	 6.882285e-01	 3.361475e-04	 6.392901e-02	 4.577845e+04	 8.944355e+00	 
 2.330607e-01	 6.955228e-01	 4.280660e-04	 7.098836e-02	 4.111879e+04	 8.970009e+00	 
 2.329329e-01	 6.955878e-01	 4.287259e-04	 7.105057e-02	 4.111860e+04	 8.974918e+00	 
 2.344535e-01	 6.948147e-01	 4.207078e-04	 7.031112e-02	 4.112089e+04	 8.932156e+00	 
 2.423106e-01	 6.908279e-01	 3.745392e-04	 6.648704e-02	 4.266847e+04	 8.779963e+00	 
 2.324384e-01	 6.958381e-01	 4.311120e-04	 7.129237e-02	 4.111788e+04	 9.008848e+00	 
 2.325523e-01	 6.957788e-01	 4.302937e-04	 7.123859e-02	 4.111808e+04	 9.022770e+00	 
 2.512047e-01	 6.862426e-01	 3.221198e-04	 6.223058e-02	 4.114749e+04	 9.194716e+00	 
 2.340479e-01	 6.950210e-01	 4.228734e-04	 7.050824e-02	 4.112028e+04	 8.941222e+00	 
 2.610558e-01	 6.812631e-01	 2.625349e-04	 5.741856e-02	 4.270396e+04	 9.136582e+00	 
 2.356620e-01	 6.941997e-01	 4.141942e-04	 6.972408e-02	 4.112273e+04	 8.909899e+00	 
 2.481700e-01	 6.878672e-01	 3.340519e-04	 6.362870e-02	 4.420506e+04	 8.998913e+00	 
 2.353861e-01	 6.943401e-01	 4.156877e-04	 6.985809e-02	 4.112231e+04	 8.914515e+00	 
 2.408066e-01	 6.916221e-01	 3.790428e-04	 6.719231e-02	 4.576115e+04	 8.763819e+00	 
 2.404380e-01	 6.917975e-01	 3.831507e-04	 6.738135e-02	 4.418716e+04	 8.737659e+00	 
 2.469395e-01	 6.885167e-01	 3.395959e-04	 6.420428e-02	 4.577696e+04	 8.934983e+00	 
 2.380582e-01	 6.929598e-01	 3.979141e-04	 6.858413e-02	 4.112686e+04	 9.098007e+00	 
 2.429084e-01	 6.905232e-01	 3.713399e-04	 6.619705e-02	 4.266959e+04	 8.766566e+00	 
 2.345622e-01	 6.947594e-01	 4.201253e-04	 7.025830e-02	 4.112106e+04	 8.929898e+00	 
 2.324437e-01	 6.958356e-01	 4.311153e-04	 7.128957e-02	 4.111788e+04	 9.006084e+00	 
 2.357982e-01	 6.941304e-01	 4.134563e-04	 6.965798e-02	 4.112294e+04	 8.907701e+00	 
 2.352534e-01	 6.944077e-01	 4.164048e-04	 6.992254e-02	 4.112211e+04	 8.916819e+00	 
 2.464071e-01	 6.887573e-01	 3.499640e-04	 6.448568e-02	 4.645961e+04	 8.630620e+00	 
 2.469652e-01	 6.884728e-01	 3.466268e-04	 6.421538e-02	 4.641387e+04	 8.636419e+00	 
 2.370667e-01	 6.934668e-01	 4.036769e-04	 6.906278e-02	 4.112529e+04	 9.089427e+00	 
 2.330760e-01	 6.955098e-01	 4.270912e-04	 7.098712e-02	 4.111894e+04	 9.039934e+00	 
 2.594365e-01	 6.820897e-01	 2.718195e-04	 5.820203e-02	 4.270090e+04	 9.119737e+00	 
 2.325301e-01	 6.957903e-01	 4.304367e-04	 7.124919e-02	 4.111805e+04	 9.021429e+00	 
 2.488686e-01	 6.874356e-01	 3.355283e-04	 6.336025e-02	 4.114384e+04	 9.177828e+00	 
 2.409082e-01	 6.915418e-01	 3.819852e-04	 6.716795e-02	 4.266587e+04	 8.823122e+00	 
 2.333966e-01	 6.953454e-01	 4.251784e-04	 7.083284e-02	 4.111946e+04	 9.046446e+00	 
 2.324398e-01	 6.958375e-01	 4.311193e-04	 7.129162e-02	 4.111788e+04	 9.007618e+00	 
 2.357269e-01	 6.941667e-01	 4.138426e-04	 6.969258e-02	 4.112283e+04	 8.908846e+00	 
 2.328770e-01	 6.956119e-01	 4.282897e-04	 7.108281e-02	 4.111862e+04	 9.034962e+00	 
 2.426597e-01	 6.906499e-01	 3.726726e-04	 6.631766e-02	 4.266912e+04	 8.771905e+00	 
 2.324776e-01	 6.958186e-01	 4.309893e-04	 7.127273e-02	 4.111793e+04	 9.000561e+00	 
 2.350570e-01	 6.944950e-01	 4.154014e-04	 7.003251e-02	 4.112211e+04	 9.069484e+00	 
 2.339168e-01	 6.950877e-01	 4.235704e-04	 7.057199e-02	 4.112008e+04	 8.944410e+00	 
 2.337567e-01	 6.951691e-01	 4.244187e-04	 7.064981e-02	 4.111984e+04	 8.948507e+00	 
 2.351659e-01	 6.944522e-01	 4.168772e-04	 6.996504e-02	 4.112197e+04	 8.918370e+00	 
 2.432987e-01	 6.902811e-01	 3.675905e-04	 6.605268e-02	 4.113511e+04	 9.138051e+00	 
 2.440762e-01	 6.899539e-01	 3.622586e-04	 6.560761e-02	 4.576977e+04	 8.597866e+00	 
 2.351567e-01	 6.944569e-01	 4.169269e-04	 6.996952e-02	 4.112196e+04	 8.918535e+00	 
 2.345107e-01	 6.947856e-01	 4.204013e-04	 7.028332e-02	 4.112098e+04	 8.930959e+00	 
 2.427903e-01	 6.905981e-01	 3.707011e-04	 6.624089e-02	 4.419263e+04	 8.672056e+00	 
 2.584844e-01	 6.825260e-01	 2.804642e-04	 5.870917e-02	 4.115885e+04	 9.250408e+00	 
 2.394212e-01	 6.923148e-01	 3.883054e-04	 6.787575e-02	 4.418483e+04	 8.807139e+00	 
 2.330662e-01	 6.955201e-01	 4.280378e-04	 7.098571e-02	 4.111880e+04	 8.969809e+00	 
 2.408466e-01	 6.916003e-01	 3.791975e-04	 6.717384e-02	 4.576128e+04	 8.737123e+00	 
 2.341861e-01	 6.949507e-01	 4.221371e-04	 7.044107e-02	 4.112049e+04	 8.938008e+00	 
 2.410743e-01	 6.914734e-01	 3.798025e-04	 6.707256e-02	 4.418864e+04	 8.714610e+00	 
 2.334869e-01	 6.953062e-01	 4.258413e-04	 7.078100e-02	 4.111943e+04	 8.956023e+00	 
 2.331294e-01	 6.954879e-01	 4.277097e-04	 7.095493e-02	 4.111889e+04	 8.967533e+00	 
 2.340955e-01	 6.949968e-01	 4.226197e-04	 7.048508e-02	 4.112035e+04	 8.940098e+00	 
 2.406925e-01	 6.916130e-01	 3.826470e-04	 6.731188e-02	 4.113101e+04	 9.118855e+00	 
 2.377372e-01	 6.931239e-01	 3.997783e-04	 6.873909e-02	 4.112635e+04	 9.095290e+00	 
 2.370597e-01	 6.934704e-01	 4.037178e-04	 6.906618e-02	 4.112528e+04	 9.089364e+00	 
 2.567405e-01	 6.834162e-01	 2.904265e-04	 5.955290e-02	 4.115613e+04	 9.236515e+00	 
 2.329112e-01	 6.955988e-01	 4.288377e-04	 7.106116e-02	 4.111857e+04	 8.975799e+00	 
 2.414581e-01	 6.912892e-01	 3.760653e-04	 6.687663e-02	 4.576287e+04	 8.688430e+00	 
 2.339581e-01	 6.950667e-01	 4.233510e-04	 7.055191e-02	 4.112014e+04	 8.943390e+00	 
 2.351153e-01	 6.944780e-01	 4.171502e-04	 6.998962e-02	 4.112190e+04	 8.919279e+00	 
 2.336426e-01	 6.952271e-01	 4.250214e-04	 7.070528e-02	 4.111967e+04	 8.951583e+00	 
 2.410936e-01	 6.914787e-01	 3.767834e-04	 6.705095e-02	 4.576185e+04	 8.793214e+00	 
 2.324414e-01	 6.958364e-01	 4.310629e-04	 7.129117e-02	 4.111789e+04	 9.011512e+00	 
 2.435807e-01	 6.902070e-01	 3.648770e-04	 6.584745e-02	 4.576846e+04	 8.609682e+00	 
 2.357350e-01	 6.941626e-01	 4.137987e-04	 6.968865e-02	 4.112284e+04	 8.908715e+00	 
 2.343299e-01	 6.948775e-01	 4.213689e-04	 7.037116e-02	 4.112071e+04	 8.934804e+00	 
 2.536201e-01	 6.850093e-01	 3.082781e-04	 6.106239e-02	 4.115126e+04	 9.212581e+00	 
 2.335473e-01	 6.952682e-01	 4.242840e-04	 7.076027e-02	 4.111970e+04	 9.049111e+00	 
 2.326369e-01	 6.957381e-01	 4.302297e-04	 7.119481e-02	 4.111816e+04	 8.988727e+00	 
 2.419179e-01	 6.910432e-01	 3.753435e-04	 6.666358e-02	 4.419060e+04	 8.691257e+00	 
 2.330194e-01	 6.955438e-01	 4.282797e-04	 7.100846e-02	 4.111873e+04	 8.971550e+00	 
 2.400140e-01	 6.920131e-01	 3.853905e-04	 6.758746e-02	 4.418619e+04	 8.757270e+00	 
 2.492959e-01	 6.872174e-01	 3.330739e-04	 6.315362e-02	 4.114451e+04	 9.180896e+00	 
 2.327097e-01	 6.957011e-01	 4.298648e-04	 7.115930e-02	 4.111827e+04	 8.984850e+00	 
 2.329434e-01	 6.955778e-01	 4.278886e-04	 7.105090e-02	 4.111873e+04	 9.036733e+00	 
 2.463405e-01	 6.887724e-01	 3.449080e-04	 6.454220e-02	 4.646000e+04	 8.628980e+00	 
 2.444003e-01	 6.897612e-01	 3.541290e-04	 6.548442e-02	 4.640746e+04	 8.776306e+00	 
 2.411630e-01	 6.914391e-01	 3.776376e-04	 6.702020e-02	 4.576210e+04	 8.706951e+00	 
 2.354194e-01	 6.943232e-01	 4.155078e-04	 6.984193e-02	 4.112236e+04	 8.913947e+00	 
 2.418353e-01	 6.910974e-01	 3.740562e-04	 6.669326e-02	 4.576385e+04	 8.668992e+00	 
 2.325462e-01	 6.957840e-01	 4.306734e-04	 7.123908e-02	 4.111803e+04	 8.994492e+00	 
 2.402288e-01	 6.918872e-01	 3.852314e-04	 6.749874e-02	 4.266463e+04	 8.877925e+00	 
 2.421196e-01	 6.909403e-01	 3.742728e-04	 6.656584e-02	 4.419107e+04	 8.686466e+00	 
 2.350016e-01	 6.945358e-01	 4.177631e-04	 7.004483e-02	 4.112172e+04	 8.921356e+00	 
 2.344109e-01	 6.948363e-01	 4.209358e-04	 7.033181e-02	 4.112083e+04	 8.933059e+00	 
 2.326858e-01	 6.957101e-01	 4.294568e-04	 7.117461e-02	 4.111831e+04	 9.028849e+00	 
 2.379211e-01	 6.930298e-01	 3.987100e-04	 6.865030e-02	 4.112664e+04	 9.096853e+00	 
 2.334094e-01	 6.953457e-01	 4.262485e-04	 7.081873e-02	 4.111931e+04	 8.958352e+00	 
 2.605733e-01	 6.815094e-01	 2.652992e-04	 5.765201e-02	 4.270305e+04	 9.131529e+00	 
 2.335691e-01	 6.952570e-01	 4.241544e-04	 7.074974e-02	 4.111973e+04	 9.049482e+00	 
 2.419410e-01	 6.910436e-01	 3.734972e-04	 6.664193e-02	 4.576413e+04	 8.664142e+00	 
 2.394330e-01	 6.923091e-01	 3.880593e-04	 6.786977e-02	 4.418485e+04	 8.818873e+00	 
 2.324860e-01	 6.958144e-01	 4.309528e-04	 7.126861e-02	 4.111794e+04	 8.999646e+00	 
 2.327494e-01	 6.956810e-01	 4.296642e-04	 7.113996e-02	 4.111832e+04	 8.982908e+00	 
 2.445732e-01	 6.897183e-01	 3.541764e-04	 6.535429e-02	 4.577080e+04	 8.892430e+00	 
 2.338756e-01	 6.951086e-01	 4.237890e-04	 7.059202e-02	 4.112002e+04	 8.945441e+00	 
 2.426651e-01	 6.906620e-01	 3.713686e-04	 6.630151e-02	 4.419234e+04	 8.674591e+00	 
 2.339973e-01	 6.950467e-01	 4.231427e-04	 7.053286e-02	 4.112020e+04	 8.942436e+00	 
 2.334238e-01	 6.953383e-01	 4.261728e-04	 7.081171e-02	 4.111934e+04	 8.957912e+00	 
 2.330784e-01	 6.955086e-01	 4.270772e-04	 7.098600e-02	 4.111894e+04	 9.039987e+00	 
 2.339619e-01	 6.950647e-01	 4.233306e-04	 7.055004e-02	 4.112015e+04	 8.943296e+00	 
 2.426511e-01	 6.906692e-01	 3.714437e-04	 6.630834e-02	 4.419231e+04	 8.674880e+00	 
 2.414263e-01	 6.912782e-01	 3.792401e-04	 6.691621e-02	 4.266683e+04	 8.804527e+00	 
 2.336006e-01	 6.952484e-01	 4.252429e-04	 7.072570e-02	 4.111960e+04	 8.952752e+00	 
 2.330040e-01	 6.955467e-01	 4.275238e-04	 7.102177e-02	 4.111882e+04	 9.038244e+00	 
 2.402357e-01	 6.918837e-01	 3.854238e-04	 6.749513e-02	 4.266464e+04	 8.861884e+00	 
 2.409835e-01	 6.915030e-01	 3.802667e-04	 6.713321e-02	 4.266605e+04	 8.910781e+00	 
 2.327258e-01	 6.956930e-01	 4.297834e-04	 7.115144e-02	 4.111829e+04	 8.984049e+00	 
 2.390320e-01	 6.924619e-01	 3.922639e-04	 6.811392e-02	 4.112839e+04	 9.105972e+00	 
 2.405044e-01	 6.917637e-01	 3.828013e-04	 6.734912e-02	 4.418732e+04	 8.734947e+00	 
 2.331672e-01	 6.954687e-01	 4.275132e-04	 7.093653e-02	 4.111895e+04	 8.966212e+00	 
 2.354041e-01	 6.943310e-01	 4.155902e-04	 6.984933e-02	 4.112234e+04	 8.914207e+00	 
 2.332690e-01	 6.954108e-01	 4.259376e-04	 7.089424e-02	 4.111925e+04	 9.044016e+00	 
 2.357997e-01	 6.941296e-01	 4.134480e-04	 6.965724e-02	 4.112294e+04	 8.907676e+00	 
 2.397485e-01	 6.921480e-01	 3.867879e-04	 6.771666e-02	 4.418558e+04	 8.772501e+00	 
 2.470246e-01	 6.883775e-01	 3.461274e-04	 6.425177e-02	 4.114095e+04	 9.164664e+00	 
 2.332089e-01	 6.954475e-01	 4.272961e-04	 7.091624e-02	 4.111901e+04	 8.964787e+00	 
 2.408038e-01	 6.916234e-01	 3.790728e-04	 6.719370e-02	 4.576114e+04	 8.763014e+00	 
 2.407727e-01	 6.916107e-01	 3.827022e-04	 6.723384e-02	 4.266562e+04	 8.828756e+00	 
 2.331055e-01	 6.955001e-01	 4.278339e-04	 7.096657e-02	 4.111886e+04	 8.968384e+00	 
 2.327683e-01	 6.956714e-01	 4.295680e-04	 7.113072e-02	 4.111835e+04	 8.982014e+00	 
 2.329774e-01	 6.955652e-01	 4.284966e-04	 7.102890e-02	 4.111867e+04	 8.973159e+00	 
 2.408704e-01	 6.915773e-01	 3.808758e-04	 6.717147e-02	 4.418816e+04	 8.721344e+00	 
 2.355922e-01	 6.942353e-01	 4.145725e-04	 6.975800e-02	 4.112262e+04	 8.911047e+00	 
 2.429690e-01	 6.904844e-01	 3.867532e-04	 6.615989e-02	 4.645022e+04	 8.765970e+00	 
 2.447244e-01	 6.895958e-01	 3.753443e-04	 6.530445e-02	 4.640779e+04	 8.849039e+00	 
 2.413707e-01	 6.913066e-01	 3.795352e-04	 6.694325e-02	 4.266673e+04	 8.806343e+00	 
 2.417802e-01	 6.910980e-01	 3.773632e-04	 6.674442e-02	 4.266749e+04	 8.793826e+00	 
 2.346821e-01	 6.946984e-01	 4.194820e-04	 7.020006e-02	 4.112124e+04	 8.927479e+00	 
 2.328227e-01	 6.956438e-01	 4.292912e-04	 7.110425e-02	 4.111843e+04	 8.979550e+00	 
 2.425511e-01	 6.907430e-01	 3.670003e-04	 6.633888e-02	 4.576557e+04	 8.847022e+00	 
 2.445640e-01	 6.896345e-01	 3.602941e-04	 6.544117e-02	 4.113709e+04	 9.147138e+00	 
 2.324967e-01	 6.958090e-01	 4.309050e-04	 7.126335e-02	 4.111795e+04	 8.998578e+00	 
 2.324524e-01	 6.958313e-01	 4.310896e-04	 7.128520e-02	 4.111789e+04	 9.004107e+00	 
 2.349413e-01	 6.945665e-01	 4.180881e-04	 7.007414e-02	 4.112163e+04	 8.922479e+00	 
 2.338932e-01	 6.950997e-01	 4.236955e-04	 7.058345e-02	 4.112004e+04	 8.944998e+00	 
 2.424747e-01	 6.907715e-01	 3.706917e-04	 6.638308e-02	 4.576553e+04	 8.642768e+00	 
 2.327478e-01	 6.956818e-01	 4.296722e-04	 7.114073e-02	 4.111832e+04	 8.982984e+00	 
 2.324397e-01	 6.958375e-01	 4.311192e-04	 7.129166e-02	 4.111788e+04	 9.007657e+00	 
 2.422708e-01	 6.908481e-01	 3.747517e-04	 6.650635e-02	 4.266840e+04	 8.780930e+00	 
 2.334187e-01	 6.953409e-01	 4.261993e-04	 7.081417e-02	 4.111933e+04	 8.958066e+00	 
 2.440361e-01	 6.899744e-01	 3.624704e-04	 6.562699e-02	 4.576966e+04	 8.598771e+00	 
 2.428163e-01	 6.905972e-01	 3.689000e-04	 6.621761e-02	 4.576643e+04	 8.631262e+00	 
 2.517670e-01	 6.859555e-01	 3.188958e-04	 6.195866e-02	 4.114837e+04	 9.198832e+00	 
 2.336218e-01	 6.952377e-01	 4.251315e-04	 7.071543e-02	 4.111963e+04	 8.952162e+00	 
 2.357608e-01	 6.941494e-01	 4.136586e-04	 6.967610e-02	 4.112288e+04	 8.908299e+00	 
 2.514450e-01	 6.861199e-01	 3.207416e-04	 6.211435e-02	 4.114787e+04	 9.196472e+00	 
 2.415147e-01	 6.912332e-01	 3.787719e-04	 6.687332e-02	 4.266699e+04	 8.801725e+00	 
 2.421001e-01	 6.909711e-01	 3.699431e-04	 6.655888e-02	 4.576441e+04	 8.834168e+00	 
 2.343382e-01	 6.948733e-01	 4.213246e-04	 7.036713e-02	 4.112072e+04	 8.934624e+00	 
 2.356959e-01	 6.941825e-01	 4.140107e-04	 6.970764e-02	 4.112278e+04	 8.909348e+00	 
 2.341101e-01	 6.949799e-01	 4.209598e-04	 7.048909e-02	 4.112060e+04	 9.057720e+00	 
 2.347865e-01	 6.946453e-01	 4.189211e-04	 7.014934e-02	 4.112140e+04	 8.925429e+00	 
 2.334491e-01	 6.953254e-01	 4.260398e-04	 7.079939e-02	 4.111937e+04	 8.957148e+00	 
 2.358088e-01	 6.941250e-01	 4.133983e-04	 6.965279e-02	 4.112295e+04	 8.907530e+00	 
 2.443325e-01	 6.898404e-01	 3.556807e-04	 6.547138e-02	 4.577017e+04	 8.887647e+00	 
 2.410483e-01	 6.915014e-01	 3.771120e-04	 6.707317e-02	 4.576174e+04	 8.790275e+00	 
 2.334415e-01	 6.953293e-01	 4.260799e-04	 7.080310e-02	 4.111936e+04	 8.957377e+00	 
 2.338771e-01	 6.951078e-01	 4.237807e-04	 7.059126e-02	 4.112002e+04	 8.945402e+00	 
 2.418339e-01	 6.910981e-01	 3.740639e-04	 6.669396e-02	 4.576385e+04	 8.669059e+00	 
 2.407761e-01	 6.916086e-01	 3.815769e-04	 6.723370e-02	 4.266566e+04	 8.905152e+00	 
 2.324411e-01	 6.958365e-01	 4.310660e-04	 7.129130e-02	 4.111789e+04	 9.011398e+00	 
 2.449181e-01	 6.894976e-01	 3.564066e-04	 6.522785e-02	 4.267346e+04	 8.971174e+00	 
 2.325533e-01	 6.957783e-01	 4.302872e-04	 7.123811e-02	 4.111809e+04	 9.022828e+00	 
 2.466638e-01	 6.886345e-01	 3.430192e-04	 6.435870e-02	 4.420155e+04	 8.978682e+00	 
 2.338250e-01	 6.951343e-01	 4.240570e-04	 7.061660e-02	 4.111994e+04	 8.946729e+00	 
 2.433671e-01	 6.902894e-01	 3.688751e-04	 6.597461e-02	 4.267044e+04	 8.757425e+00	 
 2.429225e-01	 6.905307e-01	 3.699953e-04	 6.617685e-02	 4.419294e+04	 8.669443e+00	 
 2.328331e-01	 6.956385e-01	 4.292377e-04	 7.109916e-02	 4.111845e+04	 8.979091e+00	 
 2.352920e-01	 6.943880e-01	 4.161962e-04	 6.990379e-02	 4.112217e+04	 8.916142e+00	 
 2.413296e-01	 6.913432e-01	 3.784566e-04	 6.694876e-02	 4.418923e+04	 8.706866e+00	 
 2.340876e-01	 6.949914e-01	 4.210924e-04	 7.049995e-02	 4.112056e+04	 9.057406e+00	 
 2.340738e-01	 6.950078e-01	 4.227353e-04	 7.049563e-02	 4.112032e+04	 8.940608e+00	 
 2.407906e-01	 6.916295e-01	 3.793041e-04	 6.720057e-02	 4.576112e+04	 8.753482e+00	 
 2.403548e-01	 6.918398e-01	 3.835894e-04	 6.742177e-02	 4.418697e+04	 8.741181e+00	 
 2.447936e-01	 6.895611e-01	 3.571490e-04	 6.528815e-02	 4.267323e+04	 8.969703e+00	 
 2.404691e-01	 6.917817e-01	 3.829873e-04	 6.736628e-02	 4.418724e+04	 8.736380e+00	 
 2.336435e-01	 6.952266e-01	 4.250166e-04	 7.070484e-02	 4.111967e+04	 8.951558e+00	 
 2.329023e-01	 6.956034e-01	 4.288835e-04	 7.106549e-02	 4.111855e+04	 8.976163e+00	 
 2.447469e-01	 6.896302e-01	 3.530938e-04	 6.526980e-02	 4.577125e+04	 8.895814e+00	 
 2.324385e-01	 6.958381e-01	 4.311137e-04	 7.129231e-02	 4.111788e+04	 9.008672e+00	 
 2.421235e-01	 6.908816e-01	 3.743745e-04	 6.662051e-02	 4.113326e+04	 9.129502e+00	 
 2.302671e-01	 6.967799e-01	 6.118210e-04	 7.234116e-02	 4.111429e+04	 8.965326e+00	 
 2.310859e-01	 6.963635e-01	 6.082904e-04	 7.194226e-02	 4.111551e+04	 8.931136e+00	 
 2.401712e-01	 6.917378e-01	 5.610388e-04	 6.752995e-02	 4.266442e+04	 8.748660e+00	 
 2.350737e-01	 6.943301e-01	 5.897605e-04	 7.000644e-02	 4.112159e+04	 8.831168e+00	 
 2.375796e-01	 6.930603e-01	 5.724826e-04	 6.878759e-02	 4.265960e+04	 8.849096e+00	 
 2.325134e-01	 6.956360e-01	 6.017758e-04	 7.124885e-02	 4.111767e+04	 8.888948e+00	 
 2.447964e-01	 6.893029e-01	 5.283086e-04	 6.537238e-02	 4.113816e+04	 9.221207e+00	 
 2.414274e-01	 6.911204e-01	 5.524304e-04	 6.689970e-02	 4.576281e+04	 8.590169e+00	 
 2.318263e-01	 6.959862e-01	 6.049329e-04	 7.158251e-02	 4.111663e+04	 8.907931e+00	 
 2.362267e-01	 6.937417e-01	 5.842505e-04	 6.944735e-02	 4.112336e+04	 8.809374e+00	 
 2.395790e-01	 6.920653e-01	 5.610047e-04	 6.779468e-02	 4.575792e+04	 8.650569e+00	 
 2.310824e-01	 6.963653e-01	 6.083063e-04	 7.194398e-02	 4.111550e+04	 8.931257e+00	 
 2.401842e-01	 6.917312e-01	 5.609777e-04	 6.752362e-02	 4.266445e+04	 8.748311e+00	 
 2.380733e-01	 6.928376e-01	 5.667438e-04	 6.852233e-02	 4.575390e+04	 8.748561e+00	 
 2.388321e-01	 6.923645e-01	 5.611018e-04	 6.824230e-02	 4.112855e+04	 9.157199e+00	 
 2.366040e-01	 6.935491e-01	 5.824378e-04	 6.926449e-02	 4.112394e+04	 8.802620e+00	 
 2.339983e-01	 6.948787e-01	 5.948495e-04	 7.052809e-02	 4.111994e+04	 8.853488e+00	 
 2.388413e-01	 6.923598e-01	 5.610506e-04	 6.823786e-02	 4.112856e+04	 9.157301e+00	 
 2.301540e-01	 6.968371e-01	 6.122423e-04	 7.239664e-02	 4.111413e+04	 8.972691e+00	 
 2.327023e-01	 6.955397e-01	 6.009023e-04	 7.115714e-02	 4.111796e+04	 8.884056e+00	 
 2.532613e-01	 6.850822e-01	 4.752822e-04	 6.118126e-02	 4.579443e+04	 9.133481e+00	 
 2.332854e-01	 6.952424e-01	 5.981915e-04	 7.087409e-02	 4.111885e+04	 8.869708e+00	 
 2.414272e-01	 6.911205e-01	 5.524313e-04	 6.689979e-02	 4.576281e+04	 8.590174e+00	 
 2.409595e-01	 6.913491e-01	 5.562806e-04	 6.713514e-02	 4.418836e+04	 8.635662e+00	 
 2.441060e-01	 6.897270e-01	 5.423754e-04	 6.562464e-02	 4.267183e+04	 8.662264e+00	 
 2.300567e-01	 6.968860e-01	 6.125369e-04	 7.244482e-02	 4.111400e+04	 8.981651e+00	 
 2.502480e-01	 6.865068e-01	 4.987676e-04	 6.274642e-02	 4.114689e+04	 9.280125e+00	 
 2.334010e-01	 6.951834e-01	 5.976516e-04	 7.081798e-02	 4.111903e+04	 8.866987e+00	 
 2.420591e-01	 6.907734e-01	 5.521491e-04	 6.661541e-02	 4.266797e+04	 8.703242e+00	 
 2.332457e-01	 6.952626e-01	 5.983765e-04	 7.089333e-02	 4.111879e+04	 8.870650e+00	 
 2.316483e-01	 6.960770e-01	 6.057454e-04	 7.166898e-02	 4.111636e+04	 8.913201e+00	 
 2.300077e-01	 6.969099e-01	 6.125578e-04	 7.246980e-02	 4.111395e+04	 8.991024e+00	 
 2.336656e-01	 6.950485e-01	 5.964129e-04	 7.068957e-02	 4.111943e+04	 8.860896e+00	 
 2.346617e-01	 6.945403e-01	 5.917163e-04	 7.020625e-02	 4.112095e+04	 8.839456e+00	 
 2.417565e-01	 6.909414e-01	 5.525436e-04	 6.674951e-02	 4.419023e+04	 8.617611e+00	 
 2.411147e-01	 6.911924e-01	 5.484815e-04	 6.714441e-02	 4.113224e+04	 9.182040e+00	 
 2.303415e-01	 6.967422e-01	 6.115245e-04	 7.230480e-02	 4.111439e+04	 8.961235e+00	 
 2.331553e-01	 6.953087e-01	 5.987980e-04	 7.093722e-02	 4.111865e+04	 8.872816e+00	 
 2.446332e-01	 6.893867e-01	 5.291988e-04	 6.545097e-02	 4.113790e+04	 9.219474e+00	 
 2.315756e-01	 6.961140e-01	 6.060764e-04	 7.170430e-02	 4.111625e+04	 8.915401e+00	 
 2.349620e-01	 6.943871e-01	 5.902914e-04	 7.006060e-02	 4.112142e+04	 8.833386e+00	 
 2.373345e-01	 6.932012e-01	 5.729755e-04	 6.889131e-02	 4.417990e+04	 8.750348e+00	 
 2.304774e-01	 6.966639e-01	 6.089897e-04	 7.224976e-02	 4.111482e+04	 9.029840e+00	 
 2.343143e-01	 6.947176e-01	 5.933601e-04	 7.037481e-02	 4.112042e+04	 8.846692e+00	 
 2.348549e-01	 6.944418e-01	 5.908004e-04	 7.011258e-02	 4.112125e+04	 8.835534e+00	 
 2.329379e-01	 6.953947e-01	 5.943371e-04	 7.107306e-02	 4.111894e+04	 9.082975e+00	 
 2.428447e-01	 6.905557e-01	 3.716818e-04	 6.622797e-02	 4.266947e+04	 8.767907e+00	 
 2.353063e-01	 6.943807e-01	 4.161187e-04	 6.989681e-02	 4.112219e+04	 8.915892e+00	 
 2.343912e-01	 6.948464e-01	 4.210414e-04	 7.034140e-02	 4.112080e+04	 8.933480e+00	 
 2.419178e-01	 6.910432e-01	 3.753441e-04	 6.666363e-02	 4.419060e+04	 8.691259e+00	 
 2.333431e-01	 6.953728e-01	 4.254964e-04	 7.085858e-02	 4.111937e+04	 9.045449e+00	 
 2.326623e-01	 6.957222e-01	 4.296021e-04	 7.118588e-02	 4.111827e+04	 9.027939e+00	 
 2.351109e-01	 6.944802e-01	 4.171737e-04	 6.999174e-02	 4.112189e+04	 8.919358e+00	 
 2.422006e-01	 6.909113e-01	 3.721303e-04	 6.651597e-02	 4.576481e+04	 8.653150e+00	 
 2.360526e-01	 6.939856e-01	 4.095843e-04	 6.955221e-02	 4.112369e+04	 9.079929e+00	 
 2.346045e-01	 6.947378e-01	 4.198982e-04	 7.023772e-02	 4.112112e+04	 8.929035e+00	 
 2.337824e-01	 6.951560e-01	 4.242828e-04	 7.063732e-02	 4.111988e+04	 8.947833e+00	 
 2.337797e-01	 6.951491e-01	 4.229088e-04	 7.064833e-02	 4.112007e+04	 9.052881e+00	 
 2.436270e-01	 6.901833e-01	 3.646326e-04	 6.582503e-02	 4.576858e+04	 8.608517e+00	 
 2.450270e-01	 6.894880e-01	 3.513528e-04	 6.513360e-02	 4.577198e+04	 8.901161e+00	 
 2.432921e-01	 6.903543e-01	 3.663980e-04	 6.598715e-02	 4.576769e+04	 8.617270e+00	 
 2.394310e-01	 6.923101e-01	 3.880791e-04	 6.787076e-02	 4.418485e+04	 8.818377e+00	 
 2.325114e-01	 6.958016e-01	 4.308377e-04	 7.125614e-02	 4.111798e+04	 8.997245e+00	 
 2.328066e-01	 6.956519e-01	 4.293732e-04	 7.111208e-02	 4.111841e+04	 8.980264e+00	 
 2.402603e-01	 6.918712e-01	 3.853215e-04	 6.748317e-02	 4.266468e+04	 8.858813e+00	 
 2.324482e-01	 6.958328e-01	 4.310020e-04	 7.128803e-02	 4.111790e+04	 9.013330e+00	 
 2.334647e-01	 6.953176e-01	 4.259583e-04	 7.079184e-02	 4.111940e+04	 8.956684e+00	 
 2.328165e-01	 6.956430e-01	 4.286571e-04	 7.111191e-02	 4.111852e+04	 9.033216e+00	 
 2.324455e-01	 6.958347e-01	 4.311110e-04	 7.128865e-02	 4.111789e+04	 9.005586e+00	 
 2.325496e-01	 6.957802e-01	 4.303106e-04	 7.123985e-02	 4.111808e+04	 9.022618e+00	 
 2.429603e-01	 6.905114e-01	 3.697933e-04	 6.615853e-02	 4.419303e+04	 8.668708e+00	 
 2.397745e-01	 6.921348e-01	 3.866522e-04	 6.770399e-02	 4.418564e+04	 8.770843e+00	 
 2.329745e-01	 6.955618e-01	 4.277011e-04	 7.103594e-02	 4.111878e+04	 9.037521e+00	 
 2.324907e-01	 6.958121e-01	 4.309321e-04	 7.126631e-02	 4.111795e+04	 8.999167e+00	 
 2.344295e-01	 6.948269e-01	 4.208362e-04	 7.032276e-02	 4.112086e+04	 8.932663e+00	 
 2.357139e-01	 6.941733e-01	 4.139132e-04	 6.969891e-02	 4.112281e+04	 8.909056e+00	 
 2.337200e-01	 6.951797e-01	 4.232615e-04	 7.067708e-02	 4.111997e+04	 9.051947e+00	 
 2.343413e-01	 6.948718e-01	 4.213082e-04	 7.036564e-02	 4.112072e+04	 8.934557e+00	 
 2.400737e-01	 6.919828e-01	 3.850747e-04	 6.755842e-02	 4.418633e+04	 8.754230e+00	 
 2.351065e-01	 6.944824e-01	 4.171978e-04	 6.999390e-02	 4.112188e+04	 8.919438e+00	 
 2.412595e-01	 6.913631e-01	 3.801240e-04	 6.699724e-02	 4.266652e+04	 8.810086e+00	 
 2.342832e-01	 6.949013e-01	 4.216187e-04	 7.039388e-02	 4.112063e+04	 8.935831e+00	 
 2.327644e-01	 6.956697e-01	 4.289745e-04	 7.113691e-02	 4.111843e+04	 9.031591e+00	 
 2.331900e-01	 6.954572e-01	 4.273947e-04	 7.092545e-02	 4.111898e+04	 8.965430e+00	 
 2.391265e-01	 6.924135e-01	 3.917158e-04	 6.806826e-02	 4.112854e+04	 9.106727e+00	 
 2.528858e-01	 6.853842e-01	 3.124837e-04	 6.141754e-02	 4.115012e+04	 9.207097e+00	 
 2.338787e-01	 6.951070e-01	 4.237724e-04	 7.059050e-02	 4.112002e+04	 8.945362e+00	 
 2.338536e-01	 6.951198e-01	 4.239057e-04	 7.060272e-02	 4.111998e+04	 8.945999e+00	 
 2.416998e-01	 6.911544e-01	 3.764995e-04	 6.676929e-02	 4.419009e+04	 8.696732e+00	 
 2.327501e-01	 6.956806e-01	 4.296602e-04	 7.113958e-02	 4.111833e+04	 8.982871e+00	 
 2.405508e-01	 6.917235e-01	 3.838694e-04	 6.734177e-02	 4.266521e+04	 8.839122e+00	 
 2.328666e-01	 6.956215e-01	 4.290663e-04	 7.108285e-02	 4.111850e+04	 8.977651e+00	 
 2.449782e-01	 6.894867e-01	 3.575326e-04	 6.517761e-02	 4.645562e+04	 8.672942e+00	 
 2.422426e-01	 6.908625e-01	 3.749019e-04	 6.652002e-02	 4.266835e+04	 8.781620e+00	 
 2.436839e-01	 6.901543e-01	 3.643320e-04	 6.579746e-02	 4.576873e+04	 8.607103e+00	 
 2.497559e-01	 6.869825e-01	 3.304327e-04	 6.293118e-02	 4.114523e+04	 9.184207e+00	 
 2.433282e-01	 6.903092e-01	 3.690849e-04	 6.599351e-02	 4.267037e+04	 8.758170e+00	 
 2.402350e-01	 6.918841e-01	 3.851817e-04	 6.749576e-02	 4.266464e+04	 8.878807e+00	 
 2.415737e-01	 6.912305e-01	 3.754474e-04	 6.682040e-02	 4.576317e+04	 8.682075e+00	 
 2.328485e-01	 6.956306e-01	 4.291589e-04	 7.109165e-02	 4.111847e+04	 8.978423e+00	 
 2.327781e-01	 6.956627e-01	 4.288907e-04	 7.113032e-02	 4.111846e+04	 9.032032e+00	 
 2.408531e-01	 6.915698e-01	 3.822770e-04	 6.719475e-02	 4.266577e+04	 8.825364e+00	 
 2.353979e-01	 6.943341e-01	 4.156240e-04	 6.985237e-02	 4.112233e+04	 8.914314e+00	 
 2.359578e-01	 6.940491e-01	 4.125898e-04	 6.958044e-02	 4.112318e+04	 8.905181e+00	 
 2.402051e-01	 6.918993e-01	 3.854881e-04	 6.751012e-02	 4.266458e+04	 8.870059e+00	 
 2.495219e-01	 6.871020e-01	 3.317765e-04	 6.304437e-02	 4.114486e+04	 9.182521e+00	 
 2.337534e-01	 6.951707e-01	 4.244361e-04	 7.065141e-02	 4.111983e+04	 8.948594e+00	 
 2.324576e-01	 6.958287e-01	 4.310708e-04	 7.128261e-02	 4.111790e+04	 9.003218e+00	 
 2.326863e-01	 6.957130e-01	 4.299824e-04	 7.117069e-02	 4.111823e+04	 8.986044e+00	 
 2.398077e-01	 6.921200e-01	 3.853335e-04	 6.768695e-02	 4.418570e+04	 8.848090e+00	 
 2.396389e-01	 6.922038e-01	 3.873523e-04	 6.777000e-02	 4.418533e+04	 8.780128e+00	 
 2.330640e-01	 6.955212e-01	 4.280489e-04	 7.098675e-02	 4.111880e+04	 8.969888e+00	 
 2.545658e-01	 6.846345e-01	 2.941213e-04	 6.050554e-02	 4.579702e+04	 9.049908e+00	 
 2.324384e-01	 6.958381e-01	 4.311060e-04	 7.129245e-02	 4.111788e+04	 9.009376e+00	 
 2.406073e-01	 6.916948e-01	 3.835737e-04	 6.731428e-02	 4.266532e+04	 8.836304e+00	 
 2.324496e-01	 6.958327e-01	 4.310991e-04	 7.128662e-02	 4.111789e+04	 9.004664e+00	 
 2.397165e-01	 6.921643e-01	 3.869541e-04	 6.773224e-02	 4.418551e+04	 8.774609e+00	 
 2.330853e-01	 6.955050e-01	 4.270356e-04	 7.098266e-02	 4.111895e+04	 9.040144e+00	 
 2.374504e-01	 6.932706e-01	 4.014455e-04	 6.887757e-02	 4.112590e+04	 9.092815e+00	 
 2.475845e-01	 6.880915e-01	 3.429078e-04	 6.398111e-02	 4.114183e+04	 9.168652e+00	 
 2.331730e-01	 6.954658e-01	 4.274832e-04	 7.093372e-02	 4.111896e+04	 8.966013e+00	 
 2.335597e-01	 6.952692e-01	 4.254583e-04	 7.074559e-02	 4.111954e+04	 8.953910e+00	 
 2.404904e-01	 6.917541e-01	 3.834175e-04	 6.737209e-02	 4.266512e+04	 8.895277e+00	 
 2.332364e-01	 6.954275e-01	 4.261320e-04	 7.090993e-02	 4.111920e+04	 9.043365e+00	 
 2.391104e-01	 6.924218e-01	 3.918094e-04	 6.807606e-02	 4.112852e+04	 9.106598e+00	 
 2.327694e-01	 6.956672e-01	 4.289441e-04	 7.113452e-02	 4.111844e+04	 9.031752e+00	 
 2.408012e-01	 6.916247e-01	 3.791024e-04	 6.719501e-02	 4.576114e+04	 8.762172e+00	 
 2.339680e-01	 6.950616e-01	 4.232984e-04	 7.054709e-02	 4.112016e+04	 8.943148e+00	 
 2.324384e-01	 6.958381e-01	 4.311071e-04	 7.129244e-02	 4.111788e+04	 9.009291e+00	 
 2.352540e-01	 6.944074e-01	 4.164013e-04	 6.992223e-02	 4.112211e+04	 8.916807e+00	 
 2.329960e-01	 6.955557e-01	 4.284005e-04	 7.101984e-02	 4.111869e+04	 8.972440e+00	 
 2.396243e-01	 6.922128e-01	 3.865988e-04	 6.777637e-02	 4.418528e+04	 8.838256e+00	 
 2.342152e-01	 6.949359e-01	 4.219819e-04	 7.042693e-02	 4.112053e+04	 8.937349e+00	 
 2.353555e-01	 6.943423e-01	 4.136554e-04	 6.988856e-02	 4.112258e+04	 9.072770e+00	 
 2.511001e-01	 6.863739e-01	 3.167668e-04	 6.220925e-02	 4.421189e+04	 9.036659e+00	 
 2.338402e-01	 6.951266e-01	 4.239765e-04	 7.060921e-02	 4.111996e+04	 8.946339e+00	 
 2.326153e-01	 6.957490e-01	 4.303368e-04	 7.120535e-02	 4.111813e+04	 8.989981e+00	 
 2.340013e-01	 6.950447e-01	 4.231213e-04	 7.053090e-02	 4.112021e+04	 8.942339e+00	 
 2.415480e-01	 6.912318e-01	 3.773026e-04	 6.684285e-02	 4.418974e+04	 8.700747e+00	 
 2.324525e-01	 6.958312e-01	 4.310894e-04	 7.128517e-02	 4.111789e+04	 9.004097e+00	 
 2.398518e-01	 6.920956e-01	 3.862472e-04	 6.766641e-02	 4.418582e+04	 8.766176e+00	 
 2.441154e-01	 6.899339e-01	 3.620512e-04	 6.558865e-02	 4.576987e+04	 8.596987e+00	 
 2.352348e-01	 6.944171e-01	 4.165051e-04	 6.993156e-02	 4.112208e+04	 8.917146e+00	 
 2.429908e-01	 6.904958e-01	 3.696301e-04	 6.614374e-02	 4.419310e+04	 8.668118e+00	 
 2.410448e-01	 6.915032e-01	 3.771379e-04	 6.707491e-02	 4.576173e+04	 8.790035e+00	 
 2.399523e-01	 6.920445e-01	 3.857171e-04	 6.761750e-02	 4.418605e+04	 8.760539e+00	 
 2.331576e-01	 6.954736e-01	 4.275633e-04	 7.094122e-02	 4.111894e+04	 8.966546e+00	 
 2.335781e-01	 6.952599e-01	 4.253617e-04	 7.073667e-02	 4.111957e+04	 8.953388e+00	 
 2.341792e-01	 6.949542e-01	 4.221740e-04	 7.044444e-02	 4.112048e+04	 8.938166e+00	 
 2.328172e-01	 6.956426e-01	 4.286528e-04	 7.111156e-02	 4.111852e+04	 9.033238e+00	 
 2.406262e-01	 6.917016e-01	 3.821599e-04	 6.728995e-02	 4.418760e+04	 8.730175e+00	 
 2.459309e-01	 6.889806e-01	 3.519743e-04	 6.473648e-02	 4.645876e+04	 8.934148e+00	 
 2.473958e-01	 6.882204e-01	 3.486334e-04	 6.403519e-02	 4.641571e+04	 8.616744e+00	 
 2.401261e-01	 6.919561e-01	 3.847974e-04	 6.753293e-02	 4.418645e+04	 8.751646e+00	 
 2.345407e-01	 6.947703e-01	 4.202406e-04	 7.026875e-02	 4.112102e+04	 8.930339e+00	 
 2.410867e-01	 6.914779e-01	 3.780373e-04	 6.705733e-02	 4.576191e+04	 8.712585e+00	 
 2.420483e-01	 6.909767e-01	 3.746516e-04	 6.660040e-02	 4.419090e+04	 8.688132e+00	 
 2.333880e-01	 6.953565e-01	 4.263607e-04	 7.082914e-02	 4.111928e+04	 8.959009e+00	 
 2.330479e-01	 6.955294e-01	 4.281326e-04	 7.099462e-02	 4.111877e+04	 8.970485e+00	 
 2.342435e-01	 6.949215e-01	 4.218308e-04	 7.041318e-02	 4.112057e+04	 8.936714e+00	 
 2.325832e-01	 6.957653e-01	 4.304947e-04	 7.122103e-02	 4.111808e+04	 8.991966e+00	 
 2.432453e-01	 6.903782e-01	 3.666446e-04	 6.600983e-02	 4.576757e+04	 8.618559e+00	 
 2.399785e-01	 6.920312e-01	 3.855785e-04	 6.760475e-02	 4.418611e+04	 8.759136e+00	 
 2.370055e-01	 6.934981e-01	 4.040330e-04	 6.909233e-02	 4.112519e+04	 9.088877e+00	 
 2.325521e-01	 6.957789e-01	 4.302948e-04	 7.123867e-02	 4.111808e+04	 9.022761e+00	 
 2.404023e-01	 6.917990e-01	 3.840015e-04	 6.741478e-02	 4.266496e+04	 8.891227e+00	 
 2.327834e-01	 6.956637e-01	 4.294911e-04	 7.112336e-02	 4.111838e+04	 8.981314e+00	 
 2.355054e-01	 6.942794e-01	 4.150425e-04	 6.980016e-02	 4.112249e+04	 8.912493e+00	 
 2.337288e-01	 6.951833e-01	 4.245664e-04	 7.066339e-02	 4.111980e+04	 8.949247e+00	 
 2.402691e-01	 6.918667e-01	 3.849230e-04	 6.747924e-02	 4.266471e+04	 8.882527e+00	 
 2.562540e-01	 6.836645e-01	 2.932074e-04	 5.978825e-02	 4.115537e+04	 9.232710e+00	 
 2.325013e-01	 6.958067e-01	 4.308841e-04	 7.126110e-02	 4.111796e+04	 8.998147e+00	 
 2.407187e-01	 6.916546e-01	 3.816737e-04	 6.724509e-02	 4.418781e+04	 8.726723e+00	 
 2.336523e-01	 6.952144e-01	 4.236621e-04	 7.070970e-02	 4.111987e+04	 9.050859e+00	 
 2.424265e-01	 6.907837e-01	 3.726402e-04	 6.641712e-02	 4.419178e+04	 8.679610e+00	 
 2.324766e-01	 6.958192e-01	 4.309939e-04	 7.127325e-02	 4.111793e+04	 9.000684e+00	 
 2.360614e-01	 6.939964e-01	 4.120273e-04	 6.953015e-02	 4.112334e+04	 8.903579e+00	 
 2.407903e-01	 6.916298e-01	 3.792877e-04	 6.720066e-02	 4.576112e+04	 8.754662e+00	 
 2.357952e-01	 6.941319e-01	 4.134723e-04	 6.965942e-02	 4.112293e+04	 8.907748e+00	 
 2.329469e-01	 6.955760e-01	 4.278672e-04	 7.104919e-02	 4.111873e+04	 9.036824e+00	 
 2.422039e-01	 6.908973e-01	 3.738247e-04	 6.652499e-02	 4.419126e+04	 8.684534e+00	 
 2.326233e-01	 6.957423e-01	 4.298452e-04	 7.120460e-02	 4.111820e+04	 9.026306e+00	 
 2.396343e-01	 6.922061e-01	 3.873756e-04	 6.777224e-02	 4.418532e+04	 8.780478e+00	 
 2.331432e-01	 6.954809e-01	 4.276380e-04	 7.094821e-02	 4.111891e+04	 8.967048e+00	 
 2.330680e-01	 6.955139e-01	 4.271392e-04	 7.099097e-02	 4.111893e+04	 9.039751e+00	 
 2.575750e-01	 6.830398e-01	 2.825200e-04	 5.910264e-02	 4.269738e+04	 9.100735e+00	 
 2.339296e-01	 6.950811e-01	 4.235022e-04	 7.056574e-02	 4.112010e+04	 8.944091e+00	 
 2.324495e-01	 6.958327e-01	 4.310993e-04	 7.128664e-02	 4.111789e+04	 9.004673e+00	 
 2.394834e-01	 6.922838e-01	 3.876339e-04	 6.784512e-02	 4.418497e+04	 8.826684e+00	 
 2.358684e-01	 6.940947e-01	 4.130755e-04	 6.962389e-02	 4.112304e+04	 8.906585e+00	 
 2.420787e-01	 6.909734e-01	 3.727715e-04	 6.657512e-02	 4.576449e+04	 8.658159e+00	 
 2.324407e-01	 6.958370e-01	 4.311196e-04	 7.129112e-02	 4.111788e+04	 9.007146e+00	 
 2.394187e-01	 6.923161e-01	 3.882994e-04	 6.787692e-02	 4.418483e+04	 8.808576e+00	 
 2.325833e-01	 6.957653e-01	 4.304941e-04	 7.122097e-02	 4.111808e+04	 8.991959e+00	 
 2.325799e-01	 6.957646e-01	 4.301179e-04	 7.122538e-02	 4.111813e+04	 9.024257e+00	 
 2.342291e-01	 6.949288e-01	 4.219076e-04	 7.042017e-02	 4.112055e+04	 8.937036e+00	 
 2.337266e-01	 6.951763e-01	 4.232225e-04	 7.067390e-02	 4.111998e+04	 9.052051e+00	 
 2.402432e-01	 6.918799e-01	 3.853941e-04	 6.749149e-02	 4.266465e+04	 8.860858e+00	 
 2.324725e-01	 6.958212e-01	 4.310111e-04	 7.127526e-02	 4.111792e+04	 9.001166e+00	 
 2.395334e-01	 6.922574e-01	 3.878730e-04	 6.782129e-02	 4.418509e+04	 8.789158e+00	 
 2.432196e-01	 6.903913e-01	 3.667798e-04	 6.602227e-02	 4.576750e+04	 8.619274e+00	 
 2.450799e-01	 6.894425e-01	 3.513716e-04	 6.512622e-02	 4.645586e+04	 8.672696e+00	 
 2.454637e-01	 6.892465e-01	 3.489447e-04	 6.494095e-02	 4.640971e+04	 8.698009e+00	 
 2.403513e-01	 6.917874e-01	 3.846216e-04	 6.747672e-02	 4.113047e+04	 9.116263e+00	 
 2.329481e-01	 6.955754e-01	 4.278604e-04	 7.104866e-02	 4.111873e+04	 9.036853e+00	 
 2.424346e-01	 6.907796e-01	 3.725973e-04	 6.641322e-02	 4.419180e+04	 8.679436e+00	 
 2.327988e-01	 6.956521e-01	 4.287649e-04	 7.112041e-02	 4.111849e+04	 9.032678e+00	 
 2.324804e-01	 6.958172e-01	 4.309773e-04	 7.127136e-02	 4.111793e+04	 9.000248e+00	 
 2.326797e-01	 6.957164e-01	 4.300157e-04	 7.117391e-02	 4.111822e+04	 8.986390e+00	 
 2.339898e-01	 6.950505e-01	 4.231825e-04	 7.053649e-02	 4.112019e+04	 8.942617e+00	 
 2.429883e-01	 6.904397e-01	 3.693816e-04	 6.620267e-02	 4.113462e+04	 9.135806e+00	 
 2.325441e-01	 6.957851e-01	 4.306836e-04	 7.124013e-02	 4.111802e+04	 8.994649e+00	 
 2.345685e-01	 6.947562e-01	 4.200913e-04	 7.025522e-02	 4.112107e+04	 8.929768e+00	 
 2.408666e-01	 6.915901e-01	 3.791153e-04	 6.716419e-02	 4.576133e+04	 8.734146e+00	 
 2.351444e-01	 6.944632e-01	 4.169932e-04	 6.997548e-02	 4.112194e+04	 8.918755e+00	 
 2.361075e-01	 6.939575e-01	 4.092640e-04	 6.952571e-02	 4.112377e+04	 9.080468e+00	 
 2.324423e-01	 6.958363e-01	 4.311180e-04	 7.129030e-02	 4.111788e+04	 9.006536e+00	 
 2.337450e-01	 6.951750e-01	 4.244808e-04	 7.065552e-02	 4.111982e+04	 8.948817e+00	 
 2.407985e-01	 6.916260e-01	 3.791350e-04	 6.719638e-02	 4.576113e+04	 8.761180e+00	 
 2.334738e-01	 6.953129e-01	 4.259104e-04	 7.078739e-02	 4.111941e+04	 8.956412e+00	 
 2.402374e-01	 6.918829e-01	 3.854173e-04	 6.749431e-02	 4.266464e+04	 8.861645e+00	 
 2.420287e-01	 6.909715e-01	 3.760419e-04	 6.662382e-02	 4.266795e+04	 8.787051e+00	 
 2.342343e-01	 6.949262e-01	 4.218797e-04	 7.041763e-02	 4.112056e+04	 8.936919e+00	 
 2.343751e-01	 6.948546e-01	 4.211274e-04	 7.034921e-02	 4.112077e+04	 8.933826e+00	 
 2.516535e-01	 6.860134e-01	 3.195466e-04	 6.201356e-02	 4.114819e+04	 9.197999e+00	 
 2.332890e-01	 6.954005e-01	 4.258184e-04	 7.088461e-02	 4.111928e+04	 9.044410e+00	 
 2.428399e-01	 6.905852e-01	 3.687758e-04	 6.620615e-02	 4.576650e+04	 8.630516e+00	 
 2.332937e-01	 6.954044e-01	 4.268538e-04	 7.087499e-02	 4.111914e+04	 8.961986e+00	 
 2.423552e-01	 6.908324e-01	 3.713186e-04	 6.644100e-02	 4.576522e+04	 8.647154e+00	 
 2.330497e-01	 6.955285e-01	 4.281233e-04	 7.099374e-02	 4.111877e+04	 8.970418e+00	 
 2.433475e-01	 6.903261e-01	 3.661066e-04	 6.596036e-02	 4.576784e+04	 8.615769e+00	 
 2.324398e-01	 6.958375e-01	 4.311194e-04	 7.129160e-02	 4.111788e+04	 9.007593e+00	 
 2.335345e-01	 6.952820e-01	 4.255911e-04	 7.075785e-02	 4.111950e+04	 8.954635e+00	 
 2.358445e-01	 6.941068e-01	 4.132049e-04	 6.963548e-02	 4.112301e+04	 8.906963e+00	 
 2.371423e-01	 6.934282e-01	 4.032372e-04	 6.902630e-02	 4.112541e+04	 9.090102e+00	 
 2.474508e-01	 6.881598e-01	 3.436763e-04	 6.404573e-02	 4.114162e+04	 9.167699e+00	 
 2.325393e-01	 6.957875e-01	 4.307066e-04	 7.124249e-02	 4.111802e+04	 8.995007e+00	 
 2.486100e-01	 6.875677e-01	 3.370136e-04	 6.348526e-02	 4.114343e+04	 9.175976e+00	 
 2.523323e-01	 6.857457e-01	 3.095502e-04	 6.161253e-02	 4.421477e+04	 9.052181e+00	 
 2.419542e-01	 6.910247e-01	 3.751511e-04	 6.664600e-02	 4.419068e+04	 8.690377e+00	 
 2.412968e-01	 6.913441e-01	 3.799265e-04	 6.697913e-02	 4.266659e+04	 8.808812e+00	 
 2.394773e-01	 6.922869e-01	 3.876816e-04	 6.784808e-02	 4.418495e+04	 8.825973e+00	 
 2.482009e-01	 6.878233e-01	 3.369899e-04	 6.363880e-02	 4.267966e+04	 9.006972e+00	 
 2.324421e-01	 6.958364e-01	 4.311182e-04	 7.129039e-02	 4.111788e+04	 9.006597e+00	 
 2.324384e-01	 6.958381e-01	 4.311054e-04	 7.129244e-02	 4.111788e+04	 9.009417e+00	 
 2.330129e-01	 6.955471e-01	 4.283133e-04	 7.101162e-02	 4.111872e+04	 8.971796e+00	 
 2.354937e-01	 6.942716e-01	 4.128472e-04	 6.982186e-02	 4.112280e+04	 9.074242e+00	 
 2.352584e-01	 6.944051e-01	 4.163777e-04	 6.992010e-02	 4.112211e+04	 8.916731e+00	 
 2.358328e-01	 6.941128e-01	 4.132683e-04	 6.964115e-02	 4.112299e+04	 8.907148e+00	 
 2.340355e-01	 6.950273e-01	 4.229392e-04	 7.051426e-02	 4.112026e+04	 8.941517e+00	 
 2.394858e-01	 6.922817e-01	 3.880909e-04	 6.784443e-02	 4.418498e+04	 8.794443e+00	 
 2.444469e-01	 6.897576e-01	 3.603359e-04	 6.543514e-02	 4.645415e+04	 8.694403e+00	 
 2.443289e-01	 6.898172e-01	 3.603335e-04	 6.549357e-02	 4.640666e+04	 8.789655e+00	 
 2.324446e-01	 6.958352e-01	 4.311134e-04	 7.128914e-02	 4.111788e+04	 9.005842e+00	 
 2.382096e-01	 6.928823e-01	 3.970347e-04	 6.851101e-02	 4.112710e+04	 9.099272e+00	 
 2.432854e-01	 6.903310e-01	 3.693149e-04	 6.601425e-02	 4.267029e+04	 8.758994e+00	 
 2.484993e-01	 6.876243e-01	 3.376499e-04	 6.353882e-02	 4.114326e+04	 9.175184e+00	 
 2.402855e-01	 6.918751e-01	 3.839552e-04	 6.745546e-02	 4.418681e+04	 8.744227e+00	 
 2.341938e-01	 6.949468e-01	 4.220958e-04	 7.043731e-02	 4.112050e+04	 8.937832e+00	 
 2.325576e-01	 6.957761e-01	 4.302598e-04	 7.123606e-02	 4.111809e+04	 9.023069e+00	 
 2.337327e-01	 6.951813e-01	 4.245456e-04	 7.066148e-02	 4.111980e+04	 8.949143e+00	 
 2.352013e-01	 6.944342e-01	 4.166862e-04	 6.994785e-02	 4.112203e+04	 8.917739e+00	 
 2.324384e-01	 6.958381e-01	 4.311059e-04	 7.129245e-02	 4.111788e+04	 9.009380e+00	 
 2.359607e-01	 6.940477e-01	 4.125746e-04	 6.957908e-02	 4.112318e+04	 8.905137e+00	 
 2.347512e-01	 6.946632e-01	 4.191104e-04	 7.016645e-02	 4.112134e+04	 8.926115e+00	 
 2.330089e-01	 6.955492e-01	 4.283343e-04	 7.101360e-02	 4.111871e+04	 8.971950e+00	 
 2.341608e-01	 6.949636e-01	 4.222718e-04	 7.045335e-02	 4.112045e+04	 8.938585e+00	 
 2.325439e-01	 6.957852e-01	 4.306843e-04	 7.124020e-02	 4.111802e+04	 8.994660e+00	 
 2.336951e-01	 6.951924e-01	 4.234089e-04	 7.068908e-02	 4.111993e+04	 9.051550e+00	 
 2.326092e-01	 6.957521e-01	 4.303670e-04	 7.120834e-02	 4.111812e+04	 8.990347e+00	 
 2.328404e-01	 6.956348e-01	 4.292005e-04	 7.109561e-02	 4.111846e+04	 8.978774e+00	 
 2.359719e-01	 6.940420e-01	 4.125135e-04	 6.957362e-02	 4.112320e+04	 8.904962e+00	 
 2.409437e-01	 6.915507e-01	 3.787601e-04	 6.712683e-02	 4.576153e+04	 8.725104e+00	 
 2.341415e-01	 6.949638e-01	 4.207751e-04	 7.047398e-02	 4.112065e+04	 9.058154e+00	 
 2.328807e-01	 6.956143e-01	 4.289942e-04	 7.107599e-02	 4.111852e+04	 8.977058e+00	 
 2.326176e-01	 6.957452e-01	 4.298808e-04	 7.120733e-02	 4.111819e+04	 9.026053e+00	 
 2.511323e-01	 6.863836e-01	 3.143805e-04	 6.216970e-02	 4.578797e+04	 9.000334e+00	 
 2.338510e-01	 6.951211e-01	 4.239190e-04	 7.060394e-02	 4.111998e+04	 8.946063e+00	 
 2.355955e-01	 6.942336e-01	 4.145546e-04	 6.975640e-02	 4.112263e+04	 8.910992e+00	 
 2.412502e-01	 6.913672e-01	 3.786004e-04	 6.700402e-02	 4.266655e+04	 8.917016e+00	 
 2.357990e-01	 6.941300e-01	 4.134519e-04	 6.965759e-02	 4.112294e+04	 8.907688e+00	 
 2.340773e-01	 6.950060e-01	 4.227169e-04	 7.049396e-02	 4.112032e+04	 8.940527e+00	 
 2.367728e-01	 6.936172e-01	 4.053875e-04	 6.920465e-02	 4.112483e+04	 9.086763e+00	 
 2.332846e-01	 6.954028e-01	 4.258446e-04	 7.088673e-02	 4.111928e+04	 9.044324e+00	 
 2.339746e-01	 6.950582e-01	 4.232630e-04	 7.054385e-02	 4.112017e+04	 8.942985e+00	 
 2.613321e-01	 6.811220e-01	 2.609530e-04	 5.728488e-02	 4.270448e+04	 9.139489e+00	 
 2.324592e-01	 6.958279e-01	 4.310648e-04	 7.128183e-02	 4.111790e+04	 9.002970e+00	 
 2.412800e-01	 6.913797e-01	 3.770173e-04	 6.696330e-02	 4.576241e+04	 8.699118e+00	 
 2.356108e-01	 6.942258e-01	 4.144719e-04	 6.974898e-02	 4.112265e+04	 8.910740e+00	 
 2.403437e-01	 6.918455e-01	 3.836483e-04	 6.742719e-02	 4.418695e+04	 8.741665e+00	 
 2.324752e-01	 6.958187e-01	 4.308030e-04	 7.127533e-02	 4.111795e+04	 9.017065e+00	 
 2.334577e-01	 6.953211e-01	 4.259949e-04	 7.079522e-02	 4.111939e+04	 8.956891e+00	 
 2.572060e-01	 6.832282e-01	 2.846453e-04	 5.928120e-02	 4.269668e+04	 9.097006e+00	 
 2.324685e-01	 6.958232e-01	 4.310278e-04	 7.127723e-02	 4.111792e+04	 9.001667e+00	 
 2.394125e-01	 6.922673e-01	 3.900580e-04	 6.793013e-02	 4.112899e+04	 9.108991e+00	 
 2.330869e-01	 6.955096e-01	 4.279306e-04	 7.097564e-02	 4.111883e+04	 8.969055e+00	 
 2.430158e-01	 6.904954e-01	 3.678516e-04	 6.612094e-02	 4.576696e+04	 8.625141e+00	 
 2.405295e-01	 6.917344e-01	 3.839804e-04	 6.735214e-02	 4.266517e+04	 8.840226e+00	 
 2.430377e-01	 6.904573e-01	 3.706463e-04	 6.613438e-02	 4.266983e+04	 8.763905e+00	 
 2.402749e-01	 6.918638e-01	 3.848808e-04	 6.747643e-02	 4.266472e+04	 8.883043e+00	 
 2.336118e-01	 6.952428e-01	 4.251842e-04	 7.072029e-02	 4.111962e+04	 8.952441e+00	 
 2.332345e-01	 6.954345e-01	 4.271627e-04	 7.090378e-02	 4.111905e+04	 8.963928e+00	 
 2.430813e-01	 6.904351e-01	 3.704119e-04	 6.611322e-02	 4.266991e+04	 8.763022e+00	 
 2.435401e-01	 6.902277e-01	 3.650913e-04	 6.586712e-02	 4.576835e+04	 8.610716e+00	 
 2.338202e-01	 6.951368e-01	 4.240827e-04	 7.061896e-02	 4.111993e+04	 8.946854e+00	 
 2.352635e-01	 6.944025e-01	 4.163501e-04	 6.991762e-02	 4.112212e+04	 8.916641e+00	 
 2.326682e-01	 6.957222e-01	 4.300732e-04	 7.117951e-02	 4.111820e+04	 8.986999e+00	 
 2.351124e-01	 6.944794e-01	 4.171659e-04	 6.999103e-02	 4.112189e+04	 8.919331e+00	 
 2.411430e-01	 6.914493e-01	 3.777429e-04	 6.702993e-02	 4.576205e+04	 8.708379e+00	 
 2.350603e-01	 6.945059e-01	 4.174468e-04	 7.001633e-02	 4.112181e+04	 8.920278e+00	 
 2.324718e-01	 6.958205e-01	 4.308268e-04	 7.127694e-02	 4.111795e+04	 9.016703e+00	 
 2.358281e-01	 6.941152e-01	 4.132938e-04	 6.964343e-02	 4.112298e+04	 8.907223e+00	 
 2.334826e-01	 6.953084e-01	 4.258642e-04	 7.078312e-02	 4.111942e+04	 8.956152e+00	 
 2.327575e-01	 6.956769e-01	 4.296230e-04	 7.113601e-02	 4.111834e+04	 8.982523e+00	 
 2.329864e-01	 6.955606e-01	 4.284502e-04	 7.102453e-02	 4.111868e+04	 8.972811e+00	 
 2.335040e-01	 6.952904e-01	 4.245409e-04	 7.078113e-02	 4.111963e+04	 9.048365e+00	 
 2.413370e-01	 6.913508e-01	 3.767128e-04	 6.693555e-02	 4.576255e+04	 8.695558e+00	 
 2.348287e-01	 6.946238e-01	 4.186940e-04	 7.012883e-02	 4.112146e+04	 8.924614e+00	 
 2.327826e-01	 6.956641e-01	 4.294952e-04	 7.112375e-02	 4.111837e+04	 8.981351e+00	 
 2.339730e-01	 6.950501e-01	 4.217676e-04	 7.055516e-02	 4.112038e+04	 9.055775e+00	 
 2.432184e-01	 6.903221e-01	 3.680536e-04	 6.609146e-02	 4.113498e+04	 9.137471e+00	 
 2.325288e-01	 6.957929e-01	 4.307565e-04	 7.124764e-02	 4.111800e+04	 8.995815e+00	 
 2.341402e-01	 6.949644e-01	 4.207823e-04	 7.047456e-02	 4.112065e+04	 9.058137e+00	 
 2.401576e-01	 6.919401e-01	 3.846308e-04	 6.751761e-02	 4.418652e+04	 8.750130e+00	 
 2.432380e-01	 6.903552e-01	 3.695700e-04	 6.603725e-02	 4.267020e+04	 8.759916e+00	 
 2.329685e-01	 6.955649e-01	 4.277372e-04	 7.103882e-02	 4.111877e+04	 9.037371e+00	 
 2.366379e-01	 6.936862e-01	 4.061730e-04	 6.926975e-02	 4.112461e+04	 9.085518e+00	 
 2.325577e-01	 6.957760e-01	 4.302587e-04	 7.123598e-02	 4.111809e+04	 9.023079e+00	 
 2.335335e-01	 6.952825e-01	 4.255963e-04	 7.075834e-02	 4.111950e+04	 8.954663e+00	 
 2.340433e-01	 6.950233e-01	 4.228978e-04	 7.051047e-02	 4.112027e+04	 8.941331e+00	 
 2.519290e-01	 6.859513e-01	 3.119089e-04	 6.180781e-02	 4.421383e+04	 9.047115e+00	 
 2.332047e-01	 6.954497e-01	 4.273183e-04	 7.091831e-02	 4.111901e+04	 8.964931e+00	 
 2.368089e-01	 6.935987e-01	 4.051776e-04	 6.918724e-02	 4.112488e+04	 9.087093e+00	 
 2.356115e-01	 6.942254e-01	 4.144678e-04	 6.974862e-02	 4.112265e+04	 8.910728e+00	 
 2.346625e-01	 6.946970e-01	 4.177135e-04	 7.022278e-02	 4.112148e+04	 9.064873e+00	 
 2.332064e-01	 6.954488e-01	 4.273091e-04	 7.091745e-02	 4.111901e+04	 8.964872e+00	 
 2.453178e-01	 6.892494e-01	 3.559511e-04	 6.507683e-02	 4.113828e+04	 9.152517e+00	 
 2.386101e-01	 6.926775e-01	 3.947105e-04	 6.831763e-02	 4.112773e+04	 9.102568e+00	 
 2.328814e-01	 6.956139e-01	 4.289905e-04	 7.107564e-02	 4.111852e+04	 8.977028e+00	 
 2.523236e-01	 6.856713e-01	 3.157054e-04	 6.168948e-02	 4.114924e+04	 9.202930e+00	 
 2.442544e-01	 6.898629e-01	 3.613147e-04	 6.552134e-02	 4.577024e+04	 8.593927e+00	 
 