s	 e	 integralPartic	 alturaRetang	 metadePartic	 maximaPartic	 minimoPArtic	 alturaPartic	 p	 comparativoMet
88	 97	 4.391126e+03	 4.391126e+02	 4.142296e+02	 8.283559e+02	 1.032258e-01	 1.060071e+00	 1	 9.433335e-01	 
 62	 94	 2.248579e+04	 6.813876e+02	 4.142296e+02	 8.283559e+02	 1.032258e-01	 1.644951e+00	 1	 6.079207e-01	 
 80	 116	 1.995602e+04	 5.393518e+02	 4.142296e+02	 8.283559e+02	 1.032258e-01	 6.361653e-01	 1	 7.680137e-01	 
 62	 108	 1.532256e+04	 3.260118e+02	 4.142296e+02	 8.283559e+02	 1.032258e-01	 5.852950e-01	 0	 1.270597e+00	 
 62	 94	 2.248579e+04	 6.813876e+02	 4.142296e+02	 8.283559e+02	 1.032258e-01	 1.644951e+00	 1	 6.079207e-01	 
 60	 103	 2.810621e+04	 6.387775e+02	 4.142296e+02	 8.283559e+02	 1.032258e-01	 9.321548e-01	 1	 6.484724e-01	 
 60	 103	 2.766719e+04	 6.287997e+02	 4.142296e+02	 8.283559e+02	 1.032258e-01	 9.321548e-01	 1	 6.587623e-01	 
 88	 97	 4.391126e+03	 4.391126e+02	 4.142296e+02	 8.283559e+02	 1.032258e-01	 1.060071e+00	 1	 9.433335e-01	 
 60	 103	 2.852328e+04	 6.482565e+02	 4.142296e+02	 8.283559e+02	 1.032258e-01	 9.321548e-01	 1	 6.389903e-01	 
 62	 94	 2.317751e+04	 7.023489e+02	 4.142296e+02	 8.283559e+02	 1.032258e-01	 1.644951e+00	 1	 5.897775e-01	 
 