3.937648e-01	 1.043499e-01	 1.963712e-03	 2.919319e-01	 7.709820e+00	 
 3.937648e-01	 1.043499e-01	 1.963712e-03	 2.919319e-01	 7.709820e+00	 
 3.937648e-01	 1.043499e-01	 1.963712e-03	 2.919319e-01	 7.709820e+00	 
 3.937648e-01	 1.043499e-01	 1.963712e-03	 2.919319e-01	 7.709820e+00	 
 3.937648e-01	 1.043499e-01	 1.963712e-03	 2.919319e-01	 7.709820e+00	 
 3.937648e-01	 1.043499e-01	 1.963712e-03	 2.919319e-01	 7.709820e+00	 
 1.963655e-01	 7.173689e-01	 8.060122e-02	 8.565308e-02	 8.226420e+00	 
 1.963655e-01	 7.173689e-01	 8.060122e-02	 8.565308e-02	 8.226420e+00	 
 1.963655e-01	 7.173689e-01	 8.060122e-02	 8.565308e-02	 8.226420e+00	 
 1.963655e-01	 7.173689e-01	 8.060122e-02	 8.565308e-02	 8.226420e+00	 
 1.963655e-01	 7.173689e-01	 8.060122e-02	 8.565308e-02	 8.226420e+00	 
 1.963655e-01	 7.173689e-01	 8.060122e-02	 8.565308e-02	 8.226420e+00	 
 3.324787e-03	 1.059053e+00	 1.331168e-02	 2.852422e-02	 4.426248e+00	 
 3.324787e-03	 1.059053e+00	 1.331168e-02	 2.852422e-02	 4.426248e+00	 
 3.324787e-03	 1.059053e+00	 1.331168e-02	 2.852422e-02	 4.426248e+00	 
 3.324787e-03	 1.059053e+00	 1.331168e-02	 2.852422e-02	 4.426248e+00	 
 