1.234015e-01	 7.459973e-01	 7.624485e-04	 1.268471e-01	 6.358149e+04	 6.409932e+04	 1	 
 1.234015e-01	 7.459973e-01	 7.624485e-04	 1.268471e-01	 6.358149e+04	 6.409932e+04	 1	 
 1.234015e-01	 7.459973e-01	 7.624485e-04	 1.268471e-01	 6.358149e+04	 6.409932e+04	 1	 
 1.234015e-01	 7.459973e-01	 7.624485e-04	 1.268471e-01	 6.358149e+04	 6.409932e+04	 1	 
 1.234015e-01	 7.459973e-01	 7.624485e-04	 1.268471e-01	 6.358149e+04	 6.409932e+04	 1	 
 1.234015e-01	 7.459973e-01	 7.624485e-04	 1.268471e-01	 6.358149e+04	 6.409932e+04	 1	 
 1.062141e-01	 6.621063e-01	 2.249318e-03	 1.958378e-01	 1.107397e+05	 1.111166e+05	 1	 
 1.062141e-01	 6.621063e-01	 2.249318e-03	 1.958378e-01	 1.107397e+05	 1.111166e+05	 1	 
 1.062141e-01	 6.621063e-01	 2.249318e-03	 1.958378e-01	 1.107397e+05	 1.111166e+05	 1	 
 1.062141e-01	 6.621063e-01	 2.249318e-03	 1.958378e-01	 1.107397e+05	 1.111166e+05	 1	 
 1.062141e-01	 6.621063e-01	 2.249318e-03	 1.958378e-01	 1.107397e+05	 1.111166e+05	 1	 
 1.062141e-01	 6.621063e-01	 2.249318e-03	 1.958378e-01	 1.107397e+05	 1.111166e+05	 1	 
 9.001151e-02	 8.149313e-01	 2.495307e-04	 1.227649e-01	 7.656660e+04	 7.651992e+04	 1	 
 9.001151e-02	 8.149313e-01	 2.495307e-04	 1.227649e-01	 7.656660e+04	 7.651992e+04	 1	 
 9.001151e-02	 8.149313e-01	 2.495307e-04	 1.227649e-01	 7.656660e+04	 7.651992e+04	 1	 
 9.001151e-02	 8.149313e-01	 2.495307e-04	 1.227649e-01	 7.656660e+04	 7.651992e+04	 1	 
 9.001151e-02	 8.149313e-01	 2.495307e-04	 1.227649e-01	 7.656660e+04	 7.651992e+04	 1	 
 9.001151e-02	 8.149313e-01	 2.495307e-04	 1.227649e-01	 7.656660e+04	 7.651992e+04	 1	 
 9.447910e-02	 5.924658e-01	 3.684912e-06	 2.454045e-01	 6.179002e+04	 6.178938e+04	 1	 
 9.447910e-02	 5.924658e-01	 3.684912e-06	 2.454045e-01	 6.179002e+04	 6.178938e+04	 1	 
 9.447910e-02	 5.924658e-01	 3.684912e-06	 2.454045e-01	 6.179002e+04	 6.178938e+04	 1	 
 9.447910e-02	 5.924658e-01	 3.684912e-06	 2.454045e-01	 6.179002e+04	 6.178938e+04	 1	 
 9.447910e-02	 5.924658e-01	 3.684912e-06	 2.454045e-01	 6.179002e+04	 6.178938e+04	 1	 
 9.447910e-02	 5.924658e-01	 3.684912e-06	 2.454045e-01	 6.179002e+04	 6.178938e+04	 1	 
 3.915326e-02	 7.665536e-01	 1.143979e-05	 1.892046e-01	 3.510435e+04	 3.510240e+04	 1	 
 3.915326e-02	 7.665536e-01	 1.143979e-05	 1.892046e-01	 3.510435e+04	 3.510240e+04	 1	 
 3.915326e-02	 7.665536e-01	 1.143979e-05	 1.892046e-01	 3.510435e+04	 3.510240e+04	 1	 
 3.915326e-02	 7.665536e-01	 1.143979e-05	 1.892046e-01	 3.510435e+04	 3.510240e+04	 1	 
 3.915326e-02	 7.665536e-01	 1.143979e-05	 1.892046e-01	 3.510435e+04	 3.510240e+04	 1	 
 3.915326e-02	 7.665536e-01	 1.143979e-05	 1.892046e-01	 3.510435e+04	 3.510240e+04	 1	 
 1.715428e-01	 7.236991e-01	 -1.386721e-04	 1.319577e-01	 2.697315e+04	 2.697315e+04	 0	 
 1.715428e-01	 7.236991e-01	 -1.386721e-04	 1.319577e-01	 2.697315e+04	 2.697315e+04	 0	 
 1.715428e-01	 7.236991e-01	 -1.386721e-04	 1.319577e-01	 2.697315e+04	 2.697315e+04	 0	 
 1.715428e-01	 7.236991e-01	 -1.386721e-04	 1.319577e-01	 2.697315e+04	 2.697315e+04	 0	 
 1.715428e-01	 7.236991e-01	 -1.386721e-04	 1.319577e-01	 2.697315e+04	 2.697315e+04	 0	 
 1.715428e-01	 7.236991e-01	 -1.386721e-04	 1.319577e-01	 2.697315e+04	 2.697315e+04	 0	 
 3.453973e-01	 -2.456545e+00	 -5.059906e-05	 2.040831e+00	 2.045993e+04	 2.045993e+04	 0	 
 3.453973e-01	 -2.456545e+00	 -5.059906e-05	 2.040831e+00	 2.045993e+04	 2.045993e+04	 0	 
 3.453973e-01	 -2.456545e+00	 -5.059906e-05	 2.040831e+00	 2.045993e+04	 2.045993e+04	 0	 
 3.453973e-01	 -2.456545e+00	 -5.059906e-05	 2.040831e+00	 2.045993e+04	 2.045993e+04	 0	 
 3.453973e-01	 -2.456545e+00	 -5.059906e-05	 2.040831e+00	 2.045993e+04	 2.045993e+04	 0	 
 3.453973e-01	 -2.456545e+00	 -5.059906e-05	 2.040831e+00	 2.045993e+04	 2.045993e+04	 0	 
 2.272264e-01	 7.370918e-01	 -2.488872e-05	 5.007828e-02	 3.866499e+04	 3.866499e+04	 0	 
 2.272264e-01	 7.370918e-01	 -2.488872e-05	 5.007828e-02	 3.866499e+04	 3.866499e+04	 0	 
 2.272264e-01	 7.370918e-01	 -2.488872e-05	 5.007828e-02	 3.866499e+04	 3.866499e+04	 0	 
 2.272264e-01	 7.370918e-01	 -2.488872e-05	 5.007828e-02	 3.866499e+04	 3.866499e+04	 0	 
 2.272264e-01	 7.370918e-01	 -2.488872e-05	 5.007828e-02	 3.866499e+04	 3.866499e+04	 0	 
 2.272264e-01	 7.370918e-01	 -2.488872e-05	 5.007828e-02	 3.866499e+04	 3.866499e+04	 0	 
 2.749196e-01	 2.329257e-01	 8.370747e-07	 3.340736e-01	 2.462446e+04	 2.462109e+04	 1	 
 2.749196e-01	 2.329257e-01	 8.370747e-07	 3.340736e-01	 2.462446e+04	 2.462109e+04	 1	 
 2.749196e-01	 2.329257e-01	 8.370747e-07	 3.340736e-01	 2.462446e+04	 2.462109e+04	 1	 
 2.749196e-01	 2.329257e-01	 8.370747e-07	 3.340736e-01	 2.462446e+04	 2.462109e+04	 1	 
 2.749196e-01	 2.329257e-01	 8.370747e-07	 3.340736e-01	 2.462446e+04	 2.462109e+04	 1	 
 2.749196e-01	 2.329257e-01	 8.370747e-07	 3.340736e-01	 2.462446e+04	 2.462109e+04	 1	 
 2.457392e-01	 5.367592e-01	 -1.030283e-04	 1.627778e-01	 7.909166e+04	 7.909166e+04	 0	 
 2.457392e-01	 5.367592e-01	 -1.030283e-04	 1.627778e-01	 7.909166e+04	 7.909166e+04	 0	 
 2.457392e-01	 5.367592e-01	 -1.030283e-04	 1.627778e-01	 7.909166e+04	 7.909166e+04	 0	 
 2.457392e-01	 5.367592e-01	 -1.030283e-04	 1.627778e-01	 7.909166e+04	 7.909166e+04	 0	 
 2.457392e-01	 5.367592e-01	 -1.030283e-04	 1.627778e-01	 7.909166e+04	 7.909166e+04	 0	 
 2.457392e-01	 5.367592e-01	 -1.030283e-04	 1.627778e-01	 7.909166e+04	 7.909166e+04	 0	 
 2.457392e-01	 5.367592e-01	 -1.030283e-04	 1.627778e-01	 7.909166e+04	 7.909166e+04	 0	 
 2.457392e-01	 5.367592e-01	 -1.030283e-04	 1.627778e-01	 7.909166e+04	 7.909166e+04	 0	 
 2.457392e-01	 5.367592e-01	 -1.030283e-04	 1.627778e-01	 7.909166e+04	 7.909166e+04	 0	 
 2.457392e-01	 5.367592e-01	 -1.030283e-04	 1.627778e-01	 7.909166e+04	 7.909166e+04	 0	 
 2.457392e-01	 5.367592e-01	 -1.030283e-04	 1.627778e-01	 7.909166e+04	 7.909166e+04	 0	 
 2.457392e-01	 5.367592e-01	 -1.030283e-04	 1.627778e-01	 7.909166e+04	 7.909166e+04	 0	 
 2.751288e-01	 2.300453e-01	 6.303933e-07	 3.358072e-01	 2.462449e+04	 2.462449e+04	 1	 
 2.751288e-01	 2.300453e-01	 6.303933e-07	 3.358072e-01	 2.462449e+04	 2.462449e+04	 1	 
 2.751288e-01	 2.300453e-01	 6.303933e-07	 3.358072e-01	 2.462449e+04	 2.462449e+04	 1	 
 2.751288e-01	 2.300453e-01	 6.303933e-07	 3.358072e-01	 2.462449e+04	 2.462449e+04	 1	 
 2.751288e-01	 2.300453e-01	 6.303933e-07	 3.358072e-01	 2.462449e+04	 2.462449e+04	 1	 
 2.751288e-01	 2.300453e-01	 6.303933e-07	 3.358072e-01	 2.462449e+04	 2.462449e+04	 1	 
 2.756725e-01	 2.225270e-01	 8.901612e-08	 3.403331e-01	 2.462454e+04	 2.462454e+04	 1	 
 2.756725e-01	 2.225270e-01	 8.901612e-08	 3.403331e-01	 2.462454e+04	 2.462454e+04	 1	 
 2.756725e-01	 2.225270e-01	 8.901612e-08	 3.403331e-01	 2.462454e+04	 2.462454e+04	 1	 
 2.756725e-01	 2.225270e-01	 8.901612e-08	 3.403331e-01	 2.462454e+04	 2.462454e+04	 1	 
 2.756725e-01	 2.225270e-01	 8.901612e-08	 3.403331e-01	 2.462454e+04	 2.462454e+04	 1	 
 2.756725e-01	 2.225270e-01	 8.901612e-08	 3.403331e-01	 2.462454e+04	 2.462454e+04	 1	 
 2.457392e-01	 5.367592e-01	 -1.030283e-04	 1.627778e-01	 7.909166e+04	 7.909166e+04	 0	 
 2.457392e-01	 5.367592e-01	 -1.030283e-04	 1.627778e-01	 7.909166e+04	 7.909166e+04	 0	 
 2.457392e-01	 5.367592e-01	 -1.030283e-04	 1.627778e-01	 7.909166e+04	 7.909166e+04	 0	 
 2.457392e-01	 5.367592e-01	 -1.030283e-04	 1.627778e-01	 7.909166e+04	 7.909166e+04	 0	 
 2.457392e-01	 5.367592e-01	 -1.030283e-04	 1.627778e-01	 7.909166e+04	 7.909166e+04	 0	 
 2.457392e-01	 5.367592e-01	 -1.030283e-04	 1.627778e-01	 7.909166e+04	 7.909166e+04	 0	 
 1.715428e-01	 7.236991e-01	 -1.386721e-04	 1.319577e-01	 2.697315e+04	 2.697315e+04	 0	 
 1.715428e-01	 7.236991e-01	 -1.386721e-04	 1.319577e-01	 2.697315e+04	 2.697315e+04	 0	 
 1.715428e-01	 7.236991e-01	 -1.386721e-04	 1.319577e-01	 2.697315e+04	 2.697315e+04	 0	 
 1.715428e-01	 7.236991e-01	 -1.386721e-04	 1.319577e-01	 2.697315e+04	 2.697315e+04	 0	 
 1.715428e-01	 7.236991e-01	 -1.386721e-04	 1.319577e-01	 2.697315e+04	 2.697315e+04	 0	 
 1.715428e-01	 7.236991e-01	 -1.386721e-04	 1.319577e-01	 2.697315e+04	 2.697315e+04	 0	 
 1.715428e-01	 7.236991e-01	 -1.386721e-04	 1.319577e-01	 2.697315e+04	 2.697315e+04	 0	 
 1.715428e-01	 7.236991e-01	 -1.386721e-04	 1.319577e-01	 2.697315e+04	 2.697315e+04	 0	 
 1.715428e-01	 7.236991e-01	 -1.386721e-04	 1.319577e-01	 2.697315e+04	 2.697315e+04	 0	 
 1.715428e-01	 7.236991e-01	 -1.386721e-04	 1.319577e-01	 2.697315e+04	 2.697315e+04	 0	 
 1.715428e-01	 7.236991e-01	 -1.386721e-04	 1.319577e-01	 2.697315e+04	 2.697315e+04	 0	 
 1.715428e-01	 7.236991e-01	 -1.386721e-04	 1.319577e-01	 2.697315e+04	 2.697315e+04	 0	 
 2.457392e-01	 5.367592e-01	 -1.030283e-04	 1.627778e-01	 7.909166e+04	 7.909166e+04	 0	 
 2.457392e-01	 5.367592e-01	 -1.030283e-04	 1.627778e-01	 7.909166e+04	 7.909166e+04	 0	 
 2.457392e-01	 5.367592e-01	 -1.030283e-04	 1.627778e-01	 7.909166e+04	 7.909166e+04	 0	 
 2.457392e-01	 5.367592e-01	 -1.030283e-04	 1.627778e-01	 7.909166e+04	 7.909166e+04	 0	 
 2.457392e-01	 5.367592e-01	 -1.030283e-04	 1.627778e-01	 7.909166e+04	 7.909166e+04	 0	 
 2.457392e-01	 5.367592e-01	 -1.030283e-04	 1.627778e-01	 7.909166e+04	 7.909166e+04	 0	 
 2.457392e-01	 5.367592e-01	 -1.030283e-04	 1.627778e-01	 7.909166e+04	 7.909166e+04	 0	 
 2.457392e-01	 5.367592e-01	 -1.030283e-04	 1.627778e-01	 7.909166e+04	 7.909166e+04	 0	 
 2.457392e-01	 5.367592e-01	 -1.030283e-04	 1.627778e-01	 7.909166e+04	 7.909166e+04	 0	 
 2.457392e-01	 5.367592e-01	 -1.030283e-04	 1.627778e-01	 7.909166e+04	 7.909166e+04	 0	 
 2.457392e-01	 5.367592e-01	 -1.030283e-04	 1.627778e-01	 7.909166e+04	 7.909166e+04	 0	 
 2.457392e-01	 5.367592e-01	 -1.030283e-04	 1.627778e-01	 7.909166e+04	 7.909166e+04	 0	 
 2.457392e-01	 5.367592e-01	 -1.030283e-04	 1.627778e-01	 7.909166e+04	 7.909166e+04	 0	 
 2.457392e-01	 5.367592e-01	 -1.030283e-04	 1.627778e-01	 7.909166e+04	 7.909166e+04	 0	 
 2.457392e-01	 5.367592e-01	 -1.030283e-04	 1.627778e-01	 7.909166e+04	 7.909166e+04	 0	 
 2.457392e-01	 5.367592e-01	 -1.030283e-04	 1.627778e-01	 7.909166e+04	 7.909166e+04	 0	 
 2.457392e-01	 5.367592e-01	 -1.030283e-04	 1.627778e-01	 7.909166e+04	 7.909166e+04	 0	 
 2.457392e-01	 5.367592e-01	 -1.030283e-04	 1.627778e-01	 7.909166e+04	 7.909166e+04	 0	 
 2.457392e-01	 5.367592e-01	 -1.030283e-04	 1.627778e-01	 7.909166e+04	 7.909166e+04	 0	 
 2.457392e-01	 5.367592e-01	 -1.030283e-04	 1.627778e-01	 7.909166e+04	 7.909166e+04	 0	 
 2.457392e-01	 5.367592e-01	 -1.030283e-04	 1.627778e-01	 7.909166e+04	 7.909166e+04	 0	 
 2.457392e-01	 5.367592e-01	 -1.030283e-04	 1.627778e-01	 7.909166e+04	 7.909166e+04	 0	 
 2.457392e-01	 5.367592e-01	 -1.030283e-04	 1.627778e-01	 7.909166e+04	 7.909166e+04	 0	 
 2.457392e-01	 5.367592e-01	 -1.030283e-04	 1.627778e-01	 7.909166e+04	 7.909166e+04	 0	 
 2.457392e-01	 5.367592e-01	 -1.030283e-04	 1.627778e-01	 7.909166e+04	 7.909166e+04	 0	 
 2.457392e-01	 5.367592e-01	 -1.030283e-04	 1.627778e-01	 7.909166e+04	 7.909166e+04	 0	 
 2.457392e-01	 5.367592e-01	 -1.030283e-04	 1.627778e-01	 7.909166e+04	 7.909166e+04	 0	 
 2.457392e-01	 5.367592e-01	 -1.030283e-04	 1.627778e-01	 7.909166e+04	 7.909166e+04	 0	 
 2.457392e-01	 5.367592e-01	 -1.030283e-04	 1.627778e-01	 7.909166e+04	 7.909166e+04	 0	 
 2.457392e-01	 5.367592e-01	 -1.030283e-04	 1.627778e-01	 7.909166e+04	 7.909166e+04	 0	 
 2.457392e-01	 5.367592e-01	 -1.030283e-04	 1.627778e-01	 7.909166e+04	 7.909166e+04	 0	 
 2.457392e-01	 5.367592e-01	 -1.030283e-04	 1.627778e-01	 7.909166e+04	 7.909166e+04	 0	 
 2.457392e-01	 5.367592e-01	 -1.030283e-04	 1.627778e-01	 7.909166e+04	 7.909166e+04	 0	 
 2.457392e-01	 5.367592e-01	 -1.030283e-04	 1.627778e-01	 7.909166e+04	 7.909166e+04	 0	 
 2.457392e-01	 5.367592e-01	 -1.030283e-04	 1.627778e-01	 7.909166e+04	 7.909166e+04	 0	 
 2.457392e-01	 5.367592e-01	 -1.030283e-04	 1.627778e-01	 7.909166e+04	 7.909166e+04	 0	 
 2.457392e-01	 5.367592e-01	 -1.030283e-04	 1.627778e-01	 7.909166e+04	 7.909166e+04	 0	 
 2.457392e-01	 5.367592e-01	 -1.030283e-04	 1.627778e-01	 7.909166e+04	 7.909166e+04	 0	 
 2.457392e-01	 5.367592e-01	 -1.030283e-04	 1.627778e-01	 7.909166e+04	 7.909166e+04	 0	 
 2.457392e-01	 5.367592e-01	 -1.030283e-04	 1.627778e-01	 7.909166e+04	 7.909166e+04	 0	 
 2.457392e-01	 5.367592e-01	 -1.030283e-04	 1.627778e-01	 7.909166e+04	 7.909166e+04	 0	 
 2.457392e-01	 5.367592e-01	 -1.030283e-04	 1.627778e-01	 7.909166e+04	 7.909166e+04	 0	 
 2.751288e-01	 2.300453e-01	 6.303933e-07	 3.358072e-01	 2.462449e+04	 2.462449e+04	 1	 
 2.751288e-01	 2.300453e-01	 6.303933e-07	 3.358072e-01	 2.462449e+04	 2.462449e+04	 1	 
 2.751288e-01	 2.300453e-01	 6.303933e-07	 3.358072e-01	 2.462449e+04	 2.462449e+04	 1	 
 2.751288e-01	 2.300453e-01	 6.303933e-07	 3.358072e-01	 2.462449e+04	 2.462449e+04	 1	 
 2.751288e-01	 2.300453e-01	 6.303933e-07	 3.358072e-01	 2.462449e+04	 2.462449e+04	 1	 
 2.751288e-01	 2.300453e-01	 6.303933e-07	 3.358072e-01	 2.462449e+04	 2.462449e+04	 1	 
 2.757018e-01	 2.221269e-01	 6.632107e-08	 3.405746e-01	 2.462457e+04	 2.462457e+04	 1	 
 2.757018e-01	 2.221269e-01	 6.632107e-08	 3.405746e-01	 2.462457e+04	 2.462457e+04	 1	 
 2.757018e-01	 2.221269e-01	 6.632107e-08	 3.405746e-01	 2.462457e+04	 2.462457e+04	 1	 
 2.757018e-01	 2.221269e-01	 6.632107e-08	 3.405746e-01	 2.462457e+04	 2.462457e+04	 1	 
 2.757018e-01	 2.221269e-01	 6.632107e-08	 3.405746e-01	 2.462457e+04	 2.462457e+04	 1	 
 2.757018e-01	 2.221269e-01	 6.632107e-08	 3.405746e-01	 2.462457e+04	 2.462457e+04	 1	 
 2.457392e-01	 5.367592e-01	 -1.030283e-04	 1.627778e-01	 7.909166e+04	 7.909166e+04	 0	 
 2.457392e-01	 5.367592e-01	 -1.030283e-04	 1.627778e-01	 7.909166e+04	 7.909166e+04	 0	 
 2.457392e-01	 5.367592e-01	 -1.030283e-04	 1.627778e-01	 7.909166e+04	 7.909166e+04	 0	 
 2.457392e-01	 5.367592e-01	 -1.030283e-04	 1.627778e-01	 7.909166e+04	 7.909166e+04	 0	 
 2.457392e-01	 5.367592e-01	 -1.030283e-04	 1.627778e-01	 7.909166e+04	 7.909166e+04	 0	 
 2.457392e-01	 5.367592e-01	 -1.030283e-04	 1.627778e-01	 7.909166e+04	 7.909166e+04	 0	 
 9.328503e-02	 8.124329e-01	 2.505372e-04	 1.217742e-01	 7.658947e+04	 7.656595e+04	 1	 
 9.328503e-02	 8.124329e-01	 2.505372e-04	 1.217742e-01	 7.658947e+04	 7.656595e+04	 1	 
 9.328503e-02	 8.124329e-01	 2.505372e-04	 1.217742e-01	 7.658947e+04	 7.656595e+04	 1	 
 9.328503e-02	 8.124329e-01	 2.505372e-04	 1.217742e-01	 7.658947e+04	 7.656595e+04	 1	 
 9.328503e-02	 8.124329e-01	 2.505372e-04	 1.217742e-01	 7.658947e+04	 7.656595e+04	 1	 
 9.328503e-02	 8.124329e-01	 2.505372e-04	 1.217742e-01	 7.658947e+04	 7.656595e+04	 1	 
 9.615142e-02	 8.044785e-01	 2.377389e-04	 1.240909e-01	 7.660693e+04	 7.658698e+04	 1	 
 9.615142e-02	 8.044785e-01	 2.377389e-04	 1.240909e-01	 7.660693e+04	 7.658698e+04	 1	 
 9.615142e-02	 8.044785e-01	 2.377389e-04	 1.240909e-01	 7.660693e+04	 7.658698e+04	 1	 
 9.615142e-02	 8.044785e-01	 2.377389e-04	 1.240909e-01	 7.660693e+04	 7.658698e+04	 1	 
 9.615142e-02	 8.044785e-01	 2.377389e-04	 1.240909e-01	 7.660693e+04	 7.658698e+04	 1	 
 9.615142e-02	 8.044785e-01	 2.377389e-04	 1.240909e-01	 7.660693e+04	 7.658698e+04	 1	 
 2.457392e-01	 5.367592e-01	 -1.030283e-04	 1.627778e-01	 7.909166e+04	 7.909166e+04	 0	 
 2.457392e-01	 5.367592e-01	 -1.030283e-04	 1.627778e-01	 7.909166e+04	 7.909166e+04	 0	 
 2.457392e-01	 5.367592e-01	 -1.030283e-04	 1.627778e-01	 7.909166e+04	 7.909166e+04	 0	 
 2.457392e-01	 5.367592e-01	 -1.030283e-04	 1.627778e-01	 7.909166e+04	 7.909166e+04	 0	 
 2.457392e-01	 5.367592e-01	 -1.030283e-04	 1.627778e-01	 7.909166e+04	 7.909166e+04	 0	 
 2.457392e-01	 5.367592e-01	 -1.030283e-04	 1.627778e-01	 7.909166e+04	 7.909166e+04	 0	 
 3.453973e-01	 -2.456545e+00	 -5.059906e-05	 2.040831e+00	 2.045993e+04	 2.045993e+04	 0	 
 3.453973e-01	 -2.456545e+00	 -5.059906e-05	 2.040831e+00	 2.045993e+04	 2.045993e+04	 0	 
 3.453973e-01	 -2.456545e+00	 -5.059906e-05	 2.040831e+00	 2.045993e+04	 2.045993e+04	 0	 
 3.453973e-01	 -2.456545e+00	 -5.059906e-05	 2.040831e+00	 2.045993e+04	 2.045993e+04	 0	 
 3.453973e-01	 -2.456545e+00	 -5.059906e-05	 2.040831e+00	 2.045993e+04	 2.045993e+04	 0	 
 3.453973e-01	 -2.456545e+00	 -5.059906e-05	 2.040831e+00	 2.045993e+04	 2.045993e+04	 0	 
 3.453973e-01	 -2.456545e+00	 -5.059906e-05	 2.040831e+00	 2.045993e+04	 2.045993e+04	 0	 
 3.453973e-01	 -2.456545e+00	 -5.059906e-05	 2.040831e+00	 2.045993e+04	 2.045993e+04	 0	 
 3.453973e-01	 -2.456545e+00	 -5.059906e-05	 2.040831e+00	 2.045993e+04	 2.045993e+04	 0	 
 3.453973e-01	 -2.456545e+00	 -5.059906e-05	 2.040831e+00	 2.045993e+04	 2.045993e+04	 0	 
 3.453973e-01	 -2.456545e+00	 -5.059906e-05	 2.040831e+00	 2.045993e+04	 2.045993e+04	 0	 
 3.453973e-01	 -2.456545e+00	 -5.059906e-05	 2.040831e+00	 2.045993e+04	 2.045993e+04	 0	 
 2.457392e-01	 5.367592e-01	 -1.030283e-04	 1.627778e-01	 7.909166e+04	 7.909166e+04	 0	 
 2.457392e-01	 5.367592e-01	 -1.030283e-04	 1.627778e-01	 7.909166e+04	 7.909166e+04	 0	 
 2.457392e-01	 5.367592e-01	 -1.030283e-04	 1.627778e-01	 7.909166e+04	 7.909166e+04	 0	 
 2.457392e-01	 5.367592e-01	 -1.030283e-04	 1.627778e-01	 7.909166e+04	 7.909166e+04	 0	 
 2.457392e-01	 5.367592e-01	 -1.030283e-04	 1.627778e-01	 7.909166e+04	 7.909166e+04	 0	 
 2.457392e-01	 5.367592e-01	 -1.030283e-04	 1.627778e-01	 7.909166e+04	 7.909166e+04	 0	 
 3.918707e-02	 7.665790e-01	 1.141031e-05	 1.891737e-01	 3.510491e+04	 3.510442e+04	 1	 
 3.918707e-02	 7.665790e-01	 1.141031e-05	 1.891737e-01	 3.510491e+04	 3.510442e+04	 1	 
 3.918707e-02	 7.665790e-01	 1.141031e-05	 1.891737e-01	 3.510491e+04	 3.510442e+04	 1	 
 3.918707e-02	 7.665790e-01	 1.141031e-05	 1.891737e-01	 3.510491e+04	 3.510442e+04	 1	 
 3.918707e-02	 7.665790e-01	 1.141031e-05	 1.891737e-01	 3.510491e+04	 3.510442e+04	 1	 
 3.918707e-02	 7.665790e-01	 1.141031e-05	 1.891737e-01	 3.510491e+04	 3.510442e+04	 1	 
 3.933334e-02	 7.664941e-01	 1.140607e-05	 1.891207e-01	 3.510521e+04	 3.510481e+04	 1	 
 3.933334e-02	 7.664941e-01	 1.140607e-05	 1.891207e-01	 3.510521e+04	 3.510481e+04	 1	 
 3.933334e-02	 7.664941e-01	 1.140607e-05	 1.891207e-01	 3.510521e+04	 3.510481e+04	 1	 
 3.933334e-02	 7.664941e-01	 1.140607e-05	 1.891207e-01	 3.510521e+04	 3.510481e+04	 1	 
 3.933334e-02	 7.664941e-01	 1.140607e-05	 1.891207e-01	 3.510521e+04	 3.510481e+04	 1	 
 3.933334e-02	 7.664941e-01	 1.140607e-05	 1.891207e-01	 3.510521e+04	 3.510481e+04	 1	 
 2.457392e-01	 5.367592e-01	 -1.030283e-04	 1.627778e-01	 7.909166e+04	 7.909166e+04	 0	 
 2.457392e-01	 5.367592e-01	 -1.030283e-04	 1.627778e-01	 7.909166e+04	 7.909166e+04	 0	 
 2.457392e-01	 5.367592e-01	 -1.030283e-04	 1.627778e-01	 7.909166e+04	 7.909166e+04	 0	 
 2.457392e-01	 5.367592e-01	 -1.030283e-04	 1.627778e-01	 7.909166e+04	 7.909166e+04	 0	 
 2.457392e-01	 5.367592e-01	 -1.030283e-04	 1.627778e-01	 7.909166e+04	 7.909166e+04	 0	 
 2.457392e-01	 5.367592e-01	 -1.030283e-04	 1.627778e-01	 7.909166e+04	 7.909166e+04	 0	 
 2.457392e-01	 5.367592e-01	 -1.030283e-04	 1.627778e-01	 7.909166e+04	 7.909166e+04	 0	 
 2.457392e-01	 5.367592e-01	 -1.030283e-04	 1.627778e-01	 7.909166e+04	 7.909166e+04	 0	 
 2.457392e-01	 5.367592e-01	 -1.030283e-04	 1.627778e-01	 7.909166e+04	 7.909166e+04	 0	 
 2.457392e-01	 5.367592e-01	 -1.030283e-04	 1.627778e-01	 7.909166e+04	 7.909166e+04	 0	 
 2.457392e-01	 5.367592e-01	 -1.030283e-04	 1.627778e-01	 7.909166e+04	 7.909166e+04	 0	 
 2.457392e-01	 5.367592e-01	 -1.030283e-04	 1.627778e-01	 7.909166e+04	 7.909166e+04	 0	 
 2.457392e-01	 5.367592e-01	 -1.030283e-04	 1.627778e-01	 7.909166e+04	 7.909166e+04	 0	 
 2.457392e-01	 5.367592e-01	 -1.030283e-04	 1.627778e-01	 7.909166e+04	 7.909166e+04	 0	 
 2.457392e-01	 5.367592e-01	 -1.030283e-04	 1.627778e-01	 7.909166e+04	 7.909166e+04	 0	 
 2.457392e-01	 5.367592e-01	 -1.030283e-04	 1.627778e-01	 7.909166e+04	 7.909166e+04	 0	 
 2.457392e-01	 5.367592e-01	 -1.030283e-04	 1.627778e-01	 7.909166e+04	 7.909166e+04	 0	 
 2.457392e-01	 5.367592e-01	 -1.030283e-04	 1.627778e-01	 7.909166e+04	 7.909166e+04	 0	 
 2.457392e-01	 5.367592e-01	 -1.030283e-04	 1.627778e-01	 7.909166e+04	 7.909166e+04	 0	 
 2.457392e-01	 5.367592e-01	 -1.030283e-04	 1.627778e-01	 7.909166e+04	 7.909166e+04	 0	 
 2.457392e-01	 5.367592e-01	 -1.030283e-04	 1.627778e-01	 7.909166e+04	 7.909166e+04	 0	 
 2.457392e-01	 5.367592e-01	 -1.030283e-04	 1.627778e-01	 7.909166e+04	 7.909166e+04	 0	 
 2.457392e-01	 5.367592e-01	 -1.030283e-04	 1.627778e-01	 7.909166e+04	 7.909166e+04	 0	 
 2.457392e-01	 5.367592e-01	 -1.030283e-04	 1.627778e-01	 7.909166e+04	 7.909166e+04	 0	 
 3.918707e-02	 7.665790e-01	 1.141031e-05	 1.891737e-01	 3.510491e+04	 3.510442e+04	 1	 
 3.918707e-02	 7.665790e-01	 1.141031e-05	 1.891737e-01	 3.510491e+04	 3.510442e+04	 1	 
 3.918707e-02	 7.665790e-01	 1.141031e-05	 1.891737e-01	 3.510491e+04	 3.510442e+04	 1	 
 3.918707e-02	 7.665790e-01	 1.141031e-05	 1.891737e-01	 3.510491e+04	 3.510442e+04	 1	 
 3.918707e-02	 7.665790e-01	 1.141031e-05	 1.891737e-01	 3.510491e+04	 3.510442e+04	 1	 
 3.918707e-02	 7.665790e-01	 1.141031e-05	 1.891737e-01	 3.510491e+04	 3.510442e+04	 1	 
 3.962166e-02	 7.663960e-01	 1.163072e-05	 1.889587e-01	 3.510512e+04	 3.510482e+04	 1	 
 3.962166e-02	 7.663960e-01	 1.163072e-05	 1.889587e-01	 3.510512e+04	 3.510482e+04	 1	 
 3.962166e-02	 7.663960e-01	 1.163072e-05	 1.889587e-01	 3.510512e+04	 3.510482e+04	 1	 
 3.962166e-02	 7.663960e-01	 1.163072e-05	 1.889587e-01	 3.510512e+04	 3.510482e+04	 1	 
 3.962166e-02	 7.663960e-01	 1.163072e-05	 1.889587e-01	 3.510512e+04	 3.510482e+04	 1	 
 3.962166e-02	 7.663960e-01	 1.163072e-05	 1.889587e-01	 3.510512e+04	 3.510482e+04	 1	 
 