s	 e	 integralPartic	 alturaRetang	 metadePartic	 maximaPartic	 minimoPArtic	 alturaPartic	 p	 comparativoMet
25	 53	 2.116541e+02	 7.298417e+00	 3.957931e+00	 7.915478e+00	 3.841588e-04	 1.835793e+00	 1	 5.422999e-01	 
 25	 53	 2.107123e+02	 7.265940e+00	 3.957931e+00	 7.915478e+00	 3.841588e-04	 1.835793e+00	 1	 5.447238e-01	 
 25	 53	 2.107123e+02	 7.265940e+00	 3.957931e+00	 7.915478e+00	 3.841588e-04	 1.835793e+00	 1	 5.447238e-01	 
 25	 53	 2.107123e+02	 7.265940e+00	 3.957931e+00	 7.915478e+00	 3.841588e-04	 1.835793e+00	 1	 5.447238e-01	 
 25	 53	 2.107123e+02	 7.265940e+00	 3.957931e+00	 7.915478e+00	 3.841588e-04	 1.835793e+00	 1	 5.447238e-01	 
 25	 53	 1.901689e+02	 6.557549e+00	 3.957931e+00	 7.915478e+00	 3.841588e-04	 1.835793e+00	 1	 6.035687e-01	 
 25	 53	 2.107123e+02	 7.265940e+00	 3.957931e+00	 7.915478e+00	 3.841588e-04	 1.835793e+00	 1	 5.447238e-01	 
 25	 53	 2.107123e+02	 7.265940e+00	 3.957931e+00	 7.915478e+00	 3.841588e-04	 1.835793e+00	 1	 5.447238e-01	 
 25	 53	 2.107123e+02	 7.265940e+00	 3.957931e+00	 7.915478e+00	 3.841588e-04	 1.835793e+00	 1	 5.447238e-01	 
 25	 53	 2.107123e+02	 7.265940e+00	 3.957931e+00	 7.915478e+00	 3.841588e-04	 1.835793e+00	 1	 5.447238e-01	 
 