s	 e	 integralPartic	 alturaRetang	 metadePartic	 maximaPartic	 minimoPArtic	 alturaPartic	 p	 comparativoMet
344	 359	 1.393068e+04	 8.706676e+02	 1.318860e+03	 2.303523e+03	 3.341970e+02	 6.601667e-01	 0	 1.514769e+00	 
 319	 343	 2.819034e+04	 1.127614e+03	 1.313934e+03	 2.303523e+03	 3.243450e+02	 8.581965e-01	 0	 1.165234e+00	 
 321	 338	 1.980178e+04	 1.100099e+03	 1.315085e+03	 2.303523e+03	 3.266472e+02	 8.365230e-01	 0	 1.195424e+00	 
 331	 346	 2.381356e+04	 1.488348e+03	 1.311070e+03	 2.303523e+03	 3.186163e+02	 1.135216e+00	 1	 8.808896e-01	 
 307	 358	 1.146624e+05	 2.205047e+03	 1.314558e+03	 2.303523e+03	 3.255930e+02	 1.677405e+00	 1	 5.961588e-01	 
 346	 359	 2.536899e+04	 1.812071e+03	 1.322160e+03	 2.303523e+03	 3.407959e+02	 1.370539e+00	 1	 7.296401e-01	 
 347	 359	 1.323034e+04	 1.017719e+03	 1.323547e+03	 2.303523e+03	 3.435700e+02	 7.689329e-01	 0	 1.300504e+00	 
 333	 350	 2.037242e+04	 1.131801e+03	 1.308611e+03	 2.303523e+03	 3.136994e+02	 8.648871e-01	 0	 1.156220e+00	 
 304	 318	 8.227656e+03	 5.485104e+02	 1.337872e+03	 2.303523e+03	 3.722215e+02	 4.099871e-01	 0	 2.439101e+00	 
 334	 351	 7.914088e+03	 4.396715e+02	 1.309757e+03	 2.303523e+03	 3.159896e+02	 1.208449e+00	 0	 2.978943e+00	 
 1	 1	 1.000000e-05	 1.000000e-05	 1.000000e-05	 1.000000e-05	 1.000000e-05	 1.000000e-05	 1	 1.000000e-05	 
 1	 1	 1.000000e-05	 1.000000e-05	 1.000000e-05	 1.000000e-05	 1.000000e-05	 1.000000e-05	 1	 1.000000e-05	 
 1	 1	 1.000000e-05	 1.000000e-05	 1.000000e-05	 1.000000e-05	 1.000000e-05	 1.000000e-05	 1	 1.000000e-05	 
 1	 1	 1.000000e-05	 1.000000e-05	 1.000000e-05	 1.000000e-05	 1.000000e-05	 1.000000e-05	 1	 1.000000e-05	 
 1	 1	 1.000000e-05	 1.000000e-05	 1.000000e-05	 1.000000e-05	 1.000000e-05	 1.000000e-05	 1	 1.000000e-05	 
 1	 1	 1.000000e-05	 1.000000e-05	 1.000000e-05	 1.000000e-05	 1.000000e-05	 1.000000e-05	 1	 1.000000e-05	 
 1	 1	 1.000000e-05	 1.000000e-05	 1.000000e-05	 1.000000e-05	 1.000000e-05	 1.000000e-05	 1	 1.000000e-05	 
 1	 1	 1.000000e-05	 1.000000e-05	 1.000000e-05	 1.000000e-05	 1.000000e-05	 1.000000e-05	 1	 1.000000e-05	 
 1	 1	 1.000000e-05	 1.000000e-05	 1.000000e-05	 1.000000e-05	 1.000000e-05	 1.000000e-05	 1	 1.000000e-05	 
 1	 1	 1.000000e-05	 1.000000e-05	 1.000000e-05	 1.000000e-05	 1.000000e-05	 1.000000e-05	 1	 1.000000e-05	 
 