s	 e	 integralPartic	 alturaRetang	 metadePartic	 maximaPartic	 minimoPArtic	 alturaPartic	 p	 comparativoMet
9	 29	 5.334183e+00	 2.540087e-01	 3.981560e-01	 7.963106e-01	 1.515605e-06	 6.379627e-01	 0	 1.567490e+00	 
 21	 52	 7.224942e+00	 2.257794e-01	 4.614685e-01	 9.229366e-01	 4.789152e-07	 1.957049e+00	 0	 2.043891e+00	 
 44	 53	 4.415056e+00	 4.415056e-01	 4.055812e-01	 8.111622e-01	 1.440882e-07	 1.088575e+00	 1	 9.186321e-01	 
 23	 58	 2.779756e+01	 7.721546e-01	 5.255006e-01	 1.051001e+00	 4.538806e-07	 1.093410e+00	 1	 6.805640e-01	 
 45	 57	 4.817961e+00	 3.706124e-01	 5.168767e-01	 1.033753e+00	 1.327007e-07	 7.547608e-01	 0	 1.394656e+00	 
 38	 60	 7.655217e+00	 3.328355e-01	 4.757628e-01	 9.515251e-01	 4.176877e-07	 6.995829e-01	 0	 1.429423e+00	 
 38	 51	 1.010385e+01	 7.217032e-01	 4.480408e-01	 8.960807e-01	 9.718190e-07	 1.610798e+00	 1	 6.208104e-01	 
 35	 54	 8.841308e-01	 4.420654e-02	 4.420587e-01	 8.841167e-01	 6.384282e-07	 1.753837e+00	 0	 9.999848e+00	 
 18	 39	 6.934015e+00	 3.151825e-01	 4.471757e-01	 8.943502e-01	 1.229128e-06	 7.048292e-01	 0	 1.418784e+00	 
 10	 26	 8.010402e+00	 4.712001e-01	 7.625091e-01	 1.525017e+00	 8.184985e-07	 6.179600e-01	 0	 1.618228e+00	 
 1	 1	 1.000000e-05	 1.000000e-05	 1.000000e-05	 1.000000e-05	 1.000000e-05	 1.000000e-05	 1	 1.000000e-05	 
 1	 1	 1.000000e-05	 1.000000e-05	 1.000000e-05	 1.000000e-05	 1.000000e-05	 1.000000e-05	 1	 1.000000e-05	 
 1	 1	 1.000000e-05	 1.000000e-05	 1.000000e-05	 1.000000e-05	 1.000000e-05	 1.000000e-05	 1	 1.000000e-05	 
 1	 1	 1.000000e-05	 1.000000e-05	 1.000000e-05	 1.000000e-05	 1.000000e-05	 1.000000e-05	 1	 1.000000e-05	 
 1	 1	 1.000000e-05	 1.000000e-05	 1.000000e-05	 1.000000e-05	 1.000000e-05	 1.000000e-05	 1	 1.000000e-05	 
 1	 1	 1.000000e-05	 1.000000e-05	 1.000000e-05	 1.000000e-05	 1.000000e-05	 1.000000e-05	 1	 1.000000e-05	 
 1	 1	 1.000000e-05	 1.000000e-05	 1.000000e-05	 1.000000e-05	 1.000000e-05	 1.000000e-05	 1	 1.000000e-05	 
 1	 1	 1.000000e-05	 1.000000e-05	 1.000000e-05	 1.000000e-05	 1.000000e-05	 1.000000e-05	 1	 1.000000e-05	 
 1	 1	 1.000000e-05	 1.000000e-05	 1.000000e-05	 1.000000e-05	 1.000000e-05	 1.000000e-05	 1	 1.000000e-05	 
 1	 1	 1.000000e-05	 1.000000e-05	 1.000000e-05	 1.000000e-05	 1.000000e-05	 1.000000e-05	 1	 1.000000e-05	 
 