4.655615e-05	 2.626355e-01	 2.879401e-01	 3.617387e-01	 2.320728e+01	 7.533793e+00	 
 1.731761e-04	 2.921667e-01	 2.732156e-01	 3.517249e-01	 6.826897e+00	 5.802383e+00	 
 5.094812e-04	 2.968158e-01	 2.673229e-01	 3.516210e-01	 4.814158e+00	 6.172151e+00	 
 1.050436e-04	 2.912397e-01	 2.743949e-01	 3.517430e-01	 6.897338e+00	 5.812193e+00	 
 6.075273e-04	 2.981875e-01	 2.655893e-01	 3.515873e-01	 4.657403e+00	 6.636471e+00	 
 2.898945e-04	 2.937509e-01	 2.711997e-01	 3.516943e-01	 5.841861e+00	 5.813079e+00	 
 2.802286e-04	 2.936513e-01	 2.713351e-01	 3.516910e-01	 5.728123e+00	 5.877084e+00	 
 2.855778e-04	 2.936917e-01	 2.712749e-01	 3.516955e-01	 5.888418e+00	 5.811976e+00	 
 3.051204e-04	 2.940648e-01	 2.708302e-01	 3.516702e-01	 6.161313e+00	 6.147791e+00	 
 1.316669e-04	 2.916203e-01	 2.739161e-01	 3.517323e-01	 6.373594e+00	 5.865203e+00	 
 1.789375e-04	 2.923371e-01	 2.730250e-01	 3.517058e-01	 6.509595e+00	 6.159312e+00	 
 1.795664e-04	 2.922630e-01	 2.730958e-01	 3.517214e-01	 6.125933e+00	 5.846340e+00	 
 