2.864767e-02	 9.708394e-02	 2.226388e-01	 4.988623e-01	 4.600625e+00	 
 2.864767e-02	 9.708394e-02	 2.226388e-01	 4.988623e-01	 4.600625e+00	 
 2.864767e-02	 9.708394e-02	 2.226388e-01	 4.988623e-01	 4.600625e+00	 
 2.864767e-02	 9.708394e-02	 2.226388e-01	 4.988623e-01	 4.600625e+00	 
 2.864767e-02	 9.708394e-02	 2.226388e-01	 4.988623e-01	 4.600625e+00	 
 2.864767e-02	 9.708394e-02	 2.226388e-01	 4.988623e-01	 4.600625e+00	 
 2.660380e-02	 5.575350e-04	 4.849876e-01	 3.911643e-01	 4.634172e+00	 
 2.660380e-02	 5.575350e-04	 4.849876e-01	 3.911643e-01	 4.634172e+00	 
 2.660380e-02	 5.575350e-04	 4.849876e-01	 3.911643e-01	 4.634172e+00	 
 2.660380e-02	 5.575350e-04	 4.849876e-01	 3.911643e-01	 4.634172e+00	 
 2.660380e-02	 5.575350e-04	 4.849876e-01	 3.911643e-01	 4.634172e+00	 
 2.660380e-02	 5.575350e-04	 4.849876e-01	 3.911643e-01	 4.634172e+00	 
 7.673221e-02	 3.179331e-02	 5.459652e-03	 5.905164e-01	 5.316947e+00	 
 7.673221e-02	 3.179331e-02	 5.459652e-03	 5.905164e-01	 5.316947e+00	 
 7.673221e-02	 3.179331e-02	 5.459652e-03	 5.905164e-01	 5.316947e+00	 
 7.673221e-02	 3.179331e-02	 5.459652e-03	 5.905164e-01	 5.316947e+00	 
 1.861264e-01	 1.695873e-02	 2.002566e-01	 3.952431e-01	 5.622639e+00	 
 1.861264e-01	 1.695873e-02	 2.002566e-01	 3.952431e-01	 5.622639e+00	 
 1.861264e-01	 1.695873e-02	 2.002566e-01	 3.952431e-01	 5.622639e+00	 
 1.861264e-01	 1.695873e-02	 2.002566e-01	 3.952431e-01	 5.622639e+00	 
 1.861264e-01	 1.695873e-02	 2.002566e-01	 3.952431e-01	 5.622639e+00	 
 1.861264e-01	 1.695873e-02	 2.002566e-01	 3.952431e-01	 5.622639e+00	 
 2.192896e-01	 1.184197e-02	 7.473357e-02	 4.471838e-01	 5.300131e+00	 
 2.192896e-01	 1.184197e-02	 7.473357e-02	 4.471838e-01	 5.300131e+00	 
 2.192896e-01	 1.184197e-02	 7.473357e-02	 4.471838e-01	 5.300131e+00	 
 2.192896e-01	 1.184197e-02	 7.473357e-02	 4.471838e-01	 5.300131e+00	 
 2.192896e-01	 1.184197e-02	 7.473357e-02	 4.471838e-01	 5.300131e+00	 
 2.192896e-01	 1.184197e-02	 7.473357e-02	 4.471838e-01	 5.300131e+00	 
 2.723728e-02	 4.470987e-04	 4.856936e-01	 3.902140e-01	 4.525004e+00	 
 2.723728e-02	 4.470987e-04	 4.856936e-01	 3.902140e-01	 4.525004e+00	 
 2.723728e-02	 4.470987e-04	 4.856936e-01	 3.902140e-01	 4.525004e+00	 
 2.723728e-02	 4.470987e-04	 4.856936e-01	 3.902140e-01	 4.525004e+00	 
 2.723728e-02	 4.470987e-04	 4.856936e-01	 3.902140e-01	 4.525004e+00	 
 2.723728e-02	 4.470987e-04	 4.856936e-01	 3.902140e-01	 4.525004e+00	 
 2.731322e-02	 4.101298e-04	 4.863143e-01	 3.897973e-01	 4.468361e+00	 
 2.731322e-02	 4.101298e-04	 4.863143e-01	 3.897973e-01	 4.468361e+00	 
 2.731322e-02	 4.101298e-04	 4.863143e-01	 3.897973e-01	 4.468361e+00	 
 2.731322e-02	 4.101298e-04	 4.863143e-01	 3.897973e-01	 4.468361e+00	 
 2.731322e-02	 4.101298e-04	 4.863143e-01	 3.897973e-01	 4.468361e+00	 
 2.731322e-02	 4.101298e-04	 4.863143e-01	 3.897973e-01	 4.468361e+00	 
 1.861264e-01	 1.695873e-02	 2.002566e-01	 3.952431e-01	 5.622639e+00	 
 1.861264e-01	 1.695873e-02	 2.002566e-01	 3.952431e-01	 5.622639e+00	 
 1.861264e-01	 1.695873e-02	 2.002566e-01	 3.952431e-01	 5.622639e+00	 
 1.861264e-01	 1.695873e-02	 2.002566e-01	 3.952431e-01	 5.622639e+00	 
 1.861264e-01	 1.695873e-02	 2.002566e-01	 3.952431e-01	 5.622639e+00	 
 1.861264e-01	 1.695873e-02	 2.002566e-01	 3.952431e-01	 5.622639e+00	 
 2.202158e-01	 1.165163e-02	 1.012663e-01	 4.305776e-01	 5.375907e+00	 
 2.202158e-01	 1.165163e-02	 1.012663e-01	 4.305776e-01	 5.375907e+00	 
 2.202158e-01	 1.165163e-02	 1.012663e-01	 4.305776e-01	 5.375907e+00	 
 2.202158e-01	 1.165163e-02	 1.012663e-01	 4.305776e-01	 5.375907e+00	 
 2.202158e-01	 1.165163e-02	 1.012663e-01	 4.305776e-01	 5.375907e+00	 
 2.202158e-01	 1.165163e-02	 1.012663e-01	 4.305776e-01	 5.375907e+00	 
 1.861264e-01	 1.695873e-02	 2.002566e-01	 3.952431e-01	 5.622639e+00	 
 1.861264e-01	 1.695873e-02	 2.002566e-01	 3.952431e-01	 5.622639e+00	 
 1.861264e-01	 1.695873e-02	 2.002566e-01	 3.952431e-01	 5.622639e+00	 
 1.861264e-01	 1.695873e-02	 2.002566e-01	 3.952431e-01	 5.622639e+00	 
 1.861264e-01	 1.695873e-02	 2.002566e-01	 3.952431e-01	 5.622639e+00	 
 1.861264e-01	 1.695873e-02	 2.002566e-01	 3.952431e-01	 5.622639e+00	 
 1.961173e-01	 1.442806e-02	 1.673192e-01	 4.098067e-01	 5.522178e+00	 
 1.961173e-01	 1.442806e-02	 1.673192e-01	 4.098067e-01	 5.522178e+00	 
 1.961173e-01	 1.442806e-02	 1.673192e-01	 4.098067e-01	 5.522178e+00	 
 1.961173e-01	 1.442806e-02	 1.673192e-01	 4.098067e-01	 5.522178e+00	 
 1.961173e-01	 1.442806e-02	 1.673192e-01	 4.098067e-01	 5.522178e+00	 
 1.961173e-01	 1.442806e-02	 1.673192e-01	 4.098067e-01	 5.522178e+00	 
 