3.052662e-04	 4.483580e-01	 2.804274e-01	 2.709093e-01	 2.393541e-01	 5.285873e+00	 
 1.033080e-03	 4.892682e-01	 2.023076e-01	 3.073912e-01	 1.949275e-01	 6.307292e+00	 
 1.585504e-03	 4.858188e-01	 2.012395e-01	 3.113562e-01	 1.939500e-01	 6.313343e+00	 
 1.865604e-03	 4.840696e-01	 2.008195e-01	 3.132452e-01	 1.934574e-01	 6.320459e+00	 
 2.007206e-03	 4.831853e-01	 2.006381e-01	 3.141694e-01	 1.933952e-01	 6.325132e+00	 
 1.935165e-03	 4.836352e-01	 2.007278e-01	 3.137018e-01	 1.933354e-01	 6.322664e+00	 
 1.935526e-03	 4.836329e-01	 2.007274e-01	 3.137042e-01	 1.933348e-01	 6.322676e+00	 
 1.854925e-02	 3.172889e-01	 2.107281e-01	 4.534337e-01	 6.161458e-02	 4.968617e+00	 
 1.997806e-02	 3.068643e-01	 2.064637e-01	 4.666939e-01	 6.037215e-02	 4.212096e+00	 
 2.073024e-02	 3.013723e-01	 2.049330e-01	 4.729644e-01	 5.827701e-02	 4.175070e+00	 
 2.112261e-02	 2.985065e-01	 2.043258e-01	 4.760451e-01	 5.736473e-02	 4.166532e+00	 
 2.110338e-02	 2.986469e-01	 2.043525e-01	 4.758972e-01	 5.731509e-02	 4.166736e+00	 
 2.110130e-02	 2.986621e-01	 2.043554e-01	 4.758812e-01	 5.730971e-02	 4.166759e+00	 
 