9.058364e-02	 7.532396e-01	 7.508763e-03	 1.486680e-01	 9.404902e+04	 5.891269e+00	 
 2.637583e-01	 6.668408e-01	 6.878575e-03	 6.252232e-02	 4.491353e+04	 8.158319e+00	 
 8.072614e-02	 9.173402e-01	 1.780313e-03	 1.533452e-04	 4.321433e+04	 7.204230e+00	 
 1.199656e-01	 8.431795e-01	 1.146335e-02	 2.539157e-02	 4.424779e+04	 7.191807e+00	 
 9.766900e-02	 8.867147e-01	 7.781465e-03	 7.834819e-03	 4.359543e+04	 7.194859e+00	 
 1.164633e-01	 8.501326e-01	 1.103421e-02	 2.236987e-02	 4.413997e+04	 7.191937e+00	 
 8.079354e-02	 9.172368e-01	 1.828547e-03	 1.410699e-04	 4.321498e+04	 7.204132e+00	 
 1.156466e-01	 8.517487e-01	 1.092721e-02	 2.167748e-02	 4.411508e+04	 7.191986e+00	 
 1.092673e-01	 8.642984e-01	 9.995396e-03	 1.643889e-02	 4.392407e+04	 7.192604e+00	 
 1.165957e-01	 8.498704e-01	 1.105131e-02	 2.248258e-02	 4.414402e+04	 7.191929e+00	 
 8.412350e-02	 9.117000e-01	 3.642077e-03	 5.344389e-04	 4.326728e+04	 7.200781e+00	 
 1.063665e-01	 8.699584e-01	 9.510912e-03	 1.416425e-02	 4.383939e+04	 7.193024e+00	 
 1.210664e-01	 8.409865e-01	 1.158851e-02	 2.635854e-02	 4.428203e+04	 7.191794e+00	 
 1.148335e-01	 8.533556e-01	 1.081800e-02	 2.099290e-02	 4.409039e+04	 7.192041e+00	 
 1.107732e-01	 8.613482e-01	 1.023131e-02	 1.764727e-02	 4.396859e+04	 7.192421e+00	 
 8.121780e-02	 9.165738e-01	 2.115634e-03	 9.279530e-05	 4.321965e+04	 7.203562e+00	 
 1.043138e-01	 8.739437e-01	 9.142577e-03	 1.259989e-02	 4.378038e+04	 7.193375e+00	 
 8.726054e-02	 9.061231e-01	 4.874812e-03	 1.741532e-03	 4.333348e+04	 7.198796e+00	 
 8.500703e-02	 9.101518e-01	 4.018854e-03	 8.223125e-04	 4.328487e+04	 7.200152e+00	 
 1.306681e-01	 8.217152e-01	 1.248969e-02	 3.512702e-02	 4.458742e+04	 7.192344e+00	 
 1.252722e-01	 8.325768e-01	 1.202492e-02	 3.012617e-02	 4.441432e+04	 7.191880e+00	 
 1.280817e-01	 8.269313e-01	 1.228019e-02	 3.270679e-02	 4.450398e+04	 7.192067e+00	 
 8.737150e-02	 9.059224e-01	 4.913825e-03	 1.792319e-03	 4.333598e+04	 7.198737e+00	 
 1.349678e-01	 8.130030e-01	 1.278359e-02	 3.924565e-02	 4.472807e+04	 7.193066e+00	 
 9.056543e-02	 9.000717e-01	 5.942599e-03	 3.420281e-03	 4.341147e+04	 7.197235e+00	 
 8.749620e-02	 9.056965e-01	 4.957365e-03	 1.849927e-03	 4.333881e+04	 7.198671e+00	 
 9.102351e-02	 8.992229e-01	 6.077488e-03	 3.676111e-03	 4.342275e+04	 7.197047e+00	 
 1.050310e-01	 8.725532e-01	 9.273792e-03	 1.314201e-02	 4.380091e+04	 7.193247e+00	 
 8.099246e-02	 9.169285e-01	 1.966476e-03	 1.125945e-04	 4.321705e+04	 7.203856e+00	 
 1.324541e-01	 8.181025e-01	 1.262007e-02	 3.682337e-02	 4.464555e+04	 7.192601e+00	 
 9.997910e-02	 8.822996e-01	 8.286798e-03	 9.434481e-03	 4.365857e+04	 7.194278e+00	 
 9.270849e-02	 8.960836e-01	 6.551431e-03	 4.656456e-03	 4.346503e+04	 7.196405e+00	 
 1.116122e-01	 8.597012e-01	 1.035834e-02	 1.832832e-02	 4.399355e+04	 7.192329e+00	 
 1.001676e-01	 8.819380e-01	 8.326424e-03	 9.567901e-03	 4.366379e+04	 7.194233e+00	 
 7.913846e-02	 9.194105e-01	 1.604830e-04	 1.290543e-03	 4.321622e+04	 7.207835e+00	 
 9.993211e-02	 8.823897e-01	 8.276886e-03	 9.401294e-03	 4.365728e+04	 7.194289e+00	 
 9.922564e-02	 8.837428e-01	 8.126074e-03	 8.905488e-03	 4.363783e+04	 7.194459e+00	 
 1.142138e-01	 8.545790e-01	 1.073295e-02	 2.047429e-02	 4.407164e+04	 7.192088e+00	 
 1.251244e-01	 8.328731e-01	 1.201069e-02	 2.999183e-02	 4.440963e+04	 7.191873e+00	 
 9.881853e-02	 8.845213e-01	 8.037615e-03	 8.622514e-03	 4.362668e+04	 7.194560e+00	 
 8.925176e-02	 9.024934e-01	 5.539535e-03	 2.715261e-03	 4.337970e+04	 7.197808e+00	 
 1.161006e-01	 8.508505e-01	 1.098703e-02	 2.206185e-02	 4.412891e+04	 7.191958e+00	 
 1.069161e-01	 8.688884e-01	 9.605856e-03	 1.458963e-02	 4.385532e+04	 7.192937e+00	 
 1.318032e-01	 8.194202e-01	 1.257390e-02	 3.620273e-02	 4.462432e+04	 7.192501e+00	 
 7.916435e-02	 9.193911e-01	 2.060054e-04	 1.238506e-03	 4.321551e+04	 7.207724e+00	 
 1.066578e-01	 8.693913e-01	 9.561433e-03	 1.438942e-02	 4.384783e+04	 7.192978e+00	 
 1.122086e-01	 8.585289e-01	 1.044677e-02	 1.881577e-02	 4.401136e+04	 7.192268e+00	 
 1.293761e-01	 8.243231e-01	 1.238809e-02	 3.391270e-02	 4.454563e+04	 7.192192e+00	 
 1.073133e-01	 8.681145e-01	 9.673530e-03	 1.489868e-02	 4.386686e+04	 7.192877e+00	 
 1.036797e-01	 8.751715e-01	 9.024224e-03	 1.212467e-02	 4.376232e+04	 7.193493e+00	 
 8.500425e-02	 9.101567e-01	 4.017710e-03	 8.213308e-04	 4.328481e+04	 7.200154e+00	 
 9.921949e-02	 8.837546e-01	 8.124745e-03	 8.901194e-03	 4.363766e+04	 7.194460e+00	 
 9.557884e-02	 8.906828e-01	 7.289710e-03	 6.448624e-03	 4.353953e+04	 7.195456e+00	 
 1.248971e-01	 8.333286e-01	 1.198866e-02	 2.978555e-02	 4.440243e+04	 7.191863e+00	 
 9.672932e-02	 8.885020e-01	 7.564723e-03	 7.203950e-03	 4.357014e+04	 7.195118e+00	 
 1.348359e-01	 8.132709e-01	 1.277560e-02	 3.911760e-02	 4.472372e+04	 7.193038e+00	 
 1.241136e-01	 8.348984e-01	 1.191123e-02	 2.907677e-02	 4.437764e+04	 7.191834e+00	 
 1.240440e-01	 8.350377e-01	 1.190425e-02	 2.901406e-02	 4.437545e+04	 7.191832e+00	 
 8.453226e-02	 9.109864e-01	 3.819888e-03	 6.614689e-04	 4.327529e+04	 7.200481e+00	 
 1.226087e-01	 8.379083e-01	 1.175617e-02	 2.772678e-02	 4.433027e+04	 7.191800e+00	 
 1.207335e-01	 8.416501e-01	 1.155114e-02	 2.606526e-02	 4.427166e+04	 7.191797e+00	 
 1.229761e-01	 8.371741e-01	 1.179480e-02	 2.805499e-02	 4.434181e+04	 7.191806e+00	 
 1.281325e-01	 8.268291e-01	 1.228453e-02	 3.275387e-02	 4.450561e+04	 7.192071e+00	 
 8.097799e-02	 9.169511e-01	 1.956656e-03	 1.142980e-04	 4.321689e+04	 7.203876e+00	 
 9.459724e-02	 8.925366e-01	 7.046066e-03	 5.820116e-03	 4.351374e+04	 7.195762e+00	 
 1.070682e-01	 8.685921e-01	 9.631869e-03	 1.470784e-02	 4.385974e+04	 7.192914e+00	 
 1.119818e-01	 8.589749e-01	 1.041332e-02	 1.863004e-02	 4.400458e+04	 7.192290e+00	 
 1.291693e-01	 8.247401e-01	 1.237126e-02	 3.371931e-02	 4.453896e+04	 7.192170e+00	 
 1.208875e-01	 8.413431e-01	 1.156848e-02	 2.620086e-02	 4.427645e+04	 7.191795e+00	 
 1.200860e-01	 8.429397e-01	 1.147728e-02	 2.549701e-02	 4.425153e+04	 7.191805e+00	 
 1.319169e-01	 8.390611e-01	 2.635383e-02	 2.668219e-03	 4.456871e+04	 7.103861e+00	 
 1.144314e-01	 8.541495e-01	 1.076300e-02	 2.065610e-02	 4.407822e+04	 7.192071e+00	 
 8.308709e-02	 9.134850e-01	 3.159125e-03	 2.688275e-04	 4.324810e+04	 7.201618e+00	 
 1.201819e-01	 8.427489e-01	 1.148831e-02	 2.558094e-02	 4.425451e+04	 7.191803e+00	 
 9.652664e-02	 8.888868e-01	 7.517064e-03	 7.069486e-03	 4.356472e+04	 7.195176e+00	 
 1.230109e-01	 8.371046e-01	 1.179843e-02	 2.808609e-02	 4.434290e+04	 7.191807e+00	 
 1.074697e-01	 8.678095e-01	 9.699980e-03	 1.502083e-02	 4.387142e+04	 7.192854e+00	 
 9.628321e-02	 8.893487e-01	 7.459381e-03	 6.908760e-03	 4.355823e+04	 7.195246e+00	 
 1.272888e-01	 8.285267e-01	 1.221107e-02	 3.197338e-02	 4.447857e+04	 7.192003e+00	 
 1.032819e-01	 8.759407e-01	 8.948844e-03	 1.182860e-02	 4.375102e+04	 7.193569e+00	 
 1.252802e-01	 8.325606e-01	 1.202569e-02	 3.013349e-02	 4.441457e+04	 7.191880e+00	 
 8.817226e-02	 9.044680e-01	 5.188100e-03	 2.171617e-03	 4.335432e+04	 7.198324e+00	 
 8.715702e-02	 9.063102e-01	 4.838186e-03	 1.694566e-03	 4.333115e+04	 7.198852e+00	 
 1.328232e-01	 8.173548e-01	 1.264554e-02	 3.717648e-02	 4.465762e+04	 7.192661e+00	 
 1.097212e-01	 8.634100e-01	 1.006759e-02	 1.680118e-02	 4.393745e+04	 7.192547e+00	 
 1.307024e-01	 8.216459e-01	 1.249230e-02	 3.515942e-02	 4.458853e+04	 7.192348e+00	 
 1.245920e-01	 8.339401e-01	 1.195878e-02	 2.950911e-02	 4.439277e+04	 7.191851e+00	 
 1.121158e-01	 8.587114e-01	 1.043311e-02	 1.873973e-02	 4.400858e+04	 7.192277e+00	 
 1.064943e-01	 8.697097e-01	 9.533121e-03	 1.426290e-02	 4.384309e+04	 7.193003e+00	 
 8.247404e-02	 9.145205e-01	 2.846652e-03	 1.588444e-04	 4.323771e+04	 7.202180e+00	 
 8.899035e-02	 9.029730e-01	 5.456223e-03	 2.580463e-03	 4.337349e+04	 7.197929e+00	 
 1.085174e-01	 8.657646e-01	 9.874019e-03	 1.584400e-02	 4.390204e+04	 7.192704e+00	 
 1.269999e-01	 8.291077e-01	 1.218531e-02	 3.170711e-02	 4.446933e+04	 7.191981e+00	 
 9.070964e-02	 8.998047e-01	 5.985361e-03	 3.500290e-03	 4.341501e+04	 7.197175e+00	 
 1.222283e-01	 8.386682e-01	 1.171564e-02	 2.738782e-02	 4.431834e+04	 7.191796e+00	 
 7.995359e-02	 9.184692e-01	 1.153548e-03	 4.236892e-04	 4.320952e+04	 7.205545e+00	 
 1.240726e-01	 8.349804e-01	 1.190712e-02	 2.903984e-02	 4.437635e+04	 7.191833e+00	 
 1.060193e-01	 8.706337e-01	 9.450147e-03	 1.389691e-02	 4.382935e+04	 7.193080e+00	 
 8.630418e-02	 9.078449e-01	 4.527344e-03	 1.323612e-03	 4.331229e+04	 7.199335e+00	 
 1.345153e-01	 8.139222e-01	 1.275589e-02	 3.880662e-02	 4.471315e+04	 7.192972e+00	 
 7.945847e-02	 9.191001e-01	 6.289208e-04	 8.125165e-04	 4.321080e+04	 7.206720e+00	 
 1.265073e-01	 8.300976e-01	 1.214069e-02	 3.125442e-02	 4.445361e+04	 7.191948e+00	 
 8.051157e-02	 9.176649e-01	 1.621038e-03	 2.024610e-04	 4.321247e+04	 7.204556e+00	 
 8.798317e-02	 9.048123e-01	 5.124444e-03	 2.080100e-03	 4.334995e+04	 7.198419e+00	 
 1.059978e-01	 8.706754e-01	 9.446369e-03	 1.388041e-02	 4.382873e+04	 7.193083e+00	 
 7.947188e-02	 9.190847e-01	 6.454209e-04	 7.979646e-04	 4.321068e+04	 7.206682e+00	 
 1.285687e-01	 8.259506e-01	 1.232150e-02	 3.315923e-02	 4.451962e+04	 7.192111e+00	 
 1.075956e-01	 8.675640e-01	 9.721167e-03	 1.511922e-02	 4.387509e+04	 7.192835e+00	 
 8.241618e-02	 9.146172e-01	 2.815913e-03	 1.506573e-04	 4.323678e+04	 7.202236e+00	 
 1.268838e-01	 8.293411e-01	 1.217487e-02	 3.160027e-02	 4.446562e+04	 7.191973e+00	 
 1.198128e-01	 8.434835e-01	 1.144562e-02	 2.525803e-02	 4.424305e+04	 7.191810e+00	 
 9.376605e-02	 8.941009e-01	 6.832780e-03	 5.300246e-03	 4.349214e+04	 7.196036e+00	 
 8.404933e-02	 9.118289e-01	 3.609110e-03	 5.126178e-04	 4.326585e+04	 7.200837e+00	 
 1.060411e-01	 8.705912e-01	 9.453990e-03	 1.391370e-02	 4.382998e+04	 7.193076e+00	 
 9.885865e-02	 8.844447e-01	 8.046385e-03	 8.650312e-03	 4.362778e+04	 7.194550e+00	 
 9.263339e-02	 8.962241e-01	 6.531003e-03	 4.611534e-03	 4.346312e+04	 7.196432e+00	 
 1.172727e-01	 8.485289e-01	 1.113765e-02	 2.306074e-02	 4.416474e+04	 7.191895e+00	 
 1.208303e-01	 8.414572e-01	 1.156205e-02	 2.615047e-02	 4.427467e+04	 7.191796e+00	 
 1.085528e-01	 8.656954e-01	 9.879804e-03	 1.587196e-02	 4.390308e+04	 7.192699e+00	 
 1.296441e-01	 8.237825e-01	 1.240966e-02	 3.416370e-02	 4.455428e+04	 7.192221e+00	 
 1.291267e-01	 8.248261e-01	 1.236777e-02	 3.367946e-02	 4.453759e+04	 7.192166e+00	 
 8.550321e-02	 9.092737e-01	 4.219011e-03	 1.004110e-03	 4.329515e+04	 7.199826e+00	 
 9.204377e-02	 8.973251e-01	 6.368433e-03	 4.262688e-03	 4.344821e+04	 7.196650e+00	 
 1.342122e-01	 8.145377e-01	 1.273690e-02	 3.851321e-02	 4.470318e+04	 7.192912e+00	 
 1.170654e-01	 8.489399e-01	 1.111140e-02	 2.288334e-02	 4.415839e+04	 7.191905e+00	 
 1.254293e-01	 8.322616e-01	 1.203995e-02	 3.026913e-02	 4.441930e+04	 7.191887e+00	 
 8.372275e-02	 9.123946e-01	 3.461220e-03	 4.213823e-04	 4.325965e+04	 7.201090e+00	 
 1.020080e-01	 8.569166e-01	 3.644336e-02	 4.632058e-03	 4.426438e+04	 7.043904e+00	 
 1.124883e-01	 8.579787e-01	 1.048771e-02	 1.904530e-02	 4.401973e+04	 7.192240e+00	 
 1.266900e-01	 8.297304e-01	 1.215735e-02	 3.142219e-02	 4.445944e+04	 7.191960e+00	 
 1.031540e-01	 8.761879e-01	 8.924415e-03	 1.173374e-02	 4.374740e+04	 7.193594e+00	 
 1.257115e-01	 8.316953e-01	 1.206674e-02	 3.052640e-02	 4.442827e+04	 7.191902e+00	 
 1.318773e-01	 8.192702e-01	 1.257924e-02	 3.627327e-02	 4.462673e+04	 7.192512e+00	 
 8.381367e-02	 9.122375e-01	 3.502855e-03	 4.459667e-04	 4.326136e+04	 7.201018e+00	 
 8.381726e-02	 9.122313e-01	 3.504495e-03	 4.469528e-04	 4.326143e+04	 7.201016e+00	 
 1.137115e-01	 8.555697e-01	 1.066285e-02	 2.005602e-02	 4.405648e+04	 7.192129e+00	 
 1.239142e-01	 8.352976e-01	 1.189117e-02	 2.889705e-02	 4.437135e+04	 7.191828e+00	 
 1.127094e-01	 8.575436e-01	 1.051984e-02	 1.922715e-02	 4.402636e+04	 7.192219e+00	 
 1.038307e-01	 8.748791e-01	 9.052622e-03	 1.223753e-02	 4.376661e+04	 7.193464e+00	 
 1.270076e-01	 8.290922e-01	 1.218600e-02	 3.171422e-02	 4.446958e+04	 7.191982e+00	 
 9.605897e-02	 8.897737e-01	 7.405818e-03	 6.761473e-03	 4.355226e+04	 7.195312e+00	 
 9.063309e-02	 8.999465e-01	 5.962697e-03	 3.457759e-03	 4.341313e+04	 7.197207e+00	 
 8.326642e-02	 9.131789e-01	 3.246411e-03	 3.082420e-04	 4.325129e+04	 7.201464e+00	 
 1.341351e-01	 8.146941e-01	 1.273203e-02	 3.843874e-02	 4.470064e+04	 7.192897e+00	 
 1.037781e-01	 8.749809e-01	 9.042748e-03	 1.219821e-02	 4.376512e+04	 7.193474e+00	 
 8.351798e-02	 9.127475e-01	 3.366070e-03	 3.684347e-04	 4.325585e+04	 7.201255e+00	 
 1.185321e-01	 8.460298e-01	 1.129347e-02	 2.414465e-02	 4.420346e+04	 7.191844e+00	 
 1.329984e-01	 8.169997e-01	 1.265746e-02	 3.734440e-02	 4.466335e+04	 7.192691e+00	 
 8.644950e-02	 9.075843e-01	 4.581509e-03	 1.384708e-03	 4.331546e+04	 7.199250e+00	 
 1.006701e-01	 8.809736e-01	 8.430892e-03	 9.925450e-03	 4.367772e+04	 7.194118e+00	 
 1.347902e-01	 8.133638e-01	 1.277281e-02	 3.907317e-02	 4.472221e+04	 7.193028e+00	 
 8.048080e-02	 9.177109e-01	 1.597422e-03	 2.108694e-04	 4.321223e+04	 7.204605e+00	 
 1.253747e-01	 8.323711e-01	 1.203474e-02	 3.021945e-02	 4.441757e+04	 7.191885e+00	 
 6.625601e-02	 8.896684e-01	 1.912382e-02	 2.495172e-02	 4.437088e+04	 7.046794e+00	 
 1.273964e-01	 8.283104e-01	 1.222058e-02	 3.207264e-02	 4.448201e+04	 7.192011e+00	 
 1.305185e-01	 8.220175e-01	 1.247823e-02	 3.498585e-02	 4.458257e+04	 7.192325e+00	 
 1.287977e-01	 8.254892e-01	 1.234062e-02	 3.337247e-02	 4.452699e+04	 7.192133e+00	 
 8.595620e-02	 9.084672e-01	 4.395491e-03	 1.181107e-03	 4.330477e+04	 7.199543e+00	 
 1.226382e-01	 8.378495e-01	 1.175929e-02	 2.775306e-02	 4.433119e+04	 7.191801e+00	 
 1.001108e-01	 8.820471e-01	 8.314494e-03	 9.527607e-03	 4.366221e+04	 7.194247e+00	 
 1.061509e-01	 8.703778e-01	 9.473249e-03	 1.399810e-02	 4.383315e+04	 7.193058e+00	 
 1.168856e-01	 8.492961e-01	 1.108851e-02	 2.272976e-02	 4.415288e+04	 7.191914e+00	 
 1.122614e-01	 8.584251e-01	 1.045452e-02	 1.885902e-02	 4.401294e+04	 7.192262e+00	 
 9.405952e-02	 8.935492e-01	 6.908844e-03	 5.482453e-03	 4.349974e+04	 7.195937e+00	 
 1.314006e-01	 8.202345e-01	 1.254458e-02	 3.582032e-02	 4.461121e+04	 7.192442e+00	 
 9.852182e-02	 8.850882e-01	 7.972414e-03	 8.417579e-03	 4.361858e+04	 7.194635e+00	 
 8.810904e-02	 9.045832e-01	 5.166893e-03	 2.140892e-03	 4.335286e+04	 7.198355e+00	 
 1.167059e-01	 8.496522e-01	 1.106549e-02	 2.257646e-02	 4.414739e+04	 7.191923e+00	 
 1.078638e-01	 8.670408e-01	 9.766057e-03	 1.532933e-02	 4.388291e+04	 7.192796e+00	 
 8.809552e-02	 9.046078e-01	 5.162347e-03	 2.134338e-03	 4.335255e+04	 7.198362e+00	 
 1.192589e-01	 8.445853e-01	 1.138059e-02	 2.477515e-02	 4.422590e+04	 7.191822e+00	 
 9.977997e-02	 8.826813e-01	 8.244691e-03	 9.294016e-03	 4.365308e+04	 7.194325e+00	 
 1.333717e-01	 8.162430e-01	 1.268248e-02	 3.770285e-02	 4.467558e+04	 7.192756e+00	 
 1.236309e-01	 8.358646e-01	 1.186241e-02	 2.864215e-02	 4.436241e+04	 7.191820e+00	 
 1.301725e-01	 8.227162e-01	 1.245143e-02	 3.465994e-02	 4.457137e+04	 7.192282e+00	 
 1.020219e-01	 8.554964e-01	 3.667252e-02	 5.809142e-03	 4.429050e+04	 7.043936e+00	 
 8.842780e-02	 9.040020e-01	 5.273100e-03	 2.297127e-03	 4.336027e+04	 7.198198e+00	 
 1.199622e-01	 8.431862e-01	 1.146296e-02	 2.538861e-02	 4.424769e+04	 7.191807e+00	 
 1.003997e-01	 8.814927e-01	 8.374881e-03	 9.732694e-03	 4.367021e+04	 7.194180e+00	 
 1.067109e-01	 8.692881e-01	 9.570579e-03	 1.443047e-02	 4.384936e+04	 7.192969e+00	 
 1.191250e-01	 8.448517e-01	 1.136469e-02	 2.465867e-02	 4.422176e+04	 7.191826e+00	 
 1.330632e-01	 8.168684e-01	 1.266184e-02	 3.740655e-02	 4.466547e+04	 7.192702e+00	 
 1.004178e-01	 8.814580e-01	 8.378637e-03	 9.745546e-03	 4.367071e+04	 7.194175e+00	 
 1.038283e-01	 8.748838e-01	 9.052166e-03	 1.223571e-02	 4.376654e+04	 7.193465e+00	 
 9.878767e-02	 8.845803e-01	 8.030865e-03	 8.601153e-03	 4.362584e+04	 7.194568e+00	 
 1.059783e-01	 8.707132e-01	 9.442946e-03	 1.386547e-02	 4.382817e+04	 7.193087e+00	 
 1.027435e-01	 8.769807e-01	 8.845386e-03	 1.143041e-02	 4.373579e+04	 7.193676e+00	 
 1.300063e-01	 8.230516e-01	 1.243841e-02	 3.450367e-02	 4.456599e+04	 7.192263e+00	 
 7.907098e-02	 9.194527e-01	 3.074248e-05	 1.445592e-03	 4.321846e+04	 7.208156e+00	 
 1.066195e-01	 8.694660e-01	 9.554804e-03	 1.435972e-02	 4.384671e+04	 7.192984e+00	 
 1.118814e-01	 8.591722e-01	 1.039845e-02	 1.854800e-02	 4.400158e+04	 7.192301e+00	 
 8.128039e-02	 9.164743e-01	 2.155862e-03	 8.940233e-05	 4.322042e+04	 7.203483e+00	 
 1.267119e-01	 8.296865e-01	 1.215933e-02	 3.144227e-02	 4.446014e+04	 7.191962e+00	 
 8.598072e-02	 9.084234e-01	 4.404884e-03	 1.190968e-03	 4.330529e+04	 7.199528e+00	 
 1.124946e-01	 8.579663e-01	 1.048863e-02	 1.905048e-02	 4.401992e+04	 7.192240e+00	 
 7.967722e-02	 9.188354e-01	 8.793841e-04	 6.079884e-04	 4.320957e+04	 7.206150e+00	 
 9.020513e-02	 9.007378e-01	 5.834520e-03	 3.222555e-03	 4.340267e+04	 7.197387e+00	 
 1.142051e-01	 8.545961e-01	 1.073174e-02	 2.046704e-02	 4.407138e+04	 7.192089e+00	 
 7.957251e-02	 9.189656e-01	 7.641280e-04	 6.977707e-04	 4.320999e+04	 7.206411e+00	 
 1.150465e-01	 8.529349e-01	 1.084686e-02	 2.117175e-02	 4.409685e+04	 7.192026e+00	 
 1.242137e-01	 8.346979e-01	 1.192125e-02	 2.916714e-02	 4.438080e+04	 7.191837e+00	 
 1.033367e-01	 8.758347e-01	 8.959283e-03	 1.186930e-02	 4.375258e+04	 7.193559e+00	 
 1.038508e-01	 8.748403e-01	 9.056386e-03	 1.225255e-02	 4.376718e+04	 7.193461e+00	 
 9.613657e-02	 8.896267e-01	 7.424401e-03	 6.812359e-03	 4.355432e+04	 7.195289e+00	 
 8.492929e-02	 9.102889e-01	 3.986795e-03	 7.950587e-04	 4.328328e+04	 7.200205e+00	 
 1.161470e-01	 8.507587e-01	 1.099309e-02	 2.210118e-02	 4.413032e+04	 7.191955e+00	 
 1.070327e-01	 8.686613e-01	 9.625805e-03	 1.468022e-02	 4.385871e+04	 7.192920e+00	 
 1.268078e-01	 8.294939e-01	 1.216801e-02	 3.153036e-02	 4.446320e+04	 7.191968e+00	 
 1.107929e-01	 8.613096e-01	 1.023433e-02	 1.766320e-02	 4.396917e+04	 7.192419e+00	 
 8.546971e-02	 9.093331e-01	 4.205732e-03	 9.914256e-04	 4.329445e+04	 7.199848e+00	 
 6.953015e-02	 8.671435e-01	 2.863234e-02	 3.469397e-02	 4.463734e+04	 7.046849e+00	 
 9.020624e-02	 9.007357e-01	 5.834856e-03	 3.223159e-03	 4.340269e+04	 7.197386e+00	 
 8.004238e-02	 9.183461e-01	 1.234443e-03	 3.770870e-04	 4.320976e+04	 7.205370e+00	 
 1.000929e-01	 8.820814e-01	 8.310740e-03	 9.514949e-03	 4.366172e+04	 7.194251e+00	 
 7.948165e-02	 9.190735e-01	 6.573460e-04	 7.875429e-04	 4.321060e+04	 7.206655e+00	 
 1.235143e-01	 8.360978e-01	 1.185049e-02	 2.853743e-02	 4.435874e+04	 7.191817e+00	 
 8.318417e-02	 9.133194e-01	 3.206593e-03	 2.897916e-04	 4.324982e+04	 7.201534e+00	 
 7.956339e-02	 9.189767e-01	 7.537112e-04	 7.062480e-04	 4.321004e+04	 7.206434e+00	 
 1.111834e-01	 8.605433e-01	 1.029380e-02	 1.797953e-02	 4.398078e+04	 7.192375e+00	 
 1.248944e-01	 8.333341e-01	 1.198839e-02	 2.978307e-02	 4.440234e+04	 7.191863e+00	 
 7.916458e-02	 9.193910e-01	 2.064066e-04	 1.238053e-03	 4.321550e+04	 7.207723e+00	 
 8.425315e-02	 9.114742e-01	 3.699167e-03	 5.735081e-04	 4.326979e+04	 7.200684e+00	 
 9.274229e-02	 8.960204e-01	 6.560605e-03	 4.676709e-03	 4.346589e+04	 7.196393e+00	 
 1.144780e-01	 8.540575e-01	 1.076941e-02	 2.069507e-02	 4.407963e+04	 7.192068e+00	 
 1.119713e-01	 8.589954e-01	 1.041177e-02	 1.862150e-02	 4.400427e+04	 7.192291e+00	 
 9.284139e-02	 8.958350e-01	 6.587433e-03	 4.736219e-03	 4.346841e+04	 7.196357e+00	 
 1.009628e-01	 8.804111e-01	 8.491010e-03	 1.013508e-02	 4.368586e+04	 7.194052e+00	 
 1.281609e-01	 8.267718e-01	 1.228696e-02	 3.278027e-02	 4.450652e+04	 7.192074e+00	 
 9.858671e-02	 8.849643e-01	 7.986728e-03	 8.462306e-03	 4.362035e+04	 7.194619e+00	 
 1.114363e-01	 8.600467e-01	 1.033196e-02	 1.818505e-02	 4.398830e+04	 7.192347e+00	 
 9.947544e-02	 8.832647e-01	 8.179784e-03	 9.080113e-03	 4.364469e+04	 7.194398e+00	 
 7.913071e-02	 9.194160e-01	 1.464387e-04	 1.306845e-03	 4.321644e+04	 7.207870e+00	 
 1.278615e-01	 8.273746e-01	 1.226122e-02	 3.250270e-02	 4.449691e+04	 7.192048e+00	 
 1.038721e-01	 8.747990e-01	 9.060380e-03	 1.226849e-02	 4.376779e+04	 7.193457e+00	 
 1.247191e-01	 8.336854e-01	 1.197127e-02	 2.962419e-02	 4.439679e+04	 7.191856e+00	 
 8.392531e-02	 9.120442e-01	 3.553487e-03	 4.770259e-04	 4.326347e+04	 7.200932e+00	 
 1.163733e-01	 8.503108e-01	 1.102255e-02	 2.229334e-02	 4.413723e+04	 7.191942e+00	 
 6.613372e-02	 8.881120e-01	 2.048128e-02	 2.527304e-02	 4.437870e+04	 7.048422e+00	 
 8.419906e-02	 9.115684e-01	 3.675431e-03	 5.570675e-04	 4.326874e+04	 7.200724e+00	 
 9.041178e-02	 9.003559e-01	 5.896726e-03	 3.335573e-03	 4.340771e+04	 7.197299e+00	 
 7.911523e-02	 9.194265e-01	 1.178073e-04	 1.340439e-03	 4.321692e+04	 7.207940e+00	 
 8.348756e-02	 9.127998e-01	 3.351767e-03	 3.608650e-04	 4.325530e+04	 7.201280e+00	 
 9.829707e-02	 8.855172e-01	 7.922608e-03	 8.263089e-03	 4.361246e+04	 7.194693e+00	 
 1.164498e-01	 8.501592e-01	 1.103248e-02	 2.235844e-02	 4.413956e+04	 7.191937e+00	 
 9.992149e-02	 8.824101e-01	 8.274643e-03	 9.393794e-03	 4.365698e+04	 7.194291e+00	 
 1.250483e-01	 8.330257e-01	 1.200333e-02	 2.992269e-02	 4.440722e+04	 7.191870e+00	 
 9.082443e-02	 8.995920e-01	 6.019205e-03	 3.564332e-03	 4.341783e+04	 7.197128e+00	 
 1.102440e-01	 8.623859e-01	 1.014957e-02	 1.722053e-02	 4.395290e+04	 7.192483e+00	 
 8.859652e-02	 9.036938e-01	 5.328587e-03	 2.381107e-03	 4.336421e+04	 7.198116e+00	 
 9.272740e-02	 8.960483e-01	 6.556564e-03	 4.667782e-03	 4.346551e+04	 7.196398e+00	 
 1.151904e-01	 8.526506e-01	 1.086627e-02	 2.129279e-02	 4.410122e+04	 7.192016e+00	 
 1.260721e-01	 8.309716e-01	 1.210054e-02	 3.085575e-02	 4.443974e+04	 7.191922e+00	 
 1.270687e-01	 8.289693e-01	 1.219147e-02	 3.177050e-02	 4.447153e+04	 7.191986e+00	 
 9.773554e-02	 8.865880e-01	 7.796556e-03	 7.879945e-03	 4.359723e+04	 7.194841e+00	 
 9.844012e-02	 8.852442e-01	 7.954351e-03	 8.361347e-03	 4.361636e+04	 7.194656e+00	 
 9.596228e-02	 8.899569e-01	 7.382594e-03	 6.698197e-03	 4.354969e+04	 7.195341e+00	 
 1.201372e-01	 8.428378e-01	 1.148317e-02	 2.554179e-02	 4.425312e+04	 7.191804e+00	 
 9.012586e-02	 9.008842e-01	 5.810498e-03	 3.179477e-03	 4.340074e+04	 7.197421e+00	 
 1.254881e-01	 8.321437e-01	 1.204556e-02	 3.032268e-02	 4.442117e+04	 7.191890e+00	 
 9.493960e-02	 8.918908e-01	 7.132025e-03	 6.037585e-03	 4.352270e+04	 7.195653e+00	 
 1.139453e-01	 8.551085e-01	 1.069561e-02	 2.025052e-02	 4.406353e+04	 7.192110e+00	 
 1.032868e-01	 8.759312e-01	 8.949779e-03	 1.183224e-02	 4.375116e+04	 7.193568e+00	 
 8.561395e-02	 9.090769e-01	 4.262683e-03	 1.046449e-03	 4.329748e+04	 7.199756e+00	 
 1.315887e-01	 8.198540e-01	 1.255836e-02	 3.599889e-02	 4.461733e+04	 7.192469e+00	 
 1.029956e-01	 8.764938e-01	 8.894049e-03	 1.161655e-02	 4.374292e+04	 7.193625e+00	 
 1.120513e-01	 8.588381e-01	 1.042360e-02	 1.868698e-02	 4.400666e+04	 7.192283e+00	 
 9.405339e-02	 8.799965e-01	 7.716595e-03	 1.823355e-02	 4.454408e+04	 7.127117e+00	 
 2.571939e-01	 6.672539e-01	 3.872948e-03	 7.167921e-02	 4.369692e+04	 8.201144e+00	 
 2.780130e-01	 6.585740e-01	 4.388286e-03	 5.902466e-02	 4.108006e+04	 8.176058e+00	 
 3.477774e-01	 6.299158e-01	 5.994566e-03	 1.631219e-02	 3.840182e+04	 8.566771e+00	 
 2.419998e-01	 6.735864e-01	 3.495755e-03	 8.091801e-02	 4.245023e+04	 8.202812e+00	 
 2.237039e-01	 6.810761e-01	 3.030831e-03	 9.218924e-02	 3.864868e+04	 8.235633e+00	 
 2.411980e-01	 6.739256e-01	 3.468026e-03	 8.140838e-02	 4.371730e+04	 8.334709e+00	 
 2.266536e-01	 6.799061e-01	 3.104138e-03	 9.033619e-02	 4.116916e+04	 8.312016e+00	 
 2.520605e-01	 6.692913e-01	 3.757754e-03	 7.489050e-02	 3.859346e+04	 8.232462e+00	 
 2.248312e-01	 6.806053e-01	 3.060840e-03	 9.150265e-02	 3.864652e+04	 8.230986e+00	 
 2.291310e-01	 6.788005e-01	 3.171893e-03	 8.889655e-02	 3.990166e+04	 8.289535e+00	 
 2.417897e-01	 6.735487e-01	 3.500236e-03	 8.116132e-02	 3.861361e+04	 8.215761e+00	 
 2.432435e-01	 6.730726e-01	 3.520338e-03	 8.016353e-02	 4.371467e+04	 8.313874e+00	 
 2.586483e-01	 6.665649e-01	 3.920331e-03	 7.086644e-02	 3.858048e+04	 8.247898e+00	 
 2.284358e-01	 6.791018e-01	 3.156040e-03	 8.930641e-02	 3.863957e+04	 8.220260e+00	 
 2.413636e-01	 6.737256e-01	 3.489431e-03	 8.142138e-02	 3.861444e+04	 8.215340e+00	 
 3.159653e-01	 6.426610e-01	 5.315653e-03	 3.605804e-02	 4.362532e+04	 7.991404e+00	 
 3.293311e-01	 6.374579e-01	 5.581761e-03	 2.762920e-02	 3.843950e+04	 8.491090e+00	 
 3.005965e-01	 6.492598e-01	 4.921682e-03	 4.522203e-02	 3.849725e+04	 8.382231e+00	 
 2.692591e-01	 6.622044e-01	 4.176321e-03	 6.436018e-02	 4.109523e+04	 8.175559e+00	 
 2.896996e-01	 6.536719e-01	 4.676093e-03	 5.195246e-02	 4.365665e+04	 8.053834e+00	 
 3.336969e-01	 6.356699e-01	 5.680299e-03	 2.495285e-02	 3.843064e+04	 8.508556e+00	 
 2.276320e-01	 6.794261e-01	 3.132338e-03	 8.980953e-02	 3.990449e+04	 8.296683e+00	 
 2.281149e-01	 6.792356e-01	 3.147609e-03	 8.950197e-02	 3.864019e+04	 8.220989e+00	 
 2.543553e-01	 6.683229e-01	 3.814916e-03	 7.350694e-02	 3.985320e+04	 8.267801e+00	 
 2.920494e-01	 6.526882e-01	 4.733530e-03	 5.052889e-02	 4.365380e+04	 8.046820e+00	 
 2.310390e-01	 6.780173e-01	 3.224127e-03	 8.771957e-02	 3.863454e+04	 8.215722e+00	 
 2.486239e-01	 6.707148e-01	 3.672180e-03	 7.698913e-02	 3.860021e+04	 8.225673e+00	 
 2.236238e-01	 6.811095e-01	 3.028695e-03	 9.223798e-02	 3.864884e+04	 8.235990e+00	 
 2.414450e-01	 6.738174e-01	 3.481685e-03	 8.125594e-02	 4.245105e+04	 8.206606e+00	 
 3.041987e-01	 6.477905e-01	 5.004147e-03	 4.300669e-02	 3.975490e+04	 8.398666e+00	 
 2.282283e-01	 6.791883e-01	 3.150590e-03	 8.943286e-02	 3.863997e+04	 8.220727e+00	 
 2.708222e-01	 6.615339e-01	 4.216368e-03	 6.342754e-02	 3.855643e+04	 8.282149e+00	 
 3.011495e-01	 6.489813e-01	 4.940538e-03	 4.492865e-02	 4.104009e+04	 8.192451e+00	 
 2.704996e-01	 6.616520e-01	 4.209614e-03	 6.363885e-02	 3.982167e+04	 8.298575e+00	 
 3.391392e-01	 6.334435e-01	 5.802428e-03	 2.161490e-02	 3.841954e+04	 8.530702e+00	 
 2.248171e-01	 6.806112e-01	 3.060465e-03	 9.151125e-02	 3.864654e+04	 8.231040e+00	 
 2.629900e-01	 6.647697e-01	 4.026520e-03	 6.821379e-02	 3.857191e+04	 8.259412e+00	 
 2.646808e-01	 6.640709e-01	 4.067683e-03	 6.718066e-02	 3.856857e+04	 8.264127e+00	 
 2.495450e-01	 6.704456e-01	 3.685814e-03	 7.632361e-02	 4.243913e+04	 8.158588e+00	 
 2.676533e-01	 6.628882e-01	 4.133578e-03	 6.532499e-02	 4.368378e+04	 8.140766e+00	 
 3.236197e-01	 6.397994e-01	 5.452127e-03	 3.112882e-02	 3.845105e+04	 8.468624e+00	 
 2.287287e-01	 6.789797e-01	 3.163728e-03	 8.912789e-02	 3.863901e+04	 8.219629e+00	 
 2.637115e-01	 6.645055e-01	 4.040919e-03	 6.774210e-02	 4.110486e+04	 8.177736e+00	 
 2.248467e-01	 6.805989e-01	 3.061253e-03	 9.149318e-02	 3.864649e+04	 8.230927e+00	 
 2.417248e-01	 6.735757e-01	 3.498590e-03	 8.120095e-02	 3.861373e+04	 8.215695e+00	 
 2.363312e-01	 6.758157e-01	 3.360998e-03	 8.449203e-02	 3.862426e+04	 8.212655e+00	 
 2.574509e-01	 6.670603e-01	 3.890914e-03	 7.159798e-02	 3.858284e+04	 8.244892e+00	 
 