4.569855e-01	 2.309552e-01	 1.607750e-04	 1.646773e-01	 7.221024e+04	 7.939141e+00	 
 4.828127e-01	 3.783741e-01	 6.651653e-03	 5.110107e-02	 4.494159e+04	 8.158319e+00	 
 4.727617e-01	 3.817424e-01	 3.725029e-03	 6.124306e-02	 4.367809e+04	 8.201144e+00	 
 4.780990e-01	 4.323282e-01	 5.365190e-03	 2.564508e-02	 4.097232e+04	 8.176058e+00	 
 4.642747e-01	 3.831571e-01	 3.449212e-03	 6.767441e-02	 4.240006e+04	 8.202812e+00	 
 4.484019e-01	 3.886623e-01	 3.022785e-03	 7.794862e-02	 3.855858e+04	 8.235633e+00	 
 4.616635e-01	 3.700710e-01	 2.984254e-03	 7.794076e-02	 4.370672e+04	 8.334709e+00	 
 4.509682e-01	 3.793483e-01	 2.851926e-03	 8.145116e-02	 4.109457e+04	 8.312016e+00	 
 4.636312e-01	 4.280486e-01	 4.705739e-03	 4.070982e-02	 3.846350e+04	 8.232462e+00	 
 4.492424e-01	 3.905244e-01	 3.106433e-03	 7.608447e-02	 3.855379e+04	 8.230986e+00	 
 4.505128e-01	 3.930133e-01	 3.223679e-03	 7.346645e-02	 3.979789e+04	 8.289535e+00	 
 4.592822e-01	 4.153080e-01	 4.180990e-03	 5.225952e-02	 3.849287e+04	 8.215761e+00	 
 4.631946e-01	 3.716681e-01	 3.085896e-03	 7.564523e-02	 4.370278e+04	 8.313874e+00	 
 4.659451e-01	 4.355566e-01	 5.006353e-03	 3.411767e-02	 3.844678e+04	 8.247898e+00	 
 4.517616e-01	 3.962752e-01	 3.362181e-03	 7.039320e-02	 3.853920e+04	 8.220260e+00	 
 4.590785e-01	 4.147480e-01	 4.157495e-03	 5.277795e-02	 3.849419e+04	 8.215340e+00	 
 5.028512e-01	 4.146317e-01	 5.783242e-03	 1.520689e-02	 4.359963e+04	 7.991404e+00	 
 4.753822e-01	 4.755229e-01	 6.503723e-03	 1.502643e-03	 3.836455e+04	 8.382231e+00	 
 4.748166e-01	 4.248649e-01	 5.029358e-03	 3.304273e-02	 4.098841e+04	 8.175559e+00	 
 4.908569e-01	 4.012853e-01	 4.953933e-03	 3.370288e-02	 4.363108e+04	 8.053834e+00	 
 4.494642e-01	 3.906761e-01	 3.118940e-03	 7.580071e-02	 3.980356e+04	 8.296683e+00	 
 4.515472e-01	 3.957752e-01	 3.340102e-03	 7.088402e-02	 3.854046e+04	 8.220989e+00	 
 4.637036e-01	 4.269778e-01	 4.676255e-03	 4.130416e-02	 3.972025e+04	 8.267801e+00	 
 4.920043e-01	 4.025480e-01	 5.032769e-03	 3.194210e-02	 4.362809e+04	 8.046820e+00	 
 4.534351e-01	 4.002494e-01	 3.536646e-03	 6.651807e-02	 3.852928e+04	 8.215722e+00	 
 4.622868e-01	 4.239382e-01	 4.538464e-03	 4.438555e-02	 3.847283e+04	 8.225673e+00	 
 4.483412e-01	 3.885289e-01	 3.016776e-03	 7.808259e-02	 3.855892e+04	 8.235990e+00	 
 4.638999e-01	 3.826657e-01	 3.421401e-03	 6.829784e-02	 4.240125e+04	 8.206606e+00	 
 4.516232e-01	 3.959522e-01	 3.347920e-03	 7.071022e-02	 3.854001e+04	 8.220727e+00	 
 4.694792e-01	 4.483537e-01	 5.504310e-03	 2.323393e-02	 3.841925e+04	 8.282149e+00	 
 4.853515e-01	 4.503525e-01	 6.152301e-03	 8.359237e-03	 4.093484e+04	 8.192451e+00	 
 4.691802e-01	 4.449035e-01	 5.391813e-03	 2.560624e-02	 3.968271e+04	 8.298575e+00	 
 4.492321e-01	 3.905013e-01	 3.105396e-03	 7.610757e-02	 3.855385e+04	 8.231040e+00	 
 4.673051e-01	 4.402672e-01	 5.191748e-03	 3.006051e-02	 3.843651e+04	 8.259412e+00	 
 4.678032e-01	 4.420556e-01	 5.261489e-03	 2.853588e-02	 3.843265e+04	 8.264127e+00	 
 4.690915e-01	 3.895526e-01	 3.809403e-03	 5.961200e-02	 4.238460e+04	 8.158588e+00	 
 4.791158e-01	 3.885286e-01	 4.153501e-03	 5.161925e-02	 4.366163e+04	 8.140766e+00	 
 4.519557e-01	 3.967295e-01	 3.382222e-03	 6.994776e-02	 3.853806e+04	 8.219629e+00	 
 4.725367e-01	 4.198959e-01	 4.802488e-03	 3.804929e-02	 4.099932e+04	 8.177736e+00	 
 4.492538e-01	 3.905498e-01	 3.107574e-03	 7.605906e-02	 3.855373e+04	 8.230927e+00	 
 4.592513e-01	 4.152229e-01	 4.177419e-03	 5.233830e-02	 3.849307e+04	 8.215695e+00	 
 4.565086e-01	 4.079149e-01	 3.867936e-03	 5.917644e-02	 3.851051e+04	 8.212655e+00	 
 4.655481e-01	 4.342256e-01	 4.953524e-03	 3.527493e-02	 3.844971e+04	 8.244892e+00	 
 