s	 e	 integralPartic	 alturaRetang	 metadePartic	 maximaPartic	 minimoPArtic	 alturaPartic	 p	 comparativoMet
144	 178	 4.630642e+04	 1.323041e+03	 8.020681e+02	 1.599233e+03	 4.902889e+00	 1.649537e+00	 1	 6.062308e-01	 
 132	 145	 4.274492e+04	 3.053209e+03	 2.250610e+03	 4.497415e+03	 3.804815e+00	 1.356614e+00	 1	 7.371294e-01	 
 147	 163	 4.020084e+04	 2.364755e+03	 1.636204e+03	 2.771639e+03	 5.007689e+02	 1.445270e+00	 1	 6.919124e-01	 
 167	 178	 1.135494e+04	 9.462448e+02	 8.357248e+02	 1.666547e+03	 4.902889e+00	 1.132245e+00	 1	 8.832014e-01	 
 140	 179	 5.312702e+04	 1.328176e+03	 8.301153e+02	 1.655328e+03	 4.902889e+00	 1.599989e+00	 1	 6.250042e-01	 
 161	 178	 2.664282e+04	 1.480156e+03	 8.357248e+02	 1.666547e+03	 4.902889e+00	 1.771105e+00	 1	 5.646192e-01	 
 152	 172	 6.652754e+04	 3.167978e+03	 2.604305e+03	 4.497415e+03	 7.111952e+02	 1.161291e+00	 1	 8.220716e-01	 
 153	 178	 3.443569e+04	 1.324450e+03	 8.245059e+02	 1.644109e+03	 4.902889e+00	 1.606356e+00	 1	 6.225271e-01	 
 141	 170	 7.940147e+04	 2.646716e+03	 1.659787e+03	 2.771639e+03	 5.479356e+02	 1.661163e+00	 1	 6.271120e-01	 
 169	 180	 3.838349e+03	 3.198624e+02	 9.626739e+02	 1.920445e+03	 4.902889e+00	 2.896327e-01	 0	 3.009650e+00	 
 1	 1	 1.000000e-05	 1.000000e-05	 1.000000e-05	 1.000000e-05	 1.000000e-05	 1.000000e-05	 1	 1.000000e-05	 
 1	 1	 1.000000e-05	 1.000000e-05	 1.000000e-05	 1.000000e-05	 1.000000e-05	 1.000000e-05	 1	 1.000000e-05	 
 1	 1	 1.000000e-05	 1.000000e-05	 1.000000e-05	 1.000000e-05	 1.000000e-05	 1.000000e-05	 1	 1.000000e-05	 
 1	 1	 1.000000e-05	 1.000000e-05	 1.000000e-05	 1.000000e-05	 1.000000e-05	 1.000000e-05	 1	 1.000000e-05	 
 1	 1	 1.000000e-05	 1.000000e-05	 1.000000e-05	 1.000000e-05	 1.000000e-05	 1.000000e-05	 1	 1.000000e-05	 
 1	 1	 1.000000e-05	 1.000000e-05	 1.000000e-05	 1.000000e-05	 1.000000e-05	 1.000000e-05	 1	 1.000000e-05	 
 1	 1	 1.000000e-05	 1.000000e-05	 1.000000e-05	 1.000000e-05	 1.000000e-05	 1.000000e-05	 1	 1.000000e-05	 
 1	 1	 1.000000e-05	 1.000000e-05	 1.000000e-05	 1.000000e-05	 1.000000e-05	 1.000000e-05	 1	 1.000000e-05	 
 1	 1	 1.000000e-05	 1.000000e-05	 1.000000e-05	 1.000000e-05	 1.000000e-05	 1.000000e-05	 1	 1.000000e-05	 
 1	 1	 1.000000e-05	 1.000000e-05	 1.000000e-05	 1.000000e-05	 1.000000e-05	 1.000000e-05	 1	 1.000000e-05	 
 