-2.702078e-03	 8.510213e-01	 1.254659e-01	 5.133225e-02	 4.315986e+01	 4.315986e+01	 0	 
 -2.702078e-03	 8.510213e-01	 1.254659e-01	 5.133225e-02	 4.315986e+01	 4.315986e+01	 0	 
 -2.702078e-03	 8.510213e-01	 1.254659e-01	 5.133225e-02	 4.315986e+01	 4.315986e+01	 0	 
 -2.702078e-03	 8.510213e-01	 1.254659e-01	 5.133225e-02	 4.315986e+01	 4.315986e+01	 0	 
 -2.702078e-03	 8.510213e-01	 1.254659e-01	 5.133225e-02	 4.315986e+01	 4.315986e+01	 0	 
 -2.702078e-03	 8.510213e-01	 1.254659e-01	 5.133225e-02	 4.315986e+01	 4.315986e+01	 0	 
 8.827922e-03	 4.735216e-01	 1.342009e-02	 4.257694e-01	 2.529593e+01	 2.679971e+01	 1	 
 8.827922e-03	 4.735216e-01	 1.342009e-02	 4.257694e-01	 2.529593e+01	 2.679971e+01	 1	 
 8.827922e-03	 4.735216e-01	 1.342009e-02	 4.257694e-01	 2.529593e+01	 2.679971e+01	 1	 
 8.827922e-03	 4.735216e-01	 1.342009e-02	 4.257694e-01	 2.529593e+01	 2.679971e+01	 1	 
 8.827922e-03	 4.735216e-01	 1.342009e-02	 4.257694e-01	 2.529593e+01	 2.679971e+01	 1	 
 8.827922e-03	 4.735216e-01	 1.342009e-02	 4.257694e-01	 2.529593e+01	 2.679971e+01	 1	 
 -4.457823e-04	 7.812192e-01	 1.621000e-02	 2.087502e-01	 4.865083e+01	 4.865083e+01	 0	 
 -4.457823e-04	 7.812192e-01	 1.621000e-02	 2.087502e-01	 4.865083e+01	 4.865083e+01	 0	 
 -4.457823e-04	 7.812192e-01	 1.621000e-02	 2.087502e-01	 4.865083e+01	 4.865083e+01	 0	 
 -4.457823e-04	 7.812192e-01	 1.621000e-02	 2.087502e-01	 4.865083e+01	 4.865083e+01	 0	 
 -4.457823e-04	 7.812192e-01	 1.621000e-02	 2.087502e-01	 4.865083e+01	 4.865083e+01	 0	 
 -4.457823e-04	 7.812192e-01	 1.621000e-02	 2.087502e-01	 4.865083e+01	 4.865083e+01	 0	 
 -1.309113e-04	 3.726067e-01	 2.896326e-01	 3.265288e-01	 2.368245e+01	 2.368245e+01	 0	 
 -1.309113e-04	 3.726067e-01	 2.896326e-01	 3.265288e-01	 2.368245e+01	 2.368245e+01	 0	 
 -1.309113e-04	 3.726067e-01	 2.896326e-01	 3.265288e-01	 2.368245e+01	 2.368245e+01	 0	 
 -1.309113e-04	 3.726067e-01	 2.896326e-01	 3.265288e-01	 2.368245e+01	 2.368245e+01	 0	 
 -1.309113e-04	 3.726067e-01	 2.896326e-01	 3.265288e-01	 2.368245e+01	 2.368245e+01	 0	 
 -1.309113e-04	 3.726067e-01	 2.896326e-01	 3.265288e-01	 2.368245e+01	 2.368245e+01	 0	 
 -4.502710e-03	 3.928299e-01	 6.255093e-01	 1.315683e-03	 5.477569e+01	 5.477569e+01	 0	 
 -4.502710e-03	 3.928299e-01	 6.255093e-01	 1.315683e-03	 5.477569e+01	 5.477569e+01	 0	 
 -4.502710e-03	 3.928299e-01	 6.255093e-01	 1.315683e-03	 5.477569e+01	 5.477569e+01	 0	 
 -4.502710e-03	 3.928299e-01	 6.255093e-01	 1.315683e-03	 5.477569e+01	 5.477569e+01	 0	 
 -4.502710e-03	 3.928299e-01	 6.255093e-01	 1.315683e-03	 5.477569e+01	 5.477569e+01	 0	 
 -4.502710e-03	 3.928299e-01	 6.255093e-01	 1.315683e-03	 5.477569e+01	 5.477569e+01	 0	 
 -3.615708e-03	 5.701365e-01	 1.874516e-01	 2.379098e-01	 4.440903e+01	 4.440903e+01	 0	 
 -3.615708e-03	 5.701365e-01	 1.874516e-01	 2.379098e-01	 4.440903e+01	 4.440903e+01	 0	 
 -3.615708e-03	 5.701365e-01	 1.874516e-01	 2.379098e-01	 4.440903e+01	 4.440903e+01	 0	 
 -3.615708e-03	 5.701365e-01	 1.874516e-01	 2.379098e-01	 4.440903e+01	 4.440903e+01	 0	 
 -3.615708e-03	 5.701365e-01	 1.874516e-01	 2.379098e-01	 4.440903e+01	 4.440903e+01	 0	 
 -3.615708e-03	 5.701365e-01	 1.874516e-01	 2.379098e-01	 4.440903e+01	 4.440903e+01	 0	 
 -9.360314e-04	 6.272387e-01	 1.267723e-01	 2.516862e-01	 3.880432e+01	 3.880432e+01	 0	 
 -9.360314e-04	 6.272387e-01	 1.267723e-01	 2.516862e-01	 3.880432e+01	 3.880432e+01	 0	 
 -9.360314e-04	 6.272387e-01	 1.267723e-01	 2.516862e-01	 3.880432e+01	 3.880432e+01	 0	 
 -9.360314e-04	 6.272387e-01	 1.267723e-01	 2.516862e-01	 3.880432e+01	 3.880432e+01	 0	 
 -9.360314e-04	 6.272387e-01	 1.267723e-01	 2.516862e-01	 3.880432e+01	 3.880432e+01	 0	 
 -9.360314e-04	 6.272387e-01	 1.267723e-01	 2.516862e-01	 3.880432e+01	 3.880432e+01	 0	 
 3.887516e-05	 3.517355e-01	 2.588380e-01	 3.772711e-01	 2.916135e+01	 2.916487e+01	 1	 
 3.887516e-05	 3.517355e-01	 2.588380e-01	 3.772711e-01	 2.916135e+01	 2.916487e+01	 1	 
 3.887516e-05	 3.517355e-01	 2.588380e-01	 3.772711e-01	 2.916135e+01	 2.916487e+01	 1	 
 3.887516e-05	 3.517355e-01	 2.588380e-01	 3.772711e-01	 2.916135e+01	 2.916487e+01	 1	 
 3.887516e-05	 3.517355e-01	 2.588380e-01	 3.772711e-01	 2.916135e+01	 2.916487e+01	 1	 
 3.887516e-05	 3.517355e-01	 2.588380e-01	 3.772711e-01	 2.916135e+01	 2.916487e+01	 1	 
 -1.077019e-03	 7.275932e-01	 1.096902e-01	 1.707766e-01	 4.454844e+01	 4.454844e+01	 0	 
 -1.077019e-03	 7.275932e-01	 1.096902e-01	 1.707766e-01	 4.454844e+01	 4.454844e+01	 0	 
 -1.077019e-03	 7.275932e-01	 1.096902e-01	 1.707766e-01	 4.454844e+01	 4.454844e+01	 0	 
 -1.077019e-03	 7.275932e-01	 1.096902e-01	 1.707766e-01	 4.454844e+01	 4.454844e+01	 0	 
 -1.077019e-03	 7.275932e-01	 1.096902e-01	 1.707766e-01	 4.454844e+01	 4.454844e+01	 0	 
 -1.077019e-03	 7.275932e-01	 1.096902e-01	 1.707766e-01	 4.454844e+01	 4.454844e+01	 0	 
 -2.444177e-02	 1.250112e+00	 -5.696128e-01	 3.906237e-01	 3.178151e+01	 3.178151e+01	 0	 
 -2.444177e-02	 1.250112e+00	 -5.696128e-01	 3.906237e-01	 3.178151e+01	 3.178151e+01	 0	 
 -2.444177e-02	 1.250112e+00	 -5.696128e-01	 3.906237e-01	 3.178151e+01	 3.178151e+01	 0	 
 -2.444177e-02	 1.250112e+00	 -5.696128e-01	 3.906237e-01	 3.178151e+01	 3.178151e+01	 0	 
 -2.444177e-02	 1.250112e+00	 -5.696128e-01	 3.906237e-01	 3.178151e+01	 3.178151e+01	 0	 
 4.013913e-03	 3.537754e-01	 3.428715e-01	 2.809629e-01	 3.177156e+01	 3.178151e+01	 1	 
 5.968610e-03	 2.884102e-01	 4.165953e-01	 2.637095e-01	 3.171413e+01	 3.171413e+01	 1	 
 5.968610e-03	 2.884102e-01	 4.165953e-01	 2.637095e-01	 3.171413e+01	 3.171413e+01	 1	 
 5.968610e-03	 2.884102e-01	 4.165953e-01	 2.637095e-01	 3.171413e+01	 3.171413e+01	 1	 
 5.968610e-03	 2.884102e-01	 4.165953e-01	 2.637095e-01	 3.171413e+01	 3.171413e+01	 1	 
 5.968610e-03	 2.884102e-01	 4.165953e-01	 2.637095e-01	 3.171413e+01	 3.171413e+01	 1	 
 5.968610e-03	 2.884102e-01	 4.165953e-01	 2.637095e-01	 3.171413e+01	 3.171413e+01	 1	 
 -4.502710e-03	 3.928299e-01	 6.255093e-01	 1.315683e-03	 5.477569e+01	 5.477569e+01	 0	 
 -4.502710e-03	 3.928299e-01	 6.255093e-01	 1.315683e-03	 5.477569e+01	 5.477569e+01	 0	 
 -4.502710e-03	 3.928299e-01	 6.255093e-01	 1.315683e-03	 5.477569e+01	 5.477569e+01	 0	 
 -4.502710e-03	 3.928299e-01	 6.255093e-01	 1.315683e-03	 5.477569e+01	 5.477569e+01	 0	 
 -4.502710e-03	 3.928299e-01	 6.255093e-01	 1.315683e-03	 5.477569e+01	 5.477569e+01	 0	 
 -4.502710e-03	 3.928299e-01	 6.255093e-01	 1.315683e-03	 5.477569e+01	 5.477569e+01	 0	 
 -4.502710e-03	 3.928299e-01	 6.255093e-01	 1.315683e-03	 5.477569e+01	 5.477569e+01	 0	 
 -4.502710e-03	 3.928299e-01	 6.255093e-01	 1.315683e-03	 5.477569e+01	 5.477569e+01	 0	 
 -4.502710e-03	 3.928299e-01	 6.255093e-01	 1.315683e-03	 5.477569e+01	 5.477569e+01	 0	 
 -4.502710e-03	 3.928299e-01	 6.255093e-01	 1.315683e-03	 5.477569e+01	 5.477569e+01	 0	 
 -4.502710e-03	 3.928299e-01	 6.255093e-01	 1.315683e-03	 5.477569e+01	 5.477569e+01	 0	 
 -4.502710e-03	 3.928299e-01	 6.255093e-01	 1.315683e-03	 5.477569e+01	 5.477569e+01	 0	 
 5.968610e-03	 2.884102e-01	 4.165953e-01	 2.637095e-01	 3.171413e+01	 3.171413e+01	 1	 
 5.968610e-03	 2.884102e-01	 4.165953e-01	 2.637095e-01	 3.171413e+01	 3.171413e+01	 1	 
 5.968610e-03	 2.884102e-01	 4.165953e-01	 2.637095e-01	 3.171413e+01	 3.171413e+01	 1	 
 5.968610e-03	 2.884102e-01	 4.165953e-01	 2.637095e-01	 3.171413e+01	 3.171413e+01	 1	 
 5.968610e-03	 2.884102e-01	 4.165953e-01	 2.637095e-01	 3.171413e+01	 3.171413e+01	 1	 
 5.968610e-03	 2.884102e-01	 4.165953e-01	 2.637095e-01	 3.171413e+01	 3.171413e+01	 1	 
 1.092011e-03	 5.967562e-01	 1.417547e-01	 2.468834e-01	 2.631835e+01	 2.579933e+01	 1	 
 1.092011e-03	 5.967562e-01	 1.417547e-01	 2.468834e-01	 2.631835e+01	 2.579933e+01	 1	 
 1.092011e-03	 5.967562e-01	 1.417547e-01	 2.468834e-01	 2.631835e+01	 2.579933e+01	 1	 
 1.092011e-03	 5.967562e-01	 1.417547e-01	 2.468834e-01	 2.631835e+01	 2.579933e+01	 1	 
 1.092011e-03	 5.967562e-01	 1.417547e-01	 2.468834e-01	 2.631835e+01	 2.579933e+01	 1	 
 1.092011e-03	 5.967562e-01	 1.417547e-01	 2.468834e-01	 2.631835e+01	 2.579933e+01	 1	 
 1.092011e-03	 5.967562e-01	 1.417547e-01	 2.468834e-01	 2.631835e+01	 2.631835e+01	 1	 
 1.092011e-03	 5.967562e-01	 1.417547e-01	 2.468834e-01	 2.631835e+01	 2.631835e+01	 1	 
 1.092011e-03	 5.967562e-01	 1.417547e-01	 2.468834e-01	 2.631835e+01	 2.631835e+01	 1	 
 1.092011e-03	 5.967562e-01	 1.417547e-01	 2.468834e-01	 2.631835e+01	 2.631835e+01	 1	 
 1.092011e-03	 5.967562e-01	 1.417547e-01	 2.468834e-01	 2.631835e+01	 2.631835e+01	 1	 
 1.092011e-03	 5.967562e-01	 1.417547e-01	 2.468834e-01	 2.631835e+01	 2.631835e+01	 1	 
 5.968610e-03	 2.884102e-01	 4.165953e-01	 2.637095e-01	 3.171413e+01	 3.171413e+01	 1	 
 5.968610e-03	 2.884102e-01	 4.165953e-01	 2.637095e-01	 3.171413e+01	 3.171413e+01	 1	 
 5.968610e-03	 2.884102e-01	 4.165953e-01	 2.637095e-01	 3.171413e+01	 3.171413e+01	 1	 
 5.968610e-03	 2.884102e-01	 4.165953e-01	 2.637095e-01	 3.171413e+01	 3.171413e+01	 1	 
 5.968610e-03	 2.884102e-01	 4.165953e-01	 2.637095e-01	 3.171413e+01	 3.171413e+01	 1	 
 5.968610e-03	 2.884102e-01	 4.165953e-01	 2.637095e-01	 3.171413e+01	 3.171413e+01	 1	 
 -4.457823e-04	 7.812192e-01	 1.621000e-02	 2.087502e-01	 4.865083e+01	 4.865083e+01	 0	 
 -4.457823e-04	 7.812192e-01	 1.621000e-02	 2.087502e-01	 4.865083e+01	 4.865083e+01	 0	 
 -4.457823e-04	 7.812192e-01	 1.621000e-02	 2.087502e-01	 4.865083e+01	 4.865083e+01	 0	 
 -4.457823e-04	 7.812192e-01	 1.621000e-02	 2.087502e-01	 4.865083e+01	 4.865083e+01	 0	 
 -4.457823e-04	 7.812192e-01	 1.621000e-02	 2.087502e-01	 4.865083e+01	 4.865083e+01	 0	 
 -4.457823e-04	 7.812192e-01	 1.621000e-02	 2.087502e-01	 4.865083e+01	 4.865083e+01	 0	 
 -4.457823e-04	 7.812192e-01	 1.621000e-02	 2.087502e-01	 4.865083e+01	 4.865083e+01	 0	 
 -4.457823e-04	 7.812192e-01	 1.621000e-02	 2.087502e-01	 4.865083e+01	 4.865083e+01	 0	 
 -4.457823e-04	 7.812192e-01	 1.621000e-02	 2.087502e-01	 4.865083e+01	 4.865083e+01	 0	 
 -4.457823e-04	 7.812192e-01	 1.621000e-02	 2.087502e-01	 4.865083e+01	 4.865083e+01	 0	 
 -4.457823e-04	 7.812192e-01	 1.621000e-02	 2.087502e-01	 4.865083e+01	 4.865083e+01	 0	 
 -4.457823e-04	 7.812192e-01	 1.621000e-02	 2.087502e-01	 4.865083e+01	 4.865083e+01	 0	 
 5.968610e-03	 2.884102e-01	 4.165953e-01	 2.637095e-01	 3.171413e+01	 3.171413e+01	 1	 
 5.968610e-03	 2.884102e-01	 4.165953e-01	 2.637095e-01	 3.171413e+01	 3.171413e+01	 1	 
 5.968610e-03	 2.884102e-01	 4.165953e-01	 2.637095e-01	 3.171413e+01	 3.171413e+01	 1	 
 5.968610e-03	 2.884102e-01	 4.165953e-01	 2.637095e-01	 3.171413e+01	 3.171413e+01	 1	 
 5.968610e-03	 2.884102e-01	 4.165953e-01	 2.637095e-01	 3.171413e+01	 3.171413e+01	 1	 
 5.968610e-03	 2.884102e-01	 4.165953e-01	 2.637095e-01	 3.171413e+01	 3.171413e+01	 1	 
 -9.360314e-04	 6.272387e-01	 1.267723e-01	 2.516862e-01	 3.880432e+01	 3.880432e+01	 0	 
 -9.360314e-04	 6.272387e-01	 1.267723e-01	 2.516862e-01	 3.880432e+01	 3.880432e+01	 0	 
 -9.360314e-04	 6.272387e-01	 1.267723e-01	 2.516862e-01	 3.880432e+01	 3.880432e+01	 0	 
 -9.360314e-04	 6.272387e-01	 1.267723e-01	 2.516862e-01	 3.880432e+01	 3.880432e+01	 0	 
 -9.360314e-04	 6.272387e-01	 1.267723e-01	 2.516862e-01	 3.880432e+01	 3.880432e+01	 0	 
 -9.360314e-04	 6.272387e-01	 1.267723e-01	 2.516862e-01	 3.880432e+01	 3.880432e+01	 0	 
 -9.360314e-04	 6.272387e-01	 1.267723e-01	 2.516862e-01	 3.880432e+01	 3.880432e+01	 0	 
 -9.360314e-04	 6.272387e-01	 1.267723e-01	 2.516862e-01	 3.880432e+01	 3.880432e+01	 0	 
 -9.360314e-04	 6.272387e-01	 1.267723e-01	 2.516862e-01	 3.880432e+01	 3.880432e+01	 0	 
 -9.360314e-04	 6.272387e-01	 1.267723e-01	 2.516862e-01	 3.880432e+01	 3.880432e+01	 0	 
 -9.360314e-04	 6.272387e-01	 1.267723e-01	 2.516862e-01	 3.880432e+01	 3.880432e+01	 0	 
 -9.360314e-04	 6.272387e-01	 1.267723e-01	 2.516862e-01	 3.880432e+01	 3.880432e+01	 0	 
 5.968610e-03	 2.884102e-01	 4.165953e-01	 2.637095e-01	 3.171413e+01	 3.171413e+01	 1	 
 5.968610e-03	 2.884102e-01	 4.165953e-01	 2.637095e-01	 3.171413e+01	 3.171413e+01	 1	 
 5.968610e-03	 2.884102e-01	 4.165953e-01	 2.637095e-01	 3.171413e+01	 3.171413e+01	 1	 
 5.968610e-03	 2.884102e-01	 4.165953e-01	 2.637095e-01	 3.171413e+01	 3.171413e+01	 1	 
 5.968610e-03	 2.884102e-01	 4.165953e-01	 2.637095e-01	 3.171413e+01	 3.171413e+01	 1	 
 5.968610e-03	 2.884102e-01	 4.165953e-01	 2.637095e-01	 3.171413e+01	 3.171413e+01	 1	 
 5.968610e-03	 2.884102e-01	 4.165953e-01	 2.637095e-01	 3.171413e+01	 3.171413e+01	 1	 
 5.968610e-03	 2.884102e-01	 4.165953e-01	 2.637095e-01	 3.171413e+01	 3.171413e+01	 1	 
 5.968610e-03	 2.884102e-01	 4.165953e-01	 2.637095e-01	 3.171413e+01	 3.171413e+01	 1	 
 5.968610e-03	 2.884102e-01	 4.165953e-01	 2.637095e-01	 3.171413e+01	 3.171413e+01	 1	 
 5.968610e-03	 2.884102e-01	 4.165953e-01	 2.637095e-01	 3.171413e+01	 3.171413e+01	 1	 
 5.968610e-03	 2.884102e-01	 4.165953e-01	 2.637095e-01	 3.171413e+01	 3.171413e+01	 1	 
 6.474169e-03	 2.820832e-01	 4.236988e-01	 2.620839e-01	 3.171841e+01	 3.171841e+01	 1	 
 6.474169e-03	 2.820832e-01	 4.236988e-01	 2.620839e-01	 3.171841e+01	 3.171841e+01	 1	 
 6.474169e-03	 2.820832e-01	 4.236988e-01	 2.620839e-01	 3.171841e+01	 3.171841e+01	 1	 
 6.474169e-03	 2.820832e-01	 4.236988e-01	 2.620839e-01	 3.171841e+01	 3.171841e+01	 1	 
 6.474169e-03	 2.820832e-01	 4.236988e-01	 2.620839e-01	 3.171841e+01	 3.171841e+01	 1	 
 6.474169e-03	 2.820832e-01	 4.236988e-01	 2.620839e-01	 3.171841e+01	 3.171841e+01	 1	 
 5.968610e-03	 2.884102e-01	 4.165953e-01	 2.637095e-01	 3.171413e+01	 3.171413e+01	 1	 
 5.968610e-03	 2.884102e-01	 4.165953e-01	 2.637095e-01	 3.171413e+01	 3.171413e+01	 1	 
 5.968610e-03	 2.884102e-01	 4.165953e-01	 2.637095e-01	 3.171413e+01	 3.171413e+01	 1	 
 5.968610e-03	 2.884102e-01	 4.165953e-01	 2.637095e-01	 3.171413e+01	 3.171413e+01	 1	 
 5.968610e-03	 2.884102e-01	 4.165953e-01	 2.637095e-01	 3.171413e+01	 3.171413e+01	 1	 
 5.968610e-03	 2.884102e-01	 4.165953e-01	 2.637095e-01	 3.171413e+01	 3.171413e+01	 1	 
 -4.502710e-03	 3.928299e-01	 6.255093e-01	 1.315683e-03	 5.477569e+01	 5.477569e+01	 0	 
 -4.502710e-03	 3.928299e-01	 6.255093e-01	 1.315683e-03	 5.477569e+01	 5.477569e+01	 0	 
 -4.502710e-03	 3.928299e-01	 6.255093e-01	 1.315683e-03	 5.477569e+01	 5.477569e+01	 0	 
 -4.502710e-03	 3.928299e-01	 6.255093e-01	 1.315683e-03	 5.477569e+01	 5.477569e+01	 0	 
 -4.502710e-03	 3.928299e-01	 6.255093e-01	 1.315683e-03	 5.477569e+01	 5.477569e+01	 0	 
 -4.502710e-03	 3.928299e-01	 6.255093e-01	 1.315683e-03	 5.477569e+01	 5.477569e+01	 0	 
 -4.502710e-03	 3.928299e-01	 6.255093e-01	 1.315683e-03	 5.477569e+01	 5.477569e+01	 0	 
 -4.502710e-03	 3.928299e-01	 6.255093e-01	 1.315683e-03	 5.477569e+01	 5.477569e+01	 0	 
 -4.502710e-03	 3.928299e-01	 6.255093e-01	 1.315683e-03	 5.477569e+01	 5.477569e+01	 0	 
 -4.502710e-03	 3.928299e-01	 6.255093e-01	 1.315683e-03	 5.477569e+01	 5.477569e+01	 0	 
 -4.502710e-03	 3.928299e-01	 6.255093e-01	 1.315683e-03	 5.477569e+01	 5.477569e+01	 0	 
 -4.502710e-03	 3.928299e-01	 6.255093e-01	 1.315683e-03	 5.477569e+01	 5.477569e+01	 0	 
 5.968610e-03	 2.884102e-01	 4.165953e-01	 2.637095e-01	 3.171413e+01	 3.171413e+01	 1	 
 5.968610e-03	 2.884102e-01	 4.165953e-01	 2.637095e-01	 3.171413e+01	 3.171413e+01	 1	 
 5.968610e-03	 2.884102e-01	 4.165953e-01	 2.637095e-01	 3.171413e+01	 3.171413e+01	 1	 
 5.968610e-03	 2.884102e-01	 4.165953e-01	 2.637095e-01	 3.171413e+01	 3.171413e+01	 1	 
 5.968610e-03	 2.884102e-01	 4.165953e-01	 2.637095e-01	 3.171413e+01	 3.171413e+01	 1	 
 5.968610e-03	 2.884102e-01	 4.165953e-01	 2.637095e-01	 3.171413e+01	 3.171413e+01	 1	 
 1.092011e-03	 5.967562e-01	 1.417547e-01	 2.468834e-01	 2.631835e+01	 2.579933e+01	 1	 
 1.092011e-03	 5.967562e-01	 1.417547e-01	 2.468834e-01	 2.631835e+01	 2.579933e+01	 1	 
 1.092011e-03	 5.967562e-01	 1.417547e-01	 2.468834e-01	 2.631835e+01	 2.579933e+01	 1	 
 1.092011e-03	 5.967562e-01	 1.417547e-01	 2.468834e-01	 2.631835e+01	 2.579933e+01	 1	 
 1.092011e-03	 5.967562e-01	 1.417547e-01	 2.468834e-01	 2.631835e+01	 2.579933e+01	 1	 
 1.092011e-03	 5.967562e-01	 1.417547e-01	 2.468834e-01	 2.631835e+01	 2.579933e+01	 1	 
 6.031546e-04	 6.106687e-01	 1.414828e-01	 2.383349e-01	 2.640886e+01	 2.640886e+01	 1	 
 6.031546e-04	 6.106687e-01	 1.414828e-01	 2.383349e-01	 2.640886e+01	 2.640886e+01	 1	 
 6.031546e-04	 6.106687e-01	 1.414828e-01	 2.383349e-01	 2.640886e+01	 2.640886e+01	 1	 
 6.031546e-04	 6.106687e-01	 1.414828e-01	 2.383349e-01	 2.640886e+01	 2.640886e+01	 1	 
 6.031546e-04	 6.106687e-01	 1.414828e-01	 2.383349e-01	 2.640886e+01	 2.640886e+01	 1	 
 6.031546e-04	 6.106687e-01	 1.414828e-01	 2.383349e-01	 2.640886e+01	 2.640886e+01	 1	 
 5.968610e-03	 2.884102e-01	 4.165953e-01	 2.637095e-01	 3.171413e+01	 3.171413e+01	 1	 
 5.968610e-03	 2.884102e-01	 4.165953e-01	 2.637095e-01	 3.171413e+01	 3.171413e+01	 1	 
 5.968610e-03	 2.884102e-01	 4.165953e-01	 2.637095e-01	 3.171413e+01	 3.171413e+01	 1	 
 5.968610e-03	 2.884102e-01	 4.165953e-01	 2.637095e-01	 3.171413e+01	 3.171413e+01	 1	 
 5.968610e-03	 2.884102e-01	 4.165953e-01	 2.637095e-01	 3.171413e+01	 3.171413e+01	 1	 
 5.968610e-03	 2.884102e-01	 4.165953e-01	 2.637095e-01	 3.171413e+01	 3.171413e+01	 1	 
 -9.360314e-04	 6.272387e-01	 1.267723e-01	 2.516862e-01	 3.880432e+01	 3.880432e+01	 0	 
 -9.360314e-04	 6.272387e-01	 1.267723e-01	 2.516862e-01	 3.880432e+01	 3.880432e+01	 0	 
 -9.360314e-04	 6.272387e-01	 1.267723e-01	 2.516862e-01	 3.880432e+01	 3.880432e+01	 0	 
 -9.360314e-04	 6.272387e-01	 1.267723e-01	 2.516862e-01	 3.880432e+01	 3.880432e+01	 0	 
 -9.360314e-04	 6.272387e-01	 1.267723e-01	 2.516862e-01	 3.880432e+01	 3.880432e+01	 0	 
 -9.360314e-04	 6.272387e-01	 1.267723e-01	 2.516862e-01	 3.880432e+01	 3.880432e+01	 0	 
 -9.360314e-04	 6.272387e-01	 1.267723e-01	 2.516862e-01	 3.880432e+01	 3.880432e+01	 0	 
 -9.360314e-04	 6.272387e-01	 1.267723e-01	 2.516862e-01	 3.880432e+01	 3.880432e+01	 0	 
 -9.360314e-04	 6.272387e-01	 1.267723e-01	 2.516862e-01	 3.880432e+01	 3.880432e+01	 0	 
 -9.360314e-04	 6.272387e-01	 1.267723e-01	 2.516862e-01	 3.880432e+01	 3.880432e+01	 0	 
 -9.360314e-04	 6.272387e-01	 1.267723e-01	 2.516862e-01	 3.880432e+01	 3.880432e+01	 0	 
 -9.360314e-04	 6.272387e-01	 1.267723e-01	 2.516862e-01	 3.880432e+01	 3.880432e+01	 0	 
 5.968610e-03	 2.884102e-01	 4.165953e-01	 2.637095e-01	 3.171413e+01	 3.171413e+01	 1	 
 5.968610e-03	 2.884102e-01	 4.165953e-01	 2.637095e-01	 3.171413e+01	 3.171413e+01	 1	 
 5.968610e-03	 2.884102e-01	 4.165953e-01	 2.637095e-01	 3.171413e+01	 3.171413e+01	 1	 
 5.968610e-03	 2.884102e-01	 4.165953e-01	 2.637095e-01	 3.171413e+01	 3.171413e+01	 1	 
 5.968610e-03	 2.884102e-01	 4.165953e-01	 2.637095e-01	 3.171413e+01	 3.171413e+01	 1	 
 5.968610e-03	 2.884102e-01	 4.165953e-01	 2.637095e-01	 3.171413e+01	 3.171413e+01	 1	 
 3.801983e-05	 3.517361e-01	 2.588308e-01	 3.772795e-01	 2.916139e+01	 2.916134e+01	 1	 
 3.801983e-05	 3.517361e-01	 2.588308e-01	 3.772795e-01	 2.916139e+01	 2.916134e+01	 1	 
 3.801983e-05	 3.517361e-01	 2.588308e-01	 3.772795e-01	 2.916139e+01	 2.916134e+01	 1	 
 3.801983e-05	 3.517361e-01	 2.588308e-01	 3.772795e-01	 2.916139e+01	 2.916134e+01	 1	 
 3.801983e-05	 3.517361e-01	 2.588308e-01	 3.772795e-01	 2.916139e+01	 2.916134e+01	 1	 
 3.801983e-05	 3.517361e-01	 2.588308e-01	 3.772795e-01	 2.916139e+01	 2.916134e+01	 1	 
 3.756896e-05	 3.517369e-01	 2.588289e-01	 3.772815e-01	 2.916141e+01	 2.916138e+01	 1	 
 3.756896e-05	 3.517369e-01	 2.588289e-01	 3.772815e-01	 2.916141e+01	 2.916138e+01	 1	 
 3.756896e-05	 3.517369e-01	 2.588289e-01	 3.772815e-01	 2.916141e+01	 2.916138e+01	 1	 
 3.756896e-05	 3.517369e-01	 2.588289e-01	 3.772815e-01	 2.916141e+01	 2.916138e+01	 1	 
 3.756896e-05	 3.517369e-01	 2.588289e-01	 3.772815e-01	 2.916141e+01	 2.916138e+01	 1	 
 3.756896e-05	 3.517369e-01	 2.588289e-01	 3.772815e-01	 2.916141e+01	 2.916138e+01	 1	 
 5.968610e-03	 2.884102e-01	 4.165953e-01	 2.637095e-01	 3.171413e+01	 3.171413e+01	 1	 
 5.968610e-03	 2.884102e-01	 4.165953e-01	 2.637095e-01	 3.171413e+01	 3.171413e+01	 1	 
 5.968610e-03	 2.884102e-01	 4.165953e-01	 2.637095e-01	 3.171413e+01	 3.171413e+01	 1	 
 5.968610e-03	 2.884102e-01	 4.165953e-01	 2.637095e-01	 3.171413e+01	 3.171413e+01	 1	 
 5.968610e-03	 2.884102e-01	 4.165953e-01	 2.637095e-01	 3.171413e+01	 3.171413e+01	 1	 
 5.968610e-03	 2.884102e-01	 4.165953e-01	 2.637095e-01	 3.171413e+01	 3.171413e+01	 1	 
 1.054551e-02	 1.281609e-01	 6.050770e-01	 2.141286e-01	 3.159567e+01	 3.184309e+01	 1	 
 1.054551e-02	 1.281609e-01	 6.050770e-01	 2.141286e-01	 3.159567e+01	 3.184309e+01	 1	 
 1.054551e-02	 1.281609e-01	 6.050770e-01	 2.141286e-01	 3.159567e+01	 3.184309e+01	 1	 
 1.054551e-02	 1.281609e-01	 6.050770e-01	 2.141286e-01	 3.159567e+01	 3.184309e+01	 1	 
 1.054551e-02	 1.281609e-01	 6.050770e-01	 2.141286e-01	 3.159567e+01	 3.184309e+01	 1	 
 1.054551e-02	 1.281609e-01	 6.050770e-01	 2.141286e-01	 3.159567e+01	 3.184309e+01	 1	 
 1.093208e-02	 1.116206e-01	 6.292757e-01	 2.054672e-01	 3.162787e+01	 3.171976e+01	 1	 
 1.093208e-02	 1.116206e-01	 6.292757e-01	 2.054672e-01	 3.162787e+01	 3.171976e+01	 1	 
 1.093208e-02	 1.116206e-01	 6.292757e-01	 2.054672e-01	 3.162787e+01	 3.171976e+01	 1	 
 1.093208e-02	 1.116206e-01	 6.292757e-01	 2.054672e-01	 3.162787e+01	 3.171976e+01	 1	 
 1.093208e-02	 1.116206e-01	 6.292757e-01	 2.054672e-01	 3.162787e+01	 3.171976e+01	 1	 
 1.093208e-02	 1.116206e-01	 6.292757e-01	 2.054672e-01	 3.162787e+01	 3.171976e+01	 1	 
 