3.829879e-01	 3.241138e-01	 2.920244e-01	 8.738668e-04	 1.328770e+03	 9.396425e+00	 
 3.955104e-01	 3.143501e-01	 2.892644e-01	 8.751530e-04	 1.166476e+03	 9.313853e+00	 
 4.231886e-01	 2.917260e-01	 2.841399e-01	 9.455377e-04	 1.123963e+03	 9.290490e+00	 
 4.362128e-01	 2.781382e-01	 2.846309e-01	 1.018114e-03	 1.109283e+03	 9.282526e+00	 
 4.385966e-01	 2.759634e-01	 2.844204e-01	 1.019572e-03	 1.099335e+03	 9.282035e+00	 
 4.399685e-01	 2.747922e-01	 2.842189e-01	 1.020436e-03	 1.094503e+03	 9.281880e+00	 
 4.406985e-01	 2.741872e-01	 2.840934e-01	 1.020901e-03	 1.092116e+03	 9.281825e+00	 
 4.410744e-01	 2.738801e-01	 2.840243e-01	 1.021141e-03	 1.090930e+03	 9.281803e+00	 
 4.412651e-01	 2.737255e-01	 2.839882e-01	 1.021263e-03	 1.090338e+03	 9.281794e+00	 
 4.413611e-01	 2.736479e-01	 2.839697e-01	 1.021325e-03	 1.090042e+03	 9.281789e+00	 
 4.414093e-01	 2.736090e-01	 2.839604e-01	 1.021356e-03	 1.089894e+03	 9.281787e+00	 
 4.414334e-01	 2.735896e-01	 2.839557e-01	 1.021371e-03	 1.089821e+03	 9.281786e+00	 
 4.414455e-01	 2.735798e-01	 2.839533e-01	 1.021379e-03	 1.089784e+03	 9.281786e+00	 
 4.414515e-01	 2.735750e-01	 2.839521e-01	 1.021383e-03	 1.089765e+03	 9.281785e+00	 
 3.770798e-01	 3.259323e-01	 2.961027e-01	 8.852557e-04	 1.056961e+03	 1.046864e+01	 
 3.728545e-01	 3.257785e-01	 3.004686e-01	 8.984047e-04	 1.019368e+03	 1.117698e+01	 
 3.818356e-01	 3.249774e-01	 2.923147e-01	 8.723222e-04	 8.829004e+02	 9.773929e+00	 
 3.818356e-01	 3.249774e-01	 2.923147e-01	 8.723222e-04	 8.795815e+02	 9.693039e+00	 
 3.457839e-01	 3.163653e-01	 3.362632e-01	 1.587647e-03	 1.195725e+02	 8.583888e+00	 
 3.672628e-01	 3.158337e-01	 3.164703e-01	 4.331811e-04	 9.838356e+01	 1.206247e+01	 
 3.695183e-01	 3.149925e-01	 3.150548e-01	 4.343976e-04	 7.660926e+01	 1.206021e+01	 
 3.706155e-01	 3.145826e-01	 3.143670e-01	 4.349882e-04	 6.646807e+01	 1.206102e+01	 
 3.711562e-01	 3.143801e-01	 3.140284e-01	 4.352792e-04	 6.158754e+01	 1.206192e+01	 
 3.714246e-01	 3.142795e-01	 3.138604e-01	 4.354237e-04	 5.919518e+01	 1.206249e+01	 
 3.715583e-01	 3.142294e-01	 3.137768e-01	 4.354957e-04	 5.801100e+01	 1.206280e+01	 
 3.716251e-01	 3.142043e-01	 3.137351e-01	 4.355316e-04	 5.742191e+01	 1.206297e+01	 
 3.716584e-01	 3.141918e-01	 3.137142e-01	 4.355496e-04	 5.712812e+01	 1.206306e+01	 
 3.716751e-01	 3.141856e-01	 3.137038e-01	 4.355585e-04	 5.698141e+01	 1.206310e+01	 
 3.716834e-01	 3.141824e-01	 3.136986e-01	 4.355630e-04	 5.690810e+01	 1.206312e+01	 
 3.716875e-01	 3.141809e-01	 3.136960e-01	 4.355652e-04	 5.687145e+01	 1.206313e+01	 
 3.716896e-01	 3.141801e-01	 3.136947e-01	 4.355664e-04	 5.685313e+01	 1.206314e+01	 
 3.716907e-01	 3.141797e-01	 3.136941e-01	 4.355669e-04	 5.684397e+01	 1.206314e+01	 
 3.716912e-01	 3.141795e-01	 3.136937e-01	 4.355672e-04	 5.683939e+01	 1.206314e+01	 
 3.871043e-01	 3.138187e-01	 2.988188e-01	 2.583097e-04	 4.702933e+01	 1.016400e+01	 
 3.871275e-01	 3.137839e-01	 2.988303e-01	 2.582775e-04	 4.595101e+01	 1.036871e+01	 
 