3.255959e-02	 1.103470e-06	 8.726517e-01	 8.408923e-02	 1.297538e-03	 9.297938e+00	 
 4.019664e-01	 2.220707e-05	 5.415405e-01	 3.776758e-02	 1.628892e-03	 4.470877e+00	 
 4.019494e-01	 1.900676e-05	 5.415459e-01	 3.778008e-02	 1.560664e-03	 4.495626e+00	 
 4.020228e-01	 2.674222e-05	 5.415291e-01	 3.772153e-02	 1.676259e-03	 4.499018e+00	 
 4.018545e-01	 9.136079e-06	 5.415959e-01	 3.782857e-02	 1.479125e-03	 4.486642e+00	 
 4.018537e-01	 9.029684e-06	 5.415964e-01	 3.782907e-02	 1.478663e-03	 4.486264e+00	 
 4.018555e-01	 9.248674e-06	 5.415955e-01	 3.782804e-02	 1.479615e-03	 4.487041e+00	 
 4.389786e-01	 3.160531e-04	 4.717395e-01	 5.339033e-02	 5.267186e-03	 3.679588e+00	 
 4.392047e-01	 4.146614e-04	 4.715638e-01	 5.326950e-02	 5.191302e-03	 3.694390e+00	 
 4.392047e-01	 4.146614e-04	 4.715638e-01	 5.326950e-02	 5.191302e-03	 3.694390e+00	 
 4.396260e-01	 3.019015e-04	 4.716964e-01	 5.279660e-02	 4.529416e-03	 3.923359e+00	 
 4.390181e-01	 3.409202e-04	 4.716733e-01	 5.339412e-02	 5.127969e-03	 3.688204e+00	 
 4.388871e-01	 2.977899e-04	 4.717188e-01	 5.351627e-02	 5.243580e-03	 3.664988e+00	 
 6.925229e-01	 1.251773e-01	 1.274635e-01	 3.590874e-02	 9.648136e-02	 7.324708e+00	 
 6.906667e-01	 1.232037e-01	 1.028133e-02	 1.579004e-01	 4.892548e-01	 7.182087e+00	 
 7.032816e-01	 1.101711e-01	 1.553568e-01	 1.760127e-02	 2.897575e-01	 7.465591e+00	 
 6.925229e-01	 1.251773e-01	 1.274635e-01	 3.590874e-02	 9.648136e-02	 7.324708e+00	 
 6.987149e-01	 1.259485e-01	 1.705316e-02	 1.416974e-01	 4.999962e-01	 7.231059e+00	 
 6.657951e-01	 9.763383e-02	 1.812402e-01	 4.512097e-02	 4.886880e-01	 7.551949e+00	 
 1.201166e-01	 1.865865e-04	 8.540340e-01	 1.500419e-02	 7.861269e-04	 9.434868e+00	 
 1.279060e-01	 2.892051e-04	 8.520963e-01	 9.061429e-03	 1.079653e-03	 9.374229e+00	 
 1.236000e-01	 2.785890e-04	 8.532601e-01	 1.221460e-02	 9.096481e-04	 9.356303e+00	 
 1.367396e-01	 3.163727e-04	 8.504562e-01	 1.848231e-03	 8.546752e-04	 9.380264e+00	 
 1.155060e-01	 2.535355e-04	 8.547722e-01	 1.881477e-02	 1.108393e-03	 9.350248e+00	 
 1.236000e-01	 2.785890e-04	 8.532601e-01	 1.221460e-02	 9.096481e-04	 9.356303e+00	 
 8.061858e-02	 1.478564e-04	 8.624391e-01	 4.611709e-02	 9.047006e-04	 9.367587e+00	 
 1.182348e-01	 2.788283e-04	 8.544310e-01	 1.640806e-02	 9.337668e-04	 9.332244e+00	 
 1.308067e-01	 3.171569e-04	 8.517519e-01	 6.484090e-03	 8.814533e-04	 9.355357e+00	 
 1.308067e-01	 3.171569e-04	 8.517519e-01	 6.484090e-03	 8.814533e-04	 9.355357e+00	 
 1.392449e-01	 1.732912e-04	 8.496724e-01	 2.497426e-04	 8.284787e-04	 9.556942e+00	 
 1.155060e-01	 2.535355e-04	 8.547722e-01	 1.881477e-02	 1.108393e-03	 9.350248e+00	 
 4.018302e-01	 6.692223e-06	 5.416059e-01	 3.784411e-02	 1.472861e-03	 4.458255e+00	 
 4.018802e-01	 1.222978e-05	 5.415833e-01	 3.781400e-02	 1.492571e-03	 4.497395e+00	 
 4.018736e-01	 1.133377e-05	 5.415904e-01	 3.781426e-02	 1.500575e-03	 4.484365e+00	 
 4.018107e-01	 3.887515e-06	 5.416159e-01	 3.785511e-02	 1.450851e-03	 4.481981e+00	 
 4.018398e-01	 8.492509e-06	 5.416010e-01	 3.783860e-02	 1.496028e-03	 4.436527e+00	 
 4.018109e-01	 3.914327e-06	 5.416157e-01	 3.785495e-02	 1.450883e-03	 4.482443e+00	 
 4.017940e-01	 2.007632e-06	 5.416243e-01	 3.786427e-02	 1.446604e-03	 4.456251e+00	 
 4.018071e-01	 3.447263e-06	 5.416178e-01	 3.785694e-02	 1.449514e-03	 4.480616e+00	 
 4.018362e-01	 6.998492e-06	 5.416019e-01	 3.784183e-02	 1.459920e-03	 4.494184e+00	 
 4.018071e-01	 3.447263e-06	 5.416178e-01	 3.785694e-02	 1.449514e-03	 4.480616e+00	 
 4.017940e-01	 2.007632e-06	 5.416243e-01	 3.786427e-02	 1.446604e-03	 4.456251e+00	 
 4.018074e-01	 3.473181e-06	 5.416177e-01	 3.785676e-02	 1.449513e-03	 4.481374e+00	 
 8.399828e-02	 1.628774e-04	 8.617077e-01	 4.346266e-02	 1.075352e-03	 9.273491e+00	 
 1.155060e-01	 2.535355e-04	 8.547722e-01	 1.881477e-02	 1.108393e-03	 9.350248e+00	 
 1.367396e-01	 3.163727e-04	 8.504562e-01	 1.848231e-03	 8.546752e-04	 9.380264e+00	 
 1.182348e-01	 2.788283e-04	 8.544310e-01	 1.640806e-02	 9.337668e-04	 9.332244e+00	 
 1.121087e-01	 1.694018e-04	 8.555860e-01	 2.147210e-02	 9.498991e-04	 9.428175e+00	 
 1.236000e-01	 2.785890e-04	 8.532601e-01	 1.221460e-02	 9.096481e-04	 9.356303e+00	 
 1.049266e-01	 1.510669e-04	 8.570761e-01	 2.717174e-02	 8.431752e-04	 9.537644e+00	 
 1.236000e-01	 2.785890e-04	 8.532601e-01	 1.221460e-02	 9.096481e-04	 9.356303e+00	 
 1.155060e-01	 2.535355e-04	 8.547722e-01	 1.881477e-02	 1.108393e-03	 9.350248e+00	 
 1.392449e-01	 1.732912e-04	 8.496724e-01	 2.497426e-04	 8.284787e-04	 9.556942e+00	 
 1.279060e-01	 2.892051e-04	 8.520963e-01	 9.061429e-03	 1.079653e-03	 9.374229e+00	 
 1.336609e-01	 1.617091e-04	 8.508217e-01	 4.685924e-03	 7.056103e-04	 9.673561e+00	 
 4.018103e-01	 3.840258e-06	 5.416161e-01	 3.785531e-02	 1.450712e-03	 4.481797e+00	 
 4.018165e-01	 5.306820e-06	 5.416116e-01	 3.785284e-02	 1.469220e-03	 4.435743e+00	 
 4.018103e-01	 3.840258e-06	 5.416161e-01	 3.785531e-02	 1.450712e-03	 4.481797e+00	 
 4.018302e-01	 6.692223e-06	 5.416059e-01	 3.784411e-02	 1.472861e-03	 4.458255e+00	 
 4.018434e-01	 9.081606e-06	 5.415961e-01	 3.783949e-02	 1.490422e-03	 4.446348e+00	 
 4.018099e-01	 3.795486e-06	 5.416163e-01	 3.785550e-02	 1.450580e-03	 4.481622e+00	 
 4.018355e-01	 6.917372e-06	 5.416022e-01	 3.784225e-02	 1.459765e-03	 4.493499e+00	 
 4.018065e-01	 3.376022e-06	 5.416182e-01	 3.785728e-02	 1.449346e-03	 4.479983e+00	 
 4.018065e-01	 3.376022e-06	 5.416182e-01	 3.785728e-02	 1.449346e-03	 4.479983e+00	 
 4.018208e-01	 5.057400e-06	 5.416101e-01	 3.785007e-02	 1.456148e-03	 4.481170e+00	 
 4.018208e-01	 5.057400e-06	 5.416101e-01	 3.785007e-02	 1.456148e-03	 4.481170e+00	 
 4.018067e-01	 3.621530e-06	 5.416167e-01	 3.785836e-02	 1.453755e-03	 4.456709e+00	 
 4.452384e-01	 7.598889e-03	 4.644161e-01	 4.827127e-02	 1.011951e-03	 4.080164e+00	 
 4.452384e-01	 7.598889e-03	 4.644161e-01	 4.827127e-02	 1.011951e-03	 4.080164e+00	 
 4.445854e-01	 6.670653e-03	 4.647685e-01	 4.933498e-02	 1.066369e-04	 4.057270e+00	 
 4.445854e-01	 6.670653e-03	 4.647685e-01	 4.933498e-02	 1.066369e-04	 4.057270e+00	 
 4.442899e-01	 1.845819e-03	 4.699116e-01	 4.860231e-02	 2.287597e-06	 4.331504e+00	 
 4.445586e-01	 7.103348e-03	 4.658355e-01	 4.799163e-02	 3.955622e-03	 4.029576e+00	 
 4.729054e-01	 3.165052e-02	 4.417800e-01	 2.415399e-02	 8.498952e-03	 4.705225e+00	 
 4.618156e-01	 7.640174e-03	 4.642469e-01	 3.185037e-02	 1.427873e-02	 4.881134e+00	 
 4.571458e-01	 3.648215e-03	 4.684586e-01	 3.570376e-02	 1.031000e-02	 5.011471e+00	 
 4.493406e-01	 3.530232e-03	 4.684267e-01	 4.362164e-02	 3.684031e-03	 4.551998e+00	 
 4.487135e-01	 1.978107e-02	 4.570170e-01	 4.102139e-02	 6.538810e-03	 4.434981e+00	 
 4.542313e-01	 2.715470e-02	 4.485612e-01	 3.868364e-02	 6.689013e-03	 4.454368e+00	 
 4.018302e-01	 6.692223e-06	 5.416059e-01	 3.784411e-02	 1.472861e-03	 4.458255e+00	 
 4.018109e-01	 3.914327e-06	 5.416157e-01	 3.785495e-02	 1.450883e-03	 4.482443e+00	 
 4.018109e-01	 3.914327e-06	 5.416157e-01	 3.785495e-02	 1.450883e-03	 4.482443e+00	 
 4.018464e-01	 8.149991e-06	 5.416000e-01	 3.783322e-02	 1.474839e-03	 4.483122e+00	 
 4.018736e-01	 1.133377e-05	 5.415904e-01	 3.781426e-02	 1.500575e-03	 4.484365e+00	 
 4.018802e-01	 1.222978e-05	 5.415833e-01	 3.781400e-02	 1.492571e-03	 4.497395e+00	 
 4.018932e-01	 1.379669e-05	 5.415769e-01	 3.780661e-02	 1.499380e-03	 4.502687e+00	 
 4.018737e-01	 1.128158e-05	 5.415861e-01	 3.781830e-02	 1.492588e-03	 4.489325e+00	 
 4.018196e-01	 4.982092e-06	 5.416109e-01	 3.785046e-02	 1.454071e-03	 4.486202e+00	 
 4.018932e-01	 1.379669e-05	 5.415769e-01	 3.780661e-02	 1.499380e-03	 4.502687e+00	 
 4.017797e-01	 1.117106e-07	 5.416329e-01	 3.787108e-02	 1.439677e-03	 4.482037e+00	 
 4.018403e-01	 8.001780e-06	 5.416005e-01	 3.783873e-02	 1.479406e-03	 4.462461e+00	 
 