s	 e	 nS	 nE	 p	 f
0	 0	 0	 0	 0	 0	 
 39	 59	 1140	 70	 1	 -1070	 
 39	 59	 1140	 69	 1	 -1071	 
 39	 59	 1140	 60	 1	 -1080	 
 39	 59	 1140	 60	 1	 -1080	 
 39	 59	 1140	 60	 1	 -1080	 
 39	 59	 1140	 67	 1	 -1073	 
 39	 59	 1140	 65	 1	 -1075	 
 39	 59	 1140	 65	 1	 -1075	 
 39	 59	 1140	 61	 1	 -1079	 
 39	 59	 1140	 60	 1	 -1080	 
 39	 59	 1140	 64	 1	 -1076	 
 39	 59	 1140	 69	 1	 -1071	 
 39	 59	 1140	 67	 1	 -1073	 
 39	 59	 1140	 66	 1	 -1074	 
 39	 59	 1140	 64	 1	 -1076	 
 39	 59	 1140	 61	 1	 -1079	 
 39	 59	 1140	 67	 1	 -1073	 
 39	 59	 1140	 65	 1	 -1075	 
 39	 59	 1140	 67	 1	 -1073	 
 39	 59	 1140	 63	 1	 -1077	 
 39	 59	 1140	 64	 1	 -1076	 
 39	 59	 1140	 60	 1	 -1080	 
 39	 59	 1140	 64	 1	 -1076	 
 39	 59	 1140	 64	 1	 -1076	 
 39	 59	 1140	 67	 1	 -1073	 
 39	 59	 1140	 67	 1	 -1073	 
 39	 59	 1140	 64	 1	 -1076	 
 39	 59	 1140	 61	 1	 -1079	 
 39	 59	 1140	 60	 1	 -1080	 
 39	 59	 1140	 63	 1	 -1077	 
 39	 59	 1140	 64	 1	 -1076	 
 39	 59	 1140	 69	 1	 -1071	 
 39	 59	 1140	 60	 1	 -1080	 
 39	 59	 1140	 64	 1	 -1076	 
 39	 59	 1140	 66	 1	 -1074	 
 39	 59	 1140	 69	 1	 -1071	 
 39	 59	 1140	 65	 1	 -1075	 
 39	 59	 1140	 65	 1	 -1075	 
 39	 59	 1140	 64	 1	 -1076	 
 39	 59	 1140	 67	 1	 -1073	 
 39	 59	 1140	 70	 1	 -1070	 
 39	 59	 1140	 67	 1	 -1073	 
 39	 59	 1140	 60	 1	 -1080	 
 39	 59	 1140	 67	 1	 -1073	 
 39	 59	 1140	 68	 1	 -1072	 
 39	 59	 1140	 61	 1	 -1079	 
 39	 59	 1140	 61	 1	 -1079	 
 39	 59	 1140	 65	 1	 -1075	 
 39	 59	 1140	 63	 1	 -1077	 
 39	 59	 1140	 69	 1	 -1071	 
 39	 59	 1140	 64	 1	 -1076	 
 39	 59	 1140	 70	 1	 -1070	 
 39	 59	 1140	 69	 1	 -1071	 
 39	 59	 1140	 66	 1	 -1074	 
 39	 59	 1140	 68	 1	 -1072	 
 39	 59	 1140	 62	 1	 -1078	 
 39	 59	 1140	 66	 1	 -1074	 
 39	 59	 1140	 60	 1	 -1080	 
 39	 59	 1140	 70	 1	 -1070	 
 39	 59	 1140	 67	 1	 -1073	 
 39	 59	 1140	 63	 1	 -1077	 
 39	 59	 1140	 61	 1	 -1079	 
 39	 59	 1140	 70	 1	 -1070	 
 39	 59	 1140	 60	 1	 -1080	 
 39	 59	 1140	 68	 1	 -1072	 
 39	 59	 1140	 67	 1	 -1073	 
 39	 59	 1140	 63	 1	 -1077	 
 39	 59	 1140	 61	 1	 -1079	 
 39	 59	 1140	 65	 1	 -1075	 
 39	 59	 1140	 61	 1	 -1079	 
 39	 59	 1140	 69	 1	 -1071	 
 39	 59	 1140	 60	 1	 -1080	 
 39	 59	 1140	 67	 1	 -1073	 
 39	 59	 1140	 66	 1	 -1074	 
 39	 59	 1140	 68	 1	 -1072	 
 39	 59	 1140	 61	 1	 -1079	 
 39	 59	 1140	 60	 1	 -1080	 
 39	 59	 1140	 64	 1	 -1076	 
 39	 59	 1140	 64	 1	 -1076	 
 39	 59	 1140	 66	 1	 -1074	 
 39	 59	 1140	 61	 1	 -1079	 
 39	 59	 1140	 63	 1	 -1077	 
 39	 59	 1140	 66	 1	 -1074	 
 39	 59	 1140	 64	 1	 -1076	 
 39	 59	 1140	 65	 1	 -1075	 
 39	 59	 1140	 61	 1	 -1079	 
 39	 59	 1140	 64	 1	 -1076	 
 39	 59	 1140	 68	 1	 -1072	 
 39	 59	 1140	 62	 1	 -1078	 
 39	 59	 1140	 65	 1	 -1075	 
 39	 59	 1140	 65	 1	 -1075	 
 39	 59	 1140	 67	 1	 -1073	 
 39	 59	 1140	 63	 1	 -1077	 
 39	 59	 1140	 61	 1	 -1079	 
 39	 59	 1140	 67	 1	 -1073	 
 39	 59	 1140	 66	 1	 -1074	 
 39	 59	 1140	 61	 1	 -1079	 
 39	 59	 1140	 67	 1	 -1073	 
 39	 59	 1140	 61	 1	 -1079	 
 0	 0	 0	 0	 0	 0	 
 0	 0	 0	 0	 0	 0	 
 27	 58	 1140	 74	 1	 -1066	 
 27	 58	 1140	 63	 1	 -1077	 
 27	 58	 1140	 70	 1	 -1070	 
 27	 58	 1140	 62	 1	 -1078	 
 27	 58	 1140	 74	 1	 -1066	 
 27	 58	 1140	 69	 1	 -1071	 
 27	 58	 1140	 63	 1	 -1077	 
 27	 58	 1140	 66	 1	 -1074	 
 27	 58	 1140	 61	 1	 -1079	 
 27	 58	 1140	 67	 1	 -1073	 
 27	 58	 1140	 59	 1	 -1081	 
 27	 58	 1140	 64	 1	 -1076	 
 27	 58	 1140	 72	 1	 -1068	 
 27	 58	 1140	 71	 1	 -1069	 
 27	 58	 1140	 69	 1	 -1071	 
 27	 58	 1140	 60	 1	 -1080	 
 27	 58	 1140	 64	 1	 -1076	 
 27	 58	 1140	 65	 1	 -1075	 
 27	 58	 1140	 68	 1	 -1072	 
 27	 58	 1140	 65	 1	 -1075	 
 27	 58	 1140	 69	 1	 -1071	 
 27	 58	 1140	 70	 1	 -1070	 
 27	 58	 1140	 63	 1	 -1077	 
 27	 58	 1140	 70	 1	 -1070	 
 27	 58	 1140	 69	 1	 -1071	 
 27	 58	 1140	 62	 1	 -1078	 
 27	 58	 1140	 72	 1	 -1068	 
 27	 58	 1140	 70	 1	 -1070	 
 27	 58	 1140	 74	 1	 -1066	 
 27	 58	 1140	 64	 1	 -1076	 
 27	 58	 1140	 68	 1	 -1072	 
 27	 58	 1140	 59	 1	 -1081	 
 27	 58	 1140	 65	 1	 -1075	 
 27	 58	 1140	 63	 1	 -1077	 
 27	 58	 1140	 59	 1	 -1081	 
 27	 58	 1140	 62	 1	 -1078	 
 27	 58	 1140	 65	 1	 -1075	 
 27	 58	 1140	 68	 1	 -1072	 
 27	 58	 1140	 73	 1	 -1067	 
 27	 58	 1140	 66	 1	 -1074	 
 27	 58	 1140	 60	 1	 -1080	 
 27	 58	 1140	 71	 1	 -1069	 
 27	 58	 1140	 70	 1	 -1070	 
 27	 58	 1140	 69	 1	 -1071	 
 27	 58	 1140	 59	 1	 -1081	 
 27	 58	 1140	 68	 1	 -1072	 
 27	 58	 1140	 71	 1	 -1069	 
 27	 58	 1140	 67	 1	 -1073	 
 27	 58	 1140	 62	 1	 -1078	 
 27	 58	 1140	 61	 1	 -1079	 
 27	 58	 1140	 60	 1	 -1080	 
 27	 58	 1140	 72	 1	 -1068	 
 27	 58	 1140	 62	 1	 -1078	 
 27	 58	 1140	 70	 1	 -1070	 
 27	 58	 1140	 73	 1	 -1067	 
 27	 58	 1140	 62	 1	 -1078	 
 27	 58	 1140	 63	 1	 -1077	 
 27	 58	 1140	 65	 1	 -1075	 
 27	 58	 1140	 59	 1	 -1081	 
 27	 58	 1140	 60	 1	 -1080	 
 27	 58	 1140	 68	 1	 -1072	 
 27	 58	 1140	 59	 1	 -1081	 
 27	 58	 1140	 67	 1	 -1073	 
 27	 58	 1140	 73	 1	 -1067	 
 27	 58	 1140	 61	 1	 -1079	 
 27	 58	 1140	 68	 1	 -1072	 
 27	 58	 1140	 62	 1	 -1078	 
 27	 58	 1140	 60	 1	 -1080	 
 27	 58	 1140	 69	 1	 -1071	 
 27	 58	 1140	 60	 1	 -1080	 
 27	 58	 1140	 60	 1	 -1080	 
 27	 58	 1140	 71	 1	 -1069	 
 27	 58	 1140	 70	 1	 -1070	 
 27	 58	 1140	 74	 1	 -1066	 
 27	 58	 1140	 74	 1	 -1066	 
 27	 58	 1140	 68	 1	 -1072	 
 27	 58	 1140	 73	 1	 -1067	 
 27	 58	 1140	 65	 1	 -1075	 
 27	 58	 1140	 72	 1	 -1068	 
 27	 58	 1140	 68	 1	 -1072	 
 27	 58	 1140	 66	 1	 -1074	 
 27	 58	 1140	 63	 1	 -1077	 
 27	 58	 1140	 73	 1	 -1067	 
 27	 58	 1140	 60	 1	 -1080	 
 27	 58	 1140	 63	 1	 -1077	 
 27	 58	 1140	 66	 1	 -1074	 
 27	 58	 1140	 70	 1	 -1070	 
 27	 58	 1140	 66	 1	 -1074	 
 27	 58	 1140	 64	 1	 -1076	 
 27	 58	 1140	 74	 1	 -1066	 
 27	 58	 1140	 74	 1	 -1066	 
 27	 58	 1140	 68	 1	 -1072	 
 27	 58	 1140	 67	 1	 -1073	 
 27	 58	 1140	 69	 1	 -1071	 
 27	 58	 1140	 64	 1	 -1076	 
 27	 58	 1140	 74	 1	 -1066	 
 27	 58	 1140	 60	 1	 -1080	 
 27	 58	 1140	 66	 1	 -1074	 
 27	 58	 1140	 59	 1	 -1081	 
 0	 0	 0	 0	 0	 0	 
 0	 0	 0	 0	 0	 0	 
 39	 59	 1140	 61	 1	 -1079	 
 39	 59	 1140	 69	 1	 -1071	 
 39	 59	 1140	 69	 1	 -1071	 
 39	 59	 1140	 65	 1	 -1075	 
 39	 59	 1140	 65	 1	 -1075	 
 39	 59	 1140	 64	 1	 -1076	 
 39	 59	 1140	 70	 1	 -1070	 
 39	 59	 1140	 68	 1	 -1072	 
 39	 59	 1140	 60	 1	 -1080	 
 39	 59	 1140	 64	 1	 -1076	 
 39	 59	 1140	 65	 1	 -1075	 
 39	 59	 1140	 62	 1	 -1078	 
 39	 59	 1140	 66	 1	 -1074	 
 39	 59	 1140	 60	 1	 -1080	 
 39	 59	 1140	 68	 1	 -1072	 
 39	 59	 1140	 70	 1	 -1070	 
 39	 59	 1140	 65	 1	 -1075	 
 39	 59	 1140	 68	 1	 -1072	 
 39	 59	 1140	 66	 1	 -1074	 
 39	 59	 1140	 70	 1	 -1070	 
 39	 59	 1140	 69	 1	 -1071	 
 39	 59	 1140	 69	 1	 -1071	 
 39	 59	 1140	 66	 1	 -1074	 
 39	 59	 1140	 64	 1	 -1076	 
 39	 59	 1140	 61	 1	 -1079	 
 39	 59	 1140	 69	 1	 -1071	 
 39	 59	 1140	 67	 1	 -1073	 
 39	 59	 1140	 66	 1	 -1074	 
 39	 59	 1140	 67	 1	 -1073	 
 39	 59	 1140	 63	 1	 -1077	 
 39	 59	 1140	 66	 1	 -1074	 
 39	 59	 1140	 62	 1	 -1078	 
 39	 59	 1140	 67	 1	 -1073	 
 39	 59	 1140	 65	 1	 -1075	 
 39	 59	 1140	 69	 1	 -1071	 
 39	 59	 1140	 60	 1	 -1080	 
 39	 59	 1140	 69	 1	 -1071	 
 39	 59	 1140	 67	 1	 -1073	 
 39	 59	 1140	 64	 1	 -1076	 
 39	 59	 1140	 65	 1	 -1075	 
 39	 59	 1140	 64	 1	 -1076	 
 39	 59	 1140	 65	 1	 -1075	 
 39	 59	 1140	 61	 1	 -1079	 
 39	 59	 1140	 62	 1	 -1078	 
 39	 59	 1140	 63	 1	 -1077	 
 39	 59	 1140	 70	 1	 -1070	 
 39	 59	 1140	 60	 1	 -1080	 
 39	 59	 1140	 65	 1	 -1075	 
 39	 59	 1140	 67	 1	 -1073	 
 39	 59	 1140	 61	 1	 -1079	 
 39	 59	 1140	 63	 1	 -1077	 
 39	 59	 1140	 63	 1	 -1077	 
 39	 59	 1140	 63	 1	 -1077	 
 39	 59	 1140	 68	 1	 -1072	 
 39	 59	 1140	 63	 1	 -1077	 
 39	 59	 1140	 66	 1	 -1074	 
 39	 59	 1140	 68	 1	 -1072	 
 39	 59	 1140	 61	 1	 -1079	 
 39	 59	 1140	 67	 1	 -1073	 
 39	 59	 1140	 69	 1	 -1071	 
 39	 59	 1140	 62	 1	 -1078	 
 39	 59	 1140	 69	 1	 -1071	 
 39	 59	 1140	 69	 1	 -1071	 
 39	 59	 1140	 61	 1	 -1079	 
 39	 59	 1140	 65	 1	 -1075	 
 39	 59	 1140	 67	 1	 -1073	 
 39	 59	 1140	 68	 1	 -1072	 
 39	 59	 1140	 69	 1	 -1071	 
 39	 59	 1140	 67	 1	 -1073	 
 39	 59	 1140	 65	 1	 -1075	 
 39	 59	 1140	 69	 1	 -1071	 
 39	 59	 1140	 69	 1	 -1071	 
 39	 59	 1140	 66	 1	 -1074	 
 39	 59	 1140	 65	 1	 -1075	 
 39	 59	 1140	 70	 1	 -1070	 
 39	 59	 1140	 61	 1	 -1079	 
 39	 59	 1140	 67	 1	 -1073	 
 39	 59	 1140	 65	 1	 -1075	 
 39	 59	 1140	 66	 1	 -1074	 
 39	 59	 1140	 60	 1	 -1080	 
 39	 59	 1140	 63	 1	 -1077	 
 39	 59	 1140	 69	 1	 -1071	 
 39	 59	 1140	 68	 1	 -1072	 
 39	 59	 1140	 61	 1	 -1079	 
 39	 59	 1140	 69	 1	 -1071	 
 39	 59	 1140	 61	 1	 -1079	 
 39	 59	 1140	 65	 1	 -1075	 
 39	 59	 1140	 68	 1	 -1072	 
 39	 59	 1140	 62	 1	 -1078	 
 39	 59	 1140	 61	 1	 -1079	 
 39	 59	 1140	 62	 1	 -1078	 
 39	 59	 1140	 60	 1	 -1080	 
 39	 59	 1140	 67	 1	 -1073	 
 39	 59	 1140	 61	 1	 -1079	 
 39	 59	 1140	 63	 1	 -1077	 
 39	 59	 1140	 68	 1	 -1072	 
 39	 59	 1140	 61	 1	 -1079	 
 39	 59	 1140	 63	 1	 -1077	 
 39	 59	 1140	 69	 1	 -1071	 
 0	 0	 0	 0	 0	 0	 
 0	 0	 0	 0	 0	 0	 
 8	 50	 1140	 57	 1	 -1083	 
 8	 50	 1140	 63	 1	 -1077	 
 8	 50	 1140	 58	 1	 -1082	 
 8	 50	 1140	 68	 1	 -1072	 
 8	 50	 1140	 67	 1	 -1073	 
 8	 50	 1140	 69	 1	 -1071	 
 8	 50	 1140	 52	 1	 -1088	 
 8	 50	 1140	 67	 1	 -1073	 
 8	 50	 1140	 63	 1	 -1077	 
 8	 50	 1140	 69	 1	 -1071	 
 8	 50	 1140	 69	 1	 -1071	 
 8	 50	 1140	 54	 1	 -1086	 
 8	 50	 1140	 51	 1	 -1089	 
 8	 50	 1140	 69	 1	 -1071	 
 8	 50	 1140	 51	 1	 -1089	 
 8	 50	 1140	 64	 1	 -1076	 
 8	 50	 1140	 51	 1	 -1089	 
 8	 50	 1140	 64	 1	 -1076	 
 8	 50	 1140	 63	 1	 -1077	 
 8	 50	 1140	 63	 1	 -1077	 
 8	 50	 1140	 68	 1	 -1072	 
 8	 50	 1140	 67	 1	 -1073	 
 8	 50	 1140	 69	 1	 -1071	 
 8	 50	 1140	 53	 1	 -1087	 
 8	 50	 1140	 57	 1	 -1083	 
 8	 50	 1140	 58	 1	 -1082	 
 8	 50	 1140	 59	 1	 -1081	 
 8	 50	 1140	 54	 1	 -1086	 
 8	 50	 1140	 54	 1	 -1086	 
 8	 50	 1140	 66	 1	 -1074	 
 8	 50	 1140	 68	 1	 -1072	 
 8	 50	 1140	 55	 1	 -1085	 
 8	 50	 1140	 57	 1	 -1083	 
 8	 50	 1140	 51	 1	 -1089	 
 8	 50	 1140	 57	 1	 -1083	 
 8	 50	 1140	 53	 1	 -1087	 
 8	 50	 1140	 52	 1	 -1088	 
 8	 50	 1140	 52	 1	 -1088	 
 8	 50	 1140	 52	 1	 -1088	 
 8	 50	 1140	 56	 1	 -1084	 
 8	 50	 1140	 63	 1	 -1077	 
 8	 50	 1140	 53	 1	 -1087	 
 8	 50	 1140	 60	 1	 -1080	 
 8	 50	 1140	 55	 1	 -1085	 
 8	 50	 1140	 65	 1	 -1075	 
 8	 50	 1140	 69	 1	 -1071	 
 8	 50	 1140	 70	 1	 -1070	 
 8	 50	 1140	 68	 1	 -1072	 
 8	 50	 1140	 64	 1	 -1076	 
 8	 50	 1140	 70	 1	 -1070	 
 8	 50	 1140	 71	 1	 -1069	 
 8	 50	 1140	 61	 1	 -1079	 
 8	 50	 1140	 67	 1	 -1073	 
 8	 50	 1140	 70	 1	 -1070	 
 8	 50	 1140	 70	 1	 -1070	 
 8	 50	 1140	 56	 1	 -1084	 
 8	 50	 1140	 62	 1	 -1078	 
 8	 50	 1140	 52	 1	 -1088	 
 8	 50	 1140	 71	 1	 -1069	 
 8	 50	 1140	 61	 1	 -1079	 
 8	 50	 1140	 60	 1	 -1080	 
 8	 50	 1140	 68	 1	 -1072	 
 8	 50	 1140	 63	 1	 -1077	 
 8	 50	 1140	 59	 1	 -1081	 
 8	 50	 1140	 55	 1	 -1085	 
 8	 50	 1140	 64	 1	 -1076	 
 8	 50	 1140	 65	 1	 -1075	 
 8	 50	 1140	 53	 1	 -1087	 
 8	 50	 1140	 68	 1	 -1072	 
 8	 50	 1140	 56	 1	 -1084	 
 8	 50	 1140	 64	 1	 -1076	 
 8	 50	 1140	 64	 1	 -1076	 
 8	 50	 1140	 63	 1	 -1077	 
 8	 50	 1140	 55	 1	 -1085	 
 8	 50	 1140	 54	 1	 -1086	 
 8	 50	 1140	 69	 1	 -1071	 
 8	 50	 1140	 57	 1	 -1083	 
 8	 50	 1140	 68	 1	 -1072	 
 8	 50	 1140	 57	 1	 -1083	 
 8	 50	 1140	 64	 1	 -1076	 
 8	 50	 1140	 66	 1	 -1074	 
 8	 50	 1140	 59	 1	 -1081	 
 8	 50	 1140	 67	 1	 -1073	 
 8	 50	 1140	 58	 1	 -1082	 
 8	 50	 1140	 51	 1	 -1089	 
 8	 50	 1140	 52	 1	 -1088	 
 8	 50	 1140	 63	 1	 -1077	 
 8	 50	 1140	 57	 1	 -1083	 
 8	 50	 1140	 52	 1	 -1088	 
 8	 50	 1140	 69	 1	 -1071	 
 8	 50	 1140	 66	 1	 -1074	 
 8	 50	 1140	 66	 1	 -1074	 
 8	 50	 1140	 72	 1	 -1068	 
 8	 50	 1140	 67	 1	 -1073	 
 8	 50	 1140	 60	 1	 -1080	 
 8	 50	 1140	 70	 1	 -1070	 
 8	 50	 1140	 62	 1	 -1078	 
 8	 50	 1140	 65	 1	 -1075	 
 8	 50	 1140	 61	 1	 -1079	 
 0	 0	 0	 0	 0	 0	 
 0	 0	 0	 0	 0	 0	 
 39	 59	 1140	 65	 1	 -1075	 
 39	 59	 1140	 67	 1	 -1073	 
 39	 59	 1140	 63	 1	 -1077	 
 39	 59	 1140	 62	 1	 -1078	 
 39	 59	 1140	 61	 1	 -1079	 
 39	 59	 1140	 62	 1	 -1078	 
 39	 59	 1140	 66	 1	 -1074	 
 39	 59	 1140	 64	 1	 -1076	 
 39	 59	 1140	 64	 1	 -1076	 
 39	 59	 1140	 62	 1	 -1078	 
 39	 59	 1140	 65	 1	 -1075	 
 39	 59	 1140	 69	 1	 -1071	 
 39	 59	 1140	 70	 1	 -1070	 
 39	 59	 1140	 60	 1	 -1080	 
 39	 59	 1140	 64	 1	 -1076	 
 39	 59	 1140	 68	 1	 -1072	 
 39	 59	 1140	 61	 1	 -1079	 
 39	 59	 1140	 62	 1	 -1078	 
 39	 59	 1140	 60	 1	 -1080	 
 39	 59	 1140	 69	 1	 -1071	 
 39	 59	 1140	 65	 1	 -1075	 
 39	 59	 1140	 62	 1	 -1078	 
 39	 59	 1140	 66	 1	 -1074	 
 39	 59	 1140	 67	 1	 -1073	 
 39	 59	 1140	 60	 1	 -1080	 
 39	 59	 1140	 68	 1	 -1072	 
 39	 59	 1140	 61	 1	 -1079	 
 39	 59	 1140	 63	 1	 -1077	 
 39	 59	 1140	 61	 1	 -1079	 
 39	 59	 1140	 64	 1	 -1076	 
 39	 59	 1140	 67	 1	 -1073	 
 39	 59	 1140	 64	 1	 -1076	 
 39	 59	 1140	 69	 1	 -1071	 
 39	 59	 1140	 66	 1	 -1074	 
 39	 59	 1140	 64	 1	 -1076	 
 39	 59	 1140	 63	 1	 -1077	 
 39	 59	 1140	 66	 1	 -1074	 
 39	 59	 1140	 67	 1	 -1073	 
 39	 59	 1140	 66	 1	 -1074	 
 39	 59	 1140	 62	 1	 -1078	 
 39	 59	 1140	 67	 1	 -1073	 
 39	 59	 1140	 67	 1	 -1073	 
 39	 59	 1140	 65	 1	 -1075	 
 39	 59	 1140	 66	 1	 -1074	 
 39	 59	 1140	 60	 1	 -1080	 
 39	 59	 1140	 61	 1	 -1079	 
 39	 59	 1140	 65	 1	 -1075	 
 39	 59	 1140	 62	 1	 -1078	 
 39	 59	 1140	 63	 1	 -1077	 
 39	 59	 1140	 64	 1	 -1076	 
 39	 59	 1140	 63	 1	 -1077	 
 39	 59	 1140	 61	 1	 -1079	 
 39	 59	 1140	 64	 1	 -1076	 
 39	 59	 1140	 63	 1	 -1077	 
 39	 59	 1140	 63	 1	 -1077	 
 39	 59	 1140	 61	 1	 -1079	 
 39	 59	 1140	 65	 1	 -1075	 
 39	 59	 1140	 60	 1	 -1080	 
 39	 59	 1140	 62	 1	 -1078	 
 39	 59	 1140	 69	 1	 -1071	 
 39	 59	 1140	 62	 1	 -1078	 
 39	 59	 1140	 65	 1	 -1075	 
 39	 59	 1140	 66	 1	 -1074	 
 39	 59	 1140	 63	 1	 -1077	 
 39	 59	 1140	 66	 1	 -1074	 
 39	 59	 1140	 65	 1	 -1075	 
 39	 59	 1140	 62	 1	 -1078	 
 39	 59	 1140	 63	 1	 -1077	 
 39	 59	 1140	 62	 1	 -1078	 
 39	 59	 1140	 67	 1	 -1073	 
 39	 59	 1140	 64	 1	 -1076	 
 39	 59	 1140	 66	 1	 -1074	 
 39	 59	 1140	 65	 1	 -1075	 
 39	 59	 1140	 69	 1	 -1071	 
 39	 59	 1140	 62	 1	 -1078	 
 39	 59	 1140	 67	 1	 -1073	 
 39	 59	 1140	 62	 1	 -1078	 
 39	 59	 1140	 64	 1	 -1076	 
 39	 59	 1140	 64	 1	 -1076	 
 39	 59	 1140	 66	 1	 -1074	 
 39	 59	 1140	 63	 1	 -1077	 
 39	 59	 1140	 69	 1	 -1071	 
 39	 59	 1140	 62	 1	 -1078	 
 39	 59	 1140	 66	 1	 -1074	 
 39	 59	 1140	 60	 1	 -1080	 
 39	 59	 1140	 65	 1	 -1075	 
 39	 59	 1140	 60	 1	 -1080	 
 39	 59	 1140	 60	 1	 -1080	 
 39	 59	 1140	 60	 1	 -1080	 
 39	 59	 1140	 62	 1	 -1078	 
 39	 59	 1140	 69	 1	 -1071	 
 39	 59	 1140	 60	 1	 -1080	 
 39	 59	 1140	 62	 1	 -1078	 
 39	 59	 1140	 69	 1	 -1071	 
 39	 59	 1140	 63	 1	 -1077	 
 39	 59	 1140	 61	 1	 -1079	 
 39	 59	 1140	 67	 1	 -1073	 
 39	 59	 1140	 62	 1	 -1078	 
 39	 59	 1140	 69	 1	 -1071	 
 0	 0	 0	 0	 0	 0	 
 0	 0	 0	 0	 0	 0	 
 39	 59	 1140	 68	 1	 -1072	 
 39	 59	 1140	 65	 1	 -1075	 
 39	 59	 1140	 63	 1	 -1077	 
 39	 59	 1140	 65	 1	 -1075	 
 39	 59	 1140	 69	 1	 -1071	 
 39	 59	 1140	 68	 1	 -1072	 
 39	 59	 1140	 64	 1	 -1076	 
 39	 59	 1140	 65	 1	 -1075	 
 39	 59	 1140	 66	 1	 -1074	 
 39	 59	 1140	 68	 1	 -1072	 
 39	 59	 1140	 68	 1	 -1072	 
 39	 59	 1140	 66	 1	 -1074	 
 39	 59	 1140	 68	 1	 -1072	 
 39	 59	 1140	 64	 1	 -1076	 
 39	 59	 1140	 66	 1	 -1074	 
 39	 59	 1140	 66	 1	 -1074	 
 39	 59	 1140	 65	 1	 -1075	 
 39	 59	 1140	 67	 1	 -1073	 
 39	 59	 1140	 66	 1	 -1074	 
 39	 59	 1140	 60	 1	 -1080	 
 39	 59	 1140	 64	 1	 -1076	 
 39	 59	 1140	 65	 1	 -1075	 
 39	 59	 1140	 68	 1	 -1072	 
 39	 59	 1140	 60	 1	 -1080	 
 39	 59	 1140	 65	 1	 -1075	 
 39	 59	 1140	 65	 1	 -1075	 
 39	 59	 1140	 69	 1	 -1071	 
 39	 59	 1140	 63	 1	 -1077	 
 39	 59	 1140	 66	 1	 -1074	 
 39	 59	 1140	 68	 1	 -1072	 
 39	 59	 1140	 65	 1	 -1075	 
 39	 59	 1140	 67	 1	 -1073	 
 39	 59	 1140	 67	 1	 -1073	 
 39	 59	 1140	 68	 1	 -1072	 
 39	 59	 1140	 60	 1	 -1080	 
 39	 59	 1140	 66	 1	 -1074	 
 39	 59	 1140	 68	 1	 -1072	 
 39	 59	 1140	 64	 1	 -1076	 
 39	 59	 1140	 61	 1	 -1079	 
 39	 59	 1140	 61	 1	 -1079	 
 39	 59	 1140	 60	 1	 -1080	 
 39	 59	 1140	 69	 1	 -1071	 
 39	 59	 1140	 69	 1	 -1071	 
 39	 59	 1140	 67	 1	 -1073	 
 39	 59	 1140	 60	 1	 -1080	 
 39	 59	 1140	 66	 1	 -1074	 
 39	 59	 1140	 68	 1	 -1072	 
 39	 59	 1140	 63	 1	 -1077	 
 39	 59	 1140	 64	 1	 -1076	 
 39	 59	 1140	 65	 1	 -1075	 
 39	 59	 1140	 62	 1	 -1078	 
 39	 59	 1140	 63	 1	 -1077	 
 39	 59	 1140	 70	 1	 -1070	 
 39	 59	 1140	 66	 1	 -1074	 
 39	 59	 1140	 61	 1	 -1079	 
 39	 59	 1140	 65	 1	 -1075	 
 39	 59	 1140	 62	 1	 -1078	 
 39	 59	 1140	 70	 1	 -1070	 
 39	 59	 1140	 63	 1	 -1077	 
 39	 59	 1140	 64	 1	 -1076	 
 39	 59	 1140	 63	 1	 -1077	 
 39	 59	 1140	 63	 1	 -1077	 
 39	 59	 1140	 65	 1	 -1075	 
 39	 59	 1140	 66	 1	 -1074	 
 39	 59	 1140	 63	 1	 -1077	 
 39	 59	 1140	 65	 1	 -1075	 
 39	 59	 1140	 70	 1	 -1070	 
 39	 59	 1140	 68	 1	 -1072	 
 39	 59	 1140	 70	 1	 -1070	 
 39	 59	 1140	 62	 1	 -1078	 
 39	 59	 1140	 62	 1	 -1078	 
 39	 59	 1140	 67	 1	 -1073	 
 39	 59	 1140	 61	 1	 -1079	 
 39	 59	 1140	 66	 1	 -1074	 
 39	 59	 1140	 61	 1	 -1079	 
 39	 59	 1140	 67	 1	 -1073	 
 39	 59	 1140	 63	 1	 -1077	 
 39	 59	 1140	 70	 1	 -1070	 
 39	 59	 1140	 66	 1	 -1074	 
 39	 59	 1140	 65	 1	 -1075	 
 39	 59	 1140	 65	 1	 -1075	 
 39	 59	 1140	 70	 1	 -1070	 
 39	 59	 1140	 63	 1	 -1077	 
 39	 59	 1140	 61	 1	 -1079	 
 39	 59	 1140	 65	 1	 -1075	 
 39	 59	 1140	 61	 1	 -1079	 
 39	 59	 1140	 67	 1	 -1073	 
 39	 59	 1140	 68	 1	 -1072	 
 39	 59	 1140	 63	 1	 -1077	 
 39	 59	 1140	 61	 1	 -1079	 
 39	 59	 1140	 65	 1	 -1075	 
 39	 59	 1140	 66	 1	 -1074	 
 39	 59	 1140	 68	 1	 -1072	 
 39	 59	 1140	 64	 1	 -1076	 
 39	 59	 1140	 69	 1	 -1071	 
 39	 59	 1140	 60	 1	 -1080	 
 39	 59	 1140	 68	 1	 -1072	 
 39	 59	 1140	 60	 1	 -1080	 
 39	 59	 1140	 62	 1	 -1078	 
 0	 0	 0	 0	 0	 0	 
 0	 0	 0	 0	 0	 0	 
 39	 59	 1140	 69	 1	 -1071	 
 39	 59	 1140	 65	 1	 -1075	 
 39	 59	 1140	 67	 1	 -1073	 
 39	 59	 1140	 61	 1	 -1079	 
 39	 59	 1140	 60	 1	 -1080	 
 39	 59	 1140	 60	 1	 -1080	 
 39	 59	 1140	 69	 1	 -1071	 
 39	 59	 1140	 63	 1	 -1077	 
 39	 59	 1140	 61	 1	 -1079	 
 39	 59	 1140	 67	 1	 -1073	 
 39	 59	 1140	 70	 1	 -1070	 
 39	 59	 1140	 68	 1	 -1072	 
 39	 59	 1140	 64	 1	 -1076	 
 39	 59	 1140	 64	 1	 -1076	 
 39	 59	 1140	 65	 1	 -1075	 
 39	 59	 1140	 67	 1	 -1073	 
 39	 59	 1140	 65	 1	 -1075	 
 39	 59	 1140	 67	 1	 -1073	 
 39	 59	 1140	 68	 1	 -1072	 
 39	 59	 1140	 67	 1	 -1073	 
 39	 59	 1140	 69	 1	 -1071	 
 39	 59	 1140	 68	 1	 -1072	 
 39	 59	 1140	 61	 1	 -1079	 
 39	 59	 1140	 66	 1	 -1074	 
 39	 59	 1140	 64	 1	 -1076	 
 39	 59	 1140	 65	 1	 -1075	 
 39	 59	 1140	 65	 1	 -1075	 
 39	 59	 1140	 69	 1	 -1071	 
 39	 59	 1140	 70	 1	 -1070	 
 39	 59	 1140	 62	 1	 -1078	 
 39	 59	 1140	 61	 1	 -1079	 
 39	 59	 1140	 62	 1	 -1078	 
 39	 59	 1140	 67	 1	 -1073	 
 39	 59	 1140	 62	 1	 -1078	 
 39	 59	 1140	 69	 1	 -1071	 
 39	 59	 1140	 66	 1	 -1074	 
 39	 59	 1140	 67	 1	 -1073	 
 39	 59	 1140	 61	 1	 -1079	 
 39	 59	 1140	 63	 1	 -1077	 
 39	 59	 1140	 66	 1	 -1074	 
 39	 59	 1140	 66	 1	 -1074	 
 39	 59	 1140	 65	 1	 -1075	 
 39	 59	 1140	 68	 1	 -1072	 
 39	 59	 1140	 69	 1	 -1071	 
 39	 59	 1140	 60	 1	 -1080	 
 39	 59	 1140	 65	 1	 -1075	 
 39	 59	 1140	 66	 1	 -1074	 
 39	 59	 1140	 65	 1	 -1075	 
 39	 59	 1140	 63	 1	 -1077	 
 39	 59	 1140	 64	 1	 -1076	 
 39	 59	 1140	 69	 1	 -1071	 
 39	 59	 1140	 64	 1	 -1076	 
 39	 59	 1140	 68	 1	 -1072	 
 39	 59	 1140	 69	 1	 -1071	 
 39	 59	 1140	 63	 1	 -1077	 
 39	 59	 1140	 61	 1	 -1079	 
 39	 59	 1140	 62	 1	 -1078	 
 39	 59	 1140	 62	 1	 -1078	 
 39	 59	 1140	 61	 1	 -1079	 
 39	 59	 1140	 70	 1	 -1070	 
 39	 59	 1140	 64	 1	 -1076	 
 39	 59	 1140	 69	 1	 -1071	 
 39	 59	 1140	 63	 1	 -1077	 
 39	 59	 1140	 68	 1	 -1072	 
 39	 59	 1140	 68	 1	 -1072	 
 39	 59	 1140	 61	 1	 -1079	 
 39	 59	 1140	 65	 1	 -1075	 
 39	 59	 1140	 66	 1	 -1074	 
 39	 59	 1140	 64	 1	 -1076	 
 39	 59	 1140	 60	 1	 -1080	 
 39	 59	 1140	 62	 1	 -1078	 
 39	 59	 1140	 62	 1	 -1078	 
 39	 59	 1140	 68	 1	 -1072	 
 39	 59	 1140	 63	 1	 -1077	 
 39	 59	 1140	 69	 1	 -1071	 
 39	 59	 1140	 61	 1	 -1079	 
 39	 59	 1140	 61	 1	 -1079	 
 39	 59	 1140	 62	 1	 -1078	 
 39	 59	 1140	 67	 1	 -1073	 
 39	 59	 1140	 63	 1	 -1077	 
 39	 59	 1140	 66	 1	 -1074	 
 39	 59	 1140	 63	 1	 -1077	 
 39	 59	 1140	 64	 1	 -1076	 
 39	 59	 1140	 60	 1	 -1080	 
 39	 59	 1140	 61	 1	 -1079	 
 39	 59	 1140	 61	 1	 -1079	 
 39	 59	 1140	 66	 1	 -1074	 
 39	 59	 1140	 67	 1	 -1073	 
 39	 59	 1140	 60	 1	 -1080	 
 39	 59	 1140	 61	 1	 -1079	 
 39	 59	 1140	 70	 1	 -1070	 
 39	 59	 1140	 63	 1	 -1077	 
 39	 59	 1140	 60	 1	 -1080	 
 39	 59	 1140	 62	 1	 -1078	 
 39	 59	 1140	 63	 1	 -1077	 
 39	 59	 1140	 70	 1	 -1070	 
 39	 59	 1140	 61	 1	 -1079	 
 39	 59	 1140	 64	 1	 -1076	 
 39	 59	 1140	 67	 1	 -1073	 
 0	 0	 0	 0	 0	 0	 
 0	 0	 0	 0	 0	 0	 
 15	 50	 1140	 60	 1	 -1080	 
 15	 50	 1140	 61	 1	 -1079	 
 15	 50	 1140	 53	 1	 -1087	 
 15	 50	 1140	 54	 1	 -1086	 
 15	 50	 1140	 64	 1	 -1076	 
 15	 50	 1140	 66	 1	 -1074	 
 15	 50	 1140	 52	 1	 -1088	 
 15	 50	 1140	 66	 1	 -1074	 
 15	 50	 1140	 68	 1	 -1072	 
 15	 50	 1140	 58	 1	 -1082	 
 15	 50	 1140	 62	 1	 -1078	 
 15	 50	 1140	 61	 1	 -1079	 
 15	 50	 1140	 56	 1	 -1084	 
 15	 50	 1140	 66	 1	 -1074	 
 15	 50	 1140	 51	 1	 -1089	 
 15	 50	 1140	 61	 1	 -1079	 
 15	 50	 1140	 54	 1	 -1086	 
 15	 50	 1140	 64	 1	 -1076	 
 15	 50	 1140	 66	 1	 -1074	 
 15	 50	 1140	 57	 1	 -1083	 
 15	 50	 1140	 57	 1	 -1083	 
 15	 50	 1140	 53	 1	 -1087	 
 15	 50	 1140	 60	 1	 -1080	 
 15	 50	 1140	 51	 1	 -1089	 
 15	 50	 1140	 59	 1	 -1081	 
 15	 50	 1140	 52	 1	 -1088	 
 15	 50	 1140	 64	 1	 -1076	 
 15	 50	 1140	 58	 1	 -1082	 
 15	 50	 1140	 65	 1	 -1075	 
 15	 50	 1140	 59	 1	 -1081	 
 15	 50	 1140	 56	 1	 -1084	 
 15	 50	 1140	 52	 1	 -1088	 
 15	 50	 1140	 51	 1	 -1089	 
 15	 50	 1140	 68	 1	 -1072	 
 15	 50	 1140	 64	 1	 -1076	 
 15	 50	 1140	 63	 1	 -1077	 
 15	 50	 1140	 52	 1	 -1088	 
 15	 50	 1140	 57	 1	 -1083	 
 15	 50	 1140	 68	 1	 -1072	 
 15	 50	 1140	 65	 1	 -1075	 
 15	 50	 1140	 55	 1	 -1085	 
 15	 50	 1140	 66	 1	 -1074	 
 15	 50	 1140	 54	 1	 -1086	 
 15	 50	 1140	 65	 1	 -1075	 
 15	 50	 1140	 64	 1	 -1076	 
 15	 50	 1140	 65	 1	 -1075	 
 15	 50	 1140	 54	 1	 -1086	 
 15	 50	 1140	 68	 1	 -1072	 
 15	 50	 1140	 66	 1	 -1074	 
 15	 50	 1140	 59	 1	 -1081	 
 15	 50	 1140	 51	 1	 -1089	 
 15	 50	 1140	 54	 1	 -1086	 
 15	 50	 1140	 55	 1	 -1085	 
 15	 50	 1140	 67	 1	 -1073	 
 15	 50	 1140	 52	 1	 -1088	 
 15	 50	 1140	 53	 1	 -1087	 
 15	 50	 1140	 68	 1	 -1072	 
 15	 50	 1140	 54	 1	 -1086	 
 15	 50	 1140	 53	 1	 -1087	 
 15	 50	 1140	 58	 1	 -1082	 
 15	 50	 1140	 59	 1	 -1081	 
 15	 50	 1140	 61	 1	 -1079	 
 15	 50	 1140	 64	 1	 -1076	 
 15	 50	 1140	 62	 1	 -1078	 
 15	 50	 1140	 53	 1	 -1087	 
 15	 50	 1140	 54	 1	 -1086	 
 15	 50	 1140	 63	 1	 -1077	 
 15	 50	 1140	 57	 1	 -1083	 
 15	 50	 1140	 64	 1	 -1076	 
 15	 50	 1140	 63	 1	 -1077	 
 15	 50	 1140	 58	 1	 -1082	 
 15	 50	 1140	 52	 1	 -1088	 
 15	 50	 1140	 55	 1	 -1085	 
 15	 50	 1140	 59	 1	 -1081	 
 15	 50	 1140	 58	 1	 -1082	 
 15	 50	 1140	 55	 1	 -1085	 
 15	 50	 1140	 65	 1	 -1075	 
 15	 50	 1140	 53	 1	 -1087	 
 15	 50	 1140	 53	 1	 -1087	 
 15	 50	 1140	 51	 1	 -1089	 
 15	 50	 1140	 57	 1	 -1083	 
 15	 50	 1140	 52	 1	 -1088	 
 15	 50	 1140	 67	 1	 -1073	 
 15	 50	 1140	 52	 1	 -1088	 
 15	 50	 1140	 65	 1	 -1075	 
 15	 50	 1140	 52	 1	 -1088	 
 15	 50	 1140	 65	 1	 -1075	 
 15	 50	 1140	 53	 1	 -1087	 
 15	 50	 1140	 58	 1	 -1082	 
 15	 50	 1140	 64	 1	 -1076	 
 15	 50	 1140	 58	 1	 -1082	 
 15	 50	 1140	 68	 1	 -1072	 
 15	 50	 1140	 59	 1	 -1081	 
 15	 50	 1140	 63	 1	 -1077	 
 15	 50	 1140	 60	 1	 -1080	 
 15	 50	 1140	 57	 1	 -1083	 
 15	 50	 1140	 58	 1	 -1082	 
 15	 50	 1140	 58	 1	 -1082	 
 15	 50	 1140	 54	 1	 -1086	 
 0	 0	 0	 0	 0	 0	 
 0	 0	 0	 0	 0	 0	 
 39	 59	 1140	 66	 1	 -1074	 
 39	 59	 1140	 70	 1	 -1070	 
 39	 59	 1140	 69	 1	 -1071	 
 39	 59	 1140	 62	 1	 -1078	 
 39	 59	 1140	 62	 1	 -1078	 
 39	 59	 1140	 68	 1	 -1072	 
 39	 59	 1140	 61	 1	 -1079	 
 39	 59	 1140	 62	 1	 -1078	 
 39	 59	 1140	 65	 1	 -1075	 
 39	 59	 1140	 60	 1	 -1080	 
 39	 59	 1140	 67	 1	 -1073	 
 39	 59	 1140	 67	 1	 -1073	 
 39	 59	 1140	 68	 1	 -1072	 
 39	 59	 1140	 61	 1	 -1079	 
 39	 59	 1140	 68	 1	 -1072	 
 39	 59	 1140	 68	 1	 -1072	 
 39	 59	 1140	 63	 1	 -1077	 
 39	 59	 1140	 69	 1	 -1071	 
 39	 59	 1140	 67	 1	 -1073	 
 39	 59	 1140	 62	 1	 -1078	 
 39	 59	 1140	 69	 1	 -1071	 
 39	 59	 1140	 66	 1	 -1074	 
 39	 59	 1140	 69	 1	 -1071	 
 39	 59	 1140	 62	 1	 -1078	 
 39	 59	 1140	 67	 1	 -1073	 
 39	 59	 1140	 66	 1	 -1074	 
 39	 59	 1140	 60	 1	 -1080	 
 39	 59	 1140	 63	 1	 -1077	 
 39	 59	 1140	 60	 1	 -1080	 
 39	 59	 1140	 65	 1	 -1075	 
 39	 59	 1140	 70	 1	 -1070	 
 39	 59	 1140	 62	 1	 -1078	 
 39	 59	 1140	 69	 1	 -1071	 
 39	 59	 1140	 61	 1	 -1079	 
 39	 59	 1140	 67	 1	 -1073	 
 39	 59	 1140	 60	 1	 -1080	 
 39	 59	 1140	 66	 1	 -1074	 
 39	 59	 1140	 60	 1	 -1080	 
 39	 59	 1140	 62	 1	 -1078	 
 39	 59	 1140	 61	 1	 -1079	 
 39	 59	 1140	 64	 1	 -1076	 
 39	 59	 1140	 68	 1	 -1072	 
 39	 59	 1140	 61	 1	 -1079	 
 39	 59	 1140	 68	 1	 -1072	 
 39	 59	 1140	 62	 1	 -1078	 
 39	 59	 1140	 63	 1	 -1077	 
 39	 59	 1140	 69	 1	 -1071	 
 39	 59	 1140	 67	 1	 -1073	 
 39	 59	 1140	 61	 1	 -1079	 
 39	 59	 1140	 61	 1	 -1079	 
 39	 59	 1140	 61	 1	 -1079	 
 39	 59	 1140	 69	 1	 -1071	 
 39	 59	 1140	 67	 1	 -1073	 
 39	 59	 1140	 67	 1	 -1073	 
 39	 59	 1140	 64	 1	 -1076	 
 39	 59	 1140	 64	 1	 -1076	 
 39	 59	 1140	 60	 1	 -1080	 
 39	 59	 1140	 70	 1	 -1070	 
 39	 59	 1140	 62	 1	 -1078	 
 39	 59	 1140	 70	 1	 -1070	 
 39	 59	 1140	 64	 1	 -1076	 
 39	 59	 1140	 68	 1	 -1072	 
 39	 59	 1140	 63	 1	 -1077	 
 39	 59	 1140	 66	 1	 -1074	 
 39	 59	 1140	 61	 1	 -1079	 
 39	 59	 1140	 65	 1	 -1075	 
 39	 59	 1140	 69	 1	 -1071	 
 39	 59	 1140	 63	 1	 -1077	 
 39	 59	 1140	 62	 1	 -1078	 
 39	 59	 1140	 69	 1	 -1071	 
 39	 59	 1140	 67	 1	 -1073	 
 39	 59	 1140	 60	 1	 -1080	 
 39	 59	 1140	 66	 1	 -1074	 
 39	 59	 1140	 69	 1	 -1071	 
 39	 59	 1140	 69	 1	 -1071	 
 39	 59	 1140	 69	 1	 -1071	 
 39	 59	 1140	 63	 1	 -1077	 
 39	 59	 1140	 63	 1	 -1077	 
 39	 59	 1140	 60	 1	 -1080	 
 39	 59	 1140	 63	 1	 -1077	 
 39	 59	 1140	 61	 1	 -1079	 
 39	 59	 1140	 62	 1	 -1078	 
 39	 59	 1140	 67	 1	 -1073	 
 39	 59	 1140	 67	 1	 -1073	 
 39	 59	 1140	 60	 1	 -1080	 
 39	 59	 1140	 64	 1	 -1076	 
 39	 59	 1140	 63	 1	 -1077	 
 39	 59	 1140	 69	 1	 -1071	 
 39	 59	 1140	 64	 1	 -1076	 
 39	 59	 1140	 66	 1	 -1074	 
 39	 59	 1140	 68	 1	 -1072	 
 39	 59	 1140	 69	 1	 -1071	 
 39	 59	 1140	 66	 1	 -1074	 
 39	 59	 1140	 64	 1	 -1076	 
 39	 59	 1140	 66	 1	 -1074	 
 39	 59	 1140	 68	 1	 -1072	 
 39	 59	 1140	 69	 1	 -1071	 
 39	 59	 1140	 67	 1	 -1073	 
 39	 59	 1140	 60	 1	 -1080	 
 0	 0	 0	 0	 0	 0	 
 0	 0	 0	 0	 0	 0	 
 39	 59	 1140	 65	 1	 -1075	 
 39	 59	 1140	 66	 1	 -1074	 
 39	 59	 1140	 69	 1	 -1071	 
 39	 59	 1140	 70	 1	 -1070	 
 39	 59	 1140	 68	 1	 -1072	 
 39	 59	 1140	 63	 1	 -1077	 
 39	 59	 1140	 67	 1	 -1073	 
 39	 59	 1140	 70	 1	 -1070	 
 39	 59	 1140	 65	 1	 -1075	 
 39	 59	 1140	 68	 1	 -1072	 
 39	 59	 1140	 70	 1	 -1070	 
 39	 59	 1140	 64	 1	 -1076	 
 39	 59	 1140	 64	 1	 -1076	 
 39	 59	 1140	 63	 1	 -1077	 
 39	 59	 1140	 61	 1	 -1079	 
 39	 59	 1140	 68	 1	 -1072	 
 39	 59	 1140	 65	 1	 -1075	 
 39	 59	 1140	 63	 1	 -1077	 
 39	 59	 1140	 66	 1	 -1074	 
 39	 59	 1140	 68	 1	 -1072	 
 39	 59	 1140	 67	 1	 -1073	 
 39	 59	 1140	 66	 1	 -1074	 
 39	 59	 1140	 60	 1	 -1080	 
 39	 59	 1140	 63	 1	 -1077	 
 39	 59	 1140	 66	 1	 -1074	 
 39	 59	 1140	 66	 1	 -1074	 
 39	 59	 1140	 60	 1	 -1080	 
 39	 59	 1140	 64	 1	 -1076	 
 39	 59	 1140	 66	 1	 -1074	 
 39	 59	 1140	 60	 1	 -1080	 
 39	 59	 1140	 68	 1	 -1072	 
 39	 59	 1140	 62	 1	 -1078	 
 39	 59	 1140	 60	 1	 -1080	 
 39	 59	 1140	 60	 1	 -1080	 
 39	 59	 1140	 67	 1	 -1073	 
 39	 59	 1140	 60	 1	 -1080	 
 39	 59	 1140	 62	 1	 -1078	 
 39	 59	 1140	 63	 1	 -1077	 
 39	 59	 1140	 69	 1	 -1071	 
 39	 59	 1140	 60	 1	 -1080	 
 39	 59	 1140	 65	 1	 -1075	 
 39	 59	 1140	 64	 1	 -1076	 
 39	 59	 1140	 65	 1	 -1075	 
 39	 59	 1140	 61	 1	 -1079	 
 39	 59	 1140	 63	 1	 -1077	 
 39	 59	 1140	 68	 1	 -1072	 
 39	 59	 1140	 63	 1	 -1077	 
 39	 59	 1140	 61	 1	 -1079	 
 39	 59	 1140	 67	 1	 -1073	 
 39	 59	 1140	 65	 1	 -1075	 
 39	 59	 1140	 67	 1	 -1073	 
 39	 59	 1140	 62	 1	 -1078	 
 39	 59	 1140	 64	 1	 -1076	 
 39	 59	 1140	 65	 1	 -1075	 
 39	 59	 1140	 61	 1	 -1079	 
 39	 59	 1140	 64	 1	 -1076	 
 39	 59	 1140	 70	 1	 -1070	 
 39	 59	 1140	 67	 1	 -1073	 
 39	 59	 1140	 70	 1	 -1070	 
 39	 59	 1140	 61	 1	 -1079	 
 39	 59	 1140	 61	 1	 -1079	 
 39	 59	 1140	 66	 1	 -1074	 
 39	 59	 1140	 63	 1	 -1077	 
 39	 59	 1140	 68	 1	 -1072	 
 39	 59	 1140	 69	 1	 -1071	 
 39	 59	 1140	 66	 1	 -1074	 
 39	 59	 1140	 65	 1	 -1075	 
 39	 59	 1140	 67	 1	 -1073	 
 39	 59	 1140	 65	 1	 -1075	 
 39	 59	 1140	 66	 1	 -1074	 
 39	 59	 1140	 69	 1	 -1071	 
 39	 59	 1140	 61	 1	 -1079	 
 39	 59	 1140	 64	 1	 -1076	 
 39	 59	 1140	 61	 1	 -1079	 
 39	 59	 1140	 69	 1	 -1071	 
 39	 59	 1140	 67	 1	 -1073	 
 39	 59	 1140	 66	 1	 -1074	 
 39	 59	 1140	 69	 1	 -1071	 
 39	 59	 1140	 64	 1	 -1076	 
 39	 59	 1140	 66	 1	 -1074	 
 39	 59	 1140	 63	 1	 -1077	 
 39	 59	 1140	 66	 1	 -1074	 
 39	 59	 1140	 64	 1	 -1076	 
 39	 59	 1140	 65	 1	 -1075	 
 39	 59	 1140	 66	 1	 -1074	 
 39	 59	 1140	 67	 1	 -1073	 
 39	 59	 1140	 68	 1	 -1072	 
 39	 59	 1140	 67	 1	 -1073	 
 39	 59	 1140	 68	 1	 -1072	 
 39	 59	 1140	 62	 1	 -1078	 
 39	 59	 1140	 61	 1	 -1079	 
 39	 59	 1140	 60	 1	 -1080	 
 39	 59	 1140	 60	 1	 -1080	 
 39	 59	 1140	 68	 1	 -1072	 
 39	 59	 1140	 60	 1	 -1080	 
 39	 59	 1140	 64	 1	 -1076	 
 39	 59	 1140	 61	 1	 -1079	 
 39	 59	 1140	 60	 1	 -1080	 
 39	 59	 1140	 69	 1	 -1071	 
 0	 0	 0	 0	 0	 0	 
 0	 0	 0	 0	 0	 0	 
 39	 59	 1140	 69	 1	 -1071	 
 39	 59	 1140	 68	 1	 -1072	 
 39	 59	 1140	 62	 1	 -1078	 
 39	 59	 1140	 69	 1	 -1071	 
 39	 59	 1140	 60	 1	 -1080	 
 39	 59	 1140	 69	 1	 -1071	 
 39	 59	 1140	 63	 1	 -1077	 
 39	 59	 1140	 66	 1	 -1074	 
 39	 59	 1140	 68	 1	 -1072	 
 39	 59	 1140	 69	 1	 -1071	 
 39	 59	 1140	 68	 1	 -1072	 
 39	 59	 1140	 67	 1	 -1073	 
 39	 59	 1140	 65	 1	 -1075	 
 39	 59	 1140	 66	 1	 -1074	 
 39	 59	 1140	 62	 1	 -1078	 
 39	 59	 1140	 64	 1	 -1076	 
 39	 59	 1140	 65	 1	 -1075	 
 39	 59	 1140	 63	 1	 -1077	 
 39	 59	 1140	 66	 1	 -1074	 
 39	 59	 1140	 63	 1	 -1077	 
 39	 59	 1140	 62	 1	 -1078	 
 39	 59	 1140	 65	 1	 -1075	 
 39	 59	 1140	 60	 1	 -1080	 
 39	 59	 1140	 64	 1	 -1076	 
 39	 59	 1140	 64	 1	 -1076	 
 39	 59	 1140	 68	 1	 -1072	 
 39	 59	 1140	 64	 1	 -1076	 
 39	 59	 1140	 60	 1	 -1080	 
 39	 59	 1140	 70	 1	 -1070	 
 39	 59	 1140	 61	 1	 -1079	 
 39	 59	 1140	 61	 1	 -1079	 
 39	 59	 1140	 63	 1	 -1077	 
 39	 59	 1140	 63	 1	 -1077	 
 39	 59	 1140	 70	 1	 -1070	 
 39	 59	 1140	 62	 1	 -1078	 
 39	 59	 1140	 64	 1	 -1076	 
 39	 59	 1140	 68	 1	 -1072	 
 39	 59	 1140	 66	 1	 -1074	 
 39	 59	 1140	 61	 1	 -1079	 
 39	 59	 1140	 68	 1	 -1072	 
 39	 59	 1140	 63	 1	 -1077	 
 39	 59	 1140	 66	 1	 -1074	 
 39	 59	 1140	 69	 1	 -1071	 
 39	 59	 1140	 60	 1	 -1080	 
 39	 59	 1140	 65	 1	 -1075	 
 39	 59	 1140	 64	 1	 -1076	 
 39	 59	 1140	 63	 1	 -1077	 
 39	 59	 1140	 66	 1	 -1074	 
 39	 59	 1140	 65	 1	 -1075	 
 39	 59	 1140	 68	 1	 -1072	 
 39	 59	 1140	 69	 1	 -1071	 
 39	 59	 1140	 66	 1	 -1074	 
 39	 59	 1140	 61	 1	 -1079	 
 39	 59	 1140	 70	 1	 -1070	 
 39	 59	 1140	 66	 1	 -1074	 
 39	 59	 1140	 66	 1	 -1074	 
 39	 59	 1140	 66	 1	 -1074	 
 39	 59	 1140	 61	 1	 -1079	 
 39	 59	 1140	 69	 1	 -1071	 
 39	 59	 1140	 69	 1	 -1071	 
 39	 59	 1140	 62	 1	 -1078	 
 39	 59	 1140	 69	 1	 -1071	 
 39	 59	 1140	 66	 1	 -1074	 
 39	 59	 1140	 69	 1	 -1071	 
 39	 59	 1140	 67	 1	 -1073	 
 39	 59	 1140	 61	 1	 -1079	 
 39	 59	 1140	 62	 1	 -1078	 
 39	 59	 1140	 69	 1	 -1071	 
 39	 59	 1140	 66	 1	 -1074	 
 39	 59	 1140	 60	 1	 -1080	 
 39	 59	 1140	 61	 1	 -1079	 
 39	 59	 1140	 61	 1	 -1079	 
 39	 59	 1140	 68	 1	 -1072	 
 39	 59	 1140	 69	 1	 -1071	 
 39	 59	 1140	 66	 1	 -1074	 
 39	 59	 1140	 60	 1	 -1080	 
 39	 59	 1140	 69	 1	 -1071	 
 39	 59	 1140	 70	 1	 -1070	 
 39	 59	 1140	 62	 1	 -1078	 
 39	 59	 1140	 66	 1	 -1074	 
 39	 59	 1140	 65	 1	 -1075	 
 39	 59	 1140	 62	 1	 -1078	 
 39	 59	 1140	 68	 1	 -1072	 
 39	 59	 1140	 63	 1	 -1077	 
 39	 59	 1140	 60	 1	 -1080	 
 39	 59	 1140	 63	 1	 -1077	 
 39	 59	 1140	 68	 1	 -1072	 
 39	 59	 1140	 67	 1	 -1073	 
 39	 59	 1140	 65	 1	 -1075	 
 39	 59	 1140	 61	 1	 -1079	 
 39	 59	 1140	 62	 1	 -1078	 
 39	 59	 1140	 70	 1	 -1070	 
 39	 59	 1140	 68	 1	 -1072	 
 39	 59	 1140	 62	 1	 -1078	 
 39	 59	 1140	 65	 1	 -1075	 
 39	 59	 1140	 66	 1	 -1074	 
 39	 59	 1140	 61	 1	 -1079	 
 39	 59	 1140	 68	 1	 -1072	 
 39	 59	 1140	 70	 1	 -1070	 
 0	 0	 0	 0	 0	 0	 
 0	 0	 0	 0	 0	 0	 
 39	 59	 1140	 62	 1	 -1078	 
 39	 59	 1140	 68	 1	 -1072	 
 39	 59	 1140	 65	 1	 -1075	 
 39	 59	 1140	 68	 1	 -1072	 
 39	 59	 1140	 65	 1	 -1075	 
 39	 59	 1140	 68	 1	 -1072	 
 39	 59	 1140	 63	 1	 -1077	 
 39	 59	 1140	 61	 1	 -1079	 
 39	 59	 1140	 64	 1	 -1076	 
 39	 59	 1140	 61	 1	 -1079	 
 39	 59	 1140	 67	 1	 -1073	 
 39	 59	 1140	 70	 1	 -1070	 
 39	 59	 1140	 60	 1	 -1080	 
 39	 59	 1140	 67	 1	 -1073	 
 39	 59	 1140	 62	 1	 -1078	 
 39	 59	 1140	 64	 1	 -1076	 
 39	 59	 1140	 65	 1	 -1075	 
 39	 59	 1140	 64	 1	 -1076	 
 39	 59	 1140	 60	 1	 -1080	 
 39	 59	 1140	 60	 1	 -1080	 
 39	 59	 1140	 67	 1	 -1073	 
 39	 59	 1140	 62	 1	 -1078	 
 39	 59	 1140	 64	 1	 -1076	 
 39	 59	 1140	 67	 1	 -1073	 
 39	 59	 1140	 62	 1	 -1078	 
 39	 59	 1140	 63	 1	 -1077	 
 39	 59	 1140	 67	 1	 -1073	 
 39	 59	 1140	 60	 1	 -1080	 
 39	 59	 1140	 66	 1	 -1074	 
 39	 59	 1140	 68	 1	 -1072	 
 39	 59	 1140	 66	 1	 -1074	 
 39	 59	 1140	 68	 1	 -1072	 
 39	 59	 1140	 68	 1	 -1072	 
 39	 59	 1140	 61	 1	 -1079	 
 39	 59	 1140	 64	 1	 -1076	 
 39	 59	 1140	 70	 1	 -1070	 
 39	 59	 1140	 68	 1	 -1072	 
 39	 59	 1140	 69	 1	 -1071	 
 39	 59	 1140	 60	 1	 -1080	 
 39	 59	 1140	 64	 1	 -1076	 
 39	 59	 1140	 68	 1	 -1072	 
 39	 59	 1140	 68	 1	 -1072	 
 39	 59	 1140	 61	 1	 -1079	 
 39	 59	 1140	 68	 1	 -1072	 
 39	 59	 1140	 70	 1	 -1070	 
 39	 59	 1140	 65	 1	 -1075	 
 39	 59	 1140	 70	 1	 -1070	 
 39	 59	 1140	 64	 1	 -1076	 
 39	 59	 1140	 69	 1	 -1071	 
 39	 59	 1140	 68	 1	 -1072	 
 39	 59	 1140	 63	 1	 -1077	 
 39	 59	 1140	 60	 1	 -1080	 
 39	 59	 1140	 64	 1	 -1076	 
 39	 59	 1140	 63	 1	 -1077	 
 39	 59	 1140	 60	 1	 -1080	 
 39	 59	 1140	 68	 1	 -1072	 
 39	 59	 1140	 70	 1	 -1070	 
 39	 59	 1140	 66	 1	 -1074	 
 39	 59	 1140	 61	 1	 -1079	 
 39	 59	 1140	 69	 1	 -1071	 
 39	 59	 1140	 63	 1	 -1077	 
 39	 59	 1140	 60	 1	 -1080	 
 39	 59	 1140	 60	 1	 -1080	 
 39	 59	 1140	 69	 1	 -1071	 
 39	 59	 1140	 67	 1	 -1073	 
 39	 59	 1140	 65	 1	 -1075	 
 39	 59	 1140	 62	 1	 -1078	 
 39	 59	 1140	 66	 1	 -1074	 
 39	 59	 1140	 61	 1	 -1079	 
 39	 59	 1140	 64	 1	 -1076	 
 39	 59	 1140	 60	 1	 -1080	 
 39	 59	 1140	 64	 1	 -1076	 
 39	 59	 1140	 68	 1	 -1072	 
 39	 59	 1140	 68	 1	 -1072	 
 39	 59	 1140	 65	 1	 -1075	 
 39	 59	 1140	 67	 1	 -1073	 
 39	 59	 1140	 69	 1	 -1071	 
 39	 59	 1140	 70	 1	 -1070	 
 39	 59	 1140	 61	 1	 -1079	 
 39	 59	 1140	 60	 1	 -1080	 
 39	 59	 1140	 63	 1	 -1077	 
 39	 59	 1140	 66	 1	 -1074	 
 39	 59	 1140	 64	 1	 -1076	 
 39	 59	 1140	 66	 1	 -1074	 
 39	 59	 1140	 63	 1	 -1077	 
 39	 59	 1140	 64	 1	 -1076	 
 39	 59	 1140	 65	 1	 -1075	 
 39	 59	 1140	 66	 1	 -1074	 
 39	 59	 1140	 65	 1	 -1075	 
 39	 59	 1140	 64	 1	 -1076	 
 39	 59	 1140	 65	 1	 -1075	 
 39	 59	 1140	 67	 1	 -1073	 
 39	 59	 1140	 69	 1	 -1071	 
 39	 59	 1140	 62	 1	 -1078	 
 39	 59	 1140	 63	 1	 -1077	 
 39	 59	 1140	 65	 1	 -1075	 
 39	 59	 1140	 66	 1	 -1074	 
 39	 59	 1140	 68	 1	 -1072	 
 39	 59	 1140	 60	 1	 -1080	 
 0	 0	 0	 0	 0	 0	 
 0	 0	 0	 0	 0	 0	 
 39	 59	 1140	 70	 1	 -1070	 
 39	 59	 1140	 61	 1	 -1079	 
 39	 59	 1140	 69	 1	 -1071	 
 39	 59	 1140	 67	 1	 -1073	 
 39	 59	 1140	 61	 1	 -1079	 
 39	 59	 1140	 70	 1	 -1070	 
 39	 59	 1140	 69	 1	 -1071	 
 39	 59	 1140	 63	 1	 -1077	 
 39	 59	 1140	 60	 1	 -1080	 
 39	 59	 1140	 68	 1	 -1072	 
 39	 59	 1140	 65	 1	 -1075	 
 39	 59	 1140	 70	 1	 -1070	 
 39	 59	 1140	 69	 1	 -1071	 
 39	 59	 1140	 68	 1	 -1072	 
 39	 59	 1140	 61	 1	 -1079	 
 39	 59	 1140	 61	 1	 -1079	 
 39	 59	 1140	 65	 1	 -1075	 
 39	 59	 1140	 62	 1	 -1078	 
 39	 59	 1140	 70	 1	 -1070	 
 39	 59	 1140	 62	 1	 -1078	 
 39	 59	 1140	 67	 1	 -1073	 
 39	 59	 1140	 61	 1	 -1079	 
 39	 59	 1140	 61	 1	 -1079	 
 39	 59	 1140	 63	 1	 -1077	 
 39	 59	 1140	 61	 1	 -1079	 
 39	 59	 1140	 62	 1	 -1078	 
 39	 59	 1140	 64	 1	 -1076	 
 39	 59	 1140	 65	 1	 -1075	 
 39	 59	 1140	 66	 1	 -1074	 
 39	 59	 1140	 69	 1	 -1071	 
 39	 59	 1140	 65	 1	 -1075	 
 39	 59	 1140	 60	 1	 -1080	 
 39	 59	 1140	 61	 1	 -1079	 
 39	 59	 1140	 65	 1	 -1075	 
 39	 59	 1140	 60	 1	 -1080	 
 39	 59	 1140	 63	 1	 -1077	 
 39	 59	 1140	 60	 1	 -1080	 
 39	 59	 1140	 65	 1	 -1075	 
 39	 59	 1140	 61	 1	 -1079	 
 39	 59	 1140	 60	 1	 -1080	 
 39	 59	 1140	 67	 1	 -1073	 
 39	 59	 1140	 65	 1	 -1075	 
 39	 59	 1140	 69	 1	 -1071	 
 39	 59	 1140	 63	 1	 -1077	 
 39	 59	 1140	 60	 1	 -1080	 
 39	 59	 1140	 69	 1	 -1071	 
 39	 59	 1140	 64	 1	 -1076	 
 39	 59	 1140	 61	 1	 -1079	 
 39	 59	 1140	 66	 1	 -1074	 
 39	 59	 1140	 62	 1	 -1078	 
 39	 59	 1140	 64	 1	 -1076	 
 39	 59	 1140	 67	 1	 -1073	 
 39	 59	 1140	 65	 1	 -1075	 
 39	 59	 1140	 64	 1	 -1076	 
 39	 59	 1140	 64	 1	 -1076	 
 39	 59	 1140	 60	 1	 -1080	 
 39	 59	 1140	 60	 1	 -1080	 
 39	 59	 1140	 65	 1	 -1075	 
 39	 59	 1140	 61	 1	 -1079	 
 39	 59	 1140	 67	 1	 -1073	 
 39	 59	 1140	 67	 1	 -1073	 
 39	 59	 1140	 63	 1	 -1077	 
 39	 59	 1140	 69	 1	 -1071	 
 39	 59	 1140	 68	 1	 -1072	 
 39	 59	 1140	 65	 1	 -1075	 
 39	 59	 1140	 66	 1	 -1074	 
 39	 59	 1140	 68	 1	 -1072	 
 39	 59	 1140	 69	 1	 -1071	 
 39	 59	 1140	 69	 1	 -1071	 
 39	 59	 1140	 68	 1	 -1072	 
 39	 59	 1140	 69	 1	 -1071	 
 39	 59	 1140	 69	 1	 -1071	 
 39	 59	 1140	 65	 1	 -1075	 
 39	 59	 1140	 67	 1	 -1073	 
 39	 59	 1140	 63	 1	 -1077	 
 39	 59	 1140	 66	 1	 -1074	 
 39	 59	 1140	 62	 1	 -1078	 
 39	 59	 1140	 64	 1	 -1076	 
 39	 59	 1140	 64	 1	 -1076	 
 39	 59	 1140	 68	 1	 -1072	 
 39	 59	 1140	 60	 1	 -1080	 
 39	 59	 1140	 62	 1	 -1078	 
 39	 59	 1140	 62	 1	 -1078	 
 39	 59	 1140	 65	 1	 -1075	 
 39	 59	 1140	 66	 1	 -1074	 
 39	 59	 1140	 69	 1	 -1071	 
 39	 59	 1140	 63	 1	 -1077	 
 39	 59	 1140	 70	 1	 -1070	 
 39	 59	 1140	 67	 1	 -1073	 
 39	 59	 1140	 60	 1	 -1080	 
 39	 59	 1140	 66	 1	 -1074	 
 39	 59	 1140	 70	 1	 -1070	 
 39	 59	 1140	 60	 1	 -1080	 
 39	 59	 1140	 69	 1	 -1071	 
 39	 59	 1140	 65	 1	 -1075	 
 39	 59	 1140	 66	 1	 -1074	 
 39	 59	 1140	 65	 1	 -1075	 
 39	 59	 1140	 62	 1	 -1078	 
 39	 59	 1140	 65	 1	 -1075	 
 0	 0	 0	 0	 0	 0	 
 0	 0	 0	 0	 0	 0	 
 15	 50	 1140	 65	 1	 -1075	 
 15	 50	 1140	 67	 1	 -1073	 
 15	 50	 1140	 62	 1	 -1078	 
 15	 50	 1140	 66	 1	 -1074	 
 15	 50	 1140	 58	 1	 -1082	 
 15	 50	 1140	 60	 1	 -1080	 
 15	 50	 1140	 68	 1	 -1072	 
 15	 50	 1140	 53	 1	 -1087	 
 15	 50	 1140	 54	 1	 -1086	 
 15	 50	 1140	 58	 1	 -1082	 
 15	 50	 1140	 68	 1	 -1072	 
 15	 50	 1140	 51	 1	 -1089	 
 15	 50	 1140	 67	 1	 -1073	 
 15	 50	 1140	 58	 1	 -1082	 
 15	 50	 1140	 52	 1	 -1088	 
 15	 50	 1140	 51	 1	 -1089	 
 15	 50	 1140	 65	 1	 -1075	 
 15	 50	 1140	 65	 1	 -1075	 
 15	 50	 1140	 54	 1	 -1086	 
 15	 50	 1140	 54	 1	 -1086	 
 15	 50	 1140	 63	 1	 -1077	 
 15	 50	 1140	 65	 1	 -1075	 
 15	 50	 1140	 63	 1	 -1077	 
 15	 50	 1140	 65	 1	 -1075	 
 15	 50	 1140	 52	 1	 -1088	 
 15	 50	 1140	 63	 1	 -1077	 
 15	 50	 1140	 66	 1	 -1074	 
 15	 50	 1140	 55	 1	 -1085	 
 15	 50	 1140	 62	 1	 -1078	 
 15	 50	 1140	 63	 1	 -1077	 
 15	 50	 1140	 58	 1	 -1082	 
 15	 50	 1140	 67	 1	 -1073	 
 15	 50	 1140	 68	 1	 -1072	 
 15	 50	 1140	 59	 1	 -1081	 
 15	 50	 1140	 63	 1	 -1077	 
 15	 50	 1140	 61	 1	 -1079	 
 15	 50	 1140	 61	 1	 -1079	 
 15	 50	 1140	 60	 1	 -1080	 
 15	 50	 1140	 52	 1	 -1088	 
 15	 50	 1140	 63	 1	 -1077	 
 15	 50	 1140	 63	 1	 -1077	 
 15	 50	 1140	 67	 1	 -1073	 
 15	 50	 1140	 58	 1	 -1082	 
 15	 50	 1140	 60	 1	 -1080	 
 15	 50	 1140	 67	 1	 -1073	 
 15	 50	 1140	 65	 1	 -1075	 
 15	 50	 1140	 64	 1	 -1076	 
 15	 50	 1140	 51	 1	 -1089	 
 15	 50	 1140	 65	 1	 -1075	 
 15	 50	 1140	 68	 1	 -1072	 
 15	 50	 1140	 51	 1	 -1089	 
 15	 50	 1140	 53	 1	 -1087	 
 15	 50	 1140	 63	 1	 -1077	 
 15	 50	 1140	 66	 1	 -1074	 
 15	 50	 1140	 56	 1	 -1084	 
 15	 50	 1140	 65	 1	 -1075	 
 15	 50	 1140	 67	 1	 -1073	 
 15	 50	 1140	 61	 1	 -1079	 
 15	 50	 1140	 58	 1	 -1082	 
 15	 50	 1140	 55	 1	 -1085	 
 15	 50	 1140	 64	 1	 -1076	 
 15	 50	 1140	 65	 1	 -1075	 
 15	 50	 1140	 60	 1	 -1080	 
 15	 50	 1140	 55	 1	 -1085	 
 15	 50	 1140	 68	 1	 -1072	 
 15	 50	 1140	 58	 1	 -1082	 
 15	 50	 1140	 57	 1	 -1083	 
 15	 50	 1140	 61	 1	 -1079	 
 15	 50	 1140	 53	 1	 -1087	 
 15	 50	 1140	 55	 1	 -1085	 
 15	 50	 1140	 60	 1	 -1080	 
 15	 50	 1140	 63	 1	 -1077	 
 15	 50	 1140	 66	 1	 -1074	 
 15	 50	 1140	 52	 1	 -1088	 
 15	 50	 1140	 53	 1	 -1087	 
 15	 50	 1140	 54	 1	 -1086	 
 15	 50	 1140	 52	 1	 -1088	 
 15	 50	 1140	 62	 1	 -1078	 
 15	 50	 1140	 68	 1	 -1072	 
 15	 50	 1140	 54	 1	 -1086	 
 15	 50	 1140	 57	 1	 -1083	 
 15	 50	 1140	 67	 1	 -1073	 
 15	 50	 1140	 63	 1	 -1077	 
 15	 50	 1140	 63	 1	 -1077	 
 15	 50	 1140	 52	 1	 -1088	 
 15	 50	 1140	 66	 1	 -1074	 
 15	 50	 1140	 60	 1	 -1080	 
 15	 50	 1140	 52	 1	 -1088	 
 15	 50	 1140	 67	 1	 -1073	 
 15	 50	 1140	 65	 1	 -1075	 
 15	 50	 1140	 61	 1	 -1079	 
 15	 50	 1140	 67	 1	 -1073	 
 15	 50	 1140	 55	 1	 -1085	 
 15	 50	 1140	 57	 1	 -1083	 
 15	 50	 1140	 56	 1	 -1084	 
 15	 50	 1140	 68	 1	 -1072	 
 15	 50	 1140	 54	 1	 -1086	 
 15	 50	 1140	 56	 1	 -1084	 
 15	 50	 1140	 57	 1	 -1083	 
 0	 0	 0	 0	 0	 0	 
 0	 0	 0	 0	 0	 0	 
 39	 59	 1140	 61	 1	 -1079	 
 39	 59	 1140	 70	 1	 -1070	 
 39	 59	 1140	 65	 1	 -1075	 
 39	 59	 1140	 65	 1	 -1075	 
 39	 59	 1140	 70	 1	 -1070	 
 39	 59	 1140	 68	 1	 -1072	 
 39	 59	 1140	 70	 1	 -1070	 
 39	 59	 1140	 66	 1	 -1074	 
 39	 59	 1140	 69	 1	 -1071	 
 39	 59	 1140	 61	 1	 -1079	 
 39	 59	 1140	 62	 1	 -1078	 
 39	 59	 1140	 67	 1	 -1073	 
 39	 59	 1140	 61	 1	 -1079	 
 39	 59	 1140	 62	 1	 -1078	 
 39	 59	 1140	 62	 1	 -1078	 
 39	 59	 1140	 60	 1	 -1080	 
 39	 59	 1140	 62	 1	 -1078	 
 39	 59	 1140	 68	 1	 -1072	 
 39	 59	 1140	 65	 1	 -1075	 
 39	 59	 1140	 68	 1	 -1072	 
 39	 59	 1140	 64	 1	 -1076	 
 39	 59	 1140	 67	 1	 -1073	 
 39	 59	 1140	 69	 1	 -1071	 
 39	 59	 1140	 68	 1	 -1072	 
 39	 59	 1140	 69	 1	 -1071	 
 39	 59	 1140	 68	 1	 -1072	 
 39	 59	 1140	 62	 1	 -1078	 
 39	 59	 1140	 65	 1	 -1075	 
 39	 59	 1140	 68	 1	 -1072	 
 39	 59	 1140	 60	 1	 -1080	 
 39	 59	 1140	 65	 1	 -1075	 
 39	 59	 1140	 60	 1	 -1080	 
 39	 59	 1140	 63	 1	 -1077	 
 39	 59	 1140	 70	 1	 -1070	 
 39	 59	 1140	 66	 1	 -1074	 
 39	 59	 1140	 66	 1	 -1074	 
 39	 59	 1140	 67	 1	 -1073	 
 39	 59	 1140	 64	 1	 -1076	 
 39	 59	 1140	 69	 1	 -1071	 
 39	 59	 1140	 62	 1	 -1078	 
 39	 59	 1140	 60	 1	 -1080	 
 39	 59	 1140	 67	 1	 -1073	 
 39	 59	 1140	 60	 1	 -1080	 
 39	 59	 1140	 61	 1	 -1079	 
 39	 59	 1140	 63	 1	 -1077	 
 39	 59	 1140	 62	 1	 -1078	 
 39	 59	 1140	 68	 1	 -1072	 
 39	 59	 1140	 61	 1	 -1079	 
 39	 59	 1140	 63	 1	 -1077	 
 39	 59	 1140	 63	 1	 -1077	 
 39	 59	 1140	 68	 1	 -1072	 
 39	 59	 1140	 66	 1	 -1074	 
 39	 59	 1140	 68	 1	 -1072	 
 39	 59	 1140	 64	 1	 -1076	 
 39	 59	 1140	 60	 1	 -1080	 
 39	 59	 1140	 68	 1	 -1072	 
 39	 59	 1140	 64	 1	 -1076	 
 39	 59	 1140	 60	 1	 -1080	 
 39	 59	 1140	 63	 1	 -1077	 
 39	 59	 1140	 63	 1	 -1077	 
 39	 59	 1140	 64	 1	 -1076	 
 39	 59	 1140	 68	 1	 -1072	 
 39	 59	 1140	 65	 1	 -1075	 
 39	 59	 1140	 60	 1	 -1080	 
 39	 59	 1140	 66	 1	 -1074	 
 39	 59	 1140	 60	 1	 -1080	 
 39	 59	 1140	 60	 1	 -1080	 
 39	 59	 1140	 69	 1	 -1071	 
 39	 59	 1140	 61	 1	 -1079	 
 39	 59	 1140	 67	 1	 -1073	 
 39	 59	 1140	 61	 1	 -1079	 
 39	 59	 1140	 62	 1	 -1078	 
 39	 59	 1140	 63	 1	 -1077	 
 39	 59	 1140	 64	 1	 -1076	 
 39	 59	 1140	 61	 1	 -1079	 
 39	 59	 1140	 62	 1	 -1078	 
 39	 59	 1140	 69	 1	 -1071	 
 39	 59	 1140	 62	 1	 -1078	 
 39	 59	 1140	 70	 1	 -1070	 
 39	 59	 1140	 64	 1	 -1076	 
 39	 59	 1140	 69	 1	 -1071	 
 39	 59	 1140	 70	 1	 -1070	 
 39	 59	 1140	 69	 1	 -1071	 
 39	 59	 1140	 67	 1	 -1073	 
 39	 59	 1140	 60	 1	 -1080	 
 39	 59	 1140	 62	 1	 -1078	 
 39	 59	 1140	 69	 1	 -1071	 
 39	 59	 1140	 63	 1	 -1077	 
 39	 59	 1140	 63	 1	 -1077	 
 39	 59	 1140	 62	 1	 -1078	 
 39	 59	 1140	 62	 1	 -1078	 
 39	 59	 1140	 64	 1	 -1076	 
 39	 59	 1140	 60	 1	 -1080	 
 39	 59	 1140	 65	 1	 -1075	 
 39	 59	 1140	 65	 1	 -1075	 
 39	 59	 1140	 66	 1	 -1074	 
 39	 59	 1140	 70	 1	 -1070	 
 39	 59	 1140	 66	 1	 -1074	 
 39	 59	 1140	 65	 1	 -1075	 
 0	 0	 0	 0	 0	 0	 
 0	 0	 0	 0	 0	 0	 
 7	 20	 1140	 23	 1	 -1117	 
 7	 20	 1140	 27	 1	 -1113	 
 7	 20	 1140	 27	 1	 -1113	 
 7	 20	 1140	 25	 1	 -1115	 
 7	 20	 1140	 23	 1	 -1117	 
 7	 20	 1140	 26	 1	 -1114	 
 7	 20	 1140	 23	 1	 -1117	 
 7	 20	 1140	 26	 1	 -1114	 
 7	 20	 1140	 24	 1	 -1116	 
 7	 20	 1140	 21	 1	 -1119	 
 7	 20	 1140	 26	 1	 -1114	 
 7	 20	 1140	 23	 1	 -1117	 
 7	 20	 1140	 21	 1	 -1119	 
 7	 20	 1140	 26	 1	 -1114	 
 7	 20	 1140	 26	 1	 -1114	 
 7	 20	 1140	 25	 1	 -1115	 
 7	 20	 1140	 25	 1	 -1115	 
 7	 20	 1140	 26	 1	 -1114	 
 7	 20	 1140	 22	 1	 -1118	 
 7	 20	 1140	 27	 1	 -1113	 
 7	 20	 1140	 21	 1	 -1119	 
 7	 20	 1140	 25	 1	 -1115	 
 7	 20	 1140	 24	 1	 -1116	 
 7	 20	 1140	 21	 1	 -1119	 
 7	 20	 1140	 23	 1	 -1117	 
 7	 20	 1140	 23	 1	 -1117	 
 7	 20	 1140	 24	 1	 -1116	 
 7	 20	 1140	 25	 1	 -1115	 
 7	 20	 1140	 21	 1	 -1119	 
 7	 20	 1140	 25	 1	 -1115	 
 7	 20	 1140	 27	 1	 -1113	 
 7	 20	 1140	 24	 1	 -1116	 
 7	 20	 1140	 24	 1	 -1116	 
 7	 20	 1140	 27	 1	 -1113	 
 7	 20	 1140	 24	 1	 -1116	 
 7	 20	 1140	 23	 1	 -1117	 
 7	 20	 1140	 26	 1	 -1114	 
 7	 20	 1140	 27	 1	 -1113	 
 7	 20	 1140	 21	 1	 -1119	 
 7	 20	 1140	 22	 1	 -1118	 
 7	 20	 1140	 23	 1	 -1117	 
 7	 20	 1140	 27	 1	 -1113	 
 7	 20	 1140	 21	 1	 -1119	 
 7	 20	 1140	 27	 1	 -1113	 
 7	 20	 1140	 27	 1	 -1113	 
 7	 20	 1140	 21	 1	 -1119	 
 7	 20	 1140	 22	 1	 -1118	 
 7	 20	 1140	 21	 1	 -1119	 
 7	 20	 1140	 21	 1	 -1119	 
 7	 20	 1140	 26	 1	 -1114	 
 7	 20	 1140	 23	 1	 -1117	 
 7	 20	 1140	 26	 1	 -1114	 
 7	 20	 1140	 25	 1	 -1115	 
 7	 20	 1140	 26	 1	 -1114	 
 7	 20	 1140	 22	 1	 -1118	 
 7	 20	 1140	 25	 1	 -1115	 
 7	 20	 1140	 21	 1	 -1119	 
 7	 20	 1140	 22	 1	 -1118	 
 7	 20	 1140	 24	 1	 -1116	 
 7	 20	 1140	 27	 1	 -1113	 
 7	 20	 1140	 21	 1	 -1119	 
 7	 20	 1140	 21	 1	 -1119	 
 7	 20	 1140	 23	 1	 -1117	 
 7	 20	 1140	 27	 1	 -1113	 
 7	 20	 1140	 24	 1	 -1116	 
 7	 20	 1140	 24	 1	 -1116	 
 7	 20	 1140	 26	 1	 -1114	 
 7	 20	 1140	 27	 1	 -1113	 
 7	 20	 1140	 24	 1	 -1116	 
 7	 20	 1140	 24	 1	 -1116	 
 7	 20	 1140	 21	 1	 -1119	 
 7	 20	 1140	 24	 1	 -1116	 
 7	 20	 1140	 27	 1	 -1113	 
 7	 20	 1140	 22	 1	 -1118	 
 7	 20	 1140	 26	 1	 -1114	 
 7	 20	 1140	 24	 1	 -1116	 
 7	 20	 1140	 22	 1	 -1118	 
 7	 20	 1140	 25	 1	 -1115	 
 7	 20	 1140	 24	 1	 -1116	 
 7	 20	 1140	 22	 1	 -1118	 
 7	 20	 1140	 22	 1	 -1118	 
 7	 20	 1140	 27	 1	 -1113	 
 7	 20	 1140	 22	 1	 -1118	 
 7	 20	 1140	 24	 1	 -1116	 
 7	 20	 1140	 27	 1	 -1113	 
 7	 20	 1140	 24	 1	 -1116	 
 7	 20	 1140	 22	 1	 -1118	 
 7	 20	 1140	 26	 1	 -1114	 
 7	 20	 1140	 25	 1	 -1115	 
 7	 20	 1140	 21	 1	 -1119	 
 7	 20	 1140	 24	 1	 -1116	 
 7	 20	 1140	 24	 1	 -1116	 
 7	 20	 1140	 24	 1	 -1116	 
 7	 20	 1140	 24	 1	 -1116	 
 7	 20	 1140	 21	 1	 -1119	 
 7	 20	 1140	 27	 1	 -1113	 
 7	 20	 1140	 27	 1	 -1113	 
 7	 20	 1140	 27	 1	 -1113	 
 7	 20	 1140	 27	 1	 -1113	 
 0	 0	 0	 0	 0	 0	 
 0	 0	 0	 0	 0	 0	 
 39	 59	 1140	 66	 1	 -1074	 
 39	 59	 1140	 64	 1	 -1076	 
 39	 59	 1140	 60	 1	 -1080	 
 39	 59	 1140	 66	 1	 -1074	 
 39	 59	 1140	 63	 1	 -1077	 
 39	 59	 1140	 64	 1	 -1076	 
 39	 59	 1140	 68	 1	 -1072	 
 39	 59	 1140	 62	 1	 -1078	 
 39	 59	 1140	 68	 1	 -1072	 
 39	 59	 1140	 60	 1	 -1080	 
 39	 59	 1140	 63	 1	 -1077	 
 39	 59	 1140	 62	 1	 -1078	 
 39	 59	 1140	 60	 1	 -1080	 
 39	 59	 1140	 63	 1	 -1077	 
 39	 59	 1140	 60	 1	 -1080	 
 39	 59	 1140	 70	 1	 -1070	 
 39	 59	 1140	 69	 1	 -1071	 
 39	 59	 1140	 68	 1	 -1072	 
 39	 59	 1140	 63	 1	 -1077	 
 39	 59	 1140	 63	 1	 -1077	 
 39	 59	 1140	 68	 1	 -1072	 
 39	 59	 1140	 66	 1	 -1074	 
 39	 59	 1140	 65	 1	 -1075	 
 39	 59	 1140	 67	 1	 -1073	 
 39	 59	 1140	 70	 1	 -1070	 
 39	 59	 1140	 65	 1	 -1075	 
 39	 59	 1140	 65	 1	 -1075	 
 39	 59	 1140	 61	 1	 -1079	 
 39	 59	 1140	 69	 1	 -1071	 
 39	 59	 1140	 63	 1	 -1077	 
 39	 59	 1140	 68	 1	 -1072	 
 39	 59	 1140	 68	 1	 -1072	 
 39	 59	 1140	 65	 1	 -1075	 
 39	 59	 1140	 61	 1	 -1079	 
 39	 59	 1140	 67	 1	 -1073	 
 39	 59	 1140	 65	 1	 -1075	 
 39	 59	 1140	 67	 1	 -1073	 
 39	 59	 1140	 68	 1	 -1072	 
 39	 59	 1140	 70	 1	 -1070	 
 39	 59	 1140	 63	 1	 -1077	 
 39	 59	 1140	 60	 1	 -1080	 
 39	 59	 1140	 70	 1	 -1070	 
 39	 59	 1140	 69	 1	 -1071	 
 39	 59	 1140	 63	 1	 -1077	 
 39	 59	 1140	 66	 1	 -1074	 
 39	 59	 1140	 60	 1	 -1080	 
 39	 59	 1140	 65	 1	 -1075	 
 39	 59	 1140	 69	 1	 -1071	 
 39	 59	 1140	 70	 1	 -1070	 
 39	 59	 1140	 70	 1	 -1070	 
 39	 59	 1140	 69	 1	 -1071	 
 39	 59	 1140	 65	 1	 -1075	 
 39	 59	 1140	 67	 1	 -1073	 
 39	 59	 1140	 69	 1	 -1071	 
 39	 59	 1140	 64	 1	 -1076	 
 39	 59	 1140	 67	 1	 -1073	 
 39	 59	 1140	 67	 1	 -1073	 
 39	 59	 1140	 62	 1	 -1078	 
 39	 59	 1140	 61	 1	 -1079	 
 39	 59	 1140	 69	 1	 -1071	 
 39	 59	 1140	 63	 1	 -1077	 
 39	 59	 1140	 62	 1	 -1078	 
 39	 59	 1140	 62	 1	 -1078	 
 39	 59	 1140	 67	 1	 -1073	 
 39	 59	 1140	 66	 1	 -1074	 
 39	 59	 1140	 65	 1	 -1075	 
 39	 59	 1140	 63	 1	 -1077	 
 39	 59	 1140	 60	 1	 -1080	 
 39	 59	 1140	 68	 1	 -1072	 
 39	 59	 1140	 61	 1	 -1079	 
 39	 59	 1140	 69	 1	 -1071	 
 39	 59	 1140	 65	 1	 -1075	 
 39	 59	 1140	 64	 1	 -1076	 
 39	 59	 1140	 60	 1	 -1080	 
 39	 59	 1140	 62	 1	 -1078	 
 39	 59	 1140	 69	 1	 -1071	 
 39	 59	 1140	 64	 1	 -1076	 
 39	 59	 1140	 68	 1	 -1072	 
 39	 59	 1140	 60	 1	 -1080	 
 39	 59	 1140	 70	 1	 -1070	 
 39	 59	 1140	 64	 1	 -1076	 
 39	 59	 1140	 64	 1	 -1076	 
 39	 59	 1140	 64	 1	 -1076	 
 39	 59	 1140	 67	 1	 -1073	 
 39	 59	 1140	 67	 1	 -1073	 
 39	 59	 1140	 67	 1	 -1073	 
 39	 59	 1140	 69	 1	 -1071	 
 39	 59	 1140	 65	 1	 -1075	 
 39	 59	 1140	 63	 1	 -1077	 
 39	 59	 1140	 65	 1	 -1075	 
 39	 59	 1140	 64	 1	 -1076	 
 39	 59	 1140	 64	 1	 -1076	 
 39	 59	 1140	 61	 1	 -1079	 
 39	 59	 1140	 64	 1	 -1076	 
 39	 59	 1140	 60	 1	 -1080	 
 39	 59	 1140	 69	 1	 -1071	 
 39	 59	 1140	 66	 1	 -1074	 
 39	 59	 1140	 62	 1	 -1078	 
 39	 59	 1140	 62	 1	 -1078	 
 0	 0	 0	 0	 0	 0	 
 0	 0	 0	 0	 0	 0	 
 7	 20	 1140	 25	 1	 -1115	 
 7	 20	 1140	 26	 1	 -1114	 
 7	 20	 1140	 22	 1	 -1118	 
 7	 20	 1140	 27	 1	 -1113	 
 7	 20	 1140	 22	 1	 -1118	 
 7	 20	 1140	 24	 1	 -1116	 
 7	 20	 1140	 22	 1	 -1118	 
 7	 20	 1140	 27	 1	 -1113	 
 7	 20	 1140	 25	 1	 -1115	 
 7	 20	 1140	 25	 1	 -1115	 
 7	 20	 1140	 26	 1	 -1114	 
 7	 20	 1140	 24	 1	 -1116	 
 7	 20	 1140	 26	 1	 -1114	 
 7	 20	 1140	 26	 1	 -1114	 
 7	 20	 1140	 26	 1	 -1114	 
 7	 20	 1140	 25	 1	 -1115	 
 7	 20	 1140	 24	 1	 -1116	 
 7	 20	 1140	 23	 1	 -1117	 
 7	 20	 1140	 26	 1	 -1114	 
 7	 20	 1140	 21	 1	 -1119	 
 7	 20	 1140	 22	 1	 -1118	 
 7	 20	 1140	 23	 1	 -1117	 
 7	 20	 1140	 26	 1	 -1114	 
 7	 20	 1140	 23	 1	 -1117	 
 7	 20	 1140	 26	 1	 -1114	 
 7	 20	 1140	 27	 1	 -1113	 
 7	 20	 1140	 25	 1	 -1115	 
 7	 20	 1140	 27	 1	 -1113	 
 7	 20	 1140	 23	 1	 -1117	 
 7	 20	 1140	 23	 1	 -1117	 
 7	 20	 1140	 22	 1	 -1118	 
 7	 20	 1140	 21	 1	 -1119	 
 7	 20	 1140	 22	 1	 -1118	 
 7	 20	 1140	 23	 1	 -1117	 
 7	 20	 1140	 27	 1	 -1113	 
 7	 20	 1140	 27	 1	 -1113	 
 7	 20	 1140	 22	 1	 -1118	 
 7	 20	 1140	 24	 1	 -1116	 
 7	 20	 1140	 23	 1	 -1117	 
 7	 20	 1140	 22	 1	 -1118	 
 7	 20	 1140	 26	 1	 -1114	 
 7	 20	 1140	 27	 1	 -1113	 
 7	 20	 1140	 23	 1	 -1117	 
 7	 20	 1140	 22	 1	 -1118	 
 7	 20	 1140	 26	 1	 -1114	 
 7	 20	 1140	 25	 1	 -1115	 
 7	 20	 1140	 22	 1	 -1118	 
 7	 20	 1140	 27	 1	 -1113	 
 7	 20	 1140	 22	 1	 -1118	 
 7	 20	 1140	 22	 1	 -1118	 
 7	 20	 1140	 27	 1	 -1113	 
 7	 20	 1140	 22	 1	 -1118	 
 7	 20	 1140	 27	 1	 -1113	 
 7	 20	 1140	 22	 1	 -1118	 
 7	 20	 1140	 23	 1	 -1117	 
 7	 20	 1140	 23	 1	 -1117	 
 7	 20	 1140	 26	 1	 -1114	 
 7	 20	 1140	 22	 1	 -1118	 
 7	 20	 1140	 26	 1	 -1114	 
 7	 20	 1140	 21	 1	 -1119	 
 7	 20	 1140	 24	 1	 -1116	 
 7	 20	 1140	 27	 1	 -1113	 
 7	 20	 1140	 22	 1	 -1118	 
 7	 20	 1140	 23	 1	 -1117	 
 7	 20	 1140	 25	 1	 -1115	 
 7	 20	 1140	 24	 1	 -1116	 
 7	 20	 1140	 24	 1	 -1116	 
 7	 20	 1140	 27	 1	 -1113	 
 7	 20	 1140	 26	 1	 -1114	 
 7	 20	 1140	 25	 1	 -1115	 
 7	 20	 1140	 25	 1	 -1115	 
 7	 20	 1140	 24	 1	 -1116	 
 7	 20	 1140	 27	 1	 -1113	 
 7	 20	 1140	 27	 1	 -1113	 
 7	 20	 1140	 24	 1	 -1116	 
 7	 20	 1140	 23	 1	 -1117	 
 7	 20	 1140	 23	 1	 -1117	 
 7	 20	 1140	 24	 1	 -1116	 
 7	 20	 1140	 25	 1	 -1115	 
 7	 20	 1140	 22	 1	 -1118	 
 7	 20	 1140	 21	 1	 -1119	 
 7	 20	 1140	 23	 1	 -1117	 
 7	 20	 1140	 25	 1	 -1115	 
 7	 20	 1140	 25	 1	 -1115	 
 7	 20	 1140	 26	 1	 -1114	 
 7	 20	 1140	 25	 1	 -1115	 
 7	 20	 1140	 23	 1	 -1117	 
 7	 20	 1140	 27	 1	 -1113	 
 7	 20	 1140	 24	 1	 -1116	 
 7	 20	 1140	 27	 1	 -1113	 
 7	 20	 1140	 26	 1	 -1114	 
 7	 20	 1140	 27	 1	 -1113	 
 7	 20	 1140	 23	 1	 -1117	 
 7	 20	 1140	 23	 1	 -1117	 
 7	 20	 1140	 22	 1	 -1118	 
 7	 20	 1140	 22	 1	 -1118	 
 7	 20	 1140	 24	 1	 -1116	 
 7	 20	 1140	 27	 1	 -1113	 
 7	 20	 1140	 27	 1	 -1113	 
 0	 0	 0	 0	 0	 0	 
 0	 0	 0	 0	 0	 0	 
 39	 59	 1140	 65	 1	 -1075	 
 39	 59	 1140	 61	 1	 -1079	 
 39	 59	 1140	 62	 1	 -1078	 
 39	 59	 1140	 69	 1	 -1071	 
 39	 59	 1140	 66	 1	 -1074	 
 39	 59	 1140	 64	 1	 -1076	 
 39	 59	 1140	 63	 1	 -1077	 
 39	 59	 1140	 69	 1	 -1071	 
 39	 59	 1140	 69	 1	 -1071	 
 39	 59	 1140	 68	 1	 -1072	 
 39	 59	 1140	 60	 1	 -1080	 
 39	 59	 1140	 68	 1	 -1072	 
 39	 59	 1140	 63	 1	 -1077	 
 39	 59	 1140	 62	 1	 -1078	 
 39	 59	 1140	 65	 1	 -1075	 
 39	 59	 1140	 62	 1	 -1078	 
 39	 59	 1140	 62	 1	 -1078	 
 39	 59	 1140	 65	 1	 -1075	 
 39	 59	 1140	 69	 1	 -1071	 
 39	 59	 1140	 65	 1	 -1075	 
 39	 59	 1140	 63	 1	 -1077	 
 39	 59	 1140	 67	 1	 -1073	 
 39	 59	 1140	 69	 1	 -1071	 
 39	 59	 1140	 64	 1	 -1076	 
 39	 59	 1140	 69	 1	 -1071	 
 39	 59	 1140	 62	 1	 -1078	 
 39	 59	 1140	 69	 1	 -1071	 
 39	 59	 1140	 61	 1	 -1079	 
 39	 59	 1140	 61	 1	 -1079	 
 39	 59	 1140	 67	 1	 -1073	 
 39	 59	 1140	 67	 1	 -1073	 
 39	 59	 1140	 69	 1	 -1071	 
 39	 59	 1140	 64	 1	 -1076	 
 39	 59	 1140	 66	 1	 -1074	 
 39	 59	 1140	 60	 1	 -1080	 
 39	 59	 1140	 64	 1	 -1076	 
 39	 59	 1140	 66	 1	 -1074	 
 39	 59	 1140	 67	 1	 -1073	 
 39	 59	 1140	 65	 1	 -1075	 
 39	 59	 1140	 64	 1	 -1076	 
 39	 59	 1140	 65	 1	 -1075	 
 39	 59	 1140	 66	 1	 -1074	 
 39	 59	 1140	 61	 1	 -1079	 
 39	 59	 1140	 64	 1	 -1076	 
 39	 59	 1140	 69	 1	 -1071	 
 39	 59	 1140	 61	 1	 -1079	 
 39	 59	 1140	 62	 1	 -1078	 
 39	 59	 1140	 69	 1	 -1071	 
 39	 59	 1140	 63	 1	 -1077	 
 39	 59	 1140	 64	 1	 -1076	 
 39	 59	 1140	 63	 1	 -1077	 
 39	 59	 1140	 64	 1	 -1076	 
 39	 59	 1140	 65	 1	 -1075	 
 39	 59	 1140	 66	 1	 -1074	 
 39	 59	 1140	 63	 1	 -1077	 
 39	 59	 1140	 68	 1	 -1072	 
 39	 59	 1140	 61	 1	 -1079	 
 39	 59	 1140	 70	 1	 -1070	 
 39	 59	 1140	 61	 1	 -1079	 
 39	 59	 1140	 66	 1	 -1074	 
 39	 59	 1140	 65	 1	 -1075	 
 39	 59	 1140	 68	 1	 -1072	 
 39	 59	 1140	 65	 1	 -1075	 
 39	 59	 1140	 67	 1	 -1073	 
 39	 59	 1140	 70	 1	 -1070	 
 39	 59	 1140	 65	 1	 -1075	 
 39	 59	 1140	 60	 1	 -1080	 
 39	 59	 1140	 66	 1	 -1074	 
 39	 59	 1140	 68	 1	 -1072	 
 39	 59	 1140	 67	 1	 -1073	 
 39	 59	 1140	 61	 1	 -1079	 
 39	 59	 1140	 64	 1	 -1076	 
 39	 59	 1140	 67	 1	 -1073	 
 39	 59	 1140	 61	 1	 -1079	 
 39	 59	 1140	 68	 1	 -1072	 
 39	 59	 1140	 61	 1	 -1079	 
 39	 59	 1140	 68	 1	 -1072	 
 39	 59	 1140	 68	 1	 -1072	 
 39	 59	 1140	 69	 1	 -1071	 
 39	 59	 1140	 67	 1	 -1073	 
 39	 59	 1140	 65	 1	 -1075	 
 39	 59	 1140	 69	 1	 -1071	 
 39	 59	 1140	 64	 1	 -1076	 
 39	 59	 1140	 60	 1	 -1080	 
 39	 59	 1140	 68	 1	 -1072	 
 39	 59	 1140	 68	 1	 -1072	 
 39	 59	 1140	 60	 1	 -1080	 
 39	 59	 1140	 65	 1	 -1075	 
 39	 59	 1140	 61	 1	 -1079	 
 39	 59	 1140	 64	 1	 -1076	 
 39	 59	 1140	 60	 1	 -1080	 
 39	 59	 1140	 66	 1	 -1074	 
 39	 59	 1140	 67	 1	 -1073	 
 39	 59	 1140	 61	 1	 -1079	 
 39	 59	 1140	 65	 1	 -1075	 
 39	 59	 1140	 67	 1	 -1073	 
 39	 59	 1140	 62	 1	 -1078	 
 39	 59	 1140	 61	 1	 -1079	 
 39	 59	 1140	 67	 1	 -1073	 
 0	 0	 0	 0	 0	 0	 
 0	 0	 0	 0	 0	 0	 
 12	 41	 1140	 43	 1	 -1097	 
 12	 41	 1140	 50	 1	 -1090	 
 12	 41	 1140	 51	 1	 -1089	 
 12	 41	 1140	 47	 1	 -1093	 
 12	 41	 1140	 43	 1	 -1097	 
 12	 41	 1140	 54	 1	 -1086	 
 12	 41	 1140	 44	 1	 -1096	 
 12	 41	 1140	 45	 1	 -1095	 
 12	 41	 1140	 42	 1	 -1098	 
 12	 41	 1140	 52	 1	 -1088	 
 12	 41	 1140	 44	 1	 -1096	 
 12	 41	 1140	 48	 1	 -1092	 
 12	 41	 1140	 48	 1	 -1092	 
 12	 41	 1140	 44	 1	 -1096	 
 12	 41	 1140	 43	 1	 -1097	 
 12	 41	 1140	 54	 1	 -1086	 
 12	 41	 1140	 53	 1	 -1087	 
 12	 41	 1140	 52	 1	 -1088	 
 12	 41	 1140	 52	 1	 -1088	 
 12	 41	 1140	 50	 1	 -1090	 
 12	 41	 1140	 52	 1	 -1088	 
 12	 41	 1140	 55	 1	 -1085	 
 12	 41	 1140	 56	 1	 -1084	 
 12	 41	 1140	 55	 1	 -1085	 
 12	 41	 1140	 51	 1	 -1089	 
 12	 41	 1140	 52	 1	 -1088	 
 12	 41	 1140	 48	 1	 -1092	 
 12	 41	 1140	 46	 1	 -1094	 
 12	 41	 1140	 46	 1	 -1094	 
 12	 41	 1140	 44	 1	 -1096	 
 12	 41	 1140	 44	 1	 -1096	 
 12	 41	 1140	 56	 1	 -1084	 
 12	 41	 1140	 54	 1	 -1086	 
 12	 41	 1140	 45	 1	 -1095	 
 12	 41	 1140	 51	 1	 -1089	 
 12	 41	 1140	 54	 1	 -1086	 
 12	 41	 1140	 51	 1	 -1089	 
 12	 41	 1140	 49	 1	 -1091	 
 12	 41	 1140	 55	 1	 -1085	 
 12	 41	 1140	 51	 1	 -1089	 
 12	 41	 1140	 55	 1	 -1085	 
 12	 41	 1140	 46	 1	 -1094	 
 12	 41	 1140	 45	 1	 -1095	 
 12	 41	 1140	 44	 1	 -1096	 
 12	 41	 1140	 50	 1	 -1090	 
 12	 41	 1140	 48	 1	 -1092	 
 12	 41	 1140	 54	 1	 -1086	 
 12	 41	 1140	 52	 1	 -1088	 
 12	 41	 1140	 47	 1	 -1093	 
 12	 41	 1140	 49	 1	 -1091	 
 12	 41	 1140	 46	 1	 -1094	 
 12	 41	 1140	 55	 1	 -1085	 
 12	 41	 1140	 52	 1	 -1088	 
 12	 41	 1140	 46	 1	 -1094	 
 12	 41	 1140	 52	 1	 -1088	 
 12	 41	 1140	 43	 1	 -1097	 
 12	 41	 1140	 43	 1	 -1097	 
 12	 41	 1140	 42	 1	 -1098	 
 12	 41	 1140	 44	 1	 -1096	 
 12	 41	 1140	 53	 1	 -1087	 
 12	 41	 1140	 50	 1	 -1090	 
 12	 41	 1140	 52	 1	 -1088	 
 12	 41	 1140	 50	 1	 -1090	 
 12	 41	 1140	 52	 1	 -1088	 
 12	 41	 1140	 47	 1	 -1093	 
 12	 41	 1140	 55	 1	 -1085	 
 12	 41	 1140	 42	 1	 -1098	 
 12	 41	 1140	 50	 1	 -1090	 
 12	 41	 1140	 42	 1	 -1098	 
 12	 41	 1140	 54	 1	 -1086	 
 12	 41	 1140	 47	 1	 -1093	 
 12	 41	 1140	 51	 1	 -1089	 
 12	 41	 1140	 45	 1	 -1095	 
 12	 41	 1140	 55	 1	 -1085	 
 12	 41	 1140	 44	 1	 -1096	 
 12	 41	 1140	 47	 1	 -1093	 
 12	 41	 1140	 51	 1	 -1089	 
 12	 41	 1140	 47	 1	 -1093	 
 12	 41	 1140	 56	 1	 -1084	 
 12	 41	 1140	 51	 1	 -1089	 
 12	 41	 1140	 53	 1	 -1087	 
 12	 41	 1140	 53	 1	 -1087	 
 12	 41	 1140	 53	 1	 -1087	 
 12	 41	 1140	 45	 1	 -1095	 
 12	 41	 1140	 50	 1	 -1090	 
 12	 41	 1140	 48	 1	 -1092	 
 12	 41	 1140	 55	 1	 -1085	 
 12	 41	 1140	 56	 1	 -1084	 
 12	 41	 1140	 51	 1	 -1089	 
 12	 41	 1140	 55	 1	 -1085	 
 12	 41	 1140	 50	 1	 -1090	 
 12	 41	 1140	 42	 1	 -1098	 
 12	 41	 1140	 55	 1	 -1085	 
 12	 41	 1140	 53	 1	 -1087	 
 12	 41	 1140	 43	 1	 -1097	 
 12	 41	 1140	 52	 1	 -1088	 
 12	 41	 1140	 48	 1	 -1092	 
 12	 41	 1140	 56	 1	 -1084	 
 12	 41	 1140	 55	 1	 -1085	 
 0	 0	 0	 0	 0	 0	 
 