s	 e	 integralPartic	 alturaRetang	 metadePartic	 maximaPartic	 minimoPArtic	 alturaPartic	 p	 comparativoMet
159	 180	 3.552643e+04	 1.614838e+03	 9.055312e+02	 1.806160e+03	 4.902889e+00	 1.783304e+00	 1	 5.607569e-01	 
 159	 180	 3.552643e+04	 1.614838e+03	 9.055312e+02	 1.806160e+03	 4.902889e+00	 1.783304e+00	 1	 5.607569e-01	 
 159	 180	 3.552643e+04	 1.614838e+03	 9.055312e+02	 1.806160e+03	 4.902889e+00	 1.783304e+00	 1	 5.607569e-01	 
 159	 180	 3.552643e+04	 1.614838e+03	 9.055312e+02	 1.806160e+03	 4.902889e+00	 1.783304e+00	 1	 5.607569e-01	 
 159	 180	 3.552643e+04	 1.614838e+03	 9.055312e+02	 1.806160e+03	 4.902889e+00	 1.783304e+00	 1	 5.607569e-01	 
 159	 180	 3.552643e+04	 1.614838e+03	 9.055312e+02	 1.806160e+03	 4.902889e+00	 1.783304e+00	 1	 5.607569e-01	 
 159	 180	 3.552643e+04	 1.614838e+03	 9.055312e+02	 1.806160e+03	 4.902889e+00	 1.783304e+00	 1	 5.607569e-01	 
 159	 180	 3.552643e+04	 1.614838e+03	 9.055312e+02	 1.806160e+03	 4.902889e+00	 1.783304e+00	 1	 5.607569e-01	 
 159	 180	 3.552643e+04	 1.614838e+03	 9.055312e+02	 1.806160e+03	 4.902889e+00	 1.783304e+00	 1	 5.607569e-01	 
 159	 180	 3.552643e+04	 1.614838e+03	 9.055312e+02	 1.806160e+03	 4.902889e+00	 1.783304e+00	 1	 5.607569e-01	 
 