4.234233e-01	 3.196249e-01	 2.528293e-01	 4.122515e-03	 3.930575e+04	 7.196102e+00	 
 4.296204e-01	 2.755431e-01	 2.902663e-01	 4.570198e-03	 3.929614e+04	 7.192540e+00	 
 4.329532e-01	 2.518998e-01	 3.103357e-01	 4.811293e-03	 3.929109e+04	 7.190882e+00	 
 4.346314e-01	 2.399955e-01	 3.204404e-01	 4.932695e-03	 3.928855e+04	 7.190083e+00	 
 4.354708e-01	 2.340412e-01	 3.254946e-01	 4.993419e-03	 3.928727e+04	 7.189692e+00	 
 4.358902e-01	 2.310658e-01	 3.280202e-01	 5.023761e-03	 3.928664e+04	 7.189498e+00	 
 4.360998e-01	 2.295789e-01	 3.292823e-01	 5.038925e-03	 3.928632e+04	 7.189401e+00	 
 4.362046e-01	 2.288357e-01	 3.299132e-01	 5.046504e-03	 3.928616e+04	 7.189353e+00	 
 4.362570e-01	 2.284641e-01	 3.302286e-01	 5.050293e-03	 3.928608e+04	 7.189329e+00	 
 4.362832e-01	 2.282784e-01	 3.303863e-01	 5.052188e-03	 3.928604e+04	 7.189317e+00	 
 4.362963e-01	 2.281855e-01	 3.304651e-01	 5.053135e-03	 3.928602e+04	 7.189311e+00	 
 4.289879e-01	 2.658668e-01	 3.004572e-01	 4.688037e-03	 3.927578e+04	 9.411023e+00	 
 4.363339e-01	 2.153572e-01	 3.431546e-01	 5.154315e-03	 3.926601e+04	 9.398106e+00	 
 4.391937e-01	 1.981783e-01	 3.573194e-01	 5.308608e-03	 3.926598e+04	 9.391714e+00	 
 4.198785e-01	 3.454935e-01	 2.307570e-01	 3.870991e-03	 3.876982e+04	 8.938547e+00	 
 3.585448e-01	 3.217812e-01	 3.193026e-01	 3.714572e-04	 3.776012e+04	 1.135229e+01	 
 3.576292e-01	 3.220524e-01	 3.199466e-01	 3.717621e-04	 3.774926e+04	 1.130800e+01	 
 3.554411e-01	 3.227113e-01	 3.214747e-01	 3.729498e-04	 3.772333e+04	 1.128729e+01	 
 3.502079e-01	 3.243098e-01	 3.251058e-01	 3.765144e-04	 3.766136e+04	 1.127730e+01	 
 3.403710e-01	 3.273175e-01	 3.319303e-01	 3.810862e-04	 3.754483e+04	 1.127238e+01	 
 3.316898e-01	 3.299009e-01	 3.380303e-01	 3.789293e-04	 3.744179e+04	 1.126995e+01	 
 3.291013e-01	 3.306602e-01	 3.398613e-01	 3.773119e-04	 3.741104e+04	 1.126874e+01	 
 3.289963e-01	 3.307253e-01	 3.399011e-01	 3.772360e-04	 3.740983e+04	 1.126813e+01	 
 1.923106e-01	 7.369421e-01	 5.489580e-02	 1.585146e-02	 3.646979e+04	 1.131582e+01	 
 1.643802e-01	 8.089588e-01	 1.065457e-02	 1.600638e-02	 3.620619e+04	 1.131574e+01	 
 