7.144554e-02	 5.172267e-01	 5.085732e-01	 6.955395e-05	 3.963718e+04	 3.971921e+04	 1	 
 7.144554e-02	 5.172267e-01	 5.085732e-01	 6.955395e-05	 3.963718e+04	 3.971921e+04	 1	 
 7.144554e-02	 5.172267e-01	 5.085732e-01	 6.955395e-05	 3.963718e+04	 3.971921e+04	 1	 
 7.144554e-02	 5.172267e-01	 5.085732e-01	 6.955395e-05	 3.963718e+04	 3.971921e+04	 1	 
 7.144554e-02	 5.172267e-01	 5.085732e-01	 6.955395e-05	 3.963718e+04	 3.971921e+04	 1	 
 7.144554e-02	 5.172267e-01	 5.085732e-01	 6.955395e-05	 3.963718e+04	 3.971921e+04	 1	 
 3.154120e-02	 4.673383e-01	 6.229342e-01	 1.448366e-05	 6.842413e+04	 6.837476e+04	 1	 
 3.154120e-02	 4.673383e-01	 6.229342e-01	 1.448366e-05	 6.842413e+04	 6.837476e+04	 1	 
 3.154120e-02	 4.673383e-01	 6.229342e-01	 1.448366e-05	 6.842413e+04	 6.837476e+04	 1	 
 3.154120e-02	 4.673383e-01	 6.229342e-01	 1.448366e-05	 6.842413e+04	 6.837476e+04	 1	 
 3.154120e-02	 4.673383e-01	 6.229342e-01	 1.448366e-05	 6.842413e+04	 6.837476e+04	 1	 
 3.154120e-02	 4.673383e-01	 6.229342e-01	 1.448366e-05	 6.842413e+04	 6.837476e+04	 1	 
 3.334951e-02	 8.604044e-01	 2.255694e-01	 2.092849e-04	 1.025777e+05	 1.022671e+05	 1	 
 3.334951e-02	 8.604044e-01	 2.255694e-01	 2.092849e-04	 1.025777e+05	 1.022671e+05	 1	 
 3.334951e-02	 8.604044e-01	 2.255694e-01	 2.092849e-04	 1.025777e+05	 1.022671e+05	 1	 
 3.334951e-02	 8.604044e-01	 2.255694e-01	 2.092849e-04	 1.025777e+05	 1.022671e+05	 1	 
 3.334951e-02	 8.604044e-01	 2.255694e-01	 2.092849e-04	 1.025777e+05	 1.022671e+05	 1	 
 3.334951e-02	 8.604044e-01	 2.255694e-01	 2.092849e-04	 1.025777e+05	 1.022671e+05	 1	 
 1.783675e-02	 9.212061e-01	 1.763647e-01	 -1.584962e-05	 3.803102e+04	 3.803102e+04	 0	 
 1.783675e-02	 9.212061e-01	 1.763647e-01	 -1.584962e-05	 3.803102e+04	 3.803102e+04	 0	 
 1.783675e-02	 9.212061e-01	 1.763647e-01	 -1.584962e-05	 3.803102e+04	 3.803102e+04	 0	 
 1.783675e-02	 9.212061e-01	 1.763647e-01	 -1.584962e-05	 3.803102e+04	 3.803102e+04	 0	 
 1.783675e-02	 9.212061e-01	 1.763647e-01	 -1.584962e-05	 3.803102e+04	 3.803102e+04	 0	 
 1.783675e-02	 9.212061e-01	 1.763647e-01	 -1.584962e-05	 3.803102e+04	 3.803102e+04	 0	 
 1.554097e-01	 5.486627e-01	 3.743259e-01	 4.253759e-05	 7.802833e+04	 7.821918e+04	 1	 
 1.554097e-01	 5.486627e-01	 3.743259e-01	 4.253759e-05	 7.802833e+04	 7.821918e+04	 1	 
 1.554097e-01	 5.486627e-01	 3.743259e-01	 4.253759e-05	 7.802833e+04	 7.821918e+04	 1	 
 1.554097e-01	 5.486627e-01	 3.743259e-01	 4.253759e-05	 7.802833e+04	 7.821918e+04	 1	 
 1.554097e-01	 5.486627e-01	 3.743259e-01	 4.253759e-05	 7.802833e+04	 7.821918e+04	 1	 
 1.554097e-01	 5.486627e-01	 3.743259e-01	 4.253759e-05	 7.802833e+04	 7.821918e+04	 1	 
 1.262375e-01	 4.596607e-01	 5.049802e-01	 1.250694e-04	 8.421735e+04	 8.469204e+04	 1	 
 1.262375e-01	 4.596607e-01	 5.049802e-01	 1.250694e-04	 8.421735e+04	 8.469204e+04	 1	 
 1.262375e-01	 4.596607e-01	 5.049802e-01	 1.250694e-04	 8.421735e+04	 8.469204e+04	 1	 
 1.262375e-01	 4.596607e-01	 5.049802e-01	 1.250694e-04	 8.421735e+04	 8.469204e+04	 1	 
 1.262375e-01	 4.596607e-01	 5.049802e-01	 1.250694e-04	 8.421735e+04	 8.469204e+04	 1	 
 1.262375e-01	 4.596607e-01	 5.049802e-01	 1.250694e-04	 8.421735e+04	 8.469204e+04	 1	 
 1.845776e-01	 5.460963e-01	 3.378106e-01	 1.312072e-04	 5.121392e+04	 5.170495e+04	 1	 
 1.845776e-01	 5.460963e-01	 3.378106e-01	 1.312072e-04	 5.121392e+04	 5.170495e+04	 1	 
 1.845776e-01	 5.460963e-01	 3.378106e-01	 1.312072e-04	 5.121392e+04	 5.170495e+04	 1	 
 1.845776e-01	 5.460963e-01	 3.378106e-01	 1.312072e-04	 5.121392e+04	 5.170495e+04	 1	 
 1.845776e-01	 5.460963e-01	 3.378106e-01	 1.312072e-04	 5.121392e+04	 5.170495e+04	 1	 
 1.845776e-01	 5.460963e-01	 3.378106e-01	 1.312072e-04	 5.121392e+04	 5.170495e+04	 1	 
 7.705701e-01	 5.868556e-02	 5.559132e-02	 1.300423e-03	 4.353860e+04	 4.355299e+04	 1	 
 7.705701e-01	 5.868556e-02	 5.559132e-02	 1.300423e-03	 4.353860e+04	 4.355299e+04	 1	 
 7.705701e-01	 5.868556e-02	 5.559132e-02	 1.300423e-03	 4.353860e+04	 4.355299e+04	 1	 
 7.705701e-01	 5.868556e-02	 5.559132e-02	 1.300423e-03	 4.353860e+04	 4.355299e+04	 1	 
 7.705701e-01	 5.868556e-02	 5.559132e-02	 1.300423e-03	 4.353860e+04	 4.355299e+04	 1	 
 7.705701e-01	 5.868556e-02	 5.559132e-02	 1.300423e-03	 4.353860e+04	 4.355299e+04	 1	 
 1.123959e-01	 5.330328e-01	 4.443383e-01	 9.707162e-06	 6.381914e+04	 6.382884e+04	 1	 
 1.123959e-01	 5.330328e-01	 4.443383e-01	 9.707162e-06	 6.381914e+04	 6.382884e+04	 1	 
 1.123959e-01	 5.330328e-01	 4.443383e-01	 9.707162e-06	 6.381914e+04	 6.382884e+04	 1	 
 1.123959e-01	 5.330328e-01	 4.443383e-01	 9.707162e-06	 6.381914e+04	 6.382884e+04	 1	 
 1.123959e-01	 5.330328e-01	 4.443383e-01	 9.707162e-06	 6.381914e+04	 6.382884e+04	 1	 
 1.123959e-01	 5.330328e-01	 4.443383e-01	 9.707162e-06	 6.381914e+04	 6.382884e+04	 1	 
 1.346276e-01	 5.828685e-01	 3.248912e-01	 6.984233e-04	 7.781294e+04	 7.841586e+04	 1	 
 1.346276e-01	 5.828685e-01	 3.248912e-01	 6.984233e-04	 7.781294e+04	 7.841586e+04	 1	 
 1.346276e-01	 5.828685e-01	 3.248912e-01	 6.984233e-04	 7.781294e+04	 7.841586e+04	 1	 
 1.346276e-01	 5.828685e-01	 3.248912e-01	 6.984233e-04	 7.781294e+04	 7.841586e+04	 1	 
 1.346276e-01	 5.828685e-01	 3.248912e-01	 6.984233e-04	 7.781294e+04	 7.841586e+04	 1	 
 1.346276e-01	 5.828685e-01	 3.248912e-01	 6.984233e-04	 7.781294e+04	 7.841586e+04	 1	 
 4.437844e-02	 5.689457e-01	 4.590227e-01	 5.407243e-04	 7.865745e+04	 7.781294e+04	 1	 
 4.437844e-02	 5.689457e-01	 4.590227e-01	 5.407243e-04	 7.865745e+04	 7.781294e+04	 1	 
 4.437844e-02	 5.689457e-01	 4.590227e-01	 5.407243e-04	 7.865745e+04	 7.781294e+04	 1	 
 4.437844e-02	 5.689457e-01	 4.590227e-01	 5.407243e-04	 7.865745e+04	 7.781294e+04	 1	 
 4.437844e-02	 5.689457e-01	 4.590227e-01	 5.407243e-04	 7.865745e+04	 7.781294e+04	 1	 
 4.437844e-02	 5.689457e-01	 4.590227e-01	 5.407243e-04	 7.865745e+04	 7.781294e+04	 1	 
 1.783675e-02	 9.212061e-01	 1.763647e-01	 -1.584962e-05	 3.803102e+04	 3.803102e+04	 0	 
 1.783675e-02	 9.212061e-01	 1.763647e-01	 -1.584962e-05	 3.803102e+04	 3.803102e+04	 0	 
 1.783675e-02	 9.212061e-01	 1.763647e-01	 -1.584962e-05	 3.803102e+04	 3.803102e+04	 0	 
 1.783675e-02	 9.212061e-01	 1.763647e-01	 -1.584962e-05	 3.803102e+04	 3.803102e+04	 0	 
 1.783675e-02	 9.212061e-01	 1.763647e-01	 -1.584962e-05	 3.803102e+04	 3.803102e+04	 0	 
 1.783675e-02	 9.212061e-01	 1.763647e-01	 -1.584962e-05	 3.803102e+04	 3.803102e+04	 0	 
 1.783675e-02	 9.212061e-01	 1.763647e-01	 -1.584962e-05	 3.803102e+04	 3.803102e+04	 0	 
 1.783675e-02	 9.212061e-01	 1.763647e-01	 -1.584962e-05	 3.803102e+04	 3.803102e+04	 0	 
 1.783675e-02	 9.212061e-01	 1.763647e-01	 -1.584962e-05	 3.803102e+04	 3.803102e+04	 0	 
 1.783675e-02	 9.212061e-01	 1.763647e-01	 -1.584962e-05	 3.803102e+04	 3.803102e+04	 0	 
 1.783675e-02	 9.212061e-01	 1.763647e-01	 -1.584962e-05	 3.803102e+04	 3.803102e+04	 0	 
 1.783675e-02	 9.212061e-01	 1.763647e-01	 -1.584962e-05	 3.803102e+04	 3.803102e+04	 0	 
 4.437844e-02	 5.689457e-01	 4.590227e-01	 5.407243e-04	 7.865745e+04	 7.781294e+04	 1	 
 4.437844e-02	 5.689457e-01	 4.590227e-01	 5.407243e-04	 7.865745e+04	 7.781294e+04	 1	 
 4.437844e-02	 5.689457e-01	 4.590227e-01	 5.407243e-04	 7.865745e+04	 7.781294e+04	 1	 
 4.437844e-02	 5.689457e-01	 4.590227e-01	 5.407243e-04	 7.865745e+04	 7.781294e+04	 1	 
 4.437844e-02	 5.689457e-01	 4.590227e-01	 5.407243e-04	 7.865745e+04	 7.781294e+04	 1	 
 4.437844e-02	 5.689457e-01	 4.590227e-01	 5.407243e-04	 7.865745e+04	 7.781294e+04	 1	 
 3.554686e-01	 2.503808e-01	 3.969740e-01	 2.945618e-04	 7.892808e+04	 7.867040e+04	 1	 
 3.554686e-01	 2.503808e-01	 3.969740e-01	 2.945618e-04	 7.892808e+04	 7.867040e+04	 1	 
 3.554686e-01	 2.503808e-01	 3.969740e-01	 2.945618e-04	 7.892808e+04	 7.867040e+04	 1	 
 3.554686e-01	 2.503808e-01	 3.969740e-01	 2.945618e-04	 7.892808e+04	 7.867040e+04	 1	 
 3.554686e-01	 2.503808e-01	 3.969740e-01	 2.945618e-04	 7.892808e+04	 7.867040e+04	 1	 
 3.554686e-01	 2.503808e-01	 3.969740e-01	 2.945618e-04	 7.892808e+04	 7.867040e+04	 1	 
 5.636658e-01	 2.727207e-01	 1.255463e-01	 3.832160e-04	 7.905289e+04	 7.892063e+04	 1	 
 5.636658e-01	 2.727207e-01	 1.255463e-01	 3.832160e-04	 7.905289e+04	 7.892063e+04	 1	 
 5.636658e-01	 2.727207e-01	 1.255463e-01	 3.832160e-04	 7.905289e+04	 7.892063e+04	 1	 
 5.636658e-01	 2.727207e-01	 1.255463e-01	 3.832160e-04	 7.905289e+04	 7.892063e+04	 1	 
 5.636658e-01	 2.727207e-01	 1.255463e-01	 3.832160e-04	 7.905289e+04	 7.892063e+04	 1	 
 5.636658e-01	 2.727207e-01	 1.255463e-01	 3.832160e-04	 7.905289e+04	 7.892063e+04	 1	 
 4.437844e-02	 5.689457e-01	 4.590227e-01	 5.407243e-04	 7.865745e+04	 7.781294e+04	 1	 
 4.437844e-02	 5.689457e-01	 4.590227e-01	 5.407243e-04	 7.865745e+04	 7.781294e+04	 1	 
 4.437844e-02	 5.689457e-01	 4.590227e-01	 5.407243e-04	 7.865745e+04	 7.781294e+04	 1	 
 4.437844e-02	 5.689457e-01	 4.590227e-01	 5.407243e-04	 7.865745e+04	 7.781294e+04	 1	 
 4.437844e-02	 5.689457e-01	 4.590227e-01	 5.407243e-04	 7.865745e+04	 7.781294e+04	 1	 
 4.437844e-02	 5.689457e-01	 4.590227e-01	 5.407243e-04	 7.865745e+04	 7.781294e+04	 1	 
 3.389729e-02	 4.675811e-01	 6.198080e-01	 1.514570e-05	 6.843906e+04	 6.842295e+04	 1	 
 3.389729e-02	 4.675811e-01	 6.198080e-01	 1.514570e-05	 6.843906e+04	 6.842295e+04	 1	 
 3.389729e-02	 4.675811e-01	 6.198080e-01	 1.514570e-05	 6.843906e+04	 6.842295e+04	 1	 
 3.389729e-02	 4.675811e-01	 6.198080e-01	 1.514570e-05	 6.843906e+04	 6.842295e+04	 1	 
 3.389729e-02	 4.675811e-01	 6.198080e-01	 1.514570e-05	 6.843906e+04	 6.842295e+04	 1	 
 3.389729e-02	 4.675811e-01	 6.198080e-01	 1.514570e-05	 6.843906e+04	 6.842295e+04	 1	 
 2.439065e-02	 4.745723e-01	 6.255663e-01	 1.634040e-05	 6.845032e+04	 6.843924e+04	 1	 
 2.439065e-02	 4.745723e-01	 6.255663e-01	 1.634040e-05	 6.845032e+04	 6.843924e+04	 1	 
 2.439065e-02	 4.745723e-01	 6.255663e-01	 1.634040e-05	 6.845032e+04	 6.843924e+04	 1	 
 2.439065e-02	 4.745723e-01	 6.255663e-01	 1.634040e-05	 6.845032e+04	 6.843924e+04	 1	 
 2.439065e-02	 4.745723e-01	 6.255663e-01	 1.634040e-05	 6.845032e+04	 6.843924e+04	 1	 
 2.439065e-02	 4.745723e-01	 6.255663e-01	 1.634040e-05	 6.845032e+04	 6.843924e+04	 1	 
 4.437844e-02	 5.689457e-01	 4.590227e-01	 5.407243e-04	 7.865745e+04	 7.781294e+04	 1	 
 4.437844e-02	 5.689457e-01	 4.590227e-01	 5.407243e-04	 7.865745e+04	 7.781294e+04	 1	 
 4.437844e-02	 5.689457e-01	 4.590227e-01	 5.407243e-04	 7.865745e+04	 7.781294e+04	 1	 
 4.437844e-02	 5.689457e-01	 4.590227e-01	 5.407243e-04	 7.865745e+04	 7.781294e+04	 1	 
 4.437844e-02	 5.689457e-01	 4.590227e-01	 5.407243e-04	 7.865745e+04	 7.781294e+04	 1	 
 4.437844e-02	 5.689457e-01	 4.590227e-01	 5.407243e-04	 7.865745e+04	 7.781294e+04	 1	 
 1.783675e-02	 9.212061e-01	 1.763647e-01	 -1.584962e-05	 3.803102e+04	 3.803102e+04	 0	 
 1.783675e-02	 9.212061e-01	 1.763647e-01	 -1.584962e-05	 3.803102e+04	 3.803102e+04	 0	 
 1.783675e-02	 9.212061e-01	 1.763647e-01	 -1.584962e-05	 3.803102e+04	 3.803102e+04	 0	 
 1.783675e-02	 9.212061e-01	 1.763647e-01	 -1.584962e-05	 3.803102e+04	 3.803102e+04	 0	 
 1.783675e-02	 9.212061e-01	 1.763647e-01	 -1.584962e-05	 3.803102e+04	 3.803102e+04	 0	 
 1.783675e-02	 9.212061e-01	 1.763647e-01	 -1.584962e-05	 3.803102e+04	 3.803102e+04	 0	 
 1.783675e-02	 9.212061e-01	 1.763647e-01	 -1.584962e-05	 3.803102e+04	 3.803102e+04	 0	 
 1.783675e-02	 9.212061e-01	 1.763647e-01	 -1.584962e-05	 3.803102e+04	 3.803102e+04	 0	 
 1.783675e-02	 9.212061e-01	 1.763647e-01	 -1.584962e-05	 3.803102e+04	 3.803102e+04	 0	 
 1.783675e-02	 9.212061e-01	 1.763647e-01	 -1.584962e-05	 3.803102e+04	 3.803102e+04	 0	 
 1.783675e-02	 9.212061e-01	 1.763647e-01	 -1.584962e-05	 3.803102e+04	 3.803102e+04	 0	 
 1.783675e-02	 9.212061e-01	 1.763647e-01	 -1.584962e-05	 3.803102e+04	 3.803102e+04	 0	 
 4.437844e-02	 5.689457e-01	 4.590227e-01	 5.407243e-04	 7.865745e+04	 7.781294e+04	 1	 
 4.437844e-02	 5.689457e-01	 4.590227e-01	 5.407243e-04	 7.865745e+04	 7.781294e+04	 1	 
 4.437844e-02	 5.689457e-01	 4.590227e-01	 5.407243e-04	 7.865745e+04	 7.781294e+04	 1	 
 4.437844e-02	 5.689457e-01	 4.590227e-01	 5.407243e-04	 7.865745e+04	 7.781294e+04	 1	 
 4.437844e-02	 5.689457e-01	 4.590227e-01	 5.407243e-04	 7.865745e+04	 7.781294e+04	 1	 
 4.437844e-02	 5.689457e-01	 4.590227e-01	 5.407243e-04	 7.865745e+04	 7.781294e+04	 1	 
 1.783675e-02	 9.212061e-01	 1.763647e-01	 -1.584962e-05	 3.803102e+04	 3.803102e+04	 0	 
 1.783675e-02	 9.212061e-01	 1.763647e-01	 -1.584962e-05	 3.803102e+04	 3.803102e+04	 0	 
 1.783675e-02	 9.212061e-01	 1.763647e-01	 -1.584962e-05	 3.803102e+04	 3.803102e+04	 0	 
 1.783675e-02	 9.212061e-01	 1.763647e-01	 -1.584962e-05	 3.803102e+04	 3.803102e+04	 0	 
 1.783675e-02	 9.212061e-01	 1.763647e-01	 -1.584962e-05	 3.803102e+04	 3.803102e+04	 0	 
 1.783675e-02	 9.212061e-01	 1.763647e-01	 -1.584962e-05	 3.803102e+04	 3.803102e+04	 0	 
 1.783675e-02	 9.212061e-01	 1.763647e-01	 -1.584962e-05	 3.803102e+04	 3.803102e+04	 0	 
 1.783675e-02	 9.212061e-01	 1.763647e-01	 -1.584962e-05	 3.803102e+04	 3.803102e+04	 0	 
 1.783675e-02	 9.212061e-01	 1.763647e-01	 -1.584962e-05	 3.803102e+04	 3.803102e+04	 0	 
 1.783675e-02	 9.212061e-01	 1.763647e-01	 -1.584962e-05	 3.803102e+04	 3.803102e+04	 0	 
 1.783675e-02	 9.212061e-01	 1.763647e-01	 -1.584962e-05	 3.803102e+04	 3.803102e+04	 0	 
 1.783675e-02	 9.212061e-01	 1.763647e-01	 -1.584962e-05	 3.803102e+04	 3.803102e+04	 0	 
 4.437844e-02	 5.689457e-01	 4.590227e-01	 5.407243e-04	 7.865745e+04	 7.781294e+04	 1	 
 4.437844e-02	 5.689457e-01	 4.590227e-01	 5.407243e-04	 7.865745e+04	 7.781294e+04	 1	 
 4.437844e-02	 5.689457e-01	 4.590227e-01	 5.407243e-04	 7.865745e+04	 7.781294e+04	 1	 
 4.437844e-02	 5.689457e-01	 4.590227e-01	 5.407243e-04	 7.865745e+04	 7.781294e+04	 1	 
 4.437844e-02	 5.689457e-01	 4.590227e-01	 5.407243e-04	 7.865745e+04	 7.781294e+04	 1	 
 4.437844e-02	 5.689457e-01	 4.590227e-01	 5.407243e-04	 7.865745e+04	 7.781294e+04	 1	 
 3.344421e-01	 2.495982e-01	 4.229480e-01	 2.890086e-04	 7.891532e+04	 7.865569e+04	 1	 
 3.344421e-01	 2.495982e-01	 4.229480e-01	 2.890086e-04	 7.891532e+04	 7.865569e+04	 1	 
 3.344421e-01	 2.495982e-01	 4.229480e-01	 2.890086e-04	 7.891532e+04	 7.865569e+04	 1	 
 3.344421e-01	 2.495982e-01	 4.229480e-01	 2.890086e-04	 7.891532e+04	 7.865569e+04	 1	 
 3.344421e-01	 2.495982e-01	 4.229480e-01	 2.890086e-04	 7.891532e+04	 7.865569e+04	 1	 
 3.344421e-01	 2.495982e-01	 4.229480e-01	 2.890086e-04	 7.891532e+04	 7.865569e+04	 1	 
 5.527482e-01	 2.577233e-01	 1.532746e-01	 3.466636e-04	 7.904777e+04	 7.891533e+04	 1	 
 5.527482e-01	 2.577233e-01	 1.532746e-01	 3.466636e-04	 7.904777e+04	 7.891533e+04	 1	 
 5.527482e-01	 2.577233e-01	 1.532746e-01	 3.466636e-04	 7.904777e+04	 7.891533e+04	 1	 
 5.527482e-01	 2.577233e-01	 1.532746e-01	 3.466636e-04	 7.904777e+04	 7.891533e+04	 1	 
 5.527482e-01	 2.577233e-01	 1.532746e-01	 3.466636e-04	 7.904777e+04	 7.891533e+04	 1	 
 5.527482e-01	 2.577233e-01	 1.532746e-01	 3.466636e-04	 7.904777e+04	 7.891533e+04	 1	 
 4.437844e-02	 5.689457e-01	 4.590227e-01	 5.407243e-04	 7.865745e+04	 7.781294e+04	 1	 
 4.437844e-02	 5.689457e-01	 4.590227e-01	 5.407243e-04	 7.865745e+04	 7.781294e+04	 1	 
 4.437844e-02	 5.689457e-01	 4.590227e-01	 5.407243e-04	 7.865745e+04	 7.781294e+04	 1	 
 4.437844e-02	 5.689457e-01	 4.590227e-01	 5.407243e-04	 7.865745e+04	 7.781294e+04	 1	 
 4.437844e-02	 5.689457e-01	 4.590227e-01	 5.407243e-04	 7.865745e+04	 7.781294e+04	 1	 
 4.437844e-02	 5.689457e-01	 4.590227e-01	 5.407243e-04	 7.865745e+04	 7.781294e+04	 1	 
 1.783675e-02	 9.212061e-01	 1.763647e-01	 -1.584962e-05	 3.803102e+04	 3.803102e+04	 0	 
 1.783675e-02	 9.212061e-01	 1.763647e-01	 -1.584962e-05	 3.803102e+04	 3.803102e+04	 0	 
 1.783675e-02	 9.212061e-01	 1.763647e-01	 -1.584962e-05	 3.803102e+04	 3.803102e+04	 0	 
 1.783675e-02	 9.212061e-01	 1.763647e-01	 -1.584962e-05	 3.803102e+04	 3.803102e+04	 0	 
 1.783675e-02	 9.212061e-01	 1.763647e-01	 -1.584962e-05	 3.803102e+04	 3.803102e+04	 0	 
 1.783675e-02	 9.212061e-01	 1.763647e-01	 -1.584962e-05	 3.803102e+04	 3.803102e+04	 0	 
 1.783675e-02	 9.212061e-01	 1.763647e-01	 -1.584962e-05	 3.803102e+04	 3.803102e+04	 0	 
 1.783675e-02	 9.212061e-01	 1.763647e-01	 -1.584962e-05	 3.803102e+04	 3.803102e+04	 0	 
 1.783675e-02	 9.212061e-01	 1.763647e-01	 -1.584962e-05	 3.803102e+04	 3.803102e+04	 0	 
 1.783675e-02	 9.212061e-01	 1.763647e-01	 -1.584962e-05	 3.803102e+04	 3.803102e+04	 0	 
 1.783675e-02	 9.212061e-01	 1.763647e-01	 -1.584962e-05	 3.803102e+04	 3.803102e+04	 0	 
 1.783675e-02	 9.212061e-01	 1.763647e-01	 -1.584962e-05	 3.803102e+04	 3.803102e+04	 0	 
 4.437844e-02	 5.689457e-01	 4.590227e-01	 5.407243e-04	 7.865745e+04	 7.781294e+04	 1	 
 4.437844e-02	 5.689457e-01	 4.590227e-01	 5.407243e-04	 7.865745e+04	 7.781294e+04	 1	 
 4.437844e-02	 5.689457e-01	 4.590227e-01	 5.407243e-04	 7.865745e+04	 7.781294e+04	 1	 
 4.437844e-02	 5.689457e-01	 4.590227e-01	 5.407243e-04	 7.865745e+04	 7.781294e+04	 1	 
 4.437844e-02	 5.689457e-01	 4.590227e-01	 5.407243e-04	 7.865745e+04	 7.781294e+04	 1	 
 4.437844e-02	 5.689457e-01	 4.590227e-01	 5.407243e-04	 7.865745e+04	 7.781294e+04	 1	 
 6.971787e-01	 9.895265e-02	 1.101281e-01	 1.198766e-03	 4.372828e+04	 4.356760e+04	 1	 
 6.971787e-01	 9.895265e-02	 1.101281e-01	 1.198766e-03	 4.372828e+04	 4.356760e+04	 1	 
 6.971787e-01	 9.895265e-02	 1.101281e-01	 1.198766e-03	 4.372828e+04	 4.356760e+04	 1	 
 6.971787e-01	 9.895265e-02	 1.101281e-01	 1.198766e-03	 4.372828e+04	 4.356760e+04	 1	 
 6.971787e-01	 9.895265e-02	 1.101281e-01	 1.198766e-03	 4.372828e+04	 4.356760e+04	 1	 
 6.971787e-01	 9.895265e-02	 1.101281e-01	 1.198766e-03	 4.372828e+04	 4.356760e+04	 1	 
 1.098891e-01	 9.650407e-01	 2.213136e-02	 1.851407e-03	 4.379652e+04	 4.372996e+04	 1	 
 1.098891e-01	 9.650407e-01	 2.213136e-02	 1.851407e-03	 4.379652e+04	 4.372996e+04	 1	 
 1.098891e-01	 9.650407e-01	 2.213136e-02	 1.851407e-03	 4.379652e+04	 4.372996e+04	 1	 
 1.098891e-01	 9.650407e-01	 2.213136e-02	 1.851407e-03	 4.379652e+04	 4.372996e+04	 1	 
 1.098891e-01	 9.650407e-01	 2.213136e-02	 1.851407e-03	 4.379652e+04	 4.372996e+04	 1	 
 1.098891e-01	 9.650407e-01	 2.213136e-02	 1.851407e-03	 4.379652e+04	 4.372996e+04	 1	 
 4.437844e-02	 5.689457e-01	 4.590227e-01	 5.407243e-04	 7.865745e+04	 7.781294e+04	 1	 
 4.437844e-02	 5.689457e-01	 4.590227e-01	 5.407243e-04	 7.865745e+04	 7.781294e+04	 1	 
 4.437844e-02	 5.689457e-01	 4.590227e-01	 5.407243e-04	 7.865745e+04	 7.781294e+04	 1	 
 4.437844e-02	 5.689457e-01	 4.590227e-01	 5.407243e-04	 7.865745e+04	 7.781294e+04	 1	 
 4.437844e-02	 5.689457e-01	 4.590227e-01	 5.407243e-04	 7.865745e+04	 7.781294e+04	 1	 
 4.437844e-02	 5.689457e-01	 4.590227e-01	 5.407243e-04	 7.865745e+04	 7.781294e+04	 1	 
 1.133356e-01	 5.332712e-01	 4.429532e-01	 1.034081e-05	 6.382362e+04	 6.381899e+04	 1	 
 1.133356e-01	 5.332712e-01	 4.429532e-01	 1.034081e-05	 6.382362e+04	 6.381899e+04	 1	 
 1.133356e-01	 5.332712e-01	 4.429532e-01	 1.034081e-05	 6.382362e+04	 6.381899e+04	 1	 
 1.133356e-01	 5.332712e-01	 4.429532e-01	 1.034081e-05	 6.382362e+04	 6.381899e+04	 1	 
 1.133356e-01	 5.332712e-01	 4.429532e-01	 1.034081e-05	 6.382362e+04	 6.381899e+04	 1	 
 1.133356e-01	 5.332712e-01	 4.429532e-01	 1.034081e-05	 6.382362e+04	 6.381899e+04	 1	 
 1.141739e-01	 5.298164e-01	 4.453762e-01	 5.080241e-05	 6.382743e+04	 6.382367e+04	 1	 
 1.141739e-01	 5.298164e-01	 4.453762e-01	 5.080241e-05	 6.382743e+04	 6.382367e+04	 1	 
 1.141739e-01	 5.298164e-01	 4.453762e-01	 5.080241e-05	 6.382743e+04	 6.382367e+04	 1	 
 1.141739e-01	 5.298164e-01	 4.453762e-01	 5.080241e-05	 6.382743e+04	 6.382367e+04	 1	 
 1.141739e-01	 5.298164e-01	 4.453762e-01	 5.080241e-05	 6.382743e+04	 6.382367e+04	 1	 
 1.141739e-01	 5.298164e-01	 4.453762e-01	 5.080241e-05	 6.382743e+04	 6.382367e+04	 1	 
 4.437844e-02	 5.689457e-01	 4.590227e-01	 5.407243e-04	 7.865745e+04	 7.781294e+04	 1	 
 4.437844e-02	 5.689457e-01	 4.590227e-01	 5.407243e-04	 7.865745e+04	 7.781294e+04	 1	 
 4.437844e-02	 5.689457e-01	 4.590227e-01	 5.407243e-04	 7.865745e+04	 7.781294e+04	 1	 
 4.437844e-02	 5.689457e-01	 4.590227e-01	 5.407243e-04	 7.865745e+04	 7.781294e+04	 1	 
 4.437844e-02	 5.689457e-01	 4.590227e-01	 5.407243e-04	 7.865745e+04	 7.781294e+04	 1	 
 4.437844e-02	 5.689457e-01	 4.590227e-01	 5.407243e-04	 7.865745e+04	 7.781294e+04	 1	 
 4.437844e-02	 5.689457e-01	 4.590227e-01	 5.407243e-04	 7.865745e+04	 7.781294e+04	 1	 
 4.437844e-02	 5.689457e-01	 4.590227e-01	 5.407243e-04	 7.865745e+04	 7.781294e+04	 1	 
 4.437844e-02	 5.689457e-01	 4.590227e-01	 5.407243e-04	 7.865745e+04	 7.781294e+04	 1	 
 4.437844e-02	 5.689457e-01	 4.590227e-01	 5.407243e-04	 7.865745e+04	 7.781294e+04	 1	 
 4.437844e-02	 5.689457e-01	 4.590227e-01	 5.407243e-04	 7.865745e+04	 7.781294e+04	 1	 
 4.437844e-02	 5.689457e-01	 4.590227e-01	 5.407243e-04	 7.865745e+04	 7.781294e+04	 1	 
 3.344421e-01	 2.495982e-01	 4.229480e-01	 2.890086e-04	 7.891532e+04	 7.865569e+04	 1	 
 3.344421e-01	 2.495982e-01	 4.229480e-01	 2.890086e-04	 7.891532e+04	 7.865569e+04	 1	 
 3.344421e-01	 2.495982e-01	 4.229480e-01	 2.890086e-04	 7.891532e+04	 7.865569e+04	 1	 
 3.344421e-01	 2.495982e-01	 4.229480e-01	 2.890086e-04	 7.891532e+04	 7.865569e+04	 1	 
 3.344421e-01	 2.495982e-01	 4.229480e-01	 2.890086e-04	 7.891532e+04	 7.865569e+04	 1	 
 3.344421e-01	 2.495982e-01	 4.229480e-01	 2.890086e-04	 7.891532e+04	 7.865569e+04	 1	 
 