Condicionamento
7.747588e+01	 
 3.959868e+03	 
 5.110498e+01	 
 9.332742e+01	 
 1.702974e+02	 
 3.599707e+03	 
 2.688760e+03	 
 4.355906e+03	 
 1.412081e+04	 
 1.914741e+02	 
 1.815635e+02	 
 1.925423e+02	 
 1.958937e+02	 
 1.935713e+02	 
 1.412081e+04	 
 1.412081e+04	 
 1.764576e+02	 
 3.599707e+03	 
 3.599707e+03	 
 1.752444e+02	 
 3.949481e+03	 
 3.966663e+03	 
 1.807080e+02	 
 1.882548e+02	 
 1.886973e+02	 
 1.807080e+02	 
 3.959868e+03	 
 3.959868e+03	 
 1.814891e+02	 
 2.402012e+03	 
 2.134711e+03	 
 1.935713e+02	 
 1.412081e+04	 
 1.412081e+04	 
 1.764576e+02	 
 3.959868e+03	 
 3.959868e+03	 
 1.807080e+02	 
 9.335002e+01	 
 9.420649e+01	 
 