Condicionamento
8.865668e+02	 1	 0	 
 3.464955e+04	 1	 0	 
 1.464375e+03	 1	 0	 
 3.844465e+03	 1	 0	 
 1.071874e+04	 1	 0	 
 7.181432e+02	 1	 0	 
 7.016508e+03	 1	 0	 
 7.321105e+03	 1	 0	 
 7.864541e+02	 1	 0	 
 3.392991e+02	 1	 0	 
 3.392991e+02	 1	 1	 
 3.392991e+02	 1	 2	 
 3.392991e+02	 1	 3	 
 3.392991e+02	 2	 1	 
 3.392991e+02	 2	 2	 
 3.392991e+02	 2	 3	 
 3.392991e+02	 3	 1	 
 7.016508e+03	 3	 2	 
 7.016508e+03	 3	 3	 
 3.392991e+02	 4	 1	 
 3.464955e+04	 4	 2	 
 3.464955e+04	 4	 3	 
 3.392991e+02	 5	 1	 
 1.464375e+03	 5	 2	 
 1.464375e+03	 5	 3	 
 3.392991e+02	 6	 1	 
 1.071874e+04	 6	 2	 
 1.071874e+04	 6	 3	 
 3.392991e+02	 7	 1	 
 1.071874e+04	 7	 2	 
 1.071874e+04	 7	 3	 
 3.392991e+02	 8	 1	 
 3.464955e+04	 8	 2	 
 3.464955e+04	 8	 3	 
 3.392991e+02	 9	 1	 
 7.016508e+03	 9	 2	 
 7.016508e+03	 9	 3	 
 3.392991e+02	 10	 1	 
 3.464955e+04	 10	 2	 
 3.464955e+04	 10	 3	 
 