1.320748e-01	 2.920873e-01	 6.043294e-01	 1.760103e-01	 2.080569e+04	 5.163354e+00	 
 1.508001e-01	 2.927120e-01	 5.480246e-01	 1.874976e-01	 1.979892e+04	 5.080920e+00	 
 1.322967e-01	 2.862869e-01	 6.003218e-01	 1.791744e-01	 2.041402e+04	 5.153204e+00	 
 1.532935e-01	 3.858245e-01	 5.942744e-01	 1.404087e-01	 2.575254e+04	 5.229802e+00	 
 1.322967e-01	 2.862869e-01	 6.003218e-01	 1.791744e-01	 2.041402e+04	 5.153204e+00	 
 1.370571e-01	 3.085035e-01	 5.842979e-01	 1.835881e-01	 2.221006e+04	 5.145319e+00	 
 1.330050e-01	 3.607320e-01	 1.056327e-01	 4.150107e-01	 1.445228e+04	 6.611832e+00	 
 9.069317e-02	 3.703210e-01	 2.353635e-01	 3.728098e-01	 1.517586e+04	 6.444890e+00	 
 1.330050e-01	 3.607320e-01	 1.056327e-01	 4.150107e-01	 1.445228e+04	 6.611832e+00	 
 9.775610e-02	 3.414437e-01	 2.522578e-01	 3.596999e-01	 1.333625e+04	 6.395051e+00	 
 1.330050e-01	 3.607320e-01	 1.056327e-01	 4.150107e-01	 1.445228e+04	 6.611832e+00	 
 1.330050e-01	 3.607320e-01	 1.056327e-01	 4.150107e-01	 1.445228e+04	 6.611832e+00	 
 1.292659e-01	 5.773385e-05	 4.705171e-01	 3.082309e-01	 2.610146e-01	 4.947616e+00	 
 1.292264e-01	 6.077457e-05	 4.705747e-01	 3.082295e-01	 2.156659e-02	 4.932442e+00	 
 1.292831e-01	 6.076252e-05	 4.705421e-01	 3.082001e-01	 2.246076e-03	 4.927716e+00	 
 1.292524e-01	 5.772121e-05	 4.705684e-01	 3.082112e-01	 2.635883e-01	 4.928119e+00	 
 1.292648e-01	 5.674814e-05	 4.705488e-01	 3.082133e-01	 2.211024e-01	 4.931844e+00	 
 1.292557e-01	 5.770685e-05	 4.705520e-01	 3.082199e-01	 5.651855e-03	 4.930819e+00	 
 2.142860e-01	 1.611496e-01	 3.060407e-01	 2.505641e-01	 3.162371e+03	 3.071304e+00	 
 2.186043e-01	 1.653860e-01	 3.027549e-01	 2.455558e-01	 3.093175e+03	 3.106940e+00	 
 2.130965e-01	 1.576489e-01	 3.000731e-01	 2.582737e-01	 3.296819e+03	 3.055863e+00	 
 2.168971e-01	 1.864865e-01	 3.192948e-01	 2.334447e-01	 3.940287e+03	 3.167139e+00	 
 2.200650e-01	 1.769311e-01	 3.084102e-01	 2.376053e-01	 3.433732e+03	 3.148216e+00	 
 2.117025e-01	 1.614053e-01	 3.151099e-01	 2.470173e-01	 3.107639e+03	 3.061457e+00	 
 6.293707e-02	 2.585535e-02	 4.807555e-01	 3.508291e-01	 8.518802e+01	 6.937423e+00	 
 4.888752e-02	 3.080583e-02	 4.742596e-01	 3.644089e-01	 1.287082e+01	 7.260085e+00	 
 7.288272e-02	 2.270085e-02	 4.858487e-01	 3.409345e-01	 1.545215e+02	 6.659379e+00	 
 7.292121e-02	 2.203175e-02	 4.882915e-01	 3.395149e-01	 1.219151e+02	 6.592480e+00	 
 7.352078e-02	 2.214346e-02	 4.856727e-01	 3.405856e-01	 1.405530e+02	 6.648861e+00	 
 7.288272e-02	 2.270085e-02	 4.858487e-01	 3.409345e-01	 1.545215e+02	 6.659379e+00	 
 5.918460e-02	 2.545217e-02	 4.964529e-01	 3.445249e-01	 1.635941e+01	 6.732643e+00	 
 5.918460e-02	 2.545217e-02	 4.964529e-01	 3.445249e-01	 1.635941e+01	 6.732643e+00	 
 6.981695e-02	 2.210467e-02	 4.993265e-01	 3.354131e-01	 5.821742e+01	 6.393456e+00	 
 6.028136e-02	 2.474464e-02	 4.959710e-01	 3.440310e-01	 2.727277e+01	 6.708274e+00	 
 5.945384e-02	 2.501252e-02	 4.976588e-01	 3.436498e-01	 3.214703e+01	 6.703256e+00	 
 6.981695e-02	 2.210467e-02	 4.993265e-01	 3.354131e-01	 5.821742e+01	 6.393456e+00	 
 6.766508e-02	 2.375504e-02	 5.008354e-01	 3.360594e-01	 9.309677e+01	 6.446480e+00	 
 6.981695e-02	 2.210467e-02	 4.993265e-01	 3.354131e-01	 5.821742e+01	 6.393456e+00	 
 7.082418e-02	 2.133615e-02	 4.986141e-01	 3.351114e-01	 4.185322e+01	 6.371129e+00	 
 7.135425e-02	 2.162717e-02	 4.997385e-01	 3.340944e-01	 6.904697e+01	 6.343126e+00	 
 7.135717e-02	 2.162070e-02	 4.997423e-01	 3.340930e-01	 6.902757e+01	 6.342826e+00	 
 6.988807e-02	 2.177888e-02	 5.003293e-01	 3.347900e-01	 4.336544e+01	 6.364741e+00	 
 7.936467e-02	 1.184138e-01	 8.162500e-01	 9.584234e-02	 5.948380e+03	 5.417892e+00	 
 8.198126e-02	 1.241907e-01	 8.043859e-01	 1.010443e-01	 6.487970e+03	 5.400029e+00	 
 2.301232e-02	 1.398786e-01	 8.506152e-01	 1.155889e-01	 6.795238e+03	 5.480590e+00	 
 8.034934e-02	 1.216581e-01	 8.122911e-01	 9.733994e-02	 6.225927e+03	 5.411805e+00	 
 9.603109e-02	 1.160725e-01	 7.408603e-01	 1.288536e-01	 5.858001e+03	 5.309526e+00	 
 8.350502e-02	 1.320557e-01	 7.996037e-01	 1.021395e-01	 7.115415e+03	 5.392958e+00	 
 2.043367e-01	 8.870349e-02	 2.478491e-01	 3.461890e-01	 4.309753e+03	 4.634817e+00	 
 1.945616e-01	 8.871804e-02	 2.931844e-01	 3.258220e-01	 4.193596e+03	 4.625265e+00	 
 2.050812e-01	 8.977946e-02	 2.459716e-01	 3.463183e-01	 4.348894e+03	 4.635946e+00	 
 2.033668e-01	 8.528199e-02	 2.530327e-01	 3.435568e-01	 3.961938e+03	 4.633801e+00	 
 2.043769e-01	 8.996443e-02	 2.577514e-01	 3.371771e-01	 3.998021e+03	 4.632411e+00	 
 1.945616e-01	 8.871804e-02	 2.931844e-01	 3.258220e-01	 4.193596e+03	 4.625265e+00	 
 6.766066e-02	 2.376286e-02	 5.008315e-01	 3.360616e-01	 9.312601e+01	 6.446809e+00	 
 7.135425e-02	 2.162717e-02	 4.997385e-01	 3.340944e-01	 6.904697e+01	 6.343126e+00	 
 6.981695e-02	 2.210467e-02	 4.993265e-01	 3.354131e-01	 5.821742e+01	 6.393456e+00	 
 6.982023e-02	 2.209825e-02	 4.993303e-01	 3.354114e-01	 5.820173e+01	 6.393165e+00	 
 5.902865e-02	 2.541419e-02	 4.972114e-01	 3.442024e-01	 2.163793e+01	 6.724141e+00	 
 7.135425e-02	 2.162717e-02	 4.997385e-01	 3.340944e-01	 6.904697e+01	 6.343126e+00	 
 2.094719e-01	 1.356683e-01	 3.002257e-01	 2.649388e-01	 2.327509e+03	 2.999543e+00	 
 2.044400e-01	 1.184400e-01	 2.971199e-01	 2.771913e-01	 1.917164e+03	 2.965096e+00	 
 2.083867e-01	 1.231845e-01	 2.930037e-01	 2.736353e-01	 1.949052e+03	 2.989744e+00	 
 2.083867e-01	 1.231845e-01	 2.930037e-01	 2.736353e-01	 1.949052e+03	 2.989744e+00	 
 1.683726e-01	 1.469049e-01	 2.810702e-01	 3.024877e-01	 1.985928e+03	 3.075812e+00	 
 2.071457e-01	 1.192277e-01	 2.937661e-01	 2.752437e-01	 1.807627e+03	 2.981382e+00	 
 1.787619e-01	 1.375229e-01	 2.607466e-01	 3.055207e-01	 1.475292e+03	 3.118285e+00	 
 2.054317e-01	 1.072443e-01	 2.891373e-01	 2.827213e-01	 1.428216e+03	 2.979077e+00	 
 1.717932e-01	 1.252932e-01	 2.753918e-01	 3.097159e-01	 1.409758e+03	 3.064156e+00	 
 2.033529e-01	 1.144873e-01	 2.975343e-01	 2.788342e-01	 1.772979e+03	 2.959211e+00	 
 1.258194e-01	 1.502382e-01	 2.609685e-01	 3.439628e-01	 1.384441e+03	 3.258448e+00	 
 2.090767e-01	 1.083780e-01	 2.776514e-01	 2.865164e-01	 1.547621e+03	 3.013790e+00	 
 7.067886e-02	 2.130946e-02	 4.992474e-01	 3.348527e-01	 3.735442e+01	 6.359811e+00	 
 7.023400e-02	 2.219220e-02	 4.974765e-01	 3.361712e-01	 7.142601e+01	 6.425461e+00	 
 6.981695e-02	 2.210467e-02	 4.993265e-01	 3.354131e-01	 5.821742e+01	 6.393456e+00	 
 7.023400e-02	 2.219220e-02	 4.974765e-01	 3.361712e-01	 7.142601e+01	 6.425461e+00	 
 6.981695e-02	 2.210467e-02	 4.993265e-01	 3.354131e-01	 5.821742e+01	 6.393456e+00	 
 6.766066e-02	 2.376286e-02	 5.008315e-01	 3.360616e-01	 9.312601e+01	 6.446809e+00	 
 7.067886e-02	 2.130946e-02	 4.992474e-01	 3.348527e-01	 3.735442e+01	 6.359811e+00	 
 6.981349e-02	 2.211144e-02	 4.993225e-01	 3.354150e-01	 5.823395e+01	 6.393762e+00	 
 6.766508e-02	 2.375504e-02	 5.008354e-01	 3.360594e-01	 9.309677e+01	 6.446480e+00	 
 5.975476e-02	 2.508435e-02	 4.962024e-01	 3.442681e-01	 2.203284e+01	 6.719956e+00	 
 7.023400e-02	 2.219220e-02	 4.974765e-01	 3.361712e-01	 7.142601e+01	 6.425461e+00	 
 5.918460e-02	 2.545217e-02	 4.964529e-01	 3.445249e-01	 1.635941e+01	 6.732643e+00	 
 6.766066e-02	 2.376286e-02	 5.008315e-01	 3.360616e-01	 9.312601e+01	 6.446809e+00	 
 5.945384e-02	 2.501252e-02	 4.976588e-01	 3.436498e-01	 3.214703e+01	 6.703256e+00	 
 6.766508e-02	 2.375504e-02	 5.008354e-01	 3.360594e-01	 9.309677e+01	 6.446480e+00	 
 6.981349e-02	 2.211144e-02	 4.993225e-01	 3.354150e-01	 5.823395e+01	 6.393762e+00	 
 7.023400e-02	 2.219220e-02	 4.974765e-01	 3.361712e-01	 7.142601e+01	 6.425461e+00	 
 6.988807e-02	 2.177888e-02	 5.003293e-01	 3.347900e-01	 4.336544e+01	 6.364741e+00	 
 6.981349e-02	 2.211144e-02	 4.993225e-01	 3.354150e-01	 5.823395e+01	 6.393762e+00	 
 6.981349e-02	 2.211144e-02	 4.993225e-01	 3.354150e-01	 5.823395e+01	 6.393762e+00	 
 7.135717e-02	 2.162070e-02	 4.997423e-01	 3.340930e-01	 6.902757e+01	 6.342826e+00	 
 5.918460e-02	 2.545217e-02	 4.964529e-01	 3.445249e-01	 1.635941e+01	 6.732643e+00	 
 6.766066e-02	 2.376286e-02	 5.008315e-01	 3.360616e-01	 9.312601e+01	 6.446809e+00	 
 6.938869e-02	 2.202986e-02	 5.011874e-01	 3.346510e-01	 4.490684e+01	 6.364891e+00	 
 1.156585e-01	 1.766007e-01	 2.594695e-01	 3.444106e-01	 1.999360e+03	 3.326890e+00	 
 2.164380e-01	 1.327258e-01	 2.859624e-01	 2.651269e-01	 1.954029e+03	 3.044837e+00	 
 2.082567e-01	 1.217460e-01	 2.921680e-01	 2.746431e-01	 1.905364e+03	 2.989395e+00	 
 2.174194e-01	 1.326457e-01	 2.825250e-01	 2.664672e-01	 1.975576e+03	 3.053412e+00	 
 2.071457e-01	 1.192277e-01	 2.937661e-01	 2.752437e-01	 1.807627e+03	 2.981382e+00	 
 2.082567e-01	 1.217460e-01	 2.921680e-01	 2.746431e-01	 1.905364e+03	 2.989395e+00	 
 2.037140e-01	 1.057975e-01	 2.890707e-01	 2.859766e-01	 1.521878e+03	 2.973534e+00	 
 2.099599e-01	 1.093820e-01	 2.755069e-01	 2.868461e-01	 1.597146e+03	 3.021406e+00	 
 2.081100e-01	 1.200568e-01	 2.911909e-01	 2.758197e-01	 1.854156e+03	 2.989186e+00	 
 2.037140e-01	 1.057975e-01	 2.890707e-01	 2.859766e-01	 1.521878e+03	 2.973534e+00	 
 2.037140e-01	 1.057975e-01	 2.890707e-01	 2.859766e-01	 1.521878e+03	 2.973534e+00	 
 1.259187e-01	 1.521796e-01	 2.579564e-01	 3.450914e-01	 1.450047e+03	 3.268928e+00	 
 6.982023e-02	 2.209825e-02	 4.993303e-01	 3.354114e-01	 5.820173e+01	 6.393165e+00	 
 6.981695e-02	 2.210467e-02	 4.993265e-01	 3.354131e-01	 5.821742e+01	 6.393456e+00	 
 7.135425e-02	 2.162717e-02	 4.997385e-01	 3.340944e-01	 6.904697e+01	 6.343126e+00	 
 5.888094e-02	 2.537822e-02	 4.979299e-01	 3.438968e-01	 2.663796e+01	 6.716359e+00	 
 6.981695e-02	 2.210467e-02	 4.993265e-01	 3.354131e-01	 5.821742e+01	 6.393456e+00	 
 6.766066e-02	 2.376286e-02	 5.008315e-01	 3.360616e-01	 9.312601e+01	 6.446809e+00	 
 1.292631e-01	 5.770915e-05	 4.705190e-01	 3.082340e-01	 8.198949e-02	 4.942662e+00	 
 1.292347e-01	 6.077723e-05	 4.705382e-01	 3.082451e-01	 7.572048e-02	 4.945458e+00	 
 1.292613e-01	 5.673355e-05	 4.705560e-01	 3.082130e-01	 3.453541e-02	 4.926867e+00	 
 1.292440e-01	 5.769080e-05	 4.705917e-01	 3.082063e-01	 8.446411e-02	 4.915170e+00	 
 1.292613e-01	 5.673355e-05	 4.705560e-01	 3.082130e-01	 3.453541e-02	 4.926867e+00	 
 1.292631e-01	 5.770915e-05	 4.705190e-01	 3.082340e-01	 8.198949e-02	 4.942662e+00	 
 1.292707e-01	 5.772166e-05	 4.704895e-01	 3.082451e-01	 1.275698e-02	 4.955282e+00	 
 1.292706e-01	 5.772167e-05	 4.704895e-01	 3.082451e-01	 1.269875e-02	 4.955292e+00	 
 1.292705e-01	 5.771109e-05	 4.704877e-01	 3.082471e-01	 1.663033e-01	 4.954047e+00	 
 1.292429e-01	 6.077948e-05	 4.705036e-01	 3.082596e-01	 1.692548e-01	 4.957990e+00	 
 1.292707e-01	 5.772166e-05	 4.704895e-01	 3.082451e-01	 1.275698e-02	 4.955282e+00	 
 1.292845e-01	 5.769485e-05	 4.705246e-01	 3.082123e-01	 1.424780e-01	 4.931851e+00	 
 7.135425e-02	 2.162717e-02	 4.997385e-01	 3.340944e-01	 6.904697e+01	 6.343126e+00	 
 5.918460e-02	 2.545217e-02	 4.964529e-01	 3.445249e-01	 1.635941e+01	 6.732643e+00	 
 6.981349e-02	 2.211144e-02	 4.993225e-01	 3.354150e-01	 5.823395e+01	 6.393762e+00	 
 6.982023e-02	 2.209825e-02	 4.993303e-01	 3.354114e-01	 5.820173e+01	 6.393165e+00	 
 6.981349e-02	 2.211144e-02	 4.993225e-01	 3.354150e-01	 5.823395e+01	 6.393762e+00	 
 7.017607e-02	 2.183332e-02	 4.990684e-01	 3.353061e-01	 5.235755e+01	 6.385448e+00	 
 6.012815e-02	 2.470874e-02	 4.967092e-01	 3.437181e-01	 3.238894e+01	 6.699366e+00	 
 6.012815e-02	 2.470874e-02	 4.967092e-01	 3.437181e-01	 3.238894e+01	 6.699366e+00	 
 5.902865e-02	 2.541419e-02	 4.972114e-01	 3.442024e-01	 2.163793e+01	 6.724141e+00	 
 6.981349e-02	 2.211144e-02	 4.993225e-01	 3.354150e-01	 5.823395e+01	 6.393762e+00	 
 5.918460e-02	 2.545217e-02	 4.964529e-01	 3.445249e-01	 1.635941e+01	 6.732643e+00	 
 7.135425e-02	 2.162717e-02	 4.997385e-01	 3.340944e-01	 6.904697e+01	 6.343126e+00	 
 