2.801361e-01	 6.767898e-01	 5.289566e-07	 4.261270e-02	 8.689849e+04	 8.867495e+00	 
 2.801179e-01	 6.767269e-01	 5.381755e-07	 4.266766e-02	 8.689827e+04	 8.868739e+00	 
 2.801204e-01	 6.767259e-01	 5.386939e-07	 4.266594e-02	 8.689824e+04	 8.867482e+00	 
 2.800877e-01	 6.766084e-01	 5.560850e-07	 4.276754e-02	 8.689782e+04	 8.869214e+00	 
 2.799686e-01	 6.760998e-01	 6.342946e-07	 4.318614e-02	 8.689576e+04	 8.866818e+00	 
 3.499239e-01	 6.481493e-01	 4.679286e-05	 1.844005e-03	 5.845746e+04	 9.504851e+00	 
 3.510304e-01	 6.473455e-01	 4.694349e-05	 1.436781e-03	 5.845700e+04	 9.495249e+00	 
 3.520534e-01	 6.466938e-01	 4.709806e-05	 1.002018e-03	 5.845688e+04	 9.486342e+00	 
 3.520883e-01	 6.466517e-01	 4.709853e-05	 9.999524e-04	 5.845681e+04	 9.486046e+00	 
 3.521058e-01	 6.466309e-01	 4.709883e-05	 9.987575e-04	 5.845678e+04	 9.485899e+00	 
 3.521145e-01	 6.466206e-01	 4.709899e-05	 9.981202e-04	 5.845677e+04	 9.485825e+00	 
 3.521188e-01	 6.466155e-01	 4.709908e-05	 9.977907e-04	 5.845676e+04	 9.485788e+00	 
 3.502724e-01	 6.473390e-01	 4.670653e-05	 2.074445e-03	 5.845566e+04	 9.502060e+00	 
 3.164096e-01	 2.747497e-01	 6.923421e-04	 2.505589e-01	 5.007429e+04	 9.319776e+00	 
 2.732412e-01	 1.301723e-01	 5.893852e-04	 3.787433e-01	 5.007296e+04	 9.222239e+00	 
 2.733060e-01	 1.295409e-01	 5.903693e-04	 3.790620e-01	 5.007207e+04	 9.227067e+00	 
 3.026965e-01	 2.276113e-01	 5.334113e-04	 2.920688e-01	 5.007161e+04	 9.321076e+00	 
 3.156835e-01	 2.765950e-01	 6.900510e-04	 2.500145e-01	 5.007010e+04	 9.349201e+00	 
 3.158423e-01	 2.761418e-01	 6.914003e-04	 2.501360e-01	 5.006906e+04	 9.354215e+00	 
 2.495587e-01	 6.890612e-01	 2.320021e-04	 6.114806e-02	 4.728845e+04	 8.683303e+00	 
 2.096837e-01	 6.807121e-01	 3.873908e-03	 9.804439e-02	 4.727200e+04	 7.865743e+00	 
 1.941391e-01	 6.685294e-01	 4.979984e-03	 1.181749e-01	 4.725857e+04	 7.585935e+00	 
 1.824383e-01	 6.593587e-01	 5.812529e-03	 1.333280e-01	 4.724845e+04	 7.478213e+00	 
 1.749597e-01	 6.534970e-01	 6.344636e-03	 1.430133e-01	 4.724199e+04	 7.627365e+00	 
 