Condicionamento
2.240445e+02	 1	 0	 
 3.972366e+02	 1	 0	 
 7.391943e+05	 1	 0	 
 9.990499e+02	 1	 0	 
 2.683810e+03	 1	 0	 
 2.768185e+04	 1	 0	 
 2.452815e+03	 1	 0	 
 6.244138e+03	 1	 0	 
 2.898941e+02	 1	 0	 
 2.363483e+04	 1	 0	 
 2.363483e+04	 1	 1	 
 2.363483e+04	 1	 2	 
 2.363483e+04	 1	 3	 
 2.363483e+04	 2	 1	 
 9.990499e+02	 2	 2	 
 9.990499e+02	 2	 3	 
 2.363483e+04	 3	 1	 
 2.363483e+04	 3	 2	 
 2.363483e+04	 3	 3	 
 2.363483e+04	 4	 1	 
 7.391943e+05	 4	 2	 
 7.391943e+05	 4	 3	 
 2.363483e+04	 5	 1	 
 6.244138e+03	 5	 2	 
 6.244138e+03	 5	 3	 
 2.363483e+04	 6	 1	 
 2.683810e+03	 6	 2	 
 2.683810e+03	 6	 3	 
 2.363483e+04	 7	 1	 
 2.363483e+04	 7	 2	 
 2.363483e+04	 7	 3	 
 2.363483e+04	 8	 1	 
 2.683810e+03	 8	 2	 
 2.683810e+03	 8	 3	 
 2.363483e+04	 9	 1	 
 9.990499e+02	 9	 2	 
 9.990499e+02	 9	 3	 
 2.363483e+04	 10	 1	 
 2.363483e+04	 10	 2	 
 2.363483e+04	 10	 3	 
 