s	 e	 integralPartic	 alturaRetang	 metadePartic	 maximaPartic	 minimoPArtic	 alturaPartic	 p	 comparativoMet
6	 38	 6.753202e+05	 2.046425e+04	 1.523754e+04	 3.047494e+04	 1.326271e-01	 1.343016e+00	 1	 7.445930e-01	 
 6	 38	 6.753202e+05	 2.046425e+04	 1.523754e+04	 3.047494e+04	 1.326271e-01	 1.343016e+00	 1	 7.445930e-01	 
 6	 38	 6.753202e+05	 2.046425e+04	 1.523754e+04	 3.047494e+04	 1.326271e-01	 1.343016e+00	 1	 7.445930e-01	 
 6	 38	 6.753202e+05	 2.046425e+04	 1.523754e+04	 3.047494e+04	 1.326271e-01	 1.343016e+00	 1	 7.445930e-01	 
 6	 38	 6.753202e+05	 2.046425e+04	 1.523754e+04	 3.047494e+04	 1.326271e-01	 1.343016e+00	 1	 7.445930e-01	 
 6	 38	 6.753202e+05	 2.046425e+04	 1.523754e+04	 3.047494e+04	 1.326271e-01	 1.343016e+00	 1	 7.445930e-01	 
 6	 38	 6.753202e+05	 2.046425e+04	 1.523754e+04	 3.047494e+04	 1.326271e-01	 1.343016e+00	 1	 7.445930e-01	 
 6	 38	 6.753202e+05	 2.046425e+04	 1.523754e+04	 3.047494e+04	 1.326271e-01	 1.343016e+00	 1	 7.445930e-01	 
 6	 38	 6.753202e+05	 2.046425e+04	 1.523754e+04	 3.047494e+04	 1.326271e-01	 1.343016e+00	 1	 7.445930e-01	 
 6	 38	 6.753202e+05	 2.046425e+04	 1.523754e+04	 3.047494e+04	 1.326271e-01	 1.343016e+00	 1	 7.445930e-01	 
 