Condicionamento
1.626623e+02	 1	 0	 
 2.869488e+04	 1	 0	 
 1.081663e+02	 1	 0	 
 9.315896e+01	 1	 0	 
 4.349297e+02	 1	 0	 
 7.264638e+03	 1	 0	 
 2.227709e+04	 1	 0	 
 4.196132e+03	 1	 0	 
 8.427428e+04	 1	 0	 
 2.217267e+03	 1	 0	 
 2.217267e+03	 1	 1	 
 2.227709e+04	 1	 2	 
 2.227709e+04	 1	 3	 
 2.217267e+03	 2	 1	 
 8.427428e+04	 2	 2	 
 8.427428e+04	 2	 3	 
 2.217267e+03	 3	 1	 
 9.315896e+01	 3	 2	 
 9.315896e+01	 3	 3	 
 2.217267e+03	 4	 1	 
 4.196132e+03	 4	 2	 
 4.196132e+03	 4	 3	 
 2.217267e+03	 5	 1	 
 2.217267e+03	 5	 2	 
 2.217267e+03	 5	 3	 
 2.217267e+03	 6	 1	 
 2.217267e+03	 6	 2	 
 2.217267e+03	 6	 3	 
 2.217267e+03	 7	 1	 
 2.217267e+03	 7	 2	 
 2.217267e+03	 7	 3	 
 2.217267e+03	 8	 1	 
 1.081663e+02	 8	 2	 
 1.081663e+02	 8	 3	 
 2.217267e+03	 9	 1	 
 2.227709e+04	 9	 2	 
 2.227709e+04	 9	 3	 
 2.217267e+03	 10	 1	 
 2.217267e+03	 10	 2	 
 2.217267e+03	 10	 3	 
 