s	 e	 integralPartic	 alturaRetang	 metadePartic	 maximaPartic	 minimoPArtic	 alturaPartic	 p	 comparativoMet
336	 354	 1.780006e+04	 9.368455e+02	 1.311501e+03	 2.303523e+03	 3.194777e+02	 7.143310e-01	 0	 1.399911e+00	 
 302	 331	 1.853305e+04	 6.177682e+02	 1.327226e+03	 2.303523e+03	 3.509294e+02	 4.654580e-01	 0	 2.148421e+00	 
 322	 354	 3.996994e+04	 1.211210e+03	 1.309877e+03	 2.303523e+03	 3.162296e+02	 9.246751e-01	 0	 1.081461e+00	 
 308	 337	 4.079288e+04	 1.359763e+03	 1.319522e+03	 2.303523e+03	 3.355197e+02	 1.030497e+00	 1	 9.704059e-01	 
 333	 353	 3.945835e+04	 1.878969e+03	 1.308915e+03	 2.303523e+03	 3.143073e+02	 1.435516e+00	 1	 6.966136e-01	 
 333	 353	 3.945835e+04	 1.878969e+03	 1.308915e+03	 2.303523e+03	 3.143073e+02	 1.435516e+00	 1	 6.966136e-01	 
 333	 353	 3.945835e+04	 1.878969e+03	 1.308915e+03	 2.303523e+03	 3.143073e+02	 1.435516e+00	 1	 6.966136e-01	 
 325	 344	 2.919136e+04	 1.459568e+03	 1.311663e+03	 2.303523e+03	 3.198023e+02	 1.112762e+00	 1	 8.986650e-01	 
 336	 354	 1.780006e+04	 9.368455e+02	 1.311501e+03	 2.303523e+03	 3.194777e+02	 7.143310e-01	 0	 1.399911e+00	 
 333	 353	 3.945835e+04	 1.878969e+03	 1.308915e+03	 2.303523e+03	 3.143073e+02	 1.435516e+00	 1	 6.966136e-01	 
 