-3.470227e-02	 2.909131e+00	 -6.126978e+00	 2.645123e+00	 1.407307e+05	 136902	 3.828720e+03	 0	 8.299978e+03	 1.631677e+00	 1.611920e+00	 7.090342e+02	 6.543686e+02	 
 -7.064832e-06	 2.253362e-01	 5.194890e-01	 2.374809e-01	 1.004992e+05	 1.004863e+05	 1.291565e+01	 0	 9.474213e+03	 1.771618e-02	 1.794376e-02	 7.088254e+02	 6.073329e+02	 
 -2.879671e-05	 3.282518e-01	 2.304538e-01	 3.529445e-01	 4.379436e+04	 4.378250e+04	 1.186021e+01	 0	 6.191595e+02	 8.841677e-02	 8.855101e-02	 7.036488e+02	 2.277106e+02	 
 -2.879203e-02	 1.212514e+00	 -2.867953e-01	 1.665423e-01	 6.446192e+04	 6.397610e+04	 4.858160e+02	 0	 4.984134e+02	 6.351916e-02	 2.369938e+02	 1.019285e+03	 2.849373e+02	 
 4.079534e-02	 -4.563026e+01	 9.259940e+01	 -2.886472e+01	 1.834928e+04	 6.559060e+04	 4.724132e+04	 0	 1.183975e+05	 1.777637e+01	 1.228441e+03	 1.801304e+03	 1.316014e+03	 
 -2.627541e-02	 3.135834e+00	 -3.337267e+00	 8.907756e-01	 1.158198e+05	 111732	 4.087844e+03	 0	 2.764694e+03	 3.375095e-01	 3.372201e-01	 2.109766e+03	 1.452090e+03	 
 -8.433974e-04	 6.250708e-01	 1.456665e-01	 2.269832e-01	 1.431825e+05	 1.421932e+05	 9.893417e+02	 0	 5.613251e+02	 3.123479e-03	 3.368698e-03	 1.973380e+03	 2.011927e+03	 
 -1.043207e-04	 -9.895459e-01	 6.111191e+00	 -2.484793e+00	 1.030177e+05	 1.029299e+05	 8.776566e+01	 0	 5.755849e+04	 1.720428e+00	 9.132727e+01	 5.378827e+02	 2.928039e+02	 
 -7.322516e-04	 7.768196e-01	 -1.861115e-02	 2.254791e-01	 5.068997e+04	 4.995680e+04	 7.331726e+02	 0	 1.764620e+05	 1.761407e-02	 1.754219e-02	 1.518406e+03	 8.564477e+01	 
 -3.518636e-05	 2.692130e-01	 3.150760e-01	 3.447421e-01	 5.193829e+04	 5.192440e+04	 1.388863e+01	 0	 9.265641e+02	 7.105332e-02	 7.118051e-02	 2.233234e+02	 1.343527e+00	 
 -3.518636e-05	 2.692130e-01	 3.150760e-01	 3.447421e-01	 5.193829e+04	 5.192440e+04	 1.388863e+01	 0	 9.265641e+02	 7.105332e-02	 7.118051e-02	 2.233234e+02	 1.343527e+00	 
 -8.433974e-04	 6.250708e-01	 1.456665e-01	 2.269832e-01	 1.431825e+05	 1.421932e+05	 9.893417e+02	 0	 5.613251e+02	 3.123479e-03	 3.368698e-03	 1.973380e+03	 2.011927e+03	 
 -8.433974e-04	 6.250708e-01	 1.456665e-01	 2.269832e-01	 1.431825e+05	 1.421932e+05	 9.893417e+02	 0	 5.613251e+02	 3.123479e-03	 3.368698e-03	 1.973380e+03	 2.011927e+03	 
 -3.518636e-05	 2.692130e-01	 3.150760e-01	 3.447421e-01	 5.193829e+04	 5.192440e+04	 1.388863e+01	 0	 9.265641e+02	 7.105332e-02	 7.118051e-02	 2.233234e+02	 1.343527e+00	 
 -3.518636e-05	 2.692130e-01	 3.150760e-01	 3.447421e-01	 5.193829e+04	 5.192440e+04	 1.388863e+01	 0	 9.265641e+02	 7.105332e-02	 7.118051e-02	 2.233234e+02	 1.343527e+00	 
 -3.518636e-05	 2.692130e-01	 3.150760e-01	 3.447421e-01	 5.193829e+04	 5.192440e+04	 1.388863e+01	 0	 9.265641e+02	 7.105332e-02	 7.118051e-02	 2.233234e+02	 1.343527e+00	 
 -3.518636e-05	 2.692130e-01	 3.150760e-01	 3.447421e-01	 5.193829e+04	 5.192440e+04	 1.388863e+01	 0	 9.265641e+02	 7.105332e-02	 7.118051e-02	 2.233234e+02	 1.343527e+00	 
 4.461115e-05	 1.903746e-01	 5.690067e-01	 2.264983e-01	 1.004119e+05	 1.004863e+05	 7.442706e+01	 1	 5.801413e+04	 1.412923e-02	 1.444176e-02	 8.175524e+02	 2.182129e+03	 
 3.774621e-05	 1.947580e-01	 5.681986e-01	 2.243551e-01	 1.004445e+05	 1.004863e+05	 4.179759e+01	 1	 4.712449e+04	 1.280145e-02	 1.302524e-02	 4.440132e+02	 2.685620e+02	 
 -3.518636e-05	 2.692130e-01	 3.150760e-01	 3.447421e-01	 5.193829e+04	 5.192440e+04	 1.388863e+01	 0	 9.265641e+02	 7.105332e-02	 7.118051e-02	 2.233234e+02	 1.343527e+00	 
 6.304294e-02	 1.782495e-01	 8.234457e-01	 2.311530e-02	 6.379532e+04	 6.397610e+04	 1.807796e+02	 1	 5.734779e+02	 8.792984e-02	 2.981230e+02	 2.691443e+02	 2.056205e+02	 
 5.213162e-02	 2.503732e-01	 6.088341e-01	 1.237275e-01	 6.409180e+04	 6.397610e+04	 1.156999e+02	 1	 4.918857e+02	 3.509862e-02	 1.417574e+02	 9.571022e+01	 1.180091e+02	 
 -3.518636e-05	 2.692130e-01	 3.150760e-01	 3.447421e-01	 5.193829e+04	 5.192440e+04	 1.388863e+01	 0	 9.265641e+02	 7.105332e-02	 7.118051e-02	 2.233234e+02	 1.343527e+00	 
 -3.518636e-05	 2.692130e-01	 3.150760e-01	 3.447421e-01	 5.193829e+04	 5.192440e+04	 1.388863e+01	 0	 9.265641e+02	 7.105332e-02	 7.118051e-02	 2.233234e+02	 1.343527e+00	 
 -3.518636e-05	 2.692130e-01	 3.150760e-01	 3.447421e-01	 5.193829e+04	 5.192440e+04	 1.388863e+01	 0	 9.265641e+02	 7.105332e-02	 7.118051e-02	 2.233234e+02	 1.343527e+00	 
 -3.518636e-05	 2.692130e-01	 3.150760e-01	 3.447421e-01	 5.193829e+04	 5.192440e+04	 1.388863e+01	 0	 9.265641e+02	 7.105332e-02	 7.118051e-02	 2.233234e+02	 1.343527e+00	 
 4.079534e-02	 -4.563026e+01	 9.259940e+01	 -2.886472e+01	 1.834928e+04	 6.559060e+04	 4.724132e+04	 0	 1.183975e+05	 1.777637e+01	 1.228441e+03	 1.801304e+03	 1.316014e+03	 
 4.079534e-02	 -4.563026e+01	 9.259940e+01	 -2.886472e+01	 1.834928e+04	 6.559060e+04	 4.724132e+04	 0	 1.183975e+05	 1.777637e+01	 1.228441e+03	 1.801304e+03	 1.316014e+03	 
 -3.518636e-05	 2.692130e-01	 3.150760e-01	 3.447421e-01	 5.193829e+04	 5.192440e+04	 1.388863e+01	 0	 9.265641e+02	 7.105332e-02	 7.118051e-02	 2.233234e+02	 1.343527e+00	 
 4.079534e-02	 -4.563026e+01	 9.259940e+01	 -2.886472e+01	 1.834928e+04	 6.559060e+04	 4.724132e+04	 0	 1.183975e+05	 1.777637e+01	 1.228441e+03	 1.801304e+03	 1.316014e+03	 
 4.079534e-02	 -4.563026e+01	 9.259940e+01	 -2.886472e+01	 1.834928e+04	 6.559060e+04	 4.724132e+04	 0	 1.183975e+05	 1.777637e+01	 1.228441e+03	 1.801304e+03	 1.316014e+03	 
 -3.518636e-05	 2.692130e-01	 3.150760e-01	 3.447421e-01	 5.193829e+04	 5.192440e+04	 1.388863e+01	 0	 9.265641e+02	 7.105332e-02	 7.118051e-02	 2.233234e+02	 1.343527e+00	 
 4.461115e-05	 1.903746e-01	 5.690067e-01	 2.264983e-01	 1.004119e+05	 1.004863e+05	 7.442706e+01	 1	 5.801413e+04	 1.412923e-02	 1.444176e-02	 8.175524e+02	 2.182129e+03	 
 4.099588e-05	 1.953650e-01	 5.678725e-01	 2.241655e-01	 1.004443e+05	 1.004863e+05	 4.204555e+01	 1	 4.290248e+04	 1.261644e-02	 1.293120e-02	 4.409840e+02	 2.738629e+02	 
 -3.518636e-05	 2.692130e-01	 3.150760e-01	 3.447421e-01	 5.193829e+04	 5.192440e+04	 1.388863e+01	 0	 9.265641e+02	 7.105332e-02	 7.118051e-02	 2.233234e+02	 1.343527e+00	 
 -7.322516e-04	 7.768196e-01	 -1.861115e-02	 2.254791e-01	 5.068997e+04	 4.995680e+04	 7.331726e+02	 0	 1.764620e+05	 1.761407e-02	 1.754219e-02	 1.518406e+03	 8.564477e+01	 
 -7.322516e-04	 7.768196e-01	 -1.861115e-02	 2.254791e-01	 5.068997e+04	 4.995680e+04	 7.331726e+02	 0	 1.764620e+05	 1.761407e-02	 1.754219e-02	 1.518406e+03	 8.564477e+01	 
 -3.518636e-05	 2.692130e-01	 3.150760e-01	 3.447421e-01	 5.193829e+04	 5.192440e+04	 1.388863e+01	 0	 9.265641e+02	 7.105332e-02	 7.118051e-02	 2.233234e+02	 1.343527e+00	 
 -1.043207e-04	 -9.895459e-01	 6.111191e+00	 -2.484793e+00	 1.030177e+05	 1.029299e+05	 8.776566e+01	 0	 5.755849e+04	 1.720428e+00	 9.132727e+01	 5.378827e+02	 2.928039e+02	 
 -1.043207e-04	 -9.895459e-01	 6.111191e+00	 -2.484793e+00	 1.030177e+05	 1.029299e+05	 8.776566e+01	 0	 5.755849e+04	 1.720428e+00	 9.132727e+01	 5.378827e+02	 2.928039e+02	 
 