s	 e	 integralPartic	 alturaRetang	 metadePartic	 maximaPartic	 minimoPArtic	 alturaPartic	 p	 comparativoMet
90	 108	 5.356728e+03	 2.819331e+02	 2.101009e+02	 4.201390e+02	 6.285714e-02	 1.341893e+00	 1	 7.452156e-01	 
 90	 108	 5.356728e+03	 2.819331e+02	 2.101009e+02	 4.201390e+02	 6.285714e-02	 1.341893e+00	 1	 7.452156e-01	 
 90	 108	 5.356728e+03	 2.819331e+02	 2.101009e+02	 4.201390e+02	 6.285714e-02	 1.341893e+00	 1	 7.452156e-01	 
 90	 108	 5.356728e+03	 2.819331e+02	 2.101009e+02	 4.201390e+02	 6.285714e-02	 1.341893e+00	 1	 7.452156e-01	 
 90	 108	 5.356728e+03	 2.819331e+02	 2.101009e+02	 4.201390e+02	 6.285714e-02	 1.341893e+00	 1	 7.452156e-01	 
 90	 108	 5.356728e+03	 2.819331e+02	 2.101009e+02	 4.201390e+02	 6.285714e-02	 1.341893e+00	 1	 7.452156e-01	 
 90	 108	 5.356728e+03	 2.819331e+02	 2.101009e+02	 4.201390e+02	 6.285714e-02	 1.341893e+00	 1	 7.452156e-01	 
 90	 108	 5.356728e+03	 2.819331e+02	 2.101009e+02	 4.201390e+02	 6.285714e-02	 1.341893e+00	 1	 7.452156e-01	 
 90	 108	 5.356728e+03	 2.819331e+02	 2.101009e+02	 4.201390e+02	 6.285714e-02	 1.341893e+00	 1	 7.452156e-01	 
 90	 108	 5.356728e+03	 2.819331e+02	 2.101009e+02	 4.201390e+02	 6.285714e-02	 1.341893e+00	 1	 7.452156e-01	 
 