2.508896e-01	 6.746601e-01	 1.267364e-04	 6.863265e-02	 7.969096e+04	 7.968466e+04	 6.304592e+00	 1	 5.342247e+03	 5.849068e-03	 5.990058e-03	 3.644084e+01	 1.707873e+02	 
 2.508896e-01	 6.746601e-01	 1.267364e-04	 6.863265e-02	 7.969096e+04	 7.968466e+04	 6.304592e+00	 1	 5.342247e+03	 5.849068e-03	 5.990058e-03	 3.644084e+01	 1.707873e+02	 
 2.508896e-01	 6.746601e-01	 1.267364e-04	 6.863265e-02	 7.969096e+04	 7.968466e+04	 6.304592e+00	 1	 5.342247e+03	 5.849068e-03	 5.990058e-03	 3.644084e+01	 1.707873e+02	 
 2.508896e-01	 6.746601e-01	 1.267364e-04	 6.863265e-02	 7.969096e+04	 7.968466e+04	 6.304592e+00	 1	 5.342247e+03	 5.849068e-03	 5.990058e-03	 3.644084e+01	 1.707873e+02	 
 2.508896e-01	 6.746601e-01	 1.267364e-04	 6.863265e-02	 7.969096e+04	 7.968466e+04	 6.304592e+00	 1	 5.342247e+03	 5.849068e-03	 5.990058e-03	 3.644084e+01	 1.707873e+02	 
 2.508896e-01	 6.746601e-01	 1.267364e-04	 6.863265e-02	 7.969096e+04	 7.968466e+04	 6.304592e+00	 1	 5.342247e+03	 5.849068e-03	 5.990058e-03	 3.644084e+01	 1.707873e+02	 
 2.088089e-01	 7.171945e-01	 1.236432e-03	 7.944262e-02	 1.031562e+05	 1.030905e+05	 6.575997e+01	 1	 2.933163e+03	 6.745490e-03	 1.612249e+01	 1.488450e+02	 4.760860e+02	 
 2.088089e-01	 7.171945e-01	 1.236432e-03	 7.944262e-02	 1.031562e+05	 1.030905e+05	 6.575997e+01	 1	 2.933163e+03	 6.745490e-03	 1.612249e+01	 1.488450e+02	 4.760860e+02	 
 2.088089e-01	 7.171945e-01	 1.236432e-03	 7.944262e-02	 1.031562e+05	 1.030905e+05	 6.575997e+01	 1	 2.933163e+03	 6.745490e-03	 1.612249e+01	 1.488450e+02	 4.760860e+02	 
 2.088089e-01	 7.171945e-01	 1.236432e-03	 7.944262e-02	 1.031562e+05	 1.030905e+05	 6.575997e+01	 1	 2.933163e+03	 6.745490e-03	 1.612249e+01	 1.488450e+02	 4.760860e+02	 
 2.088089e-01	 7.171945e-01	 1.236432e-03	 7.944262e-02	 1.031562e+05	 1.030905e+05	 6.575997e+01	 1	 2.933163e+03	 6.745490e-03	 1.612249e+01	 1.488450e+02	 4.760860e+02	 
 2.088089e-01	 7.171945e-01	 1.236432e-03	 7.944262e-02	 1.031562e+05	 1.030905e+05	 6.575997e+01	 1	 2.933163e+03	 6.745490e-03	 1.612249e+01	 1.488450e+02	 4.760860e+02	 
 2.162217e-01	 6.843849e-01	 1.022948e-07	 9.377161e-02	 7.978405e+04	 7.978405e+04	 2.755740e-03	 1	 3.715448e+03	 5.722053e-03	 5.982656e-03	 8.591489e+01	 1.752947e+02	 
 2.162217e-01	 6.843849e-01	 1.022948e-07	 9.377161e-02	 7.978405e+04	 7.978405e+04	 2.755740e-03	 1	 3.715448e+03	 5.722053e-03	 5.982656e-03	 8.591489e+01	 1.752947e+02	 
 2.162217e-01	 6.843849e-01	 1.022948e-07	 9.377161e-02	 7.978405e+04	 7.978405e+04	 2.755740e-03	 1	 3.715448e+03	 5.722053e-03	 5.982656e-03	 8.591489e+01	 1.752947e+02	 
 2.162217e-01	 6.843849e-01	 1.022948e-07	 9.377161e-02	 7.978405e+04	 7.978405e+04	 2.755740e-03	 1	 3.715448e+03	 5.722053e-03	 5.982656e-03	 8.591489e+01	 1.752947e+02	 
 2.162217e-01	 6.843849e-01	 1.022948e-07	 9.377161e-02	 7.978405e+04	 7.978405e+04	 2.755740e-03	 1	 3.715448e+03	 5.722053e-03	 5.982656e-03	 8.591489e+01	 1.752947e+02	 
 2.162217e-01	 6.843849e-01	 1.022948e-07	 9.377161e-02	 7.978405e+04	 7.978405e+04	 2.755740e-03	 1	 3.715448e+03	 5.722053e-03	 5.982656e-03	 8.591489e+01	 1.752947e+02	 
 1.588865e-01	 8.428167e-01	 5.856786e-04	 4.348138e-02	 1.292509e+05	 1.292240e+05	 2.683865e+01	 1	 1.324640e+03	 4.596259e-02	 2.971024e+01	 1.806540e+02	 1.980984e+02	 
 1.588865e-01	 8.428167e-01	 5.856786e-04	 4.348138e-02	 1.292509e+05	 1.292240e+05	 2.683865e+01	 1	 1.324640e+03	 4.596259e-02	 2.971024e+01	 1.806540e+02	 1.980984e+02	 
 1.588865e-01	 8.428167e-01	 5.856786e-04	 4.348138e-02	 1.292509e+05	 1.292240e+05	 2.683865e+01	 1	 1.324640e+03	 4.596259e-02	 2.971024e+01	 1.806540e+02	 1.980984e+02	 
 1.588865e-01	 8.428167e-01	 5.856786e-04	 4.348138e-02	 1.292509e+05	 1.292240e+05	 2.683865e+01	 1	 1.324640e+03	 4.596259e-02	 2.971024e+01	 1.806540e+02	 1.980984e+02	 
 1.588865e-01	 8.428167e-01	 5.856786e-04	 4.348138e-02	 1.292509e+05	 1.292240e+05	 2.683865e+01	 1	 1.324640e+03	 4.596259e-02	 2.971024e+01	 1.806540e+02	 1.980984e+02	 
 1.588865e-01	 8.428167e-01	 5.856786e-04	 4.348138e-02	 1.292509e+05	 1.292240e+05	 2.683865e+01	 1	 1.324640e+03	 4.596259e-02	 2.971024e+01	 1.806540e+02	 1.980984e+02	 
 2.709777e-01	 6.499901e-01	 1.474418e-02	 6.603660e-02	 9.361903e+04	 9.267833e+04	 9.407021e+02	 1	 1.464189e+03	 1.759606e-03	 2.108022e+01	 1.845228e+02	 1.021308e+02	 
 2.709777e-01	 6.499901e-01	 1.474418e-02	 6.603660e-02	 9.361903e+04	 9.267833e+04	 9.407021e+02	 1	 1.464189e+03	 1.759606e-03	 2.108022e+01	 1.845228e+02	 1.021308e+02	 
 2.709777e-01	 6.499901e-01	 1.474418e-02	 6.603660e-02	 9.361903e+04	 9.267833e+04	 9.407021e+02	 1	 1.464189e+03	 1.759606e-03	 2.108022e+01	 1.845228e+02	 1.021308e+02	 
 2.709777e-01	 6.499901e-01	 1.474418e-02	 6.603660e-02	 9.361903e+04	 9.267833e+04	 9.407021e+02	 1	 1.464189e+03	 1.759606e-03	 2.108022e+01	 1.845228e+02	 1.021308e+02	 
 2.709777e-01	 6.499901e-01	 1.474418e-02	 6.603660e-02	 9.361903e+04	 9.267833e+04	 9.407021e+02	 1	 1.464189e+03	 1.759606e-03	 2.108022e+01	 1.845228e+02	 1.021308e+02	 
 2.709777e-01	 6.499901e-01	 1.474418e-02	 6.603660e-02	 9.361903e+04	 9.267833e+04	 9.407021e+02	 1	 1.464189e+03	 1.759606e-03	 2.108022e+01	 1.845228e+02	 1.021308e+02	 
 8.694107e-02	 -9.445620e-01	 -9.098407e-03	 1.227160e+00	 9.245072e+04	 9.268900e+04	 2.382779e+02	 0	 4.357935e+03	 6.520772e-01	 6.486953e-01	 1.376208e+02	 1.039373e+02	 
 8.694107e-02	 -9.445620e-01	 -9.098407e-03	 1.227160e+00	 9.245072e+04	 9.268900e+04	 2.382779e+02	 0	 4.357935e+03	 6.520772e-01	 6.486953e-01	 1.376208e+02	 1.039373e+02	 
 8.694107e-02	 -9.445620e-01	 -9.098407e-03	 1.227160e+00	 9.245072e+04	 9.268900e+04	 2.382779e+02	 0	 4.357935e+03	 6.520772e-01	 6.486953e-01	 1.376208e+02	 1.039373e+02	 
 8.694107e-02	 -9.445620e-01	 -9.098407e-03	 1.227160e+00	 9.245072e+04	 9.268900e+04	 2.382779e+02	 0	 4.357935e+03	 6.520772e-01	 6.486953e-01	 1.376208e+02	 1.039373e+02	 
 8.694107e-02	 -9.445620e-01	 -9.098407e-03	 1.227160e+00	 9.245072e+04	 9.268900e+04	 2.382779e+02	 0	 4.357935e+03	 6.520772e-01	 6.486953e-01	 1.376208e+02	 1.039373e+02	 
 8.694107e-02	 -9.445620e-01	 -9.098407e-03	 1.227160e+00	 9.245072e+04	 9.268900e+04	 2.382779e+02	 0	 4.357935e+03	 6.520772e-01	 6.486953e-01	 1.376208e+02	 1.039373e+02	 
 2.182091e-01	 6.134794e-01	 -5.853816e-04	 1.364234e-01	 1.110024e+05	 1.110269e+05	 2.444844e+01	 0	 6.188688e+03	 3.312198e-02	 3.286579e-02	 1.460926e+02	 7.677858e+01	 
 2.182091e-01	 6.134794e-01	 -5.853816e-04	 1.364234e-01	 1.110024e+05	 1.110269e+05	 2.444844e+01	 0	 6.188688e+03	 3.312198e-02	 3.286579e-02	 1.460926e+02	 7.677858e+01	 
 2.182091e-01	 6.134794e-01	 -5.853816e-04	 1.364234e-01	 1.110024e+05	 1.110269e+05	 2.444844e+01	 0	 6.188688e+03	 3.312198e-02	 3.286579e-02	 1.460926e+02	 7.677858e+01	 
 2.182091e-01	 6.134794e-01	 -5.853816e-04	 1.364234e-01	 1.110024e+05	 1.110269e+05	 2.444844e+01	 0	 6.188688e+03	 3.312198e-02	 3.286579e-02	 1.460926e+02	 7.677858e+01	 
 2.182091e-01	 6.134794e-01	 -5.853816e-04	 1.364234e-01	 1.110024e+05	 1.110269e+05	 2.444844e+01	 0	 6.188688e+03	 3.312198e-02	 3.286579e-02	 1.460926e+02	 7.677858e+01	 
 2.182091e-01	 6.134794e-01	 -5.853816e-04	 1.364234e-01	 1.110024e+05	 1.110269e+05	 2.444844e+01	 0	 6.188688e+03	 3.312198e-02	 3.286579e-02	 1.460926e+02	 7.677858e+01	 
 1.569274e-01	 7.238591e-01	 1.376554e-02	 1.173699e-01	 6.461630e+04	 6.412859e+04	 4.877075e+02	 1	 2.441910e+03	 1.205036e-02	 4.292944e+01	 1.279709e+02	 2.446360e+02	 
 1.569274e-01	 7.238591e-01	 1.376554e-02	 1.173699e-01	 6.461630e+04	 6.412859e+04	 4.877075e+02	 1	 2.441910e+03	 1.205036e-02	 4.292944e+01	 1.279709e+02	 2.446360e+02	 
 1.569274e-01	 7.238591e-01	 1.376554e-02	 1.173699e-01	 6.461630e+04	 6.412859e+04	 4.877075e+02	 1	 2.441910e+03	 1.205036e-02	 4.292944e+01	 1.279709e+02	 2.446360e+02	 
 1.569274e-01	 7.238591e-01	 1.376554e-02	 1.173699e-01	 6.461630e+04	 6.412859e+04	 4.877075e+02	 1	 2.441910e+03	 1.205036e-02	 4.292944e+01	 1.279709e+02	 2.446360e+02	 
 1.569274e-01	 7.238591e-01	 1.376554e-02	 1.173699e-01	 6.461630e+04	 6.412859e+04	 4.877075e+02	 1	 2.441910e+03	 1.205036e-02	 4.292944e+01	 1.279709e+02	 2.446360e+02	 
 1.569274e-01	 7.238591e-01	 1.376554e-02	 1.173699e-01	 6.461630e+04	 6.412859e+04	 4.877075e+02	 1	 2.441910e+03	 1.205036e-02	 4.292944e+01	 1.279709e+02	 2.446360e+02	 
 1.784849e-01	 6.527193e-01	 -2.891077e-04	 1.455321e-01	 1.649880e+05	 1.650159e+05	 2.781804e+01	 0	 7.667639e+02	 2.359846e-02	 2.379442e-02	 3.385261e+02	 1.689474e+02	 
 1.784849e-01	 6.527193e-01	 -2.891077e-04	 1.455321e-01	 1.649880e+05	 1.650159e+05	 2.781804e+01	 0	 7.667639e+02	 2.359846e-02	 2.379442e-02	 3.385261e+02	 1.689474e+02	 
 1.784849e-01	 6.527193e-01	 -2.891077e-04	 1.455321e-01	 1.649880e+05	 1.650159e+05	 2.781804e+01	 0	 7.667639e+02	 2.359846e-02	 2.379442e-02	 3.385261e+02	 1.689474e+02	 
 1.784849e-01	 6.527193e-01	 -2.891077e-04	 1.455321e-01	 1.649880e+05	 1.650159e+05	 2.781804e+01	 0	 7.667639e+02	 2.359846e-02	 2.379442e-02	 3.385261e+02	 1.689474e+02	 
 1.784849e-01	 6.527193e-01	 -2.891077e-04	 1.455321e-01	 1.649880e+05	 1.650159e+05	 2.781804e+01	 0	 7.667639e+02	 2.359846e-02	 2.379442e-02	 3.385261e+02	 1.689474e+02	 
 1.784849e-01	 6.527193e-01	 -2.891077e-04	 1.455321e-01	 1.649880e+05	 1.650159e+05	 2.781804e+01	 0	 7.667639e+02	 2.359846e-02	 2.379442e-02	 3.385261e+02	 1.689474e+02	 
 2.108724e-01	 7.145979e-01	 1.185016e-03	 7.865448e-02	 1.356870e+05	 1.355904e+05	 9.660334e+01	 1	 2.901019e+03	 5.364231e-03	 1.960067e+01	 2.016734e+02	 5.125364e+02	 
 2.108724e-01	 7.145979e-01	 1.185016e-03	 7.865448e-02	 1.356870e+05	 1.355904e+05	 9.660334e+01	 1	 2.901019e+03	 5.364231e-03	 1.960067e+01	 2.016734e+02	 5.125364e+02	 
 2.108724e-01	 7.145979e-01	 1.185016e-03	 7.865448e-02	 1.356870e+05	 1.355904e+05	 9.660334e+01	 1	 2.901019e+03	 5.364231e-03	 1.960067e+01	 2.016734e+02	 5.125364e+02	 
 2.108724e-01	 7.145979e-01	 1.185016e-03	 7.865448e-02	 1.356870e+05	 1.355904e+05	 9.660334e+01	 1	 2.901019e+03	 5.364231e-03	 1.960067e+01	 2.016734e+02	 5.125364e+02	 
 2.108724e-01	 7.145979e-01	 1.185016e-03	 7.865448e-02	 1.356870e+05	 1.355904e+05	 9.660334e+01	 1	 2.901019e+03	 5.364231e-03	 1.960067e+01	 2.016734e+02	 5.125364e+02	 
 2.108724e-01	 7.145979e-01	 1.185016e-03	 7.865448e-02	 1.356870e+05	 1.355904e+05	 9.660334e+01	 1	 2.901019e+03	 5.364231e-03	 1.960067e+01	 2.016734e+02	 5.125364e+02	 
 2.042336e-01	 7.145843e-01	 1.002097e-03	 8.441838e-02	 1.356685e+05	 1.355904e+05	 7.806855e+01	 1	 2.856019e+03	 4.264037e-03	 1.707540e+01	 2.229731e+02	 5.432522e+02	 
 2.042336e-01	 7.145843e-01	 1.002097e-03	 8.441838e-02	 1.356685e+05	 1.355904e+05	 7.806855e+01	 1	 2.856019e+03	 4.264037e-03	 1.707540e+01	 2.229731e+02	 5.432522e+02	 
 2.042336e-01	 7.145843e-01	 1.002097e-03	 8.441838e-02	 1.356685e+05	 1.355904e+05	 7.806855e+01	 1	 2.856019e+03	 4.264037e-03	 1.707540e+01	 2.229731e+02	 5.432522e+02	 
 2.042336e-01	 7.145843e-01	 1.002097e-03	 8.441838e-02	 1.356685e+05	 1.355904e+05	 7.806855e+01	 1	 2.856019e+03	 4.264037e-03	 1.707540e+01	 2.229731e+02	 5.432522e+02	 
 2.042336e-01	 7.145843e-01	 1.002097e-03	 8.441838e-02	 1.356685e+05	 1.355904e+05	 7.806855e+01	 1	 2.856019e+03	 4.264037e-03	 1.707540e+01	 2.229731e+02	 5.432522e+02	 
 2.042336e-01	 7.145843e-01	 1.002097e-03	 8.441838e-02	 1.356685e+05	 1.355904e+05	 7.806855e+01	 1	 2.856019e+03	 4.264037e-03	 1.707540e+01	 2.229731e+02	 5.432522e+02	 
 1.784849e-01	 6.527193e-01	 -2.891077e-04	 1.455321e-01	 1.649880e+05	 1.650159e+05	 2.781804e+01	 0	 7.667639e+02	 2.359846e-02	 2.379442e-02	 3.385261e+02	 1.689474e+02	 
 1.784849e-01	 6.527193e-01	 -2.891077e-04	 1.455321e-01	 1.649880e+05	 1.650159e+05	 2.781804e+01	 0	 7.667639e+02	 2.359846e-02	 2.379442e-02	 3.385261e+02	 1.689474e+02	 
 1.784849e-01	 6.527193e-01	 -2.891077e-04	 1.455321e-01	 1.649880e+05	 1.650159e+05	 2.781804e+01	 0	 7.667639e+02	 2.359846e-02	 2.379442e-02	 3.385261e+02	 1.689474e+02	 
 1.784849e-01	 6.527193e-01	 -2.891077e-04	 1.455321e-01	 1.649880e+05	 1.650159e+05	 2.781804e+01	 0	 7.667639e+02	 2.359846e-02	 2.379442e-02	 3.385261e+02	 1.689474e+02	 
 1.784849e-01	 6.527193e-01	 -2.891077e-04	 1.455321e-01	 1.649880e+05	 1.650159e+05	 2.781804e+01	 0	 7.667639e+02	 2.359846e-02	 2.379442e-02	 3.385261e+02	 1.689474e+02	 
 1.784849e-01	 6.527193e-01	 -2.891077e-04	 1.455321e-01	 1.649880e+05	 1.650159e+05	 2.781804e+01	 0	 7.667639e+02	 2.359846e-02	 2.379442e-02	 3.385261e+02	 1.689474e+02	 
 1.784849e-01	 6.527193e-01	 -2.891077e-04	 1.455321e-01	 1.649880e+05	 1.650159e+05	 2.781804e+01	 0	 7.667639e+02	 2.359846e-02	 2.379442e-02	 3.385261e+02	 1.689474e+02	 
 1.784849e-01	 6.527193e-01	 -2.891077e-04	 1.455321e-01	 1.649880e+05	 1.650159e+05	 2.781804e+01	 0	 7.667639e+02	 2.359846e-02	 2.379442e-02	 3.385261e+02	 1.689474e+02	 
 1.784849e-01	 6.527193e-01	 -2.891077e-04	 1.455321e-01	 1.649880e+05	 1.650159e+05	 2.781804e+01	 0	 7.667639e+02	 2.359846e-02	 2.379442e-02	 3.385261e+02	 1.689474e+02	 
 1.784849e-01	 6.527193e-01	 -2.891077e-04	 1.455321e-01	 1.649880e+05	 1.650159e+05	 2.781804e+01	 0	 7.667639e+02	 2.359846e-02	 2.379442e-02	 3.385261e+02	 1.689474e+02	 
 1.784849e-01	 6.527193e-01	 -2.891077e-04	 1.455321e-01	 1.649880e+05	 1.650159e+05	 2.781804e+01	 0	 7.667639e+02	 2.359846e-02	 2.379442e-02	 3.385261e+02	 1.689474e+02	 
 1.784849e-01	 6.527193e-01	 -2.891077e-04	 1.455321e-01	 1.649880e+05	 1.650159e+05	 2.781804e+01	 0	 7.667639e+02	 2.359846e-02	 2.379442e-02	 3.385261e+02	 1.689474e+02	 
 2.042336e-01	 7.145843e-01	 1.002097e-03	 8.441838e-02	 1.356685e+05	 1.355904e+05	 7.806855e+01	 1	 2.856019e+03	 4.264037e-03	 1.707540e+01	 2.229731e+02	 5.432522e+02	 
 2.042336e-01	 7.145843e-01	 1.002097e-03	 8.441838e-02	 1.356685e+05	 1.355904e+05	 7.806855e+01	 1	 2.856019e+03	 4.264037e-03	 1.707540e+01	 2.229731e+02	 5.432522e+02	 
 2.042336e-01	 7.145843e-01	 1.002097e-03	 8.441838e-02	 1.356685e+05	 1.355904e+05	 7.806855e+01	 1	 2.856019e+03	 4.264037e-03	 1.707540e+01	 2.229731e+02	 5.432522e+02	 
 2.042336e-01	 7.145843e-01	 1.002097e-03	 8.441838e-02	 1.356685e+05	 1.355904e+05	 7.806855e+01	 1	 2.856019e+03	 4.264037e-03	 1.707540e+01	 2.229731e+02	 5.432522e+02	 
 2.042336e-01	 7.145843e-01	 1.002097e-03	 8.441838e-02	 1.356685e+05	 1.355904e+05	 7.806855e+01	 1	 2.856019e+03	 4.264037e-03	 1.707540e+01	 2.229731e+02	 5.432522e+02	 
 2.042336e-01	 7.145843e-01	 1.002097e-03	 8.441838e-02	 1.356685e+05	 1.355904e+05	 7.806855e+01	 1	 2.856019e+03	 4.264037e-03	 1.707540e+01	 2.229731e+02	 5.432522e+02	 
 2.042336e-01	 7.145843e-01	 1.002097e-03	 8.441838e-02	 1.356685e+05	 1.355904e+05	 7.806855e+01	 1	 2.856019e+03	 4.264037e-03	 1.707540e+01	 2.229731e+02	 5.432522e+02	 
 2.042336e-01	 7.145843e-01	 1.002097e-03	 8.441838e-02	 1.356685e+05	 1.355904e+05	 7.806855e+01	 1	 2.856019e+03	 4.264037e-03	 1.707540e+01	 2.229731e+02	 5.432522e+02	 
 2.042336e-01	 7.145843e-01	 1.002097e-03	 8.441838e-02	 1.356685e+05	 1.355904e+05	 7.806855e+01	 1	 2.856019e+03	 4.264037e-03	 1.707540e+01	 2.229731e+02	 5.432522e+02	 
 2.042336e-01	 7.145843e-01	 1.002097e-03	 8.441838e-02	 1.356685e+05	 1.355904e+05	 7.806855e+01	 1	 2.856019e+03	 4.264037e-03	 1.707540e+01	 2.229731e+02	 5.432522e+02	 
 2.042336e-01	 7.145843e-01	 1.002097e-03	 8.441838e-02	 1.356685e+05	 1.355904e+05	 7.806855e+01	 1	 2.856019e+03	 4.264037e-03	 1.707540e+01	 2.229731e+02	 5.432522e+02	 
 2.042336e-01	 7.145843e-01	 1.002097e-03	 8.441838e-02	 1.356685e+05	 1.355904e+05	 7.806855e+01	 1	 2.856019e+03	 4.264037e-03	 1.707540e+01	 2.229731e+02	 5.432522e+02	 
 2.053843e-01	 7.260572e-01	 9.650819e-04	 7.622388e-02	 1.356627e+05	 1.355904e+05	 7.227565e+01	 1	 2.979113e+03	 8.685506e-03	 2.409138e+01	 2.042762e+02	 4.260025e+02	 
 2.053843e-01	 7.260572e-01	 9.650819e-04	 7.622388e-02	 1.356627e+05	 1.355904e+05	 7.227565e+01	 1	 2.979113e+03	 8.685506e-03	 2.409138e+01	 2.042762e+02	 4.260025e+02	 
 2.053843e-01	 7.260572e-01	 9.650819e-04	 7.622388e-02	 1.356627e+05	 1.355904e+05	 7.227565e+01	 1	 2.979113e+03	 8.685506e-03	 2.409138e+01	 2.042762e+02	 4.260025e+02	 
 2.053843e-01	 7.260572e-01	 9.650819e-04	 7.622388e-02	 1.356627e+05	 1.355904e+05	 7.227565e+01	 1	 2.979113e+03	 8.685506e-03	 2.409138e+01	 2.042762e+02	 4.260025e+02	 
 2.053843e-01	 7.260572e-01	 9.650819e-04	 7.622388e-02	 1.356627e+05	 1.355904e+05	 7.227565e+01	 1	 2.979113e+03	 8.685506e-03	 2.409138e+01	 2.042762e+02	 4.260025e+02	 
 2.053843e-01	 7.260572e-01	 9.650819e-04	 7.622388e-02	 1.356627e+05	 1.355904e+05	 7.227565e+01	 1	 2.979113e+03	 8.685506e-03	 2.409138e+01	 2.042762e+02	 4.260025e+02	 
 2.042336e-01	 7.145843e-01	 1.002097e-03	 8.441838e-02	 1.356685e+05	 1.355904e+05	 7.806855e+01	 1	 2.856019e+03	 4.264037e-03	 1.707540e+01	 2.229731e+02	 5.432522e+02	 
 2.042336e-01	 7.145843e-01	 1.002097e-03	 8.441838e-02	 1.356685e+05	 1.355904e+05	 7.806855e+01	 1	 2.856019e+03	 4.264037e-03	 1.707540e+01	 2.229731e+02	 5.432522e+02	 
 2.042336e-01	 7.145843e-01	 1.002097e-03	 8.441838e-02	 1.356685e+05	 1.355904e+05	 7.806855e+01	 1	 2.856019e+03	 4.264037e-03	 1.707540e+01	 2.229731e+02	 5.432522e+02	 
 2.042336e-01	 7.145843e-01	 1.002097e-03	 8.441838e-02	 1.356685e+05	 1.355904e+05	 7.806855e+01	 1	 2.856019e+03	 4.264037e-03	 1.707540e+01	 2.229731e+02	 5.432522e+02	 
 2.042336e-01	 7.145843e-01	 1.002097e-03	 8.441838e-02	 1.356685e+05	 1.355904e+05	 7.806855e+01	 1	 2.856019e+03	 4.264037e-03	 1.707540e+01	 2.229731e+02	 5.432522e+02	 
 2.042336e-01	 7.145843e-01	 1.002097e-03	 8.441838e-02	 1.356685e+05	 1.355904e+05	 7.806855e+01	 1	 2.856019e+03	 4.264037e-03	 1.707540e+01	 2.229731e+02	 5.432522e+02	 
 2.182091e-01	 6.134794e-01	 -5.853816e-04	 1.364234e-01	 1.110024e+05	 1.110269e+05	 2.444844e+01	 0	 6.188688e+03	 3.312198e-02	 3.286579e-02	 1.460926e+02	 7.677858e+01	 
 2.182091e-01	 6.134794e-01	 -5.853816e-04	 1.364234e-01	 1.110024e+05	 1.110269e+05	 2.444844e+01	 0	 6.188688e+03	 3.312198e-02	 3.286579e-02	 1.460926e+02	 7.677858e+01	 
 2.182091e-01	 6.134794e-01	 -5.853816e-04	 1.364234e-01	 1.110024e+05	 1.110269e+05	 2.444844e+01	 0	 6.188688e+03	 3.312198e-02	 3.286579e-02	 1.460926e+02	 7.677858e+01	 
 2.182091e-01	 6.134794e-01	 -5.853816e-04	 1.364234e-01	 1.110024e+05	 1.110269e+05	 2.444844e+01	 0	 6.188688e+03	 3.312198e-02	 3.286579e-02	 1.460926e+02	 7.677858e+01	 
 2.182091e-01	 6.134794e-01	 -5.853816e-04	 1.364234e-01	 1.110024e+05	 1.110269e+05	 2.444844e+01	 0	 6.188688e+03	 3.312198e-02	 3.286579e-02	 1.460926e+02	 7.677858e+01	 
 2.182091e-01	 6.134794e-01	 -5.853816e-04	 1.364234e-01	 1.110024e+05	 1.110269e+05	 2.444844e+01	 0	 6.188688e+03	 3.312198e-02	 3.286579e-02	 1.460926e+02	 7.677858e+01	 
 2.182091e-01	 6.134794e-01	 -5.853816e-04	 1.364234e-01	 1.110024e+05	 1.110269e+05	 2.444844e+01	 0	 6.188688e+03	 3.312198e-02	 3.286579e-02	 1.460926e+02	 7.677858e+01	 
 2.182091e-01	 6.134794e-01	 -5.853816e-04	 1.364234e-01	 1.110024e+05	 1.110269e+05	 2.444844e+01	 0	 6.188688e+03	 3.312198e-02	 3.286579e-02	 1.460926e+02	 7.677858e+01	 
 2.182091e-01	 6.134794e-01	 -5.853816e-04	 1.364234e-01	 1.110024e+05	 1.110269e+05	 2.444844e+01	 0	 6.188688e+03	 3.312198e-02	 3.286579e-02	 1.460926e+02	 7.677858e+01	 
 2.182091e-01	 6.134794e-01	 -5.853816e-04	 1.364234e-01	 1.110024e+05	 1.110269e+05	 2.444844e+01	 0	 6.188688e+03	 3.312198e-02	 3.286579e-02	 1.460926e+02	 7.677858e+01	 
 2.182091e-01	 6.134794e-01	 -5.853816e-04	 1.364234e-01	 1.110024e+05	 1.110269e+05	 2.444844e+01	 0	 6.188688e+03	 3.312198e-02	 3.286579e-02	 1.460926e+02	 7.677858e+01	 
 2.182091e-01	 6.134794e-01	 -5.853816e-04	 1.364234e-01	 1.110024e+05	 1.110269e+05	 2.444844e+01	 0	 6.188688e+03	 3.312198e-02	 3.286579e-02	 1.460926e+02	 7.677858e+01	 
 2.042336e-01	 7.145843e-01	 1.002097e-03	 8.441838e-02	 1.356685e+05	 1.355904e+05	 7.806855e+01	 1	 2.856019e+03	 4.264037e-03	 1.707540e+01	 2.229731e+02	 5.432522e+02	 
 2.042336e-01	 7.145843e-01	 1.002097e-03	 8.441838e-02	 1.356685e+05	 1.355904e+05	 7.806855e+01	 1	 2.856019e+03	 4.264037e-03	 1.707540e+01	 2.229731e+02	 5.432522e+02	 
 2.042336e-01	 7.145843e-01	 1.002097e-03	 8.441838e-02	 1.356685e+05	 1.355904e+05	 7.806855e+01	 1	 2.856019e+03	 4.264037e-03	 1.707540e+01	 2.229731e+02	 5.432522e+02	 
 2.042336e-01	 7.145843e-01	 1.002097e-03	 8.441838e-02	 1.356685e+05	 1.355904e+05	 7.806855e+01	 1	 2.856019e+03	 4.264037e-03	 1.707540e+01	 2.229731e+02	 5.432522e+02	 
 2.042336e-01	 7.145843e-01	 1.002097e-03	 8.441838e-02	 1.356685e+05	 1.355904e+05	 7.806855e+01	 1	 2.856019e+03	 4.264037e-03	 1.707540e+01	 2.229731e+02	 5.432522e+02	 
 2.042336e-01	 7.145843e-01	 1.002097e-03	 8.441838e-02	 1.356685e+05	 1.355904e+05	 7.806855e+01	 1	 2.856019e+03	 4.264037e-03	 1.707540e+01	 2.229731e+02	 5.432522e+02	 
 2.016635e-01	 7.149120e-01	 9.212609e-04	 8.644084e-02	 1.356601e+05	 1.355904e+05	 6.968905e+01	 1	 2.843211e+03	 3.971833e-03	 1.622919e+01	 2.305403e+02	 5.516494e+02	 
 2.016635e-01	 7.149120e-01	 9.212609e-04	 8.644084e-02	 1.356601e+05	 1.355904e+05	 6.968905e+01	 1	 2.843211e+03	 3.971833e-03	 1.622919e+01	 2.305403e+02	 5.516494e+02	 
 2.016635e-01	 7.149120e-01	 9.212609e-04	 8.644084e-02	 1.356601e+05	 1.355904e+05	 6.968905e+01	 1	 2.843211e+03	 3.971833e-03	 1.622919e+01	 2.305403e+02	 5.516494e+02	 
 2.016635e-01	 7.149120e-01	 9.212609e-04	 8.644084e-02	 1.356601e+05	 1.355904e+05	 6.968905e+01	 1	 2.843211e+03	 3.971833e-03	 1.622919e+01	 2.305403e+02	 5.516494e+02	 
 2.016635e-01	 7.149120e-01	 9.212609e-04	 8.644084e-02	 1.356601e+05	 1.355904e+05	 6.968905e+01	 1	 2.843211e+03	 3.971833e-03	 1.622919e+01	 2.305403e+02	 5.516494e+02	 
 2.016635e-01	 7.149120e-01	 9.212609e-04	 8.644084e-02	 1.356601e+05	 1.355904e+05	 6.968905e+01	 1	 2.843211e+03	 3.971833e-03	 1.622919e+01	 2.305403e+02	 5.516494e+02	 
 1.960838e-01	 6.980282e-01	 8.626832e-04	 1.018692e-01	 1.356571e+05	 1.355904e+05	 6.666182e+01	 1	 2.653631e+03	 3.180800e-03	 3.516179e-03	 7.458844e+01	 6.066966e+02	 
 1.960838e-01	 6.980282e-01	 8.626832e-04	 1.018692e-01	 1.356571e+05	 1.355904e+05	 6.666182e+01	 1	 2.653631e+03	 3.180800e-03	 3.516179e-03	 7.458844e+01	 6.066966e+02	 
 1.960838e-01	 6.980282e-01	 8.626832e-04	 1.018692e-01	 1.356571e+05	 1.355904e+05	 6.666182e+01	 1	 2.653631e+03	 3.180800e-03	 3.516179e-03	 7.458844e+01	 6.066966e+02	 
 1.960838e-01	 6.980282e-01	 8.626832e-04	 1.018692e-01	 1.356571e+05	 1.355904e+05	 6.666182e+01	 1	 2.653631e+03	 3.180800e-03	 3.516179e-03	 7.458844e+01	 6.066966e+02	 
 1.960838e-01	 6.980282e-01	 8.626832e-04	 1.018692e-01	 1.356571e+05	 1.355904e+05	 6.666182e+01	 1	 2.653631e+03	 3.180800e-03	 3.516179e-03	 7.458844e+01	 6.066966e+02	 
 1.960838e-01	 6.980282e-01	 8.626832e-04	 1.018692e-01	 1.356571e+05	 1.355904e+05	 6.666182e+01	 1	 2.653631e+03	 3.180800e-03	 3.516179e-03	 7.458844e+01	 6.066966e+02	 
 2.042336e-01	 7.145843e-01	 1.002097e-03	 8.441838e-02	 1.356685e+05	 1.355904e+05	 7.806855e+01	 1	 2.856019e+03	 4.264037e-03	 1.707540e+01	 2.229731e+02	 5.432522e+02	 
 2.042336e-01	 7.145843e-01	 1.002097e-03	 8.441838e-02	 1.356685e+05	 1.355904e+05	 7.806855e+01	 1	 2.856019e+03	 4.264037e-03	 1.707540e+01	 2.229731e+02	 5.432522e+02	 
 2.042336e-01	 7.145843e-01	 1.002097e-03	 8.441838e-02	 1.356685e+05	 1.355904e+05	 7.806855e+01	 1	 2.856019e+03	 4.264037e-03	 1.707540e+01	 2.229731e+02	 5.432522e+02	 
 2.042336e-01	 7.145843e-01	 1.002097e-03	 8.441838e-02	 1.356685e+05	 1.355904e+05	 7.806855e+01	 1	 2.856019e+03	 4.264037e-03	 1.707540e+01	 2.229731e+02	 5.432522e+02	 
 2.042336e-01	 7.145843e-01	 1.002097e-03	 8.441838e-02	 1.356685e+05	 1.355904e+05	 7.806855e+01	 1	 2.856019e+03	 4.264037e-03	 1.707540e+01	 2.229731e+02	 5.432522e+02	 
 2.042336e-01	 7.145843e-01	 1.002097e-03	 8.441838e-02	 1.356685e+05	 1.355904e+05	 7.806855e+01	 1	 2.856019e+03	 4.264037e-03	 1.707540e+01	 2.229731e+02	 5.432522e+02	 
 2.162213e-01	 6.843825e-01	 8.602963e-08	 9.377344e-02	 7.978405e+04	 7.978405e+04	 2.154137e-03	 1	 3.266505e+03	 5.712096e-03	 5.982904e-03	 8.583155e+01	 1.800992e+02	 
 2.162213e-01	 6.843825e-01	 8.602963e-08	 9.377344e-02	 7.978405e+04	 7.978405e+04	 2.154137e-03	 1	 3.266505e+03	 5.712096e-03	 5.982904e-03	 8.583155e+01	 1.800992e+02	 
 2.162213e-01	 6.843825e-01	 8.602963e-08	 9.377344e-02	 7.978405e+04	 7.978405e+04	 2.154137e-03	 1	 3.266505e+03	 5.712096e-03	 5.982904e-03	 8.583155e+01	 1.800992e+02	 
 2.162213e-01	 6.843825e-01	 8.602963e-08	 9.377344e-02	 7.978405e+04	 7.978405e+04	 2.154137e-03	 1	 3.266505e+03	 5.712096e-03	 5.982904e-03	 8.583155e+01	 1.800992e+02	 
 2.162213e-01	 6.843825e-01	 8.602963e-08	 9.377344e-02	 7.978405e+04	 7.978405e+04	 2.154137e-03	 1	 3.266505e+03	 5.712096e-03	 5.982904e-03	 8.583155e+01	 1.800992e+02	 
 2.162213e-01	 6.843825e-01	 8.602963e-08	 9.377344e-02	 7.978405e+04	 7.978405e+04	 2.154137e-03	 1	 3.266505e+03	 5.712096e-03	 5.982904e-03	 8.583155e+01	 1.800992e+02	 
 2.162220e-01	 6.843878e-01	 8.871674e-08	 9.376953e-02	 7.978405e+04	 7.978405e+04	 1.817631e-03	 1	 4.267672e+03	 5.735202e-03	 5.982483e-03	 8.554792e+01	 1.660268e+02	 
 2.162220e-01	 6.843878e-01	 8.871674e-08	 9.376953e-02	 7.978405e+04	 7.978405e+04	 1.817631e-03	 1	 4.267672e+03	 5.735202e-03	 5.982483e-03	 8.554792e+01	 1.660268e+02	 
 2.162220e-01	 6.843878e-01	 8.871674e-08	 9.376953e-02	 7.978405e+04	 7.978405e+04	 1.817631e-03	 1	 4.267672e+03	 5.735202e-03	 5.982483e-03	 8.554792e+01	 1.660268e+02	 
 2.162220e-01	 6.843878e-01	 8.871674e-08	 9.376953e-02	 7.978405e+04	 7.978405e+04	 1.817631e-03	 1	 4.267672e+03	 5.735202e-03	 5.982483e-03	 8.554792e+01	 1.660268e+02	 
 2.162220e-01	 6.843878e-01	 8.871674e-08	 9.376953e-02	 7.978405e+04	 7.978405e+04	 1.817631e-03	 1	 4.267672e+03	 5.735202e-03	 5.982483e-03	 8.554792e+01	 1.660268e+02	 
 2.162220e-01	 6.843878e-01	 8.871674e-08	 9.376953e-02	 7.978405e+04	 7.978405e+04	 1.817631e-03	 1	 4.267672e+03	 5.735202e-03	 5.982483e-03	 8.554792e+01	 1.660268e+02	 
 2.042336e-01	 7.145843e-01	 1.002097e-03	 8.441838e-02	 1.356685e+05	 1.355904e+05	 7.806855e+01	 1	 2.856019e+03	 4.264037e-03	 1.707540e+01	 2.229731e+02	 5.432522e+02	 
 2.042336e-01	 7.145843e-01	 1.002097e-03	 8.441838e-02	 1.356685e+05	 1.355904e+05	 7.806855e+01	 1	 2.856019e+03	 4.264037e-03	 1.707540e+01	 2.229731e+02	 5.432522e+02	 
 2.042336e-01	 7.145843e-01	 1.002097e-03	 8.441838e-02	 1.356685e+05	 1.355904e+05	 7.806855e+01	 1	 2.856019e+03	 4.264037e-03	 1.707540e+01	 2.229731e+02	 5.432522e+02	 
 2.042336e-01	 7.145843e-01	 1.002097e-03	 8.441838e-02	 1.356685e+05	 1.355904e+05	 7.806855e+01	 1	 2.856019e+03	 4.264037e-03	 1.707540e+01	 2.229731e+02	 5.432522e+02	 
 2.042336e-01	 7.145843e-01	 1.002097e-03	 8.441838e-02	 1.356685e+05	 1.355904e+05	 7.806855e+01	 1	 2.856019e+03	 4.264037e-03	 1.707540e+01	 2.229731e+02	 5.432522e+02	 
 2.042336e-01	 7.145843e-01	 1.002097e-03	 8.441838e-02	 1.356685e+05	 1.355904e+05	 7.806855e+01	 1	 2.856019e+03	 4.264037e-03	 1.707540e+01	 2.229731e+02	 5.432522e+02	 
 1.662218e-01	 7.179333e-01	 1.011888e-02	 1.141323e-01	 6.451460e+04	 6.412859e+04	 3.860056e+02	 1	 2.395715e+03	 8.495157e-03	 3.318304e+01	 1.002347e+02	 2.411901e+02	 
 1.662218e-01	 7.179333e-01	 1.011888e-02	 1.141323e-01	 6.451460e+04	 6.412859e+04	 3.860056e+02	 1	 2.395715e+03	 8.495157e-03	 3.318304e+01	 1.002347e+02	 2.411901e+02	 
 1.662218e-01	 7.179333e-01	 1.011888e-02	 1.141323e-01	 6.451460e+04	 6.412859e+04	 3.860056e+02	 1	 2.395715e+03	 8.495157e-03	 3.318304e+01	 1.002347e+02	 2.411901e+02	 
 1.662218e-01	 7.179333e-01	 1.011888e-02	 1.141323e-01	 6.451460e+04	 6.412859e+04	 3.860056e+02	 1	 2.395715e+03	 8.495157e-03	 3.318304e+01	 1.002347e+02	 2.411901e+02	 
 1.662218e-01	 7.179333e-01	 1.011888e-02	 1.141323e-01	 6.451460e+04	 6.412859e+04	 3.860056e+02	 1	 2.395715e+03	 8.495157e-03	 3.318304e+01	 1.002347e+02	 2.411901e+02	 
 1.662218e-01	 7.179333e-01	 1.011888e-02	 1.141323e-01	 6.451460e+04	 6.412859e+04	 3.860056e+02	 1	 2.395715e+03	 8.495157e-03	 3.318304e+01	 1.002347e+02	 2.411901e+02	 
 1.517433e-01	 7.305260e-01	 8.843404e-03	 1.187816e-01	 6.444056e+04	 6.412859e+04	 3.119660e+02	 1	 2.484368e+03	 1.000039e-02	 3.752851e+01	 1.061610e+02	 2.523262e+02	 
 1.517433e-01	 7.305260e-01	 8.843404e-03	 1.187816e-01	 6.444056e+04	 6.412859e+04	 3.119660e+02	 1	 2.484368e+03	 1.000039e-02	 3.752851e+01	 1.061610e+02	 2.523262e+02	 
 1.517433e-01	 7.305260e-01	 8.843404e-03	 1.187816e-01	 6.444056e+04	 6.412859e+04	 3.119660e+02	 1	 2.484368e+03	 1.000039e-02	 3.752851e+01	 1.061610e+02	 2.523262e+02	 
 1.517433e-01	 7.305260e-01	 8.843404e-03	 1.187816e-01	 6.444056e+04	 6.412859e+04	 3.119660e+02	 1	 2.484368e+03	 1.000039e-02	 3.752851e+01	 1.061610e+02	 2.523262e+02	 
 1.517433e-01	 7.305260e-01	 8.843404e-03	 1.187816e-01	 6.444056e+04	 6.412859e+04	 3.119660e+02	 1	 2.484368e+03	 1.000039e-02	 3.752851e+01	 1.061610e+02	 2.523262e+02	 
 1.517433e-01	 7.305260e-01	 8.843404e-03	 1.187816e-01	 6.444056e+04	 6.412859e+04	 3.119660e+02	 1	 2.484368e+03	 1.000039e-02	 3.752851e+01	 1.061610e+02	 2.523262e+02	 
 2.042336e-01	 7.145843e-01	 1.002097e-03	 8.441838e-02	 1.356685e+05	 1.355904e+05	 7.806855e+01	 1	 2.856019e+03	 4.264037e-03	 1.707540e+01	 2.229731e+02	 5.432522e+02	 
 2.042336e-01	 7.145843e-01	 1.002097e-03	 8.441838e-02	 1.356685e+05	 1.355904e+05	 7.806855e+01	 1	 2.856019e+03	 4.264037e-03	 1.707540e+01	 2.229731e+02	 5.432522e+02	 
 2.042336e-01	 7.145843e-01	 1.002097e-03	 8.441838e-02	 1.356685e+05	 1.355904e+05	 7.806855e+01	 1	 2.856019e+03	 4.264037e-03	 1.707540e+01	 2.229731e+02	 5.432522e+02	 
 2.042336e-01	 7.145843e-01	 1.002097e-03	 8.441838e-02	 1.356685e+05	 1.355904e+05	 7.806855e+01	 1	 2.856019e+03	 4.264037e-03	 1.707540e+01	 2.229731e+02	 5.432522e+02	 
 2.042336e-01	 7.145843e-01	 1.002097e-03	 8.441838e-02	 1.356685e+05	 1.355904e+05	 7.806855e+01	 1	 2.856019e+03	 4.264037e-03	 1.707540e+01	 2.229731e+02	 5.432522e+02	 
 2.042336e-01	 7.145843e-01	 1.002097e-03	 8.441838e-02	 1.356685e+05	 1.355904e+05	 7.806855e+01	 1	 2.856019e+03	 4.264037e-03	 1.707540e+01	 2.229731e+02	 5.432522e+02	 
 2.021095e-01	 7.161668e-01	 9.925937e-04	 8.524701e-02	 1.356644e+05	 1.355904e+05	 7.392923e+01	 1	 2.860331e+03	 4.547197e-03	 1.780093e+01	 2.287575e+02	 5.326081e+02	 
 2.021095e-01	 7.161668e-01	 9.925937e-04	 8.524701e-02	 1.356644e+05	 1.355904e+05	 7.392923e+01	 1	 2.860331e+03	 4.547197e-03	 1.780093e+01	 2.287575e+02	 5.326081e+02	 
 2.021095e-01	 7.161668e-01	 9.925937e-04	 8.524701e-02	 1.356644e+05	 1.355904e+05	 7.392923e+01	 1	 2.860331e+03	 4.547197e-03	 1.780093e+01	 2.287575e+02	 5.326081e+02	 
 2.021095e-01	 7.161668e-01	 9.925937e-04	 8.524701e-02	 1.356644e+05	 1.355904e+05	 7.392923e+01	 1	 2.860331e+03	 4.547197e-03	 1.780093e+01	 2.287575e+02	 5.326081e+02	 
 2.021095e-01	 7.161668e-01	 9.925937e-04	 8.524701e-02	 1.356644e+05	 1.355904e+05	 7.392923e+01	 1	 2.860331e+03	 4.547197e-03	 1.780093e+01	 2.287575e+02	 5.326081e+02	 
 2.021095e-01	 7.161668e-01	 9.925937e-04	 8.524701e-02	 1.356644e+05	 1.355904e+05	 7.392923e+01	 1	 2.860331e+03	 4.547197e-03	 1.780093e+01	 2.287575e+02	 5.326081e+02	 
 2.010334e-01	 7.161517e-01	 9.522288e-04	 8.619021e-02	 1.356603e+05	 1.355904e+05	 6.982387e+01	 1	 2.853852e+03	 4.369477e-03	 1.730614e+01	 2.317279e+02	 5.375535e+02	 
 2.010334e-01	 7.161517e-01	 9.522288e-04	 8.619021e-02	 1.356603e+05	 1.355904e+05	 6.982387e+01	 1	 2.853852e+03	 4.369477e-03	 1.730614e+01	 2.317279e+02	 5.375535e+02	 
 2.010334e-01	 7.161517e-01	 9.522288e-04	 8.619021e-02	 1.356603e+05	 1.355904e+05	 6.982387e+01	 1	 2.853852e+03	 4.369477e-03	 1.730614e+01	 2.317279e+02	 5.375535e+02	 
 2.010334e-01	 7.161517e-01	 9.522288e-04	 8.619021e-02	 1.356603e+05	 1.355904e+05	 6.982387e+01	 1	 2.853852e+03	 4.369477e-03	 1.730614e+01	 2.317279e+02	 5.375535e+02	 
 2.010334e-01	 7.161517e-01	 9.522288e-04	 8.619021e-02	 1.356603e+05	 1.355904e+05	 6.982387e+01	 1	 2.853852e+03	 4.369477e-03	 1.730614e+01	 2.317279e+02	 5.375535e+02	 
 2.010334e-01	 7.161517e-01	 9.522288e-04	 8.619021e-02	 1.356603e+05	 1.355904e+05	 6.982387e+01	 1	 2.853852e+03	 4.369477e-03	 1.730614e+01	 2.317279e+02	 5.375535e+02	 
 2.042336e-01	 7.145843e-01	 1.002097e-03	 8.441838e-02	 1.356685e+05	 1.355904e+05	 7.806855e+01	 1	 2.856019e+03	 4.264037e-03	 1.707540e+01	 2.229731e+02	 5.432522e+02	 
 2.042336e-01	 7.145843e-01	 1.002097e-03	 8.441838e-02	 1.356685e+05	 1.355904e+05	 7.806855e+01	 1	 2.856019e+03	 4.264037e-03	 1.707540e+01	 2.229731e+02	 5.432522e+02	 
 2.042336e-01	 7.145843e-01	 1.002097e-03	 8.441838e-02	 1.356685e+05	 1.355904e+05	 7.806855e+01	 1	 2.856019e+03	 4.264037e-03	 1.707540e+01	 2.229731e+02	 5.432522e+02	 
 2.042336e-01	 7.145843e-01	 1.002097e-03	 8.441838e-02	 1.356685e+05	 1.355904e+05	 7.806855e+01	 1	 2.856019e+03	 4.264037e-03	 1.707540e+01	 2.229731e+02	 5.432522e+02	 
 2.042336e-01	 7.145843e-01	 1.002097e-03	 8.441838e-02	 1.356685e+05	 1.355904e+05	 7.806855e+01	 1	 2.856019e+03	 4.264037e-03	 1.707540e+01	 2.229731e+02	 5.432522e+02	 
 2.042336e-01	 7.145843e-01	 1.002097e-03	 8.441838e-02	 1.356685e+05	 1.355904e+05	 7.806855e+01	 1	 2.856019e+03	 4.264037e-03	 1.707540e+01	 2.229731e+02	 5.432522e+02	 
 1.662218e-01	 7.179333e-01	 1.011888e-02	 1.141323e-01	 6.451460e+04	 6.412859e+04	 3.860056e+02	 1	 2.395715e+03	 8.495157e-03	 3.318304e+01	 1.002347e+02	 2.411901e+02	 
 1.662218e-01	 7.179333e-01	 1.011888e-02	 1.141323e-01	 6.451460e+04	 6.412859e+04	 3.860056e+02	 1	 2.395715e+03	 8.495157e-03	 3.318304e+01	 1.002347e+02	 2.411901e+02	 
 1.662218e-01	 7.179333e-01	 1.011888e-02	 1.141323e-01	 6.451460e+04	 6.412859e+04	 3.860056e+02	 1	 2.395715e+03	 8.495157e-03	 3.318304e+01	 1.002347e+02	 2.411901e+02	 
 1.662218e-01	 7.179333e-01	 1.011888e-02	 1.141323e-01	 6.451460e+04	 6.412859e+04	 3.860056e+02	 1	 2.395715e+03	 8.495157e-03	 3.318304e+01	 1.002347e+02	 2.411901e+02	 
 1.662218e-01	 7.179333e-01	 1.011888e-02	 1.141323e-01	 6.451460e+04	 6.412859e+04	 3.860056e+02	 1	 2.395715e+03	 8.495157e-03	 3.318304e+01	 1.002347e+02	 2.411901e+02	 
 1.662218e-01	 7.179333e-01	 1.011888e-02	 1.141323e-01	 6.451460e+04	 6.412859e+04	 3.860056e+02	 1	 2.395715e+03	 8.495157e-03	 3.318304e+01	 1.002347e+02	 2.411901e+02	 
 1.517427e-01	 7.305280e-01	 8.843449e-03	 1.187809e-01	 6.444056e+04	 6.412859e+04	 3.119675e+02	 1	 2.484381e+03	 9.999447e-03	 3.753051e+01	 1.061642e+02	 2.523307e+02	 
 1.517427e-01	 7.305280e-01	 8.843449e-03	 1.187809e-01	 6.444056e+04	 6.412859e+04	 3.119675e+02	 1	 2.484381e+03	 9.999447e-03	 3.753051e+01	 1.061642e+02	 2.523307e+02	 
 1.517427e-01	 7.305280e-01	 8.843449e-03	 1.187809e-01	 6.444056e+04	 6.412859e+04	 3.119675e+02	 1	 2.484381e+03	 9.999447e-03	 3.753051e+01	 1.061642e+02	 2.523307e+02	 
 1.517427e-01	 7.305280e-01	 8.843449e-03	 1.187809e-01	 6.444056e+04	 6.412859e+04	 3.119675e+02	 1	 2.484381e+03	 9.999447e-03	 3.753051e+01	 1.061642e+02	 2.523307e+02	 
 1.517427e-01	 7.305280e-01	 8.843449e-03	 1.187809e-01	 6.444056e+04	 6.412859e+04	 3.119675e+02	 1	 2.484381e+03	 9.999447e-03	 3.753051e+01	 1.061642e+02	 2.523307e+02	 
 1.517427e-01	 7.305280e-01	 8.843449e-03	 1.187809e-01	 6.444056e+04	 6.412859e+04	 3.119675e+02	 1	 2.484381e+03	 9.999447e-03	 3.753051e+01	 1.061642e+02	 2.523307e+02	 
 2.042336e-01	 7.145843e-01	 1.002097e-03	 8.441838e-02	 1.356685e+05	 1.355904e+05	 7.806855e+01	 1	 2.856019e+03	 4.264037e-03	 1.707540e+01	 2.229731e+02	 5.432522e+02	 
 2.042336e-01	 7.145843e-01	 1.002097e-03	 8.441838e-02	 1.356685e+05	 1.355904e+05	 7.806855e+01	 1	 2.856019e+03	 4.264037e-03	 1.707540e+01	 2.229731e+02	 5.432522e+02	 
 2.042336e-01	 7.145843e-01	 1.002097e-03	 8.441838e-02	 1.356685e+05	 1.355904e+05	 7.806855e+01	 1	 2.856019e+03	 4.264037e-03	 1.707540e+01	 2.229731e+02	 5.432522e+02	 
 2.042336e-01	 7.145843e-01	 1.002097e-03	 8.441838e-02	 1.356685e+05	 1.355904e+05	 7.806855e+01	 1	 2.856019e+03	 4.264037e-03	 1.707540e+01	 2.229731e+02	 5.432522e+02	 
 2.042336e-01	 7.145843e-01	 1.002097e-03	 8.441838e-02	 1.356685e+05	 1.355904e+05	 7.806855e+01	 1	 2.856019e+03	 4.264037e-03	 1.707540e+01	 2.229731e+02	 5.432522e+02	 
 2.042336e-01	 7.145843e-01	 1.002097e-03	 8.441838e-02	 1.356685e+05	 1.355904e+05	 7.806855e+01	 1	 2.856019e+03	 4.264037e-03	 1.707540e+01	 2.229731e+02	 5.432522e+02	 
 2.098115e-01	 7.161201e-01	 1.226375e-03	 7.923143e-02	 1.031521e+05	 1.030905e+05	 6.166600e+01	 1	 2.940668e+03	 6.443293e-03	 1.604629e+01	 1.565043e+02	 4.902780e+02	 
 2.098115e-01	 7.161201e-01	 1.226375e-03	 7.923143e-02	 1.031521e+05	 1.030905e+05	 6.166600e+01	 1	 2.940668e+03	 6.443293e-03	 1.604629e+01	 1.565043e+02	 4.902780e+02	 
 2.098115e-01	 7.161201e-01	 1.226375e-03	 7.923143e-02	 1.031521e+05	 1.030905e+05	 6.166600e+01	 1	 2.940668e+03	 6.443293e-03	 1.604629e+01	 1.565043e+02	 4.902780e+02	 
 2.098115e-01	 7.161201e-01	 1.226375e-03	 7.923143e-02	 1.031521e+05	 1.030905e+05	 6.166600e+01	 1	 2.940668e+03	 6.443293e-03	 1.604629e+01	 1.565043e+02	 4.902780e+02	 
 2.098115e-01	 7.161201e-01	 1.226375e-03	 7.923143e-02	 1.031521e+05	 1.030905e+05	 6.166600e+01	 1	 2.940668e+03	 6.443293e-03	 1.604629e+01	 1.565043e+02	 4.902780e+02	 
 2.098115e-01	 7.161201e-01	 1.226375e-03	 7.923143e-02	 1.031521e+05	 1.030905e+05	 6.166600e+01	 1	 2.940668e+03	 6.443293e-03	 1.604629e+01	 1.565043e+02	 4.902780e+02	 
 2.103067e-01	 7.155895e-01	 1.221407e-03	 7.912712e-02	 1.031501e+05	 1.030905e+05	 5.964387e+01	 1	 2.944803e+03	 6.295994e-03	 1.600575e+01	 1.603858e+02	 4.971851e+02	 
 2.103067e-01	 7.155895e-01	 1.221407e-03	 7.912712e-02	 1.031501e+05	 1.030905e+05	 5.964387e+01	 1	 2.944803e+03	 6.295994e-03	 1.600575e+01	 1.603858e+02	 4.971851e+02	 
 2.103067e-01	 7.155895e-01	 1.221407e-03	 7.912712e-02	 1.031501e+05	 1.030905e+05	 5.964387e+01	 1	 2.944803e+03	 6.295994e-03	 1.600575e+01	 1.603858e+02	 4.971851e+02	 
 2.103067e-01	 7.155895e-01	 1.221407e-03	 7.912712e-02	 1.031501e+05	 1.030905e+05	 5.964387e+01	 1	 2.944803e+03	 6.295994e-03	 1.600575e+01	 1.603858e+02	 4.971851e+02	 
 2.103067e-01	 7.155895e-01	 1.221407e-03	 7.912712e-02	 1.031501e+05	 1.030905e+05	 5.964387e+01	 1	 2.944803e+03	 6.295994e-03	 1.600575e+01	 1.603858e+02	 4.971851e+02	 
 2.103067e-01	 7.155895e-01	 1.221407e-03	 7.912712e-02	 1.031501e+05	 1.030905e+05	 5.964387e+01	 1	 2.944803e+03	 6.295994e-03	 1.600575e+01	 1.603858e+02	 4.971851e+02	 
 2.042336e-01	 7.145843e-01	 1.002097e-03	 8.441838e-02	 1.356685e+05	 1.355904e+05	 7.806855e+01	 1	 2.856019e+03	 4.264037e-03	 1.707540e+01	 2.229731e+02	 5.432522e+02	 
 2.042336e-01	 7.145843e-01	 1.002097e-03	 8.441838e-02	 1.356685e+05	 1.355904e+05	 7.806855e+01	 1	 2.856019e+03	 4.264037e-03	 1.707540e+01	 2.229731e+02	 5.432522e+02	 
 2.042336e-01	 7.145843e-01	 1.002097e-03	 8.441838e-02	 1.356685e+05	 1.355904e+05	 7.806855e+01	 1	 2.856019e+03	 4.264037e-03	 1.707540e+01	 2.229731e+02	 5.432522e+02	 
 2.042336e-01	 7.145843e-01	 1.002097e-03	 8.441838e-02	 1.356685e+05	 1.355904e+05	 7.806855e+01	 1	 2.856019e+03	 4.264037e-03	 1.707540e+01	 2.229731e+02	 5.432522e+02	 
 2.042336e-01	 7.145843e-01	 1.002097e-03	 8.441838e-02	 1.356685e+05	 1.355904e+05	 7.806855e+01	 1	 2.856019e+03	 4.264037e-03	 1.707540e+01	 2.229731e+02	 5.432522e+02	 
 2.042336e-01	 7.145843e-01	 1.002097e-03	 8.441838e-02	 1.356685e+05	 1.355904e+05	 7.806855e+01	 1	 2.856019e+03	 4.264037e-03	 1.707540e+01	 2.229731e+02	 5.432522e+02	 
 2.042336e-01	 7.145843e-01	 1.002097e-03	 8.441838e-02	 1.356685e+05	 1.355904e+05	 7.806855e+01	 1	 2.856019e+03	 4.264037e-03	 1.707540e+01	 2.229731e+02	 5.432522e+02	 
 2.042336e-01	 7.145843e-01	 1.002097e-03	 8.441838e-02	 1.356685e+05	 1.355904e+05	 7.806855e+01	 1	 2.856019e+03	 4.264037e-03	 1.707540e+01	 2.229731e+02	 5.432522e+02	 
 2.042336e-01	 7.145843e-01	 1.002097e-03	 8.441838e-02	 1.356685e+05	 1.355904e+05	 7.806855e+01	 1	 2.856019e+03	 4.264037e-03	 1.707540e+01	 2.229731e+02	 5.432522e+02	 
 2.042336e-01	 7.145843e-01	 1.002097e-03	 8.441838e-02	 1.356685e+05	 1.355904e+05	 7.806855e+01	 1	 2.856019e+03	 4.264037e-03	 1.707540e+01	 2.229731e+02	 5.432522e+02	 
 2.042336e-01	 7.145843e-01	 1.002097e-03	 8.441838e-02	 1.356685e+05	 1.355904e+05	 7.806855e+01	 1	 2.856019e+03	 4.264037e-03	 1.707540e+01	 2.229731e+02	 5.432522e+02	 
 2.042336e-01	 7.145843e-01	 1.002097e-03	 8.441838e-02	 1.356685e+05	 1.355904e+05	 7.806855e+01	 1	 2.856019e+03	 4.264037e-03	 1.707540e+01	 2.229731e+02	 5.432522e+02	 
 2.016729e-01	 7.150805e-01	 9.287355e-04	 8.632697e-02	 1.356610e+05	 1.355904e+05	 7.054850e+01	 1	 2.844495e+03	 4.062019e-03	 1.643726e+01	 2.305119e+02	 5.492062e+02	 
 2.016729e-01	 7.150805e-01	 9.287355e-04	 8.632697e-02	 1.356610e+05	 1.355904e+05	 7.054850e+01	 1	 2.844495e+03	 4.062019e-03	 1.643726e+01	 2.305119e+02	 5.492062e+02	 
 2.016729e-01	 7.150805e-01	 9.287355e-04	 8.632697e-02	 1.356610e+05	 1.355904e+05	 7.054850e+01	 1	 2.844495e+03	 4.062019e-03	 1.643726e+01	 2.305119e+02	 5.492062e+02	 
 2.016729e-01	 7.150805e-01	 9.287355e-04	 8.632697e-02	 1.356610e+05	 1.355904e+05	 7.054850e+01	 1	 2.844495e+03	 4.062019e-03	 1.643726e+01	 2.305119e+02	 5.492062e+02	 
 2.016729e-01	 7.150805e-01	 9.287355e-04	 8.632697e-02	 1.356610e+05	 1.355904e+05	 7.054850e+01	 1	 2.844495e+03	 4.062019e-03	 1.643726e+01	 2.305119e+02	 5.492062e+02	 
 2.016729e-01	 7.150805e-01	 9.287355e-04	 8.632697e-02	 1.356610e+05	 1.355904e+05	 7.054850e+01	 1	 2.844495e+03	 4.062019e-03	 1.643726e+01	 2.305119e+02	 5.492062e+02	 
 