s	 e	 nS	 nE	 p	 f
0	 0	 0	 0	 0	 0	 
 10	 40	 1260	 49	 0	 -1211	 
 10	 40	 1260	 45	 0	 -1215	 
 10	 40	 1260	 45	 0	 -1215	 
 10	 40	 1260	 53	 0	 -1207	 
 10	 40	 1260	 41	 0	 -1219	 
 10	 40	 1260	 48	 0	 -1212	 
 10	 40	 1260	 53	 0	 -1207	 
 10	 40	 1260	 45	 0	 -1215	 
 10	 40	 1260	 41	 0	 -1219	 
 10	 40	 1260	 42	 0	 -1218	 
 10	 40	 1260	 41	 0	 -1219	 
 10	 40	 1260	 55	 0	 -1205	 
 10	 40	 1260	 45	 0	 -1215	 
 10	 40	 1260	 50	 0	 -1210	 
 10	 40	 1260	 43	 0	 -1217	 
 10	 40	 1260	 48	 0	 -1212	 
 10	 40	 1260	 41	 0	 -1219	 
 10	 40	 1260	 53	 0	 -1207	 
 10	 40	 1260	 49	 0	 -1211	 
 10	 40	 1260	 55	 0	 -1205	 
 10	 40	 1260	 47	 0	 -1213	 
 10	 40	 1260	 49	 0	 -1211	 
 10	 40	 1260	 54	 0	 -1206	 
 10	 40	 1260	 43	 0	 -1217	 
 10	 40	 1260	 51	 0	 -1209	 
 10	 40	 1260	 48	 0	 -1212	 
 10	 40	 1260	 46	 0	 -1214	 
 10	 40	 1260	 43	 0	 -1217	 
 10	 40	 1260	 56	 0	 -1204	 
 10	 40	 1260	 52	 0	 -1208	 
 10	 40	 1260	 41	 0	 -1219	 
 10	 40	 1260	 56	 0	 -1204	 
 10	 40	 1260	 42	 0	 -1218	 
 10	 40	 1260	 54	 0	 -1206	 
 10	 40	 1260	 44	 0	 -1216	 
 10	 40	 1260	 46	 0	 -1214	 
 10	 40	 1260	 46	 0	 -1214	 
 10	 40	 1260	 48	 0	 -1212	 
 10	 40	 1260	 49	 0	 -1211	 
 10	 40	 1260	 52	 0	 -1208	 
 10	 40	 1260	 46	 0	 -1214	 
 10	 40	 1260	 46	 0	 -1214	 
 10	 40	 1260	 52	 0	 -1208	 
 10	 40	 1260	 50	 0	 -1210	 
 10	 40	 1260	 44	 0	 -1216	 
 10	 40	 1260	 56	 0	 -1204	 
 10	 40	 1260	 53	 0	 -1207	 
 10	 40	 1260	 52	 0	 -1208	 
 10	 40	 1260	 51	 0	 -1209	 
 10	 40	 1260	 47	 0	 -1213	 
 10	 40	 1260	 51	 0	 -1209	 
 10	 40	 1260	 53	 0	 -1207	 
 10	 40	 1260	 52	 0	 -1208	 
 10	 40	 1260	 54	 0	 -1206	 
 10	 40	 1260	 53	 0	 -1207	 
 10	 40	 1260	 46	 0	 -1214	 
 10	 40	 1260	 43	 0	 -1217	 
 10	 40	 1260	 47	 0	 -1213	 
 10	 40	 1260	 45	 0	 -1215	 
 10	 40	 1260	 52	 0	 -1208	 
 10	 40	 1260	 53	 0	 -1207	 
 10	 40	 1260	 51	 0	 -1209	 
 10	 40	 1260	 47	 0	 -1213	 
 10	 40	 1260	 41	 0	 -1219	 
 10	 40	 1260	 56	 0	 -1204	 
 10	 40	 1260	 42	 0	 -1218	 
 10	 40	 1260	 46	 0	 -1214	 
 10	 40	 1260	 53	 0	 -1207	 
 10	 40	 1260	 50	 0	 -1210	 
 10	 40	 1260	 50	 0	 -1210	 
 10	 40	 1260	 44	 0	 -1216	 
 10	 40	 1260	 48	 0	 -1212	 
 10	 40	 1260	 44	 0	 -1216	 
 10	 40	 1260	 49	 0	 -1211	 
 10	 40	 1260	 56	 0	 -1204	 
 10	 40	 1260	 42	 0	 -1218	 
 10	 40	 1260	 45	 0	 -1215	 
 10	 40	 1260	 44	 0	 -1216	 
 10	 40	 1260	 42	 0	 -1218	 
 10	 40	 1260	 48	 0	 -1212	 
 10	 40	 1260	 51	 0	 -1209	 
 10	 40	 1260	 52	 0	 -1208	 
 10	 40	 1260	 42	 0	 -1218	 
 10	 40	 1260	 52	 0	 -1208	 
 10	 40	 1260	 45	 0	 -1215	 
 10	 40	 1260	 53	 0	 -1207	 
 10	 40	 1260	 42	 0	 -1218	 
 10	 40	 1260	 56	 0	 -1204	 
 10	 40	 1260	 47	 0	 -1213	 
 10	 40	 1260	 47	 0	 -1213	 
 10	 40	 1260	 46	 0	 -1214	 
 10	 40	 1260	 56	 0	 -1204	 
 10	 40	 1260	 52	 0	 -1208	 
 10	 40	 1260	 50	 0	 -1210	 
 10	 40	 1260	 42	 0	 -1218	 
 10	 40	 1260	 44	 0	 -1216	 
 10	 40	 1260	 49	 0	 -1211	 
 10	 40	 1260	 56	 0	 -1204	 
 10	 40	 1260	 48	 0	 -1212	 
 0	 0	 0	 0	 0	 0	 
 0	 0	 0	 0	 0	 0	 
 13	 32	 1260	 37	 0	 -1223	 
 13	 32	 1260	 39	 0	 -1221	 
 13	 32	 1260	 41	 0	 -1219	 
 13	 32	 1260	 35	 0	 -1225	 
 13	 32	 1260	 42	 0	 -1218	 
 13	 32	 1260	 41	 0	 -1219	 
 13	 32	 1260	 40	 0	 -1220	 
 13	 32	 1260	 35	 0	 -1225	 
 13	 32	 1260	 36	 0	 -1224	 
 13	 32	 1260	 39	 0	 -1221	 
 13	 32	 1260	 39	 0	 -1221	 
 13	 32	 1260	 36	 0	 -1224	 
 13	 32	 1260	 37	 0	 -1223	 
 13	 32	 1260	 33	 0	 -1227	 
 13	 32	 1260	 34	 0	 -1226	 
 13	 32	 1260	 37	 0	 -1223	 
 13	 32	 1260	 41	 0	 -1219	 
 13	 32	 1260	 37	 0	 -1223	 
 13	 32	 1260	 35	 0	 -1225	 
 13	 32	 1260	 40	 0	 -1220	 
 13	 32	 1260	 38	 0	 -1222	 
 13	 32	 1260	 42	 0	 -1218	 
 13	 32	 1260	 40	 0	 -1220	 
 13	 32	 1260	 42	 0	 -1218	 
 13	 32	 1260	 36	 0	 -1224	 
 13	 32	 1260	 37	 0	 -1223	 
 13	 32	 1260	 42	 0	 -1218	 
 13	 32	 1260	 42	 0	 -1218	 
 13	 32	 1260	 34	 0	 -1226	 
 13	 32	 1260	 37	 0	 -1223	 
 13	 32	 1260	 41	 0	 -1219	 
 13	 32	 1260	 34	 0	 -1226	 
 13	 32	 1260	 35	 0	 -1225	 
 13	 32	 1260	 37	 0	 -1223	 
 13	 32	 1260	 35	 0	 -1225	 
 13	 32	 1260	 37	 0	 -1223	 
 13	 32	 1260	 42	 0	 -1218	 
 13	 32	 1260	 38	 0	 -1222	 
 13	 32	 1260	 33	 0	 -1227	 
 13	 32	 1260	 40	 0	 -1220	 
 13	 32	 1260	 36	 0	 -1224	 
 13	 32	 1260	 36	 0	 -1224	 
 13	 32	 1260	 40	 0	 -1220	 
 13	 32	 1260	 37	 0	 -1223	 
 13	 32	 1260	 33	 0	 -1227	 
 13	 32	 1260	 33	 0	 -1227	 
 13	 32	 1260	 42	 0	 -1218	 
 13	 32	 1260	 37	 0	 -1223	 
 13	 32	 1260	 40	 0	 -1220	 
 13	 32	 1260	 42	 0	 -1218	 
 13	 32	 1260	 35	 0	 -1225	 
 13	 32	 1260	 36	 0	 -1224	 
 13	 32	 1260	 36	 0	 -1224	 
 13	 32	 1260	 39	 0	 -1221	 
 13	 32	 1260	 37	 0	 -1223	 
 13	 32	 1260	 41	 0	 -1219	 
 13	 32	 1260	 36	 0	 -1224	 
 13	 32	 1260	 39	 0	 -1221	 
 13	 32	 1260	 38	 0	 -1222	 
 13	 32	 1260	 34	 0	 -1226	 
 13	 32	 1260	 33	 0	 -1227	 
 13	 32	 1260	 37	 0	 -1223	 
 13	 32	 1260	 38	 0	 -1222	 
 13	 32	 1260	 37	 0	 -1223	 
 13	 32	 1260	 34	 0	 -1226	 
 13	 32	 1260	 39	 0	 -1221	 
 13	 32	 1260	 41	 0	 -1219	 
 13	 32	 1260	 41	 0	 -1219	 
 13	 32	 1260	 35	 0	 -1225	 
 13	 32	 1260	 39	 0	 -1221	 
 13	 32	 1260	 37	 0	 -1223	 
 13	 32	 1260	 41	 0	 -1219	 
 13	 32	 1260	 39	 0	 -1221	 
 13	 32	 1260	 34	 0	 -1226	 
 13	 32	 1260	 33	 0	 -1227	 
 13	 32	 1260	 37	 0	 -1223	 
 13	 32	 1260	 36	 0	 -1224	 
 13	 32	 1260	 40	 0	 -1220	 
 13	 32	 1260	 37	 0	 -1223	 
 13	 32	 1260	 40	 0	 -1220	 
 13	 32	 1260	 40	 0	 -1220	 
 13	 32	 1260	 34	 0	 -1226	 
 13	 32	 1260	 39	 0	 -1221	 
 13	 32	 1260	 41	 0	 -1219	 
 13	 32	 1260	 39	 0	 -1221	 
 13	 32	 1260	 41	 0	 -1219	 
 13	 32	 1260	 38	 0	 -1222	 
 13	 32	 1260	 35	 0	 -1225	 
 13	 32	 1260	 41	 0	 -1219	 
 13	 32	 1260	 33	 0	 -1227	 
 13	 32	 1260	 38	 0	 -1222	 
 13	 32	 1260	 36	 0	 -1224	 
 13	 32	 1260	 36	 0	 -1224	 
 13	 32	 1260	 35	 0	 -1225	 
 13	 32	 1260	 40	 0	 -1220	 
 13	 32	 1260	 41	 0	 -1219	 
 13	 32	 1260	 35	 0	 -1225	 
 13	 32	 1260	 38	 0	 -1222	 
 13	 32	 1260	 41	 0	 -1219	 
 0	 0	 0	 0	 0	 0	 
 0	 0	 0	 0	 0	 0	 
 10	 40	 1260	 49	 0	 -1211	 
 10	 40	 1260	 52	 0	 -1208	 
 10	 40	 1260	 56	 0	 -1204	 
 10	 40	 1260	 51	 0	 -1209	 
 10	 40	 1260	 51	 0	 -1209	 
 10	 40	 1260	 52	 0	 -1208	 
 10	 40	 1260	 51	 0	 -1209	 
 10	 40	 1260	 41	 0	 -1219	 
 10	 40	 1260	 46	 0	 -1214	 
 10	 40	 1260	 45	 0	 -1215	 
 10	 40	 1260	 46	 0	 -1214	 
 10	 40	 1260	 50	 0	 -1210	 
 10	 40	 1260	 41	 0	 -1219	 
 10	 40	 1260	 54	 0	 -1206	 
 10	 40	 1260	 46	 0	 -1214	 
 10	 40	 1260	 49	 0	 -1211	 
 10	 40	 1260	 44	 0	 -1216	 
 10	 40	 1260	 56	 0	 -1204	 
 10	 40	 1260	 44	 0	 -1216	 
 10	 40	 1260	 50	 0	 -1210	 
 10	 40	 1260	 44	 0	 -1216	 
 10	 40	 1260	 45	 0	 -1215	 
 10	 40	 1260	 42	 0	 -1218	 
 10	 40	 1260	 52	 0	 -1208	 
 10	 40	 1260	 56	 0	 -1204	 
 10	 40	 1260	 48	 0	 -1212	 
 10	 40	 1260	 41	 0	 -1219	 
 10	 40	 1260	 53	 0	 -1207	 
 10	 40	 1260	 46	 0	 -1214	 
 10	 40	 1260	 43	 0	 -1217	 
 10	 40	 1260	 45	 0	 -1215	 
 10	 40	 1260	 41	 0	 -1219	 
 10	 40	 1260	 45	 0	 -1215	 
 10	 40	 1260	 54	 0	 -1206	 
 10	 40	 1260	 51	 0	 -1209	 
 10	 40	 1260	 52	 0	 -1208	 
 10	 40	 1260	 53	 0	 -1207	 
 10	 40	 1260	 42	 0	 -1218	 
 10	 40	 1260	 50	 0	 -1210	 
 10	 40	 1260	 50	 0	 -1210	 
 10	 40	 1260	 44	 0	 -1216	 
 10	 40	 1260	 56	 0	 -1204	 
 10	 40	 1260	 47	 0	 -1213	 
 10	 40	 1260	 41	 0	 -1219	 
 10	 40	 1260	 47	 0	 -1213	 
 10	 40	 1260	 55	 0	 -1205	 
 10	 40	 1260	 53	 0	 -1207	 
 10	 40	 1260	 43	 0	 -1217	 
 10	 40	 1260	 41	 0	 -1219	 
 10	 40	 1260	 53	 0	 -1207	 
 10	 40	 1260	 50	 0	 -1210	 
 10	 40	 1260	 46	 0	 -1214	 
 10	 40	 1260	 45	 0	 -1215	 
 10	 40	 1260	 53	 0	 -1207	 
 10	 40	 1260	 42	 0	 -1218	 
 10	 40	 1260	 47	 0	 -1213	 
 10	 40	 1260	 50	 0	 -1210	 
 10	 40	 1260	 41	 0	 -1219	 
 10	 40	 1260	 53	 0	 -1207	 
 10	 40	 1260	 46	 0	 -1214	 
 10	 40	 1260	 42	 0	 -1218	 
 10	 40	 1260	 54	 0	 -1206	 
 10	 40	 1260	 44	 0	 -1216	 
 10	 40	 1260	 44	 0	 -1216	 
 10	 40	 1260	 45	 0	 -1215	 
 10	 40	 1260	 44	 0	 -1216	 
 10	 40	 1260	 48	 0	 -1212	 
 10	 40	 1260	 53	 0	 -1207	 
 10	 40	 1260	 53	 0	 -1207	 
 10	 40	 1260	 46	 0	 -1214	 
 10	 40	 1260	 46	 0	 -1214	 
 10	 40	 1260	 41	 0	 -1219	 
 10	 40	 1260	 56	 0	 -1204	 
 10	 40	 1260	 55	 0	 -1205	 
 10	 40	 1260	 46	 0	 -1214	 
 10	 40	 1260	 43	 0	 -1217	 
 10	 40	 1260	 55	 0	 -1205	 
 10	 40	 1260	 46	 0	 -1214	 
 10	 40	 1260	 42	 0	 -1218	 
 10	 40	 1260	 47	 0	 -1213	 
 10	 40	 1260	 43	 0	 -1217	 
 10	 40	 1260	 49	 0	 -1211	 
 10	 40	 1260	 50	 0	 -1210	 
 10	 40	 1260	 54	 0	 -1206	 
 10	 40	 1260	 42	 0	 -1218	 
 10	 40	 1260	 42	 0	 -1218	 
 10	 40	 1260	 55	 0	 -1205	 
 10	 40	 1260	 46	 0	 -1214	 
 10	 40	 1260	 41	 0	 -1219	 
 10	 40	 1260	 48	 0	 -1212	 
 10	 40	 1260	 54	 0	 -1206	 
 10	 40	 1260	 41	 0	 -1219	 
 10	 40	 1260	 43	 0	 -1217	 
 10	 40	 1260	 52	 0	 -1208	 
 10	 40	 1260	 54	 0	 -1206	 
 10	 40	 1260	 46	 0	 -1214	 
 10	 40	 1260	 52	 0	 -1208	 
 10	 40	 1260	 56	 0	 -1204	 
 10	 40	 1260	 41	 0	 -1219	 
 0	 0	 0	 0	 0	 0	 
 0	 0	 0	 0	 0	 0	 
 10	 40	 1260	 44	 0	 -1216	 
 10	 40	 1260	 54	 0	 -1206	 
 10	 40	 1260	 42	 0	 -1218	 
 10	 40	 1260	 46	 0	 -1214	 
 10	 40	 1260	 43	 0	 -1217	 
 10	 40	 1260	 54	 0	 -1206	 
 10	 40	 1260	 48	 0	 -1212	 
 10	 40	 1260	 53	 0	 -1207	 
 10	 40	 1260	 50	 0	 -1210	 
 10	 40	 1260	 43	 0	 -1217	 
 10	 40	 1260	 50	 0	 -1210	 
 10	 40	 1260	 56	 0	 -1204	 
 10	 40	 1260	 49	 0	 -1211	 
 10	 40	 1260	 55	 0	 -1205	 
 10	 40	 1260	 50	 0	 -1210	 
 10	 40	 1260	 50	 0	 -1210	 
 10	 40	 1260	 47	 0	 -1213	 
 10	 40	 1260	 48	 0	 -1212	 
 10	 40	 1260	 48	 0	 -1212	 
 10	 40	 1260	 51	 0	 -1209	 
 10	 40	 1260	 56	 0	 -1204	 
 10	 40	 1260	 43	 0	 -1217	 
 10	 40	 1260	 52	 0	 -1208	 
 10	 40	 1260	 41	 0	 -1219	 
 10	 40	 1260	 46	 0	 -1214	 
 10	 40	 1260	 46	 0	 -1214	 
 10	 40	 1260	 47	 0	 -1213	 
 10	 40	 1260	 56	 0	 -1204	 
 10	 40	 1260	 41	 0	 -1219	 
 10	 40	 1260	 44	 0	 -1216	 
 10	 40	 1260	 45	 0	 -1215	 
 10	 40	 1260	 41	 0	 -1219	 
 10	 40	 1260	 46	 0	 -1214	 
 10	 40	 1260	 47	 0	 -1213	 
 10	 40	 1260	 42	 0	 -1218	 
 10	 40	 1260	 47	 0	 -1213	 
 10	 40	 1260	 55	 0	 -1205	 
 10	 40	 1260	 51	 0	 -1209	 
 10	 40	 1260	 43	 0	 -1217	 
 10	 40	 1260	 41	 0	 -1219	 
 10	 40	 1260	 50	 0	 -1210	 
 10	 40	 1260	 51	 0	 -1209	 
 10	 40	 1260	 56	 0	 -1204	 
 10	 40	 1260	 42	 0	 -1218	 
 10	 40	 1260	 52	 0	 -1208	 
 10	 40	 1260	 54	 0	 -1206	 
 10	 40	 1260	 42	 0	 -1218	 
 10	 40	 1260	 51	 0	 -1209	 
 10	 40	 1260	 48	 0	 -1212	 
 10	 40	 1260	 46	 0	 -1214	 
 10	 40	 1260	 54	 0	 -1206	 
 10	 40	 1260	 53	 0	 -1207	 
 10	 40	 1260	 43	 0	 -1217	 
 10	 40	 1260	 53	 0	 -1207	 
 10	 40	 1260	 54	 0	 -1206	 
 10	 40	 1260	 51	 0	 -1209	 
 10	 40	 1260	 52	 0	 -1208	 
 10	 40	 1260	 55	 0	 -1205	 
 10	 40	 1260	 44	 0	 -1216	 
 10	 40	 1260	 47	 0	 -1213	 
 10	 40	 1260	 49	 0	 -1211	 
 10	 40	 1260	 54	 0	 -1206	 
 10	 40	 1260	 42	 0	 -1218	 
 10	 40	 1260	 54	 0	 -1206	 
 10	 40	 1260	 46	 0	 -1214	 
 10	 40	 1260	 51	 0	 -1209	 
 10	 40	 1260	 43	 0	 -1217	 
 10	 40	 1260	 48	 0	 -1212	 
 10	 40	 1260	 50	 0	 -1210	 
 10	 40	 1260	 47	 0	 -1213	 
 10	 40	 1260	 55	 0	 -1205	 
 10	 40	 1260	 54	 0	 -1206	 
 10	 40	 1260	 54	 0	 -1206	 
 10	 40	 1260	 51	 0	 -1209	 
 10	 40	 1260	 48	 0	 -1212	 
 10	 40	 1260	 50	 0	 -1210	 
 10	 40	 1260	 53	 0	 -1207	 
 10	 40	 1260	 48	 0	 -1212	 
 10	 40	 1260	 52	 0	 -1208	 
 10	 40	 1260	 54	 0	 -1206	 
 10	 40	 1260	 52	 0	 -1208	 
 10	 40	 1260	 41	 0	 -1219	 
 10	 40	 1260	 51	 0	 -1209	 
 10	 40	 1260	 50	 0	 -1210	 
 10	 40	 1260	 55	 0	 -1205	 
 10	 40	 1260	 48	 0	 -1212	 
 10	 40	 1260	 49	 0	 -1211	 
 10	 40	 1260	 53	 0	 -1207	 
 10	 40	 1260	 56	 0	 -1204	 
 10	 40	 1260	 51	 0	 -1209	 
 10	 40	 1260	 51	 0	 -1209	 
 10	 40	 1260	 56	 0	 -1204	 
 10	 40	 1260	 49	 0	 -1211	 
 10	 40	 1260	 41	 0	 -1219	 
 10	 40	 1260	 43	 0	 -1217	 
 10	 40	 1260	 53	 0	 -1207	 
 10	 40	 1260	 56	 0	 -1204	 
 10	 40	 1260	 44	 0	 -1216	 
 10	 40	 1260	 43	 0	 -1217	 
 0	 0	 0	 0	 0	 0	 
 0	 0	 0	 0	 0	 0	 
 10	 40	 1260	 53	 0	 -1207	 
 10	 40	 1260	 49	 0	 -1211	 
 10	 40	 1260	 52	 0	 -1208	 
 10	 40	 1260	 47	 0	 -1213	 
 10	 40	 1260	 42	 0	 -1218	 
 10	 40	 1260	 55	 0	 -1205	 
 10	 40	 1260	 43	 0	 -1217	 
 10	 40	 1260	 50	 0	 -1210	 
 10	 40	 1260	 48	 0	 -1212	 
 10	 40	 1260	 54	 0	 -1206	 
 10	 40	 1260	 41	 0	 -1219	 
 10	 40	 1260	 50	 0	 -1210	 
 10	 40	 1260	 48	 0	 -1212	 
 10	 40	 1260	 47	 0	 -1213	 
 10	 40	 1260	 55	 0	 -1205	 
 10	 40	 1260	 47	 0	 -1213	 
 10	 40	 1260	 49	 0	 -1211	 
 10	 40	 1260	 56	 0	 -1204	 
 10	 40	 1260	 54	 0	 -1206	 
 10	 40	 1260	 55	 0	 -1205	 
 10	 40	 1260	 47	 0	 -1213	 
 10	 40	 1260	 48	 0	 -1212	 
 10	 40	 1260	 47	 0	 -1213	 
 10	 40	 1260	 55	 0	 -1205	 
 10	 40	 1260	 42	 0	 -1218	 
 10	 40	 1260	 47	 0	 -1213	 
 10	 40	 1260	 56	 0	 -1204	 
 10	 40	 1260	 49	 0	 -1211	 
 10	 40	 1260	 54	 0	 -1206	 
 10	 40	 1260	 42	 0	 -1218	 
 10	 40	 1260	 43	 0	 -1217	 
 10	 40	 1260	 48	 0	 -1212	 
 10	 40	 1260	 41	 0	 -1219	 
 10	 40	 1260	 51	 0	 -1209	 
 10	 40	 1260	 52	 0	 -1208	 
 10	 40	 1260	 47	 0	 -1213	 
 10	 40	 1260	 55	 0	 -1205	 
 10	 40	 1260	 55	 0	 -1205	 
 10	 40	 1260	 46	 0	 -1214	 
 10	 40	 1260	 43	 0	 -1217	 
 10	 40	 1260	 44	 0	 -1216	 
 10	 40	 1260	 52	 0	 -1208	 
 10	 40	 1260	 52	 0	 -1208	 
 10	 40	 1260	 51	 0	 -1209	 
 10	 40	 1260	 53	 0	 -1207	 
 10	 40	 1260	 45	 0	 -1215	 
 10	 40	 1260	 44	 0	 -1216	 
 10	 40	 1260	 53	 0	 -1207	 
 10	 40	 1260	 50	 0	 -1210	 
 10	 40	 1260	 54	 0	 -1206	 
 10	 40	 1260	 53	 0	 -1207	 
 10	 40	 1260	 56	 0	 -1204	 
 10	 40	 1260	 49	 0	 -1211	 
 10	 40	 1260	 46	 0	 -1214	 
 10	 40	 1260	 43	 0	 -1217	 
 10	 40	 1260	 45	 0	 -1215	 
 10	 40	 1260	 41	 0	 -1219	 
 10	 40	 1260	 43	 0	 -1217	 
 10	 40	 1260	 53	 0	 -1207	 
 10	 40	 1260	 43	 0	 -1217	 
 10	 40	 1260	 44	 0	 -1216	 
 10	 40	 1260	 51	 0	 -1209	 
 10	 40	 1260	 42	 0	 -1218	 
 10	 40	 1260	 51	 0	 -1209	 
 10	 40	 1260	 48	 0	 -1212	 
 10	 40	 1260	 43	 0	 -1217	 
 10	 40	 1260	 44	 0	 -1216	 
 10	 40	 1260	 48	 0	 -1212	 
 10	 40	 1260	 46	 0	 -1214	 
 10	 40	 1260	 49	 0	 -1211	 
 10	 40	 1260	 56	 0	 -1204	 
 10	 40	 1260	 47	 0	 -1213	 
 10	 40	 1260	 48	 0	 -1212	 
 10	 40	 1260	 44	 0	 -1216	 
 10	 40	 1260	 45	 0	 -1215	 
 10	 40	 1260	 43	 0	 -1217	 
 10	 40	 1260	 54	 0	 -1206	 
 10	 40	 1260	 50	 0	 -1210	 
 10	 40	 1260	 55	 0	 -1205	 
 10	 40	 1260	 53	 0	 -1207	 
 10	 40	 1260	 49	 0	 -1211	 
 10	 40	 1260	 44	 0	 -1216	 
 10	 40	 1260	 56	 0	 -1204	 
 10	 40	 1260	 43	 0	 -1217	 
 10	 40	 1260	 50	 0	 -1210	 
 10	 40	 1260	 51	 0	 -1209	 
 10	 40	 1260	 46	 0	 -1214	 
 10	 40	 1260	 42	 0	 -1218	 
 10	 40	 1260	 51	 0	 -1209	 
 10	 40	 1260	 51	 0	 -1209	 
 10	 40	 1260	 54	 0	 -1206	 
 10	 40	 1260	 47	 0	 -1213	 
 10	 40	 1260	 53	 0	 -1207	 
 10	 40	 1260	 56	 0	 -1204	 
 10	 40	 1260	 49	 0	 -1211	 
 10	 40	 1260	 50	 0	 -1210	 
 10	 40	 1260	 42	 0	 -1218	 
 10	 40	 1260	 55	 0	 -1205	 
 10	 40	 1260	 43	 0	 -1217	 
 0	 0	 0	 0	 0	 0	 
 0	 0	 0	 0	 0	 0	 
 17	 48	 1260	 59	 0	 -1201	 
 17	 48	 1260	 61	 0	 -1199	 
 17	 48	 1260	 54	 0	 -1206	 
 17	 48	 1260	 62	 0	 -1198	 
 17	 48	 1260	 57	 0	 -1203	 
 17	 48	 1260	 54	 0	 -1206	 
 17	 48	 1260	 55	 0	 -1205	 
 17	 48	 1260	 60	 0	 -1200	 
 17	 48	 1260	 61	 0	 -1199	 
 17	 48	 1260	 57	 0	 -1203	 
 17	 48	 1260	 56	 0	 -1204	 
 17	 48	 1260	 62	 0	 -1198	 
 17	 48	 1260	 54	 0	 -1206	 
 17	 48	 1260	 62	 0	 -1198	 
 17	 48	 1260	 62	 0	 -1198	 
 17	 48	 1260	 57	 0	 -1203	 
 17	 48	 1260	 50	 0	 -1210	 
 17	 48	 1260	 50	 0	 -1210	 
 17	 48	 1260	 54	 0	 -1206	 
 17	 48	 1260	 54	 0	 -1206	 
 17	 48	 1260	 57	 0	 -1203	 
 17	 48	 1260	 53	 0	 -1207	 
 17	 48	 1260	 55	 0	 -1205	 
 17	 48	 1260	 52	 0	 -1208	 
 17	 48	 1260	 64	 0	 -1196	 
 17	 48	 1260	 52	 0	 -1208	 
 17	 48	 1260	 54	 0	 -1206	 
 17	 48	 1260	 62	 0	 -1198	 
 17	 48	 1260	 62	 0	 -1198	 
 17	 48	 1260	 60	 0	 -1200	 
 17	 48	 1260	 60	 0	 -1200	 
 17	 48	 1260	 63	 0	 -1197	 
 17	 48	 1260	 49	 0	 -1211	 
 17	 48	 1260	 51	 0	 -1209	 
 17	 48	 1260	 55	 0	 -1205	 
 17	 48	 1260	 60	 0	 -1200	 
 17	 48	 1260	 52	 0	 -1208	 
 17	 48	 1260	 59	 0	 -1201	 
 17	 48	 1260	 52	 0	 -1208	 
 17	 48	 1260	 63	 0	 -1197	 
 17	 48	 1260	 50	 0	 -1210	 
 17	 48	 1260	 58	 0	 -1202	 
 17	 48	 1260	 58	 0	 -1202	 
 17	 48	 1260	 63	 0	 -1197	 
 17	 48	 1260	 49	 0	 -1211	 
 17	 48	 1260	 59	 0	 -1201	 
 17	 48	 1260	 58	 0	 -1202	 
 17	 48	 1260	 52	 0	 -1208	 
 17	 48	 1260	 60	 0	 -1200	 
 17	 48	 1260	 60	 0	 -1200	 
 17	 48	 1260	 57	 0	 -1203	 
 17	 48	 1260	 58	 0	 -1202	 
 17	 48	 1260	 54	 0	 -1206	 
 17	 48	 1260	 63	 0	 -1197	 
 17	 48	 1260	 49	 0	 -1211	 
 17	 48	 1260	 52	 0	 -1208	 
 17	 48	 1260	 52	 0	 -1208	 
 17	 48	 1260	 55	 0	 -1205	 
 17	 48	 1260	 50	 0	 -1210	 
 17	 48	 1260	 64	 0	 -1196	 
 17	 48	 1260	 55	 0	 -1205	 
 17	 48	 1260	 62	 0	 -1198	 
 17	 48	 1260	 61	 0	 -1199	 
 17	 48	 1260	 57	 0	 -1203	 
 17	 48	 1260	 62	 0	 -1198	 
 17	 48	 1260	 50	 0	 -1210	 
 17	 48	 1260	 50	 0	 -1210	 
 17	 48	 1260	 60	 0	 -1200	 
 17	 48	 1260	 49	 0	 -1211	 
 17	 48	 1260	 58	 0	 -1202	 
 17	 48	 1260	 51	 0	 -1209	 
 17	 48	 1260	 51	 0	 -1209	 
 17	 48	 1260	 64	 0	 -1196	 
 17	 48	 1260	 60	 0	 -1200	 
 17	 48	 1260	 62	 0	 -1198	 
 17	 48	 1260	 64	 0	 -1196	 
 17	 48	 1260	 50	 0	 -1210	 
 17	 48	 1260	 58	 0	 -1202	 
 17	 48	 1260	 54	 0	 -1206	 
 17	 48	 1260	 59	 0	 -1201	 
 17	 48	 1260	 58	 0	 -1202	 
 17	 48	 1260	 57	 0	 -1203	 
 17	 48	 1260	 60	 0	 -1200	 
 17	 48	 1260	 64	 0	 -1196	 
 17	 48	 1260	 57	 0	 -1203	 
 17	 48	 1260	 61	 0	 -1199	 
 17	 48	 1260	 58	 0	 -1202	 
 17	 48	 1260	 64	 0	 -1196	 
 17	 48	 1260	 60	 0	 -1200	 
 17	 48	 1260	 56	 0	 -1204	 
 17	 48	 1260	 53	 0	 -1207	 
 17	 48	 1260	 55	 0	 -1205	 
 17	 48	 1260	 49	 0	 -1211	 
 17	 48	 1260	 59	 0	 -1201	 
 17	 48	 1260	 64	 0	 -1196	 
 17	 48	 1260	 55	 0	 -1205	 
 17	 48	 1260	 64	 0	 -1196	 
 17	 48	 1260	 64	 0	 -1196	 
 17	 48	 1260	 59	 0	 -1201	 
 0	 0	 0	 0	 0	 0	 
 0	 0	 0	 0	 0	 0	 
 10	 40	 1260	 54	 0	 -1206	 
 10	 40	 1260	 46	 0	 -1214	 
 10	 40	 1260	 46	 0	 -1214	 
 10	 40	 1260	 48	 0	 -1212	 
 10	 40	 1260	 46	 0	 -1214	 
 10	 40	 1260	 43	 0	 -1217	 
 10	 40	 1260	 53	 0	 -1207	 
 10	 40	 1260	 55	 0	 -1205	 
 10	 40	 1260	 51	 0	 -1209	 
 10	 40	 1260	 42	 0	 -1218	 
 10	 40	 1260	 45	 0	 -1215	 
 10	 40	 1260	 44	 0	 -1216	 
 10	 40	 1260	 45	 0	 -1215	 
 10	 40	 1260	 41	 0	 -1219	 
 10	 40	 1260	 54	 0	 -1206	 
 10	 40	 1260	 41	 0	 -1219	 
 10	 40	 1260	 44	 0	 -1216	 
 10	 40	 1260	 55	 0	 -1205	 
 10	 40	 1260	 42	 0	 -1218	 
 10	 40	 1260	 45	 0	 -1215	 
 10	 40	 1260	 41	 0	 -1219	 
 10	 40	 1260	 44	 0	 -1216	 
 10	 40	 1260	 45	 0	 -1215	 
 10	 40	 1260	 52	 0	 -1208	 
 10	 40	 1260	 42	 0	 -1218	 
 10	 40	 1260	 52	 0	 -1208	 
 10	 40	 1260	 51	 0	 -1209	 
 10	 40	 1260	 43	 0	 -1217	 
 10	 40	 1260	 44	 0	 -1216	 
 10	 40	 1260	 52	 0	 -1208	 
 10	 40	 1260	 43	 0	 -1217	 
 10	 40	 1260	 54	 0	 -1206	 
 10	 40	 1260	 49	 0	 -1211	 
 10	 40	 1260	 56	 0	 -1204	 
 10	 40	 1260	 54	 0	 -1206	 
 10	 40	 1260	 41	 0	 -1219	 
 10	 40	 1260	 51	 0	 -1209	 
 10	 40	 1260	 50	 0	 -1210	 
 10	 40	 1260	 41	 0	 -1219	 
 10	 40	 1260	 46	 0	 -1214	 
 10	 40	 1260	 49	 0	 -1211	 
 10	 40	 1260	 49	 0	 -1211	 
 10	 40	 1260	 50	 0	 -1210	 
 10	 40	 1260	 54	 0	 -1206	 
 10	 40	 1260	 51	 0	 -1209	 
 10	 40	 1260	 50	 0	 -1210	 
 10	 40	 1260	 46	 0	 -1214	 
 10	 40	 1260	 53	 0	 -1207	 
 10	 40	 1260	 43	 0	 -1217	 
 10	 40	 1260	 44	 0	 -1216	 
 10	 40	 1260	 55	 0	 -1205	 
 10	 40	 1260	 53	 0	 -1207	 
 10	 40	 1260	 48	 0	 -1212	 
 10	 40	 1260	 44	 0	 -1216	 
 10	 40	 1260	 43	 0	 -1217	 
 10	 40	 1260	 44	 0	 -1216	 
 10	 40	 1260	 41	 0	 -1219	 
 10	 40	 1260	 41	 0	 -1219	 
 10	 40	 1260	 54	 0	 -1206	 
 10	 40	 1260	 42	 0	 -1218	 
 10	 40	 1260	 41	 0	 -1219	 
 10	 40	 1260	 44	 0	 -1216	 
 10	 40	 1260	 47	 0	 -1213	 
 10	 40	 1260	 50	 0	 -1210	 
 10	 40	 1260	 47	 0	 -1213	 
 10	 40	 1260	 42	 0	 -1218	 
 10	 40	 1260	 53	 0	 -1207	 
 10	 40	 1260	 41	 0	 -1219	 
 10	 40	 1260	 48	 0	 -1212	 
 10	 40	 1260	 41	 0	 -1219	 
 10	 40	 1260	 47	 0	 -1213	 
 10	 40	 1260	 53	 0	 -1207	 
 10	 40	 1260	 42	 0	 -1218	 
 10	 40	 1260	 47	 0	 -1213	 
 10	 40	 1260	 52	 0	 -1208	 
 10	 40	 1260	 54	 0	 -1206	 
 10	 40	 1260	 54	 0	 -1206	 
 10	 40	 1260	 45	 0	 -1215	 
 10	 40	 1260	 54	 0	 -1206	 
 10	 40	 1260	 55	 0	 -1205	 
 10	 40	 1260	 50	 0	 -1210	 
 10	 40	 1260	 43	 0	 -1217	 
 10	 40	 1260	 52	 0	 -1208	 
 10	 40	 1260	 41	 0	 -1219	 
 10	 40	 1260	 43	 0	 -1217	 
 10	 40	 1260	 56	 0	 -1204	 
 10	 40	 1260	 43	 0	 -1217	 
 10	 40	 1260	 46	 0	 -1214	 
 10	 40	 1260	 47	 0	 -1213	 
 10	 40	 1260	 54	 0	 -1206	 
 10	 40	 1260	 52	 0	 -1208	 
 10	 40	 1260	 50	 0	 -1210	 
 10	 40	 1260	 46	 0	 -1214	 
 10	 40	 1260	 42	 0	 -1218	 
 10	 40	 1260	 50	 0	 -1210	 
 10	 40	 1260	 50	 0	 -1210	 
 10	 40	 1260	 55	 0	 -1205	 
 10	 40	 1260	 44	 0	 -1216	 
 10	 40	 1260	 46	 0	 -1214	 
 0	 0	 0	 0	 0	 0	 
 0	 0	 0	 0	 0	 0	 
 18	 60	 1260	 81	 0	 -1179	 
 18	 60	 1260	 76	 0	 -1184	 
 18	 60	 1260	 79	 0	 -1181	 
 18	 60	 1260	 79	 0	 -1181	 
 18	 60	 1260	 62	 0	 -1198	 
 18	 60	 1260	 78	 0	 -1182	 
 18	 60	 1260	 66	 0	 -1194	 
 18	 60	 1260	 79	 0	 -1181	 
 18	 60	 1260	 80	 0	 -1180	 
 18	 60	 1260	 76	 0	 -1184	 
 18	 60	 1260	 64	 0	 -1196	 
 18	 60	 1260	 67	 0	 -1193	 
 18	 60	 1260	 73	 0	 -1187	 
 18	 60	 1260	 63	 0	 -1197	 
 18	 60	 1260	 77	 0	 -1183	 
 18	 60	 1260	 65	 0	 -1195	 
 18	 60	 1260	 74	 0	 -1186	 
 18	 60	 1260	 77	 0	 -1183	 
 18	 60	 1260	 63	 0	 -1197	 
 18	 60	 1260	 64	 0	 -1196	 
 18	 60	 1260	 70	 0	 -1190	 
 18	 60	 1260	 62	 0	 -1198	 
 18	 60	 1260	 81	 0	 -1179	 
 18	 60	 1260	 66	 0	 -1194	 
 18	 60	 1260	 75	 0	 -1185	 
 18	 60	 1260	 81	 0	 -1179	 
 18	 60	 1260	 75	 0	 -1185	 
 18	 60	 1260	 64	 0	 -1196	 
 18	 60	 1260	 80	 0	 -1180	 
 18	 60	 1260	 75	 0	 -1185	 
 18	 60	 1260	 71	 0	 -1189	 
 18	 60	 1260	 72	 0	 -1188	 
 18	 60	 1260	 78	 0	 -1182	 
 18	 60	 1260	 76	 0	 -1184	 
 18	 60	 1260	 76	 0	 -1184	 
 18	 60	 1260	 73	 0	 -1187	 
 18	 60	 1260	 81	 0	 -1179	 
 18	 60	 1260	 79	 0	 -1181	 
 18	 60	 1260	 79	 0	 -1181	 
 18	 60	 1260	 70	 0	 -1190	 
 18	 60	 1260	 71	 0	 -1189	 
 18	 60	 1260	 70	 0	 -1190	 
 18	 60	 1260	 75	 0	 -1185	 
 18	 60	 1260	 70	 0	 -1190	 
 18	 60	 1260	 80	 0	 -1180	 
 18	 60	 1260	 70	 0	 -1190	 
 18	 60	 1260	 71	 0	 -1189	 
 18	 60	 1260	 76	 0	 -1184	 
 18	 60	 1260	 62	 0	 -1198	 
 18	 60	 1260	 80	 0	 -1180	 
 18	 60	 1260	 74	 0	 -1186	 
 18	 60	 1260	 79	 0	 -1181	 
 18	 60	 1260	 78	 0	 -1182	 
 18	 60	 1260	 79	 0	 -1181	 
 18	 60	 1260	 76	 0	 -1184	 
 18	 60	 1260	 71	 0	 -1189	 
 18	 60	 1260	 69	 0	 -1191	 
 18	 60	 1260	 64	 0	 -1196	 
 18	 60	 1260	 66	 0	 -1194	 
 18	 60	 1260	 64	 0	 -1196	 
 18	 60	 1260	 70	 0	 -1190	 
 18	 60	 1260	 80	 0	 -1180	 
 18	 60	 1260	 75	 0	 -1185	 
 18	 60	 1260	 71	 0	 -1189	 
 18	 60	 1260	 69	 0	 -1191	 
 18	 60	 1260	 67	 0	 -1193	 
 18	 60	 1260	 68	 0	 -1192	 
 18	 60	 1260	 71	 0	 -1189	 
 18	 60	 1260	 62	 0	 -1198	 
 18	 60	 1260	 71	 0	 -1189	 
 18	 60	 1260	 70	 0	 -1190	 
 18	 60	 1260	 68	 0	 -1192	 
 18	 60	 1260	 81	 0	 -1179	 
 18	 60	 1260	 82	 0	 -1178	 
 18	 60	 1260	 78	 0	 -1182	 
 18	 60	 1260	 78	 0	 -1182	 
 18	 60	 1260	 72	 0	 -1188	 
 18	 60	 1260	 81	 0	 -1179	 
 18	 60	 1260	 69	 0	 -1191	 
 18	 60	 1260	 82	 0	 -1178	 
 18	 60	 1260	 75	 0	 -1185	 
 18	 60	 1260	 80	 0	 -1180	 
 18	 60	 1260	 66	 0	 -1194	 
 18	 60	 1260	 72	 0	 -1188	 
 18	 60	 1260	 62	 0	 -1198	 
 18	 60	 1260	 77	 0	 -1183	 
 18	 60	 1260	 71	 0	 -1189	 
 18	 60	 1260	 61	 0	 -1199	 
 18	 60	 1260	 78	 0	 -1182	 
 18	 60	 1260	 82	 0	 -1178	 
 18	 60	 1260	 80	 0	 -1180	 
 18	 60	 1260	 76	 0	 -1184	 
 18	 60	 1260	 61	 0	 -1199	 
 18	 60	 1260	 75	 0	 -1185	 
 18	 60	 1260	 75	 0	 -1185	 
 18	 60	 1260	 77	 0	 -1183	 
 18	 60	 1260	 77	 0	 -1183	 
 18	 60	 1260	 66	 0	 -1194	 
 18	 60	 1260	 64	 0	 -1196	 
 0	 0	 0	 0	 0	 0	 
 0	 0	 0	 0	 0	 0	 
 10	 40	 1260	 41	 0	 -1219	 
 10	 40	 1260	 42	 0	 -1218	 
 10	 40	 1260	 53	 0	 -1207	 
 10	 40	 1260	 42	 0	 -1218	 
 10	 40	 1260	 51	 0	 -1209	 
 10	 40	 1260	 56	 0	 -1204	 
 10	 40	 1260	 55	 0	 -1205	 
 10	 40	 1260	 42	 0	 -1218	 
 10	 40	 1260	 49	 0	 -1211	 
 10	 40	 1260	 54	 0	 -1206	 
 10	 40	 1260	 44	 0	 -1216	 
 10	 40	 1260	 41	 0	 -1219	 
 10	 40	 1260	 49	 0	 -1211	 
 10	 40	 1260	 55	 0	 -1205	 
 10	 40	 1260	 56	 0	 -1204	 
 10	 40	 1260	 47	 0	 -1213	 
 10	 40	 1260	 43	 0	 -1217	 
 10	 40	 1260	 55	 0	 -1205	 
 10	 40	 1260	 43	 0	 -1217	 
 10	 40	 1260	 53	 0	 -1207	 
 10	 40	 1260	 49	 0	 -1211	 
 10	 40	 1260	 48	 0	 -1212	 
 10	 40	 1260	 48	 0	 -1212	 
 10	 40	 1260	 43	 0	 -1217	 
 10	 40	 1260	 54	 0	 -1206	 
 10	 40	 1260	 55	 0	 -1205	 
 10	 40	 1260	 54	 0	 -1206	 
 10	 40	 1260	 50	 0	 -1210	 
 10	 40	 1260	 54	 0	 -1206	 
 10	 40	 1260	 53	 0	 -1207	 
 10	 40	 1260	 54	 0	 -1206	 
 10	 40	 1260	 50	 0	 -1210	 
 10	 40	 1260	 53	 0	 -1207	 
 10	 40	 1260	 52	 0	 -1208	 
 10	 40	 1260	 41	 0	 -1219	 
 10	 40	 1260	 45	 0	 -1215	 
 10	 40	 1260	 42	 0	 -1218	 
 10	 40	 1260	 55	 0	 -1205	 
 10	 40	 1260	 43	 0	 -1217	 
 10	 40	 1260	 47	 0	 -1213	 
 10	 40	 1260	 53	 0	 -1207	 
 10	 40	 1260	 50	 0	 -1210	 
 10	 40	 1260	 56	 0	 -1204	 
 10	 40	 1260	 44	 0	 -1216	 
 10	 40	 1260	 51	 0	 -1209	 
 10	 40	 1260	 55	 0	 -1205	 
 10	 40	 1260	 42	 0	 -1218	 
 10	 40	 1260	 47	 0	 -1213	 
 10	 40	 1260	 52	 0	 -1208	 
 10	 40	 1260	 49	 0	 -1211	 
 10	 40	 1260	 46	 0	 -1214	 
 10	 40	 1260	 52	 0	 -1208	 
 10	 40	 1260	 52	 0	 -1208	 
 10	 40	 1260	 56	 0	 -1204	 
 10	 40	 1260	 43	 0	 -1217	 
 10	 40	 1260	 45	 0	 -1215	 
 10	 40	 1260	 48	 0	 -1212	 
 10	 40	 1260	 42	 0	 -1218	 
 10	 40	 1260	 47	 0	 -1213	 
 10	 40	 1260	 47	 0	 -1213	 
 10	 40	 1260	 43	 0	 -1217	 
 10	 40	 1260	 51	 0	 -1209	 
 10	 40	 1260	 56	 0	 -1204	 
 10	 40	 1260	 49	 0	 -1211	 
 10	 40	 1260	 42	 0	 -1218	 
 10	 40	 1260	 42	 0	 -1218	 
 10	 40	 1260	 43	 0	 -1217	 
 10	 40	 1260	 49	 0	 -1211	 
 10	 40	 1260	 47	 0	 -1213	 
 10	 40	 1260	 41	 0	 -1219	 
 10	 40	 1260	 55	 0	 -1205	 
 10	 40	 1260	 54	 0	 -1206	 
 10	 40	 1260	 50	 0	 -1210	 
 10	 40	 1260	 54	 0	 -1206	 
 10	 40	 1260	 50	 0	 -1210	 
 10	 40	 1260	 44	 0	 -1216	 
 10	 40	 1260	 49	 0	 -1211	 
 10	 40	 1260	 47	 0	 -1213	 
 10	 40	 1260	 41	 0	 -1219	 
 10	 40	 1260	 46	 0	 -1214	 
 10	 40	 1260	 42	 0	 -1218	 
 10	 40	 1260	 48	 0	 -1212	 
 10	 40	 1260	 50	 0	 -1210	 
 10	 40	 1260	 44	 0	 -1216	 
 10	 40	 1260	 44	 0	 -1216	 
 10	 40	 1260	 51	 0	 -1209	 
 10	 40	 1260	 55	 0	 -1205	 
 10	 40	 1260	 46	 0	 -1214	 
 10	 40	 1260	 49	 0	 -1211	 
 10	 40	 1260	 55	 0	 -1205	 
 10	 40	 1260	 48	 0	 -1212	 
 10	 40	 1260	 54	 0	 -1206	 
 10	 40	 1260	 42	 0	 -1218	 
 10	 40	 1260	 47	 0	 -1213	 
 10	 40	 1260	 52	 0	 -1208	 
 10	 40	 1260	 43	 0	 -1217	 
 10	 40	 1260	 54	 0	 -1206	 
 10	 40	 1260	 44	 0	 -1216	 
 10	 40	 1260	 55	 0	 -1205	 
 0	 0	 0	 0	 0	 0	 
 0	 0	 0	 0	 0	 0	 
 4	 27	 1260	 29	 0	 -1231	 
 4	 27	 1260	 30	 0	 -1230	 
 4	 27	 1260	 33	 0	 -1227	 
 4	 27	 1260	 30	 0	 -1230	 
 4	 27	 1260	 39	 0	 -1221	 
 4	 27	 1260	 36	 0	 -1224	 
 4	 27	 1260	 28	 0	 -1232	 
 4	 27	 1260	 36	 0	 -1224	 
 4	 27	 1260	 39	 0	 -1221	 
 4	 27	 1260	 29	 0	 -1231	 
 4	 27	 1260	 35	 0	 -1225	 
 4	 27	 1260	 37	 0	 -1223	 
 4	 27	 1260	 28	 0	 -1232	 
 4	 27	 1260	 29	 0	 -1231	 
 4	 27	 1260	 32	 0	 -1228	 
 4	 27	 1260	 30	 0	 -1230	 
 4	 27	 1260	 39	 0	 -1221	 
 4	 27	 1260	 36	 0	 -1224	 
 4	 27	 1260	 32	 0	 -1228	 
 4	 27	 1260	 31	 0	 -1229	 
 4	 27	 1260	 34	 0	 -1226	 
 4	 27	 1260	 37	 0	 -1223	 
 4	 27	 1260	 34	 0	 -1226	 
 4	 27	 1260	 30	 0	 -1230	 
 4	 27	 1260	 38	 0	 -1222	 
 4	 27	 1260	 31	 0	 -1229	 
 4	 27	 1260	 37	 0	 -1223	 
 4	 27	 1260	 35	 0	 -1225	 
 4	 27	 1260	 36	 0	 -1224	 
 4	 27	 1260	 29	 0	 -1231	 
 4	 27	 1260	 39	 0	 -1221	 
 4	 27	 1260	 33	 0	 -1227	 
 4	 27	 1260	 31	 0	 -1229	 
 4	 27	 1260	 34	 0	 -1226	 
 4	 27	 1260	 38	 0	 -1222	 
 4	 27	 1260	 33	 0	 -1227	 
 4	 27	 1260	 33	 0	 -1227	 
 4	 27	 1260	 35	 0	 -1225	 
 4	 27	 1260	 39	 0	 -1221	 
 4	 27	 1260	 28	 0	 -1232	 
 4	 27	 1260	 31	 0	 -1229	 
 4	 27	 1260	 30	 0	 -1230	 
 4	 27	 1260	 32	 0	 -1228	 
 4	 27	 1260	 32	 0	 -1228	 
 4	 27	 1260	 34	 0	 -1226	 
 4	 27	 1260	 31	 0	 -1229	 
 4	 27	 1260	 38	 0	 -1222	 
 4	 27	 1260	 30	 0	 -1230	 
 4	 27	 1260	 32	 0	 -1228	 
 4	 27	 1260	 33	 0	 -1227	 
 4	 27	 1260	 33	 0	 -1227	 
 4	 27	 1260	 35	 0	 -1225	 
 4	 27	 1260	 33	 0	 -1227	 
 4	 27	 1260	 36	 0	 -1224	 
 4	 27	 1260	 32	 0	 -1228	 
 4	 27	 1260	 34	 0	 -1226	 
 4	 27	 1260	 33	 0	 -1227	 
 4	 27	 1260	 30	 0	 -1230	 
 4	 27	 1260	 30	 0	 -1230	 
 4	 27	 1260	 28	 0	 -1232	 
 4	 27	 1260	 32	 0	 -1228	 
 4	 27	 1260	 38	 0	 -1222	 
 4	 27	 1260	 39	 0	 -1221	 
 4	 27	 1260	 34	 0	 -1226	 
 4	 27	 1260	 31	 0	 -1229	 
 4	 27	 1260	 33	 0	 -1227	 
 4	 27	 1260	 34	 0	 -1226	 
 4	 27	 1260	 38	 0	 -1222	 
 4	 27	 1260	 36	 0	 -1224	 
 4	 27	 1260	 37	 0	 -1223	 
 4	 27	 1260	 29	 0	 -1231	 
 4	 27	 1260	 30	 0	 -1230	 
 4	 27	 1260	 29	 0	 -1231	 
 4	 27	 1260	 30	 0	 -1230	 
 4	 27	 1260	 28	 0	 -1232	 
 4	 27	 1260	 38	 0	 -1222	 
 4	 27	 1260	 30	 0	 -1230	 
 4	 27	 1260	 32	 0	 -1228	 
 4	 27	 1260	 38	 0	 -1222	 
 4	 27	 1260	 32	 0	 -1228	 
 4	 27	 1260	 28	 0	 -1232	 
 4	 27	 1260	 37	 0	 -1223	 
 4	 27	 1260	 37	 0	 -1223	 
 4	 27	 1260	 31	 0	 -1229	 
 4	 27	 1260	 28	 0	 -1232	 
 4	 27	 1260	 38	 0	 -1222	 
 4	 27	 1260	 38	 0	 -1222	 
 4	 27	 1260	 31	 0	 -1229	 
 4	 27	 1260	 34	 0	 -1226	 
 4	 27	 1260	 29	 0	 -1231	 
 4	 27	 1260	 38	 0	 -1222	 
 4	 27	 1260	 32	 0	 -1228	 
 4	 27	 1260	 39	 0	 -1221	 
 4	 27	 1260	 29	 0	 -1231	 
 4	 27	 1260	 31	 0	 -1229	 
 4	 27	 1260	 32	 0	 -1228	 
 4	 27	 1260	 36	 0	 -1224	 
 4	 27	 1260	 36	 0	 -1224	 
 4	 27	 1260	 33	 0	 -1227	 
 0	 0	 0	 0	 0	 0	 
 0	 0	 0	 0	 0	 0	 
 10	 40	 1260	 43	 0	 -1217	 
 10	 40	 1260	 42	 0	 -1218	 
 10	 40	 1260	 42	 0	 -1218	 
 10	 40	 1260	 42	 0	 -1218	 
 10	 40	 1260	 48	 0	 -1212	 
 10	 40	 1260	 47	 0	 -1213	 
 10	 40	 1260	 51	 0	 -1209	 
 10	 40	 1260	 41	 0	 -1219	 
 10	 40	 1260	 54	 0	 -1206	 
 10	 40	 1260	 45	 0	 -1215	 
 10	 40	 1260	 48	 0	 -1212	 
 10	 40	 1260	 55	 0	 -1205	 
 10	 40	 1260	 55	 0	 -1205	 
 10	 40	 1260	 48	 0	 -1212	 
 10	 40	 1260	 53	 0	 -1207	 
 10	 40	 1260	 51	 0	 -1209	 
 10	 40	 1260	 51	 0	 -1209	 
 10	 40	 1260	 42	 0	 -1218	 
 10	 40	 1260	 43	 0	 -1217	 
 10	 40	 1260	 46	 0	 -1214	 
 10	 40	 1260	 49	 0	 -1211	 
 10	 40	 1260	 41	 0	 -1219	 
 10	 40	 1260	 41	 0	 -1219	 
 10	 40	 1260	 46	 0	 -1214	 
 10	 40	 1260	 44	 0	 -1216	 
 10	 40	 1260	 41	 0	 -1219	 
 10	 40	 1260	 52	 0	 -1208	 
 10	 40	 1260	 54	 0	 -1206	 
 10	 40	 1260	 52	 0	 -1208	 
 10	 40	 1260	 50	 0	 -1210	 
 10	 40	 1260	 43	 0	 -1217	 
 10	 40	 1260	 52	 0	 -1208	 
 10	 40	 1260	 49	 0	 -1211	 
 10	 40	 1260	 41	 0	 -1219	 
 10	 40	 1260	 46	 0	 -1214	 
 10	 40	 1260	 43	 0	 -1217	 
 10	 40	 1260	 44	 0	 -1216	 
 10	 40	 1260	 53	 0	 -1207	 
 10	 40	 1260	 41	 0	 -1219	 
 10	 40	 1260	 41	 0	 -1219	 
 10	 40	 1260	 55	 0	 -1205	 
 10	 40	 1260	 51	 0	 -1209	 
 10	 40	 1260	 50	 0	 -1210	 
 10	 40	 1260	 47	 0	 -1213	 
 10	 40	 1260	 52	 0	 -1208	 
 10	 40	 1260	 47	 0	 -1213	 
 10	 40	 1260	 42	 0	 -1218	 
 10	 40	 1260	 43	 0	 -1217	 
 10	 40	 1260	 50	 0	 -1210	 
 10	 40	 1260	 47	 0	 -1213	 
 10	 40	 1260	 48	 0	 -1212	 
 10	 40	 1260	 44	 0	 -1216	 
 10	 40	 1260	 47	 0	 -1213	 
 10	 40	 1260	 42	 0	 -1218	 
 10	 40	 1260	 52	 0	 -1208	 
 10	 40	 1260	 44	 0	 -1216	 
 10	 40	 1260	 55	 0	 -1205	 
 10	 40	 1260	 49	 0	 -1211	 
 10	 40	 1260	 47	 0	 -1213	 
 10	 40	 1260	 52	 0	 -1208	 
 10	 40	 1260	 53	 0	 -1207	 
 10	 40	 1260	 52	 0	 -1208	 
 10	 40	 1260	 53	 0	 -1207	 
 10	 40	 1260	 41	 0	 -1219	 
 10	 40	 1260	 49	 0	 -1211	 
 10	 40	 1260	 53	 0	 -1207	 
 10	 40	 1260	 46	 0	 -1214	 
 10	 40	 1260	 45	 0	 -1215	 
 10	 40	 1260	 42	 0	 -1218	 
 10	 40	 1260	 53	 0	 -1207	 
 10	 40	 1260	 43	 0	 -1217	 
 10	 40	 1260	 55	 0	 -1205	 
 10	 40	 1260	 50	 0	 -1210	 
 10	 40	 1260	 43	 0	 -1217	 
 10	 40	 1260	 41	 0	 -1219	 
 10	 40	 1260	 44	 0	 -1216	 
 10	 40	 1260	 47	 0	 -1213	 
 10	 40	 1260	 48	 0	 -1212	 
 10	 40	 1260	 44	 0	 -1216	 
 10	 40	 1260	 43	 0	 -1217	 
 10	 40	 1260	 44	 0	 -1216	 
 10	 40	 1260	 46	 0	 -1214	 
 10	 40	 1260	 53	 0	 -1207	 
 10	 40	 1260	 52	 0	 -1208	 
 10	 40	 1260	 45	 0	 -1215	 
 10	 40	 1260	 47	 0	 -1213	 
 10	 40	 1260	 52	 0	 -1208	 
 10	 40	 1260	 53	 0	 -1207	 
 10	 40	 1260	 50	 0	 -1210	 
 10	 40	 1260	 52	 0	 -1208	 
 10	 40	 1260	 49	 0	 -1211	 
 10	 40	 1260	 49	 0	 -1211	 
 10	 40	 1260	 47	 0	 -1213	 
 10	 40	 1260	 52	 0	 -1208	 
 10	 40	 1260	 56	 0	 -1204	 
 10	 40	 1260	 44	 0	 -1216	 
 10	 40	 1260	 46	 0	 -1214	 
 10	 40	 1260	 50	 0	 -1210	 
 10	 40	 1260	 44	 0	 -1216	 
 0	 0	 0	 0	 0	 0	 
 0	 0	 0	 0	 0	 0	 
 10	 40	 1260	 49	 0	 -1211	 
 10	 40	 1260	 49	 0	 -1211	 
 10	 40	 1260	 51	 0	 -1209	 
 10	 40	 1260	 54	 0	 -1206	 
 10	 40	 1260	 51	 0	 -1209	 
 10	 40	 1260	 48	 0	 -1212	 
 10	 40	 1260	 43	 0	 -1217	 
 10	 40	 1260	 54	 0	 -1206	 
 10	 40	 1260	 47	 0	 -1213	 
 10	 40	 1260	 44	 0	 -1216	 
 10	 40	 1260	 41	 0	 -1219	 
 10	 40	 1260	 49	 0	 -1211	 
 10	 40	 1260	 42	 0	 -1218	 
 10	 40	 1260	 47	 0	 -1213	 
 10	 40	 1260	 54	 0	 -1206	 
 10	 40	 1260	 45	 0	 -1215	 
 10	 40	 1260	 44	 0	 -1216	 
 10	 40	 1260	 55	 0	 -1205	 
 10	 40	 1260	 45	 0	 -1215	 
 10	 40	 1260	 42	 0	 -1218	 
 10	 40	 1260	 44	 0	 -1216	 
 10	 40	 1260	 45	 0	 -1215	 
 10	 40	 1260	 46	 0	 -1214	 
 10	 40	 1260	 47	 0	 -1213	 
 10	 40	 1260	 47	 0	 -1213	 
 10	 40	 1260	 43	 0	 -1217	 
 10	 40	 1260	 42	 0	 -1218	 
 10	 40	 1260	 47	 0	 -1213	 
 10	 40	 1260	 48	 0	 -1212	 
 10	 40	 1260	 55	 0	 -1205	 
 10	 40	 1260	 48	 0	 -1212	 
 10	 40	 1260	 50	 0	 -1210	 
 10	 40	 1260	 50	 0	 -1210	 
 10	 40	 1260	 55	 0	 -1205	 
 10	 40	 1260	 46	 0	 -1214	 
 10	 40	 1260	 51	 0	 -1209	 
 10	 40	 1260	 49	 0	 -1211	 
 10	 40	 1260	 44	 0	 -1216	 
 10	 40	 1260	 50	 0	 -1210	 
 10	 40	 1260	 46	 0	 -1214	 
 10	 40	 1260	 41	 0	 -1219	 
 10	 40	 1260	 42	 0	 -1218	 
 10	 40	 1260	 56	 0	 -1204	 
 10	 40	 1260	 46	 0	 -1214	 
 10	 40	 1260	 48	 0	 -1212	 
 10	 40	 1260	 43	 0	 -1217	 
 10	 40	 1260	 49	 0	 -1211	 
 10	 40	 1260	 46	 0	 -1214	 
 10	 40	 1260	 43	 0	 -1217	 
 10	 40	 1260	 44	 0	 -1216	 
 10	 40	 1260	 54	 0	 -1206	 
 10	 40	 1260	 43	 0	 -1217	 
 10	 40	 1260	 43	 0	 -1217	 
 10	 40	 1260	 47	 0	 -1213	 
 10	 40	 1260	 53	 0	 -1207	 
 10	 40	 1260	 49	 0	 -1211	 
 10	 40	 1260	 46	 0	 -1214	 
 10	 40	 1260	 48	 0	 -1212	 
 10	 40	 1260	 48	 0	 -1212	 
 10	 40	 1260	 50	 0	 -1210	 
 10	 40	 1260	 56	 0	 -1204	 
 10	 40	 1260	 43	 0	 -1217	 
 10	 40	 1260	 41	 0	 -1219	 
 10	 40	 1260	 50	 0	 -1210	 
 10	 40	 1260	 56	 0	 -1204	 
 10	 40	 1260	 44	 0	 -1216	 
 10	 40	 1260	 48	 0	 -1212	 
 10	 40	 1260	 42	 0	 -1218	 
 10	 40	 1260	 46	 0	 -1214	 
 10	 40	 1260	 41	 0	 -1219	 
 10	 40	 1260	 49	 0	 -1211	 
 10	 40	 1260	 48	 0	 -1212	 
 10	 40	 1260	 48	 0	 -1212	 
 10	 40	 1260	 45	 0	 -1215	 
 10	 40	 1260	 46	 0	 -1214	 
 10	 40	 1260	 53	 0	 -1207	 
 10	 40	 1260	 46	 0	 -1214	 
 10	 40	 1260	 42	 0	 -1218	 
 10	 40	 1260	 55	 0	 -1205	 
 10	 40	 1260	 52	 0	 -1208	 
 10	 40	 1260	 48	 0	 -1212	 
 10	 40	 1260	 53	 0	 -1207	 
 10	 40	 1260	 55	 0	 -1205	 
 10	 40	 1260	 55	 0	 -1205	 
 10	 40	 1260	 42	 0	 -1218	 
 10	 40	 1260	 41	 0	 -1219	 
 10	 40	 1260	 52	 0	 -1208	 
 10	 40	 1260	 47	 0	 -1213	 
 10	 40	 1260	 52	 0	 -1208	 
 10	 40	 1260	 50	 0	 -1210	 
 10	 40	 1260	 51	 0	 -1209	 
 10	 40	 1260	 48	 0	 -1212	 
 10	 40	 1260	 49	 0	 -1211	 
 10	 40	 1260	 46	 0	 -1214	 
 10	 40	 1260	 48	 0	 -1212	 
 10	 40	 1260	 42	 0	 -1218	 
 10	 40	 1260	 52	 0	 -1208	 
 10	 40	 1260	 52	 0	 -1208	 
 10	 40	 1260	 47	 0	 -1213	 
 0	 0	 0	 0	 0	 0	 
 0	 0	 0	 0	 0	 0	 
 10	 40	 1260	 48	 0	 -1212	 
 10	 40	 1260	 51	 0	 -1209	 
 10	 40	 1260	 44	 0	 -1216	 
 10	 40	 1260	 47	 0	 -1213	 
 10	 40	 1260	 44	 0	 -1216	 
 10	 40	 1260	 42	 0	 -1218	 
 10	 40	 1260	 44	 0	 -1216	 
 10	 40	 1260	 53	 0	 -1207	 
 10	 40	 1260	 53	 0	 -1207	 
 10	 40	 1260	 41	 0	 -1219	 
 10	 40	 1260	 41	 0	 -1219	 
 10	 40	 1260	 48	 0	 -1212	 
 10	 40	 1260	 56	 0	 -1204	 
 10	 40	 1260	 55	 0	 -1205	 
 10	 40	 1260	 51	 0	 -1209	 
 10	 40	 1260	 56	 0	 -1204	 
 10	 40	 1260	 45	 0	 -1215	 
 10	 40	 1260	 54	 0	 -1206	 
 10	 40	 1260	 55	 0	 -1205	 
 10	 40	 1260	 53	 0	 -1207	 
 10	 40	 1260	 53	 0	 -1207	 
 10	 40	 1260	 48	 0	 -1212	 
 10	 40	 1260	 49	 0	 -1211	 
 10	 40	 1260	 45	 0	 -1215	 
 10	 40	 1260	 42	 0	 -1218	 
 10	 40	 1260	 55	 0	 -1205	 
 10	 40	 1260	 45	 0	 -1215	 
 10	 40	 1260	 41	 0	 -1219	 
 10	 40	 1260	 46	 0	 -1214	 
 10	 40	 1260	 53	 0	 -1207	 
 10	 40	 1260	 53	 0	 -1207	 
 10	 40	 1260	 55	 0	 -1205	 
 10	 40	 1260	 56	 0	 -1204	 
 10	 40	 1260	 43	 0	 -1217	 
 10	 40	 1260	 52	 0	 -1208	 
 10	 40	 1260	 53	 0	 -1207	 
 10	 40	 1260	 42	 0	 -1218	 
 10	 40	 1260	 41	 0	 -1219	 
 10	 40	 1260	 56	 0	 -1204	 
 10	 40	 1260	 41	 0	 -1219	 
 10	 40	 1260	 42	 0	 -1218	 
 10	 40	 1260	 46	 0	 -1214	 
 10	 40	 1260	 53	 0	 -1207	 
 10	 40	 1260	 52	 0	 -1208	 
 10	 40	 1260	 47	 0	 -1213	 
 10	 40	 1260	 49	 0	 -1211	 
 10	 40	 1260	 50	 0	 -1210	 
 10	 40	 1260	 49	 0	 -1211	 
 10	 40	 1260	 56	 0	 -1204	 
 10	 40	 1260	 50	 0	 -1210	 
 10	 40	 1260	 51	 0	 -1209	 
 10	 40	 1260	 47	 0	 -1213	 
 10	 40	 1260	 50	 0	 -1210	 
 10	 40	 1260	 55	 0	 -1205	 
 10	 40	 1260	 54	 0	 -1206	 
 10	 40	 1260	 55	 0	 -1205	 
 10	 40	 1260	 43	 0	 -1217	 
 10	 40	 1260	 46	 0	 -1214	 
 10	 40	 1260	 42	 0	 -1218	 
 10	 40	 1260	 48	 0	 -1212	 
 10	 40	 1260	 56	 0	 -1204	 
 10	 40	 1260	 56	 0	 -1204	 
 10	 40	 1260	 48	 0	 -1212	 
 10	 40	 1260	 41	 0	 -1219	 
 10	 40	 1260	 52	 0	 -1208	 
 10	 40	 1260	 47	 0	 -1213	 
 10	 40	 1260	 45	 0	 -1215	 
 10	 40	 1260	 47	 0	 -1213	 
 10	 40	 1260	 48	 0	 -1212	 
 10	 40	 1260	 54	 0	 -1206	 
 10	 40	 1260	 44	 0	 -1216	 
 10	 40	 1260	 50	 0	 -1210	 
 10	 40	 1260	 42	 0	 -1218	 
 10	 40	 1260	 53	 0	 -1207	 
 10	 40	 1260	 50	 0	 -1210	 
 10	 40	 1260	 47	 0	 -1213	 
 10	 40	 1260	 42	 0	 -1218	 
 10	 40	 1260	 51	 0	 -1209	 
 10	 40	 1260	 43	 0	 -1217	 
 10	 40	 1260	 54	 0	 -1206	 
 10	 40	 1260	 55	 0	 -1205	 
 10	 40	 1260	 42	 0	 -1218	 
 10	 40	 1260	 43	 0	 -1217	 
 10	 40	 1260	 52	 0	 -1208	 
 10	 40	 1260	 51	 0	 -1209	 
 10	 40	 1260	 48	 0	 -1212	 
 10	 40	 1260	 55	 0	 -1205	 
 10	 40	 1260	 46	 0	 -1214	 
 10	 40	 1260	 41	 0	 -1219	 
 10	 40	 1260	 49	 0	 -1211	 
 10	 40	 1260	 47	 0	 -1213	 
 10	 40	 1260	 44	 0	 -1216	 
 10	 40	 1260	 41	 0	 -1219	 
 10	 40	 1260	 54	 0	 -1206	 
 10	 40	 1260	 53	 0	 -1207	 
 10	 40	 1260	 41	 0	 -1219	 
 10	 40	 1260	 52	 0	 -1208	 
 10	 40	 1260	 49	 0	 -1211	 
 10	 40	 1260	 53	 0	 -1207	 
 0	 0	 0	 0	 0	 0	 
 0	 0	 0	 0	 0	 0	 
 13	 46	 1260	 61	 0	 -1199	 
 13	 46	 1260	 61	 0	 -1199	 
 13	 46	 1260	 60	 0	 -1200	 
 13	 46	 1260	 63	 0	 -1197	 
 13	 46	 1260	 51	 0	 -1209	 
 13	 46	 1260	 50	 0	 -1210	 
 13	 46	 1260	 56	 0	 -1204	 
 13	 46	 1260	 57	 0	 -1203	 
 13	 46	 1260	 49	 0	 -1211	 
 13	 46	 1260	 54	 0	 -1206	 
 13	 46	 1260	 56	 0	 -1204	 
 13	 46	 1260	 58	 0	 -1202	 
 13	 46	 1260	 54	 0	 -1206	 
 13	 46	 1260	 56	 0	 -1204	 
 13	 46	 1260	 53	 0	 -1207	 
 13	 46	 1260	 51	 0	 -1209	 
 13	 46	 1260	 59	 0	 -1201	 
 13	 46	 1260	 54	 0	 -1206	 
 13	 46	 1260	 53	 0	 -1207	 
 13	 46	 1260	 62	 0	 -1198	 
 13	 46	 1260	 51	 0	 -1209	 
 13	 46	 1260	 59	 0	 -1201	 
 13	 46	 1260	 61	 0	 -1199	 
 13	 46	 1260	 52	 0	 -1208	 
 13	 46	 1260	 52	 0	 -1208	 
 13	 46	 1260	 53	 0	 -1207	 
 13	 46	 1260	 48	 0	 -1212	 
 13	 46	 1260	 59	 0	 -1201	 
 13	 46	 1260	 57	 0	 -1203	 
 13	 46	 1260	 47	 0	 -1213	 
 13	 46	 1260	 50	 0	 -1210	 
 13	 46	 1260	 57	 0	 -1203	 
 13	 46	 1260	 58	 0	 -1202	 
 13	 46	 1260	 55	 0	 -1205	 
 13	 46	 1260	 59	 0	 -1201	 
 13	 46	 1260	 47	 0	 -1213	 
 13	 46	 1260	 60	 0	 -1200	 
 13	 46	 1260	 62	 0	 -1198	 
 13	 46	 1260	 63	 0	 -1197	 
 13	 46	 1260	 48	 0	 -1212	 
 13	 46	 1260	 48	 0	 -1212	 
 13	 46	 1260	 63	 0	 -1197	 
 13	 46	 1260	 61	 0	 -1199	 
 13	 46	 1260	 51	 0	 -1209	 
 13	 46	 1260	 61	 0	 -1199	 
 13	 46	 1260	 47	 0	 -1213	 
 13	 46	 1260	 47	 0	 -1213	 
 13	 46	 1260	 60	 0	 -1200	 
 13	 46	 1260	 58	 0	 -1202	 
 13	 46	 1260	 59	 0	 -1201	 
 13	 46	 1260	 47	 0	 -1213	 
 13	 46	 1260	 61	 0	 -1199	 
 13	 46	 1260	 51	 0	 -1209	 
 13	 46	 1260	 62	 0	 -1198	 
 13	 46	 1260	 56	 0	 -1204	 
 13	 46	 1260	 53	 0	 -1207	 
 13	 46	 1260	 59	 0	 -1201	 
 13	 46	 1260	 60	 0	 -1200	 
 13	 46	 1260	 53	 0	 -1207	 
 13	 46	 1260	 60	 0	 -1200	 
 13	 46	 1260	 54	 0	 -1206	 
 13	 46	 1260	 60	 0	 -1200	 
 13	 46	 1260	 51	 0	 -1209	 
 13	 46	 1260	 60	 0	 -1200	 
 13	 46	 1260	 61	 0	 -1199	 
 13	 46	 1260	 54	 0	 -1206	 
 13	 46	 1260	 61	 0	 -1199	 
 13	 46	 1260	 51	 0	 -1209	 
 13	 46	 1260	 61	 0	 -1199	 
 13	 46	 1260	 62	 0	 -1198	 
 13	 46	 1260	 56	 0	 -1204	 
 13	 46	 1260	 60	 0	 -1200	 
 13	 46	 1260	 48	 0	 -1212	 
 13	 46	 1260	 56	 0	 -1204	 
 13	 46	 1260	 62	 0	 -1198	 
 13	 46	 1260	 54	 0	 -1206	 
 13	 46	 1260	 53	 0	 -1207	 
 13	 46	 1260	 57	 0	 -1203	 
 13	 46	 1260	 54	 0	 -1206	 
 13	 46	 1260	 53	 0	 -1207	 
 13	 46	 1260	 52	 0	 -1208	 
 13	 46	 1260	 48	 0	 -1212	 
 13	 46	 1260	 56	 0	 -1204	 
 13	 46	 1260	 54	 0	 -1206	 
 13	 46	 1260	 57	 0	 -1203	 
 13	 46	 1260	 57	 0	 -1203	 
 13	 46	 1260	 48	 0	 -1212	 
 13	 46	 1260	 56	 0	 -1204	 
 13	 46	 1260	 55	 0	 -1205	 
 13	 46	 1260	 48	 0	 -1212	 
 13	 46	 1260	 51	 0	 -1209	 
 13	 46	 1260	 58	 0	 -1202	 
 13	 46	 1260	 52	 0	 -1208	 
 13	 46	 1260	 48	 0	 -1212	 
 13	 46	 1260	 57	 0	 -1203	 
 13	 46	 1260	 49	 0	 -1211	 
 13	 46	 1260	 55	 0	 -1205	 
 13	 46	 1260	 58	 0	 -1202	 
 13	 46	 1260	 57	 0	 -1203	 
 0	 0	 0	 0	 0	 0	 
 0	 0	 0	 0	 0	 0	 
 10	 40	 1260	 47	 0	 -1213	 
 10	 40	 1260	 55	 0	 -1205	 
 10	 40	 1260	 45	 0	 -1215	 
 10	 40	 1260	 42	 0	 -1218	 
 10	 40	 1260	 51	 0	 -1209	 
 10	 40	 1260	 49	 0	 -1211	 
 10	 40	 1260	 43	 0	 -1217	 
 10	 40	 1260	 45	 0	 -1215	 
 10	 40	 1260	 55	 0	 -1205	 
 10	 40	 1260	 48	 0	 -1212	 
 10	 40	 1260	 46	 0	 -1214	 
 10	 40	 1260	 54	 0	 -1206	 
 10	 40	 1260	 43	 0	 -1217	 
 10	 40	 1260	 43	 0	 -1217	 
 10	 40	 1260	 53	 0	 -1207	 
 10	 40	 1260	 52	 0	 -1208	 
 10	 40	 1260	 43	 0	 -1217	 
 10	 40	 1260	 42	 0	 -1218	 
 10	 40	 1260	 46	 0	 -1214	 
 10	 40	 1260	 52	 0	 -1208	 
 10	 40	 1260	 53	 0	 -1207	 
 10	 40	 1260	 51	 0	 -1209	 
 10	 40	 1260	 43	 0	 -1217	 
 10	 40	 1260	 53	 0	 -1207	 
 10	 40	 1260	 45	 0	 -1215	 
 10	 40	 1260	 45	 0	 -1215	 
 10	 40	 1260	 44	 0	 -1216	 
 10	 40	 1260	 45	 0	 -1215	 
 10	 40	 1260	 56	 0	 -1204	 
 10	 40	 1260	 41	 0	 -1219	 
 10	 40	 1260	 47	 0	 -1213	 
 10	 40	 1260	 43	 0	 -1217	 
 10	 40	 1260	 50	 0	 -1210	 
 10	 40	 1260	 43	 0	 -1217	 
 10	 40	 1260	 52	 0	 -1208	 
 10	 40	 1260	 41	 0	 -1219	 
 10	 40	 1260	 46	 0	 -1214	 
 10	 40	 1260	 45	 0	 -1215	 
 10	 40	 1260	 49	 0	 -1211	 
 10	 40	 1260	 53	 0	 -1207	 
 10	 40	 1260	 44	 0	 -1216	 
 10	 40	 1260	 51	 0	 -1209	 
 10	 40	 1260	 41	 0	 -1219	 
 10	 40	 1260	 49	 0	 -1211	 
 10	 40	 1260	 51	 0	 -1209	 
 10	 40	 1260	 47	 0	 -1213	 
 10	 40	 1260	 42	 0	 -1218	 
 10	 40	 1260	 51	 0	 -1209	 
 10	 40	 1260	 50	 0	 -1210	 
 10	 40	 1260	 46	 0	 -1214	 
 10	 40	 1260	 41	 0	 -1219	 
 10	 40	 1260	 50	 0	 -1210	 
 10	 40	 1260	 56	 0	 -1204	 
 10	 40	 1260	 46	 0	 -1214	 
 10	 40	 1260	 45	 0	 -1215	 
 10	 40	 1260	 51	 0	 -1209	 
 10	 40	 1260	 55	 0	 -1205	 
 10	 40	 1260	 52	 0	 -1208	 
 10	 40	 1260	 47	 0	 -1213	 
 10	 40	 1260	 56	 0	 -1204	 
 10	 40	 1260	 54	 0	 -1206	 
 10	 40	 1260	 56	 0	 -1204	 
 10	 40	 1260	 43	 0	 -1217	 
 10	 40	 1260	 46	 0	 -1214	 
 10	 40	 1260	 46	 0	 -1214	 
 10	 40	 1260	 48	 0	 -1212	 
 10	 40	 1260	 48	 0	 -1212	 
 10	 40	 1260	 55	 0	 -1205	 
 10	 40	 1260	 52	 0	 -1208	 
 10	 40	 1260	 52	 0	 -1208	 
 10	 40	 1260	 49	 0	 -1211	 
 10	 40	 1260	 45	 0	 -1215	 
 10	 40	 1260	 44	 0	 -1216	 
 10	 40	 1260	 53	 0	 -1207	 
 10	 40	 1260	 43	 0	 -1217	 
 10	 40	 1260	 56	 0	 -1204	 
 10	 40	 1260	 43	 0	 -1217	 
 10	 40	 1260	 47	 0	 -1213	 
 10	 40	 1260	 52	 0	 -1208	 
 10	 40	 1260	 54	 0	 -1206	 
 10	 40	 1260	 45	 0	 -1215	 
 10	 40	 1260	 45	 0	 -1215	 
 10	 40	 1260	 47	 0	 -1213	 
 10	 40	 1260	 55	 0	 -1205	 
 10	 40	 1260	 54	 0	 -1206	 
 10	 40	 1260	 42	 0	 -1218	 
 10	 40	 1260	 53	 0	 -1207	 
 10	 40	 1260	 52	 0	 -1208	 
 10	 40	 1260	 43	 0	 -1217	 
 10	 40	 1260	 52	 0	 -1208	 
 10	 40	 1260	 54	 0	 -1206	 
 10	 40	 1260	 54	 0	 -1206	 
 10	 40	 1260	 54	 0	 -1206	 
 10	 40	 1260	 45	 0	 -1215	 
 10	 40	 1260	 55	 0	 -1205	 
 10	 40	 1260	 55	 0	 -1205	 
 10	 40	 1260	 48	 0	 -1212	 
 10	 40	 1260	 55	 0	 -1205	 
 10	 40	 1260	 43	 0	 -1217	 
 0	 0	 0	 0	 0	 0	 
 0	 0	 0	 0	 0	 0	 
 10	 40	 1260	 52	 0	 -1208	 
 10	 40	 1260	 51	 0	 -1209	 
 10	 40	 1260	 53	 0	 -1207	 
 10	 40	 1260	 44	 0	 -1216	 
 10	 40	 1260	 46	 0	 -1214	 
 10	 40	 1260	 55	 0	 -1205	 
 10	 40	 1260	 43	 0	 -1217	 
 10	 40	 1260	 53	 0	 -1207	 
 10	 40	 1260	 49	 0	 -1211	 
 10	 40	 1260	 51	 0	 -1209	 
 10	 40	 1260	 51	 0	 -1209	 
 10	 40	 1260	 48	 0	 -1212	 
 10	 40	 1260	 42	 0	 -1218	 
 10	 40	 1260	 41	 0	 -1219	 
 10	 40	 1260	 53	 0	 -1207	 
 10	 40	 1260	 53	 0	 -1207	 
 10	 40	 1260	 55	 0	 -1205	 
 10	 40	 1260	 54	 0	 -1206	 
 10	 40	 1260	 41	 0	 -1219	 
 10	 40	 1260	 50	 0	 -1210	 
 10	 40	 1260	 51	 0	 -1209	 
 10	 40	 1260	 45	 0	 -1215	 
 10	 40	 1260	 41	 0	 -1219	 
 10	 40	 1260	 44	 0	 -1216	 
 10	 40	 1260	 43	 0	 -1217	 
 10	 40	 1260	 49	 0	 -1211	 
 10	 40	 1260	 48	 0	 -1212	 
 10	 40	 1260	 44	 0	 -1216	 
 10	 40	 1260	 47	 0	 -1213	 
 10	 40	 1260	 48	 0	 -1212	 
 10	 40	 1260	 54	 0	 -1206	 
 10	 40	 1260	 47	 0	 -1213	 
 10	 40	 1260	 51	 0	 -1209	 
 10	 40	 1260	 46	 0	 -1214	 
 10	 40	 1260	 47	 0	 -1213	 
 10	 40	 1260	 42	 0	 -1218	 
 10	 40	 1260	 55	 0	 -1205	 
 10	 40	 1260	 52	 0	 -1208	 
 10	 40	 1260	 51	 0	 -1209	 
 10	 40	 1260	 46	 0	 -1214	 
 10	 40	 1260	 48	 0	 -1212	 
 10	 40	 1260	 56	 0	 -1204	 
 10	 40	 1260	 46	 0	 -1214	 
 10	 40	 1260	 45	 0	 -1215	 
 10	 40	 1260	 45	 0	 -1215	 
 10	 40	 1260	 43	 0	 -1217	 
 10	 40	 1260	 51	 0	 -1209	 
 10	 40	 1260	 52	 0	 -1208	 
 10	 40	 1260	 44	 0	 -1216	 
 10	 40	 1260	 49	 0	 -1211	 
 10	 40	 1260	 55	 0	 -1205	 
 10	 40	 1260	 50	 0	 -1210	 
 10	 40	 1260	 42	 0	 -1218	 
 10	 40	 1260	 45	 0	 -1215	 
 10	 40	 1260	 41	 0	 -1219	 
 10	 40	 1260	 46	 0	 -1214	 
 10	 40	 1260	 53	 0	 -1207	 
 10	 40	 1260	 45	 0	 -1215	 
 10	 40	 1260	 48	 0	 -1212	 
 10	 40	 1260	 47	 0	 -1213	 
 10	 40	 1260	 48	 0	 -1212	 
 10	 40	 1260	 51	 0	 -1209	 
 10	 40	 1260	 42	 0	 -1218	 
 10	 40	 1260	 52	 0	 -1208	 
 10	 40	 1260	 49	 0	 -1211	 
 10	 40	 1260	 47	 0	 -1213	 
 10	 40	 1260	 43	 0	 -1217	 
 10	 40	 1260	 50	 0	 -1210	 
 10	 40	 1260	 44	 0	 -1216	 
 10	 40	 1260	 42	 0	 -1218	 
 10	 40	 1260	 51	 0	 -1209	 
 10	 40	 1260	 46	 0	 -1214	 
 10	 40	 1260	 53	 0	 -1207	 
 10	 40	 1260	 52	 0	 -1208	 
 10	 40	 1260	 43	 0	 -1217	 
 10	 40	 1260	 46	 0	 -1214	 
 10	 40	 1260	 41	 0	 -1219	 
 10	 40	 1260	 46	 0	 -1214	 
 10	 40	 1260	 54	 0	 -1206	 
 10	 40	 1260	 47	 0	 -1213	 
 10	 40	 1260	 47	 0	 -1213	 
 10	 40	 1260	 52	 0	 -1208	 
 10	 40	 1260	 44	 0	 -1216	 
 10	 40	 1260	 43	 0	 -1217	 
 10	 40	 1260	 54	 0	 -1206	 
 10	 40	 1260	 47	 0	 -1213	 
 10	 40	 1260	 42	 0	 -1218	 
 10	 40	 1260	 42	 0	 -1218	 
 10	 40	 1260	 43	 0	 -1217	 
 10	 40	 1260	 42	 0	 -1218	 
 10	 40	 1260	 42	 0	 -1218	 
 10	 40	 1260	 41	 0	 -1219	 
 10	 40	 1260	 47	 0	 -1213	 
 10	 40	 1260	 54	 0	 -1206	 
 10	 40	 1260	 51	 0	 -1209	 
 10	 40	 1260	 42	 0	 -1218	 
 10	 40	 1260	 43	 0	 -1217	 
 10	 40	 1260	 55	 0	 -1205	 
 10	 40	 1260	 55	 0	 -1205	 
 0	 0	 0	 0	 0	 0	 
 0	 0	 0	 0	 0	 0	 
 10	 40	 1260	 49	 0	 -1211	 
 10	 40	 1260	 43	 0	 -1217	 
 10	 40	 1260	 47	 0	 -1213	 
 10	 40	 1260	 52	 0	 -1208	 
 10	 40	 1260	 49	 0	 -1211	 
 10	 40	 1260	 43	 0	 -1217	 
 10	 40	 1260	 50	 0	 -1210	 
 10	 40	 1260	 53	 0	 -1207	 
 10	 40	 1260	 45	 0	 -1215	 
 10	 40	 1260	 42	 0	 -1218	 
 10	 40	 1260	 52	 0	 -1208	 
 10	 40	 1260	 49	 0	 -1211	 
 10	 40	 1260	 48	 0	 -1212	 
 10	 40	 1260	 47	 0	 -1213	 
 10	 40	 1260	 47	 0	 -1213	 
 10	 40	 1260	 56	 0	 -1204	 
 10	 40	 1260	 53	 0	 -1207	 
 10	 40	 1260	 52	 0	 -1208	 
 10	 40	 1260	 50	 0	 -1210	 
 10	 40	 1260	 52	 0	 -1208	 
 10	 40	 1260	 46	 0	 -1214	 
 10	 40	 1260	 41	 0	 -1219	 
 10	 40	 1260	 41	 0	 -1219	 
 10	 40	 1260	 56	 0	 -1204	 
 10	 40	 1260	 53	 0	 -1207	 
 10	 40	 1260	 43	 0	 -1217	 
 10	 40	 1260	 54	 0	 -1206	 
 10	 40	 1260	 56	 0	 -1204	 
 10	 40	 1260	 45	 0	 -1215	 
 10	 40	 1260	 53	 0	 -1207	 
 10	 40	 1260	 51	 0	 -1209	 
 10	 40	 1260	 45	 0	 -1215	 
 10	 40	 1260	 48	 0	 -1212	 
 10	 40	 1260	 45	 0	 -1215	 
 10	 40	 1260	 42	 0	 -1218	 
 10	 40	 1260	 47	 0	 -1213	 
 10	 40	 1260	 44	 0	 -1216	 
 10	 40	 1260	 56	 0	 -1204	 
 10	 40	 1260	 54	 0	 -1206	 
 10	 40	 1260	 49	 0	 -1211	 
 10	 40	 1260	 45	 0	 -1215	 
 10	 40	 1260	 51	 0	 -1209	 
 10	 40	 1260	 50	 0	 -1210	 
 10	 40	 1260	 42	 0	 -1218	 
 10	 40	 1260	 45	 0	 -1215	 
 10	 40	 1260	 47	 0	 -1213	 
 10	 40	 1260	 44	 0	 -1216	 
 10	 40	 1260	 45	 0	 -1215	 
 10	 40	 1260	 53	 0	 -1207	 
 10	 40	 1260	 49	 0	 -1211	 
 10	 40	 1260	 44	 0	 -1216	 
 10	 40	 1260	 42	 0	 -1218	 
 10	 40	 1260	 52	 0	 -1208	 
 10	 40	 1260	 53	 0	 -1207	 
 10	 40	 1260	 46	 0	 -1214	 
 10	 40	 1260	 44	 0	 -1216	 
 10	 40	 1260	 44	 0	 -1216	 
 10	 40	 1260	 56	 0	 -1204	 
 10	 40	 1260	 41	 0	 -1219	 
 10	 40	 1260	 43	 0	 -1217	 
 10	 40	 1260	 43	 0	 -1217	 
 10	 40	 1260	 52	 0	 -1208	 
 10	 40	 1260	 49	 0	 -1211	 
 10	 40	 1260	 44	 0	 -1216	 
 10	 40	 1260	 46	 0	 -1214	 
 10	 40	 1260	 41	 0	 -1219	 
 10	 40	 1260	 53	 0	 -1207	 
 10	 40	 1260	 56	 0	 -1204	 
 10	 40	 1260	 47	 0	 -1213	 
 10	 40	 1260	 44	 0	 -1216	 
 10	 40	 1260	 56	 0	 -1204	 
 10	 40	 1260	 43	 0	 -1217	 
 10	 40	 1260	 50	 0	 -1210	 
 10	 40	 1260	 49	 0	 -1211	 
 10	 40	 1260	 54	 0	 -1206	 
 10	 40	 1260	 54	 0	 -1206	 
 10	 40	 1260	 43	 0	 -1217	 
 10	 40	 1260	 48	 0	 -1212	 
 10	 40	 1260	 46	 0	 -1214	 
 10	 40	 1260	 53	 0	 -1207	 
 10	 40	 1260	 56	 0	 -1204	 
 10	 40	 1260	 49	 0	 -1211	 
 10	 40	 1260	 46	 0	 -1214	 
 10	 40	 1260	 50	 0	 -1210	 
 10	 40	 1260	 51	 0	 -1209	 
 10	 40	 1260	 41	 0	 -1219	 
 10	 40	 1260	 48	 0	 -1212	 
 10	 40	 1260	 46	 0	 -1214	 
 10	 40	 1260	 42	 0	 -1218	 
 10	 40	 1260	 43	 0	 -1217	 
 10	 40	 1260	 50	 0	 -1210	 
 10	 40	 1260	 49	 0	 -1211	 
 10	 40	 1260	 46	 0	 -1214	 
 10	 40	 1260	 44	 0	 -1216	 
 10	 40	 1260	 46	 0	 -1214	 
 10	 40	 1260	 45	 0	 -1215	 
 10	 40	 1260	 54	 0	 -1206	 
 10	 40	 1260	 45	 0	 -1215	 
 10	 40	 1260	 46	 0	 -1214	 
 0	 0	 0	 0	 0	 0	 
 0	 0	 0	 0	 0	 0	 
 13	 32	 1260	 34	 0	 -1226	 
 13	 32	 1260	 35	 0	 -1225	 
 13	 32	 1260	 37	 0	 -1223	 
 13	 32	 1260	 42	 0	 -1218	 
 13	 32	 1260	 40	 0	 -1220	 
 13	 32	 1260	 34	 0	 -1226	 
 13	 32	 1260	 41	 0	 -1219	 
 13	 32	 1260	 38	 0	 -1222	 
 13	 32	 1260	 41	 0	 -1219	 
 13	 32	 1260	 38	 0	 -1222	 
 13	 32	 1260	 36	 0	 -1224	 
 13	 32	 1260	 37	 0	 -1223	 
 13	 32	 1260	 40	 0	 -1220	 
 13	 32	 1260	 38	 0	 -1222	 
 13	 32	 1260	 33	 0	 -1227	 
 13	 32	 1260	 39	 0	 -1221	 
 13	 32	 1260	 37	 0	 -1223	 
 13	 32	 1260	 42	 0	 -1218	 
 13	 32	 1260	 36	 0	 -1224	 
 13	 32	 1260	 34	 0	 -1226	 
 13	 32	 1260	 41	 0	 -1219	 
 13	 32	 1260	 37	 0	 -1223	 
 13	 32	 1260	 42	 0	 -1218	 
 13	 32	 1260	 42	 0	 -1218	 
 13	 32	 1260	 36	 0	 -1224	 
 13	 32	 1260	 42	 0	 -1218	 
 13	 32	 1260	 40	 0	 -1220	 
 13	 32	 1260	 37	 0	 -1223	 
 13	 32	 1260	 35	 0	 -1225	 
 13	 32	 1260	 38	 0	 -1222	 
 13	 32	 1260	 35	 0	 -1225	 
 13	 32	 1260	 38	 0	 -1222	 
 13	 32	 1260	 42	 0	 -1218	 
 13	 32	 1260	 34	 0	 -1226	 
 13	 32	 1260	 41	 0	 -1219	 
 13	 32	 1260	 37	 0	 -1223	 
 13	 32	 1260	 41	 0	 -1219	 
 13	 32	 1260	 36	 0	 -1224	 
 13	 32	 1260	 39	 0	 -1221	 
 13	 32	 1260	 37	 0	 -1223	 
 13	 32	 1260	 35	 0	 -1225	 
 13	 32	 1260	 39	 0	 -1221	 
 13	 32	 1260	 34	 0	 -1226	 
 13	 32	 1260	 39	 0	 -1221	 
 13	 32	 1260	 40	 0	 -1220	 
 13	 32	 1260	 39	 0	 -1221	 
 13	 32	 1260	 42	 0	 -1218	 
 13	 32	 1260	 34	 0	 -1226	 
 13	 32	 1260	 37	 0	 -1223	 
 13	 32	 1260	 39	 0	 -1221	 
 13	 32	 1260	 37	 0	 -1223	 
 13	 32	 1260	 33	 0	 -1227	 
 13	 32	 1260	 42	 0	 -1218	 
 13	 32	 1260	 33	 0	 -1227	 
 13	 32	 1260	 36	 0	 -1224	 
 13	 32	 1260	 33	 0	 -1227	 
 13	 32	 1260	 39	 0	 -1221	 
 13	 32	 1260	 36	 0	 -1224	 
 13	 32	 1260	 33	 0	 -1227	 
 13	 32	 1260	 36	 0	 -1224	 
 13	 32	 1260	 37	 0	 -1223	 
 13	 32	 1260	 39	 0	 -1221	 
 13	 32	 1260	 36	 0	 -1224	 
 13	 32	 1260	 34	 0	 -1226	 
 13	 32	 1260	 40	 0	 -1220	 
 13	 32	 1260	 41	 0	 -1219	 
 13	 32	 1260	 39	 0	 -1221	 
 13	 32	 1260	 35	 0	 -1225	 
 13	 32	 1260	 42	 0	 -1218	 
 13	 32	 1260	 33	 0	 -1227	 
 13	 32	 1260	 37	 0	 -1223	 
 13	 32	 1260	 39	 0	 -1221	 
 13	 32	 1260	 39	 0	 -1221	 
 13	 32	 1260	 40	 0	 -1220	 
 13	 32	 1260	 39	 0	 -1221	 
 13	 32	 1260	 41	 0	 -1219	 
 13	 32	 1260	 33	 0	 -1227	 
 13	 32	 1260	 35	 0	 -1225	 
 13	 32	 1260	 41	 0	 -1219	 
 13	 32	 1260	 40	 0	 -1220	 
 13	 32	 1260	 38	 0	 -1222	 
 13	 32	 1260	 34	 0	 -1226	 
 13	 32	 1260	 36	 0	 -1224	 
 13	 32	 1260	 33	 0	 -1227	 
 13	 32	 1260	 38	 0	 -1222	 
 13	 32	 1260	 39	 0	 -1221	 
 13	 32	 1260	 34	 0	 -1226	 
 13	 32	 1260	 40	 0	 -1220	 
 13	 32	 1260	 34	 0	 -1226	 
 13	 32	 1260	 42	 0	 -1218	 
 13	 32	 1260	 38	 0	 -1222	 
 13	 32	 1260	 38	 0	 -1222	 
 13	 32	 1260	 41	 0	 -1219	 
 13	 32	 1260	 39	 0	 -1221	 
 13	 32	 1260	 38	 0	 -1222	 
 13	 32	 1260	 34	 0	 -1226	 
 13	 32	 1260	 38	 0	 -1222	 
 13	 32	 1260	 42	 0	 -1218	 
 13	 32	 1260	 33	 0	 -1227	 
 0	 0	 0	 0	 0	 0	 
 0	 0	 0	 0	 0	 0	 
 10	 40	 1260	 48	 0	 -1212	 
 10	 40	 1260	 52	 0	 -1208	 
 10	 40	 1260	 54	 0	 -1206	 
 10	 40	 1260	 45	 0	 -1215	 
 10	 40	 1260	 54	 0	 -1206	 
 10	 40	 1260	 44	 0	 -1216	 
 10	 40	 1260	 53	 0	 -1207	 
 10	 40	 1260	 46	 0	 -1214	 
 10	 40	 1260	 43	 0	 -1217	 
 10	 40	 1260	 48	 0	 -1212	 
 10	 40	 1260	 53	 0	 -1207	 
 10	 40	 1260	 42	 0	 -1218	 
 10	 40	 1260	 52	 0	 -1208	 
 10	 40	 1260	 48	 0	 -1212	 
 10	 40	 1260	 42	 0	 -1218	 
 10	 40	 1260	 52	 0	 -1208	 
 10	 40	 1260	 51	 0	 -1209	 
 10	 40	 1260	 48	 0	 -1212	 
 10	 40	 1260	 52	 0	 -1208	 
 10	 40	 1260	 45	 0	 -1215	 
 10	 40	 1260	 55	 0	 -1205	 
 10	 40	 1260	 54	 0	 -1206	 
 10	 40	 1260	 51	 0	 -1209	 
 10	 40	 1260	 45	 0	 -1215	 
 10	 40	 1260	 45	 0	 -1215	 
 10	 40	 1260	 54	 0	 -1206	 
 10	 40	 1260	 41	 0	 -1219	 
 10	 40	 1260	 43	 0	 -1217	 
 10	 40	 1260	 51	 0	 -1209	 
 10	 40	 1260	 54	 0	 -1206	 
 10	 40	 1260	 47	 0	 -1213	 
 10	 40	 1260	 43	 0	 -1217	 
 10	 40	 1260	 41	 0	 -1219	 
 10	 40	 1260	 43	 0	 -1217	 
 10	 40	 1260	 45	 0	 -1215	 
 10	 40	 1260	 49	 0	 -1211	 
 10	 40	 1260	 54	 0	 -1206	 
 10	 40	 1260	 54	 0	 -1206	 
 10	 40	 1260	 43	 0	 -1217	 
 10	 40	 1260	 43	 0	 -1217	 
 10	 40	 1260	 47	 0	 -1213	 
 10	 40	 1260	 52	 0	 -1208	 
 10	 40	 1260	 44	 0	 -1216	 
 10	 40	 1260	 43	 0	 -1217	 
 10	 40	 1260	 54	 0	 -1206	 
 10	 40	 1260	 53	 0	 -1207	 
 10	 40	 1260	 56	 0	 -1204	 
 10	 40	 1260	 49	 0	 -1211	 
 10	 40	 1260	 56	 0	 -1204	 
 10	 40	 1260	 52	 0	 -1208	 
 10	 40	 1260	 54	 0	 -1206	 
 10	 40	 1260	 55	 0	 -1205	 
 10	 40	 1260	 55	 0	 -1205	 
 10	 40	 1260	 43	 0	 -1217	 
 10	 40	 1260	 53	 0	 -1207	 
 10	 40	 1260	 42	 0	 -1218	 
 10	 40	 1260	 44	 0	 -1216	 
 10	 40	 1260	 44	 0	 -1216	 
 10	 40	 1260	 49	 0	 -1211	 
 10	 40	 1260	 45	 0	 -1215	 
 10	 40	 1260	 54	 0	 -1206	 
 10	 40	 1260	 43	 0	 -1217	 
 10	 40	 1260	 51	 0	 -1209	 
 10	 40	 1260	 52	 0	 -1208	 
 10	 40	 1260	 42	 0	 -1218	 
 10	 40	 1260	 47	 0	 -1213	 
 10	 40	 1260	 50	 0	 -1210	 
 10	 40	 1260	 42	 0	 -1218	 
 10	 40	 1260	 42	 0	 -1218	 
 10	 40	 1260	 47	 0	 -1213	 
 10	 40	 1260	 56	 0	 -1204	 
 10	 40	 1260	 44	 0	 -1216	 
 10	 40	 1260	 47	 0	 -1213	 
 10	 40	 1260	 54	 0	 -1206	 
 10	 40	 1260	 56	 0	 -1204	 
 10	 40	 1260	 52	 0	 -1208	 
 10	 40	 1260	 42	 0	 -1218	 
 10	 40	 1260	 50	 0	 -1210	 
 10	 40	 1260	 54	 0	 -1206	 
 10	 40	 1260	 49	 0	 -1211	 
 10	 40	 1260	 51	 0	 -1209	 
 10	 40	 1260	 55	 0	 -1205	 
 10	 40	 1260	 43	 0	 -1217	 
 10	 40	 1260	 47	 0	 -1213	 
 10	 40	 1260	 54	 0	 -1206	 
 10	 40	 1260	 41	 0	 -1219	 
 10	 40	 1260	 53	 0	 -1207	 
 10	 40	 1260	 49	 0	 -1211	 
 10	 40	 1260	 55	 0	 -1205	 
 10	 40	 1260	 51	 0	 -1209	 
 10	 40	 1260	 44	 0	 -1216	 
 10	 40	 1260	 53	 0	 -1207	 
 10	 40	 1260	 53	 0	 -1207	 
 10	 40	 1260	 51	 0	 -1209	 
 10	 40	 1260	 49	 0	 -1211	 
 10	 40	 1260	 44	 0	 -1216	 
 10	 40	 1260	 47	 0	 -1213	 
 10	 40	 1260	 56	 0	 -1204	 
 10	 40	 1260	 50	 0	 -1210	 
 0	 0	 0	 0	 0	 0	 
 0	 0	 0	 0	 0	 0	 
 4	 27	 1260	 39	 0	 -1221	 
 4	 27	 1260	 34	 0	 -1226	 
 4	 27	 1260	 34	 0	 -1226	 
 4	 27	 1260	 38	 0	 -1222	 
 4	 27	 1260	 31	 0	 -1229	 
 4	 27	 1260	 35	 0	 -1225	 
 4	 27	 1260	 28	 0	 -1232	 
 4	 27	 1260	 32	 0	 -1228	 
 4	 27	 1260	 38	 0	 -1222	 
 4	 27	 1260	 39	 0	 -1221	 
 4	 27	 1260	 37	 0	 -1223	 
 4	 27	 1260	 31	 0	 -1229	 
 4	 27	 1260	 29	 0	 -1231	 
 4	 27	 1260	 35	 0	 -1225	 
 4	 27	 1260	 34	 0	 -1226	 
 4	 27	 1260	 39	 0	 -1221	 
 4	 27	 1260	 30	 0	 -1230	 
 4	 27	 1260	 31	 0	 -1229	 
 4	 27	 1260	 28	 0	 -1232	 
 4	 27	 1260	 34	 0	 -1226	 
 4	 27	 1260	 30	 0	 -1230	 
 4	 27	 1260	 35	 0	 -1225	 
 4	 27	 1260	 30	 0	 -1230	 
 4	 27	 1260	 34	 0	 -1226	 
 4	 27	 1260	 35	 0	 -1225	 
 4	 27	 1260	 38	 0	 -1222	 
 4	 27	 1260	 36	 0	 -1224	 
 4	 27	 1260	 36	 0	 -1224	 
 4	 27	 1260	 36	 0	 -1224	 
 4	 27	 1260	 37	 0	 -1223	 
 4	 27	 1260	 38	 0	 -1222	 
 4	 27	 1260	 29	 0	 -1231	 
 4	 27	 1260	 38	 0	 -1222	 
 4	 27	 1260	 32	 0	 -1228	 
 4	 27	 1260	 33	 0	 -1227	 
 4	 27	 1260	 35	 0	 -1225	 
 4	 27	 1260	 39	 0	 -1221	 
 4	 27	 1260	 29	 0	 -1231	 
 4	 27	 1260	 39	 0	 -1221	 
 4	 27	 1260	 36	 0	 -1224	 
 4	 27	 1260	 28	 0	 -1232	 
 4	 27	 1260	 36	 0	 -1224	 
 4	 27	 1260	 34	 0	 -1226	 
 4	 27	 1260	 30	 0	 -1230	 
 4	 27	 1260	 35	 0	 -1225	 
 4	 27	 1260	 32	 0	 -1228	 
 4	 27	 1260	 34	 0	 -1226	 
 4	 27	 1260	 33	 0	 -1227	 
 4	 27	 1260	 29	 0	 -1231	 
 4	 27	 1260	 31	 0	 -1229	 
 4	 27	 1260	 31	 0	 -1229	 
 4	 27	 1260	 29	 0	 -1231	 
 4	 27	 1260	 30	 0	 -1230	 
 4	 27	 1260	 29	 0	 -1231	 
 4	 27	 1260	 30	 0	 -1230	 
 4	 27	 1260	 39	 0	 -1221	 
 4	 27	 1260	 33	 0	 -1227	 
 4	 27	 1260	 31	 0	 -1229	 
 4	 27	 1260	 29	 0	 -1231	 
 4	 27	 1260	 31	 0	 -1229	 
 4	 27	 1260	 39	 0	 -1221	 
 4	 27	 1260	 30	 0	 -1230	 
 4	 27	 1260	 31	 0	 -1229	 
 4	 27	 1260	 29	 0	 -1231	 
 4	 27	 1260	 31	 0	 -1229	 
 4	 27	 1260	 38	 0	 -1222	 
 4	 27	 1260	 29	 0	 -1231	 
 4	 27	 1260	 30	 0	 -1230	 
 4	 27	 1260	 30	 0	 -1230	 
 4	 27	 1260	 39	 0	 -1221	 
 4	 27	 1260	 34	 0	 -1226	 
 4	 27	 1260	 29	 0	 -1231	 
 4	 27	 1260	 36	 0	 -1224	 
 4	 27	 1260	 35	 0	 -1225	 
 4	 27	 1260	 38	 0	 -1222	 
 4	 27	 1260	 31	 0	 -1229	 
 4	 27	 1260	 39	 0	 -1221	 
 4	 27	 1260	 35	 0	 -1225	 
 4	 27	 1260	 36	 0	 -1224	 
 4	 27	 1260	 29	 0	 -1231	 
 4	 27	 1260	 36	 0	 -1224	 
 4	 27	 1260	 32	 0	 -1228	 
 4	 27	 1260	 29	 0	 -1231	 
 4	 27	 1260	 31	 0	 -1229	 
 4	 27	 1260	 38	 0	 -1222	 
 4	 27	 1260	 29	 0	 -1231	 
 4	 27	 1260	 38	 0	 -1222	 
 4	 27	 1260	 39	 0	 -1221	 
 4	 27	 1260	 38	 0	 -1222	 
 4	 27	 1260	 30	 0	 -1230	 
 4	 27	 1260	 32	 0	 -1228	 
 4	 27	 1260	 38	 0	 -1222	 
 4	 27	 1260	 29	 0	 -1231	 
 4	 27	 1260	 34	 0	 -1226	 
 4	 27	 1260	 35	 0	 -1225	 
 4	 27	 1260	 31	 0	 -1229	 
 4	 27	 1260	 29	 0	 -1231	 
 4	 27	 1260	 28	 0	 -1232	 
 4	 27	 1260	 35	 0	 -1225	 
 0	 0	 0	 0	 0	 0	 
 