9.371742e-05	 3.256303e-01	 2.923416e-01	 3.750429e-01	 1.755123e-01	 6.168814e+00	 
 3.917475e-03	 3.037050e-01	 3.358221e-01	 3.142785e-01	 4.361650e-02	 6.504748e+00	 
 3.522940e-03	 3.031663e-01	 3.332264e-01	 3.203814e-01	 4.036357e-02	 6.613293e+00	 
 4.021785e-03	 3.043844e-01	 3.362523e-01	 3.122333e-01	 4.501619e-02	 6.571419e+00	 
 3.060187e-03	 3.017594e-01	 3.307993e-01	 3.278800e-01	 3.854282e-02	 6.507607e+00	 
 4.431524e-03	 3.045571e-01	 3.386828e-01	 3.067191e-01	 4.880862e-02	 6.468959e+00	 
 5.665860e-03	 3.078309e-01	 3.461009e-01	 2.862864e-01	 5.734674e-02	 6.493241e+00	 
 5.733025e-03	 3.077865e-01	 3.464465e-01	 2.855407e-01	 5.699286e-02	 6.476368e+00	 
 4.404623e-03	 3.046746e-01	 3.386278e-01	 3.067882e-01	 4.742949e-02	 6.484972e+00	 
 5.384276e-03	 3.068441e-01	 3.443434e-01	 2.913455e-01	 5.362240e-02	 6.471124e+00	 
 2.841633e-03	 3.012709e-01	 3.295421e-01	 3.313108e-01	 3.720315e-02	 6.521500e+00	 
 4.610291e-03	 3.065282e-01	 3.387606e-01	 3.028791e-01	 5.581150e-02	 6.656864e+00	 
 4.508620e-03	 3.053215e-01	 3.392770e-01	 3.045390e-01	 4.833004e-02	 6.532184e+00	 
 4.517383e-03	 3.047708e-01	 3.392010e-01	 3.053141e-01	 4.918911e-02	 6.470004e+00	 
 5.297165e-03	 3.063950e-01	 3.436455e-01	 2.932802e-01	 5.483993e-02	 6.456480e+00	 
 2.403046e-03	 3.002074e-01	 3.270004e-01	 3.383292e-01	 3.499724e-02	 6.501765e+00	 
 4.544973e-03	 3.054228e-01	 3.394846e-01	 3.039429e-01	 4.868281e-02	 6.533850e+00	 
 4.421384e-03	 3.045321e-01	 3.386217e-01	 3.068846e-01	 4.876216e-02	 6.468847e+00	 
 3.980883e-03	 3.044697e-01	 3.353857e-01	 3.133575e-01	 4.547459e-02	 6.652239e+00	 
 3.148312e-03	 3.019811e-01	 3.313177e-01	 3.264502e-01	 3.892720e-02	 6.513200e+00	 
 4.554254e-03	 3.050685e-01	 3.395280e-01	 3.043141e-01	 4.794054e-02	 6.489325e+00	 
 3.404827e-03	 3.028392e-01	 3.326360e-01	 3.222191e-01	 3.909668e-02	 6.602162e+00	 
 3.176214e-03	 3.019077e-01	 3.314200e-01	 3.262615e-01	 3.998596e-02	 6.479351e+00	 
 3.921524e-03	 3.042662e-01	 3.353910e-01	 3.139891e-01	 4.486835e-02	 6.611360e+00	 
 3.618841e-03	 3.029360e-01	 3.340422e-01	 3.191740e-01	 4.246368e-02	 6.492048e+00	 
 2.757056e-03	 3.010678e-01	 3.290882e-01	 3.326202e-01	 3.677129e-02	 6.534849e+00	 
 3.830585e-03	 3.038399e-01	 3.352157e-01	 3.153205e-01	 4.275166e-02	 6.559175e+00	 
 5.695405e-03	 3.076843e-01	 3.462207e-01	 2.861663e-01	 5.661398e-02	 6.475774e+00	 
 4.767836e-03	 3.060458e-01	 3.407441e-01	 3.003019e-01	 5.082848e-02	 6.543865e+00	 
 3.278413e-03	 3.021308e-01	 3.320204e-01	 3.246502e-01	 4.065400e-02	 6.481249e+00	 
 4.663921e-03	 3.049828e-01	 3.399751e-01	 3.032481e-01	 5.088842e-02	 6.464100e+00	 
 5.562873e-03	 3.070822e-01	 3.452609e-01	 2.888842e-01	 5.584101e-02	 6.457295e+00	 
 4.143105e-03	 3.049721e-01	 3.361237e-01	 3.108452e-01	 4.764432e-02	 6.664680e+00	 
 2.799328e-03	 3.011790e-01	 3.293338e-01	 3.319313e-01	 3.692704e-02	 6.539315e+00	 
 4.470353e-03	 3.048467e-01	 3.390235e-01	 3.057024e-01	 4.766105e-02	 6.486849e+00	 
 4.464434e-03	 3.051984e-01	 3.390237e-01	 3.052642e-01	 4.790035e-02	 6.530148e+00	 
 3.810891e-03	 3.037842e-01	 3.351075e-01	 3.156397e-01	 4.257210e-02	 6.557883e+00	 
 3.968056e-03	 3.038396e-01	 3.361223e-01	 3.134450e-01	 4.378025e-02	 6.507047e+00	 
 4.774194e-03	 3.054283e-01	 3.407549e-01	 3.010828e-01	 5.020127e-02	 6.474039e+00	 
 3.260619e-03	 3.020913e-01	 3.319156e-01	 3.249320e-01	 4.054214e-02	 6.480862e+00	 
 4.473165e-03	 3.052227e-01	 3.390739e-01	 3.051208e-01	 4.798533e-02	 6.530551e+00	 
 3.874609e-03	 3.039647e-01	 3.354567e-01	 3.146078e-01	 4.325316e-02	 6.562043e+00	 
 4.879132e-03	 3.063578e-01	 3.413645e-01	 2.984921e-01	 5.191863e-02	 6.548716e+00	 
 4.805948e-03	 3.053358e-01	 3.408340e-01	 3.009229e-01	 5.152099e-02	 6.464837e+00	 
 4.204825e-03	 3.049128e-01	 3.372219e-01	 3.092944e-01	 4.726611e-02	 6.582596e+00	 
 5.282343e-03	 3.063573e-01	 3.435555e-01	 2.935245e-01	 5.478006e-02	 6.456462e+00	 
 2.482202e-03	 3.003863e-01	 3.274688e-01	 3.370691e-01	 3.548206e-02	 6.508093e+00	 
 2.863432e-03	 3.013499e-01	 3.297034e-01	 3.308868e-01	 3.714775e-02	 6.546153e+00	 
 2.445104e-03	 3.003013e-01	 3.272491e-01	 3.376613e-01	 3.526215e-02	 6.505016e+00	 
 3.088674e-03	 3.019644e-01	 3.309680e-01	 3.272367e-01	 3.782528e-02	 6.570193e+00	 
 2.797689e-03	 3.011420e-01	 3.292558e-01	 3.320802e-01	 3.710664e-02	 6.493184e+00	 
 3.057266e-03	 3.017522e-01	 3.307821e-01	 3.279272e-01	 3.852932e-02	 6.507427e+00	 
 4.644841e-03	 3.049361e-01	 3.398600e-01	 3.035592e-01	 5.079900e-02	 6.464035e+00	 
 