2.598468e-01	 6.680886e-01	 1.605972e-04	 6.517885e-02	 4.707747e+00	 8.494283e+00	 
 2.601935e-01	 6.668661e-01	 1.530477e-04	 6.563676e-02	 4.546324e+00	 8.486780e+00	 
 2.602176e-01	 6.660593e-01	 1.529151e-04	 6.611854e-02	 4.590214e+00	 8.481645e+00	 
 2.603420e-01	 6.679834e-01	 1.621942e-04	 6.480765e-02	 5.013376e+00	 8.492567e+00	 
 2.601857e-01	 6.667399e-01	 1.524538e-04	 6.572245e-02	 4.519375e+00	 8.486073e+00	 
 2.604560e-01	 6.642747e-01	 1.534913e-04	 6.701956e-02	 4.655775e+00	 8.471434e+00	 
 3.153227e-01	 6.140011e-01	 1.086054e-03	 5.000510e-02	 4.490936e+01	 7.732351e+00	 
 3.171487e-01	 6.129260e-01	 1.063986e-03	 4.906352e-02	 4.300969e+01	 7.731551e+00	 
 3.160990e-01	 6.110930e-01	 1.005951e-03	 5.114225e-02	 4.147218e+01	 7.720478e+00	 
 3.143852e-01	 6.145650e-01	 1.017317e-03	 5.047045e-02	 4.091058e+01	 7.733673e+00	 
 3.153226e-01	 6.140011e-01	 1.086051e-03	 5.000516e-02	 4.490927e+01	 7.732351e+00	 
 3.166431e-01	 6.284469e-01	 1.075682e-03	 3.984469e-02	 4.352061e+01	 7.805577e+00	 
 3.186573e-01	 6.620519e-01	 6.293077e-04	 1.715888e-02	 2.274592e+01	 7.180118e+00	 
 3.185785e-01	 6.592235e-01	 6.290896e-04	 1.898981e-02	 2.301868e+01	 7.155565e+00	 
 3.185785e-01	 6.592235e-01	 6.290896e-04	 1.898981e-02	 2.301868e+01	 7.155565e+00	 
 3.187267e-01	 6.620259e-01	 6.296983e-04	 1.711367e-02	 2.273795e+01	 7.180133e+00	 
 3.185785e-01	 6.592235e-01	 6.290896e-04	 1.898981e-02	 2.301868e+01	 7.155565e+00	 
 3.178808e-01	 6.710357e-01	 6.544700e-04	 1.223622e-02	 2.239485e+01	 7.255385e+00	 
 2.285782e-01	 6.778609e-01	 7.806053e-03	 8.556370e-02	 4.894665e+02	 7.865575e+00	 
 2.285782e-01	 6.778609e-01	 7.806053e-03	 8.556370e-02	 4.894665e+02	 7.865575e+00	 
 2.293513e-01	 6.771934e-01	 7.713994e-03	 8.531081e-02	 4.799602e+02	 7.865959e+00	 
 2.264466e-01	 6.802799e-01	 6.454651e-03	 8.619207e-02	 4.094279e+02	 7.865496e+00	 
 2.245580e-01	 7.750913e-01	 6.733723e-03	 2.875363e-02	 4.174568e+02	 7.996304e+00	 
 2.234997e-01	 6.830340e-01	 5.728252e-03	 8.713890e-02	 3.617537e+02	 7.865894e+00	 
 1.962552e-01	 6.953736e-01	 1.729833e-03	 1.035149e-01	 1.113846e+02	 9.541394e+00	 
 1.968388e-01	 6.948187e-01	 1.822844e-03	 1.033329e-01	 1.177531e+02	 9.535006e+00	 
 1.985271e-01	 6.933948e-01	 1.880754e-03	 1.027828e-01	 1.273409e+02	 9.516002e+00	 
 1.966075e-01	 6.950130e-01	 1.827788e-03	 1.034087e-01	 1.181899e+02	 9.537282e+00	 
 1.963569e-01	 6.951558e-01	 1.921316e-03	 1.034980e-01	 1.228478e+02	 9.539823e+00	 
 1.946911e-01	 6.966350e-01	 1.868845e-03	 1.040296e-01	 1.218087e+02	 9.556084e+00	 
 1.913962e-01	 7.939702e-01	 4.052339e-04	 4.646710e-02	 4.216095e+01	 7.706822e+00	 
 1.913016e-01	 7.906455e-01	 4.031019e-04	 4.862643e-02	 4.281581e+01	 7.734363e+00	 
 1.912341e-01	 7.908689e-01	 4.039551e-04	 4.854410e-02	 4.278371e+01	 7.732728e+00	 
 1.910844e-01	 7.917954e-01	 3.933432e-04	 4.809263e-02	 4.087988e+01	 7.725745e+00	 
 1.912341e-01	 7.908689e-01	 4.039551e-04	 4.854410e-02	 4.278371e+01	 7.732728e+00	 
 1.906723e-01	 7.930529e-01	 4.127049e-04	 4.765589e-02	 4.257268e+01	 7.716740e+00	 
 2.699252e-01	 6.187377e-01	 1.066426e-02	 8.525516e-02	 5.199189e+02	 8.905206e+00	 
 2.696159e-01	 6.183722e-01	 1.158397e-02	 8.543242e-02	 5.581942e+02	 8.901988e+00	 
 3.899135e-01	 4.980062e-01	 3.550468e-02	 4.952137e-02	 1.719846e+03	 9.871407e+00	 
 4.234071e-01	 4.646041e-01	 4.170923e-02	 3.951528e-02	 2.009465e+03	 1.005898e+01	 
 2.770766e-01	 6.109739e-01	 1.279504e-02	 8.320027e-02	 6.100140e+02	 8.935447e+00	 
 2.483637e-01	 6.396555e-01	 7.278562e-03	 9.177543e-02	 3.470725e+02	 8.896789e+00	 
 2.148308e-01	 7.159564e-01	 2.539431e-04	 7.517975e-02	 1.180699e+01	 7.925748e+00	 
 2.146399e-01	 7.153710e-01	 2.481911e-04	 7.571312e-02	 1.174149e+01	 7.912845e+00	 
 2.148535e-01	 7.174154e-01	 2.354694e-04	 7.425125e-02	 1.058972e+01	 7.952020e+00	 
 2.146470e-01	 7.141448e-01	 2.515386e-04	 7.647066e-02	 1.173294e+01	 7.892876e+00	 
 2.148308e-01	 7.159564e-01	 2.539431e-04	 7.517975e-02	 1.180699e+01	 7.925748e+00	 
 2.147348e-01	 7.150213e-01	 2.462025e-04	 7.584718e-02	 1.125842e+01	 7.909230e+00	 
 2.152488e-01	 7.247901e-01	 1.928383e-04	 6.930937e-02	 7.695153e+00	 8.088829e+00	 
 2.153916e-01	 7.266114e-01	 1.916411e-04	 6.804882e-02	 7.596471e+00	 8.122444e+00	 
 2.149793e-01	 7.226206e-01	 1.855176e-04	 7.089881e-02	 7.387237e+00	 8.047199e+00	 
 2.153309e-01	 7.261751e-01	 2.033780e-04	 6.836960e-02	 8.018178e+00	 8.114839e+00	 
 2.152483e-01	 7.240825e-01	 2.035461e-04	 6.975034e-02	 8.395447e+00	 8.075793e+00	 
 2.152589e-01	 7.253876e-01	 1.994115e-04	 6.892819e-02	 8.311250e+00	 8.098226e+00	 
 2.187435e-01	 6.692761e-01	 1.452329e-03	 1.006192e-01	 6.576859e+01	 9.004559e+00	 
 2.195896e-01	 6.999866e-01	 1.948206e-03	 8.059698e-02	 8.764025e+01	 9.273067e+00	 
 2.187435e-01	 6.692761e-01	 1.452329e-03	 1.006192e-01	 6.576859e+01	 9.004559e+00	 
 2.191618e-01	 6.688616e-01	 1.519011e-03	 1.004941e-01	 6.858352e+01	 9.002720e+00	 
 2.191024e-01	 6.688147e-01	 1.670486e-03	 1.005251e-01	 7.533028e+01	 9.002037e+00	 
 2.180845e-01	 6.699057e-01	 1.440738e-03	 1.008185e-01	 6.827160e+01	 9.005336e+00	 
 2.182154e-01	 6.701703e-01	 8.664997e-04	 1.007297e-01	 4.296458e+01	 9.007030e+00	 
 2.182469e-01	 6.701399e-01	 8.551014e-04	 1.007204e-01	 4.172111e+01	 9.007708e+00	 
 2.179243e-01	 6.704460e-01	 8.297058e-04	 1.008185e-01	 4.095543e+01	 9.008495e+00	 
 2.183763e-01	 6.861807e-01	 9.949775e-04	 9.057755e-02	 4.892327e+01	 9.149791e+00	 
 2.181993e-01	 6.701380e-01	 9.368619e-04	 1.007405e-01	 4.606545e+01	 9.006846e+00	 
 2.183122e-01	 6.700784e-01	 8.707027e-04	 1.007003e-01	 4.286978e+01	 9.006973e+00	 
 2.152589e-01	 7.253876e-01	 1.994115e-04	 6.892819e-02	 8.311250e+00	 8.098226e+00	 
 2.152506e-01	 7.252625e-01	 1.987990e-04	 6.901368e-02	 8.299377e+00	 8.095861e+00	 
 2.153629e-01	 7.258823e-01	 1.946727e-04	 6.852824e-02	 7.761363e+00	 8.109392e+00	 
 2.153044e-01	 7.250855e-01	 1.982134e-04	 6.907627e-02	 8.052867e+00	 8.094317e+00	 
 2.153581e-01	 7.259058e-01	 1.947572e-04	 6.851785e-02	 7.785829e+00	 8.109654e+00	 
 2.154636e-01	 7.273093e-01	 2.051238e-04	 6.754585e-02	 8.031469e+00	 8.136428e+00	 
 2.145644e-01	 7.207261e-01	 1.717275e-04	 7.244215e-02	 6.569218e+00	 8.009295e+00	 
 2.146105e-01	 7.205366e-01	 1.710631e-04	 7.251955e-02	 6.355993e+00	 8.007486e+00	 
 2.145360e-01	 7.193924e-01	 1.743112e-04	 7.329820e-02	 6.606704e+00	 7.986154e+00	 
 2.147430e-01	 7.226596e-01	 1.749797e-04	 7.107605e-02	 6.226343e+00	 8.047885e+00	 
 2.145941e-01	 7.203254e-01	 1.700465e-04	 7.266527e-02	 6.236447e+00	 8.003954e+00	 
 2.145421e-01	 7.195002e-01	 1.748524e-04	 7.322535e-02	 6.613433e+00	 7.988204e+00	 
 2.147658e-01	 7.237210e-01	 1.606897e-04	 7.039923e-02	 5.808552e+00	 8.065227e+00	 
 2.148395e-01	 7.238556e-01	 1.586981e-04	 7.025044e-02	 5.487554e+00	 8.069747e+00	 
 2.149186e-01	 7.253769e-01	 1.635228e-04	 6.922942e-02	 5.517108e+00	 8.098295e+00	 
 2.147780e-01	 7.232357e-01	 1.588434e-04	 7.069086e-02	 5.534507e+00	 8.057924e+00	 
 2.149278e-01	 7.245092e-01	 1.643365e-04	 6.976504e-02	 5.817642e+00	 8.081984e+00	 
 2.149278e-01	 7.245092e-01	 1.643365e-04	 6.976504e-02	 5.817642e+00	 8.081984e+00	 
 2.153594e-01	 7.265533e-01	 2.012853e-04	 6.810892e-02	 7.861077e+00	 8.121975e+00	 
 2.152634e-01	 7.258634e-01	 1.977783e-04	 6.862358e-02	 7.707509e+00	 8.108714e+00	 
 2.153044e-01	 7.250855e-01	 1.982134e-04	 6.907627e-02	 8.052867e+00	 8.094317e+00	 
 2.154242e-01	 7.260356e-01	 2.030858e-04	 6.837845e-02	 8.293854e+00	 8.112379e+00	 
 2.153594e-01	 7.265533e-01	 2.012853e-04	 6.810892e-02	 7.861077e+00	 8.121975e+00	 
 2.154558e-01	 7.279494e-01	 2.121034e-04	 6.714948e-02	 8.144805e+00	 8.148317e+00	 
 2.153916e-01	 7.266114e-01	 1.916411e-04	 6.804882e-02	 7.596471e+00	 8.122444e+00	 
 2.153629e-01	 7.258823e-01	 1.946727e-04	 6.852824e-02	 7.761363e+00	 8.109392e+00	 
 2.152488e-01	 7.247901e-01	 1.928383e-04	 6.930937e-02	 7.695153e+00	 8.088829e+00	 
 2.152589e-01	 7.253876e-01	 1.994115e-04	 6.892819e-02	 8.311250e+00	 8.098226e+00	 
 2.151300e-01	 7.237774e-01	 1.914688e-04	 7.004505e-02	 7.694365e+00	 8.069339e+00	 
 2.153044e-01	 7.250855e-01	 1.982134e-04	 6.907627e-02	 8.052867e+00	 8.094317e+00	 
 2.116970e-01	 6.941300e-01	 2.650048e-03	 9.093304e-02	 1.614975e+02	 7.868444e+00	 
 2.107940e-01	 6.948900e-01	 2.732842e-03	 9.123262e-02	 1.690511e+02	 7.867741e+00	 
 2.106675e-01	 6.949599e-01	 2.796062e-03	 9.128028e-02	 1.723340e+02	 7.867853e+00	 
 2.115998e-01	 6.941781e-01	 2.706421e-03	 9.097049e-02	 1.643556e+02	 7.868549e+00	 
 2.114881e-01	 6.940875e-01	 2.976845e-03	 9.103616e-02	 1.765016e+02	 7.869388e+00	 
 2.115999e-01	 6.941755e-01	 2.706417e-03	 9.097202e-02	 1.643555e+02	 7.868548e+00	 
 2.124375e-01	 6.939806e-01	 1.911858e-03	 9.061474e-02	 1.264194e+02	 7.865789e+00	 
 2.113229e-01	 7.224548e-01	 1.992903e-03	 7.381172e-02	 1.252135e+02	 7.890131e+00	 
 2.127580e-01	 6.936028e-01	 2.034453e-03	 9.052516e-02	 1.302871e+02	 7.866999e+00	 
 2.135668e-01	 6.929805e-01	 1.984678e-03	 9.024531e-02	 1.296309e+02	 7.866396e+00	 
 2.124375e-01	 6.939806e-01	 1.911858e-03	 9.061474e-02	 1.264194e+02	 7.865789e+00	 
 2.135668e-01	 6.929787e-01	 1.984662e-03	 9.024637e-02	 1.296302e+02	 7.866395e+00	 
 2.152483e-01	 7.240825e-01	 2.035461e-04	 6.975034e-02	 8.395447e+00	 8.075793e+00	 
 2.152589e-01	 7.253876e-01	 1.994115e-04	 6.892819e-02	 8.311250e+00	 8.098226e+00	 
 2.152589e-01	 7.253876e-01	 1.994115e-04	 6.892819e-02	 8.311250e+00	 8.098226e+00	 
 2.152589e-01	 7.253876e-01	 1.994115e-04	 6.892819e-02	 8.311250e+00	 8.098226e+00	 
 2.154636e-01	 7.273093e-01	 2.051238e-04	 6.754585e-02	 8.031469e+00	 8.136428e+00	 
 2.152449e-01	 7.254344e-01	 1.996112e-04	 6.890700e-02	 7.807433e+00	 8.100984e+00	 
 3.169078e-01	 6.772410e-01	 6.512689e-04	 9.218379e-03	 2.078966e+01	 7.305940e+00	 
 3.180052e-01	 6.708555e-01	 6.537446e-04	 1.223997e-02	 2.244852e+01	 7.254135e+00	 
 3.178932e-01	 6.712665e-01	 6.568714e-04	 1.208149e-02	 2.250542e+01	 7.257351e+00	 
 3.175506e-01	 6.648080e-01	 6.207538e-04	 1.640695e-02	 2.117927e+01	 7.201649e+00	 
 3.177987e-01	 6.673347e-01	 6.169472e-04	 1.461622e-02	 2.081361e+01	 7.223936e+00	 
 3.178790e-01	 6.710764e-01	 6.548413e-04	 1.221319e-02	 2.248465e+01	 7.255638e+00	 
 3.178849e-01	 6.711860e-01	 6.559811e-04	 1.213976e-02	 2.253725e+01	 7.256571e+00	 
 3.193219e-01	 6.779060e-01	 6.289002e-04	 6.685346e-03	 1.971293e+01	 7.318397e+00	 
 3.179991e-01	 6.767119e-01	 6.552833e-04	 8.583689e-03	 2.060008e+01	 7.305097e+00	 
 3.193092e-01	 6.777220e-01	 6.272417e-04	 6.811189e-03	 1.964053e+01	 7.316852e+00	 
 3.175814e-01	 6.644269e-01	 6.170079e-04	 1.661912e-02	 2.117636e+01	 7.198310e+00	 
 3.176386e-01	 6.678122e-01	 6.203050e-04	 1.445909e-02	 2.091570e+01	 7.227559e+00	 
 2.152634e-01	 7.258634e-01	 1.977783e-04	 6.862358e-02	 7.707509e+00	 8.108714e+00	 
 2.153044e-01	 7.250855e-01	 1.982134e-04	 6.907627e-02	 8.052867e+00	 8.094317e+00	 
 2.152589e-01	 7.253876e-01	 1.994115e-04	 6.892819e-02	 8.311250e+00	 8.098226e+00	 
 2.151588e-01	 7.241569e-01	 1.896129e-04	 6.978325e-02	 7.549462e+00	 8.076562e+00	 
 2.152589e-01	 7.253876e-01	 1.994115e-04	 6.892819e-02	 8.311250e+00	 8.098226e+00	 
 2.155847e-01	 7.292048e-01	 2.142128e-04	 6.625350e-02	 8.215432e+00	 8.171538e+00	 
 3.161404e-01	 6.237589e-01	 9.140842e-04	 4.320667e-02	 3.551417e+01	 7.781948e+00	 
 3.178134e-01	 6.196473e-01	 8.746523e-04	 4.431290e-02	 3.468899e+01	 7.764882e+00	 
 3.174593e-01	 6.201700e-01	 8.816489e-04	 4.429545e-02	 3.482992e+01	 7.766765e+00	 
 3.183314e-01	 6.342523e-01	 9.242936e-04	 3.475251e-02	 3.597878e+01	 7.839090e+00	 
 3.185482e-01	 6.201194e-01	 8.662146e-04	 4.337801e-02	 3.454843e+01	 7.768584e+00	 
 3.176459e-01	 6.231819e-01	 9.376551e-04	 4.225438e-02	 3.746958e+01	 7.781683e+00	 
 3.182529e-01	 6.163444e-01	 8.188767e-04	 4.598974e-02	 3.237889e+01	 7.749950e+00	 
 3.188834e-01	 6.309226e-01	 8.608690e-04	 3.634816e-02	 3.333267e+01	 7.823447e+00	 
 3.181511e-01	 6.191047e-01	 8.232425e-04	 4.435698e-02	 3.227451e+01	 7.763136e+00	 
 3.167891e-01	 6.213840e-01	 8.572687e-04	 4.412247e-02	 3.315316e+01	 7.771700e+00	 
 3.192967e-01	 6.192308e-01	 8.601218e-04	 4.326325e-02	 3.327952e+01	 7.766605e+00	 
 3.187179e-01	 6.185277e-01	 8.207878e-04	 4.422278e-02	 3.246888e+01	 7.761351e+00	 
 2.152589e-01	 7.253876e-01	 1.994115e-04	 6.892819e-02	 8.311250e+00	 8.098226e+00	 
 2.154242e-01	 7.260356e-01	 2.030858e-04	 6.837845e-02	 8.293854e+00	 8.112379e+00	 
 2.151560e-01	 7.248034e-01	 1.963360e-04	 6.937871e-02	 7.664844e+00	 8.088780e+00	 
 2.152634e-01	 7.258634e-01	 1.977783e-04	 6.862358e-02	 7.707509e+00	 8.108714e+00	 
 2.154410e-01	 7.269050e-01	 2.071968e-04	 6.781756e-02	 8.165853e+00	 8.129032e+00	 
 2.154242e-01	 7.260356e-01	 2.030858e-04	 6.837845e-02	 8.293854e+00	 8.112379e+00	 
 2.592231e-01	 6.733237e-01	 1.499486e-04	 6.247213e-02	 4.292347e+00	 8.527488e+00	 
 2.593513e-01	 6.753541e-01	 1.596607e-04	 6.109154e-02	 4.734976e+00	 8.540763e+00	 
 2.589487e-01	 6.729339e-01	 1.490527e-04	 6.295955e-02	 4.397597e+00	 8.523203e+00	 
 2.593266e-01	 6.739350e-01	 1.511296e-04	 6.199878e-02	 4.273409e+00	 8.532329e+00	 
 2.593513e-01	 6.753541e-01	 1.596607e-04	 6.109154e-02	 4.734976e+00	 8.540763e+00	 
 2.589487e-01	 6.729338e-01	 1.490523e-04	 6.295960e-02	 4.397572e+00	 8.523202e+00	 
 2.589029e-01	 6.722830e-01	 1.435135e-04	 6.340631e-02	 4.090874e+00	 8.519813e+00	 
 2.589202e-01	 6.715234e-01	 1.436040e-04	 6.386471e-02	 4.149746e+00	 8.514363e+00	 
 2.590108e-01	 6.715490e-01	 1.440232e-04	 6.376815e-02	 4.131726e+00	 8.514979e+00	 
 2.589175e-01	 6.713916e-01	 1.430947e-04	 6.394934e-02	 4.126568e+00	 8.513553e+00	 
 2.588658e-01	 6.719348e-01	 1.434785e-04	 6.365659e-02	 4.134885e+00	 8.517050e+00	 
 2.589533e-01	 6.718275e-01	 1.433844e-04	 6.364557e-02	 4.093721e+00	 8.516844e+00	 
 2.153541e-01	 7.265793e-01	 2.013804e-04	 6.809742e-02	 7.887703e+00	 8.122266e+00	 
 2.152546e-01	 7.253234e-01	 1.990970e-04	 6.897210e-02	 8.305153e+00	 8.097012e+00	 
 2.152657e-01	 7.251895e-01	 1.912120e-04	 6.904567e-02	 7.604282e+00	 8.096042e+00	 
 2.153730e-01	 7.262825e-01	 1.931893e-04	 6.827010e-02	 7.700399e+00	 8.116404e+00	 
 2.153594e-01	 7.265533e-01	 2.012853e-04	 6.810892e-02	 7.861077e+00	 8.121975e+00	 
 2.152634e-01	 7.258634e-01	 1.977783e-04	 6.862358e-02	 7.707509e+00	 8.108714e+00	 
 2.191618e-01	 6.688616e-01	 1.519011e-03	 1.004941e-01	 6.858352e+01	 9.002720e+00	 
 2.191618e-01	 6.688616e-01	 1.519011e-03	 1.004941e-01	 6.858352e+01	 9.002720e+00	 
 2.184855e-01	 6.695341e-01	 1.401576e-03	 1.006963e-01	 6.331802e+01	 9.005918e+00	 
 2.191618e-01	 6.688616e-01	 1.519011e-03	 1.004941e-01	 6.858352e+01	 9.002720e+00	 
 2.180845e-01	 6.699060e-01	 1.440743e-03	 1.008183e-01	 6.827161e+01	 9.005340e+00	 
 2.191024e-01	 6.688147e-01	 1.670486e-03	 1.005251e-01	 7.533028e+01	 9.002037e+00	 
 2.187807e-01	 6.696335e-01	 8.910634e-04	 1.005580e-01	 4.241177e+01	 9.006695e+00	 
 2.194114e-01	 6.690364e-01	 9.668034e-04	 1.003654e-01	 4.638668e+01	 9.003600e+00	 
 2.188537e-01	 6.695642e-01	 8.942380e-04	 1.005358e-01	 4.234031e+01	 9.006652e+00	 
 2.186819e-01	 6.697269e-01	 8.737316e-04	 1.005883e-01	 4.126952e+01	 9.007503e+00	 
 2.187807e-01	 6.696335e-01	 8.910634e-04	 1.005580e-01	 4.241177e+01	 9.006695e+00	 
 2.186111e-01	 6.697942e-01	 8.707032e-04	 1.006097e-01	 4.134310e+01	 9.007537e+00	 
 2.152634e-01	 7.258634e-01	 1.977783e-04	 6.862358e-02	 7.707509e+00	 8.108714e+00	 
 2.153594e-01	 7.265533e-01	 2.012853e-04	 6.810892e-02	 7.861077e+00	 8.121975e+00	 
 2.152589e-01	 7.253876e-01	 1.994115e-04	 6.892819e-02	 8.311250e+00	 8.098226e+00	 
 2.152634e-01	 7.258634e-01	 1.977783e-04	 6.862358e-02	 7.707509e+00	 8.108714e+00	 
 2.152483e-01	 7.240825e-01	 2.035461e-04	 6.975034e-02	 8.395447e+00	 8.075793e+00	 
 2.153594e-01	 7.265533e-01	 2.012853e-04	 6.810892e-02	 7.861077e+00	 8.121975e+00	 
 3.179887e-01	 6.731695e-01	 6.225485e-04	 1.081286e-02	 2.033817e+01	 7.274272e+00	 
 3.190356e-01	 6.725533e-01	 6.254201e-04	 1.027104e-02	 2.005294e+01	 7.272711e+00	 
 3.190356e-01	 6.725533e-01	 6.254201e-04	 1.027104e-02	 2.005294e+01	 7.272711e+00	 
 3.190356e-01	 6.725533e-01	 6.254201e-04	 1.027104e-02	 2.005294e+01	 7.272711e+00	 
 3.169323e-01	 6.812370e-01	 6.882937e-04	 6.692756e-03	 2.110792e+01	 7.340255e+00	 
 3.175506e-01	 6.648080e-01	 6.207538e-04	 1.640695e-02	 2.117927e+01	 7.201649e+00	 
 3.301638e-01	 6.665310e-01	 6.909668e-04	 4.182377e-03	 1.896917e+01	 7.266064e+00	 
 3.289948e-01	 6.575190e-01	 6.851462e-04	 1.082776e-02	 1.998905e+01	 7.183736e+00	 
 3.298207e-01	 6.604814e-01	 6.895223e-04	 8.252891e-03	 1.958198e+01	 7.212901e+00	 
 3.301352e-01	 6.638260e-01	 7.273867e-04	 5.892100e-03	 2.137327e+01	 7.241918e+00	 
 3.295402e-01	 6.705471e-01	 7.243881e-04	 2.216521e-03	 1.932246e+01	 7.298371e+00	 
 3.295402e-01	 6.705471e-01	 7.243881e-04	 2.216521e-03	 1.932246e+01	 7.298371e+00	 
 2.153368e-01	 7.255286e-01	 1.965307e-04	 6.877154e-02	 7.904660e+00	 8.102706e+00	 
 2.152589e-01	 7.253876e-01	 1.994115e-04	 6.892819e-02	 8.311250e+00	 8.098226e+00	 
 2.151760e-01	 7.245561e-01	 1.880445e-04	 6.951948e-02	 7.462580e+00	 8.083783e+00	 
 2.151400e-01	 7.237318e-01	 1.913012e-04	 7.006465e-02	 7.645092e+00	 8.068845e+00	 
 2.153004e-01	 7.250253e-01	 1.979181e-04	 6.911751e-02	 8.047466e+00	 8.093176e+00	 
 2.154242e-01	 7.260356e-01	 2.030858e-04	 6.837845e-02	 8.293854e+00	 8.112379e+00	 
 