2.494216e-01	 6.888112e-01	 3.141948e-04	 6.145305e-02	 1.200357e+02	 5.380316e+00	 
 2.493887e-01	 6.888206e-01	 3.141335e-04	 6.147658e-02	 1.199715e+02	 5.385418e+00	 
 2.493722e-01	 6.888253e-01	 3.141019e-04	 6.148838e-02	 1.199393e+02	 5.387983e+00	 
 2.493640e-01	 6.888276e-01	 3.140859e-04	 6.149430e-02	 1.199231e+02	 5.389270e+00	 
 2.493598e-01	 6.888288e-01	 3.140778e-04	 6.149727e-02	 1.199150e+02	 5.389916e+00	 
 2.493578e-01	 6.888294e-01	 3.140737e-04	 6.149876e-02	 1.199110e+02	 5.390239e+00	 
 2.493567e-01	 6.888297e-01	 3.140717e-04	 6.149951e-02	 1.199089e+02	 5.390402e+00	 
 2.493562e-01	 6.888299e-01	 3.140707e-04	 6.149988e-02	 1.199079e+02	 5.390483e+00	 
 2.486491e-01	 6.891040e-01	 3.085698e-04	 6.193841e-02	 1.193851e+02	 5.228663e+00	 
 2.480376e-01	 6.893263e-01	 3.045569e-04	 6.233155e-02	 1.184154e+02	 5.199724e+00	 
 2.476865e-01	 6.894531e-01	 3.022836e-04	 6.255811e-02	 1.177909e+02	 5.198433e+00	 
 2.475001e-01	 6.895202e-01	 3.010834e-04	 6.267857e-02	 1.174448e+02	 5.201212e+00	 
 2.474043e-01	 6.895547e-01	 3.004679e-04	 6.274054e-02	 1.172635e+02	 5.203464e+00	 
 2.473557e-01	 6.895722e-01	 3.001563e-04	 6.277197e-02	 1.171707e+02	 5.204805e+00	 
 2.473313e-01	 6.895809e-01	 2.999995e-04	 6.278779e-02	 1.171239e+02	 5.205530e+00	 
 2.473190e-01	 6.895854e-01	 2.999209e-04	 6.279573e-02	 1.171003e+02	 5.205906e+00	 
 2.473129e-01	 6.895876e-01	 2.998815e-04	 6.279970e-02	 1.170885e+02	 5.206097e+00	 
 2.473098e-01	 6.895887e-01	 2.998618e-04	 6.280170e-02	 1.170826e+02	 5.206194e+00	 
 2.473082e-01	 6.895892e-01	 2.998520e-04	 6.280269e-02	 1.170796e+02	 5.206243e+00	 
 2.473075e-01	 6.895895e-01	 2.998470e-04	 6.280319e-02	 1.170781e+02	 5.206267e+00	 
 2.473074e-01	 6.895895e-01	 2.998469e-04	 6.280320e-02	 1.170781e+02	 5.206267e+00	 
 2.473073e-01	 6.895896e-01	 2.998457e-04	 6.280332e-02	 1.170777e+02	 5.206273e+00	 
 2.473072e-01	 6.895896e-01	 2.998455e-04	 6.280334e-02	 1.170777e+02	 5.206274e+00	 
 2.583256e-01	 6.863042e-01	 2.372992e-04	 5.513299e-02	 3.855583e-01	 8.644386e+00	 
 