Condicionamento
2.218015e+02	 
 2.497424e+02	 
 3.244433e+02	 
 9.972690e+01	 
 5.404476e+03	 
 4.469924e+02	 
 4.118034e+04	 
 9.884026e+01	 
 3.993394e+04	 
 1.238896e+02	 
 1.690384e+02	 
 1.665295e+02	 
 1.560090e+02	 
 1.817191e+02	 
 2.497424e+02	 
 2.497424e+02	 
 1.853129e+02	 
 4.201094e+02	 
 4.385268e+02	 
 1.790280e+02	 
 1.838157e+02	 
 1.717262e+02	 
 1.690384e+02	 
 4.118034e+04	 
 4.118034e+04	 
 1.808111e+02	 
 4.483923e+02	 
 4.190125e+02	 
 1.718984e+02	 
 9.884026e+01	 
 9.884026e+01	 
 1.690384e+02	 
 4.118034e+04	 
 4.118034e+04	 
 1.726800e+02	 
 4.483923e+02	 
 3.984570e+02	 
 1.817191e+02	 
 4.118034e+04	 
 4.118034e+04	 
 