s	 e	 nS	 nE	 p	 f
0	 0	 0	 0	 0	 0	 
 40	 57	 2040	 61	 1	 -1979	 
 40	 57	 2040	 63	 1	 -1977	 
 40	 57	 2040	 58	 1	 -1982	 
 40	 57	 2040	 63	 1	 -1977	 
 40	 57	 2040	 62	 1	 -1978	 
 40	 57	 2040	 66	 1	 -1974	 
 40	 57	 2040	 64	 1	 -1976	 
 40	 57	 2040	 65	 1	 -1975	 
 40	 57	 2040	 64	 1	 -1976	 
 40	 57	 2040	 61	 1	 -1979	 
 40	 57	 2040	 59	 1	 -1981	 
 40	 57	 2040	 60	 1	 -1980	 
 40	 57	 2040	 58	 1	 -1982	 
 40	 57	 2040	 61	 1	 -1979	 
 40	 57	 2040	 60	 1	 -1980	 
 40	 57	 2040	 59	 1	 -1981	 
 40	 57	 2040	 60	 1	 -1980	 
 40	 57	 2040	 59	 1	 -1981	 
 40	 57	 2040	 61	 1	 -1979	 
 40	 57	 2040	 59	 1	 -1981	 
 40	 57	 2040	 62	 1	 -1978	 
 40	 57	 2040	 58	 1	 -1982	 
 40	 57	 2040	 66	 1	 -1974	 
 40	 57	 2040	 59	 1	 -1981	 
 40	 57	 2040	 58	 1	 -1982	 
 40	 57	 2040	 63	 1	 -1977	 
 40	 57	 2040	 62	 1	 -1978	 
 40	 57	 2040	 63	 1	 -1977	 
 40	 57	 2040	 59	 1	 -1981	 
 40	 57	 2040	 58	 1	 -1982	 
 40	 57	 2040	 65	 1	 -1975	 
 40	 57	 2040	 62	 1	 -1978	 
 40	 57	 2040	 66	 1	 -1974	 
 40	 57	 2040	 61	 1	 -1979	 
 40	 57	 2040	 65	 1	 -1975	 
 40	 57	 2040	 64	 1	 -1976	 
 40	 57	 2040	 63	 1	 -1977	 
 40	 57	 2040	 60	 1	 -1980	 
 40	 57	 2040	 66	 1	 -1974	 
 40	 57	 2040	 61	 1	 -1979	 
 40	 57	 2040	 60	 1	 -1980	 
 40	 57	 2040	 63	 1	 -1977	 
 40	 57	 2040	 63	 1	 -1977	 
 40	 57	 2040	 65	 1	 -1975	 
 40	 57	 2040	 59	 1	 -1981	 
 40	 57	 2040	 66	 1	 -1974	 
 40	 57	 2040	 62	 1	 -1978	 
 40	 57	 2040	 58	 1	 -1982	 
 40	 57	 2040	 59	 1	 -1981	 
 40	 57	 2040	 64	 1	 -1976	 
 40	 57	 2040	 60	 1	 -1980	 
 40	 57	 2040	 66	 1	 -1974	 
 40	 57	 2040	 62	 1	 -1978	 
 40	 57	 2040	 59	 1	 -1981	 
 40	 57	 2040	 62	 1	 -1978	 
 40	 57	 2040	 58	 1	 -1982	 
 40	 57	 2040	 62	 1	 -1978	 
 40	 57	 2040	 61	 1	 -1979	 
 40	 57	 2040	 58	 1	 -1982	 
 40	 57	 2040	 60	 1	 -1980	 
 40	 57	 2040	 59	 1	 -1981	 
 40	 57	 2040	 62	 1	 -1978	 
 40	 57	 2040	 59	 1	 -1981	 
 40	 57	 2040	 66	 1	 -1974	 
 40	 57	 2040	 63	 1	 -1977	 
 40	 57	 2040	 64	 1	 -1976	 
 40	 57	 2040	 62	 1	 -1978	 
 40	 57	 2040	 61	 1	 -1979	 
 40	 57	 2040	 63	 1	 -1977	 
 40	 57	 2040	 59	 1	 -1981	 
 40	 57	 2040	 59	 1	 -1981	 
 40	 57	 2040	 62	 1	 -1978	 
 40	 57	 2040	 58	 1	 -1982	 
 40	 57	 2040	 59	 1	 -1981	 
 40	 57	 2040	 61	 1	 -1979	 
 40	 57	 2040	 59	 1	 -1981	 
 40	 57	 2040	 60	 1	 -1980	 
 40	 57	 2040	 64	 1	 -1976	 
 40	 57	 2040	 60	 1	 -1980	 
 40	 57	 2040	 59	 1	 -1981	 
 40	 57	 2040	 65	 1	 -1975	 
 40	 57	 2040	 66	 1	 -1974	 
 40	 57	 2040	 58	 1	 -1982	 
 40	 57	 2040	 66	 1	 -1974	 
 40	 57	 2040	 58	 1	 -1982	 
 40	 57	 2040	 62	 1	 -1978	 
 40	 57	 2040	 60	 1	 -1980	 
 40	 57	 2040	 64	 1	 -1976	 
 40	 57	 2040	 59	 1	 -1981	 
 40	 57	 2040	 61	 1	 -1979	 
 40	 57	 2040	 59	 1	 -1981	 
 40	 57	 2040	 60	 1	 -1980	 
 40	 57	 2040	 61	 1	 -1979	 
 40	 57	 2040	 61	 1	 -1979	 
 40	 57	 2040	 61	 1	 -1979	 
 40	 57	 2040	 59	 1	 -1981	 
 40	 57	 2040	 61	 1	 -1979	 
 40	 57	 2040	 60	 1	 -1980	 
 40	 57	 2040	 64	 1	 -1976	 
 0	 0	 0	 0	 0	 0	 
 0	 0	 0	 0	 0	 0	 
 40	 57	 2040	 66	 1	 -1974	 
 40	 57	 2040	 62	 1	 -1978	 
 40	 57	 2040	 66	 1	 -1974	 
 40	 57	 2040	 58	 1	 -1982	 
 40	 57	 2040	 66	 1	 -1974	 
 40	 57	 2040	 64	 1	 -1976	 
 40	 57	 2040	 62	 1	 -1978	 
 40	 57	 2040	 60	 1	 -1980	 
 40	 57	 2040	 65	 1	 -1975	 
 40	 57	 2040	 65	 1	 -1975	 
 40	 57	 2040	 58	 1	 -1982	 
 40	 57	 2040	 61	 1	 -1979	 
 40	 57	 2040	 62	 1	 -1978	 
 40	 57	 2040	 63	 1	 -1977	 
 40	 57	 2040	 64	 1	 -1976	 
 40	 57	 2040	 66	 1	 -1974	 
 40	 57	 2040	 65	 1	 -1975	 
 40	 57	 2040	 62	 1	 -1978	 
 40	 57	 2040	 64	 1	 -1976	 
 40	 57	 2040	 60	 1	 -1980	 
 40	 57	 2040	 66	 1	 -1974	 
 40	 57	 2040	 63	 1	 -1977	 
 40	 57	 2040	 64	 1	 -1976	 
 40	 57	 2040	 62	 1	 -1978	 
 40	 57	 2040	 61	 1	 -1979	 
 40	 57	 2040	 59	 1	 -1981	 
 40	 57	 2040	 59	 1	 -1981	 
 40	 57	 2040	 60	 1	 -1980	 
 40	 57	 2040	 63	 1	 -1977	 
 40	 57	 2040	 59	 1	 -1981	 
 40	 57	 2040	 62	 1	 -1978	 
 40	 57	 2040	 63	 1	 -1977	 
 40	 57	 2040	 59	 1	 -1981	 
 40	 57	 2040	 58	 1	 -1982	 
 40	 57	 2040	 66	 1	 -1974	 
 40	 57	 2040	 66	 1	 -1974	 
 40	 57	 2040	 58	 1	 -1982	 
 40	 57	 2040	 59	 1	 -1981	 
 40	 57	 2040	 65	 1	 -1975	 
 40	 57	 2040	 58	 1	 -1982	 
 40	 57	 2040	 65	 1	 -1975	 
 40	 57	 2040	 65	 1	 -1975	 
 40	 57	 2040	 58	 1	 -1982	 
 40	 57	 2040	 64	 1	 -1976	 
 40	 57	 2040	 66	 1	 -1974	 
 40	 57	 2040	 66	 1	 -1974	 
 40	 57	 2040	 66	 1	 -1974	 
 40	 57	 2040	 64	 1	 -1976	 
 40	 57	 2040	 65	 1	 -1975	 
 40	 57	 2040	 58	 1	 -1982	 
 40	 57	 2040	 61	 1	 -1979	 
 40	 57	 2040	 61	 1	 -1979	 
 40	 57	 2040	 62	 1	 -1978	 
 40	 57	 2040	 60	 1	 -1980	 
 40	 57	 2040	 61	 1	 -1979	 
 40	 57	 2040	 66	 1	 -1974	 
 40	 57	 2040	 58	 1	 -1982	 
 40	 57	 2040	 64	 1	 -1976	 
 40	 57	 2040	 64	 1	 -1976	 
 40	 57	 2040	 59	 1	 -1981	 
 40	 57	 2040	 65	 1	 -1975	 
 40	 57	 2040	 62	 1	 -1978	 
 40	 57	 2040	 58	 1	 -1982	 
 40	 57	 2040	 66	 1	 -1974	 
 40	 57	 2040	 64	 1	 -1976	 
 40	 57	 2040	 66	 1	 -1974	 
 40	 57	 2040	 62	 1	 -1978	 
 40	 57	 2040	 61	 1	 -1979	 
 40	 57	 2040	 64	 1	 -1976	 
 40	 57	 2040	 62	 1	 -1978	 
 40	 57	 2040	 61	 1	 -1979	 
 40	 57	 2040	 64	 1	 -1976	 
 40	 57	 2040	 60	 1	 -1980	 
 40	 57	 2040	 66	 1	 -1974	 
 40	 57	 2040	 65	 1	 -1975	 
 40	 57	 2040	 66	 1	 -1974	 
 40	 57	 2040	 66	 1	 -1974	 
 40	 57	 2040	 58	 1	 -1982	 
 40	 57	 2040	 66	 1	 -1974	 
 40	 57	 2040	 59	 1	 -1981	 
 40	 57	 2040	 59	 1	 -1981	 
 40	 57	 2040	 59	 1	 -1981	 
 40	 57	 2040	 59	 1	 -1981	 
 40	 57	 2040	 59	 1	 -1981	 
 40	 57	 2040	 62	 1	 -1978	 
 40	 57	 2040	 62	 1	 -1978	 
 40	 57	 2040	 58	 1	 -1982	 
 40	 57	 2040	 62	 1	 -1978	 
 40	 57	 2040	 58	 1	 -1982	 
 40	 57	 2040	 59	 1	 -1981	 
 40	 57	 2040	 65	 1	 -1975	 
 40	 57	 2040	 65	 1	 -1975	 
 40	 57	 2040	 65	 1	 -1975	 
 40	 57	 2040	 64	 1	 -1976	 
 40	 57	 2040	 62	 1	 -1978	 
 40	 57	 2040	 65	 1	 -1975	 
 40	 57	 2040	 61	 1	 -1979	 
 40	 57	 2040	 66	 1	 -1974	 
 40	 57	 2040	 64	 1	 -1976	 
 0	 0	 0	 0	 0	 0	 
 0	 0	 0	 0	 0	 0	 
 40	 57	 2040	 66	 1	 -1974	 
 40	 57	 2040	 65	 1	 -1975	 
 40	 57	 2040	 60	 1	 -1980	 
 40	 57	 2040	 66	 1	 -1974	 
 40	 57	 2040	 60	 1	 -1980	 
 40	 57	 2040	 62	 1	 -1978	 
 40	 57	 2040	 59	 1	 -1981	 
 40	 57	 2040	 61	 1	 -1979	 
 40	 57	 2040	 62	 1	 -1978	 
 40	 57	 2040	 59	 1	 -1981	 
 40	 57	 2040	 61	 1	 -1979	 
 40	 57	 2040	 63	 1	 -1977	 
 40	 57	 2040	 58	 1	 -1982	 
 40	 57	 2040	 59	 1	 -1981	 
 40	 57	 2040	 58	 1	 -1982	 
 40	 57	 2040	 65	 1	 -1975	 
 40	 57	 2040	 63	 1	 -1977	 
 40	 57	 2040	 64	 1	 -1976	 
 40	 57	 2040	 65	 1	 -1975	 
 40	 57	 2040	 58	 1	 -1982	 
 40	 57	 2040	 64	 1	 -1976	 
 40	 57	 2040	 62	 1	 -1978	 
 40	 57	 2040	 65	 1	 -1975	 
 40	 57	 2040	 66	 1	 -1974	 
 40	 57	 2040	 66	 1	 -1974	 
 40	 57	 2040	 65	 1	 -1975	 
 40	 57	 2040	 60	 1	 -1980	 
 40	 57	 2040	 66	 1	 -1974	 
 40	 57	 2040	 63	 1	 -1977	 
 40	 57	 2040	 60	 1	 -1980	 
 40	 57	 2040	 61	 1	 -1979	 
 40	 57	 2040	 63	 1	 -1977	 
 40	 57	 2040	 63	 1	 -1977	 
 40	 57	 2040	 61	 1	 -1979	 
 40	 57	 2040	 65	 1	 -1975	 
 40	 57	 2040	 66	 1	 -1974	 
 40	 57	 2040	 62	 1	 -1978	 
 40	 57	 2040	 64	 1	 -1976	 
 40	 57	 2040	 62	 1	 -1978	 
 40	 57	 2040	 61	 1	 -1979	 
 40	 57	 2040	 61	 1	 -1979	 
 40	 57	 2040	 59	 1	 -1981	 
 40	 57	 2040	 63	 1	 -1977	 
 40	 57	 2040	 66	 1	 -1974	 
 40	 57	 2040	 62	 1	 -1978	 
 40	 57	 2040	 59	 1	 -1981	 
 40	 57	 2040	 62	 1	 -1978	 
 40	 57	 2040	 64	 1	 -1976	 
 40	 57	 2040	 66	 1	 -1974	 
 40	 57	 2040	 62	 1	 -1978	 
 40	 57	 2040	 59	 1	 -1981	 
 40	 57	 2040	 61	 1	 -1979	 
 40	 57	 2040	 64	 1	 -1976	 
 40	 57	 2040	 59	 1	 -1981	 
 40	 57	 2040	 62	 1	 -1978	 
 40	 57	 2040	 61	 1	 -1979	 
 40	 57	 2040	 64	 1	 -1976	 
 40	 57	 2040	 62	 1	 -1978	 
 40	 57	 2040	 58	 1	 -1982	 
 40	 57	 2040	 65	 1	 -1975	 
 40	 57	 2040	 62	 1	 -1978	 
 40	 57	 2040	 65	 1	 -1975	 
 40	 57	 2040	 60	 1	 -1980	 
 40	 57	 2040	 58	 1	 -1982	 
 40	 57	 2040	 58	 1	 -1982	 
 40	 57	 2040	 63	 1	 -1977	 
 40	 57	 2040	 58	 1	 -1982	 
 40	 57	 2040	 59	 1	 -1981	 
 40	 57	 2040	 59	 1	 -1981	 
 40	 57	 2040	 62	 1	 -1978	 
 40	 57	 2040	 62	 1	 -1978	 
 40	 57	 2040	 61	 1	 -1979	 
 40	 57	 2040	 66	 1	 -1974	 
 40	 57	 2040	 61	 1	 -1979	 
 40	 57	 2040	 66	 1	 -1974	 
 40	 57	 2040	 64	 1	 -1976	 
 40	 57	 2040	 61	 1	 -1979	 
 40	 57	 2040	 61	 1	 -1979	 
 40	 57	 2040	 60	 1	 -1980	 
 40	 57	 2040	 63	 1	 -1977	 
 40	 57	 2040	 63	 1	 -1977	 
 40	 57	 2040	 59	 1	 -1981	 
 40	 57	 2040	 61	 1	 -1979	 
 40	 57	 2040	 59	 1	 -1981	 
 40	 57	 2040	 59	 1	 -1981	 
 40	 57	 2040	 59	 1	 -1981	 
 40	 57	 2040	 59	 1	 -1981	 
 40	 57	 2040	 62	 1	 -1978	 
 40	 57	 2040	 63	 1	 -1977	 
 40	 57	 2040	 66	 1	 -1974	 
 40	 57	 2040	 65	 1	 -1975	 
 40	 57	 2040	 59	 1	 -1981	 
 40	 57	 2040	 62	 1	 -1978	 
 40	 57	 2040	 64	 1	 -1976	 
 40	 57	 2040	 64	 1	 -1976	 
 40	 57	 2040	 59	 1	 -1981	 
 40	 57	 2040	 61	 1	 -1979	 
 40	 57	 2040	 63	 1	 -1977	 
 40	 57	 2040	 63	 1	 -1977	 
 0	 0	 0	 0	 0	 0	 
 0	 0	 0	 0	 0	 0	 
 30	 56	 2040	 60	 1	 -1980	 
 30	 56	 2040	 70	 1	 -1970	 
 30	 56	 2040	 61	 1	 -1979	 
 30	 56	 2040	 57	 1	 -1983	 
 30	 56	 2040	 70	 1	 -1970	 
 30	 56	 2040	 61	 1	 -1979	 
 30	 56	 2040	 69	 1	 -1971	 
 30	 56	 2040	 59	 1	 -1981	 
 30	 56	 2040	 66	 1	 -1974	 
 30	 56	 2040	 59	 1	 -1981	 
 30	 56	 2040	 60	 1	 -1980	 
 30	 56	 2040	 57	 1	 -1983	 
 30	 56	 2040	 66	 1	 -1974	 
 30	 56	 2040	 64	 1	 -1976	 
 30	 56	 2040	 62	 1	 -1978	 
 30	 56	 2040	 66	 1	 -1974	 
 30	 56	 2040	 68	 1	 -1972	 
 30	 56	 2040	 63	 1	 -1977	 
 30	 56	 2040	 63	 1	 -1977	 
 30	 56	 2040	 62	 1	 -1978	 
 30	 56	 2040	 70	 1	 -1970	 
 30	 56	 2040	 66	 1	 -1974	 
 30	 56	 2040	 65	 1	 -1975	 
 30	 56	 2040	 66	 1	 -1974	 
 30	 56	 2040	 67	 1	 -1973	 
 30	 56	 2040	 61	 1	 -1979	 
 30	 56	 2040	 66	 1	 -1974	 
 30	 56	 2040	 57	 1	 -1983	 
 30	 56	 2040	 60	 1	 -1980	 
 30	 56	 2040	 59	 1	 -1981	 
 30	 56	 2040	 57	 1	 -1983	 
 30	 56	 2040	 59	 1	 -1981	 
 30	 56	 2040	 57	 1	 -1983	 
 30	 56	 2040	 69	 1	 -1971	 
 30	 56	 2040	 62	 1	 -1978	 
 30	 56	 2040	 64	 1	 -1976	 
 30	 56	 2040	 65	 1	 -1975	 
 30	 56	 2040	 65	 1	 -1975	 
 30	 56	 2040	 69	 1	 -1971	 
 30	 56	 2040	 63	 1	 -1977	 
 30	 56	 2040	 69	 1	 -1971	 
 30	 56	 2040	 70	 1	 -1970	 
 30	 56	 2040	 65	 1	 -1975	 
 30	 56	 2040	 57	 1	 -1983	 
 30	 56	 2040	 64	 1	 -1976	 
 30	 56	 2040	 63	 1	 -1977	 
 30	 56	 2040	 65	 1	 -1975	 
 30	 56	 2040	 57	 1	 -1983	 
 30	 56	 2040	 67	 1	 -1973	 
 30	 56	 2040	 60	 1	 -1980	 
 30	 56	 2040	 63	 1	 -1977	 
 30	 56	 2040	 62	 1	 -1978	 
 30	 56	 2040	 67	 1	 -1973	 
 30	 56	 2040	 64	 1	 -1976	 
 30	 56	 2040	 60	 1	 -1980	 
 30	 56	 2040	 68	 1	 -1972	 
 30	 56	 2040	 60	 1	 -1980	 
 30	 56	 2040	 58	 1	 -1982	 
 30	 56	 2040	 68	 1	 -1972	 
 30	 56	 2040	 61	 1	 -1979	 
 30	 56	 2040	 67	 1	 -1973	 
 30	 56	 2040	 58	 1	 -1982	 
 30	 56	 2040	 59	 1	 -1981	 
 30	 56	 2040	 62	 1	 -1978	 
 30	 56	 2040	 62	 1	 -1978	 
 30	 56	 2040	 62	 1	 -1978	 
 30	 56	 2040	 62	 1	 -1978	 
 30	 56	 2040	 66	 1	 -1974	 
 30	 56	 2040	 61	 1	 -1979	 
 30	 56	 2040	 65	 1	 -1975	 
 30	 56	 2040	 58	 1	 -1982	 
 30	 56	 2040	 62	 1	 -1978	 
 30	 56	 2040	 60	 1	 -1980	 
 30	 56	 2040	 59	 1	 -1981	 
 30	 56	 2040	 67	 1	 -1973	 
 30	 56	 2040	 67	 1	 -1973	 
 30	 56	 2040	 61	 1	 -1979	 
 30	 56	 2040	 69	 1	 -1971	 
 30	 56	 2040	 70	 1	 -1970	 
 30	 56	 2040	 61	 1	 -1979	 
 30	 56	 2040	 61	 1	 -1979	 
 30	 56	 2040	 57	 1	 -1983	 
 30	 56	 2040	 61	 1	 -1979	 
 30	 56	 2040	 66	 1	 -1974	 
 30	 56	 2040	 57	 1	 -1983	 
 30	 56	 2040	 60	 1	 -1980	 
 30	 56	 2040	 57	 1	 -1983	 
 30	 56	 2040	 64	 1	 -1976	 
 30	 56	 2040	 61	 1	 -1979	 
 30	 56	 2040	 57	 1	 -1983	 
 30	 56	 2040	 63	 1	 -1977	 
 30	 56	 2040	 58	 1	 -1982	 
 30	 56	 2040	 67	 1	 -1973	 
 30	 56	 2040	 69	 1	 -1971	 
 30	 56	 2040	 61	 1	 -1979	 
 30	 56	 2040	 65	 1	 -1975	 
 30	 56	 2040	 66	 1	 -1974	 
 30	 56	 2040	 58	 1	 -1982	 
 30	 56	 2040	 57	 1	 -1983	 
 0	 0	 0	 0	 0	 0	 
 0	 0	 0	 0	 0	 0	 
 40	 57	 2040	 63	 1	 -1977	 
 40	 57	 2040	 61	 1	 -1979	 
 40	 57	 2040	 60	 1	 -1980	 
 40	 57	 2040	 59	 1	 -1981	 
 40	 57	 2040	 64	 1	 -1976	 
 40	 57	 2040	 61	 1	 -1979	 
 40	 57	 2040	 59	 1	 -1981	 
 40	 57	 2040	 62	 1	 -1978	 
 40	 57	 2040	 59	 1	 -1981	 
 40	 57	 2040	 63	 1	 -1977	 
 40	 57	 2040	 64	 1	 -1976	 
 40	 57	 2040	 65	 1	 -1975	 
 40	 57	 2040	 59	 1	 -1981	 
 40	 57	 2040	 63	 1	 -1977	 
 40	 57	 2040	 64	 1	 -1976	 
 40	 57	 2040	 62	 1	 -1978	 
 40	 57	 2040	 61	 1	 -1979	 
 40	 57	 2040	 64	 1	 -1976	 
 40	 57	 2040	 60	 1	 -1980	 
 40	 57	 2040	 60	 1	 -1980	 
 40	 57	 2040	 66	 1	 -1974	 
 40	 57	 2040	 66	 1	 -1974	 
 40	 57	 2040	 61	 1	 -1979	 
 40	 57	 2040	 59	 1	 -1981	 
 40	 57	 2040	 58	 1	 -1982	 
 40	 57	 2040	 59	 1	 -1981	 
 40	 57	 2040	 66	 1	 -1974	 
 40	 57	 2040	 59	 1	 -1981	 
 40	 57	 2040	 62	 1	 -1978	 
 40	 57	 2040	 66	 1	 -1974	 
 40	 57	 2040	 62	 1	 -1978	 
 40	 57	 2040	 65	 1	 -1975	 
 40	 57	 2040	 60	 1	 -1980	 
 40	 57	 2040	 64	 1	 -1976	 
 40	 57	 2040	 65	 1	 -1975	 
 40	 57	 2040	 66	 1	 -1974	 
 40	 57	 2040	 60	 1	 -1980	 
 40	 57	 2040	 63	 1	 -1977	 
 40	 57	 2040	 65	 1	 -1975	 
 40	 57	 2040	 58	 1	 -1982	 
 40	 57	 2040	 58	 1	 -1982	 
 40	 57	 2040	 60	 1	 -1980	 
 40	 57	 2040	 58	 1	 -1982	 
 40	 57	 2040	 66	 1	 -1974	 
 40	 57	 2040	 62	 1	 -1978	 
 40	 57	 2040	 62	 1	 -1978	 
 40	 57	 2040	 58	 1	 -1982	 
 40	 57	 2040	 62	 1	 -1978	 
 40	 57	 2040	 58	 1	 -1982	 
 40	 57	 2040	 63	 1	 -1977	 
 40	 57	 2040	 66	 1	 -1974	 
 40	 57	 2040	 64	 1	 -1976	 
 40	 57	 2040	 66	 1	 -1974	 
 40	 57	 2040	 63	 1	 -1977	 
 40	 57	 2040	 61	 1	 -1979	 
 40	 57	 2040	 60	 1	 -1980	 
 40	 57	 2040	 65	 1	 -1975	 
 40	 57	 2040	 60	 1	 -1980	 
 40	 57	 2040	 61	 1	 -1979	 
 40	 57	 2040	 65	 1	 -1975	 
 40	 57	 2040	 65	 1	 -1975	 
 40	 57	 2040	 58	 1	 -1982	 
 40	 57	 2040	 60	 1	 -1980	 
 40	 57	 2040	 64	 1	 -1976	 
 40	 57	 2040	 63	 1	 -1977	 
 40	 57	 2040	 65	 1	 -1975	 
 40	 57	 2040	 65	 1	 -1975	 
 40	 57	 2040	 58	 1	 -1982	 
 40	 57	 2040	 58	 1	 -1982	 
 40	 57	 2040	 59	 1	 -1981	 
 40	 57	 2040	 65	 1	 -1975	 
 40	 57	 2040	 60	 1	 -1980	 
 40	 57	 2040	 59	 1	 -1981	 
 40	 57	 2040	 64	 1	 -1976	 
 40	 57	 2040	 64	 1	 -1976	 
 40	 57	 2040	 64	 1	 -1976	 
 40	 57	 2040	 62	 1	 -1978	 
 40	 57	 2040	 63	 1	 -1977	 
 40	 57	 2040	 61	 1	 -1979	 
 40	 57	 2040	 64	 1	 -1976	 
 40	 57	 2040	 63	 1	 -1977	 
 40	 57	 2040	 62	 1	 -1978	 
 40	 57	 2040	 64	 1	 -1976	 
 40	 57	 2040	 62	 1	 -1978	 
 40	 57	 2040	 63	 1	 -1977	 
 40	 57	 2040	 58	 1	 -1982	 
 40	 57	 2040	 63	 1	 -1977	 
 40	 57	 2040	 65	 1	 -1975	 
 40	 57	 2040	 66	 1	 -1974	 
 40	 57	 2040	 58	 1	 -1982	 
 40	 57	 2040	 66	 1	 -1974	 
 40	 57	 2040	 60	 1	 -1980	 
 40	 57	 2040	 61	 1	 -1979	 
 40	 57	 2040	 64	 1	 -1976	 
 40	 57	 2040	 65	 1	 -1975	 
 40	 57	 2040	 58	 1	 -1982	 
 40	 57	 2040	 58	 1	 -1982	 
 40	 57	 2040	 61	 1	 -1979	 
 40	 57	 2040	 65	 1	 -1975	 
 0	 0	 0	 0	 0	 0	 
 0	 0	 0	 0	 0	 0	 
 27	 54	 2040	 67	 1	 -1973	 
 27	 54	 2040	 68	 1	 -1972	 
 27	 54	 2040	 67	 1	 -1973	 
 27	 54	 2040	 55	 1	 -1985	 
 27	 54	 2040	 59	 1	 -1981	 
 27	 54	 2040	 61	 1	 -1979	 
 27	 54	 2040	 60	 1	 -1980	 
 27	 54	 2040	 56	 1	 -1984	 
 27	 54	 2040	 61	 1	 -1979	 
 27	 54	 2040	 55	 1	 -1985	 
 27	 54	 2040	 61	 1	 -1979	 
 27	 54	 2040	 61	 1	 -1979	 
 27	 54	 2040	 60	 1	 -1980	 
 27	 54	 2040	 57	 1	 -1983	 
 27	 54	 2040	 60	 1	 -1980	 
 27	 54	 2040	 67	 1	 -1973	 
 27	 54	 2040	 64	 1	 -1976	 
 27	 54	 2040	 55	 1	 -1985	 
 27	 54	 2040	 67	 1	 -1973	 
 27	 54	 2040	 64	 1	 -1976	 
 27	 54	 2040	 56	 1	 -1984	 
 27	 54	 2040	 60	 1	 -1980	 
 27	 54	 2040	 63	 1	 -1977	 
 27	 54	 2040	 58	 1	 -1982	 
 27	 54	 2040	 57	 1	 -1983	 
 27	 54	 2040	 61	 1	 -1979	 
 27	 54	 2040	 58	 1	 -1982	 
 27	 54	 2040	 57	 1	 -1983	 
 27	 54	 2040	 55	 1	 -1985	 
 27	 54	 2040	 66	 1	 -1974	 
 27	 54	 2040	 56	 1	 -1984	 
 27	 54	 2040	 63	 1	 -1977	 
 27	 54	 2040	 55	 1	 -1985	 
 27	 54	 2040	 67	 1	 -1973	 
 27	 54	 2040	 59	 1	 -1981	 
 27	 54	 2040	 56	 1	 -1984	 
 27	 54	 2040	 59	 1	 -1981	 
 27	 54	 2040	 56	 1	 -1984	 
 27	 54	 2040	 65	 1	 -1975	 
 27	 54	 2040	 63	 1	 -1977	 
 27	 54	 2040	 68	 1	 -1972	 
 27	 54	 2040	 56	 1	 -1984	 
 27	 54	 2040	 68	 1	 -1972	 
 27	 54	 2040	 64	 1	 -1976	 
 27	 54	 2040	 66	 1	 -1974	 
 27	 54	 2040	 61	 1	 -1979	 
 27	 54	 2040	 57	 1	 -1983	 
 27	 54	 2040	 67	 1	 -1973	 
 27	 54	 2040	 58	 1	 -1982	 
 27	 54	 2040	 67	 1	 -1973	 
 27	 54	 2040	 61	 1	 -1979	 
 27	 54	 2040	 68	 1	 -1972	 
 27	 54	 2040	 57	 1	 -1983	 
 27	 54	 2040	 58	 1	 -1982	 
 27	 54	 2040	 57	 1	 -1983	 
 27	 54	 2040	 67	 1	 -1973	 
 27	 54	 2040	 57	 1	 -1983	 
 27	 54	 2040	 57	 1	 -1983	 
 27	 54	 2040	 57	 1	 -1983	 
 27	 54	 2040	 55	 1	 -1985	 
 27	 54	 2040	 57	 1	 -1983	 
 27	 54	 2040	 56	 1	 -1984	 
 27	 54	 2040	 58	 1	 -1982	 
 27	 54	 2040	 56	 1	 -1984	 
 27	 54	 2040	 60	 1	 -1980	 
 27	 54	 2040	 61	 1	 -1979	 
 27	 54	 2040	 68	 1	 -1972	 
 27	 54	 2040	 55	 1	 -1985	 
 27	 54	 2040	 63	 1	 -1977	 
 27	 54	 2040	 59	 1	 -1981	 
 27	 54	 2040	 60	 1	 -1980	 
 27	 54	 2040	 68	 1	 -1972	 
 27	 54	 2040	 62	 1	 -1978	 
 27	 54	 2040	 55	 1	 -1985	 
 27	 54	 2040	 64	 1	 -1976	 
 27	 54	 2040	 66	 1	 -1974	 
 27	 54	 2040	 56	 1	 -1984	 
 27	 54	 2040	 61	 1	 -1979	 
 27	 54	 2040	 62	 1	 -1978	 
 27	 54	 2040	 58	 1	 -1982	 
 27	 54	 2040	 63	 1	 -1977	 
 27	 54	 2040	 61	 1	 -1979	 
 27	 54	 2040	 61	 1	 -1979	 
 27	 54	 2040	 66	 1	 -1974	 
 27	 54	 2040	 55	 1	 -1985	 
 27	 54	 2040	 62	 1	 -1978	 
 27	 54	 2040	 59	 1	 -1981	 
 27	 54	 2040	 60	 1	 -1980	 
 27	 54	 2040	 65	 1	 -1975	 
 27	 54	 2040	 55	 1	 -1985	 
 27	 54	 2040	 63	 1	 -1977	 
 27	 54	 2040	 58	 1	 -1982	 
 27	 54	 2040	 62	 1	 -1978	 
 27	 54	 2040	 63	 1	 -1977	 
 27	 54	 2040	 55	 1	 -1985	 
 27	 54	 2040	 62	 1	 -1978	 
 27	 54	 2040	 65	 1	 -1975	 
 27	 54	 2040	 59	 1	 -1981	 
 27	 54	 2040	 62	 1	 -1978	 
 0	 0	 0	 0	 0	 0	 
 0	 0	 0	 0	 0	 0	 
 40	 57	 2040	 59	 1	 -1981	 
 40	 57	 2040	 59	 1	 -1981	 
 40	 57	 2040	 59	 1	 -1981	 
 40	 57	 2040	 66	 1	 -1974	 
 40	 57	 2040	 66	 1	 -1974	 
 40	 57	 2040	 61	 1	 -1979	 
 40	 57	 2040	 60	 1	 -1980	 
 40	 57	 2040	 66	 1	 -1974	 
 40	 57	 2040	 66	 1	 -1974	 
 40	 57	 2040	 60	 1	 -1980	 
 40	 57	 2040	 60	 1	 -1980	 
 40	 57	 2040	 62	 1	 -1978	 
 40	 57	 2040	 58	 1	 -1982	 
 40	 57	 2040	 60	 1	 -1980	 
 40	 57	 2040	 62	 1	 -1978	 
 40	 57	 2040	 64	 1	 -1976	 
 40	 57	 2040	 66	 1	 -1974	 
 40	 57	 2040	 62	 1	 -1978	 
 40	 57	 2040	 63	 1	 -1977	 
 40	 57	 2040	 58	 1	 -1982	 
 40	 57	 2040	 60	 1	 -1980	 
 40	 57	 2040	 61	 1	 -1979	 
 40	 57	 2040	 58	 1	 -1982	 
 40	 57	 2040	 59	 1	 -1981	 
 40	 57	 2040	 65	 1	 -1975	 
 40	 57	 2040	 59	 1	 -1981	 
 40	 57	 2040	 66	 1	 -1974	 
 40	 57	 2040	 60	 1	 -1980	 
 40	 57	 2040	 60	 1	 -1980	 
 40	 57	 2040	 62	 1	 -1978	 
 40	 57	 2040	 66	 1	 -1974	 
 40	 57	 2040	 66	 1	 -1974	 
 40	 57	 2040	 58	 1	 -1982	 
 40	 57	 2040	 64	 1	 -1976	 
 40	 57	 2040	 61	 1	 -1979	 
 40	 57	 2040	 60	 1	 -1980	 
 40	 57	 2040	 58	 1	 -1982	 
 40	 57	 2040	 65	 1	 -1975	 
 40	 57	 2040	 60	 1	 -1980	 
 40	 57	 2040	 66	 1	 -1974	 
 40	 57	 2040	 61	 1	 -1979	 
 40	 57	 2040	 63	 1	 -1977	 
 40	 57	 2040	 62	 1	 -1978	 
 40	 57	 2040	 64	 1	 -1976	 
 40	 57	 2040	 66	 1	 -1974	 
 40	 57	 2040	 61	 1	 -1979	 
 40	 57	 2040	 59	 1	 -1981	 
 40	 57	 2040	 63	 1	 -1977	 
 40	 57	 2040	 60	 1	 -1980	 
 40	 57	 2040	 60	 1	 -1980	 
 40	 57	 2040	 66	 1	 -1974	 
 40	 57	 2040	 59	 1	 -1981	 
 40	 57	 2040	 64	 1	 -1976	 
 40	 57	 2040	 61	 1	 -1979	 
 40	 57	 2040	 66	 1	 -1974	 
 40	 57	 2040	 60	 1	 -1980	 
 40	 57	 2040	 65	 1	 -1975	 
 40	 57	 2040	 65	 1	 -1975	 
 40	 57	 2040	 61	 1	 -1979	 
 40	 57	 2040	 66	 1	 -1974	 
 40	 57	 2040	 62	 1	 -1978	 
 40	 57	 2040	 66	 1	 -1974	 
 40	 57	 2040	 64	 1	 -1976	 
 40	 57	 2040	 65	 1	 -1975	 
 40	 57	 2040	 64	 1	 -1976	 
 40	 57	 2040	 58	 1	 -1982	 
 40	 57	 2040	 61	 1	 -1979	 
 40	 57	 2040	 60	 1	 -1980	 
 40	 57	 2040	 61	 1	 -1979	 
 40	 57	 2040	 61	 1	 -1979	 
 40	 57	 2040	 60	 1	 -1980	 
 40	 57	 2040	 63	 1	 -1977	 
 40	 57	 2040	 63	 1	 -1977	 
 40	 57	 2040	 62	 1	 -1978	 
 40	 57	 2040	 58	 1	 -1982	 
 40	 57	 2040	 64	 1	 -1976	 
 40	 57	 2040	 60	 1	 -1980	 
 40	 57	 2040	 66	 1	 -1974	 
 40	 57	 2040	 65	 1	 -1975	 
 40	 57	 2040	 59	 1	 -1981	 
 40	 57	 2040	 64	 1	 -1976	 
 40	 57	 2040	 62	 1	 -1978	 
 40	 57	 2040	 64	 1	 -1976	 
 40	 57	 2040	 60	 1	 -1980	 
 40	 57	 2040	 61	 1	 -1979	 
 40	 57	 2040	 60	 1	 -1980	 
 40	 57	 2040	 64	 1	 -1976	 
 40	 57	 2040	 64	 1	 -1976	 
 40	 57	 2040	 63	 1	 -1977	 
 40	 57	 2040	 64	 1	 -1976	 
 40	 57	 2040	 65	 1	 -1975	 
 40	 57	 2040	 59	 1	 -1981	 
 40	 57	 2040	 58	 1	 -1982	 
 40	 57	 2040	 61	 1	 -1979	 
 40	 57	 2040	 64	 1	 -1976	 
 40	 57	 2040	 59	 1	 -1981	 
 40	 57	 2040	 64	 1	 -1976	 
 40	 57	 2040	 66	 1	 -1974	 
 40	 57	 2040	 60	 1	 -1980	 
 0	 0	 0	 0	 0	 0	 
 0	 0	 0	 0	 0	 0	 
 18	 60	 2040	 75	 1	 -1965	 
 18	 60	 2040	 70	 1	 -1970	 
 18	 60	 2040	 76	 1	 -1964	 
 18	 60	 2040	 65	 1	 -1975	 
 18	 60	 2040	 71	 1	 -1969	 
 18	 60	 2040	 61	 1	 -1979	 
 18	 60	 2040	 66	 1	 -1974	 
 18	 60	 2040	 70	 1	 -1970	 
 18	 60	 2040	 62	 1	 -1978	 
 18	 60	 2040	 74	 1	 -1966	 
 18	 60	 2040	 74	 1	 -1966	 
 18	 60	 2040	 74	 1	 -1966	 
 18	 60	 2040	 74	 1	 -1966	 
 18	 60	 2040	 81	 1	 -1959	 
 18	 60	 2040	 69	 1	 -1971	 
 18	 60	 2040	 82	 1	 -1958	 
 18	 60	 2040	 80	 1	 -1960	 
 18	 60	 2040	 68	 1	 -1972	 
 18	 60	 2040	 72	 1	 -1968	 
 18	 60	 2040	 72	 1	 -1968	 
 18	 60	 2040	 79	 1	 -1961	 
 18	 60	 2040	 65	 1	 -1975	 
 18	 60	 2040	 61	 1	 -1979	 
 18	 60	 2040	 67	 1	 -1973	 
 18	 60	 2040	 75	 1	 -1965	 
 18	 60	 2040	 79	 1	 -1961	 
 18	 60	 2040	 61	 1	 -1979	 
 18	 60	 2040	 79	 1	 -1961	 
 18	 60	 2040	 74	 1	 -1966	 
 18	 60	 2040	 70	 1	 -1970	 
 18	 60	 2040	 64	 1	 -1976	 
 18	 60	 2040	 62	 1	 -1978	 
 18	 60	 2040	 68	 1	 -1972	 
 18	 60	 2040	 65	 1	 -1975	 
 18	 60	 2040	 69	 1	 -1971	 
 18	 60	 2040	 69	 1	 -1971	 
 18	 60	 2040	 65	 1	 -1975	 
 18	 60	 2040	 79	 1	 -1961	 
 18	 60	 2040	 72	 1	 -1968	 
 18	 60	 2040	 82	 1	 -1958	 
 18	 60	 2040	 71	 1	 -1969	 
 18	 60	 2040	 61	 1	 -1979	 
 18	 60	 2040	 76	 1	 -1964	 
 18	 60	 2040	 65	 1	 -1975	 
 18	 60	 2040	 73	 1	 -1967	 
 18	 60	 2040	 63	 1	 -1977	 
 18	 60	 2040	 76	 1	 -1964	 
 18	 60	 2040	 79	 1	 -1961	 
 18	 60	 2040	 67	 1	 -1973	 
 18	 60	 2040	 68	 1	 -1972	 
 18	 60	 2040	 63	 1	 -1977	 
 18	 60	 2040	 65	 1	 -1975	 
 18	 60	 2040	 69	 1	 -1971	 
 18	 60	 2040	 75	 1	 -1965	 
 18	 60	 2040	 73	 1	 -1967	 
 18	 60	 2040	 66	 1	 -1974	 
 18	 60	 2040	 62	 1	 -1978	 
 18	 60	 2040	 67	 1	 -1973	 
 18	 60	 2040	 80	 1	 -1960	 
 18	 60	 2040	 74	 1	 -1966	 
 18	 60	 2040	 76	 1	 -1964	 
 18	 60	 2040	 78	 1	 -1962	 
 18	 60	 2040	 80	 1	 -1960	 
 18	 60	 2040	 80	 1	 -1960	 
 18	 60	 2040	 64	 1	 -1976	 
 18	 60	 2040	 75	 1	 -1965	 
 18	 60	 2040	 71	 1	 -1969	 
 18	 60	 2040	 78	 1	 -1962	 
 18	 60	 2040	 62	 1	 -1978	 
 18	 60	 2040	 70	 1	 -1970	 
 18	 60	 2040	 75	 1	 -1965	 
 18	 60	 2040	 67	 1	 -1973	 
 18	 60	 2040	 73	 1	 -1967	 
 18	 60	 2040	 63	 1	 -1977	 
 18	 60	 2040	 65	 1	 -1975	 
 18	 60	 2040	 77	 1	 -1963	 
 18	 60	 2040	 64	 1	 -1976	 
 18	 60	 2040	 69	 1	 -1971	 
 18	 60	 2040	 77	 1	 -1963	 
 18	 60	 2040	 80	 1	 -1960	 
 18	 60	 2040	 62	 1	 -1978	 
 18	 60	 2040	 71	 1	 -1969	 
 18	 60	 2040	 62	 1	 -1978	 
 18	 60	 2040	 71	 1	 -1969	 
 18	 60	 2040	 79	 1	 -1961	 
 18	 60	 2040	 69	 1	 -1971	 
 18	 60	 2040	 71	 1	 -1969	 
 18	 60	 2040	 75	 1	 -1965	 
 18	 60	 2040	 75	 1	 -1965	 
 18	 60	 2040	 66	 1	 -1974	 
 18	 60	 2040	 70	 1	 -1970	 
 18	 60	 2040	 63	 1	 -1977	 
 18	 60	 2040	 80	 1	 -1960	 
 18	 60	 2040	 75	 1	 -1965	 
 18	 60	 2040	 65	 1	 -1975	 
 18	 60	 2040	 65	 1	 -1975	 
 18	 60	 2040	 74	 1	 -1966	 
 18	 60	 2040	 62	 1	 -1978	 
 18	 60	 2040	 78	 1	 -1962	 
 0	 0	 0	 0	 0	 0	 
 0	 0	 0	 0	 0	 0	 
 40	 57	 2040	 61	 1	 -1979	 
 40	 57	 2040	 63	 1	 -1977	 
 40	 57	 2040	 58	 1	 -1982	 
 40	 57	 2040	 65	 1	 -1975	 
 40	 57	 2040	 61	 1	 -1979	 
 40	 57	 2040	 59	 1	 -1981	 
 40	 57	 2040	 66	 1	 -1974	 
 40	 57	 2040	 58	 1	 -1982	 
 40	 57	 2040	 65	 1	 -1975	 
 40	 57	 2040	 58	 1	 -1982	 
 40	 57	 2040	 59	 1	 -1981	 
 40	 57	 2040	 64	 1	 -1976	 
 40	 57	 2040	 65	 1	 -1975	 
 40	 57	 2040	 58	 1	 -1982	 
 40	 57	 2040	 58	 1	 -1982	 
 40	 57	 2040	 60	 1	 -1980	 
 40	 57	 2040	 60	 1	 -1980	 
 40	 57	 2040	 63	 1	 -1977	 
 40	 57	 2040	 61	 1	 -1979	 
 40	 57	 2040	 62	 1	 -1978	 
 40	 57	 2040	 65	 1	 -1975	 
 40	 57	 2040	 60	 1	 -1980	 
 40	 57	 2040	 64	 1	 -1976	 
 40	 57	 2040	 66	 1	 -1974	 
 40	 57	 2040	 63	 1	 -1977	 
 40	 57	 2040	 61	 1	 -1979	 
 40	 57	 2040	 59	 1	 -1981	 
 40	 57	 2040	 58	 1	 -1982	 
 40	 57	 2040	 58	 1	 -1982	 
 40	 57	 2040	 64	 1	 -1976	 
 40	 57	 2040	 58	 1	 -1982	 
 40	 57	 2040	 59	 1	 -1981	 
 40	 57	 2040	 65	 1	 -1975	 
 40	 57	 2040	 59	 1	 -1981	 
 40	 57	 2040	 65	 1	 -1975	 
 40	 57	 2040	 62	 1	 -1978	 
 40	 57	 2040	 66	 1	 -1974	 
 40	 57	 2040	 63	 1	 -1977	 
 40	 57	 2040	 58	 1	 -1982	 
 40	 57	 2040	 65	 1	 -1975	 
 40	 57	 2040	 64	 1	 -1976	 
 40	 57	 2040	 59	 1	 -1981	 
 40	 57	 2040	 66	 1	 -1974	 
 40	 57	 2040	 62	 1	 -1978	 
 40	 57	 2040	 62	 1	 -1978	 
 40	 57	 2040	 58	 1	 -1982	 
 40	 57	 2040	 63	 1	 -1977	 
 40	 57	 2040	 62	 1	 -1978	 
 40	 57	 2040	 63	 1	 -1977	 
 40	 57	 2040	 64	 1	 -1976	 
 40	 57	 2040	 62	 1	 -1978	 
 40	 57	 2040	 64	 1	 -1976	 
 40	 57	 2040	 64	 1	 -1976	 
 40	 57	 2040	 66	 1	 -1974	 
 40	 57	 2040	 62	 1	 -1978	 
 40	 57	 2040	 65	 1	 -1975	 
 40	 57	 2040	 65	 1	 -1975	 
 40	 57	 2040	 60	 1	 -1980	 
 40	 57	 2040	 59	 1	 -1981	 
 40	 57	 2040	 66	 1	 -1974	 
 40	 57	 2040	 58	 1	 -1982	 
 40	 57	 2040	 65	 1	 -1975	 
 40	 57	 2040	 62	 1	 -1978	 
 40	 57	 2040	 65	 1	 -1975	 
 40	 57	 2040	 58	 1	 -1982	 
 40	 57	 2040	 59	 1	 -1981	 
 40	 57	 2040	 60	 1	 -1980	 
 40	 57	 2040	 63	 1	 -1977	 
 40	 57	 2040	 62	 1	 -1978	 
 40	 57	 2040	 62	 1	 -1978	 
 40	 57	 2040	 66	 1	 -1974	 
 40	 57	 2040	 64	 1	 -1976	 
 40	 57	 2040	 62	 1	 -1978	 
 40	 57	 2040	 62	 1	 -1978	 
 40	 57	 2040	 64	 1	 -1976	 
 40	 57	 2040	 62	 1	 -1978	 
 40	 57	 2040	 62	 1	 -1978	 
 40	 57	 2040	 66	 1	 -1974	 
 40	 57	 2040	 66	 1	 -1974	 
 40	 57	 2040	 61	 1	 -1979	 
 40	 57	 2040	 58	 1	 -1982	 
 40	 57	 2040	 64	 1	 -1976	 
 40	 57	 2040	 58	 1	 -1982	 
 40	 57	 2040	 66	 1	 -1974	 
 40	 57	 2040	 65	 1	 -1975	 
 40	 57	 2040	 66	 1	 -1974	 
 40	 57	 2040	 63	 1	 -1977	 
 40	 57	 2040	 65	 1	 -1975	 
 40	 57	 2040	 64	 1	 -1976	 
 40	 57	 2040	 65	 1	 -1975	 
 40	 57	 2040	 58	 1	 -1982	 
 40	 57	 2040	 62	 1	 -1978	 
 40	 57	 2040	 58	 1	 -1982	 
 40	 57	 2040	 62	 1	 -1978	 
 40	 57	 2040	 66	 1	 -1974	 
 40	 57	 2040	 61	 1	 -1979	 
 40	 57	 2040	 58	 1	 -1982	 
 40	 57	 2040	 58	 1	 -1982	 
 40	 57	 2040	 63	 1	 -1977	 
 0	 0	 0	 0	 0	 0	 
 0	 0	 0	 0	 0	 0	 
 17	 27	 2040	 30	 0	 -2010	 
 17	 27	 2040	 28	 0	 -2012	 
 17	 27	 2040	 29	 0	 -2011	 
 17	 27	 2040	 30	 0	 -2010	 
 17	 27	 2040	 30	 0	 -2010	 
 17	 27	 2040	 30	 0	 -2010	 
 17	 27	 2040	 28	 0	 -2012	 
 17	 27	 2040	 28	 0	 -2012	 
 17	 27	 2040	 31	 0	 -2009	 
 17	 27	 2040	 28	 0	 -2012	 
 17	 27	 2040	 30	 0	 -2010	 
 17	 27	 2040	 28	 0	 -2012	 
 17	 27	 2040	 28	 0	 -2012	 
 17	 27	 2040	 31	 0	 -2009	 
 17	 27	 2040	 30	 0	 -2010	 
 17	 27	 2040	 29	 0	 -2011	 
 17	 27	 2040	 32	 0	 -2008	 
 17	 27	 2040	 31	 0	 -2009	 
 17	 27	 2040	 30	 0	 -2010	 
 17	 27	 2040	 29	 0	 -2011	 
 17	 27	 2040	 29	 0	 -2011	 
 17	 27	 2040	 28	 0	 -2012	 
 17	 27	 2040	 30	 0	 -2010	 
 17	 27	 2040	 30	 0	 -2010	 
 17	 27	 2040	 31	 0	 -2009	 
 17	 27	 2040	 32	 0	 -2008	 
 17	 27	 2040	 31	 0	 -2009	 
 17	 27	 2040	 31	 0	 -2009	 
 17	 27	 2040	 31	 0	 -2009	 
 17	 27	 2040	 32	 0	 -2008	 
 17	 27	 2040	 30	 0	 -2010	 
 17	 27	 2040	 31	 0	 -2009	 
 17	 27	 2040	 33	 0	 -2007	 
 17	 27	 2040	 33	 0	 -2007	 
 17	 27	 2040	 31	 0	 -2009	 
 17	 27	 2040	 28	 0	 -2012	 
 17	 27	 2040	 33	 0	 -2007	 
 17	 27	 2040	 29	 0	 -2011	 
 17	 27	 2040	 29	 0	 -2011	 
 17	 27	 2040	 30	 0	 -2010	 
 17	 27	 2040	 30	 0	 -2010	 
 17	 27	 2040	 28	 0	 -2012	 
 17	 27	 2040	 29	 0	 -2011	 
 17	 27	 2040	 32	 0	 -2008	 
 17	 27	 2040	 30	 0	 -2010	 
 17	 27	 2040	 30	 0	 -2010	 
 17	 27	 2040	 32	 0	 -2008	 
 17	 27	 2040	 30	 0	 -2010	 
 17	 27	 2040	 31	 0	 -2009	 
 17	 27	 2040	 29	 0	 -2011	 
 17	 27	 2040	 31	 0	 -2009	 
 17	 27	 2040	 29	 0	 -2011	 
 17	 27	 2040	 33	 0	 -2007	 
 17	 27	 2040	 29	 0	 -2011	 
 17	 27	 2040	 32	 0	 -2008	 
 17	 27	 2040	 31	 0	 -2009	 
 17	 27	 2040	 30	 0	 -2010	 
 17	 27	 2040	 31	 0	 -2009	 
 17	 27	 2040	 32	 0	 -2008	 
 17	 27	 2040	 30	 0	 -2010	 
 17	 27	 2040	 31	 0	 -2009	 
 17	 27	 2040	 28	 0	 -2012	 
 17	 27	 2040	 33	 0	 -2007	 
 17	 27	 2040	 32	 0	 -2008	 
 17	 27	 2040	 32	 0	 -2008	 
 17	 27	 2040	 28	 0	 -2012	 
 17	 27	 2040	 33	 0	 -2007	 
 17	 27	 2040	 29	 0	 -2011	 
 17	 27	 2040	 28	 0	 -2012	 
 17	 27	 2040	 30	 0	 -2010	 
 17	 27	 2040	 30	 0	 -2010	 
 17	 27	 2040	 28	 0	 -2012	 
 17	 27	 2040	 33	 0	 -2007	 
 17	 27	 2040	 31	 0	 -2009	 
 17	 27	 2040	 32	 0	 -2008	 
 17	 27	 2040	 31	 0	 -2009	 
 17	 27	 2040	 28	 0	 -2012	 
 17	 27	 2040	 33	 0	 -2007	 
 17	 27	 2040	 31	 0	 -2009	 
 17	 27	 2040	 28	 0	 -2012	 
 17	 27	 2040	 29	 0	 -2011	 
 17	 27	 2040	 30	 0	 -2010	 
 17	 27	 2040	 31	 0	 -2009	 
 17	 27	 2040	 33	 0	 -2007	 
 17	 27	 2040	 31	 0	 -2009	 
 17	 27	 2040	 32	 0	 -2008	 
 17	 27	 2040	 29	 0	 -2011	 
 17	 27	 2040	 28	 0	 -2012	 
 17	 27	 2040	 31	 0	 -2009	 
 17	 27	 2040	 30	 0	 -2010	 
 17	 27	 2040	 32	 0	 -2008	 
 17	 27	 2040	 33	 0	 -2007	 
 17	 27	 2040	 29	 0	 -2011	 
 17	 27	 2040	 32	 0	 -2008	 
 17	 27	 2040	 28	 0	 -2012	 
 17	 27	 2040	 32	 0	 -2008	 
 17	 27	 2040	 28	 0	 -2012	 
 17	 27	 2040	 28	 0	 -2012	 
 17	 27	 2040	 30	 0	 -2010	 
 0	 0	 0	 0	 0	 0	 
 0	 0	 0	 0	 0	 0	 
 40	 57	 2040	 59	 1	 -1981	 
 40	 57	 2040	 64	 1	 -1976	 
 40	 57	 2040	 65	 1	 -1975	 
 40	 57	 2040	 65	 1	 -1975	 
 40	 57	 2040	 60	 1	 -1980	 
 40	 57	 2040	 64	 1	 -1976	 
 40	 57	 2040	 62	 1	 -1978	 
 40	 57	 2040	 66	 1	 -1974	 
 40	 57	 2040	 64	 1	 -1976	 
 40	 57	 2040	 66	 1	 -1974	 
 40	 57	 2040	 61	 1	 -1979	 
 40	 57	 2040	 58	 1	 -1982	 
 40	 57	 2040	 66	 1	 -1974	 
 40	 57	 2040	 65	 1	 -1975	 
 40	 57	 2040	 59	 1	 -1981	 
 40	 57	 2040	 62	 1	 -1978	 
 40	 57	 2040	 59	 1	 -1981	 
 40	 57	 2040	 61	 1	 -1979	 
 40	 57	 2040	 60	 1	 -1980	 
 40	 57	 2040	 66	 1	 -1974	 
 40	 57	 2040	 66	 1	 -1974	 
 40	 57	 2040	 66	 1	 -1974	 
 40	 57	 2040	 61	 1	 -1979	 
 40	 57	 2040	 60	 1	 -1980	 
 40	 57	 2040	 62	 1	 -1978	 
 40	 57	 2040	 59	 1	 -1981	 
 40	 57	 2040	 62	 1	 -1978	 
 40	 57	 2040	 64	 1	 -1976	 
 40	 57	 2040	 61	 1	 -1979	 
 40	 57	 2040	 62	 1	 -1978	 
 40	 57	 2040	 62	 1	 -1978	 
 40	 57	 2040	 66	 1	 -1974	 
 40	 57	 2040	 64	 1	 -1976	 
 40	 57	 2040	 63	 1	 -1977	 
 40	 57	 2040	 60	 1	 -1980	 
 40	 57	 2040	 58	 1	 -1982	 
 40	 57	 2040	 64	 1	 -1976	 
 40	 57	 2040	 63	 1	 -1977	 
 40	 57	 2040	 62	 1	 -1978	 
 40	 57	 2040	 64	 1	 -1976	 
 40	 57	 2040	 60	 1	 -1980	 
 40	 57	 2040	 62	 1	 -1978	 
 40	 57	 2040	 58	 1	 -1982	 
 40	 57	 2040	 66	 1	 -1974	 
 40	 57	 2040	 64	 1	 -1976	 
 40	 57	 2040	 65	 1	 -1975	 
 40	 57	 2040	 61	 1	 -1979	 
 40	 57	 2040	 66	 1	 -1974	 
 40	 57	 2040	 60	 1	 -1980	 
 40	 57	 2040	 64	 1	 -1976	 
 40	 57	 2040	 63	 1	 -1977	 
 40	 57	 2040	 58	 1	 -1982	 
 40	 57	 2040	 59	 1	 -1981	 
 40	 57	 2040	 62	 1	 -1978	 
 40	 57	 2040	 66	 1	 -1974	 
 40	 57	 2040	 62	 1	 -1978	 
 40	 57	 2040	 60	 1	 -1980	 
 40	 57	 2040	 61	 1	 -1979	 
 40	 57	 2040	 63	 1	 -1977	 
 40	 57	 2040	 66	 1	 -1974	 
 40	 57	 2040	 61	 1	 -1979	 
 40	 57	 2040	 59	 1	 -1981	 
 40	 57	 2040	 61	 1	 -1979	 
 40	 57	 2040	 60	 1	 -1980	 
 40	 57	 2040	 65	 1	 -1975	 
 40	 57	 2040	 66	 1	 -1974	 
 40	 57	 2040	 63	 1	 -1977	 
 40	 57	 2040	 61	 1	 -1979	 
 40	 57	 2040	 59	 1	 -1981	 
 40	 57	 2040	 61	 1	 -1979	 
 40	 57	 2040	 66	 1	 -1974	 
 40	 57	 2040	 59	 1	 -1981	 
 40	 57	 2040	 66	 1	 -1974	 
 40	 57	 2040	 63	 1	 -1977	 
 40	 57	 2040	 58	 1	 -1982	 
 40	 57	 2040	 64	 1	 -1976	 
 40	 57	 2040	 64	 1	 -1976	 
 40	 57	 2040	 64	 1	 -1976	 
 40	 57	 2040	 65	 1	 -1975	 
 40	 57	 2040	 60	 1	 -1980	 
 40	 57	 2040	 66	 1	 -1974	 
 40	 57	 2040	 64	 1	 -1976	 
 40	 57	 2040	 64	 1	 -1976	 
 40	 57	 2040	 65	 1	 -1975	 
 40	 57	 2040	 64	 1	 -1976	 
 40	 57	 2040	 65	 1	 -1975	 
 40	 57	 2040	 63	 1	 -1977	 
 40	 57	 2040	 63	 1	 -1977	 
 40	 57	 2040	 59	 1	 -1981	 
 40	 57	 2040	 61	 1	 -1979	 
 40	 57	 2040	 65	 1	 -1975	 
 40	 57	 2040	 65	 1	 -1975	 
 40	 57	 2040	 65	 1	 -1975	 
 40	 57	 2040	 66	 1	 -1974	 
 40	 57	 2040	 64	 1	 -1976	 
 40	 57	 2040	 64	 1	 -1976	 
 40	 57	 2040	 61	 1	 -1979	 
 40	 57	 2040	 60	 1	 -1980	 
 40	 57	 2040	 60	 1	 -1980	 
 0	 0	 0	 0	 0	 0	 
 0	 0	 0	 0	 0	 0	 
 27	 54	 2040	 61	 1	 -1979	 
 27	 54	 2040	 57	 1	 -1983	 
 27	 54	 2040	 60	 1	 -1980	 
 27	 54	 2040	 56	 1	 -1984	 
 27	 54	 2040	 67	 1	 -1973	 
 27	 54	 2040	 59	 1	 -1981	 
 27	 54	 2040	 59	 1	 -1981	 
 27	 54	 2040	 61	 1	 -1979	 
 27	 54	 2040	 66	 1	 -1974	 
 27	 54	 2040	 55	 1	 -1985	 
 27	 54	 2040	 59	 1	 -1981	 
 27	 54	 2040	 68	 1	 -1972	 
 27	 54	 2040	 61	 1	 -1979	 
 27	 54	 2040	 61	 1	 -1979	 
 27	 54	 2040	 65	 1	 -1975	 
 27	 54	 2040	 68	 1	 -1972	 
 27	 54	 2040	 67	 1	 -1973	 
 27	 54	 2040	 63	 1	 -1977	 
 27	 54	 2040	 61	 1	 -1979	 
 27	 54	 2040	 65	 1	 -1975	 
 27	 54	 2040	 60	 1	 -1980	 
 27	 54	 2040	 59	 1	 -1981	 
 27	 54	 2040	 59	 1	 -1981	 
 27	 54	 2040	 65	 1	 -1975	 
 27	 54	 2040	 57	 1	 -1983	 
 27	 54	 2040	 58	 1	 -1982	 
 27	 54	 2040	 61	 1	 -1979	 
 27	 54	 2040	 67	 1	 -1973	 
 27	 54	 2040	 55	 1	 -1985	 
 27	 54	 2040	 67	 1	 -1973	 
 27	 54	 2040	 59	 1	 -1981	 
 27	 54	 2040	 65	 1	 -1975	 
 27	 54	 2040	 61	 1	 -1979	 
 27	 54	 2040	 57	 1	 -1983	 
 27	 54	 2040	 56	 1	 -1984	 
 27	 54	 2040	 61	 1	 -1979	 
 27	 54	 2040	 58	 1	 -1982	 
 27	 54	 2040	 65	 1	 -1975	 
 27	 54	 2040	 64	 1	 -1976	 
 27	 54	 2040	 55	 1	 -1985	 
 27	 54	 2040	 60	 1	 -1980	 
 27	 54	 2040	 62	 1	 -1978	 
 27	 54	 2040	 61	 1	 -1979	 
 27	 54	 2040	 56	 1	 -1984	 
 27	 54	 2040	 67	 1	 -1973	 
 27	 54	 2040	 66	 1	 -1974	 
 27	 54	 2040	 63	 1	 -1977	 
 27	 54	 2040	 63	 1	 -1977	 
 27	 54	 2040	 64	 1	 -1976	 
 27	 54	 2040	 63	 1	 -1977	 
 27	 54	 2040	 59	 1	 -1981	 
 27	 54	 2040	 68	 1	 -1972	 
 27	 54	 2040	 64	 1	 -1976	 
 27	 54	 2040	 67	 1	 -1973	 
 27	 54	 2040	 60	 1	 -1980	 
 27	 54	 2040	 58	 1	 -1982	 
 27	 54	 2040	 66	 1	 -1974	 
 27	 54	 2040	 63	 1	 -1977	 
 27	 54	 2040	 65	 1	 -1975	 
 27	 54	 2040	 65	 1	 -1975	 
 27	 54	 2040	 60	 1	 -1980	 
 27	 54	 2040	 55	 1	 -1985	 
 27	 54	 2040	 61	 1	 -1979	 
 27	 54	 2040	 56	 1	 -1984	 
 27	 54	 2040	 68	 1	 -1972	 
 27	 54	 2040	 62	 1	 -1978	 
 27	 54	 2040	 59	 1	 -1981	 
 27	 54	 2040	 55	 1	 -1985	 
 27	 54	 2040	 67	 1	 -1973	 
 27	 54	 2040	 66	 1	 -1974	 
 27	 54	 2040	 64	 1	 -1976	 
 27	 54	 2040	 58	 1	 -1982	 
 27	 54	 2040	 67	 1	 -1973	 
 27	 54	 2040	 55	 1	 -1985	 
 27	 54	 2040	 65	 1	 -1975	 
 27	 54	 2040	 66	 1	 -1974	 
 27	 54	 2040	 68	 1	 -1972	 
 27	 54	 2040	 65	 1	 -1975	 
 27	 54	 2040	 59	 1	 -1981	 
 27	 54	 2040	 65	 1	 -1975	 
 27	 54	 2040	 55	 1	 -1985	 
 27	 54	 2040	 60	 1	 -1980	 
 27	 54	 2040	 58	 1	 -1982	 
 27	 54	 2040	 63	 1	 -1977	 
 27	 54	 2040	 57	 1	 -1983	 
 27	 54	 2040	 65	 1	 -1975	 
 27	 54	 2040	 55	 1	 -1985	 
 27	 54	 2040	 66	 1	 -1974	 
 27	 54	 2040	 64	 1	 -1976	 
 27	 54	 2040	 65	 1	 -1975	 
 27	 54	 2040	 61	 1	 -1979	 
 27	 54	 2040	 64	 1	 -1976	 
 27	 54	 2040	 68	 1	 -1972	 
 27	 54	 2040	 59	 1	 -1981	 
 27	 54	 2040	 65	 1	 -1975	 
 27	 54	 2040	 60	 1	 -1980	 
 27	 54	 2040	 68	 1	 -1972	 
 27	 54	 2040	 55	 1	 -1985	 
 27	 54	 2040	 65	 1	 -1975	 
 0	 0	 0	 0	 0	 0	 
 0	 0	 0	 0	 0	 0	 
 40	 57	 2040	 64	 1	 -1976	 
 40	 57	 2040	 63	 1	 -1977	 
 40	 57	 2040	 62	 1	 -1978	 
 40	 57	 2040	 63	 1	 -1977	 
 40	 57	 2040	 65	 1	 -1975	 
 40	 57	 2040	 66	 1	 -1974	 
 40	 57	 2040	 61	 1	 -1979	 
 40	 57	 2040	 63	 1	 -1977	 
 40	 57	 2040	 59	 1	 -1981	 
 40	 57	 2040	 66	 1	 -1974	 
 40	 57	 2040	 62	 1	 -1978	 
 40	 57	 2040	 59	 1	 -1981	 
 40	 57	 2040	 63	 1	 -1977	 
 40	 57	 2040	 58	 1	 -1982	 
 40	 57	 2040	 59	 1	 -1981	 
 40	 57	 2040	 59	 1	 -1981	 
 40	 57	 2040	 65	 1	 -1975	 
 40	 57	 2040	 62	 1	 -1978	 
 40	 57	 2040	 63	 1	 -1977	 
 40	 57	 2040	 62	 1	 -1978	 
 40	 57	 2040	 66	 1	 -1974	 
 40	 57	 2040	 60	 1	 -1980	 
 40	 57	 2040	 63	 1	 -1977	 
 40	 57	 2040	 62	 1	 -1978	 
 40	 57	 2040	 61	 1	 -1979	 
 40	 57	 2040	 60	 1	 -1980	 
 40	 57	 2040	 65	 1	 -1975	 
 40	 57	 2040	 63	 1	 -1977	 
 40	 57	 2040	 61	 1	 -1979	 
 40	 57	 2040	 63	 1	 -1977	 
 40	 57	 2040	 62	 1	 -1978	 
 40	 57	 2040	 64	 1	 -1976	 
 40	 57	 2040	 63	 1	 -1977	 
 40	 57	 2040	 65	 1	 -1975	 
 40	 57	 2040	 58	 1	 -1982	 
 40	 57	 2040	 62	 1	 -1978	 
 40	 57	 2040	 65	 1	 -1975	 
 40	 57	 2040	 62	 1	 -1978	 
 40	 57	 2040	 61	 1	 -1979	 
 40	 57	 2040	 66	 1	 -1974	 
 40	 57	 2040	 59	 1	 -1981	 
 40	 57	 2040	 61	 1	 -1979	 
 40	 57	 2040	 59	 1	 -1981	 
 40	 57	 2040	 61	 1	 -1979	 
 40	 57	 2040	 63	 1	 -1977	 
 40	 57	 2040	 61	 1	 -1979	 
 40	 57	 2040	 60	 1	 -1980	 
 40	 57	 2040	 63	 1	 -1977	 
 40	 57	 2040	 65	 1	 -1975	 
 40	 57	 2040	 66	 1	 -1974	 
 40	 57	 2040	 60	 1	 -1980	 
 40	 57	 2040	 62	 1	 -1978	 
 40	 57	 2040	 66	 1	 -1974	 
 40	 57	 2040	 60	 1	 -1980	 
 40	 57	 2040	 64	 1	 -1976	 
 40	 57	 2040	 58	 1	 -1982	 
 40	 57	 2040	 63	 1	 -1977	 
 40	 57	 2040	 60	 1	 -1980	 
 40	 57	 2040	 66	 1	 -1974	 
 40	 57	 2040	 60	 1	 -1980	 
 40	 57	 2040	 66	 1	 -1974	 
 40	 57	 2040	 60	 1	 -1980	 
 40	 57	 2040	 62	 1	 -1978	 
 40	 57	 2040	 58	 1	 -1982	 
 40	 57	 2040	 64	 1	 -1976	 
 40	 57	 2040	 63	 1	 -1977	 
 40	 57	 2040	 62	 1	 -1978	 
 40	 57	 2040	 60	 1	 -1980	 
 40	 57	 2040	 63	 1	 -1977	 
 40	 57	 2040	 58	 1	 -1982	 
 40	 57	 2040	 60	 1	 -1980	 
 40	 57	 2040	 66	 1	 -1974	 
 40	 57	 2040	 64	 1	 -1976	 
 40	 57	 2040	 66	 1	 -1974	 
 40	 57	 2040	 58	 1	 -1982	 
 40	 57	 2040	 59	 1	 -1981	 
 40	 57	 2040	 63	 1	 -1977	 
 40	 57	 2040	 63	 1	 -1977	 
 40	 57	 2040	 60	 1	 -1980	 
 40	 57	 2040	 59	 1	 -1981	 
 40	 57	 2040	 58	 1	 -1982	 
 40	 57	 2040	 61	 1	 -1979	 
 40	 57	 2040	 61	 1	 -1979	 
 40	 57	 2040	 59	 1	 -1981	 
 40	 57	 2040	 58	 1	 -1982	 
 40	 57	 2040	 66	 1	 -1974	 
 40	 57	 2040	 59	 1	 -1981	 
 40	 57	 2040	 63	 1	 -1977	 
 40	 57	 2040	 61	 1	 -1979	 
 40	 57	 2040	 60	 1	 -1980	 
 40	 57	 2040	 66	 1	 -1974	 
 40	 57	 2040	 66	 1	 -1974	 
 40	 57	 2040	 62	 1	 -1978	 
 40	 57	 2040	 64	 1	 -1976	 
 40	 57	 2040	 63	 1	 -1977	 
 40	 57	 2040	 63	 1	 -1977	 
 40	 57	 2040	 61	 1	 -1979	 
 40	 57	 2040	 60	 1	 -1980	 
 40	 57	 2040	 60	 1	 -1980	 
 0	 0	 0	 0	 0	 0	 
 0	 0	 0	 0	 0	 0	 
 51	 60	 2040	 61	 1	 -1979	 
 51	 60	 2040	 62	 1	 -1978	 
 51	 60	 2040	 65	 1	 -1975	 
 51	 60	 2040	 64	 1	 -1976	 
 51	 60	 2040	 64	 1	 -1976	 
 51	 60	 2040	 63	 1	 -1977	 
 51	 60	 2040	 63	 1	 -1977	 
 51	 60	 2040	 64	 1	 -1976	 
 51	 60	 2040	 64	 1	 -1976	 
 51	 60	 2040	 61	 1	 -1979	 
 51	 60	 2040	 61	 1	 -1979	 
 51	 60	 2040	 62	 1	 -1978	 
 51	 60	 2040	 65	 1	 -1975	 
 51	 60	 2040	 65	 1	 -1975	 
 51	 60	 2040	 62	 1	 -1978	 
 51	 60	 2040	 61	 1	 -1979	 
 51	 60	 2040	 65	 1	 -1975	 
 51	 60	 2040	 63	 1	 -1977	 
 51	 60	 2040	 62	 1	 -1978	 
 51	 60	 2040	 63	 1	 -1977	 
 51	 60	 2040	 63	 1	 -1977	 
 51	 60	 2040	 63	 1	 -1977	 
 51	 60	 2040	 62	 1	 -1978	 
 51	 60	 2040	 62	 1	 -1978	 
 51	 60	 2040	 63	 1	 -1977	 
 51	 60	 2040	 65	 1	 -1975	 
 51	 60	 2040	 64	 1	 -1976	 
 51	 60	 2040	 64	 1	 -1976	 
 51	 60	 2040	 63	 1	 -1977	 
 51	 60	 2040	 64	 1	 -1976	 
 51	 60	 2040	 65	 1	 -1975	 
 51	 60	 2040	 63	 1	 -1977	 
 51	 60	 2040	 65	 1	 -1975	 
 51	 60	 2040	 63	 1	 -1977	 
 51	 60	 2040	 61	 1	 -1979	 
 51	 60	 2040	 62	 1	 -1978	 
 51	 60	 2040	 61	 1	 -1979	 
 51	 60	 2040	 65	 1	 -1975	 
 51	 60	 2040	 63	 1	 -1977	 
 51	 60	 2040	 65	 1	 -1975	 
 51	 60	 2040	 63	 1	 -1977	 
 51	 60	 2040	 63	 1	 -1977	 
 51	 60	 2040	 65	 1	 -1975	 
 51	 60	 2040	 65	 1	 -1975	 
 51	 60	 2040	 65	 1	 -1975	 
 51	 60	 2040	 64	 1	 -1976	 
 51	 60	 2040	 62	 1	 -1978	 
 51	 60	 2040	 63	 1	 -1977	 
 51	 60	 2040	 61	 1	 -1979	 
 51	 60	 2040	 65	 1	 -1975	 
 51	 60	 2040	 62	 1	 -1978	 
 51	 60	 2040	 63	 1	 -1977	 
 51	 60	 2040	 65	 1	 -1975	 
 51	 60	 2040	 62	 1	 -1978	 
 51	 60	 2040	 62	 1	 -1978	 
 51	 60	 2040	 64	 1	 -1976	 
 51	 60	 2040	 62	 1	 -1978	 
 51	 60	 2040	 65	 1	 -1975	 
 51	 60	 2040	 62	 1	 -1978	 
 51	 60	 2040	 64	 1	 -1976	 
 51	 60	 2040	 62	 1	 -1978	 
 51	 60	 2040	 65	 1	 -1975	 
 51	 60	 2040	 63	 1	 -1977	 
 51	 60	 2040	 62	 1	 -1978	 
 51	 60	 2040	 64	 1	 -1976	 
 51	 60	 2040	 62	 1	 -1978	 
 51	 60	 2040	 65	 1	 -1975	 
 51	 60	 2040	 61	 1	 -1979	 
 51	 60	 2040	 63	 1	 -1977	 
 51	 60	 2040	 62	 1	 -1978	 
 51	 60	 2040	 61	 1	 -1979	 
 51	 60	 2040	 63	 1	 -1977	 
 51	 60	 2040	 61	 1	 -1979	 
 51	 60	 2040	 61	 1	 -1979	 
 51	 60	 2040	 64	 1	 -1976	 
 51	 60	 2040	 62	 1	 -1978	 
 51	 60	 2040	 64	 1	 -1976	 
 51	 60	 2040	 63	 1	 -1977	 
 51	 60	 2040	 62	 1	 -1978	 
 51	 60	 2040	 63	 1	 -1977	 
 51	 60	 2040	 62	 1	 -1978	 
 51	 60	 2040	 62	 1	 -1978	 
 51	 60	 2040	 61	 1	 -1979	 
 51	 60	 2040	 64	 1	 -1976	 
 51	 60	 2040	 62	 1	 -1978	 
 51	 60	 2040	 64	 1	 -1976	 
 51	 60	 2040	 65	 1	 -1975	 
 51	 60	 2040	 65	 1	 -1975	 
 51	 60	 2040	 64	 1	 -1976	 
 51	 60	 2040	 62	 1	 -1978	 
 51	 60	 2040	 62	 1	 -1978	 
 51	 60	 2040	 64	 1	 -1976	 
 51	 60	 2040	 63	 1	 -1977	 
 51	 60	 2040	 63	 1	 -1977	 
 51	 60	 2040	 65	 1	 -1975	 
 51	 60	 2040	 63	 1	 -1977	 
 51	 60	 2040	 65	 1	 -1975	 
 51	 60	 2040	 65	 1	 -1975	 
 51	 60	 2040	 65	 1	 -1975	 
 0	 0	 0	 0	 0	 0	 
 0	 0	 0	 0	 0	 0	 
 40	 57	 2040	 65	 1	 -1975	 
 40	 57	 2040	 63	 1	 -1977	 
 40	 57	 2040	 64	 1	 -1976	 
 40	 57	 2040	 59	 1	 -1981	 
 40	 57	 2040	 58	 1	 -1982	 
 40	 57	 2040	 58	 1	 -1982	 
 40	 57	 2040	 63	 1	 -1977	 
 40	 57	 2040	 58	 1	 -1982	 
 40	 57	 2040	 64	 1	 -1976	 
 40	 57	 2040	 66	 1	 -1974	 
 40	 57	 2040	 64	 1	 -1976	 
 40	 57	 2040	 60	 1	 -1980	 
 40	 57	 2040	 64	 1	 -1976	 
 40	 57	 2040	 58	 1	 -1982	 
 40	 57	 2040	 59	 1	 -1981	 
 40	 57	 2040	 60	 1	 -1980	 
 40	 57	 2040	 62	 1	 -1978	 
 40	 57	 2040	 65	 1	 -1975	 
 40	 57	 2040	 65	 1	 -1975	 
 40	 57	 2040	 60	 1	 -1980	 
 40	 57	 2040	 59	 1	 -1981	 
 40	 57	 2040	 60	 1	 -1980	 
 40	 57	 2040	 64	 1	 -1976	 
 40	 57	 2040	 58	 1	 -1982	 
 40	 57	 2040	 59	 1	 -1981	 
 40	 57	 2040	 62	 1	 -1978	 
 40	 57	 2040	 64	 1	 -1976	 
 40	 57	 2040	 63	 1	 -1977	 
 40	 57	 2040	 60	 1	 -1980	 
 40	 57	 2040	 61	 1	 -1979	 
 40	 57	 2040	 65	 1	 -1975	 
 40	 57	 2040	 65	 1	 -1975	 
 40	 57	 2040	 60	 1	 -1980	 
 40	 57	 2040	 60	 1	 -1980	 
 40	 57	 2040	 60	 1	 -1980	 
 40	 57	 2040	 60	 1	 -1980	 
 40	 57	 2040	 62	 1	 -1978	 
 40	 57	 2040	 58	 1	 -1982	 
 40	 57	 2040	 61	 1	 -1979	 
 40	 57	 2040	 58	 1	 -1982	 
 40	 57	 2040	 58	 1	 -1982	 
 40	 57	 2040	 61	 1	 -1979	 
 40	 57	 2040	 65	 1	 -1975	 
 40	 57	 2040	 58	 1	 -1982	 
 40	 57	 2040	 64	 1	 -1976	 
 40	 57	 2040	 60	 1	 -1980	 
 40	 57	 2040	 61	 1	 -1979	 
 40	 57	 2040	 60	 1	 -1980	 
 40	 57	 2040	 63	 1	 -1977	 
 40	 57	 2040	 62	 1	 -1978	 
 40	 57	 2040	 64	 1	 -1976	 
 40	 57	 2040	 63	 1	 -1977	 
 40	 57	 2040	 66	 1	 -1974	 
 40	 57	 2040	 59	 1	 -1981	 
 40	 57	 2040	 65	 1	 -1975	 
 40	 57	 2040	 64	 1	 -1976	 
 40	 57	 2040	 66	 1	 -1974	 
 40	 57	 2040	 63	 1	 -1977	 
 40	 57	 2040	 63	 1	 -1977	 
 40	 57	 2040	 65	 1	 -1975	 
 40	 57	 2040	 58	 1	 -1982	 
 40	 57	 2040	 66	 1	 -1974	 
 40	 57	 2040	 60	 1	 -1980	 
 40	 57	 2040	 62	 1	 -1978	 
 40	 57	 2040	 62	 1	 -1978	 
 40	 57	 2040	 62	 1	 -1978	 
 40	 57	 2040	 62	 1	 -1978	 
 40	 57	 2040	 66	 1	 -1974	 
 40	 57	 2040	 62	 1	 -1978	 
 40	 57	 2040	 64	 1	 -1976	 
 40	 57	 2040	 64	 1	 -1976	 
 40	 57	 2040	 60	 1	 -1980	 
 40	 57	 2040	 59	 1	 -1981	 
 40	 57	 2040	 63	 1	 -1977	 
 40	 57	 2040	 60	 1	 -1980	 
 40	 57	 2040	 61	 1	 -1979	 
 40	 57	 2040	 60	 1	 -1980	 
 40	 57	 2040	 61	 1	 -1979	 
 40	 57	 2040	 61	 1	 -1979	 
 40	 57	 2040	 60	 1	 -1980	 
 40	 57	 2040	 59	 1	 -1981	 
 40	 57	 2040	 63	 1	 -1977	 
 40	 57	 2040	 65	 1	 -1975	 
 40	 57	 2040	 63	 1	 -1977	 
 40	 57	 2040	 65	 1	 -1975	 
 40	 57	 2040	 59	 1	 -1981	 
 40	 57	 2040	 65	 1	 -1975	 
 40	 57	 2040	 59	 1	 -1981	 
 40	 57	 2040	 58	 1	 -1982	 
 40	 57	 2040	 63	 1	 -1977	 
 40	 57	 2040	 63	 1	 -1977	 
 40	 57	 2040	 58	 1	 -1982	 
 40	 57	 2040	 60	 1	 -1980	 
 40	 57	 2040	 62	 1	 -1978	 
 40	 57	 2040	 66	 1	 -1974	 
 40	 57	 2040	 63	 1	 -1977	 
 40	 57	 2040	 59	 1	 -1981	 
 40	 57	 2040	 65	 1	 -1975	 
 40	 57	 2040	 64	 1	 -1976	 
 0	 0	 0	 0	 0	 0	 
 0	 0	 0	 0	 0	 0	 
 17	 27	 2040	 29	 0	 -2011	 
 17	 27	 2040	 31	 0	 -2009	 
 17	 27	 2040	 30	 0	 -2010	 
 17	 27	 2040	 28	 0	 -2012	 
 17	 27	 2040	 29	 0	 -2011	 
 17	 27	 2040	 31	 0	 -2009	 
 17	 27	 2040	 31	 0	 -2009	 
 17	 27	 2040	 31	 0	 -2009	 
 17	 27	 2040	 33	 0	 -2007	 
 17	 27	 2040	 32	 0	 -2008	 
 17	 27	 2040	 30	 0	 -2010	 
 17	 27	 2040	 28	 0	 -2012	 
 17	 27	 2040	 32	 0	 -2008	 
 17	 27	 2040	 28	 0	 -2012	 
 17	 27	 2040	 32	 0	 -2008	 
 17	 27	 2040	 28	 0	 -2012	 
 17	 27	 2040	 31	 0	 -2009	 
 17	 27	 2040	 30	 0	 -2010	 
 17	 27	 2040	 31	 0	 -2009	 
 17	 27	 2040	 28	 0	 -2012	 
 17	 27	 2040	 32	 0	 -2008	 
 17	 27	 2040	 28	 0	 -2012	 
 17	 27	 2040	 28	 0	 -2012	 
 17	 27	 2040	 29	 0	 -2011	 
 17	 27	 2040	 33	 0	 -2007	 
 17	 27	 2040	 32	 0	 -2008	 
 17	 27	 2040	 29	 0	 -2011	 
 17	 27	 2040	 30	 0	 -2010	 
 17	 27	 2040	 31	 0	 -2009	 
 17	 27	 2040	 30	 0	 -2010	 
 17	 27	 2040	 32	 0	 -2008	 
 17	 27	 2040	 30	 0	 -2010	 
 17	 27	 2040	 29	 0	 -2011	 
 17	 27	 2040	 31	 0	 -2009	 
 17	 27	 2040	 31	 0	 -2009	 
 17	 27	 2040	 31	 0	 -2009	 
 17	 27	 2040	 28	 0	 -2012	 
 17	 27	 2040	 32	 0	 -2008	 
 17	 27	 2040	 30	 0	 -2010	 
 17	 27	 2040	 30	 0	 -2010	 
 17	 27	 2040	 32	 0	 -2008	 
 17	 27	 2040	 33	 0	 -2007	 
 17	 27	 2040	 30	 0	 -2010	 
 17	 27	 2040	 31	 0	 -2009	 
 17	 27	 2040	 28	 0	 -2012	 
 17	 27	 2040	 30	 0	 -2010	 
 17	 27	 2040	 31	 0	 -2009	 
 17	 27	 2040	 33	 0	 -2007	 
 17	 27	 2040	 28	 0	 -2012	 
 17	 27	 2040	 29	 0	 -2011	 
 17	 27	 2040	 30	 0	 -2010	 
 17	 27	 2040	 29	 0	 -2011	 
 17	 27	 2040	 33	 0	 -2007	 
 17	 27	 2040	 29	 0	 -2011	 
 17	 27	 2040	 29	 0	 -2011	 
 17	 27	 2040	 31	 0	 -2009	 
 17	 27	 2040	 28	 0	 -2012	 
 17	 27	 2040	 31	 0	 -2009	 
 17	 27	 2040	 32	 0	 -2008	 
 17	 27	 2040	 33	 0	 -2007	 
 17	 27	 2040	 33	 0	 -2007	 
 17	 27	 2040	 28	 0	 -2012	 
 17	 27	 2040	 31	 0	 -2009	 
 17	 27	 2040	 29	 0	 -2011	 
 17	 27	 2040	 30	 0	 -2010	 
 17	 27	 2040	 28	 0	 -2012	 
 17	 27	 2040	 29	 0	 -2011	 
 17	 27	 2040	 30	 0	 -2010	 
 17	 27	 2040	 30	 0	 -2010	 
 17	 27	 2040	 30	 0	 -2010	 
 17	 27	 2040	 30	 0	 -2010	 
 17	 27	 2040	 33	 0	 -2007	 
 17	 27	 2040	 28	 0	 -2012	 
 17	 27	 2040	 31	 0	 -2009	 
 17	 27	 2040	 32	 0	 -2008	 
 17	 27	 2040	 29	 0	 -2011	 
 17	 27	 2040	 32	 0	 -2008	 
 17	 27	 2040	 30	 0	 -2010	 
 17	 27	 2040	 30	 0	 -2010	 
 17	 27	 2040	 31	 0	 -2009	 
 17	 27	 2040	 29	 0	 -2011	 
 17	 27	 2040	 31	 0	 -2009	 
 17	 27	 2040	 32	 0	 -2008	 
 17	 27	 2040	 28	 0	 -2012	 
 17	 27	 2040	 30	 0	 -2010	 
 17	 27	 2040	 31	 0	 -2009	 
 17	 27	 2040	 30	 0	 -2010	 
 17	 27	 2040	 29	 0	 -2011	 
 17	 27	 2040	 29	 0	 -2011	 
 17	 27	 2040	 29	 0	 -2011	 
 17	 27	 2040	 32	 0	 -2008	 
 17	 27	 2040	 33	 0	 -2007	 
 17	 27	 2040	 33	 0	 -2007	 
 17	 27	 2040	 32	 0	 -2008	 
 17	 27	 2040	 29	 0	 -2011	 
 17	 27	 2040	 30	 0	 -2010	 
 17	 27	 2040	 31	 0	 -2009	 
 17	 27	 2040	 28	 0	 -2012	 
 17	 27	 2040	 31	 0	 -2009	 
 0	 0	 0	 0	 0	 0	 
 0	 0	 0	 0	 0	 0	 
 40	 57	 2040	 59	 1	 -1981	 
 40	 57	 2040	 60	 1	 -1980	 
 40	 57	 2040	 65	 1	 -1975	 
 40	 57	 2040	 63	 1	 -1977	 
 40	 57	 2040	 61	 1	 -1979	 
 40	 57	 2040	 59	 1	 -1981	 
 40	 57	 2040	 59	 1	 -1981	 
 40	 57	 2040	 61	 1	 -1979	 
 40	 57	 2040	 58	 1	 -1982	 
 40	 57	 2040	 65	 1	 -1975	 
 40	 57	 2040	 58	 1	 -1982	 
 40	 57	 2040	 59	 1	 -1981	 
 40	 57	 2040	 61	 1	 -1979	 
 40	 57	 2040	 62	 1	 -1978	 
 40	 57	 2040	 59	 1	 -1981	 
 40	 57	 2040	 59	 1	 -1981	 
 40	 57	 2040	 65	 1	 -1975	 
 40	 57	 2040	 59	 1	 -1981	 
 40	 57	 2040	 60	 1	 -1980	 
 40	 57	 2040	 62	 1	 -1978	 
 40	 57	 2040	 63	 1	 -1977	 
 40	 57	 2040	 66	 1	 -1974	 
 40	 57	 2040	 66	 1	 -1974	 
 40	 57	 2040	 65	 1	 -1975	 
 40	 57	 2040	 58	 1	 -1982	 
 40	 57	 2040	 58	 1	 -1982	 
 40	 57	 2040	 66	 1	 -1974	 
 40	 57	 2040	 64	 1	 -1976	 
 40	 57	 2040	 65	 1	 -1975	 
 40	 57	 2040	 59	 1	 -1981	 
 40	 57	 2040	 63	 1	 -1977	 
 40	 57	 2040	 59	 1	 -1981	 
 40	 57	 2040	 59	 1	 -1981	 
 40	 57	 2040	 65	 1	 -1975	 
 40	 57	 2040	 65	 1	 -1975	 
 40	 57	 2040	 58	 1	 -1982	 
 40	 57	 2040	 63	 1	 -1977	 
 40	 57	 2040	 61	 1	 -1979	 
 40	 57	 2040	 66	 1	 -1974	 
 40	 57	 2040	 65	 1	 -1975	 
 40	 57	 2040	 63	 1	 -1977	 
 40	 57	 2040	 63	 1	 -1977	 
 40	 57	 2040	 61	 1	 -1979	 
 40	 57	 2040	 65	 1	 -1975	 
 40	 57	 2040	 62	 1	 -1978	 
 40	 57	 2040	 66	 1	 -1974	 
 40	 57	 2040	 64	 1	 -1976	 
 40	 57	 2040	 63	 1	 -1977	 
 40	 57	 2040	 58	 1	 -1982	 
 40	 57	 2040	 64	 1	 -1976	 
 40	 57	 2040	 64	 1	 -1976	 
 40	 57	 2040	 65	 1	 -1975	 
 40	 57	 2040	 65	 1	 -1975	 
 40	 57	 2040	 65	 1	 -1975	 
 40	 57	 2040	 65	 1	 -1975	 
 40	 57	 2040	 66	 1	 -1974	 
 40	 57	 2040	 66	 1	 -1974	 
 40	 57	 2040	 65	 1	 -1975	 
 40	 57	 2040	 62	 1	 -1978	 
 40	 57	 2040	 59	 1	 -1981	 
 40	 57	 2040	 64	 1	 -1976	 
 40	 57	 2040	 66	 1	 -1974	 
 40	 57	 2040	 66	 1	 -1974	 
 40	 57	 2040	 61	 1	 -1979	 
 40	 57	 2040	 64	 1	 -1976	 
 40	 57	 2040	 64	 1	 -1976	 
 40	 57	 2040	 58	 1	 -1982	 
 40	 57	 2040	 59	 1	 -1981	 
 40	 57	 2040	 58	 1	 -1982	 
 40	 57	 2040	 58	 1	 -1982	 
 40	 57	 2040	 66	 1	 -1974	 
 40	 57	 2040	 62	 1	 -1978	 
 40	 57	 2040	 61	 1	 -1979	 
 40	 57	 2040	 60	 1	 -1980	 
 40	 57	 2040	 62	 1	 -1978	 
 40	 57	 2040	 63	 1	 -1977	 
 40	 57	 2040	 63	 1	 -1977	 
 40	 57	 2040	 65	 1	 -1975	 
 40	 57	 2040	 64	 1	 -1976	 
 40	 57	 2040	 66	 1	 -1974	 
 40	 57	 2040	 58	 1	 -1982	 
 40	 57	 2040	 64	 1	 -1976	 
 40	 57	 2040	 63	 1	 -1977	 
 40	 57	 2040	 60	 1	 -1980	 
 40	 57	 2040	 64	 1	 -1976	 
 40	 57	 2040	 59	 1	 -1981	 
 40	 57	 2040	 61	 1	 -1979	 
 40	 57	 2040	 65	 1	 -1975	 
 40	 57	 2040	 66	 1	 -1974	 
 40	 57	 2040	 64	 1	 -1976	 
 40	 57	 2040	 59	 1	 -1981	 
 40	 57	 2040	 62	 1	 -1978	 
 40	 57	 2040	 62	 1	 -1978	 
 40	 57	 2040	 64	 1	 -1976	 
 40	 57	 2040	 65	 1	 -1975	 
 40	 57	 2040	 66	 1	 -1974	 
 40	 57	 2040	 58	 1	 -1982	 
 40	 57	 2040	 63	 1	 -1977	 
 40	 57	 2040	 58	 1	 -1982	 
 0	 0	 0	 0	 0	 0	 
 0	 0	 0	 0	 0	 0	 
 27	 54	 2040	 57	 1	 -1983	 
 27	 54	 2040	 59	 1	 -1981	 
 27	 54	 2040	 62	 1	 -1978	 
 27	 54	 2040	 60	 1	 -1980	 
 27	 54	 2040	 56	 1	 -1984	 
 27	 54	 2040	 62	 1	 -1978	 
 27	 54	 2040	 68	 1	 -1972	 
 27	 54	 2040	 60	 1	 -1980	 
 27	 54	 2040	 63	 1	 -1977	 
 27	 54	 2040	 62	 1	 -1978	 
 27	 54	 2040	 55	 1	 -1985	 
 27	 54	 2040	 60	 1	 -1980	 
 27	 54	 2040	 56	 1	 -1984	 
 27	 54	 2040	 59	 1	 -1981	 
 27	 54	 2040	 68	 1	 -1972	 
 27	 54	 2040	 62	 1	 -1978	 
 27	 54	 2040	 63	 1	 -1977	 
 27	 54	 2040	 59	 1	 -1981	 
 27	 54	 2040	 58	 1	 -1982	 
 27	 54	 2040	 59	 1	 -1981	 
 27	 54	 2040	 61	 1	 -1979	 
 27	 54	 2040	 68	 1	 -1972	 
 27	 54	 2040	 57	 1	 -1983	 
 27	 54	 2040	 63	 1	 -1977	 
 27	 54	 2040	 63	 1	 -1977	 
 27	 54	 2040	 64	 1	 -1976	 
 27	 54	 2040	 55	 1	 -1985	 
 27	 54	 2040	 68	 1	 -1972	 
 27	 54	 2040	 58	 1	 -1982	 
 27	 54	 2040	 60	 1	 -1980	 
 27	 54	 2040	 58	 1	 -1982	 
 27	 54	 2040	 65	 1	 -1975	 
 27	 54	 2040	 67	 1	 -1973	 
 27	 54	 2040	 62	 1	 -1978	 
 27	 54	 2040	 60	 1	 -1980	 
 27	 54	 2040	 58	 1	 -1982	 
 27	 54	 2040	 59	 1	 -1981	 
 27	 54	 2040	 67	 1	 -1973	 
 27	 54	 2040	 64	 1	 -1976	 
 27	 54	 2040	 67	 1	 -1973	 
 27	 54	 2040	 64	 1	 -1976	 
 27	 54	 2040	 63	 1	 -1977	 
 27	 54	 2040	 57	 1	 -1983	 
 27	 54	 2040	 59	 1	 -1981	 
 27	 54	 2040	 60	 1	 -1980	 
 27	 54	 2040	 58	 1	 -1982	 
 27	 54	 2040	 62	 1	 -1978	 
 27	 54	 2040	 60	 1	 -1980	 
 27	 54	 2040	 58	 1	 -1982	 
 27	 54	 2040	 66	 1	 -1974	 
 27	 54	 2040	 55	 1	 -1985	 
 27	 54	 2040	 58	 1	 -1982	 
 27	 54	 2040	 62	 1	 -1978	 
 27	 54	 2040	 64	 1	 -1976	 
 27	 54	 2040	 60	 1	 -1980	 
 27	 54	 2040	 59	 1	 -1981	 
 27	 54	 2040	 65	 1	 -1975	 
 27	 54	 2040	 56	 1	 -1984	 
 27	 54	 2040	 65	 1	 -1975	 
 27	 54	 2040	 58	 1	 -1982	 
 27	 54	 2040	 66	 1	 -1974	 
 27	 54	 2040	 64	 1	 -1976	 
 27	 54	 2040	 63	 1	 -1977	 
 27	 54	 2040	 55	 1	 -1985	 
 27	 54	 2040	 63	 1	 -1977	 
 27	 54	 2040	 68	 1	 -1972	 
 27	 54	 2040	 60	 1	 -1980	 
 27	 54	 2040	 60	 1	 -1980	 
 27	 54	 2040	 59	 1	 -1981	 
 27	 54	 2040	 59	 1	 -1981	 
 27	 54	 2040	 56	 1	 -1984	 
 27	 54	 2040	 59	 1	 -1981	 
 27	 54	 2040	 55	 1	 -1985	 
 27	 54	 2040	 68	 1	 -1972	 
 27	 54	 2040	 65	 1	 -1975	 
 27	 54	 2040	 65	 1	 -1975	 
 27	 54	 2040	 67	 1	 -1973	 
 27	 54	 2040	 56	 1	 -1984	 
 27	 54	 2040	 63	 1	 -1977	 
 27	 54	 2040	 56	 1	 -1984	 
 27	 54	 2040	 60	 1	 -1980	 
 27	 54	 2040	 65	 1	 -1975	 
 27	 54	 2040	 63	 1	 -1977	 
 27	 54	 2040	 63	 1	 -1977	 
 27	 54	 2040	 64	 1	 -1976	 
 27	 54	 2040	 63	 1	 -1977	 
 27	 54	 2040	 59	 1	 -1981	 
 27	 54	 2040	 61	 1	 -1979	 
 27	 54	 2040	 60	 1	 -1980	 
 27	 54	 2040	 62	 1	 -1978	 
 27	 54	 2040	 62	 1	 -1978	 
 27	 54	 2040	 59	 1	 -1981	 
 27	 54	 2040	 58	 1	 -1982	 
 27	 54	 2040	 56	 1	 -1984	 
 27	 54	 2040	 62	 1	 -1978	 
 27	 54	 2040	 62	 1	 -1978	 
 27	 54	 2040	 56	 1	 -1984	 
 27	 54	 2040	 66	 1	 -1974	 
 27	 54	 2040	 68	 1	 -1972	 
 0	 0	 0	 0	 0	 0	 
 0	 0	 0	 0	 0	 0	 
 40	 57	 2040	 62	 1	 -1978	 
 40	 57	 2040	 60	 1	 -1980	 
 40	 57	 2040	 66	 1	 -1974	 
 40	 57	 2040	 60	 1	 -1980	 
 40	 57	 2040	 66	 1	 -1974	 
 40	 57	 2040	 64	 1	 -1976	 
 40	 57	 2040	 61	 1	 -1979	 
 40	 57	 2040	 61	 1	 -1979	 
 40	 57	 2040	 58	 1	 -1982	 
 40	 57	 2040	 62	 1	 -1978	 
 40	 57	 2040	 66	 1	 -1974	 
 40	 57	 2040	 62	 1	 -1978	 
 40	 57	 2040	 65	 1	 -1975	 
 40	 57	 2040	 64	 1	 -1976	 
 40	 57	 2040	 66	 1	 -1974	 
 40	 57	 2040	 66	 1	 -1974	 
 40	 57	 2040	 61	 1	 -1979	 
 40	 57	 2040	 58	 1	 -1982	 
 40	 57	 2040	 62	 1	 -1978	 
 40	 57	 2040	 65	 1	 -1975	 
 40	 57	 2040	 65	 1	 -1975	 
 40	 57	 2040	 61	 1	 -1979	 
 40	 57	 2040	 63	 1	 -1977	 
 40	 57	 2040	 63	 1	 -1977	 
 40	 57	 2040	 63	 1	 -1977	 
 40	 57	 2040	 65	 1	 -1975	 
 40	 57	 2040	 60	 1	 -1980	 
 40	 57	 2040	 66	 1	 -1974	 
 40	 57	 2040	 64	 1	 -1976	 
 40	 57	 2040	 60	 1	 -1980	 
 40	 57	 2040	 59	 1	 -1981	 
 40	 57	 2040	 64	 1	 -1976	 
 40	 57	 2040	 65	 1	 -1975	 
 40	 57	 2040	 61	 1	 -1979	 
 40	 57	 2040	 58	 1	 -1982	 
 40	 57	 2040	 65	 1	 -1975	 
 40	 57	 2040	 66	 1	 -1974	 
 40	 57	 2040	 60	 1	 -1980	 
 40	 57	 2040	 64	 1	 -1976	 
 40	 57	 2040	 60	 1	 -1980	 
 40	 57	 2040	 65	 1	 -1975	 
 40	 57	 2040	 58	 1	 -1982	 
 40	 57	 2040	 59	 1	 -1981	 
 40	 57	 2040	 61	 1	 -1979	 
 40	 57	 2040	 58	 1	 -1982	 
 40	 57	 2040	 63	 1	 -1977	 
 40	 57	 2040	 58	 1	 -1982	 
 40	 57	 2040	 65	 1	 -1975	 
 40	 57	 2040	 65	 1	 -1975	 
 40	 57	 2040	 58	 1	 -1982	 
 40	 57	 2040	 60	 1	 -1980	 
 40	 57	 2040	 66	 1	 -1974	 
 40	 57	 2040	 65	 1	 -1975	 
 40	 57	 2040	 59	 1	 -1981	 
 40	 57	 2040	 60	 1	 -1980	 
 40	 57	 2040	 63	 1	 -1977	 
 40	 57	 2040	 66	 1	 -1974	 
 40	 57	 2040	 60	 1	 -1980	 
 40	 57	 2040	 62	 1	 -1978	 
 40	 57	 2040	 61	 1	 -1979	 
 40	 57	 2040	 59	 1	 -1981	 
 40	 57	 2040	 61	 1	 -1979	 
 40	 57	 2040	 65	 1	 -1975	 
 40	 57	 2040	 66	 1	 -1974	 
 40	 57	 2040	 62	 1	 -1978	 
 40	 57	 2040	 65	 1	 -1975	 
 40	 57	 2040	 60	 1	 -1980	 
 40	 57	 2040	 62	 1	 -1978	 
 40	 57	 2040	 65	 1	 -1975	 
 40	 57	 2040	 64	 1	 -1976	 
 40	 57	 2040	 65	 1	 -1975	 
 40	 57	 2040	 60	 1	 -1980	 
 40	 57	 2040	 64	 1	 -1976	 
 40	 57	 2040	 66	 1	 -1974	 
 40	 57	 2040	 63	 1	 -1977	 
 40	 57	 2040	 62	 1	 -1978	 
 40	 57	 2040	 62	 1	 -1978	 
 40	 57	 2040	 58	 1	 -1982	 
 40	 57	 2040	 61	 1	 -1979	 
 40	 57	 2040	 62	 1	 -1978	 
 40	 57	 2040	 58	 1	 -1982	 
 40	 57	 2040	 59	 1	 -1981	 
 40	 57	 2040	 66	 1	 -1974	 
 40	 57	 2040	 66	 1	 -1974	 
 40	 57	 2040	 66	 1	 -1974	 
 40	 57	 2040	 66	 1	 -1974	 
 40	 57	 2040	 58	 1	 -1982	 
 40	 57	 2040	 59	 1	 -1981	 
 40	 57	 2040	 63	 1	 -1977	 
 40	 57	 2040	 66	 1	 -1974	 
 40	 57	 2040	 58	 1	 -1982	 
 40	 57	 2040	 58	 1	 -1982	 
 40	 57	 2040	 59	 1	 -1981	 
 40	 57	 2040	 58	 1	 -1982	 
 40	 57	 2040	 61	 1	 -1979	 
 40	 57	 2040	 62	 1	 -1978	 
 40	 57	 2040	 65	 1	 -1975	 
 40	 57	 2040	 63	 1	 -1977	 
 40	 57	 2040	 66	 1	 -1974	 
 0	 0	 0	 0	 0	 0	 
 0	 0	 0	 0	 0	 0	 
 17	 27	 2040	 30	 0	 -2010	 
 17	 27	 2040	 32	 0	 -2008	 
 17	 27	 2040	 30	 0	 -2010	 
 17	 27	 2040	 29	 0	 -2011	 
 17	 27	 2040	 28	 0	 -2012	 
 17	 27	 2040	 29	 0	 -2011	 
 17	 27	 2040	 29	 0	 -2011	 
 17	 27	 2040	 28	 0	 -2012	 
 17	 27	 2040	 29	 0	 -2011	 
 17	 27	 2040	 33	 0	 -2007	 
 17	 27	 2040	 31	 0	 -2009	 
 17	 27	 2040	 32	 0	 -2008	 
 17	 27	 2040	 29	 0	 -2011	 
 17	 27	 2040	 29	 0	 -2011	 
 17	 27	 2040	 33	 0	 -2007	 
 17	 27	 2040	 31	 0	 -2009	 
 17	 27	 2040	 32	 0	 -2008	 
 17	 27	 2040	 31	 0	 -2009	 
 17	 27	 2040	 30	 0	 -2010	 
 17	 27	 2040	 30	 0	 -2010	 
 17	 27	 2040	 30	 0	 -2010	 
 17	 27	 2040	 31	 0	 -2009	 
 17	 27	 2040	 31	 0	 -2009	 
 17	 27	 2040	 30	 0	 -2010	 
 17	 27	 2040	 29	 0	 -2011	 
 17	 27	 2040	 31	 0	 -2009	 
 17	 27	 2040	 29	 0	 -2011	 
 17	 27	 2040	 29	 0	 -2011	 
 17	 27	 2040	 28	 0	 -2012	 
 17	 27	 2040	 32	 0	 -2008	 
 17	 27	 2040	 29	 0	 -2011	 
 17	 27	 2040	 30	 0	 -2010	 
 17	 27	 2040	 32	 0	 -2008	 
 17	 27	 2040	 30	 0	 -2010	 
 17	 27	 2040	 30	 0	 -2010	 
 17	 27	 2040	 30	 0	 -2010	 
 17	 27	 2040	 30	 0	 -2010	 
 17	 27	 2040	 32	 0	 -2008	 
 17	 27	 2040	 32	 0	 -2008	 
 17	 27	 2040	 28	 0	 -2012	 
 17	 27	 2040	 30	 0	 -2010	 
 17	 27	 2040	 28	 0	 -2012	 
 17	 27	 2040	 30	 0	 -2010	 
 17	 27	 2040	 31	 0	 -2009	 
 17	 27	 2040	 31	 0	 -2009	 
 17	 27	 2040	 29	 0	 -2011	 
 17	 27	 2040	 28	 0	 -2012	 
 17	 27	 2040	 29	 0	 -2011	 
 17	 27	 2040	 28	 0	 -2012	 
 17	 27	 2040	 30	 0	 -2010	 
 17	 27	 2040	 31	 0	 -2009	 
 17	 27	 2040	 30	 0	 -2010	 
 17	 27	 2040	 32	 0	 -2008	 
 17	 27	 2040	 31	 0	 -2009	 
 17	 27	 2040	 33	 0	 -2007	 
 17	 27	 2040	 31	 0	 -2009	 
 17	 27	 2040	 33	 0	 -2007	 
 17	 27	 2040	 29	 0	 -2011	 
 17	 27	 2040	 29	 0	 -2011	 
 17	 27	 2040	 29	 0	 -2011	 
 17	 27	 2040	 28	 0	 -2012	 
 17	 27	 2040	 31	 0	 -2009	 
 17	 27	 2040	 28	 0	 -2012	 
 17	 27	 2040	 28	 0	 -2012	 
 17	 27	 2040	 28	 0	 -2012	 
 17	 27	 2040	 30	 0	 -2010	 
 17	 27	 2040	 31	 0	 -2009	 
 17	 27	 2040	 33	 0	 -2007	 
 17	 27	 2040	 28	 0	 -2012	 
 17	 27	 2040	 33	 0	 -2007	 
 17	 27	 2040	 29	 0	 -2011	 
 17	 27	 2040	 28	 0	 -2012	 
 17	 27	 2040	 32	 0	 -2008	 
 17	 27	 2040	 31	 0	 -2009	 
 17	 27	 2040	 32	 0	 -2008	 
 17	 27	 2040	 28	 0	 -2012	 
 17	 27	 2040	 31	 0	 -2009	 
 17	 27	 2040	 28	 0	 -2012	 
 17	 27	 2040	 33	 0	 -2007	 
 17	 27	 2040	 31	 0	 -2009	 
 17	 27	 2040	 31	 0	 -2009	 
 17	 27	 2040	 30	 0	 -2010	 
 17	 27	 2040	 32	 0	 -2008	 
 17	 27	 2040	 28	 0	 -2012	 
 17	 27	 2040	 29	 0	 -2011	 
 17	 27	 2040	 28	 0	 -2012	 
 17	 27	 2040	 30	 0	 -2010	 
 17	 27	 2040	 29	 0	 -2011	 
 17	 27	 2040	 29	 0	 -2011	 
 17	 27	 2040	 30	 0	 -2010	 
 17	 27	 2040	 29	 0	 -2011	 
 17	 27	 2040	 31	 0	 -2009	 
 17	 27	 2040	 33	 0	 -2007	 
 17	 27	 2040	 31	 0	 -2009	 
 17	 27	 2040	 29	 0	 -2011	 
 17	 27	 2040	 30	 0	 -2010	 
 17	 27	 2040	 29	 0	 -2011	 
 17	 27	 2040	 31	 0	 -2009	 
 17	 27	 2040	 31	 0	 -2009	 
 0	 0	 0	 0	 0	 0	 
 