s	 e	 integralPartic	 alturaRetang	 metadePartic	 maximaPartic	 minimoPArtic	 alturaPartic	 p	 comparativoMet
36	 47	 5.348983e+04	 4.457486e+03	 3.799292e+03	 7.598352e+03	 2.308526e-01	 1.173241e+00	 1	 8.523396e-01	 
 36	 47	 5.348983e+04	 4.457486e+03	 3.799292e+03	 7.598352e+03	 2.308526e-01	 1.173241e+00	 1	 8.523396e-01	 
 36	 47	 5.348983e+04	 4.457486e+03	 3.799292e+03	 7.598352e+03	 2.308526e-01	 1.173241e+00	 1	 8.523396e-01	 
 36	 47	 5.348983e+04	 4.457486e+03	 3.799292e+03	 7.598352e+03	 2.308526e-01	 1.173241e+00	 1	 8.523396e-01	 
 36	 47	 5.348983e+04	 4.457486e+03	 3.799292e+03	 7.598352e+03	 2.308526e-01	 1.173241e+00	 1	 8.523396e-01	 
 36	 47	 5.348983e+04	 4.457486e+03	 3.799292e+03	 7.598352e+03	 2.308526e-01	 1.173241e+00	 1	 8.523396e-01	 
 36	 47	 5.348983e+04	 4.457486e+03	 3.799292e+03	 7.598352e+03	 2.308526e-01	 1.173241e+00	 1	 8.523396e-01	 
 36	 47	 5.348983e+04	 4.457486e+03	 3.799292e+03	 7.598352e+03	 2.308526e-01	 1.173241e+00	 1	 8.523396e-01	 
 36	 47	 5.348983e+04	 4.457486e+03	 3.799292e+03	 7.598352e+03	 2.308526e-01	 1.173241e+00	 1	 8.523396e-01	 
 36	 47	 5.348983e+04	 4.457486e+03	 3.799292e+03	 7.598352e+03	 2.308526e-01	 1.173241e+00	 1	 8.523396e-01	 
 