minimo	maximo	maximTot	minimTot	
7.120781e+01	 1.579674e+04	 1.390000e+01	 3.010000e+01	 
 7.120781e+01	 1.579674e+04	 1.071200e+03	 2.092400e+03	 
 7.120781e+01	 1.579674e+04	 9.871000e+02	 2.092400e+03	 
 7.120781e+01	 1.579674e+04	 6.750000e+01	 8.620000e+01	 
 3.159852e+02	 1.393394e+04	 1.020000e+01	 2.835400e+03	 
 3.159852e+02	 1.393394e+04	 1.166900e+03	 2.092400e+03	 
 3.159852e+02	 1.393394e+04	 1.166900e+03	 2.015100e+03	 
 3.159852e+02	 1.393394e+04	 6.590000e+01	 8.620000e+01	 
 4.326447e+01	 1.738896e+04	 5.800000e+00	 3.010000e+01	 
 4.326447e+01	 1.738896e+04	 1.166900e+03	 2.857800e+03	 
 4.326447e+01	 1.738896e+04	 1.166900e+03	 1.899300e+03	 
 4.326447e+01	 1.738896e+04	 6.280000e+01	 7.910000e+01	 
 4.984545e+01	 1.789866e+04	 6.200000e+00	 3.220000e+01	 
 4.984545e+01	 1.789866e+04	 1.166900e+03	 2.577900e+03	 
 4.984545e+01	 1.789866e+04	 1.334400e+03	 2.516400e+03	 
 4.984545e+01	 1.789866e+04	 6.280000e+01	 8.620000e+01	 
 3.489144e+02	 1.736590e+04	 1.085000e+02	 2.732700e+03	 
 3.489144e+02	 1.736590e+04	 1.166900e+03	 2.092400e+03	 
 3.489144e+02	 1.736590e+04	 1.186300e+03	 2.092400e+03	 
 3.489144e+02	 1.736590e+04	 6.280000e+01	 8.620000e+01	 
 7.689215e-01	 5.925338e+03	 2.626000e+02	 2.835400e+03	 
 7.689215e-01	 5.925338e+03	 1.166900e+03	 1.577500e+03	 
 7.689215e-01	 5.925338e+03	 1.166900e+03	 2.092400e+03	 
 7.689215e-01	 5.925338e+03	 6.590000e+01	 8.620000e+01	 
 2.394634e+01	 1.747739e+04	 3.900000e+00	 1.340000e+01	 
 2.394634e+01	 1.747739e+04	 1.166900e+03	 2.015100e+03	 
 2.394634e+01	 1.747739e+04	 1.071200e+03	 2.092400e+03	 
 2.394634e+01	 1.747739e+04	 6.790000e+01	 7.950000e+01	 
 4.417284e+01	 1.537345e+04	 6.200000e+00	 2.410000e+01	 
 4.417284e+01	 1.537345e+04	 1.166900e+03	 2160	 
 4.417284e+01	 1.537345e+04	 1.166900e+03	 1.540700e+03	 
 4.417284e+01	 1.537345e+04	 6.750000e+01	 8.620000e+01	 
 3.321714e+01	 2.282354e+04	 6.200000e+00	 1.340000e+01	 
 3.321714e+01	 2.282354e+04	 1.143800e+03	 2.092400e+03	 
 3.321714e+01	 2.282354e+04	 1.229200e+03	 2.092400e+03	 
 3.321714e+01	 2.282354e+04	 6.280000e+01	 7.700000e+01	 
 2.308526e-01	 7.598352e+03	 18	 4.740000e+01	 
 2.308526e-01	 7.598352e+03	 1.166900e+03	 1.540700e+03	 
 2.308526e-01	 7.598352e+03	 1.187900e+03	 2.092400e+03	 
 2.308526e-01	 7.598352e+03	 5.770000e+01	 7.630000e+01	 
 1.579441e-01	 7.945975e+03	 12	 4.740000e+01	 
 3.200013e-02	 7.945044e+03	 1.270000e+01	 4.740000e+01	 
 2.562511e-02	 4.523475e+03	 1.020000e+01	 4.740000e+01	 
 1.771552e-01	 7.065523e+03	 1.040000e+01	 4.740000e+01	 
 5.089021e-02	 7.883837e+03	 1.450000e+01	 4.740000e+01	 
 1.402594e-01	 7.118401e+03	 1.250000e+01	 4.740000e+01	 
 9.334438e-02	 7.933310e+03	 18	 4.740000e+01	 
 3.030239e-01	 9.352674e+03	 1.390000e+01	 4.740000e+01	 
 6.125736e-02	 7.943847e+03	 1.450000e+01	 4.740000e+01	 
 4.448569e-01	 7.665703e+03	 1.440000e+01	 4.740000e+01	 
 4.052107e-01	 1.377526e+04	 1.680000e+01	 4.740000e+01	 
 2.360890e-01	 7.939978e+03	 18	 4.740000e+01	 
 8.372653e-01	 9.015361e+03	 18	 1.085000e+02	 
 5.659178e-01	 7.919195e+03	 18	 2.626000e+02	 
 6.710158e-01	 7.903490e+03	 18	 5.885000e+02	 
 1.855935e+00	 7.885965e+03	 18	 1.043500e+03	 
 2.950307e-01	 7.896017e+03	 18	 1.564800e+03	 
 3.214383e-01	 7.909716e+03	 18	 2.005600e+03	 
 4.243540e-01	 7.913019e+03	 18	 2.384100e+03	 
 9.615710e-01	 7.912092e+03	 18	 2.407500e+03	 
 2.021604e-02	 7.908531e+03	 18	 2.636700e+03	 
 2.674354e+00	 7.910431e+03	 18	 2.600300e+03	 
 6.619231e-01	 7.910810e+03	 18	 2.732700e+03	 
 1.269401e+00	 7.893550e+03	 18	 2.627300e+03	 
 6.059481e-03	 9.547376e+03	 18	 2.835400e+03	 
 5.604314e-01	 7.949883e+03	 1.990000e+01	 4.740000e+01	 
 1.127755e-01	 5.183904e+03	 18	 4.740000e+01	 
 4.165759e-02	 1.364682e+04	 18	 4.740000e+01	 
 1.030956e-01	 9.342043e+03	 18	 4.740000e+01	 
 1.028180e-01	 5.873512e+03	 18	 4.740000e+01	 
 1.401240e-01	 7.944565e+03	 18	 4.740000e+01	 
 2.503602e-01	 7.334557e+03	 18	 4.740000e+01	 
 4.370395e-01	 5.527576e+03	 18	 4.740000e+01	 
 4.028438e-02	 7.935205e+03	 18	 4.740000e+01	 
 4.842079e-01	 9.698180e+03	 18	 4.740000e+01	 
 1.669605e-01	 7.901391e+03	 18	 4.740000e+01	 
 1.817714e-02	 7.884839e+03	 18	 3.940000e+01	 
 5.659178e-01	 7.919195e+03	 18	 2.626000e+02	 
 6.710158e-01	 7.903490e+03	 18	 5.885000e+02	 
 1.855935e+00	 7.885965e+03	 18	 1.043500e+03	 
 2.950307e-01	 7.896017e+03	 18	 1.564800e+03	 
 3.214383e-01	 7.909716e+03	 18	 2.005600e+03	 
 4.243540e-01	 7.913019e+03	 18	 2.384100e+03	 
 9.615710e-01	 7.912092e+03	 18	 2.407500e+03	 
 2.021604e-02	 7.908531e+03	 18	 2.636700e+03	 
 2.674354e+00	 7.910431e+03	 18	 2.600300e+03	 
 6.619231e-01	 7.910810e+03	 18	 2.732700e+03	 
 1.269401e+00	 7.893550e+03	 18	 2.627300e+03	 
 6.059481e-03	 9.547376e+03	 18	 2.835400e+03	 
 1.579441e-01	 7.945975e+03	 12	 4.740000e+01	 
 3.200013e-02	 7.945044e+03	 1.270000e+01	 4.740000e+01	 
 2.562511e-02	 4.523475e+03	 1.020000e+01	 4.740000e+01	 
 1.771552e-01	 7.065523e+03	 1.040000e+01	 4.740000e+01	 
 5.089021e-02	 7.883837e+03	 1.450000e+01	 4.740000e+01	 
 1.402594e-01	 7.118401e+03	 1.250000e+01	 4.740000e+01	 
 9.334438e-02	 7.933310e+03	 18	 4.740000e+01	 
 3.030239e-01	 9.352674e+03	 1.390000e+01	 4.740000e+01	 
 6.125736e-02	 7.943847e+03	 1.450000e+01	 4.740000e+01	 
 4.448569e-01	 7.665703e+03	 1.440000e+01	 4.740000e+01	 
 4.052107e-01	 1.377526e+04	 1.680000e+01	 4.740000e+01	 
 2.360890e-01	 7.939978e+03	 18	 4.740000e+01	 
 8.372653e-01	 9.015361e+03	 18	 1.085000e+02	 
 5.659178e-01	 7.919195e+03	 18	 2.626000e+02	 
 6.710158e-01	 7.903490e+03	 18	 5.885000e+02	 
 1.855935e+00	 7.885965e+03	 18	 1.043500e+03	 
 2.950307e-01	 7.896017e+03	 18	 1.564800e+03	 
 3.214383e-01	 7.909716e+03	 18	 2.005600e+03	 
 4.243540e-01	 7.913019e+03	 18	 2.384100e+03	 
 9.615710e-01	 7.912092e+03	 18	 2.407500e+03	 
 2.021604e-02	 7.908531e+03	 18	 2.636700e+03	 
 2.674354e+00	 7.910431e+03	 18	 2.600300e+03	 
 6.619231e-01	 7.910810e+03	 18	 2.732700e+03	 
 1.269401e+00	 7.893550e+03	 18	 2.627300e+03	 
 6.059481e-03	 9.547376e+03	 18	 2.835400e+03	 
 5.604314e-01	 7.949883e+03	 1.990000e+01	 4.740000e+01	 
 1.127755e-01	 5.183904e+03	 18	 4.740000e+01	 
 4.165759e-02	 1.364682e+04	 18	 4.740000e+01	 
 1.030956e-01	 9.342043e+03	 18	 4.740000e+01	 
 1.028180e-01	 5.873512e+03	 18	 4.740000e+01	 
 1.401240e-01	 7.944565e+03	 18	 4.740000e+01	 
 2.503602e-01	 7.334557e+03	 18	 4.740000e+01	 
 4.370395e-01	 5.527576e+03	 18	 4.740000e+01	 
 4.028438e-02	 7.935205e+03	 18	 4.740000e+01	 
 4.842079e-01	 9.698180e+03	 18	 4.740000e+01	 
 1.669605e-01	 7.901391e+03	 18	 4.740000e+01	 
 1.817714e-02	 7.884839e+03	 18	 3.940000e+01	 
 2.677010e-02	 6.259896e+03	 3.900000e+00	 4.740000e+01	 
 2.098023e-03	 4.822514e+03	 7.400000e+00	 4.740000e+01	 
 1.299201e-02	 6.102024e+03	 6.800000e+00	 4.740000e+01	 
 1.412197e-02	 6.343904e+03	 9.300000e+00	 4.740000e+01	 
 7.084030e-02	 6.325245e+03	 7.100000e+00	 4.740000e+01	 
 5.695049e-02	 4.437262e+03	 8.100000e+00	 4.740000e+01	 
 1.032281e-01	 4.803513e+03	 9.600000e+00	 4.740000e+01	 
 3.952184e-02	 7.940868e+03	 8.700000e+00	 4.740000e+01	 
 2.015378e-02	 5.581035e+03	 5.800000e+00	 4.740000e+01	 
 6.442583e-02	 7.938251e+03	 9.600000e+00	 4.740000e+01	 
 7.536931e-02	 5.856173e+03	 8.200000e+00	 4.740000e+01	 
 1.074709e-02	 6.125086e+03	 9.400000e+00	 4.740000e+01	 
 6.414309e-02	 5.482306e+03	 9.200000e+00	 4.740000e+01	 
 1.403012e-01	 4.850808e+03	 1.110000e+01	 4.740000e+01	 
 5.633711e-03	 7.944199e+03	 1.340000e+01	 4.740000e+01	 
 4.464556e-02	 4.996177e+03	 9.400000e+00	 4.740000e+01	 
 4.835477e-02	 7.945741e+03	 1.130000e+01	 4.740000e+01	 
 1.615046e-02	 6.564626e+03	 6.200000e+00	 4.740000e+01	 
 6.463289e-02	 7.935792e+03	 1.160000e+01	 4.740000e+01	 
 2.740474e-02	 8.478497e+03	 9.200000e+00	 4.740000e+01	 
 7.630304e-02	 7.916634e+03	 1.110000e+01	 4.740000e+01	 
 5.120485e-02	 7.549422e+03	 11	 4.740000e+01	 
 9.623028e-02	 7.939753e+03	 1.150000e+01	 4.740000e+01	 
 5.604314e-01	 7.949883e+03	 1.990000e+01	 4.740000e+01	 
 1.127755e-01	 5.183904e+03	 18	 4.740000e+01	 
 4.165759e-02	 1.364682e+04	 18	 4.740000e+01	 
 1.030956e-01	 9.342043e+03	 18	 4.740000e+01	 
 1.028180e-01	 5.873512e+03	 18	 4.740000e+01	 
 1.401240e-01	 7.944565e+03	 18	 4.740000e+01	 
 2.503602e-01	 7.334557e+03	 18	 4.740000e+01	 
 4.370395e-01	 5.527576e+03	 18	 4.740000e+01	 
 4.028438e-02	 7.935205e+03	 18	 4.740000e+01	 
 4.842079e-01	 9.698180e+03	 18	 4.740000e+01	 
 1.669605e-01	 7.901391e+03	 18	 4.740000e+01	 
 1.817714e-02	 7.884839e+03	 18	 3.940000e+01	 
 6.414309e-02	 5.482306e+03	 9.200000e+00	 4.740000e+01	 
 1.403012e-01	 4.850808e+03	 1.110000e+01	 4.740000e+01	 
 5.633711e-03	 7.944199e+03	 1.340000e+01	 4.740000e+01	 
 4.464556e-02	 4.996177e+03	 9.400000e+00	 4.740000e+01	 
 4.835477e-02	 7.945741e+03	 1.130000e+01	 4.740000e+01	 
 1.615046e-02	 6.564626e+03	 6.200000e+00	 4.740000e+01	 
 6.463289e-02	 7.935792e+03	 1.160000e+01	 4.740000e+01	 
 2.740474e-02	 8.478497e+03	 9.200000e+00	 4.740000e+01	 
 7.630304e-02	 7.916634e+03	 1.110000e+01	 4.740000e+01	 
 5.120485e-02	 7.549422e+03	 11	 4.740000e+01	 
 9.623028e-02	 7.939753e+03	 1.150000e+01	 4.740000e+01	 
 1.579441e-01	 7.945975e+03	 12	 4.740000e+01	 
 3.200013e-02	 7.945044e+03	 1.270000e+01	 4.740000e+01	 
 2.562511e-02	 4.523475e+03	 1.020000e+01	 4.740000e+01	 
 5.604314e-01	 7.949883e+03	 1.990000e+01	 4.740000e+01	 
 1.127755e-01	 5.183904e+03	 18	 4.740000e+01	 
 4.165759e-02	 1.364682e+04	 18	 4.740000e+01	 
 1.030956e-01	 9.342043e+03	 18	 4.740000e+01	 
 1.028180e-01	 5.873512e+03	 18	 4.740000e+01	 
 1.401240e-01	 7.944565e+03	 18	 4.740000e+01	 
 2.503602e-01	 7.334557e+03	 18	 4.740000e+01	 
 4.370395e-01	 5.527576e+03	 18	 4.740000e+01	 
 4.028438e-02	 7.935205e+03	 18	 4.740000e+01	 
 4.842079e-01	 9.698180e+03	 18	 4.740000e+01	 
 1.669605e-01	 7.901391e+03	 18	 4.740000e+01	 
 1.817714e-02	 7.884839e+03	 18	 3.940000e+01	 
 2.677010e-02	 6.259896e+03	 3.900000e+00	 4.740000e+01	 
 2.098023e-03	 4.822514e+03	 7.400000e+00	 4.740000e+01	 
 1.299201e-02	 6.102024e+03	 6.800000e+00	 4.740000e+01	 
 1.412197e-02	 6.343904e+03	 9.300000e+00	 4.740000e+01	 
 7.084030e-02	 6.325245e+03	 7.100000e+00	 4.740000e+01	 
 5.695049e-02	 4.437262e+03	 8.100000e+00	 4.740000e+01	 
 1.032281e-01	 4.803513e+03	 9.600000e+00	 4.740000e+01	 
 3.952184e-02	 7.940868e+03	 8.700000e+00	 4.740000e+01	 
 2.015378e-02	 5.581035e+03	 5.800000e+00	 4.740000e+01	 
 6.442583e-02	 7.938251e+03	 9.600000e+00	 4.740000e+01	 
 7.536931e-02	 5.856173e+03	 8.200000e+00	 4.740000e+01	 
 1.074709e-02	 6.125086e+03	 9.400000e+00	 4.740000e+01	 
 6.414309e-02	 5.482306e+03	 9.200000e+00	 4.740000e+01	 
 1.403012e-01	 4.850808e+03	 1.110000e+01	 4.740000e+01	 
 5.633711e-03	 7.944199e+03	 1.340000e+01	 4.740000e+01	 
 4.464556e-02	 4.996177e+03	 9.400000e+00	 4.740000e+01	 
 4.835477e-02	 7.945741e+03	 1.130000e+01	 4.740000e+01	 
 1.615046e-02	 6.564626e+03	 6.200000e+00	 4.740000e+01	 
 6.463289e-02	 7.935792e+03	 1.160000e+01	 4.740000e+01	 
 2.740474e-02	 8.478497e+03	 9.200000e+00	 4.740000e+01	 
 7.630304e-02	 7.916634e+03	 1.110000e+01	 4.740000e+01	 
 5.120485e-02	 7.549422e+03	 11	 4.740000e+01	 
 9.623028e-02	 7.939753e+03	 1.150000e+01	 4.740000e+01	 
 4.842079e-01	 9.698180e+03	 18	 4.740000e+01	 
 1.669605e-01	 7.901391e+03	 18	 4.740000e+01	 
 1.817714e-02	 7.884839e+03	 18	 3.940000e+01	 
 4.464556e-02	 4.996177e+03	 9.400000e+00	 4.740000e+01	 
 4.835477e-02	 7.945741e+03	 1.130000e+01	 4.740000e+01	 
 1.615046e-02	 6.564626e+03	 6.200000e+00	 4.740000e+01	 
 6.463289e-02	 7.935792e+03	 1.160000e+01	 4.740000e+01	 
 2.740474e-02	 8.478497e+03	 9.200000e+00	 4.740000e+01	 
 7.630304e-02	 7.916634e+03	 1.110000e+01	 4.740000e+01	 
 5.120485e-02	 7.549422e+03	 11	 4.740000e+01	 
 9.623028e-02	 7.939753e+03	 1.150000e+01	 4.740000e+01	 
 1.579441e-01	 7.945975e+03	 12	 4.740000e+01	 
 3.200013e-02	 7.945044e+03	 1.270000e+01	 4.740000e+01	 
 2.562511e-02	 4.523475e+03	 1.020000e+01	 4.740000e+01	 
 1.771552e-01	 7.065523e+03	 1.040000e+01	 4.740000e+01	 
 5.089021e-02	 7.883837e+03	 1.450000e+01	 4.740000e+01	 
 1.402594e-01	 7.118401e+03	 1.250000e+01	 4.740000e+01	 
 9.334438e-02	 7.933310e+03	 18	 4.740000e+01	 
 3.030239e-01	 9.352674e+03	 1.390000e+01	 4.740000e+01	 
 6.125736e-02	 7.943847e+03	 1.450000e+01	 4.740000e+01	 
 4.448569e-01	 7.665703e+03	 1.440000e+01	 4.740000e+01	 
 4.052107e-01	 1.377526e+04	 1.680000e+01	 4.740000e+01	 
 2.360890e-01	 7.939978e+03	 18	 4.740000e+01	 
 4.370395e-01	 5.527576e+03	 18	 4.740000e+01	 
 4.028438e-02	 7.935205e+03	 18	 4.740000e+01	 
 4.842079e-01	 9.698180e+03	 18	 4.740000e+01	 
 1.669605e-01	 7.901391e+03	 18	 4.740000e+01	 
 1.817714e-02	 7.884839e+03	 18	 3.940000e+01	 
 3.952184e-02	 7.940868e+03	 8.700000e+00	 4.740000e+01	 
 2.015378e-02	 5.581035e+03	 5.800000e+00	 4.740000e+01	 
 6.442583e-02	 7.938251e+03	 9.600000e+00	 4.740000e+01	 
 7.536931e-02	 5.856173e+03	 8.200000e+00	 4.740000e+01	 
 1.074709e-02	 6.125086e+03	 9.400000e+00	 4.740000e+01	 
 6.414309e-02	 5.482306e+03	 9.200000e+00	 4.740000e+01	 
 1.403012e-01	 4.850808e+03	 1.110000e+01	 4.740000e+01	 
 5.633711e-03	 7.944199e+03	 1.340000e+01	 4.740000e+01	 
 4.464556e-02	 4.996177e+03	 9.400000e+00	 4.740000e+01	 
 4.835477e-02	 7.945741e+03	 1.130000e+01	 4.740000e+01	 
 1.615046e-02	 6.564626e+03	 6.200000e+00	 4.740000e+01	 
 6.463289e-02	 7.935792e+03	 1.160000e+01	 4.740000e+01	 
 2.740474e-02	 8.478497e+03	 9.200000e+00	 4.740000e+01	 
 7.630304e-02	 7.916634e+03	 1.110000e+01	 4.740000e+01	 
 5.120485e-02	 7.549422e+03	 11	 4.740000e+01	 
 9.623028e-02	 7.939753e+03	 1.150000e+01	 4.740000e+01	 
 1.579441e-01	 7.945975e+03	 12	 4.740000e+01	 
 3.200013e-02	 7.945044e+03	 1.270000e+01	 4.740000e+01	 
 2.562511e-02	 4.523475e+03	 1.020000e+01	 4.740000e+01	 
 1.771552e-01	 7.065523e+03	 1.040000e+01	 4.740000e+01	 
 5.089021e-02	 7.883837e+03	 1.450000e+01	 4.740000e+01	 
 1.402594e-01	 7.118401e+03	 1.250000e+01	 4.740000e+01	 
 9.334438e-02	 7.933310e+03	 18	 4.740000e+01	 
 3.030239e-01	 9.352674e+03	 1.390000e+01	 4.740000e+01	 
 6.125736e-02	 7.943847e+03	 1.450000e+01	 4.740000e+01	 
 4.448569e-01	 7.665703e+03	 1.440000e+01	 4.740000e+01	 
 4.052107e-01	 1.377526e+04	 1.680000e+01	 4.740000e+01	 
 2.360890e-01	 7.939978e+03	 18	 4.740000e+01	 
 5.604314e-01	 7.949883e+03	 1.990000e+01	 4.740000e+01	 
 1.127755e-01	 5.183904e+03	 18	 4.740000e+01	 
 4.165759e-02	 1.364682e+04	 18	 4.740000e+01	 
 1.030956e-01	 9.342043e+03	 18	 4.740000e+01	 
 1.028180e-01	 5.873512e+03	 18	 4.740000e+01	 
 1.401240e-01	 7.944565e+03	 18	 4.740000e+01	 
 2.503602e-01	 7.334557e+03	 18	 4.740000e+01	 
 4.370395e-01	 5.527576e+03	 18	 4.740000e+01	 
 4.028438e-02	 7.935205e+03	 18	 4.740000e+01	 
 4.842079e-01	 9.698180e+03	 18	 4.740000e+01	 
 1.669605e-01	 7.901391e+03	 18	 4.740000e+01	 
 1.817714e-02	 7.884839e+03	 18	 3.940000e+01	 
 8.372653e-01	 9.015361e+03	 18	 1.085000e+02	 
 5.659178e-01	 7.919195e+03	 18	 2.626000e+02	 
 6.710158e-01	 7.903490e+03	 18	 5.885000e+02	 
 1.855935e+00	 7.885965e+03	 18	 1.043500e+03	 
 2.950307e-01	 7.896017e+03	 18	 1.564800e+03	 
 3.214383e-01	 7.909716e+03	 18	 2.005600e+03	 
 4.243540e-01	 7.913019e+03	 18	 2.384100e+03	 
 9.615710e-01	 7.912092e+03	 18	 2.407500e+03	 
 2.021604e-02	 7.908531e+03	 18	 2.636700e+03	 
 2.674354e+00	 7.910431e+03	 18	 2.600300e+03	 
 6.619231e-01	 7.910810e+03	 18	 2.732700e+03	 
 1.269401e+00	 7.893550e+03	 18	 2.627300e+03	 
 