2.370548e-01	 3.459802e-01	 -1.545361e-03	 2.865383e-01	 1.004526e+05	 1.005672e+05	 1.145905e+02	 0	 3.629059e+04	 1.477146e-01	 1.395073e-01	 1.009575e+02	 3.856276e+01	 
 4.685254e-01	 1.848865e+00	 6.060000e-03	 -8.564941e-01	 1.016778e+05	 1.013801e+05	 2.977203e+02	 0	 4.504483e+04	 5.563925e-01	 6.160829e+00	 7.299234e+01	 1.906675e+02	 
 2.056031e-01	 3.775311e-01	 -3.776424e-03	 2.956198e-01	 1.210155e+05	 1.213195e+05	 3.040027e+02	 0	 2.526882e+03	 1.260347e-01	 1.256608e-01	 1.967798e+02	 1.958685e+02	 
 2.525984e-01	 6.825668e-01	 1.919536e-04	 6.301943e-02	 7.250925e+04	 7.250212e+04	 7.132784e+00	 1	 3.880029e+03	 1.658197e-03	 1.887900e-03	 3.860794e+01	 1.727508e+02	 
 3.187497e-01	 3.696786e-01	 -2.233218e-03	 1.998482e-01	 6.006173e+04	 6.012885e+04	 6.711270e+01	 0	 2.782108e+03	 1.164007e-01	 1.156071e-01	 2.031748e+01	 3.955351e+01	 
 -6.541285e-01	 -2.430127e+00	 -3.341282e-02	 2.800208e+00	 9.009239e+04	 9.202957e+04	 1.937184e+03	 0	 1.186907e+04	 1.397715e+00	 1.355334e+00	 1.234218e+02	 2.988653e+02	 
 3.629081e-02	 1.832207e+01	 8.001032e-02	 -1.074277e+01	 7.867537e+04	 7.572032e+04	 2.955053e+03	 0	 1.270545e+05	 1.114828e+01	 3.478945e+01	 1.119611e+02	 8.456227e+01	 
 -3.666332e-01	 9.219695e-01	 -9.641519e-04	 4.310064e-01	 8.717530e+04	 8.719576e+04	 2.045989e+01	 0	 1.787997e+03	 1.464588e-02	 1.486594e-02	 2.425788e+02	 2.885803e+02	 
 1.264833e-01	 5.505450e-01	 -8.472071e-04	 2.538947e-01	 1.391089e+05	 1.391603e+05	 5.141808e+01	 0	 6.988576e+02	 7.004455e-02	 7.011329e-02	 1.703161e+02	 5.190418e+02	 
 1.995351e-01	 6.319169e-01	 -9.154030e-04	 1.406078e-01	 7.150479e+04	 7.153648e+04	 3.168840e+01	 0	 4.481200e+02	 2.891295e-02	 2.904830e-02	 1.343587e+02	 3.030809e+02	 
 1.995351e-01	 6.319169e-01	 -9.154030e-04	 1.406078e-01	 7.150479e+04	 7.153648e+04	 3.168840e+01	 0	 4.481200e+02	 2.891295e-02	 2.904830e-02	 1.343587e+02	 3.030809e+02	 
 1.995351e-01	 6.319169e-01	 -9.154030e-04	 1.406078e-01	 7.150479e+04	 7.153648e+04	 3.168840e+01	 0	 4.481200e+02	 2.891295e-02	 2.904830e-02	 1.343587e+02	 3.030809e+02	 
 1.995351e-01	 6.319169e-01	 -9.154030e-04	 1.406078e-01	 7.150479e+04	 7.153648e+04	 3.168840e+01	 0	 4.481200e+02	 2.891295e-02	 2.904830e-02	 1.343587e+02	 3.030809e+02	 
 1.995351e-01	 6.319169e-01	 -9.154030e-04	 1.406078e-01	 7.150479e+04	 7.153648e+04	 3.168840e+01	 0	 4.481200e+02	 2.891295e-02	 2.904830e-02	 1.343587e+02	 3.030809e+02	 
 1.995351e-01	 6.319169e-01	 -9.154030e-04	 1.406078e-01	 7.150479e+04	 7.153648e+04	 3.168840e+01	 0	 4.481200e+02	 2.891295e-02	 2.904830e-02	 1.343587e+02	 3.030809e+02	 
 1.995351e-01	 6.319169e-01	 -9.154030e-04	 1.406078e-01	 7.150479e+04	 7.153648e+04	 3.168840e+01	 0	 4.481200e+02	 2.891295e-02	 2.904830e-02	 1.343587e+02	 3.030809e+02	 
 1.995351e-01	 6.319169e-01	 -9.154030e-04	 1.406078e-01	 7.150479e+04	 7.153648e+04	 3.168840e+01	 0	 4.481200e+02	 2.891295e-02	 2.904830e-02	 1.343587e+02	 3.030809e+02	 
 2.056031e-01	 3.775311e-01	 -3.776424e-03	 2.956198e-01	 1.210155e+05	 1.213195e+05	 3.040027e+02	 0	 2.526882e+03	 1.260347e-01	 1.256608e-01	 1.967798e+02	 1.958685e+02	 
 2.056031e-01	 3.775311e-01	 -3.776424e-03	 2.956198e-01	 1.210155e+05	 1.213195e+05	 3.040027e+02	 0	 2.526882e+03	 1.260347e-01	 1.256608e-01	 1.967798e+02	 1.958685e+02	 
 1.995351e-01	 6.319169e-01	 -9.154030e-04	 1.406078e-01	 7.150479e+04	 7.153648e+04	 3.168840e+01	 0	 4.481200e+02	 2.891295e-02	 2.904830e-02	 1.343587e+02	 3.030809e+02	 
 2.213245e-01	 6.816992e-01	 1.094124e-03	 9.063739e-02	 1.014421e+05	 1.013801e+05	 6.201723e+01	 1	 5.078370e+03	 5.315712e-03	 5.539549e-03	 4.117993e+01	 2.813299e+02	 
 2.261913e-01	 6.777618e-01	 6.300046e-04	 8.901313e-02	 1.014219e+05	 1.013801e+05	 4.182847e+01	 1	 5.043492e+03	 6.535192e-03	 6.777044e-03	 1.052194e+02	 3.897602e+02	 
 1.995351e-01	 6.319169e-01	 -9.154030e-04	 1.406078e-01	 7.150479e+04	 7.153648e+04	 3.168840e+01	 0	 4.481200e+02	 2.891295e-02	 2.904830e-02	 1.343587e+02	 3.030809e+02	 
 2.056031e-01	 3.775311e-01	 -3.776424e-03	 2.956198e-01	 1.210155e+05	 1.213195e+05	 3.040027e+02	 0	 2.526882e+03	 1.260347e-01	 1.256608e-01	 1.967798e+02	 1.958685e+02	 
 2.056031e-01	 3.775311e-01	 -3.776424e-03	 2.956198e-01	 1.210155e+05	 1.213195e+05	 3.040027e+02	 0	 2.526882e+03	 1.260347e-01	 1.256608e-01	 1.967798e+02	 1.958685e+02	 
 1.995351e-01	 6.319169e-01	 -9.154030e-04	 1.406078e-01	 7.150479e+04	 7.153648e+04	 3.168840e+01	 0	 4.481200e+02	 2.891295e-02	 2.904830e-02	 1.343587e+02	 3.030809e+02	 
 4.085768e-02	 7.656054e-01	 1.344719e-01	 1.567804e-01	 1.485493e+05	 1.391603e+05	 9.388931e+03	 1	 5.926224e+03	 9.970597e-02	 6.958794e+01	 5.834782e+02	 7.923361e+02	 
 7.708974e-02	 8.012841e-01	 1.016394e-02	 1.369901e-01	 1.399947e+05	 1.391603e+05	 8.343343e+02	 1	 5.814908e+03	 2.583130e-02	 6.178869e+01	 6.587004e+02	 6.180717e+02	 
 1.995351e-01	 6.319169e-01	 -9.154030e-04	 1.406078e-01	 7.150479e+04	 7.153648e+04	 3.168840e+01	 0	 4.481200e+02	 2.891295e-02	 2.904830e-02	 1.343587e+02	 3.030809e+02	 
 1.995351e-01	 6.319169e-01	 -9.154030e-04	 1.406078e-01	 7.150479e+04	 7.153648e+04	 3.168840e+01	 0	 4.481200e+02	 2.891295e-02	 2.904830e-02	 1.343587e+02	 3.030809e+02	 
 1.995351e-01	 6.319169e-01	 -9.154030e-04	 1.406078e-01	 7.150479e+04	 7.153648e+04	 3.168840e+01	 0	 4.481200e+02	 2.891295e-02	 2.904830e-02	 1.343587e+02	 3.030809e+02	 
 1.995351e-01	 6.319169e-01	 -9.154030e-04	 1.406078e-01	 7.150479e+04	 7.153648e+04	 3.168840e+01	 0	 4.481200e+02	 2.891295e-02	 2.904830e-02	 1.343587e+02	 3.030809e+02	 
 2.213245e-01	 6.816992e-01	 1.094124e-03	 9.063739e-02	 1.014421e+05	 1.013801e+05	 6.201723e+01	 1	 5.078370e+03	 5.315712e-03	 5.539549e-03	 4.117993e+01	 2.813299e+02	 
 2.259674e-01	 6.779337e-01	 6.297333e-04	 8.908992e-02	 1.014204e+05	 1.013801e+05	 4.032082e+01	 1	 5.048986e+03	 6.540947e-03	 6.752477e-03	 1.039611e+02	 3.835574e+02	 
 1.995351e-01	 6.319169e-01	 -9.154030e-04	 1.406078e-01	 7.150479e+04	 7.153648e+04	 3.168840e+01	 0	 4.481200e+02	 2.891295e-02	 2.904830e-02	 1.343587e+02	 3.030809e+02	 
 -3.666332e-01	 9.219695e-01	 -9.641519e-04	 4.310064e-01	 8.717530e+04	 8.719576e+04	 2.045989e+01	 0	 1.787997e+03	 1.464588e-02	 1.486594e-02	 2.425788e+02	 2.885803e+02	 
 -3.666332e-01	 9.219695e-01	 -9.641519e-04	 4.310064e-01	 8.717530e+04	 8.719576e+04	 2.045989e+01	 0	 1.787997e+03	 1.464588e-02	 1.486594e-02	 2.425788e+02	 2.885803e+02	 
 1.995351e-01	 6.319169e-01	 -9.154030e-04	 1.406078e-01	 7.150479e+04	 7.153648e+04	 3.168840e+01	 0	 4.481200e+02	 2.891295e-02	 2.904830e-02	 1.343587e+02	 3.030809e+02	 
 2.375456e-01	 6.630080e-01	 1.614345e-02	 8.573720e-02	 7.641159e+04	 7.572032e+04	 6.912643e+02	 1	 4.234875e+03	 2.506128e-03	 3.727854e+01	 3.864466e+02	 1.597458e+02	 
 2.020564e-01	 6.964415e-01	 5.746852e-03	 9.714005e-02	 7.594111e+04	 7.572032e+04	 2.207865e+02	 1	 4.271109e+03	 1.409347e-03	 1.917471e+01	 1.156664e+02	 2.119009e+02	 
 