Condicionamento
7.663462e+04	 1	 0	 
 4.493064e+03	 1	 0	 
 2.893042e+03	 1	 0	 
 4.423665e+04	 1	 0	 
 4.963703e+03	 1	 0	 
 5.185829e+04	 1	 0	 
 3.535642e+03	 1	 0	 
 1.440922e+04	 1	 0	 
 4.476688e+03	 1	 0	 
 1.118367e+04	 1	 0	 
 1.118367e+04	 1	 1	 
 3.535642e+03	 1	 2	 
 3.535642e+03	 1	 3	 
 1.118367e+04	 2	 1	 
 4.423665e+04	 2	 2	 
 4.423665e+04	 2	 3	 
 1.118367e+04	 3	 1	 
 4.963703e+03	 3	 2	 
 4.963703e+03	 3	 3	 
 1.118367e+04	 4	 1	 
 1.118367e+04	 4	 2	 
 1.118367e+04	 4	 3	 
 1.118367e+04	 5	 1	 
 1.440922e+04	 5	 2	 
 1.440922e+04	 5	 3	 
 1.118367e+04	 6	 1	 
 4.493064e+03	 6	 2	 
 4.493064e+03	 6	 3	 
 1.118367e+04	 7	 1	 
 4.423665e+04	 7	 2	 
 4.423665e+04	 7	 3	 
 1.118367e+04	 8	 1	 
 1.440922e+04	 8	 2	 
 1.440922e+04	 8	 3	 
 1.118367e+04	 9	 1	 
 5.185829e+04	 9	 2	 
 5.185829e+04	 9	 3	 
 1.118367e+04	 10	 1	 
 1.118367e+04	 10	 2	 
 1.118367e+04	 10	 3	 
 