8.335103e-04	 8.335103e-04	 8.335103e-04	 2.007249e-14	 2.007249e-14	 2.007249e-14	 
 8.335103e-04	 8.335103e-04	 8.335103e-04	 2.007249e-14	 2.007249e-14	 2.007249e-14	 
 8.335103e-04	 8.335103e-04	 8.335103e-04	 2.007249e-14	 2.007249e-14	 2.007249e-14	 
 8.335103e-04	 8.335103e-04	 8.335103e-04	 2.007249e-14	 2.007249e-14	 2.007249e-14	 
 8.335103e-04	 8.335103e-04	 8.335103e-04	 2.007249e-14	 2.007249e-14	 2.007249e-14	 
 8.335103e-04	 8.335103e-04	 8.335103e-04	 2.007249e-14	 2.007249e-14	 2.007249e-14	 
 8.335103e-04	 8.335103e-04	 8.335103e-04	 2.007249e-14	 2.007249e-14	 2.007249e-14	 
 8.335103e-04	 8.335103e-04	 8.335103e-04	 2.007249e-14	 2.007249e-14	 2.007249e-14	 
 8.335103e-04	 8.335103e-04	 8.335103e-04	 2.007249e-14	 2.007249e-14	 2.007249e-14	 
 8.335103e-04	 8.335103e-04	 8.335103e-04	 2.007249e-14	 2.007249e-14	 2.007249e-14	 
 8.335103e-04	 8.335103e-04	 8.335103e-04	 2.007249e-14	 2.007249e-14	 2.007249e-14	 
 8.335103e-04	 8.335103e-04	 8.335103e-04	 2.007249e-14	 2.007249e-14	 2.007249e-14	 
 8.335103e-04	 8.335103e-04	 8.335103e-04	 2.007249e-14	 2.007249e-14	 2.007249e-14	 
 8.335103e-04	 8.335103e-04	 8.335103e-04	 2.007249e-14	 2.007249e-14	 2.007249e-14	 
 8.335103e-04	 8.335103e-04	 8.335103e-04	 2.007249e-14	 2.007249e-14	 2.007249e-14	 
 8.335103e-04	 8.335103e-04	 8.335103e-04	 2.007249e-14	 2.007249e-14	 2.007249e-14	 
 8.335103e-04	 8.335103e-04	 8.335103e-04	 2.007249e-14	 2.007249e-14	 2.007249e-14	 
 8.335103e-04	 8.335103e-04	 8.335103e-04	 2.007249e-14	 2.007249e-14	 2.007249e-14	 
 8.335103e-04	 8.335103e-04	 8.335103e-04	 2.007249e-14	 2.007249e-14	 2.007249e-14	 
 8.335103e-04	 8.335103e-04	 8.335103e-04	 2.007249e-14	 2.007249e-14	 2.007249e-14	 
 8.335103e-04	 1.734425e-03	 7.884646e-04	 2.007249e-14	 2.316723e-15	 2.007249e-14	 
 8.335103e-04	 1.734425e-03	 7.434189e-04	 2.007249e-14	 2.316723e-15	 2.007249e-14	 
 8.335103e-04	 1.734425e-03	 6.983731e-04	 2.007249e-14	 2.316723e-15	 2.007249e-14	 
 8.335103e-04	 1.734425e-03	 6.533274e-04	 2.007249e-14	 2.316723e-15	 2.007249e-14	 
 8.335103e-04	 1.734425e-03	 6.082817e-04	 2.007249e-14	 2.316723e-15	 2.007249e-14	 
 