minimo	maximo	maximTot	minimTot	
3.062873e-05	 2.051463e+00	 1.302659e-03	 6.786384e-03	 
 3.062873e-05	 2.051463e+00	 6.996064e-03	 3.529878e-01	 
 3.062873e-05	 2.051463e+00	 4.753483e-01	 5.694550e-01	 
 3.062873e-05	 2.051463e+00	 6.870260e-02	 9.550167e-02	 
 1.903060e-05	 3.070507e+00	 1.302659e-03	 1.146264e-02	 
 1.903060e-05	 3.070507e+00	 1.936314e-03	 8.149175e-01	 
 1.903060e-05	 3.070507e+00	 3.347419e-01	 6.580767e-01	 
 1.903060e-05	 3.070507e+00	 7.337858e-02	 1.117460e-01	 
 1.212701e-04	 2.761490e+00	 1.936314e-03	 6.813488e-01	 
 1.212701e-04	 2.761490e+00	 1.976538e-01	 9.750237e-01	 
 1.212701e-04	 2.761490e+00	 3.783563e-01	 7.451747e-01	 
 1.212701e-04	 2.761490e+00	 7.593451e-02	 1.117460e-01	 
 1.484264e-05	 2.074280e+00	 1.936314e-03	 4.640135e-03	 
 1.484264e-05	 2.074280e+00	 4.197909e-03	 7.271292e-03	 
 1.484264e-05	 2.074280e+00	 3.986670e-01	 9.740725e-01	 
 1.484264e-05	 2.074280e+00	 8.952729e-02	 1.099755e-01	 
 5.838652e-06	 2.990442e+00	 2.084285e-03	 8.490989e-03	 
 5.838652e-06	 2.990442e+00	 1.976538e-01	 9.382180e-01	 
 5.838652e-06	 2.990442e+00	 4.363198e-01	 9.807999e-01	 
 5.838652e-06	 2.990442e+00	 7.593451e-02	 9.873283e-02	 
 4.042674e-04	 2.251336e+00	 1.936314e-03	 8.149175e-01	 
 4.042674e-04	 2.251336e+00	 1.936314e-03	 9.382180e-01	 
 4.042674e-04	 2.251336e+00	 3.986670e-01	 5.349070e-01	 
 4.042674e-04	 2.251336e+00	 9.512563e-02	 1.117460e-01	 
 1.301936e-04	 1.767088e+00	 2.084285e-03	 8.263146e-01	 
 1.301936e-04	 1.767088e+00	 6.996064e-03	 9.750237e-01	 
 1.301936e-04	 1.767088e+00	 3.986670e-01	 4.710436e-01	 
 1.301936e-04	 1.767088e+00	 7.337858e-02	 8.925532e-02	 
 1.356515e-04	 2.049538e+00	 2.084285e-03	 3.529878e-01	 
 1.356515e-04	 2.049538e+00	 3.477680e-03	 3.529878e-01	 
 1.356515e-04	 2.049538e+00	 3.783563e-01	 7.451747e-01	 
 1.356515e-04	 2.049538e+00	 6.870260e-02	 1.117460e-01	 
 9.998948e-06	 1.951285e+00	 1.936314e-03	 8.149175e-01	 
 9.998948e-06	 1.951285e+00	 3.477680e-03	 8.490989e-03	 
 9.998948e-06	 1.951285e+00	 3.347419e-01	 7.451747e-01	 
 9.998948e-06	 1.951285e+00	 7.593451e-02	 1.071121e-01	 
 7.152824e-05	 1.741915e+00	 3.025286e-03	 1.346671e-02	 
 7.152824e-05	 1.741915e+00	 3.025286e-03	 7.271292e-03	 
 7.152824e-05	 1.741915e+00	 3.986670e-01	 5.349070e-01	 
 7.152824e-05	 1.741915e+00	 8.163452e-02	 1.117460e-01	 
 4.438250e-05	 3.598395e+00	 3.025286e-03	 1.346671e-02	 
 7.386285e-05	 3.607346e+00	 2.384852e-03	 1.346671e-02	 
 5.741920e-05	 3.603013e+00	 2.783298e-03	 1.346671e-02	 
 7.067381e-05	 3.602125e+00	 3.025286e-03	 1.346671e-02	 
 6.054111e-07	 3.593542e+00	 3.025286e-03	 1.346671e-02	 
 3.101602e-05	 3.594570e+00	 1.936314e-03	 1.346671e-02	 
 3.623772e-05	 3.584719e+00	 3.025286e-03	 1.346671e-02	 
 5.051492e-05	 3.595828e+00	 2.804672e-03	 1.346671e-02	 
 1.571631e-05	 3.601668e+00	 3.025286e-03	 1.346671e-02	 
 6.480259e-05	 3.606419e+00	 3.025286e-03	 1.346671e-02	 
 3.203584e-05	 3.604236e+00	 3.025286e-03	 1.346671e-02	 
 9.024091e-05	 3.596881e+00	 3.025286e-03	 1.346671e-02	 
 3.578492e-05	 3.598398e+00	 3.025286e-03	 1.346671e-02	 
 1.270281e-05	 3.590049e+00	 3.025286e-03	 1.346671e-02	 
 1.150424e-04	 3.604990e+00	 2.084285e-03	 1.346671e-02	 
 1.083760e-05	 3.607634e+00	 3.025286e-03	 1.581497e-02	 
 1.234156e-04	 3.567861e+00	 3.025286e-03	 3.623321e-02	 
 1.178262e-04	 3.492236e+00	 3.025286e-03	 8.797678e-02	 
 1.204848e-04	 3.367723e+00	 3.025286e-03	 1.976538e-01	 
 5.913186e-05	 3.129488e+00	 3.025286e-03	 3.529878e-01	 
 7.447981e-05	 2.852379e+00	 3.025286e-03	 5.300687e-01	 
 1.007696e-04	 2.112925e+00	 3.025286e-03	 6.813488e-01	 
 1.839208e-04	 2.112917e+00	 3.025286e-03	 8.149175e-01	 
 6.061795e-05	 3.602283e+00	 3.025286e-03	 1.146264e-02	 
 5.597168e-05	 3.590620e+00	 1.302659e-03	 1.346671e-02	 
 1.006421e-05	 3.591012e+00	 2.641855e-03	 1.346671e-02	 
 1.429410e-05	 3.594312e+00	 2.283634e-03	 1.346671e-02	 
 4.438250e-05	 3.598395e+00	 3.025286e-03	 1.346671e-02	 
 7.386285e-05	 3.607346e+00	 2.384852e-03	 1.346671e-02	 
 5.741920e-05	 3.603013e+00	 2.783298e-03	 1.346671e-02	 
 7.067381e-05	 3.602125e+00	 3.025286e-03	 1.346671e-02	 
 6.054111e-07	 3.593542e+00	 3.025286e-03	 1.346671e-02	 
 3.101602e-05	 3.594570e+00	 1.936314e-03	 1.346671e-02	 
 3.623772e-05	 3.584719e+00	 3.025286e-03	 1.346671e-02	 
 5.051492e-05	 3.595828e+00	 2.804672e-03	 1.346671e-02	 
 1.571631e-05	 3.601668e+00	 3.025286e-03	 1.346671e-02	 
 6.480259e-05	 3.606419e+00	 3.025286e-03	 1.346671e-02	 
 3.203584e-05	 3.604236e+00	 3.025286e-03	 1.346671e-02	 
 9.024091e-05	 3.596881e+00	 3.025286e-03	 1.346671e-02	 
 3.578492e-05	 3.598398e+00	 3.025286e-03	 1.346671e-02	 
 1.270281e-05	 3.590049e+00	 3.025286e-03	 1.346671e-02	 
 1.150424e-04	 3.604990e+00	 2.084285e-03	 1.346671e-02	 
 4.438250e-05	 3.598395e+00	 3.025286e-03	 1.346671e-02	 
 7.386285e-05	 3.607346e+00	 2.384852e-03	 1.346671e-02	 
 5.741920e-05	 3.603013e+00	 2.783298e-03	 1.346671e-02	 
 7.067381e-05	 3.602125e+00	 3.025286e-03	 1.346671e-02	 
 6.054111e-07	 3.593542e+00	 3.025286e-03	 1.346671e-02	 
 3.101602e-05	 3.594570e+00	 1.936314e-03	 1.346671e-02	 
 3.623772e-05	 3.584719e+00	 3.025286e-03	 1.346671e-02	 
 5.051492e-05	 3.595828e+00	 2.804672e-03	 1.346671e-02	 
 1.571631e-05	 3.601668e+00	 3.025286e-03	 1.346671e-02	 
 6.480259e-05	 3.606419e+00	 3.025286e-03	 1.346671e-02	 
 3.203584e-05	 3.604236e+00	 3.025286e-03	 1.346671e-02	 
 9.024091e-05	 3.596881e+00	 3.025286e-03	 1.346671e-02	 
 3.578492e-05	 3.598398e+00	 3.025286e-03	 1.346671e-02	 
 1.270281e-05	 3.590049e+00	 3.025286e-03	 1.346671e-02	 
 1.150424e-04	 3.604990e+00	 2.084285e-03	 1.346671e-02	 
 1.083760e-05	 3.607634e+00	 3.025286e-03	 1.581497e-02	 
 1.234156e-04	 3.567861e+00	 3.025286e-03	 3.623321e-02	 
 1.178262e-04	 3.492236e+00	 3.025286e-03	 8.797678e-02	 
 1.204848e-04	 3.367723e+00	 3.025286e-03	 1.976538e-01	 
 5.913186e-05	 3.129488e+00	 3.025286e-03	 3.529878e-01	 
 7.447981e-05	 2.852379e+00	 3.025286e-03	 5.300687e-01	 
 1.007696e-04	 2.112925e+00	 3.025286e-03	 6.813488e-01	 
 1.839208e-04	 2.112917e+00	 3.025286e-03	 8.149175e-01	 
 4.438250e-05	 3.598395e+00	 3.025286e-03	 1.346671e-02	 
 7.386285e-05	 3.607346e+00	 2.384852e-03	 1.346671e-02	 
 5.741920e-05	 3.603013e+00	 2.783298e-03	 1.346671e-02	 
 7.067381e-05	 3.602125e+00	 3.025286e-03	 1.346671e-02	 
 6.054111e-07	 3.593542e+00	 3.025286e-03	 1.346671e-02	 
 3.101602e-05	 3.594570e+00	 1.936314e-03	 1.346671e-02	 
 3.623772e-05	 3.584719e+00	 3.025286e-03	 1.346671e-02	 
 5.051492e-05	 3.595828e+00	 2.804672e-03	 1.346671e-02	 
 1.571631e-05	 3.601668e+00	 3.025286e-03	 1.346671e-02	 
 6.480259e-05	 3.606419e+00	 3.025286e-03	 1.346671e-02	 
 3.203584e-05	 3.604236e+00	 3.025286e-03	 1.346671e-02	 
 9.024091e-05	 3.596881e+00	 3.025286e-03	 1.346671e-02	 
 3.578492e-05	 3.598398e+00	 3.025286e-03	 1.346671e-02	 
 1.270281e-05	 3.590049e+00	 3.025286e-03	 1.346671e-02	 
 1.150424e-04	 3.604990e+00	 2.084285e-03	 1.346671e-02	 
 1.083760e-05	 3.607634e+00	 3.025286e-03	 1.581497e-02	 
 1.234156e-04	 3.567861e+00	 3.025286e-03	 3.623321e-02	 
 1.178262e-04	 3.492236e+00	 3.025286e-03	 8.797678e-02	 
 1.204848e-04	 3.367723e+00	 3.025286e-03	 1.976538e-01	 
 5.913186e-05	 3.129488e+00	 3.025286e-03	 3.529878e-01	 
 7.447981e-05	 2.852379e+00	 3.025286e-03	 5.300687e-01	 
 1.007696e-04	 2.112925e+00	 3.025286e-03	 6.813488e-01	 
 1.839208e-04	 2.112917e+00	 3.025286e-03	 8.149175e-01	 
 7.858154e-05	 3.621330e+00	 3.025286e-03	 1.346671e-02	 
 4.759977e-05	 3.586915e+00	 3.025286e-03	 1.346671e-02	 
 4.472343e-05	 3.613779e+00	 3.025286e-03	 1.346671e-02	 
 5.579984e-05	 3.616052e+00	 3.025286e-03	 1.346671e-02	 
 5.959666e-05	 3.611420e+00	 3.025286e-03	 1.346671e-02	 
 3.343372e-05	 3.591953e+00	 3.025286e-03	 1.346671e-02	 
 3.194133e-05	 3.630110e+00	 3.025286e-03	 1.346671e-02	 
 1.082544e-04	 3.610361e+00	 3.025286e-03	 1.346671e-02	 
 9.457326e-05	 3.598781e+00	 3.025286e-03	 1.346671e-02	 
 3.698312e-06	 3.607212e+00	 3.025286e-03	 1.346671e-02	 
 2.588986e-05	 3.615634e+00	 3.025286e-03	 1.346671e-02	 
 1.198486e-04	 3.618631e+00	 3.025286e-03	 1.346671e-02	 
 1.133623e-04	 3.615474e+00	 3.025286e-03	 1.346671e-02	 
 2.342588e-05	 3.597797e+00	 3.025286e-03	 1.346671e-02	 
 9.212544e-05	 3.614796e+00	 3.025286e-03	 1.346671e-02	 
 1.037142e-04	 3.607944e+00	 3.025286e-03	 1.346671e-02	 
 1.191503e-04	 3.595827e+00	 3.025286e-03	 1.346671e-02	 
 6.056282e-05	 3.622471e+00	 3.025286e-03	 1.346671e-02	 
 6.061795e-05	 3.602283e+00	 3.025286e-03	 1.146264e-02	 
 6.054111e-07	 3.593542e+00	 3.025286e-03	 1.346671e-02	 
 3.101602e-05	 3.594570e+00	 1.936314e-03	 1.346671e-02	 
 3.623772e-05	 3.584719e+00	 3.025286e-03	 1.346671e-02	 
 5.051492e-05	 3.595828e+00	 2.804672e-03	 1.346671e-02	 
 1.571631e-05	 3.601668e+00	 3.025286e-03	 1.346671e-02	 
 6.480259e-05	 3.606419e+00	 3.025286e-03	 1.346671e-02	 
 3.203584e-05	 3.604236e+00	 3.025286e-03	 1.346671e-02	 
 9.024091e-05	 3.596881e+00	 3.025286e-03	 1.346671e-02	 
 3.578492e-05	 3.598398e+00	 3.025286e-03	 1.346671e-02	 
 1.270281e-05	 3.590049e+00	 3.025286e-03	 1.346671e-02	 
 1.150424e-04	 3.604990e+00	 2.084285e-03	 1.346671e-02	 
 1.150424e-04	 3.604990e+00	 2.084285e-03	 1.346671e-02	 
 1.083760e-05	 3.607634e+00	 3.025286e-03	 1.581497e-02	 
 1.234156e-04	 3.567861e+00	 3.025286e-03	 3.623321e-02	 
 1.178262e-04	 3.492236e+00	 3.025286e-03	 8.797678e-02	 
 1.204848e-04	 3.367723e+00	 3.025286e-03	 1.976538e-01	 
 5.913186e-05	 3.129488e+00	 3.025286e-03	 3.529878e-01	 
 7.447981e-05	 2.852379e+00	 3.025286e-03	 5.300687e-01	 
 1.007696e-04	 2.112925e+00	 3.025286e-03	 6.813488e-01	 
 1.839208e-04	 2.112917e+00	 3.025286e-03	 8.149175e-01	 
 1.725412e-04	 2.112944e+00	 3.025286e-03	 8.263146e-01	 
 6.061795e-05	 3.602283e+00	 3.025286e-03	 1.146264e-02	 
 5.597168e-05	 3.590620e+00	 1.302659e-03	 1.346671e-02	 
 1.006421e-05	 3.591012e+00	 2.641855e-03	 1.346671e-02	 
 1.429410e-05	 3.594312e+00	 2.283634e-03	 1.346671e-02	 
 4.438250e-05	 3.598395e+00	 3.025286e-03	 1.346671e-02	 
 7.386285e-05	 3.607346e+00	 2.384852e-03	 1.346671e-02	 
 5.741920e-05	 3.603013e+00	 2.783298e-03	 1.346671e-02	 
 7.067381e-05	 3.602125e+00	 3.025286e-03	 1.346671e-02	 
 6.054111e-07	 3.593542e+00	 3.025286e-03	 1.346671e-02	 
 3.101602e-05	 3.594570e+00	 1.936314e-03	 1.346671e-02	 
 3.623772e-05	 3.584719e+00	 3.025286e-03	 1.346671e-02	 
 5.051492e-05	 3.595828e+00	 2.804672e-03	 1.346671e-02	 
 1.571631e-05	 3.601668e+00	 3.025286e-03	 1.346671e-02	 
 6.480259e-05	 3.606419e+00	 3.025286e-03	 1.346671e-02	 
 3.203584e-05	 3.604236e+00	 3.025286e-03	 1.346671e-02	 
 9.024091e-05	 3.596881e+00	 3.025286e-03	 1.346671e-02	 
 3.578492e-05	 3.598398e+00	 3.025286e-03	 1.346671e-02	 
 1.270281e-05	 3.590049e+00	 3.025286e-03	 1.346671e-02	 
 1.150424e-04	 3.604990e+00	 2.084285e-03	 1.346671e-02	 
 3.101602e-05	 3.594570e+00	 1.936314e-03	 1.346671e-02	 
 3.623772e-05	 3.584719e+00	 3.025286e-03	 1.346671e-02	 
 5.051492e-05	 3.595828e+00	 2.804672e-03	 1.346671e-02	 
 1.571631e-05	 3.601668e+00	 3.025286e-03	 1.346671e-02	 
 6.480259e-05	 3.606419e+00	 3.025286e-03	 1.346671e-02	 
 3.203584e-05	 3.604236e+00	 3.025286e-03	 1.346671e-02	 
 9.024091e-05	 3.596881e+00	 3.025286e-03	 1.346671e-02	 
 3.578492e-05	 3.598398e+00	 3.025286e-03	 1.346671e-02	 
 1.270281e-05	 3.590049e+00	 3.025286e-03	 1.346671e-02	 
 1.150424e-04	 3.604990e+00	 2.084285e-03	 1.346671e-02	 
 1.083760e-05	 3.607634e+00	 3.025286e-03	 1.581497e-02	 
 1.234156e-04	 3.567861e+00	 3.025286e-03	 3.623321e-02	 
 1.178262e-04	 3.492236e+00	 3.025286e-03	 8.797678e-02	 
 1.204848e-04	 3.367723e+00	 3.025286e-03	 1.976538e-01	 
 5.913186e-05	 3.129488e+00	 3.025286e-03	 3.529878e-01	 
 7.447981e-05	 2.852379e+00	 3.025286e-03	 5.300687e-01	 
 1.007696e-04	 2.112925e+00	 3.025286e-03	 6.813488e-01	 
 6.480259e-05	 3.606419e+00	 3.025286e-03	 1.346671e-02	 
 3.203584e-05	 3.604236e+00	 3.025286e-03	 1.346671e-02	 
 9.024091e-05	 3.596881e+00	 3.025286e-03	 1.346671e-02	 
 3.578492e-05	 3.598398e+00	 3.025286e-03	 1.346671e-02	 
 1.270281e-05	 3.590049e+00	 3.025286e-03	 1.346671e-02	 
 1.150424e-04	 3.604990e+00	 2.084285e-03	 1.346671e-02	 
 1.083760e-05	 3.607634e+00	 3.025286e-03	 1.581497e-02	 
 1.234156e-04	 3.567861e+00	 3.025286e-03	 3.623321e-02	 
 1.178262e-04	 3.492236e+00	 3.025286e-03	 8.797678e-02	 
 1.204848e-04	 3.367723e+00	 3.025286e-03	 1.976538e-01	 
 5.913186e-05	 3.129488e+00	 3.025286e-03	 3.529878e-01	 
 