s	 e	 nS	 nE	 p	 f
0	 0	 0	 0	 0	 0	 
 26	 42	 780	 44	 0	 -736	 
 26	 42	 780	 50	 0	 -730	 
 26	 42	 780	 50	 0	 -730	 
 26	 42	 780	 48	 0	 -732	 
 26	 42	 780	 50	 0	 -730	 
 26	 42	 780	 48	 0	 -732	 
 26	 42	 780	 47	 0	 -733	 
 26	 42	 780	 47	 0	 -733	 
 26	 42	 780	 44	 0	 -736	 
 26	 42	 780	 50	 0	 -730	 
 26	 42	 780	 48	 0	 -732	 
 26	 42	 780	 50	 0	 -730	 
 26	 42	 780	 48	 0	 -732	 
 26	 42	 780	 51	 0	 -729	 
 26	 42	 780	 51	 0	 -729	 
 26	 42	 780	 50	 0	 -730	 
 26	 42	 780	 50	 0	 -730	 
 26	 42	 780	 45	 0	 -735	 
 26	 42	 780	 45	 0	 -735	 
 26	 42	 780	 50	 0	 -730	 
 26	 42	 780	 47	 0	 -733	 
 26	 42	 780	 43	 0	 -737	 
 26	 42	 780	 48	 0	 -732	 
 26	 42	 780	 46	 0	 -734	 
 26	 42	 780	 49	 0	 -731	 
 26	 42	 780	 45	 0	 -735	 
 26	 42	 780	 50	 0	 -730	 
 26	 42	 780	 49	 0	 -731	 
 26	 42	 780	 43	 0	 -737	 
 26	 42	 780	 47	 0	 -733	 
 26	 42	 780	 46	 0	 -734	 
 26	 42	 780	 45	 0	 -735	 
 26	 42	 780	 48	 0	 -732	 
 26	 42	 780	 47	 0	 -733	 
 26	 42	 780	 51	 0	 -729	 
 26	 42	 780	 46	 0	 -734	 
 26	 42	 780	 44	 0	 -736	 
 26	 42	 780	 45	 0	 -735	 
 26	 42	 780	 51	 0	 -729	 
 26	 42	 780	 48	 0	 -732	 
 26	 42	 780	 50	 0	 -730	 
 26	 42	 780	 49	 0	 -731	 
 26	 42	 780	 48	 0	 -732	 
 26	 42	 780	 50	 0	 -730	 
 26	 42	 780	 47	 0	 -733	 
 26	 42	 780	 49	 0	 -731	 
 26	 42	 780	 45	 0	 -735	 
 26	 42	 780	 44	 0	 -736	 
 26	 42	 780	 45	 0	 -735	 
 26	 42	 780	 49	 0	 -731	 
 26	 42	 780	 48	 0	 -732	 
 26	 42	 780	 49	 0	 -731	 
 26	 42	 780	 50	 0	 -730	 
 26	 42	 780	 43	 0	 -737	 
 26	 42	 780	 51	 0	 -729	 
 26	 42	 780	 46	 0	 -734	 
 26	 42	 780	 48	 0	 -732	 
 26	 42	 780	 44	 0	 -736	 
 26	 42	 780	 44	 0	 -736	 
 26	 42	 780	 50	 0	 -730	 
 26	 42	 780	 44	 0	 -736	 
 26	 42	 780	 51	 0	 -729	 
 26	 42	 780	 49	 0	 -731	 
 26	 42	 780	 46	 0	 -734	 
 26	 42	 780	 49	 0	 -731	 
 26	 42	 780	 44	 0	 -736	 
 26	 42	 780	 43	 0	 -737	 
 26	 42	 780	 49	 0	 -731	 
 26	 42	 780	 45	 0	 -735	 
 26	 42	 780	 48	 0	 -732	 
 26	 42	 780	 49	 0	 -731	 
 26	 42	 780	 44	 0	 -736	 
 26	 42	 780	 43	 0	 -737	 
 26	 42	 780	 49	 0	 -731	 
 26	 42	 780	 51	 0	 -729	 
 26	 42	 780	 45	 0	 -735	 
 26	 42	 780	 49	 0	 -731	 
 26	 42	 780	 43	 0	 -737	 
 26	 42	 780	 49	 0	 -731	 
 26	 42	 780	 44	 0	 -736	 
 26	 42	 780	 45	 0	 -735	 
 26	 42	 780	 49	 0	 -731	 
 26	 42	 780	 48	 0	 -732	 
 26	 42	 780	 46	 0	 -734	 
 26	 42	 780	 44	 0	 -736	 
 26	 42	 780	 43	 0	 -737	 
 26	 42	 780	 44	 0	 -736	 
 26	 42	 780	 44	 0	 -736	 
 26	 42	 780	 45	 0	 -735	 
 26	 42	 780	 48	 0	 -732	 
 26	 42	 780	 48	 0	 -732	 
 26	 42	 780	 45	 0	 -735	 
 26	 42	 780	 50	 0	 -730	 
 26	 42	 780	 47	 0	 -733	 
 26	 42	 780	 45	 0	 -735	 
 26	 42	 780	 45	 0	 -735	 
 26	 42	 780	 48	 0	 -732	 
 26	 42	 780	 50	 0	 -730	 
 26	 42	 780	 44	 0	 -736	 
 0	 0	 0	 0	 0	 0	 
 0	 0	 0	 0	 0	 0	 
 47	 59	 780	 60	 0	 -720	 
 47	 59	 780	 65	 0	 -715	 
 47	 59	 780	 65	 0	 -715	 
 47	 59	 780	 64	 0	 -716	 
 47	 59	 780	 62	 0	 -718	 
 47	 59	 780	 62	 0	 -718	 
 47	 59	 780	 63	 0	 -717	 
 47	 59	 780	 62	 0	 -718	 
 47	 59	 780	 60	 0	 -720	 
 47	 59	 780	 60	 0	 -720	 
 47	 59	 780	 65	 0	 -715	 
 47	 59	 780	 61	 0	 -719	 
 47	 59	 780	 60	 0	 -720	 
 47	 59	 780	 64	 0	 -716	 
 47	 59	 780	 60	 0	 -720	 
 47	 59	 780	 60	 0	 -720	 
 47	 59	 780	 62	 0	 -718	 
 47	 59	 780	 62	 0	 -718	 
 47	 59	 780	 66	 0	 -714	 
 47	 59	 780	 66	 0	 -714	 
 47	 59	 780	 60	 0	 -720	 
 47	 59	 780	 61	 0	 -719	 
 47	 59	 780	 65	 0	 -715	 
 47	 59	 780	 64	 0	 -716	 
 47	 59	 780	 60	 0	 -720	 
 47	 59	 780	 64	 0	 -716	 
 47	 59	 780	 66	 0	 -714	 
 47	 59	 780	 61	 0	 -719	 
 47	 59	 780	 63	 0	 -717	 
 47	 59	 780	 61	 0	 -719	 
 47	 59	 780	 64	 0	 -716	 
 47	 59	 780	 62	 0	 -718	 
 47	 59	 780	 62	 0	 -718	 
 47	 59	 780	 65	 0	 -715	 
 47	 59	 780	 62	 0	 -718	 
 47	 59	 780	 64	 0	 -716	 
 47	 59	 780	 65	 0	 -715	 
 47	 59	 780	 61	 0	 -719	 
 47	 59	 780	 64	 0	 -716	 
 47	 59	 780	 65	 0	 -715	 
 47	 59	 780	 65	 0	 -715	 
 47	 59	 780	 61	 0	 -719	 
 47	 59	 780	 65	 0	 -715	 
 47	 59	 780	 63	 0	 -717	 
 47	 59	 780	 64	 0	 -716	 
 47	 59	 780	 62	 0	 -718	 
 47	 59	 780	 65	 0	 -715	 
 47	 59	 780	 62	 0	 -718	 
 47	 59	 780	 60	 0	 -720	 
 47	 59	 780	 65	 0	 -715	 
 47	 59	 780	 66	 0	 -714	 
 47	 59	 780	 61	 0	 -719	 
 47	 59	 780	 61	 0	 -719	 
 47	 59	 780	 66	 0	 -714	 
 47	 59	 780	 64	 0	 -716	 
 47	 59	 780	 61	 0	 -719	 
 47	 59	 780	 65	 0	 -715	 
 47	 59	 780	 63	 0	 -717	 
 47	 59	 780	 61	 0	 -719	 
 47	 59	 780	 65	 0	 -715	 
 47	 59	 780	 63	 0	 -717	 
 47	 59	 780	 63	 0	 -717	 
 47	 59	 780	 62	 0	 -718	 
 47	 59	 780	 60	 0	 -720	 
 47	 59	 780	 61	 0	 -719	 
 47	 59	 780	 63	 0	 -717	 
 47	 59	 780	 65	 0	 -715	 
 47	 59	 780	 63	 0	 -717	 
 47	 59	 780	 62	 0	 -718	 
 47	 59	 780	 62	 0	 -718	 
 47	 59	 780	 62	 0	 -718	 
 47	 59	 780	 60	 0	 -720	 
 47	 59	 780	 64	 0	 -716	 
 47	 59	 780	 65	 0	 -715	 
 47	 59	 780	 60	 0	 -720	 
 47	 59	 780	 63	 0	 -717	 
 47	 59	 780	 62	 0	 -718	 
 47	 59	 780	 62	 0	 -718	 
 47	 59	 780	 61	 0	 -719	 
 47	 59	 780	 64	 0	 -716	 
 47	 59	 780	 62	 0	 -718	 
 47	 59	 780	 62	 0	 -718	 
 47	 59	 780	 63	 0	 -717	 
 47	 59	 780	 65	 0	 -715	 
 47	 59	 780	 60	 0	 -720	 
 47	 59	 780	 65	 0	 -715	 
 47	 59	 780	 61	 0	 -719	 
 47	 59	 780	 63	 0	 -717	 
 47	 59	 780	 61	 0	 -719	 
 47	 59	 780	 63	 0	 -717	 
 47	 59	 780	 66	 0	 -714	 
 47	 59	 780	 62	 0	 -718	 
 47	 59	 780	 64	 0	 -716	 
 47	 59	 780	 65	 0	 -715	 
 47	 59	 780	 60	 0	 -720	 
 47	 59	 780	 60	 0	 -720	 
 47	 59	 780	 62	 0	 -718	 
 47	 59	 780	 64	 0	 -716	 
 47	 59	 780	 64	 0	 -716	 
 0	 0	 0	 0	 0	 0	 
 0	 0	 0	 0	 0	 0	 
 26	 42	 780	 48	 0	 -732	 
 26	 42	 780	 49	 0	 -731	 
 26	 42	 780	 48	 0	 -732	 
 26	 42	 780	 44	 0	 -736	 
 26	 42	 780	 43	 0	 -737	 
 26	 42	 780	 47	 0	 -733	 
 26	 42	 780	 43	 0	 -737	 
 26	 42	 780	 51	 0	 -729	 
 26	 42	 780	 47	 0	 -733	 
 26	 42	 780	 45	 0	 -735	 
 26	 42	 780	 46	 0	 -734	 
 26	 42	 780	 48	 0	 -732	 
 26	 42	 780	 48	 0	 -732	 
 26	 42	 780	 47	 0	 -733	 
 26	 42	 780	 49	 0	 -731	 
 26	 42	 780	 51	 0	 -729	 
 26	 42	 780	 50	 0	 -730	 
 26	 42	 780	 46	 0	 -734	 
 26	 42	 780	 51	 0	 -729	 
 26	 42	 780	 48	 0	 -732	 
 26	 42	 780	 45	 0	 -735	 
 26	 42	 780	 43	 0	 -737	 
 26	 42	 780	 47	 0	 -733	 
 26	 42	 780	 49	 0	 -731	 
 26	 42	 780	 46	 0	 -734	 
 26	 42	 780	 47	 0	 -733	 
 26	 42	 780	 44	 0	 -736	 
 26	 42	 780	 50	 0	 -730	 
 26	 42	 780	 49	 0	 -731	 
 26	 42	 780	 44	 0	 -736	 
 26	 42	 780	 43	 0	 -737	 
 26	 42	 780	 50	 0	 -730	 
 26	 42	 780	 45	 0	 -735	 
 26	 42	 780	 49	 0	 -731	 
 26	 42	 780	 46	 0	 -734	 
 26	 42	 780	 48	 0	 -732	 
 26	 42	 780	 50	 0	 -730	 
 26	 42	 780	 44	 0	 -736	 
 26	 42	 780	 48	 0	 -732	 
 26	 42	 780	 43	 0	 -737	 
 26	 42	 780	 45	 0	 -735	 
 26	 42	 780	 45	 0	 -735	 
 26	 42	 780	 45	 0	 -735	 
 26	 42	 780	 47	 0	 -733	 
 26	 42	 780	 50	 0	 -730	 
 26	 42	 780	 45	 0	 -735	 
 26	 42	 780	 49	 0	 -731	 
 26	 42	 780	 43	 0	 -737	 
 26	 42	 780	 47	 0	 -733	 
 26	 42	 780	 50	 0	 -730	 
 26	 42	 780	 45	 0	 -735	 
 26	 42	 780	 43	 0	 -737	 
 26	 42	 780	 48	 0	 -732	 
 26	 42	 780	 43	 0	 -737	 
 26	 42	 780	 45	 0	 -735	 
 26	 42	 780	 45	 0	 -735	 
 26	 42	 780	 49	 0	 -731	 
 26	 42	 780	 45	 0	 -735	 
 26	 42	 780	 43	 0	 -737	 
 26	 42	 780	 48	 0	 -732	 
 26	 42	 780	 50	 0	 -730	 
 26	 42	 780	 46	 0	 -734	 
 26	 42	 780	 46	 0	 -734	 
 26	 42	 780	 47	 0	 -733	 
 26	 42	 780	 44	 0	 -736	 
 26	 42	 780	 45	 0	 -735	 
 26	 42	 780	 46	 0	 -734	 
 26	 42	 780	 46	 0	 -734	 
 26	 42	 780	 44	 0	 -736	 
 26	 42	 780	 48	 0	 -732	 
 26	 42	 780	 44	 0	 -736	 
 26	 42	 780	 45	 0	 -735	 
 26	 42	 780	 50	 0	 -730	 
 26	 42	 780	 49	 0	 -731	 
 26	 42	 780	 46	 0	 -734	 
 26	 42	 780	 45	 0	 -735	 
 26	 42	 780	 51	 0	 -729	 
 26	 42	 780	 49	 0	 -731	 
 26	 42	 780	 44	 0	 -736	 
 26	 42	 780	 49	 0	 -731	 
 26	 42	 780	 46	 0	 -734	 
 26	 42	 780	 50	 0	 -730	 
 26	 42	 780	 51	 0	 -729	 
 26	 42	 780	 49	 0	 -731	 
 26	 42	 780	 46	 0	 -734	 
 26	 42	 780	 44	 0	 -736	 
 26	 42	 780	 43	 0	 -737	 
 26	 42	 780	 47	 0	 -733	 
 26	 42	 780	 48	 0	 -732	 
 26	 42	 780	 43	 0	 -737	 
 26	 42	 780	 44	 0	 -736	 
 26	 42	 780	 50	 0	 -730	 
 26	 42	 780	 46	 0	 -734	 
 26	 42	 780	 46	 0	 -734	 
 26	 42	 780	 46	 0	 -734	 
 26	 42	 780	 45	 0	 -735	 
 26	 42	 780	 50	 0	 -730	 
 26	 42	 780	 47	 0	 -733	 
 26	 42	 780	 46	 0	 -734	 
 0	 0	 0	 0	 0	 0	 
 0	 0	 0	 0	 0	 0	 
 45	 59	 780	 65	 0	 -715	 
 45	 59	 780	 64	 0	 -716	 
 45	 59	 780	 62	 0	 -718	 
 45	 59	 780	 65	 0	 -715	 
 45	 59	 780	 62	 0	 -718	 
 45	 59	 780	 62	 0	 -718	 
 45	 59	 780	 65	 0	 -715	 
 45	 59	 780	 60	 0	 -720	 
 45	 59	 780	 61	 0	 -719	 
 45	 59	 780	 63	 0	 -717	 
 45	 59	 780	 62	 0	 -718	 
 45	 59	 780	 63	 0	 -717	 
 45	 59	 780	 65	 0	 -715	 
 45	 59	 780	 66	 0	 -714	 
 45	 59	 780	 63	 0	 -717	 
 45	 59	 780	 64	 0	 -716	 
 45	 59	 780	 66	 0	 -714	 
 45	 59	 780	 63	 0	 -717	 
 45	 59	 780	 63	 0	 -717	 
 45	 59	 780	 66	 0	 -714	 
 45	 59	 780	 65	 0	 -715	 
 45	 59	 780	 66	 0	 -714	 
 45	 59	 780	 64	 0	 -716	 
 45	 59	 780	 60	 0	 -720	 
 45	 59	 780	 66	 0	 -714	 
 45	 59	 780	 60	 0	 -720	 
 45	 59	 780	 60	 0	 -720	 
 45	 59	 780	 62	 0	 -718	 
 45	 59	 780	 62	 0	 -718	 
 45	 59	 780	 62	 0	 -718	 
 45	 59	 780	 61	 0	 -719	 
 45	 59	 780	 60	 0	 -720	 
 45	 59	 780	 64	 0	 -716	 
 45	 59	 780	 64	 0	 -716	 
 45	 59	 780	 65	 0	 -715	 
 45	 59	 780	 63	 0	 -717	 
 45	 59	 780	 62	 0	 -718	 
 45	 59	 780	 64	 0	 -716	 
 45	 59	 780	 60	 0	 -720	 
 45	 59	 780	 66	 0	 -714	 
 45	 59	 780	 60	 0	 -720	 
 45	 59	 780	 66	 0	 -714	 
 45	 59	 780	 66	 0	 -714	 
 45	 59	 780	 66	 0	 -714	 
 45	 59	 780	 62	 0	 -718	 
 45	 59	 780	 60	 0	 -720	 
 45	 59	 780	 65	 0	 -715	 
 45	 59	 780	 63	 0	 -717	 
 45	 59	 780	 67	 0	 -713	 
 45	 59	 780	 60	 0	 -720	 
 45	 59	 780	 65	 0	 -715	 
 45	 59	 780	 66	 0	 -714	 
 45	 59	 780	 62	 0	 -718	 
 45	 59	 780	 67	 0	 -713	 
 45	 59	 780	 63	 0	 -717	 
 45	 59	 780	 67	 0	 -713	 
 45	 59	 780	 61	 0	 -719	 
 45	 59	 780	 63	 0	 -717	 
 45	 59	 780	 62	 0	 -718	 
 45	 59	 780	 66	 0	 -714	 
 45	 59	 780	 66	 0	 -714	 
 45	 59	 780	 64	 0	 -716	 
 45	 59	 780	 62	 0	 -718	 
 45	 59	 780	 64	 0	 -716	 
 45	 59	 780	 66	 0	 -714	 
 45	 59	 780	 66	 0	 -714	 
 45	 59	 780	 65	 0	 -715	 
 45	 59	 780	 66	 0	 -714	 
 45	 59	 780	 63	 0	 -717	 
 45	 59	 780	 60	 0	 -720	 
 45	 59	 780	 60	 0	 -720	 
 45	 59	 780	 62	 0	 -718	 
 45	 59	 780	 63	 0	 -717	 
 45	 59	 780	 66	 0	 -714	 
 45	 59	 780	 64	 0	 -716	 
 45	 59	 780	 63	 0	 -717	 
 45	 59	 780	 63	 0	 -717	 
 45	 59	 780	 61	 0	 -719	 
 45	 59	 780	 62	 0	 -718	 
 45	 59	 780	 60	 0	 -720	 
 45	 59	 780	 63	 0	 -717	 
 45	 59	 780	 63	 0	 -717	 
 45	 59	 780	 60	 0	 -720	 
 45	 59	 780	 65	 0	 -715	 
 45	 59	 780	 67	 0	 -713	 
 45	 59	 780	 62	 0	 -718	 
 45	 59	 780	 66	 0	 -714	 
 45	 59	 780	 60	 0	 -720	 
 45	 59	 780	 65	 0	 -715	 
 45	 59	 780	 61	 0	 -719	 
 45	 59	 780	 60	 0	 -720	 
 45	 59	 780	 62	 0	 -718	 
 45	 59	 780	 61	 0	 -719	 
 45	 59	 780	 64	 0	 -716	 
 45	 59	 780	 60	 0	 -720	 
 45	 59	 780	 64	 0	 -716	 
 45	 59	 780	 60	 0	 -720	 
 45	 59	 780	 60	 0	 -720	 
 45	 59	 780	 60	 0	 -720	 
 0	 0	 0	 0	 0	 0	 
 0	 0	 0	 0	 0	 0	 
 26	 42	 780	 45	 0	 -735	 
 26	 42	 780	 44	 0	 -736	 
 26	 42	 780	 44	 0	 -736	 
 26	 42	 780	 47	 0	 -733	 
 26	 42	 780	 43	 0	 -737	 
 26	 42	 780	 48	 0	 -732	 
 26	 42	 780	 44	 0	 -736	 
 26	 42	 780	 44	 0	 -736	 
 26	 42	 780	 46	 0	 -734	 
 26	 42	 780	 49	 0	 -731	 
 26	 42	 780	 50	 0	 -730	 
 26	 42	 780	 46	 0	 -734	 
 26	 42	 780	 51	 0	 -729	 
 26	 42	 780	 50	 0	 -730	 
 26	 42	 780	 49	 0	 -731	 
 26	 42	 780	 48	 0	 -732	 
 26	 42	 780	 45	 0	 -735	 
 26	 42	 780	 51	 0	 -729	 
 26	 42	 780	 46	 0	 -734	 
 26	 42	 780	 47	 0	 -733	 
 26	 42	 780	 45	 0	 -735	 
 26	 42	 780	 44	 0	 -736	 
 26	 42	 780	 49	 0	 -731	 
 26	 42	 780	 46	 0	 -734	 
 26	 42	 780	 44	 0	 -736	 
 26	 42	 780	 49	 0	 -731	 
 26	 42	 780	 50	 0	 -730	 
 26	 42	 780	 43	 0	 -737	 
 26	 42	 780	 44	 0	 -736	 
 26	 42	 780	 45	 0	 -735	 
 26	 42	 780	 45	 0	 -735	 
 26	 42	 780	 48	 0	 -732	 
 26	 42	 780	 47	 0	 -733	 
 26	 42	 780	 44	 0	 -736	 
 26	 42	 780	 48	 0	 -732	 
 26	 42	 780	 46	 0	 -734	 
 26	 42	 780	 45	 0	 -735	 
 26	 42	 780	 45	 0	 -735	 
 26	 42	 780	 45	 0	 -735	 
 26	 42	 780	 48	 0	 -732	 
 26	 42	 780	 44	 0	 -736	 
 26	 42	 780	 46	 0	 -734	 
 26	 42	 780	 43	 0	 -737	 
 26	 42	 780	 50	 0	 -730	 
 26	 42	 780	 48	 0	 -732	 
 26	 42	 780	 43	 0	 -737	 
 26	 42	 780	 49	 0	 -731	 
 26	 42	 780	 46	 0	 -734	 
 26	 42	 780	 51	 0	 -729	 
 26	 42	 780	 47	 0	 -733	 
 26	 42	 780	 44	 0	 -736	 
 26	 42	 780	 49	 0	 -731	 
 26	 42	 780	 49	 0	 -731	 
 26	 42	 780	 47	 0	 -733	 
 26	 42	 780	 43	 0	 -737	 
 26	 42	 780	 44	 0	 -736	 
 26	 42	 780	 48	 0	 -732	 
 26	 42	 780	 43	 0	 -737	 
 26	 42	 780	 45	 0	 -735	 
 26	 42	 780	 50	 0	 -730	 
 26	 42	 780	 45	 0	 -735	 
 26	 42	 780	 46	 0	 -734	 
 26	 42	 780	 47	 0	 -733	 
 26	 42	 780	 51	 0	 -729	 
 26	 42	 780	 47	 0	 -733	 
 26	 42	 780	 46	 0	 -734	 
 26	 42	 780	 46	 0	 -734	 
 26	 42	 780	 47	 0	 -733	 
 26	 42	 780	 51	 0	 -729	 
 26	 42	 780	 45	 0	 -735	 
 26	 42	 780	 45	 0	 -735	 
 26	 42	 780	 50	 0	 -730	 
 26	 42	 780	 44	 0	 -736	 
 26	 42	 780	 43	 0	 -737	 
 26	 42	 780	 45	 0	 -735	 
 26	 42	 780	 43	 0	 -737	 
 26	 42	 780	 47	 0	 -733	 
 26	 42	 780	 46	 0	 -734	 
 26	 42	 780	 47	 0	 -733	 
 26	 42	 780	 48	 0	 -732	 
 26	 42	 780	 44	 0	 -736	 
 26	 42	 780	 48	 0	 -732	 
 26	 42	 780	 46	 0	 -734	 
 26	 42	 780	 48	 0	 -732	 
 26	 42	 780	 49	 0	 -731	 
 26	 42	 780	 49	 0	 -731	 
 26	 42	 780	 50	 0	 -730	 
 26	 42	 780	 50	 0	 -730	 
 26	 42	 780	 45	 0	 -735	 
 26	 42	 780	 50	 0	 -730	 
 26	 42	 780	 51	 0	 -729	 
 26	 42	 780	 48	 0	 -732	 
 26	 42	 780	 47	 0	 -733	 
 26	 42	 780	 47	 0	 -733	 
 26	 42	 780	 43	 0	 -737	 
 26	 42	 780	 48	 0	 -732	 
 26	 42	 780	 43	 0	 -737	 
 26	 42	 780	 45	 0	 -735	 
 26	 42	 780	 45	 0	 -735	 
 0	 0	 0	 0	 0	 0	 
 0	 0	 0	 0	 0	 0	 
 46	 57	 780	 63	 0	 -717	 
 46	 57	 780	 61	 0	 -719	 
 46	 57	 780	 60	 0	 -720	 
 46	 57	 780	 61	 0	 -719	 
 46	 57	 780	 63	 0	 -717	 
 46	 57	 780	 63	 0	 -717	 
 46	 57	 780	 60	 0	 -720	 
 46	 57	 780	 58	 0	 -722	 
 46	 57	 780	 60	 0	 -720	 
 46	 57	 780	 62	 0	 -718	 
 46	 57	 780	 59	 0	 -721	 
 46	 57	 780	 60	 0	 -720	 
 46	 57	 780	 63	 0	 -717	 
 46	 57	 780	 60	 0	 -720	 
 46	 57	 780	 63	 0	 -717	 
 46	 57	 780	 58	 0	 -722	 
 46	 57	 780	 63	 0	 -717	 
 46	 57	 780	 58	 0	 -722	 
 46	 57	 780	 60	 0	 -720	 
 46	 57	 780	 62	 0	 -718	 
 46	 57	 780	 58	 0	 -722	 
 46	 57	 780	 60	 0	 -720	 
 46	 57	 780	 60	 0	 -720	 
 46	 57	 780	 63	 0	 -717	 
 46	 57	 780	 59	 0	 -721	 
 46	 57	 780	 61	 0	 -719	 
 46	 57	 780	 59	 0	 -721	 
 46	 57	 780	 61	 0	 -719	 
 46	 57	 780	 58	 0	 -722	 
 46	 57	 780	 59	 0	 -721	 
 46	 57	 780	 60	 0	 -720	 
 46	 57	 780	 61	 0	 -719	 
 46	 57	 780	 63	 0	 -717	 
 46	 57	 780	 59	 0	 -721	 
 46	 57	 780	 62	 0	 -718	 
 46	 57	 780	 60	 0	 -720	 
 46	 57	 780	 63	 0	 -717	 
 46	 57	 780	 58	 0	 -722	 
 46	 57	 780	 63	 0	 -717	 
 46	 57	 780	 60	 0	 -720	 
 46	 57	 780	 63	 0	 -717	 
 46	 57	 780	 58	 0	 -722	 
 46	 57	 780	 61	 0	 -719	 
 46	 57	 780	 61	 0	 -719	 
 46	 57	 780	 60	 0	 -720	 
 46	 57	 780	 61	 0	 -719	 
 46	 57	 780	 60	 0	 -720	 
 46	 57	 780	 59	 0	 -721	 
 46	 57	 780	 58	 0	 -722	 
 46	 57	 780	 59	 0	 -721	 
 46	 57	 780	 59	 0	 -721	 
 46	 57	 780	 60	 0	 -720	 
 46	 57	 780	 61	 0	 -719	 
 46	 57	 780	 58	 0	 -722	 
 46	 57	 780	 63	 0	 -717	 
 46	 57	 780	 58	 0	 -722	 
 46	 57	 780	 59	 0	 -721	 
 46	 57	 780	 63	 0	 -717	 
 46	 57	 780	 62	 0	 -718	 
 46	 57	 780	 62	 0	 -718	 
 46	 57	 780	 63	 0	 -717	 
 46	 57	 780	 61	 0	 -719	 
 46	 57	 780	 61	 0	 -719	 
 46	 57	 780	 60	 0	 -720	 
 46	 57	 780	 59	 0	 -721	 
 46	 57	 780	 63	 0	 -717	 
 46	 57	 780	 63	 0	 -717	 
 46	 57	 780	 59	 0	 -721	 
 46	 57	 780	 59	 0	 -721	 
 46	 57	 780	 58	 0	 -722	 
 46	 57	 780	 59	 0	 -721	 
 46	 57	 780	 61	 0	 -719	 
 46	 57	 780	 63	 0	 -717	 
 46	 57	 780	 58	 0	 -722	 
 46	 57	 780	 63	 0	 -717	 
 46	 57	 780	 61	 0	 -719	 
 46	 57	 780	 60	 0	 -720	 
 46	 57	 780	 63	 0	 -717	 
 46	 57	 780	 62	 0	 -718	 
 46	 57	 780	 59	 0	 -721	 
 46	 57	 780	 58	 0	 -722	 
 46	 57	 780	 58	 0	 -722	 
 46	 57	 780	 58	 0	 -722	 
 46	 57	 780	 61	 0	 -719	 
 46	 57	 780	 61	 0	 -719	 
 46	 57	 780	 59	 0	 -721	 
 46	 57	 780	 60	 0	 -720	 
 46	 57	 780	 62	 0	 -718	 
 46	 57	 780	 62	 0	 -718	 
 46	 57	 780	 61	 0	 -719	 
 46	 57	 780	 62	 0	 -718	 
 46	 57	 780	 62	 0	 -718	 
 46	 57	 780	 61	 0	 -719	 
 46	 57	 780	 63	 0	 -717	 
 46	 57	 780	 59	 0	 -721	 
 46	 57	 780	 62	 0	 -718	 
 46	 57	 780	 61	 0	 -719	 
 46	 57	 780	 63	 0	 -717	 
 46	 57	 780	 61	 0	 -719	 
 0	 0	 0	 0	 0	 0	 
 0	 0	 0	 0	 0	 0	 
 26	 42	 780	 45	 0	 -735	 
 26	 42	 780	 46	 0	 -734	 
 26	 42	 780	 45	 0	 -735	 
 26	 42	 780	 48	 0	 -732	 
 26	 42	 780	 44	 0	 -736	 
 26	 42	 780	 50	 0	 -730	 
 26	 42	 780	 43	 0	 -737	 
 26	 42	 780	 43	 0	 -737	 
 26	 42	 780	 48	 0	 -732	 
 26	 42	 780	 49	 0	 -731	 
 26	 42	 780	 47	 0	 -733	 
 26	 42	 780	 49	 0	 -731	 
 26	 42	 780	 50	 0	 -730	 
 26	 42	 780	 43	 0	 -737	 
 26	 42	 780	 49	 0	 -731	 
 26	 42	 780	 45	 0	 -735	 
 26	 42	 780	 50	 0	 -730	 
 26	 42	 780	 44	 0	 -736	 
 26	 42	 780	 45	 0	 -735	 
 26	 42	 780	 49	 0	 -731	 
 26	 42	 780	 46	 0	 -734	 
 26	 42	 780	 50	 0	 -730	 
 26	 42	 780	 45	 0	 -735	 
 26	 42	 780	 49	 0	 -731	 
 26	 42	 780	 45	 0	 -735	 
 26	 42	 780	 45	 0	 -735	 
 26	 42	 780	 43	 0	 -737	 
 26	 42	 780	 46	 0	 -734	 
 26	 42	 780	 49	 0	 -731	 
 26	 42	 780	 49	 0	 -731	 
 26	 42	 780	 46	 0	 -734	 
 26	 42	 780	 49	 0	 -731	 
 26	 42	 780	 45	 0	 -735	 
 26	 42	 780	 43	 0	 -737	 
 26	 42	 780	 45	 0	 -735	 
 26	 42	 780	 44	 0	 -736	 
 26	 42	 780	 43	 0	 -737	 
 26	 42	 780	 46	 0	 -734	 
 26	 42	 780	 50	 0	 -730	 
 26	 42	 780	 45	 0	 -735	 
 26	 42	 780	 47	 0	 -733	 
 26	 42	 780	 50	 0	 -730	 
 26	 42	 780	 47	 0	 -733	 
 26	 42	 780	 51	 0	 -729	 
 26	 42	 780	 48	 0	 -732	 
 26	 42	 780	 47	 0	 -733	 
 26	 42	 780	 51	 0	 -729	 
 26	 42	 780	 48	 0	 -732	 
 26	 42	 780	 47	 0	 -733	 
 26	 42	 780	 51	 0	 -729	 
 26	 42	 780	 45	 0	 -735	 
 26	 42	 780	 51	 0	 -729	 
 26	 42	 780	 49	 0	 -731	 
 26	 42	 780	 43	 0	 -737	 
 26	 42	 780	 50	 0	 -730	 
 26	 42	 780	 44	 0	 -736	 
 26	 42	 780	 49	 0	 -731	 
 26	 42	 780	 45	 0	 -735	 
 26	 42	 780	 44	 0	 -736	 
 26	 42	 780	 48	 0	 -732	 
 26	 42	 780	 51	 0	 -729	 
 26	 42	 780	 46	 0	 -734	 
 26	 42	 780	 45	 0	 -735	 
 26	 42	 780	 46	 0	 -734	 
 26	 42	 780	 43	 0	 -737	 
 26	 42	 780	 43	 0	 -737	 
 26	 42	 780	 44	 0	 -736	 
 26	 42	 780	 44	 0	 -736	 
 26	 42	 780	 49	 0	 -731	 
 26	 42	 780	 48	 0	 -732	 
 26	 42	 780	 44	 0	 -736	 
 26	 42	 780	 46	 0	 -734	 
 26	 42	 780	 43	 0	 -737	 
 26	 42	 780	 51	 0	 -729	 
 26	 42	 780	 50	 0	 -730	 
 26	 42	 780	 46	 0	 -734	 
 26	 42	 780	 46	 0	 -734	 
 26	 42	 780	 48	 0	 -732	 
 26	 42	 780	 45	 0	 -735	 
 26	 42	 780	 49	 0	 -731	 
 26	 42	 780	 43	 0	 -737	 
 26	 42	 780	 45	 0	 -735	 
 26	 42	 780	 48	 0	 -732	 
 26	 42	 780	 43	 0	 -737	 
 26	 42	 780	 49	 0	 -731	 
 26	 42	 780	 43	 0	 -737	 
 26	 42	 780	 48	 0	 -732	 
 26	 42	 780	 51	 0	 -729	 
 26	 42	 780	 43	 0	 -737	 
 26	 42	 780	 46	 0	 -734	 
 26	 42	 780	 46	 0	 -734	 
 26	 42	 780	 49	 0	 -731	 
 26	 42	 780	 46	 0	 -734	 
 26	 42	 780	 49	 0	 -731	 
 26	 42	 780	 48	 0	 -732	 
 26	 42	 780	 49	 0	 -731	 
 26	 42	 780	 43	 0	 -737	 
 26	 42	 780	 45	 0	 -735	 
 26	 42	 780	 48	 0	 -732	 
 0	 0	 0	 0	 0	 0	 
 0	 0	 0	 0	 0	 0	 
 46	 57	 780	 59	 1	 -721	 
 46	 57	 780	 62	 1	 -718	 
 46	 57	 780	 61	 1	 -719	 
 46	 57	 780	 63	 1	 -717	 
 46	 57	 780	 60	 1	 -720	 
 46	 57	 780	 63	 1	 -717	 
 46	 57	 780	 59	 1	 -721	 
 46	 57	 780	 59	 1	 -721	 
 46	 57	 780	 58	 1	 -722	 
 46	 57	 780	 61	 1	 -719	 
 46	 57	 780	 60	 1	 -720	 
 46	 57	 780	 58	 1	 -722	 
 46	 57	 780	 62	 1	 -718	 
 46	 57	 780	 61	 1	 -719	 
 46	 57	 780	 58	 1	 -722	 
 46	 57	 780	 61	 1	 -719	 
 46	 57	 780	 62	 1	 -718	 
 46	 57	 780	 62	 1	 -718	 
 46	 57	 780	 62	 1	 -718	 
 46	 57	 780	 63	 1	 -717	 
 46	 57	 780	 60	 1	 -720	 
 46	 57	 780	 63	 1	 -717	 
 46	 57	 780	 59	 1	 -721	 
 46	 57	 780	 62	 1	 -718	 
 46	 57	 780	 59	 1	 -721	 
 46	 57	 780	 60	 1	 -720	 
 46	 57	 780	 61	 1	 -719	 
 46	 57	 780	 58	 1	 -722	 
 46	 57	 780	 62	 1	 -718	 
 46	 57	 780	 59	 1	 -721	 
 46	 57	 780	 58	 1	 -722	 
 46	 57	 780	 61	 1	 -719	 
 46	 57	 780	 60	 1	 -720	 
 46	 57	 780	 62	 1	 -718	 
 46	 57	 780	 61	 1	 -719	 
 46	 57	 780	 59	 1	 -721	 
 46	 57	 780	 62	 1	 -718	 
 46	 57	 780	 58	 1	 -722	 
 46	 57	 780	 62	 1	 -718	 
 46	 57	 780	 61	 1	 -719	 
 46	 57	 780	 63	 1	 -717	 
 46	 57	 780	 63	 1	 -717	 
 46	 57	 780	 59	 1	 -721	 
 46	 57	 780	 61	 1	 -719	 
 46	 57	 780	 61	 1	 -719	 
 46	 57	 780	 58	 1	 -722	 
 46	 57	 780	 60	 1	 -720	 
 46	 57	 780	 58	 1	 -722	 
 46	 57	 780	 59	 1	 -721	 
 46	 57	 780	 58	 1	 -722	 
 46	 57	 780	 59	 1	 -721	 
 46	 57	 780	 59	 1	 -721	 
 46	 57	 780	 62	 1	 -718	 
 46	 57	 780	 62	 1	 -718	 
 46	 57	 780	 60	 1	 -720	 
 46	 57	 780	 58	 1	 -722	 
 46	 57	 780	 58	 1	 -722	 
 46	 57	 780	 63	 1	 -717	 
 46	 57	 780	 60	 1	 -720	 
 46	 57	 780	 62	 1	 -718	 
 46	 57	 780	 61	 1	 -719	 
 46	 57	 780	 58	 1	 -722	 
 46	 57	 780	 58	 1	 -722	 
 46	 57	 780	 60	 1	 -720	 
 46	 57	 780	 61	 1	 -719	 
 46	 57	 780	 63	 1	 -717	 
 46	 57	 780	 61	 1	 -719	 
 46	 57	 780	 61	 1	 -719	 
 46	 57	 780	 62	 1	 -718	 
 46	 57	 780	 61	 1	 -719	 
 46	 57	 780	 61	 1	 -719	 
 46	 57	 780	 58	 1	 -722	 
 46	 57	 780	 61	 1	 -719	 
 46	 57	 780	 59	 1	 -721	 
 46	 57	 780	 59	 1	 -721	 
 46	 57	 780	 61	 1	 -719	 
 46	 57	 780	 62	 1	 -718	 
 46	 57	 780	 61	 1	 -719	 
 46	 57	 780	 63	 1	 -717	 
 46	 57	 780	 63	 1	 -717	 
 46	 57	 780	 60	 1	 -720	 
 46	 57	 780	 63	 1	 -717	 
 46	 57	 780	 62	 1	 -718	 
 46	 57	 780	 61	 1	 -719	 
 46	 57	 780	 58	 1	 -722	 
 46	 57	 780	 62	 1	 -718	 
 46	 57	 780	 60	 1	 -720	 
 46	 57	 780	 58	 1	 -722	 
 46	 57	 780	 59	 1	 -721	 
 46	 57	 780	 62	 1	 -718	 
 46	 57	 780	 60	 1	 -720	 
 46	 57	 780	 58	 1	 -722	 
 46	 57	 780	 58	 1	 -722	 
 46	 57	 780	 58	 1	 -722	 
 46	 57	 780	 63	 1	 -717	 
 46	 57	 780	 60	 1	 -720	 
 46	 57	 780	 60	 1	 -720	 
 46	 57	 780	 63	 1	 -717	 
 46	 57	 780	 59	 1	 -721	 
 0	 0	 0	 0	 0	 0	 
 0	 0	 0	 0	 0	 0	 
 26	 42	 780	 45	 0	 -735	 
 26	 42	 780	 49	 0	 -731	 
 26	 42	 780	 50	 0	 -730	 
 26	 42	 780	 48	 0	 -732	 
 26	 42	 780	 43	 0	 -737	 
 26	 42	 780	 45	 0	 -735	 
 26	 42	 780	 51	 0	 -729	 
 26	 42	 780	 47	 0	 -733	 
 26	 42	 780	 45	 0	 -735	 
 26	 42	 780	 46	 0	 -734	 
 26	 42	 780	 50	 0	 -730	 
 26	 42	 780	 45	 0	 -735	 
 26	 42	 780	 46	 0	 -734	 
 26	 42	 780	 48	 0	 -732	 
 26	 42	 780	 49	 0	 -731	 
 26	 42	 780	 45	 0	 -735	 
 26	 42	 780	 46	 0	 -734	 
 26	 42	 780	 44	 0	 -736	 
 26	 42	 780	 49	 0	 -731	 
 26	 42	 780	 45	 0	 -735	 
 26	 42	 780	 47	 0	 -733	 
 26	 42	 780	 49	 0	 -731	 
 26	 42	 780	 51	 0	 -729	 
 26	 42	 780	 43	 0	 -737	 
 26	 42	 780	 50	 0	 -730	 
 26	 42	 780	 46	 0	 -734	 
 26	 42	 780	 48	 0	 -732	 
 26	 42	 780	 50	 0	 -730	 
 26	 42	 780	 44	 0	 -736	 
 26	 42	 780	 49	 0	 -731	 
 26	 42	 780	 50	 0	 -730	 
 26	 42	 780	 47	 0	 -733	 
 26	 42	 780	 51	 0	 -729	 
 26	 42	 780	 45	 0	 -735	 
 26	 42	 780	 44	 0	 -736	 
 26	 42	 780	 48	 0	 -732	 
 26	 42	 780	 48	 0	 -732	 
 26	 42	 780	 46	 0	 -734	 
 26	 42	 780	 49	 0	 -731	 
 26	 42	 780	 44	 0	 -736	 
 26	 42	 780	 43	 0	 -737	 
 26	 42	 780	 51	 0	 -729	 
 26	 42	 780	 50	 0	 -730	 
 26	 42	 780	 49	 0	 -731	 
 26	 42	 780	 47	 0	 -733	 
 26	 42	 780	 49	 0	 -731	 
 26	 42	 780	 49	 0	 -731	 
 26	 42	 780	 45	 0	 -735	 
 26	 42	 780	 43	 0	 -737	 
 26	 42	 780	 50	 0	 -730	 
 26	 42	 780	 49	 0	 -731	 
 26	 42	 780	 50	 0	 -730	 
 26	 42	 780	 47	 0	 -733	 
 26	 42	 780	 44	 0	 -736	 
 26	 42	 780	 43	 0	 -737	 
 26	 42	 780	 45	 0	 -735	 
 26	 42	 780	 45	 0	 -735	 
 26	 42	 780	 43	 0	 -737	 
 26	 42	 780	 47	 0	 -733	 
 26	 42	 780	 49	 0	 -731	 
 26	 42	 780	 51	 0	 -729	 
 26	 42	 780	 46	 0	 -734	 
 26	 42	 780	 50	 0	 -730	 
 26	 42	 780	 49	 0	 -731	 
 26	 42	 780	 45	 0	 -735	 
 26	 42	 780	 45	 0	 -735	 
 26	 42	 780	 51	 0	 -729	 
 26	 42	 780	 44	 0	 -736	 
 26	 42	 780	 47	 0	 -733	 
 26	 42	 780	 49	 0	 -731	 
 26	 42	 780	 46	 0	 -734	 
 26	 42	 780	 45	 0	 -735	 
 26	 42	 780	 44	 0	 -736	 
 26	 42	 780	 45	 0	 -735	 
 26	 42	 780	 45	 0	 -735	 
 26	 42	 780	 43	 0	 -737	 
 26	 42	 780	 46	 0	 -734	 
 26	 42	 780	 44	 0	 -736	 
 26	 42	 780	 43	 0	 -737	 
 26	 42	 780	 47	 0	 -733	 
 26	 42	 780	 47	 0	 -733	 
 26	 42	 780	 45	 0	 -735	 
 26	 42	 780	 43	 0	 -737	 
 26	 42	 780	 47	 0	 -733	 
 26	 42	 780	 47	 0	 -733	 
 26	 42	 780	 44	 0	 -736	 
 26	 42	 780	 48	 0	 -732	 
 26	 42	 780	 47	 0	 -733	 
 26	 42	 780	 43	 0	 -737	 
 26	 42	 780	 43	 0	 -737	 
 26	 42	 780	 47	 0	 -733	 
 26	 42	 780	 43	 0	 -737	 
 26	 42	 780	 51	 0	 -729	 
 26	 42	 780	 47	 0	 -733	 
 26	 42	 780	 50	 0	 -730	 
 26	 42	 780	 43	 0	 -737	 
 26	 42	 780	 51	 0	 -729	 
 26	 42	 780	 43	 0	 -737	 
 26	 42	 780	 46	 0	 -734	 
 0	 0	 0	 0	 0	 0	 
 0	 0	 0	 0	 0	 0	 
 47	 59	 780	 62	 0	 -718	 
 47	 59	 780	 61	 0	 -719	 
 47	 59	 780	 64	 0	 -716	 
 47	 59	 780	 66	 0	 -714	 
 47	 59	 780	 60	 0	 -720	 
 47	 59	 780	 62	 0	 -718	 
 47	 59	 780	 60	 0	 -720	 
 47	 59	 780	 60	 0	 -720	 
 47	 59	 780	 62	 0	 -718	 
 47	 59	 780	 64	 0	 -716	 
 47	 59	 780	 65	 0	 -715	 
 47	 59	 780	 62	 0	 -718	 
 47	 59	 780	 65	 0	 -715	 
 47	 59	 780	 61	 0	 -719	 
 47	 59	 780	 64	 0	 -716	 
 47	 59	 780	 62	 0	 -718	 
 47	 59	 780	 66	 0	 -714	 
 47	 59	 780	 65	 0	 -715	 
 47	 59	 780	 62	 0	 -718	 
 47	 59	 780	 65	 0	 -715	 
 47	 59	 780	 62	 0	 -718	 
 47	 59	 780	 62	 0	 -718	 
 47	 59	 780	 61	 0	 -719	 
 47	 59	 780	 62	 0	 -718	 
 47	 59	 780	 65	 0	 -715	 
 47	 59	 780	 62	 0	 -718	 
 47	 59	 780	 65	 0	 -715	 
 47	 59	 780	 61	 0	 -719	 
 47	 59	 780	 63	 0	 -717	 
 47	 59	 780	 61	 0	 -719	 
 47	 59	 780	 65	 0	 -715	 
 47	 59	 780	 64	 0	 -716	 
 47	 59	 780	 62	 0	 -718	 
 47	 59	 780	 60	 0	 -720	 
 47	 59	 780	 62	 0	 -718	 
 47	 59	 780	 62	 0	 -718	 
 47	 59	 780	 61	 0	 -719	 
 47	 59	 780	 60	 0	 -720	 
 47	 59	 780	 61	 0	 -719	 
 47	 59	 780	 64	 0	 -716	 
 47	 59	 780	 65	 0	 -715	 
 47	 59	 780	 61	 0	 -719	 
 47	 59	 780	 61	 0	 -719	 
 47	 59	 780	 63	 0	 -717	 
 47	 59	 780	 64	 0	 -716	 
 47	 59	 780	 63	 0	 -717	 
 47	 59	 780	 65	 0	 -715	 
 47	 59	 780	 63	 0	 -717	 
 47	 59	 780	 65	 0	 -715	 
 47	 59	 780	 61	 0	 -719	 
 47	 59	 780	 64	 0	 -716	 
 47	 59	 780	 62	 0	 -718	 
 47	 59	 780	 65	 0	 -715	 
 47	 59	 780	 65	 0	 -715	 
 47	 59	 780	 66	 0	 -714	 
 47	 59	 780	 63	 0	 -717	 
 47	 59	 780	 64	 0	 -716	 
 47	 59	 780	 61	 0	 -719	 
 47	 59	 780	 65	 0	 -715	 
 47	 59	 780	 65	 0	 -715	 
 47	 59	 780	 66	 0	 -714	 
 47	 59	 780	 63	 0	 -717	 
 47	 59	 780	 65	 0	 -715	 
 47	 59	 780	 65	 0	 -715	 
 47	 59	 780	 66	 0	 -714	 
 47	 59	 780	 63	 0	 -717	 
 47	 59	 780	 66	 0	 -714	 
 47	 59	 780	 60	 0	 -720	 
 47	 59	 780	 62	 0	 -718	 
 47	 59	 780	 65	 0	 -715	 
 47	 59	 780	 61	 0	 -719	 
 47	 59	 780	 64	 0	 -716	 
 47	 59	 780	 61	 0	 -719	 
 47	 59	 780	 65	 0	 -715	 
 47	 59	 780	 60	 0	 -720	 
 47	 59	 780	 60	 0	 -720	 
 47	 59	 780	 65	 0	 -715	 
 47	 59	 780	 62	 0	 -718	 
 47	 59	 780	 63	 0	 -717	 
 47	 59	 780	 65	 0	 -715	 
 47	 59	 780	 66	 0	 -714	 
 47	 59	 780	 65	 0	 -715	 
 47	 59	 780	 64	 0	 -716	 
 47	 59	 780	 64	 0	 -716	 
 47	 59	 780	 60	 0	 -720	 
 47	 59	 780	 66	 0	 -714	 
 47	 59	 780	 62	 0	 -718	 
 47	 59	 780	 65	 0	 -715	 
 47	 59	 780	 66	 0	 -714	 
 47	 59	 780	 62	 0	 -718	 
 47	 59	 780	 62	 0	 -718	 
 47	 59	 780	 62	 0	 -718	 
 47	 59	 780	 61	 0	 -719	 
 47	 59	 780	 64	 0	 -716	 
 47	 59	 780	 61	 0	 -719	 
 47	 59	 780	 66	 0	 -714	 
 47	 59	 780	 60	 0	 -720	 
 47	 59	 780	 64	 0	 -716	 
 47	 59	 780	 66	 0	 -714	 
 0	 0	 0	 0	 0	 0	 
 0	 0	 0	 0	 0	 0	 
 26	 42	 780	 43	 0	 -737	 
 26	 42	 780	 47	 0	 -733	 
 26	 42	 780	 46	 0	 -734	 
 26	 42	 780	 44	 0	 -736	 
 26	 42	 780	 46	 0	 -734	 
 26	 42	 780	 46	 0	 -734	 
 26	 42	 780	 49	 0	 -731	 
 26	 42	 780	 44	 0	 -736	 
 26	 42	 780	 51	 0	 -729	 
 26	 42	 780	 50	 0	 -730	 
 26	 42	 780	 49	 0	 -731	 
 26	 42	 780	 44	 0	 -736	 
 26	 42	 780	 46	 0	 -734	 
 26	 42	 780	 46	 0	 -734	 
 26	 42	 780	 43	 0	 -737	 
 26	 42	 780	 47	 0	 -733	 
 26	 42	 780	 49	 0	 -731	 
 26	 42	 780	 51	 0	 -729	 
 26	 42	 780	 48	 0	 -732	 
 26	 42	 780	 46	 0	 -734	 
 26	 42	 780	 51	 0	 -729	 
 26	 42	 780	 47	 0	 -733	 
 26	 42	 780	 50	 0	 -730	 
 26	 42	 780	 50	 0	 -730	 
 26	 42	 780	 44	 0	 -736	 
 26	 42	 780	 48	 0	 -732	 
 26	 42	 780	 45	 0	 -735	 
 26	 42	 780	 49	 0	 -731	 
 26	 42	 780	 44	 0	 -736	 
 26	 42	 780	 46	 0	 -734	 
 26	 42	 780	 49	 0	 -731	 
 26	 42	 780	 48	 0	 -732	 
 26	 42	 780	 45	 0	 -735	 
 26	 42	 780	 50	 0	 -730	 
 26	 42	 780	 43	 0	 -737	 
 26	 42	 780	 50	 0	 -730	 
 26	 42	 780	 48	 0	 -732	 
 26	 42	 780	 44	 0	 -736	 
 26	 42	 780	 49	 0	 -731	 
 26	 42	 780	 49	 0	 -731	 
 26	 42	 780	 46	 0	 -734	 
 26	 42	 780	 48	 0	 -732	 
 26	 42	 780	 43	 0	 -737	 
 26	 42	 780	 50	 0	 -730	 
 26	 42	 780	 48	 0	 -732	 
 26	 42	 780	 45	 0	 -735	 
 26	 42	 780	 51	 0	 -729	 
 26	 42	 780	 48	 0	 -732	 
 26	 42	 780	 47	 0	 -733	 
 26	 42	 780	 49	 0	 -731	 
 26	 42	 780	 46	 0	 -734	 
 26	 42	 780	 50	 0	 -730	 
 26	 42	 780	 44	 0	 -736	 
 26	 42	 780	 51	 0	 -729	 
 26	 42	 780	 46	 0	 -734	 
 26	 42	 780	 44	 0	 -736	 
 26	 42	 780	 50	 0	 -730	 
 26	 42	 780	 49	 0	 -731	 
 26	 42	 780	 47	 0	 -733	 
 26	 42	 780	 49	 0	 -731	 
 26	 42	 780	 46	 0	 -734	 
 26	 42	 780	 44	 0	 -736	 
 26	 42	 780	 45	 0	 -735	 
 26	 42	 780	 48	 0	 -732	 
 26	 42	 780	 45	 0	 -735	 
 26	 42	 780	 46	 0	 -734	 
 26	 42	 780	 50	 0	 -730	 
 26	 42	 780	 47	 0	 -733	 
 26	 42	 780	 50	 0	 -730	 
 26	 42	 780	 46	 0	 -734	 
 26	 42	 780	 50	 0	 -730	 
 26	 42	 780	 44	 0	 -736	 
 26	 42	 780	 45	 0	 -735	 
 26	 42	 780	 43	 0	 -737	 
 26	 42	 780	 43	 0	 -737	 
 26	 42	 780	 45	 0	 -735	 
 26	 42	 780	 48	 0	 -732	 
 26	 42	 780	 47	 0	 -733	 
 26	 42	 780	 50	 0	 -730	 
 26	 42	 780	 48	 0	 -732	 
 26	 42	 780	 47	 0	 -733	 
 26	 42	 780	 50	 0	 -730	 
 26	 42	 780	 45	 0	 -735	 
 26	 42	 780	 47	 0	 -733	 
 26	 42	 780	 45	 0	 -735	 
 26	 42	 780	 49	 0	 -731	 
 26	 42	 780	 46	 0	 -734	 
 26	 42	 780	 50	 0	 -730	 
 26	 42	 780	 45	 0	 -735	 
 26	 42	 780	 46	 0	 -734	 
 26	 42	 780	 49	 0	 -731	 
 26	 42	 780	 46	 0	 -734	 
 26	 42	 780	 44	 0	 -736	 
 26	 42	 780	 47	 0	 -733	 
 26	 42	 780	 50	 0	 -730	 
 26	 42	 780	 48	 0	 -732	 
 26	 42	 780	 45	 0	 -735	 
 26	 42	 780	 49	 0	 -731	 
 26	 42	 780	 47	 0	 -733	 
 0	 0	 0	 0	 0	 0	 
 0	 0	 0	 0	 0	 0	 
 19	 60	 780	 78	 1	 -702	 
 19	 60	 780	 74	 1	 -706	 
 19	 60	 780	 70	 1	 -710	 
 19	 60	 780	 65	 1	 -715	 
 19	 60	 780	 67	 1	 -713	 
 19	 60	 780	 77	 1	 -703	 
 19	 60	 780	 65	 1	 -715	 
 19	 60	 780	 81	 1	 -699	 
 19	 60	 780	 68	 1	 -712	 
 19	 60	 780	 79	 1	 -701	 
 19	 60	 780	 64	 1	 -716	 
 19	 60	 780	 81	 1	 -699	 
 19	 60	 780	 72	 1	 -708	 
 19	 60	 780	 75	 1	 -705	 
 19	 60	 780	 65	 1	 -715	 
 19	 60	 780	 74	 1	 -706	 
 19	 60	 780	 74	 1	 -706	 
 19	 60	 780	 72	 1	 -708	 
 19	 60	 780	 72	 1	 -708	 
 19	 60	 780	 74	 1	 -706	 
 19	 60	 780	 66	 1	 -714	 
 19	 60	 780	 74	 1	 -706	 
 19	 60	 780	 77	 1	 -703	 
 19	 60	 780	 78	 1	 -702	 
 19	 60	 780	 67	 1	 -713	 
 19	 60	 780	 67	 1	 -713	 
 19	 60	 780	 66	 1	 -714	 
 19	 60	 780	 78	 1	 -702	 
 19	 60	 780	 80	 1	 -700	 
 19	 60	 780	 81	 1	 -699	 
 19	 60	 780	 66	 1	 -714	 
 19	 60	 780	 67	 1	 -713	 
 19	 60	 780	 66	 1	 -714	 
 19	 60	 780	 68	 1	 -712	 
 19	 60	 780	 70	 1	 -710	 
 19	 60	 780	 69	 1	 -711	 
 19	 60	 780	 76	 1	 -704	 
 19	 60	 780	 77	 1	 -703	 
 19	 60	 780	 72	 1	 -708	 
 19	 60	 780	 71	 1	 -709	 
 19	 60	 780	 64	 1	 -716	 
 19	 60	 780	 63	 1	 -717	 
 19	 60	 780	 73	 1	 -707	 
 19	 60	 780	 76	 1	 -704	 
 19	 60	 780	 70	 1	 -710	 
 19	 60	 780	 79	 1	 -701	 
 19	 60	 780	 65	 1	 -715	 
 19	 60	 780	 62	 1	 -718	 
 19	 60	 780	 62	 1	 -718	 
 19	 60	 780	 77	 1	 -703	 
 19	 60	 780	 65	 1	 -715	 
 19	 60	 780	 72	 1	 -708	 
 19	 60	 780	 74	 1	 -706	 
 19	 60	 780	 67	 1	 -713	 
 19	 60	 780	 64	 1	 -716	 
 19	 60	 780	 79	 1	 -701	 
 19	 60	 780	 77	 1	 -703	 
 19	 60	 780	 61	 1	 -719	 
 19	 60	 780	 81	 1	 -699	 
 19	 60	 780	 74	 1	 -706	 
 19	 60	 780	 66	 1	 -714	 
 19	 60	 780	 80	 1	 -700	 
 19	 60	 780	 62	 1	 -718	 
 19	 60	 780	 63	 1	 -717	 
 19	 60	 780	 65	 1	 -715	 
 19	 60	 780	 73	 1	 -707	 
 19	 60	 780	 75	 1	 -705	 
 19	 60	 780	 63	 1	 -717	 
 19	 60	 780	 74	 1	 -706	 
 19	 60	 780	 72	 1	 -708	 
 19	 60	 780	 71	 1	 -709	 
 19	 60	 780	 71	 1	 -709	 
 19	 60	 780	 81	 1	 -699	 
 19	 60	 780	 80	 1	 -700	 
 19	 60	 780	 62	 1	 -718	 
 19	 60	 780	 68	 1	 -712	 
 19	 60	 780	 68	 1	 -712	 
 19	 60	 780	 76	 1	 -704	 
 19	 60	 780	 78	 1	 -702	 
 19	 60	 780	 68	 1	 -712	 
 19	 60	 780	 72	 1	 -708	 
 19	 60	 780	 66	 1	 -714	 
 19	 60	 780	 65	 1	 -715	 
 19	 60	 780	 81	 1	 -699	 
 19	 60	 780	 80	 1	 -700	 
 19	 60	 780	 63	 1	 -717	 
 19	 60	 780	 77	 1	 -703	 
 19	 60	 780	 77	 1	 -703	 
 19	 60	 780	 75	 1	 -705	 
 19	 60	 780	 66	 1	 -714	 
 19	 60	 780	 81	 1	 -699	 
 19	 60	 780	 67	 1	 -713	 
 19	 60	 780	 79	 1	 -701	 
 19	 60	 780	 65	 1	 -715	 
 19	 60	 780	 66	 1	 -714	 
 19	 60	 780	 78	 1	 -702	 
 19	 60	 780	 70	 1	 -710	 
 19	 60	 780	 74	 1	 -706	 
 19	 60	 780	 64	 1	 -716	 
 0	 0	 0	 0	 0	 0	 
 0	 0	 0	 0	 0	 0	 
 26	 42	 780	 48	 0	 -732	 
 26	 42	 780	 46	 0	 -734	 
 26	 42	 780	 48	 0	 -732	 
 26	 42	 780	 51	 0	 -729	 
 26	 42	 780	 46	 0	 -734	 
 26	 42	 780	 46	 0	 -734	 
 26	 42	 780	 50	 0	 -730	 
 26	 42	 780	 43	 0	 -737	 
 26	 42	 780	 47	 0	 -733	 
 26	 42	 780	 50	 0	 -730	 
 26	 42	 780	 50	 0	 -730	 
 26	 42	 780	 50	 0	 -730	 
 26	 42	 780	 44	 0	 -736	 
 26	 42	 780	 43	 0	 -737	 
 26	 42	 780	 46	 0	 -734	 
 26	 42	 780	 48	 0	 -732	 
 26	 42	 780	 43	 0	 -737	 
 26	 42	 780	 46	 0	 -734	 
 26	 42	 780	 45	 0	 -735	 
 26	 42	 780	 46	 0	 -734	 
 26	 42	 780	 46	 0	 -734	 
 26	 42	 780	 49	 0	 -731	 
 26	 42	 780	 51	 0	 -729	 
 26	 42	 780	 43	 0	 -737	 
 26	 42	 780	 48	 0	 -732	 
 26	 42	 780	 50	 0	 -730	 
 26	 42	 780	 44	 0	 -736	 
 26	 42	 780	 50	 0	 -730	 
 26	 42	 780	 51	 0	 -729	 
 26	 42	 780	 48	 0	 -732	 
 26	 42	 780	 51	 0	 -729	 
 26	 42	 780	 50	 0	 -730	 
 26	 42	 780	 43	 0	 -737	 
 26	 42	 780	 48	 0	 -732	 
 26	 42	 780	 47	 0	 -733	 
 26	 42	 780	 47	 0	 -733	 
 26	 42	 780	 43	 0	 -737	 
 26	 42	 780	 46	 0	 -734	 
 26	 42	 780	 49	 0	 -731	 
 26	 42	 780	 49	 0	 -731	 
 26	 42	 780	 44	 0	 -736	 
 26	 42	 780	 46	 0	 -734	 
 26	 42	 780	 50	 0	 -730	 
 26	 42	 780	 47	 0	 -733	 
 26	 42	 780	 50	 0	 -730	 
 26	 42	 780	 47	 0	 -733	 
 26	 42	 780	 43	 0	 -737	 
 26	 42	 780	 47	 0	 -733	 
 26	 42	 780	 47	 0	 -733	 
 26	 42	 780	 44	 0	 -736	 
 26	 42	 780	 43	 0	 -737	 
 26	 42	 780	 44	 0	 -736	 
 26	 42	 780	 48	 0	 -732	 
 26	 42	 780	 44	 0	 -736	 
 26	 42	 780	 51	 0	 -729	 
 26	 42	 780	 44	 0	 -736	 
 26	 42	 780	 47	 0	 -733	 
 26	 42	 780	 50	 0	 -730	 
 26	 42	 780	 46	 0	 -734	 
 26	 42	 780	 51	 0	 -729	 
 26	 42	 780	 43	 0	 -737	 
 26	 42	 780	 46	 0	 -734	 
 26	 42	 780	 48	 0	 -732	 
 26	 42	 780	 45	 0	 -735	 
 26	 42	 780	 45	 0	 -735	 
 26	 42	 780	 44	 0	 -736	 
 26	 42	 780	 51	 0	 -729	 
 26	 42	 780	 44	 0	 -736	 
 26	 42	 780	 50	 0	 -730	 
 26	 42	 780	 43	 0	 -737	 
 26	 42	 780	 45	 0	 -735	 
 26	 42	 780	 47	 0	 -733	 
 26	 42	 780	 46	 0	 -734	 
 26	 42	 780	 45	 0	 -735	 
 26	 42	 780	 48	 0	 -732	 
 26	 42	 780	 43	 0	 -737	 
 26	 42	 780	 45	 0	 -735	 
 26	 42	 780	 50	 0	 -730	 
 26	 42	 780	 50	 0	 -730	 
 26	 42	 780	 49	 0	 -731	 
 26	 42	 780	 49	 0	 -731	 
 26	 42	 780	 49	 0	 -731	 
 26	 42	 780	 49	 0	 -731	 
 26	 42	 780	 47	 0	 -733	 
 26	 42	 780	 49	 0	 -731	 
 26	 42	 780	 45	 0	 -735	 
 26	 42	 780	 49	 0	 -731	 
 26	 42	 780	 48	 0	 -732	 
 26	 42	 780	 47	 0	 -733	 
 26	 42	 780	 48	 0	 -732	 
 26	 42	 780	 48	 0	 -732	 
 26	 42	 780	 45	 0	 -735	 
 26	 42	 780	 51	 0	 -729	 
 26	 42	 780	 47	 0	 -733	 
 26	 42	 780	 48	 0	 -732	 
 26	 42	 780	 50	 0	 -730	 
 26	 42	 780	 48	 0	 -732	 
 26	 42	 780	 50	 0	 -730	 
 26	 42	 780	 43	 0	 -737	 
 0	 0	 0	 0	 0	 0	 
 0	 0	 0	 0	 0	 0	 
 46	 57	 780	 59	 0	 -721	 
 46	 57	 780	 62	 0	 -718	 
 46	 57	 780	 61	 0	 -719	 
 46	 57	 780	 62	 0	 -718	 
 46	 57	 780	 58	 0	 -722	 
 46	 57	 780	 62	 0	 -718	 
 46	 57	 780	 61	 0	 -719	 
 46	 57	 780	 59	 0	 -721	 
 46	 57	 780	 62	 0	 -718	 
 46	 57	 780	 58	 0	 -722	 
 46	 57	 780	 60	 0	 -720	 
 46	 57	 780	 62	 0	 -718	 
 46	 57	 780	 59	 0	 -721	 
 46	 57	 780	 62	 0	 -718	 
 46	 57	 780	 60	 0	 -720	 
 46	 57	 780	 59	 0	 -721	 
 46	 57	 780	 61	 0	 -719	 
 46	 57	 780	 63	 0	 -717	 
 46	 57	 780	 58	 0	 -722	 
 46	 57	 780	 58	 0	 -722	 
 46	 57	 780	 62	 0	 -718	 
 46	 57	 780	 60	 0	 -720	 
 46	 57	 780	 63	 0	 -717	 
 46	 57	 780	 59	 0	 -721	 
 46	 57	 780	 58	 0	 -722	 
 46	 57	 780	 61	 0	 -719	 
 46	 57	 780	 59	 0	 -721	 
 46	 57	 780	 59	 0	 -721	 
 46	 57	 780	 61	 0	 -719	 
 46	 57	 780	 59	 0	 -721	 
 46	 57	 780	 63	 0	 -717	 
 46	 57	 780	 62	 0	 -718	 
 46	 57	 780	 63	 0	 -717	 
 46	 57	 780	 59	 0	 -721	 
 46	 57	 780	 58	 0	 -722	 
 46	 57	 780	 62	 0	 -718	 
 46	 57	 780	 63	 0	 -717	 
 46	 57	 780	 60	 0	 -720	 
 46	 57	 780	 63	 0	 -717	 
 46	 57	 780	 63	 0	 -717	 
 46	 57	 780	 61	 0	 -719	 
 46	 57	 780	 58	 0	 -722	 
 46	 57	 780	 58	 0	 -722	 
 46	 57	 780	 58	 0	 -722	 
 46	 57	 780	 62	 0	 -718	 
 46	 57	 780	 59	 0	 -721	 
 46	 57	 780	 63	 0	 -717	 
 46	 57	 780	 60	 0	 -720	 
 46	 57	 780	 61	 0	 -719	 
 46	 57	 780	 62	 0	 -718	 
 46	 57	 780	 61	 0	 -719	 
 46	 57	 780	 59	 0	 -721	 
 46	 57	 780	 59	 0	 -721	 
 46	 57	 780	 61	 0	 -719	 
 46	 57	 780	 62	 0	 -718	 
 46	 57	 780	 61	 0	 -719	 
 46	 57	 780	 59	 0	 -721	 
 46	 57	 780	 63	 0	 -717	 
 46	 57	 780	 63	 0	 -717	 
 46	 57	 780	 62	 0	 -718	 
 46	 57	 780	 61	 0	 -719	 
 46	 57	 780	 58	 0	 -722	 
 46	 57	 780	 58	 0	 -722	 
 46	 57	 780	 63	 0	 -717	 
 46	 57	 780	 63	 0	 -717	 
 46	 57	 780	 62	 0	 -718	 
 46	 57	 780	 60	 0	 -720	 
 46	 57	 780	 62	 0	 -718	 
 46	 57	 780	 58	 0	 -722	 
 46	 57	 780	 59	 0	 -721	 
 46	 57	 780	 60	 0	 -720	 
 46	 57	 780	 62	 0	 -718	 
 46	 57	 780	 61	 0	 -719	 
 46	 57	 780	 58	 0	 -722	 
 46	 57	 780	 60	 0	 -720	 
 46	 57	 780	 60	 0	 -720	 
 46	 57	 780	 62	 0	 -718	 
 46	 57	 780	 58	 0	 -722	 
 46	 57	 780	 58	 0	 -722	 
 46	 57	 780	 61	 0	 -719	 
 46	 57	 780	 61	 0	 -719	 
 46	 57	 780	 58	 0	 -722	 
 46	 57	 780	 63	 0	 -717	 
 46	 57	 780	 63	 0	 -717	 
 46	 57	 780	 61	 0	 -719	 
 46	 57	 780	 62	 0	 -718	 
 46	 57	 780	 62	 0	 -718	 
 46	 57	 780	 63	 0	 -717	 
 46	 57	 780	 62	 0	 -718	 
 46	 57	 780	 62	 0	 -718	 
 46	 57	 780	 62	 0	 -718	 
 46	 57	 780	 58	 0	 -722	 
 46	 57	 780	 62	 0	 -718	 
 46	 57	 780	 63	 0	 -717	 
 46	 57	 780	 63	 0	 -717	 
 46	 57	 780	 59	 0	 -721	 
 46	 57	 780	 58	 0	 -722	 
 46	 57	 780	 59	 0	 -721	 
 46	 57	 780	 58	 0	 -722	 
 0	 0	 0	 0	 0	 0	 
 0	 0	 0	 0	 0	 0	 
 26	 42	 780	 49	 0	 -731	 
 26	 42	 780	 46	 0	 -734	 
 26	 42	 780	 45	 0	 -735	 
 26	 42	 780	 46	 0	 -734	 
 26	 42	 780	 43	 0	 -737	 
 26	 42	 780	 46	 0	 -734	 
 26	 42	 780	 47	 0	 -733	 
 26	 42	 780	 47	 0	 -733	 
 26	 42	 780	 50	 0	 -730	 
 26	 42	 780	 45	 0	 -735	 
 26	 42	 780	 44	 0	 -736	 
 26	 42	 780	 47	 0	 -733	 
 26	 42	 780	 48	 0	 -732	 
 26	 42	 780	 46	 0	 -734	 
 26	 42	 780	 47	 0	 -733	 
 26	 42	 780	 45	 0	 -735	 
 26	 42	 780	 50	 0	 -730	 
 26	 42	 780	 46	 0	 -734	 
 26	 42	 780	 43	 0	 -737	 
 26	 42	 780	 50	 0	 -730	 
 26	 42	 780	 49	 0	 -731	 
 26	 42	 780	 47	 0	 -733	 
 26	 42	 780	 43	 0	 -737	 
 26	 42	 780	 44	 0	 -736	 
 26	 42	 780	 49	 0	 -731	 
 26	 42	 780	 50	 0	 -730	 
 26	 42	 780	 49	 0	 -731	 
 26	 42	 780	 49	 0	 -731	 
 26	 42	 780	 50	 0	 -730	 
 26	 42	 780	 45	 0	 -735	 
 26	 42	 780	 44	 0	 -736	 
 26	 42	 780	 45	 0	 -735	 
 26	 42	 780	 48	 0	 -732	 
 26	 42	 780	 47	 0	 -733	 
 26	 42	 780	 49	 0	 -731	 
 26	 42	 780	 43	 0	 -737	 
 26	 42	 780	 43	 0	 -737	 
 26	 42	 780	 44	 0	 -736	 
 26	 42	 780	 51	 0	 -729	 
 26	 42	 780	 44	 0	 -736	 
 26	 42	 780	 51	 0	 -729	 
 26	 42	 780	 50	 0	 -730	 
 26	 42	 780	 45	 0	 -735	 
 26	 42	 780	 46	 0	 -734	 
 26	 42	 780	 48	 0	 -732	 
 26	 42	 780	 49	 0	 -731	 
 26	 42	 780	 51	 0	 -729	 
 26	 42	 780	 45	 0	 -735	 
 26	 42	 780	 48	 0	 -732	 
 26	 42	 780	 50	 0	 -730	 
 26	 42	 780	 43	 0	 -737	 
 26	 42	 780	 48	 0	 -732	 
 26	 42	 780	 47	 0	 -733	 
 26	 42	 780	 48	 0	 -732	 
 26	 42	 780	 47	 0	 -733	 
 26	 42	 780	 48	 0	 -732	 
 26	 42	 780	 49	 0	 -731	 
 26	 42	 780	 47	 0	 -733	 
 26	 42	 780	 46	 0	 -734	 
 26	 42	 780	 44	 0	 -736	 
 26	 42	 780	 50	 0	 -730	 
 26	 42	 780	 49	 0	 -731	 
 26	 42	 780	 43	 0	 -737	 
 26	 42	 780	 46	 0	 -734	 
 26	 42	 780	 44	 0	 -736	 
 26	 42	 780	 45	 0	 -735	 
 26	 42	 780	 51	 0	 -729	 
 26	 42	 780	 45	 0	 -735	 
 26	 42	 780	 46	 0	 -734	 
 26	 42	 780	 50	 0	 -730	 
 26	 42	 780	 46	 0	 -734	 
 26	 42	 780	 51	 0	 -729	 
 26	 42	 780	 50	 0	 -730	 
 26	 42	 780	 47	 0	 -733	 
 26	 42	 780	 43	 0	 -737	 
 26	 42	 780	 44	 0	 -736	 
 26	 42	 780	 48	 0	 -732	 
 26	 42	 780	 44	 0	 -736	 
 26	 42	 780	 44	 0	 -736	 
 26	 42	 780	 47	 0	 -733	 
 26	 42	 780	 49	 0	 -731	 
 26	 42	 780	 48	 0	 -732	 
 26	 42	 780	 46	 0	 -734	 
 26	 42	 780	 44	 0	 -736	 
 26	 42	 780	 43	 0	 -737	 
 26	 42	 780	 44	 0	 -736	 
 26	 42	 780	 51	 0	 -729	 
 26	 42	 780	 51	 0	 -729	 
 26	 42	 780	 46	 0	 -734	 
 26	 42	 780	 50	 0	 -730	 
 26	 42	 780	 47	 0	 -733	 
 26	 42	 780	 49	 0	 -731	 
 26	 42	 780	 43	 0	 -737	 
 26	 42	 780	 51	 0	 -729	 
 26	 42	 780	 45	 0	 -735	 
 26	 42	 780	 47	 0	 -733	 
 26	 42	 780	 46	 0	 -734	 
 26	 42	 780	 50	 0	 -730	 
 26	 42	 780	 49	 0	 -731	 
 0	 0	 0	 0	 0	 0	 
 0	 0	 0	 0	 0	 0	 
 4	 29	 780	 34	 1	 -746	 
 4	 29	 780	 39	 1	 -741	 
 4	 29	 780	 41	 1	 -739	 
 4	 29	 780	 38	 1	 -742	 
 4	 29	 780	 40	 1	 -740	 
 4	 29	 780	 32	 1	 -748	 
 4	 29	 780	 37	 1	 -743	 
 4	 29	 780	 38	 1	 -742	 
 4	 29	 780	 39	 1	 -741	 
 4	 29	 780	 39	 1	 -741	 
 4	 29	 780	 30	 1	 -750	 
 4	 29	 780	 38	 1	 -742	 
 4	 29	 780	 35	 1	 -745	 
 4	 29	 780	 39	 1	 -741	 
 4	 29	 780	 34	 1	 -746	 
 4	 29	 780	 33	 1	 -747	 
 4	 29	 780	 40	 1	 -740	 
 4	 29	 780	 36	 1	 -744	 
 4	 29	 780	 36	 1	 -744	 
 4	 29	 780	 34	 1	 -746	 
 4	 29	 780	 35	 1	 -745	 
 4	 29	 780	 37	 1	 -743	 
 4	 29	 780	 37	 1	 -743	 
 4	 29	 780	 30	 1	 -750	 
 4	 29	 780	 42	 1	 -738	 
 4	 29	 780	 30	 1	 -750	 
 4	 29	 780	 39	 1	 -741	 
 4	 29	 780	 40	 1	 -740	 
 4	 29	 780	 32	 1	 -748	 
 4	 29	 780	 33	 1	 -747	 
 4	 29	 780	 38	 1	 -742	 
 4	 29	 780	 42	 1	 -738	 
 4	 29	 780	 34	 1	 -746	 
 4	 29	 780	 39	 1	 -741	 
 4	 29	 780	 32	 1	 -748	 
 4	 29	 780	 33	 1	 -747	 
 4	 29	 780	 32	 1	 -748	 
 4	 29	 780	 41	 1	 -739	 
 4	 29	 780	 34	 1	 -746	 
 4	 29	 780	 41	 1	 -739	 
 4	 29	 780	 37	 1	 -743	 
 4	 29	 780	 37	 1	 -743	 
 4	 29	 780	 34	 1	 -746	 
 4	 29	 780	 33	 1	 -747	 
 4	 29	 780	 40	 1	 -740	 
 4	 29	 780	 40	 1	 -740	 
 4	 29	 780	 40	 1	 -740	 
 4	 29	 780	 32	 1	 -748	 
 4	 29	 780	 36	 1	 -744	 
 4	 29	 780	 40	 1	 -740	 
 4	 29	 780	 40	 1	 -740	 
 4	 29	 780	 31	 1	 -749	 
 4	 29	 780	 33	 1	 -747	 
 4	 29	 780	 30	 1	 -750	 
 4	 29	 780	 35	 1	 -745	 
 4	 29	 780	 41	 1	 -739	 
 4	 29	 780	 32	 1	 -748	 
 4	 29	 780	 32	 1	 -748	 
 4	 29	 780	 39	 1	 -741	 
 4	 29	 780	 34	 1	 -746	 
 4	 29	 780	 36	 1	 -744	 
 4	 29	 780	 32	 1	 -748	 
 4	 29	 780	 33	 1	 -747	 
 4	 29	 780	 40	 1	 -740	 
 4	 29	 780	 34	 1	 -746	 
 4	 29	 780	 34	 1	 -746	 
 4	 29	 780	 33	 1	 -747	 
 4	 29	 780	 35	 1	 -745	 
 4	 29	 780	 39	 1	 -741	 
 4	 29	 780	 40	 1	 -740	 
 4	 29	 780	 39	 1	 -741	 
 4	 29	 780	 42	 1	 -738	 
 4	 29	 780	 41	 1	 -739	 
 4	 29	 780	 36	 1	 -744	 
 4	 29	 780	 35	 1	 -745	 
 4	 29	 780	 41	 1	 -739	 
 4	 29	 780	 38	 1	 -742	 
 4	 29	 780	 31	 1	 -749	 
 4	 29	 780	 38	 1	 -742	 
 4	 29	 780	 30	 1	 -750	 
 4	 29	 780	 30	 1	 -750	 
 4	 29	 780	 32	 1	 -748	 
 4	 29	 780	 33	 1	 -747	 
 4	 29	 780	 30	 1	 -750	 
 4	 29	 780	 35	 1	 -745	 
 4	 29	 780	 30	 1	 -750	 
 4	 29	 780	 37	 1	 -743	 
 4	 29	 780	 39	 1	 -741	 
 4	 29	 780	 34	 1	 -746	 
 4	 29	 780	 30	 1	 -750	 
 4	 29	 780	 37	 1	 -743	 
 4	 29	 780	 31	 1	 -749	 
 4	 29	 780	 35	 1	 -745	 
 4	 29	 780	 36	 1	 -744	 
 4	 29	 780	 37	 1	 -743	 
 4	 29	 780	 39	 1	 -741	 
 4	 29	 780	 39	 1	 -741	 
 4	 29	 780	 42	 1	 -738	 
 4	 29	 780	 37	 1	 -743	 
 0	 0	 0	 0	 0	 0	 
 0	 0	 0	 0	 0	 0	 
 26	 42	 780	 43	 0	 -737	 
 26	 42	 780	 48	 0	 -732	 
 26	 42	 780	 49	 0	 -731	 
 26	 42	 780	 47	 0	 -733	 
 26	 42	 780	 49	 0	 -731	 
 26	 42	 780	 50	 0	 -730	 
 26	 42	 780	 47	 0	 -733	 
 26	 42	 780	 44	 0	 -736	 
 26	 42	 780	 47	 0	 -733	 
 26	 42	 780	 43	 0	 -737	 
 26	 42	 780	 50	 0	 -730	 
 26	 42	 780	 45	 0	 -735	 
 26	 42	 780	 49	 0	 -731	 
 26	 42	 780	 50	 0	 -730	 
 26	 42	 780	 43	 0	 -737	 
 26	 42	 780	 44	 0	 -736	 
 26	 42	 780	 48	 0	 -732	 
 26	 42	 780	 50	 0	 -730	 
 26	 42	 780	 49	 0	 -731	 
 26	 42	 780	 48	 0	 -732	 
 26	 42	 780	 49	 0	 -731	 
 26	 42	 780	 45	 0	 -735	 
 26	 42	 780	 49	 0	 -731	 
 26	 42	 780	 43	 0	 -737	 
 26	 42	 780	 48	 0	 -732	 
 26	 42	 780	 46	 0	 -734	 
 26	 42	 780	 49	 0	 -731	 
 26	 42	 780	 50	 0	 -730	 
 26	 42	 780	 47	 0	 -733	 
 26	 42	 780	 44	 0	 -736	 
 26	 42	 780	 49	 0	 -731	 
 26	 42	 780	 50	 0	 -730	 
 26	 42	 780	 43	 0	 -737	 
 26	 42	 780	 50	 0	 -730	 
 26	 42	 780	 46	 0	 -734	 
 26	 42	 780	 48	 0	 -732	 
 26	 42	 780	 47	 0	 -733	 
 26	 42	 780	 49	 0	 -731	 
 26	 42	 780	 44	 0	 -736	 
 26	 42	 780	 43	 0	 -737	 
 26	 42	 780	 50	 0	 -730	 
 26	 42	 780	 44	 0	 -736	 
 26	 42	 780	 46	 0	 -734	 
 26	 42	 780	 44	 0	 -736	 
 26	 42	 780	 47	 0	 -733	 
 26	 42	 780	 48	 0	 -732	 
 26	 42	 780	 43	 0	 -737	 
 26	 42	 780	 49	 0	 -731	 
 26	 42	 780	 50	 0	 -730	 
 26	 42	 780	 45	 0	 -735	 
 26	 42	 780	 50	 0	 -730	 
 26	 42	 780	 47	 0	 -733	 
 26	 42	 780	 49	 0	 -731	 
 26	 42	 780	 49	 0	 -731	 
 26	 42	 780	 49	 0	 -731	 
 26	 42	 780	 50	 0	 -730	 
 26	 42	 780	 46	 0	 -734	 
 26	 42	 780	 44	 0	 -736	 
 26	 42	 780	 50	 0	 -730	 
 26	 42	 780	 50	 0	 -730	 
 26	 42	 780	 44	 0	 -736	 
 26	 42	 780	 51	 0	 -729	 
 26	 42	 780	 51	 0	 -729	 
 26	 42	 780	 49	 0	 -731	 
 26	 42	 780	 48	 0	 -732	 
 26	 42	 780	 51	 0	 -729	 
 26	 42	 780	 49	 0	 -731	 
 26	 42	 780	 50	 0	 -730	 
 26	 42	 780	 49	 0	 -731	 
 26	 42	 780	 47	 0	 -733	 
 26	 42	 780	 51	 0	 -729	 
 26	 42	 780	 45	 0	 -735	 
 26	 42	 780	 44	 0	 -736	 
 26	 42	 780	 44	 0	 -736	 
 26	 42	 780	 45	 0	 -735	 
 26	 42	 780	 47	 0	 -733	 
 26	 42	 780	 48	 0	 -732	 
 26	 42	 780	 49	 0	 -731	 
 26	 42	 780	 47	 0	 -733	 
 26	 42	 780	 51	 0	 -729	 
 26	 42	 780	 46	 0	 -734	 
 26	 42	 780	 48	 0	 -732	 
 26	 42	 780	 48	 0	 -732	 
 26	 42	 780	 44	 0	 -736	 
 26	 42	 780	 47	 0	 -733	 
 26	 42	 780	 50	 0	 -730	 
 26	 42	 780	 47	 0	 -733	 
 26	 42	 780	 43	 0	 -737	 
 26	 42	 780	 48	 0	 -732	 
 26	 42	 780	 48	 0	 -732	 
 26	 42	 780	 43	 0	 -737	 
 26	 42	 780	 50	 0	 -730	 
 26	 42	 780	 48	 0	 -732	 
 26	 42	 780	 46	 0	 -734	 
 26	 42	 780	 48	 0	 -732	 
 26	 42	 780	 47	 0	 -733	 
 26	 42	 780	 49	 0	 -731	 
 26	 42	 780	 50	 0	 -730	 
 26	 42	 780	 47	 0	 -733	 
 0	 0	 0	 0	 0	 0	 
 0	 0	 0	 0	 0	 0	 
 47	 59	 780	 61	 0	 -719	 
 47	 59	 780	 60	 0	 -720	 
 47	 59	 780	 63	 0	 -717	 
 47	 59	 780	 60	 0	 -720	 
 47	 59	 780	 65	 0	 -715	 
 47	 59	 780	 64	 0	 -716	 
 47	 59	 780	 63	 0	 -717	 
 47	 59	 780	 62	 0	 -718	 
 47	 59	 780	 63	 0	 -717	 
 47	 59	 780	 63	 0	 -717	 
 47	 59	 780	 65	 0	 -715	 
 47	 59	 780	 63	 0	 -717	 
 47	 59	 780	 63	 0	 -717	 
 47	 59	 780	 65	 0	 -715	 
 47	 59	 780	 63	 0	 -717	 
 47	 59	 780	 60	 0	 -720	 
 47	 59	 780	 60	 0	 -720	 
 47	 59	 780	 62	 0	 -718	 
 47	 59	 780	 62	 0	 -718	 
 47	 59	 780	 61	 0	 -719	 
 47	 59	 780	 63	 0	 -717	 
 47	 59	 780	 63	 0	 -717	 
 47	 59	 780	 62	 0	 -718	 
 47	 59	 780	 62	 0	 -718	 
 47	 59	 780	 64	 0	 -716	 
 47	 59	 780	 63	 0	 -717	 
 47	 59	 780	 60	 0	 -720	 
 47	 59	 780	 63	 0	 -717	 
 47	 59	 780	 61	 0	 -719	 
 47	 59	 780	 62	 0	 -718	 
 47	 59	 780	 62	 0	 -718	 
 47	 59	 780	 66	 0	 -714	 
 47	 59	 780	 65	 0	 -715	 
 47	 59	 780	 62	 0	 -718	 
 47	 59	 780	 66	 0	 -714	 
 47	 59	 780	 65	 0	 -715	 
 47	 59	 780	 64	 0	 -716	 
 47	 59	 780	 64	 0	 -716	 
 47	 59	 780	 60	 0	 -720	 
 47	 59	 780	 64	 0	 -716	 
 47	 59	 780	 65	 0	 -715	 
 47	 59	 780	 62	 0	 -718	 
 47	 59	 780	 61	 0	 -719	 
 47	 59	 780	 60	 0	 -720	 
 47	 59	 780	 65	 0	 -715	 
 47	 59	 780	 66	 0	 -714	 
 47	 59	 780	 61	 0	 -719	 
 47	 59	 780	 61	 0	 -719	 
 47	 59	 780	 66	 0	 -714	 
 47	 59	 780	 63	 0	 -717	 
 47	 59	 780	 62	 0	 -718	 
 47	 59	 780	 66	 0	 -714	 
 47	 59	 780	 65	 0	 -715	 
 47	 59	 780	 66	 0	 -714	 
 47	 59	 780	 63	 0	 -717	 
 47	 59	 780	 65	 0	 -715	 
 47	 59	 780	 64	 0	 -716	 
 47	 59	 780	 62	 0	 -718	 
 47	 59	 780	 64	 0	 -716	 
 47	 59	 780	 66	 0	 -714	 
 47	 59	 780	 60	 0	 -720	 
 47	 59	 780	 63	 0	 -717	 
 47	 59	 780	 60	 0	 -720	 
 47	 59	 780	 66	 0	 -714	 
 47	 59	 780	 60	 0	 -720	 
 47	 59	 780	 62	 0	 -718	 
 47	 59	 780	 61	 0	 -719	 
 47	 59	 780	 65	 0	 -715	 
 47	 59	 780	 64	 0	 -716	 
 47	 59	 780	 62	 0	 -718	 
 47	 59	 780	 62	 0	 -718	 
 47	 59	 780	 63	 0	 -717	 
 47	 59	 780	 64	 0	 -716	 
 47	 59	 780	 60	 0	 -720	 
 47	 59	 780	 66	 0	 -714	 
 47	 59	 780	 60	 0	 -720	 
 47	 59	 780	 62	 0	 -718	 
 47	 59	 780	 61	 0	 -719	 
 47	 59	 780	 61	 0	 -719	 
 47	 59	 780	 62	 0	 -718	 
 47	 59	 780	 61	 0	 -719	 
 47	 59	 780	 62	 0	 -718	 
 47	 59	 780	 61	 0	 -719	 
 47	 59	 780	 61	 0	 -719	 
 47	 59	 780	 60	 0	 -720	 
 47	 59	 780	 61	 0	 -719	 
 47	 59	 780	 62	 0	 -718	 
 47	 59	 780	 60	 0	 -720	 
 47	 59	 780	 60	 0	 -720	 
 47	 59	 780	 61	 0	 -719	 
 47	 59	 780	 62	 0	 -718	 
 47	 59	 780	 65	 0	 -715	 
 47	 59	 780	 62	 0	 -718	 
 47	 59	 780	 60	 0	 -720	 
 47	 59	 780	 64	 0	 -716	 
 47	 59	 780	 62	 0	 -718	 
 47	 59	 780	 62	 0	 -718	 
 47	 59	 780	 66	 0	 -714	 
 47	 59	 780	 64	 0	 -716	 
 0	 0	 0	 0	 0	 0	 
 0	 0	 0	 0	 0	 0	 
 26	 42	 780	 46	 0	 -734	 
 26	 42	 780	 43	 0	 -737	 
 26	 42	 780	 48	 0	 -732	 
 26	 42	 780	 44	 0	 -736	 
 26	 42	 780	 50	 0	 -730	 
 26	 42	 780	 50	 0	 -730	 
 26	 42	 780	 45	 0	 -735	 
 26	 42	 780	 43	 0	 -737	 
 26	 42	 780	 47	 0	 -733	 
 26	 42	 780	 49	 0	 -731	 
 26	 42	 780	 44	 0	 -736	 
 26	 42	 780	 45	 0	 -735	 
 26	 42	 780	 50	 0	 -730	 
 26	 42	 780	 43	 0	 -737	 
 26	 42	 780	 50	 0	 -730	 
 26	 42	 780	 49	 0	 -731	 
 26	 42	 780	 43	 0	 -737	 
 26	 42	 780	 49	 0	 -731	 
 26	 42	 780	 44	 0	 -736	 
 26	 42	 780	 46	 0	 -734	 
 26	 42	 780	 48	 0	 -732	 
 26	 42	 780	 46	 0	 -734	 
 26	 42	 780	 44	 0	 -736	 
 26	 42	 780	 45	 0	 -735	 
 26	 42	 780	 48	 0	 -732	 
 26	 42	 780	 45	 0	 -735	 
 26	 42	 780	 45	 0	 -735	 
 26	 42	 780	 48	 0	 -732	 
 26	 42	 780	 47	 0	 -733	 
 26	 42	 780	 43	 0	 -737	 
 26	 42	 780	 49	 0	 -731	 
 26	 42	 780	 47	 0	 -733	 
 26	 42	 780	 48	 0	 -732	 
 26	 42	 780	 48	 0	 -732	 
 26	 42	 780	 50	 0	 -730	 
 26	 42	 780	 43	 0	 -737	 
 26	 42	 780	 47	 0	 -733	 
 26	 42	 780	 46	 0	 -734	 
 26	 42	 780	 46	 0	 -734	 
 26	 42	 780	 49	 0	 -731	 
 26	 42	 780	 50	 0	 -730	 
 26	 42	 780	 49	 0	 -731	 
 26	 42	 780	 51	 0	 -729	 
 26	 42	 780	 44	 0	 -736	 
 26	 42	 780	 43	 0	 -737	 
 26	 42	 780	 46	 0	 -734	 
 26	 42	 780	 50	 0	 -730	 
 26	 42	 780	 44	 0	 -736	 
 26	 42	 780	 48	 0	 -732	 
 26	 42	 780	 43	 0	 -737	 
 26	 42	 780	 46	 0	 -734	 
 26	 42	 780	 44	 0	 -736	 
 26	 42	 780	 51	 0	 -729	 
 26	 42	 780	 46	 0	 -734	 
 26	 42	 780	 50	 0	 -730	 
 26	 42	 780	 43	 0	 -737	 
 26	 42	 780	 47	 0	 -733	 
 26	 42	 780	 50	 0	 -730	 
 26	 42	 780	 45	 0	 -735	 
 26	 42	 780	 47	 0	 -733	 
 26	 42	 780	 49	 0	 -731	 
 26	 42	 780	 49	 0	 -731	 
 26	 42	 780	 45	 0	 -735	 
 26	 42	 780	 51	 0	 -729	 
 26	 42	 780	 46	 0	 -734	 
 26	 42	 780	 51	 0	 -729	 
 26	 42	 780	 50	 0	 -730	 
 26	 42	 780	 46	 0	 -734	 
 26	 42	 780	 45	 0	 -735	 
 26	 42	 780	 45	 0	 -735	 
 26	 42	 780	 49	 0	 -731	 
 26	 42	 780	 47	 0	 -733	 
 26	 42	 780	 43	 0	 -737	 
 26	 42	 780	 43	 0	 -737	 
 26	 42	 780	 43	 0	 -737	 
 26	 42	 780	 48	 0	 -732	 
 26	 42	 780	 49	 0	 -731	 
 26	 42	 780	 44	 0	 -736	 
 26	 42	 780	 50	 0	 -730	 
 26	 42	 780	 50	 0	 -730	 
 26	 42	 780	 44	 0	 -736	 
 26	 42	 780	 45	 0	 -735	 
 26	 42	 780	 47	 0	 -733	 
 26	 42	 780	 47	 0	 -733	 
 26	 42	 780	 45	 0	 -735	 
 26	 42	 780	 45	 0	 -735	 
 26	 42	 780	 49	 0	 -731	 
 26	 42	 780	 50	 0	 -730	 
 26	 42	 780	 45	 0	 -735	 
 26	 42	 780	 46	 0	 -734	 
 26	 42	 780	 44	 0	 -736	 
 26	 42	 780	 45	 0	 -735	 
 26	 42	 780	 51	 0	 -729	 
 26	 42	 780	 46	 0	 -734	 
 26	 42	 780	 45	 0	 -735	 
 26	 42	 780	 44	 0	 -736	 
 26	 42	 780	 50	 0	 -730	 
 26	 42	 780	 43	 0	 -737	 
 26	 42	 780	 43	 0	 -737	 
 0	 0	 0	 0	 0	 0	 
 0	 0	 0	 0	 0	 0	 
 19	 60	 780	 69	 1	 -711	 
 19	 60	 780	 74	 1	 -706	 
 19	 60	 780	 79	 1	 -701	 
 19	 60	 780	 61	 1	 -719	 
 19	 60	 780	 61	 1	 -719	 
 19	 60	 780	 81	 1	 -699	 
 19	 60	 780	 76	 1	 -704	 
 19	 60	 780	 81	 1	 -699	 
 19	 60	 780	 61	 1	 -719	 
 19	 60	 780	 67	 1	 -713	 
 19	 60	 780	 74	 1	 -706	 
 19	 60	 780	 62	 1	 -718	 
 19	 60	 780	 76	 1	 -704	 
 19	 60	 780	 77	 1	 -703	 
 19	 60	 780	 61	 1	 -719	 
 19	 60	 780	 63	 1	 -717	 
 19	 60	 780	 77	 1	 -703	 
 19	 60	 780	 61	 1	 -719	 
 19	 60	 780	 66	 1	 -714	 
 19	 60	 780	 80	 1	 -700	 
 19	 60	 780	 81	 1	 -699	 
 19	 60	 780	 64	 1	 -716	 
 19	 60	 780	 75	 1	 -705	 
 19	 60	 780	 72	 1	 -708	 
 19	 60	 780	 75	 1	 -705	 
 19	 60	 780	 80	 1	 -700	 
 19	 60	 780	 68	 1	 -712	 
 19	 60	 780	 64	 1	 -716	 
 19	 60	 780	 72	 1	 -708	 
 19	 60	 780	 80	 1	 -700	 
 19	 60	 780	 71	 1	 -709	 
 19	 60	 780	 74	 1	 -706	 
 19	 60	 780	 62	 1	 -718	 
 19	 60	 780	 73	 1	 -707	 
 19	 60	 780	 77	 1	 -703	 
 19	 60	 780	 67	 1	 -713	 
 19	 60	 780	 74	 1	 -706	 
 19	 60	 780	 64	 1	 -716	 
 19	 60	 780	 81	 1	 -699	 
 19	 60	 780	 72	 1	 -708	 
 19	 60	 780	 78	 1	 -702	 
 19	 60	 780	 61	 1	 -719	 
 19	 60	 780	 62	 1	 -718	 
 19	 60	 780	 67	 1	 -713	 
 19	 60	 780	 73	 1	 -707	 
 19	 60	 780	 65	 1	 -715	 
 19	 60	 780	 61	 1	 -719	 
 19	 60	 780	 69	 1	 -711	 
 19	 60	 780	 68	 1	 -712	 
 19	 60	 780	 67	 1	 -713	 
 19	 60	 780	 66	 1	 -714	 
 19	 60	 780	 65	 1	 -715	 
 19	 60	 780	 65	 1	 -715	 
 19	 60	 780	 78	 1	 -702	 
 19	 60	 780	 61	 1	 -719	 
 19	 60	 780	 71	 1	 -709	 
 19	 60	 780	 68	 1	 -712	 
 19	 60	 780	 64	 1	 -716	 
 19	 60	 780	 74	 1	 -706	 
 19	 60	 780	 67	 1	 -713	 
 19	 60	 780	 79	 1	 -701	 
 19	 60	 780	 70	 1	 -710	 
 19	 60	 780	 74	 1	 -706	 
 19	 60	 780	 67	 1	 -713	 
 19	 60	 780	 77	 1	 -703	 
 19	 60	 780	 78	 1	 -702	 
 19	 60	 780	 65	 1	 -715	 
 19	 60	 780	 65	 1	 -715	 
 19	 60	 780	 62	 1	 -718	 
 19	 60	 780	 61	 1	 -719	 
 19	 60	 780	 74	 1	 -706	 
 19	 60	 780	 70	 1	 -710	 
 19	 60	 780	 77	 1	 -703	 
 19	 60	 780	 69	 1	 -711	 
 19	 60	 780	 70	 1	 -710	 
 19	 60	 780	 75	 1	 -705	 
 19	 60	 780	 67	 1	 -713	 
 19	 60	 780	 74	 1	 -706	 
 19	 60	 780	 66	 1	 -714	 
 19	 60	 780	 67	 1	 -713	 
 19	 60	 780	 72	 1	 -708	 
 19	 60	 780	 65	 1	 -715	 
 19	 60	 780	 71	 1	 -709	 
 19	 60	 780	 81	 1	 -699	 
 19	 60	 780	 77	 1	 -703	 
 19	 60	 780	 66	 1	 -714	 
 19	 60	 780	 70	 1	 -710	 
 19	 60	 780	 62	 1	 -718	 
 19	 60	 780	 70	 1	 -710	 
 19	 60	 780	 69	 1	 -711	 
 19	 60	 780	 66	 1	 -714	 
 19	 60	 780	 64	 1	 -716	 
 19	 60	 780	 62	 1	 -718	 
 19	 60	 780	 62	 1	 -718	 
 19	 60	 780	 77	 1	 -703	 
 19	 60	 780	 74	 1	 -706	 
 19	 60	 780	 65	 1	 -715	 
 19	 60	 780	 68	 1	 -712	 
 19	 60	 780	 66	 1	 -714	 
 0	 0	 0	 0	 0	 0	 
 