s	 e	 integralPartic	 alturaRetang	 metadePartic	 maximaPartic	 minimoPArtic	 alturaPartic	 p	 comparativoMet
37	 59	 2.681218e+01	 1.165747e+00	 1.528354e+04	 3.056610e+04	 9.691745e-01	 1.259887e+00	 0	 1.311051e+04	 
 37	 59	 3.395618e+01	 1.476356e+00	 1.528354e+04	 3.056610e+04	 9.691745e-01	 1.259887e+00	 0	 1.035220e+04	 
 1	 56	 3.310051e+01	 5.910805e-01	 1.431315e+04	 2.862595e+04	 3.424174e-01	 1.519271e+00	 0	 2.421523e+04	 
 14	 33	 1.820410e+04	 9.102048e+02	 1.711242e+04	 3.422450e+04	 3.425591e-01	 5.318971e-02	 0	 1.880063e+01	 
 14	 33	 1.820410e+04	 9.102048e+02	 1.711242e+04	 3.422450e+04	 3.425591e-01	 5.318971e-02	 0	 1.880063e+01	 
 38	 57	 1.496922e+05	 7.484610e+03	 2.542600e+04	 5.085185e+04	 1.579842e-01	 2.943683e-01	 0	 3.397105e+00	 
 27	 50	 3.077711e+05	 1.282379e+04	 1.499978e+04	 2.999947e+04	 9.414742e-02	 7.946656e-01	 0	 1.169684e+00	 
 27	 50	 3.668960e+00	 1.528733e-01	 1.499978e+04	 2.999947e+04	 9.414742e-02	 7.946656e-01	 0	 9.811903e+04	 
 1	 56	 3.627178e+01	 6.477104e-01	 1.431315e+04	 2.862595e+04	 3.424174e-01	 1.519271e+00	 0	 2.209807e+04	 
 33	 56	 7.136975e+05	 2.973739e+04	 1.650802e+04	 3.301597e+04	 7.545153e-02	 1.896200e+00	 1	 5.551268e-01	 
 