3.625891e-05	 3.553158e-01	 2.366600e-01	 3.370477e-01	 7.117266e-02	 6.595484e+00	 
 7.466503e-04	 6.123521e-02	 6.131622e-01	 2.823377e-01	 4.275960e-02	 7.871735e+00	 
 1.048650e-03	 1.321012e-02	 6.579404e-01	 2.840647e-01	 4.397673e-02	 8.219043e+00	 
 5.358195e-04	 9.476229e-02	 5.819019e-01	 2.811320e-01	 4.190983e-02	 7.673276e+00	 
 5.553989e-04	 9.164871e-02	 5.848049e-01	 2.812440e-01	 4.198919e-02	 7.192028e+00	 
 1.131639e-03	 1.296585e-05	 6.702453e-01	 2.845393e-01	 4.431247e-02	 7.553538e+00	 
 9.159735e-04	 3.430882e-02	 6.382682e-01	 2.833060e-01	 4.344198e-02	 8.078944e+00	 
 4.675894e-04	 1.056125e-01	 5.717852e-01	 2.807419e-01	 4.163458e-02	 7.831759e+00	 
 3.819608e-04	 1.192295e-01	 5.590889e-01	 2.802522e-01	 4.128968e-02	 7.336878e+00	 
 8.197221e-04	 4.961506e-02	 6.239968e-01	 2.827556e-01	 4.305412e-02	 7.967964e+00	 
 4.372594e-04	 1.104357e-01	 5.672881e-01	 2.805684e-01	 4.151257e-02	 7.468331e+00	 
 3.307460e-04	 1.273738e-01	 5.514951e-01	 2.799593e-01	 4.108308e-02	 7.477952e+00	 
 7.156564e-04	 6.616397e-02	 6.085667e-01	 2.821605e-01	 4.263498e-02	 7.698143e+00	 
 8.917324e-04	 3.816373e-02	 6.346739e-01	 2.831674e-01	 4.334484e-02	 7.921989e+00	 
 5.079708e-04	 9.919090e-02	 5.777727e-01	 2.809728e-01	 4.179758e-02	 7.482873e+00	 
 6.732914e-04	 7.290102e-02	 6.022851e-01	 2.819182e-01	 4.246361e-02	 7.895872e+00	 
 8.320132e-04	 4.766049e-02	 6.258192e-01	 2.828259e-01	 4.310411e-02	 7.850044e+00	 
 4.622071e-04	 1.064684e-01	 5.709872e-01	 2.807111e-01	 4.161332e-02	 7.268567e+00	 
 3.569880e-04	 1.232007e-01	 5.553861e-01	 2.801094e-01	 4.118902e-02	 7.273532e+00	 
 7.403018e-04	 6.224477e-02	 6.122209e-01	 2.823014e-01	 4.273462e-02	 7.461460e+00	 
 5.043882e-04	 9.976061e-02	 5.772415e-01	 2.809523e-01	 4.178310e-02	 7.396901e+00	 
 5.143969e-04	 9.816899e-02	 5.787255e-01	 2.810095e-01	 4.182390e-02	 7.126650e+00	 
 4.629416e-04	 1.063516e-01	 5.710961e-01	 2.807153e-01	 4.161608e-02	 7.393165e+00	 
 4.787677e-04	 1.038349e-01	 5.734427e-01	 2.808058e-01	 4.167987e-02	 7.425353e+00	 
 3.386403e-04	 1.261184e-01	 5.526656e-01	 2.800044e-01	 4.111490e-02	 7.501537e+00	 
 8.881710e-04	 3.873008e-02	 6.341458e-01	 2.831470e-01	 4.333002e-02	 8.050889e+00	 
 6.365411e-04	 7.874518e-02	 5.968361e-01	 2.817080e-01	 4.231551e-02	 7.838399e+00	 
 7.793416e-04	 5.603652e-02	 6.180094e-01	 2.825247e-01	 4.289138e-02	 8.061383e+00	 
 5.095346e-04	 9.894222e-02	 5.780045e-01	 2.809817e-01	 4.180388e-02	 7.621994e+00	 
 2.562101e-04	 1.392268e-01	 5.404435e-01	 2.795330e-01	 4.078269e-02	 7.232895e+00	 
 