4.446280e-01	 5.200523e-01	 6.464356e-05	 3.080472e-02	 5.614986e+04	 5.614980e+04	 6.370431e-02	 1	 5.492981e+01	 4.451230e-03	 4.696180e-03	 9.658806e+01	 1.239040e-02	 
 4.446280e-01	 5.200523e-01	 6.464356e-05	 3.080472e-02	 5.614986e+04	 5.614980e+04	 6.370431e-02	 1	 5.492981e+01	 4.451230e-03	 4.696180e-03	 9.658806e+01	 1.239040e-02	 
 4.446280e-01	 5.200523e-01	 6.464356e-05	 3.080472e-02	 5.614986e+04	 5.614980e+04	 6.370431e-02	 1	 5.492981e+01	 4.451230e-03	 4.696180e-03	 9.658806e+01	 1.239040e-02	 
 4.446280e-01	 5.200523e-01	 6.464356e-05	 3.080472e-02	 5.614986e+04	 5.614980e+04	 6.370431e-02	 1	 5.492981e+01	 4.451230e-03	 4.696180e-03	 9.658806e+01	 1.239040e-02	 
 4.446280e-01	 5.200523e-01	 6.464356e-05	 3.080472e-02	 5.614986e+04	 5.614980e+04	 6.370431e-02	 1	 5.492981e+01	 4.451230e-03	 4.696180e-03	 9.658806e+01	 1.239040e-02	 
 4.446280e-01	 5.200523e-01	 6.464356e-05	 3.080472e-02	 5.614986e+04	 5.614980e+04	 6.370431e-02	 1	 5.492981e+01	 4.451230e-03	 4.696180e-03	 9.658806e+01	 1.239040e-02	 
 1.854386e-01	 7.980223e-01	 -5.619339e-04	 6.293478e-02	 6.512460e+04	 6.511840e+04	 6.195628e+00	 0	 1.177127e+03	 4.600634e-02	 1.497923e+01	 3.009701e+02	 5.338066e+02	 
 1.854386e-01	 7.980223e-01	 -5.619339e-04	 6.293478e-02	 6.512460e+04	 6.511840e+04	 6.195628e+00	 0	 1.177127e+03	 4.600634e-02	 1.497923e+01	 3.009701e+02	 5.338066e+02	 
 1.854386e-01	 7.980223e-01	 -5.619339e-04	 6.293478e-02	 6.512460e+04	 6.511840e+04	 6.195628e+00	 0	 1.177127e+03	 4.600634e-02	 1.497923e+01	 3.009701e+02	 5.338066e+02	 
 1.854386e-01	 7.980223e-01	 -5.619339e-04	 6.293478e-02	 6.512460e+04	 6.511840e+04	 6.195628e+00	 0	 1.177127e+03	 4.600634e-02	 1.497923e+01	 3.009701e+02	 5.338066e+02	 
 1.854386e-01	 7.980223e-01	 -5.619339e-04	 6.293478e-02	 6.512460e+04	 6.511840e+04	 6.195628e+00	 0	 1.177127e+03	 4.600634e-02	 1.497923e+01	 3.009701e+02	 5.338066e+02	 
 1.854386e-01	 7.980223e-01	 -5.619339e-04	 6.293478e-02	 6.512460e+04	 6.511840e+04	 6.195628e+00	 0	 1.177127e+03	 4.600634e-02	 1.497923e+01	 3.009701e+02	 5.338066e+02	 
 4.286299e-01	 3.447315e-01	 2.463171e-03	 1.288842e-01	 5.375794e+04	 5.398990e+04	 2.319560e+02	 1	 1.336553e+02	 9.533458e-02	 9.546975e-02	 6.873716e+02	 1.098693e+01	 
 4.286299e-01	 3.447315e-01	 2.463171e-03	 1.288842e-01	 5.375794e+04	 5.398990e+04	 2.319560e+02	 1	 1.336553e+02	 9.533458e-02	 9.546975e-02	 6.873716e+02	 1.098693e+01	 
 4.286299e-01	 3.447315e-01	 2.463171e-03	 1.288842e-01	 5.375794e+04	 5.398990e+04	 2.319560e+02	 1	 1.336553e+02	 9.533458e-02	 9.546975e-02	 6.873716e+02	 1.098693e+01	 
 4.286299e-01	 3.447315e-01	 2.463171e-03	 1.288842e-01	 5.375794e+04	 5.398990e+04	 2.319560e+02	 1	 1.336553e+02	 9.533458e-02	 9.546975e-02	 6.873716e+02	 1.098693e+01	 
 4.286299e-01	 3.447315e-01	 2.463171e-03	 1.288842e-01	 5.375794e+04	 5.398990e+04	 2.319560e+02	 1	 1.336553e+02	 9.533458e-02	 9.546975e-02	 6.873716e+02	 1.098693e+01	 
 4.286299e-01	 3.447315e-01	 2.463171e-03	 1.288842e-01	 5.375794e+04	 5.398990e+04	 2.319560e+02	 1	 1.336553e+02	 9.533458e-02	 9.546975e-02	 6.873716e+02	 1.098693e+01	 
 2.879398e-01	 7.075175e-01	 -1.688179e-05	 1.592256e-02	 6.118446e+04	 6.118280e+04	 1.662552e+00	 0	 5.782603e+03	 1.155696e-02	 2.275801e+00	 2.838350e+01	 2.404094e+01	 
 2.879398e-01	 7.075175e-01	 -1.688179e-05	 1.592256e-02	 6.118446e+04	 6.118280e+04	 1.662552e+00	 0	 5.782603e+03	 1.155696e-02	 2.275801e+00	 2.838350e+01	 2.404094e+01	 
 2.879398e-01	 7.075175e-01	 -1.688179e-05	 1.592256e-02	 6.118446e+04	 6.118280e+04	 1.662552e+00	 0	 5.782603e+03	 1.155696e-02	 2.275801e+00	 2.838350e+01	 2.404094e+01	 
 2.879398e-01	 7.075175e-01	 -1.688179e-05	 1.592256e-02	 6.118446e+04	 6.118280e+04	 1.662552e+00	 0	 5.782603e+03	 1.155696e-02	 2.275801e+00	 2.838350e+01	 2.404094e+01	 
 2.879398e-01	 7.075175e-01	 -1.688179e-05	 1.592256e-02	 6.118446e+04	 6.118280e+04	 1.662552e+00	 0	 5.782603e+03	 1.155696e-02	 2.275801e+00	 2.838350e+01	 2.404094e+01	 
 2.879398e-01	 7.075175e-01	 -1.688179e-05	 1.592256e-02	 6.118446e+04	 6.118280e+04	 1.662552e+00	 0	 5.782603e+03	 1.155696e-02	 2.275801e+00	 2.838350e+01	 2.404094e+01	 
 1.964070e-01	 6.452505e-01	 4.370065e-04	 1.409046e-01	 7.631315e+04	 7.631180e+04	 1.349370e+00	 1	 1.671525e+02	 1.701970e-02	 1.717286e-02	 6.491637e+01	 2.604893e+02	 
 1.964070e-01	 6.452505e-01	 4.370065e-04	 1.409046e-01	 7.631315e+04	 7.631180e+04	 1.349370e+00	 1	 1.671525e+02	 1.701970e-02	 1.717286e-02	 6.491637e+01	 2.604893e+02	 
 1.964070e-01	 6.452505e-01	 4.370065e-04	 1.409046e-01	 7.631315e+04	 7.631180e+04	 1.349370e+00	 1	 1.671525e+02	 1.701970e-02	 1.717286e-02	 6.491637e+01	 2.604893e+02	 
 1.964070e-01	 6.452505e-01	 4.370065e-04	 1.409046e-01	 7.631315e+04	 7.631180e+04	 1.349370e+00	 1	 1.671525e+02	 1.701970e-02	 1.717286e-02	 6.491637e+01	 2.604893e+02	 
 1.964070e-01	 6.452505e-01	 4.370065e-04	 1.409046e-01	 7.631315e+04	 7.631180e+04	 1.349370e+00	 1	 1.671525e+02	 1.701970e-02	 1.717286e-02	 6.491637e+01	 2.604893e+02	 
 1.964070e-01	 6.452505e-01	 4.370065e-04	 1.409046e-01	 7.631315e+04	 7.631180e+04	 1.349370e+00	 1	 1.671525e+02	 1.701970e-02	 1.717286e-02	 6.491637e+01	 2.604893e+02	 
 3.073272e-01	 6.009654e-01	 5.425701e-04	 8.382879e-02	 7.866479e+04	 78672	 7.209658e+00	 1	 1.738041e+02	 7.340433e-03	 7.581554e-03	 4.866561e+01	 1.660695e+02	 
 3.073272e-01	 6.009654e-01	 5.425701e-04	 8.382879e-02	 7.866479e+04	 78672	 7.209658e+00	 1	 1.738041e+02	 7.340433e-03	 7.581554e-03	 4.866561e+01	 1.660695e+02	 
 3.073272e-01	 6.009654e-01	 5.425701e-04	 8.382879e-02	 7.866479e+04	 78672	 7.209658e+00	 1	 1.738041e+02	 7.340433e-03	 7.581554e-03	 4.866561e+01	 1.660695e+02	 
 3.073272e-01	 6.009654e-01	 5.425701e-04	 8.382879e-02	 7.866479e+04	 78672	 7.209658e+00	 1	 1.738041e+02	 7.340433e-03	 7.581554e-03	 4.866561e+01	 1.660695e+02	 
 3.073272e-01	 6.009654e-01	 5.425701e-04	 8.382879e-02	 7.866479e+04	 78672	 7.209658e+00	 1	 1.738041e+02	 7.340433e-03	 7.581554e-03	 4.866561e+01	 1.660695e+02	 
 3.073272e-01	 6.009654e-01	 5.425701e-04	 8.382879e-02	 7.866479e+04	 78672	 7.209658e+00	 1	 1.738041e+02	 7.340433e-03	 7.581554e-03	 4.866561e+01	 1.660695e+02	 
 8.661649e-02	 8.353606e-01	 -5.001686e-06	 1.336833e-01	 3.867950e+04	 3.867930e+04	 2.020161e-01	 0	 7.419472e+01	 5.566126e-02	 8.367372e+02	 2.432955e+03	 2.412347e+01	 
 8.661649e-02	 8.353606e-01	 -5.001686e-06	 1.336833e-01	 3.867950e+04	 3.867930e+04	 2.020161e-01	 0	 7.419472e+01	 5.566126e-02	 8.367372e+02	 2.432955e+03	 2.412347e+01	 
 8.661649e-02	 8.353606e-01	 -5.001686e-06	 1.336833e-01	 3.867950e+04	 3.867930e+04	 2.020161e-01	 0	 7.419472e+01	 5.566126e-02	 8.367372e+02	 2.432955e+03	 2.412347e+01	 
 8.661649e-02	 8.353606e-01	 -5.001686e-06	 1.336833e-01	 3.867950e+04	 3.867930e+04	 2.020161e-01	 0	 7.419472e+01	 5.566126e-02	 8.367372e+02	 2.432955e+03	 2.412347e+01	 
 8.661649e-02	 8.353606e-01	 -5.001686e-06	 1.336833e-01	 3.867950e+04	 3.867930e+04	 2.020161e-01	 0	 7.419472e+01	 5.566126e-02	 8.367372e+02	 2.432955e+03	 2.412347e+01	 
 8.661649e-02	 8.353606e-01	 -5.001686e-06	 1.336833e-01	 3.867950e+04	 3.867930e+04	 2.020161e-01	 0	 7.419472e+01	 5.566126e-02	 8.367372e+02	 2.432955e+03	 2.412347e+01	 
 3.187056e-01	 4.414908e-01	 1.941243e-03	 1.564624e-01	 5.707767e+04	 5.723210e+04	 1.544307e+02	 1	 2.538741e+02	 8.148948e-02	 8.160540e-02	 5.664911e+02	 1.333401e+02	 
 3.187056e-01	 4.414908e-01	 1.941243e-03	 1.564624e-01	 5.707767e+04	 5.723210e+04	 1.544307e+02	 1	 2.538741e+02	 8.148948e-02	 8.160540e-02	 5.664911e+02	 1.333401e+02	 
 3.187056e-01	 4.414908e-01	 1.941243e-03	 1.564624e-01	 5.707767e+04	 5.723210e+04	 1.544307e+02	 1	 2.538741e+02	 8.148948e-02	 8.160540e-02	 5.664911e+02	 1.333401e+02	 
 3.187056e-01	 4.414908e-01	 1.941243e-03	 1.564624e-01	 5.707767e+04	 5.723210e+04	 1.544307e+02	 1	 2.538741e+02	 8.148948e-02	 8.160540e-02	 5.664911e+02	 1.333401e+02	 
 3.187056e-01	 4.414908e-01	 1.941243e-03	 1.564624e-01	 5.707767e+04	 5.723210e+04	 1.544307e+02	 1	 2.538741e+02	 8.148948e-02	 8.160540e-02	 5.664911e+02	 1.333401e+02	 
 3.187056e-01	 4.414908e-01	 1.941243e-03	 1.564624e-01	 5.707767e+04	 5.723210e+04	 1.544307e+02	 1	 2.538741e+02	 8.148948e-02	 8.160540e-02	 5.664911e+02	 1.333401e+02	 
 1.882459e-01	 5.948004e-01	 4.762201e-04	 1.740136e-01	 1.001080e+05	 1.001127e+05	 4.715008e+00	 1	 7.698876e+02	 4.255008e-02	 4.268308e-02	 2.333410e+02	 1.423064e+02	 
 1.882459e-01	 5.948004e-01	 4.762201e-04	 1.740136e-01	 1.001080e+05	 1.001127e+05	 4.715008e+00	 1	 7.698876e+02	 4.255008e-02	 4.268308e-02	 2.333410e+02	 1.423064e+02	 
 1.882459e-01	 5.948004e-01	 4.762201e-04	 1.740136e-01	 1.001080e+05	 1.001127e+05	 4.715008e+00	 1	 7.698876e+02	 4.255008e-02	 4.268308e-02	 2.333410e+02	 1.423064e+02	 
 1.882459e-01	 5.948004e-01	 4.762201e-04	 1.740136e-01	 1.001080e+05	 1.001127e+05	 4.715008e+00	 1	 7.698876e+02	 4.255008e-02	 4.268308e-02	 2.333410e+02	 1.423064e+02	 
 1.882459e-01	 5.948004e-01	 4.762201e-04	 1.740136e-01	 1.001080e+05	 1.001127e+05	 4.715008e+00	 1	 7.698876e+02	 4.255008e-02	 4.268308e-02	 2.333410e+02	 1.423064e+02	 
 1.882459e-01	 5.948004e-01	 4.762201e-04	 1.740136e-01	 1.001080e+05	 1.001127e+05	 4.715008e+00	 1	 7.698876e+02	 4.255008e-02	 4.268308e-02	 2.333410e+02	 1.423064e+02	 
 2.660874e-02	 9.902202e-01	 -5.155094e-03	 7.088891e-02	 7.830609e+04	 7.835060e+04	 4.451305e+01	 0	 3.202110e+01	 8.257395e-02	 1.294169e+03	 4.971889e+03	 9.221542e-02	 
 2.660874e-02	 9.902202e-01	 -5.155094e-03	 7.088891e-02	 7.830609e+04	 7.835060e+04	 4.451305e+01	 0	 3.202110e+01	 8.257395e-02	 1.294169e+03	 4.971889e+03	 9.221542e-02	 
 2.660874e-02	 9.902202e-01	 -5.155094e-03	 7.088891e-02	 7.830609e+04	 7.835060e+04	 4.451305e+01	 0	 3.202110e+01	 8.257395e-02	 1.294169e+03	 4.971889e+03	 9.221542e-02	 
 2.660874e-02	 9.902202e-01	 -5.155094e-03	 7.088891e-02	 7.830609e+04	 7.835060e+04	 4.451305e+01	 0	 3.202110e+01	 8.257395e-02	 1.294169e+03	 4.971889e+03	 9.221542e-02	 
 2.660874e-02	 9.902202e-01	 -5.155094e-03	 7.088891e-02	 7.830609e+04	 7.835060e+04	 4.451305e+01	 0	 3.202110e+01	 8.257395e-02	 1.294169e+03	 4.971889e+03	 9.221542e-02	 
 6.211104e-02	 9.870578e-01	 7.521147e-03	 3.376217e-02	 7.801986e+04	 7.835060e+04	 3.307374e+02	 1	 5.896588e+01	 9.046535e-02	 1.345329e+03	 6.981352e+03	 2.672258e+01	 
 2.636191e-02	 9.968672e-01	 2.936516e-03	 6.211443e-02	 7.832611e+04	 7.835060e+04	 2.449497e+01	 1	 3.360575e+01	 8.829044e-02	 1.274662e+03	 7.799191e+03	 9.359534e-02	 
 2.636191e-02	 9.968672e-01	 2.936516e-03	 6.211443e-02	 7.832611e+04	 7.835060e+04	 2.449497e+01	 1	 3.360575e+01	 8.829044e-02	 1.274662e+03	 7.799191e+03	 9.359534e-02	 
 2.636191e-02	 9.968672e-01	 2.936516e-03	 6.211443e-02	 7.832611e+04	 7.835060e+04	 2.449497e+01	 1	 3.360575e+01	 8.829044e-02	 1.274662e+03	 7.799191e+03	 9.359534e-02	 
 2.636191e-02	 9.968672e-01	 2.936516e-03	 6.211443e-02	 7.832611e+04	 7.835060e+04	 2.449497e+01	 1	 3.360575e+01	 8.829044e-02	 1.274662e+03	 7.799191e+03	 9.359534e-02	 
 2.636191e-02	 9.968672e-01	 2.936516e-03	 6.211443e-02	 7.832611e+04	 7.835060e+04	 2.449497e+01	 1	 3.360575e+01	 8.829044e-02	 1.274662e+03	 7.799191e+03	 9.359534e-02	 
 2.636191e-02	 9.968672e-01	 2.936516e-03	 6.211443e-02	 7.832611e+04	 7.835060e+04	 2.449497e+01	 1	 3.360575e+01	 8.829044e-02	 1.274662e+03	 7.799191e+03	 9.359534e-02	 
 1.854386e-01	 7.980223e-01	 -5.619339e-04	 6.293478e-02	 6.512460e+04	 6.511840e+04	 6.195628e+00	 0	 1.177127e+03	 4.600634e-02	 1.497923e+01	 3.009701e+02	 5.338066e+02	 
 1.854386e-01	 7.980223e-01	 -5.619339e-04	 6.293478e-02	 6.512460e+04	 6.511840e+04	 6.195628e+00	 0	 1.177127e+03	 4.600634e-02	 1.497923e+01	 3.009701e+02	 5.338066e+02	 
 1.854386e-01	 7.980223e-01	 -5.619339e-04	 6.293478e-02	 6.512460e+04	 6.511840e+04	 6.195628e+00	 0	 1.177127e+03	 4.600634e-02	 1.497923e+01	 3.009701e+02	 5.338066e+02	 
 1.854386e-01	 7.980223e-01	 -5.619339e-04	 6.293478e-02	 6.512460e+04	 6.511840e+04	 6.195628e+00	 0	 1.177127e+03	 4.600634e-02	 1.497923e+01	 3.009701e+02	 5.338066e+02	 
 1.854386e-01	 7.980223e-01	 -5.619339e-04	 6.293478e-02	 6.512460e+04	 6.511840e+04	 6.195628e+00	 0	 1.177127e+03	 4.600634e-02	 1.497923e+01	 3.009701e+02	 5.338066e+02	 
 1.854386e-01	 7.980223e-01	 -5.619339e-04	 6.293478e-02	 6.512460e+04	 6.511840e+04	 6.195628e+00	 0	 1.177127e+03	 4.600634e-02	 1.497923e+01	 3.009701e+02	 5.338066e+02	 
 1.854386e-01	 7.980223e-01	 -5.619339e-04	 6.293478e-02	 6.512460e+04	 6.511840e+04	 6.195628e+00	 0	 1.177127e+03	 4.600634e-02	 1.497923e+01	 3.009701e+02	 5.338066e+02	 
 1.854386e-01	 7.980223e-01	 -5.619339e-04	 6.293478e-02	 6.512460e+04	 6.511840e+04	 6.195628e+00	 0	 1.177127e+03	 4.600634e-02	 1.497923e+01	 3.009701e+02	 5.338066e+02	 
 1.854386e-01	 7.980223e-01	 -5.619339e-04	 6.293478e-02	 6.512460e+04	 6.511840e+04	 6.195628e+00	 0	 1.177127e+03	 4.600634e-02	 1.497923e+01	 3.009701e+02	 5.338066e+02	 
 1.854386e-01	 7.980223e-01	 -5.619339e-04	 6.293478e-02	 6.512460e+04	 6.511840e+04	 6.195628e+00	 0	 1.177127e+03	 4.600634e-02	 1.497923e+01	 3.009701e+02	 5.338066e+02	 
 1.854386e-01	 7.980223e-01	 -5.619339e-04	 6.293478e-02	 6.512460e+04	 6.511840e+04	 6.195628e+00	 0	 1.177127e+03	 4.600634e-02	 1.497923e+01	 3.009701e+02	 5.338066e+02	 
 1.854386e-01	 7.980223e-01	 -5.619339e-04	 6.293478e-02	 6.512460e+04	 6.511840e+04	 6.195628e+00	 0	 1.177127e+03	 4.600634e-02	 1.497923e+01	 3.009701e+02	 5.338066e+02	 
 2.636191e-02	 9.968672e-01	 2.936516e-03	 6.211443e-02	 7.832611e+04	 7.835060e+04	 2.449497e+01	 1	 3.360575e+01	 8.829044e-02	 1.274662e+03	 7.799191e+03	 9.359534e-02	 
 2.636191e-02	 9.968672e-01	 2.936516e-03	 6.211443e-02	 7.832611e+04	 7.835060e+04	 2.449497e+01	 1	 3.360575e+01	 8.829044e-02	 1.274662e+03	 7.799191e+03	 9.359534e-02	 
 2.636191e-02	 9.968672e-01	 2.936516e-03	 6.211443e-02	 7.832611e+04	 7.835060e+04	 2.449497e+01	 1	 3.360575e+01	 8.829044e-02	 1.274662e+03	 7.799191e+03	 9.359534e-02	 
 2.636191e-02	 9.968672e-01	 2.936516e-03	 6.211443e-02	 7.832611e+04	 7.835060e+04	 2.449497e+01	 1	 3.360575e+01	 8.829044e-02	 1.274662e+03	 7.799191e+03	 9.359534e-02	 
 2.636191e-02	 9.968672e-01	 2.936516e-03	 6.211443e-02	 7.832611e+04	 7.835060e+04	 2.449497e+01	 1	 3.360575e+01	 8.829044e-02	 1.274662e+03	 7.799191e+03	 9.359534e-02	 
 2.636191e-02	 9.968672e-01	 2.936516e-03	 6.211443e-02	 7.832611e+04	 7.835060e+04	 2.449497e+01	 1	 3.360575e+01	 8.829044e-02	 1.274662e+03	 7.799191e+03	 9.359534e-02	 
 1.964511e-01	 6.451104e-01	 4.284854e-04	 1.409555e-01	 7.631324e+04	 7.631180e+04	 1.441583e+00	 1	 1.642030e+02	 1.707310e-02	 1.722652e-02	 6.707250e+01	 2.623759e+02	 
 1.964511e-01	 6.451104e-01	 4.284854e-04	 1.409555e-01	 7.631324e+04	 7.631180e+04	 1.441583e+00	 1	 1.642030e+02	 1.707310e-02	 1.722652e-02	 6.707250e+01	 2.623759e+02	 
 1.964511e-01	 6.451104e-01	 4.284854e-04	 1.409555e-01	 7.631324e+04	 7.631180e+04	 1.441583e+00	 1	 1.642030e+02	 1.707310e-02	 1.722652e-02	 6.707250e+01	 2.623759e+02	 
 1.964511e-01	 6.451104e-01	 4.284854e-04	 1.409555e-01	 7.631324e+04	 7.631180e+04	 1.441583e+00	 1	 1.642030e+02	 1.707310e-02	 1.722652e-02	 6.707250e+01	 2.623759e+02	 
 1.964511e-01	 6.451104e-01	 4.284854e-04	 1.409555e-01	 7.631324e+04	 7.631180e+04	 1.441583e+00	 1	 1.642030e+02	 1.707310e-02	 1.722652e-02	 6.707250e+01	 2.623759e+02	 
 1.964511e-01	 6.451104e-01	 4.284854e-04	 1.409555e-01	 7.631324e+04	 7.631180e+04	 1.441583e+00	 1	 1.642030e+02	 1.707310e-02	 1.722652e-02	 6.707250e+01	 2.623759e+02	 
 1.966802e-01	 6.444856e-01	 4.262821e-04	 1.411190e-01	 7.631208e+04	 7.631180e+04	 2.841716e-01	 1	 1.526722e+02	 1.730649e-02	 1.746101e-02	 7.685286e+01	 2.708985e+02	 
 1.966802e-01	 6.444856e-01	 4.262821e-04	 1.411190e-01	 7.631208e+04	 7.631180e+04	 2.841716e-01	 1	 1.526722e+02	 1.730649e-02	 1.746101e-02	 7.685286e+01	 2.708985e+02	 
 1.966802e-01	 6.444856e-01	 4.262821e-04	 1.411190e-01	 7.631208e+04	 7.631180e+04	 2.841716e-01	 1	 1.526722e+02	 1.730649e-02	 1.746101e-02	 7.685286e+01	 2.708985e+02	 
 1.966802e-01	 6.444856e-01	 4.262821e-04	 1.411190e-01	 7.631208e+04	 7.631180e+04	 2.841716e-01	 1	 1.526722e+02	 1.730649e-02	 1.746101e-02	 7.685286e+01	 2.708985e+02	 
 1.966802e-01	 6.444856e-01	 4.262821e-04	 1.411190e-01	 7.631208e+04	 7.631180e+04	 2.841716e-01	 1	 1.526722e+02	 1.730649e-02	 1.746101e-02	 7.685286e+01	 2.708985e+02	 
 1.966802e-01	 6.444856e-01	 4.262821e-04	 1.411190e-01	 7.631208e+04	 7.631180e+04	 2.841716e-01	 1	 1.526722e+02	 1.730649e-02	 1.746101e-02	 7.685286e+01	 2.708985e+02	 
 2.636191e-02	 9.968672e-01	 2.936516e-03	 6.211443e-02	 7.832611e+04	 7.835060e+04	 2.449497e+01	 1	 3.360575e+01	 8.829044e-02	 1.274662e+03	 7.799191e+03	 9.359534e-02	 
 2.636191e-02	 9.968672e-01	 2.936516e-03	 6.211443e-02	 7.832611e+04	 7.835060e+04	 2.449497e+01	 1	 3.360575e+01	 8.829044e-02	 1.274662e+03	 7.799191e+03	 9.359534e-02	 
 2.636191e-02	 9.968672e-01	 2.936516e-03	 6.211443e-02	 7.832611e+04	 7.835060e+04	 2.449497e+01	 1	 3.360575e+01	 8.829044e-02	 1.274662e+03	 7.799191e+03	 9.359534e-02	 
 2.636191e-02	 9.968672e-01	 2.936516e-03	 6.211443e-02	 7.832611e+04	 7.835060e+04	 2.449497e+01	 1	 3.360575e+01	 8.829044e-02	 1.274662e+03	 7.799191e+03	 9.359534e-02	 
 2.636191e-02	 9.968672e-01	 2.936516e-03	 6.211443e-02	 7.832611e+04	 7.835060e+04	 2.449497e+01	 1	 3.360575e+01	 8.829044e-02	 1.274662e+03	 7.799191e+03	 9.359534e-02	 
 2.636191e-02	 9.968672e-01	 2.936516e-03	 6.211443e-02	 7.832611e+04	 7.835060e+04	 2.449497e+01	 1	 3.360575e+01	 8.829044e-02	 1.274662e+03	 7.799191e+03	 9.359534e-02	 
 3.331811e-02	 9.916737e-01	 2.898279e-03	 5.994784e-02	 7.835366e+04	 7.835060e+04	 3.059842e+00	 1	 3.413509e+01	 8.784776e-02	 1.251650e+03	 7.783467e+03	 8.956127e-02	 
 3.331811e-02	 9.916737e-01	 2.898279e-03	 5.994784e-02	 7.835366e+04	 7.835060e+04	 3.059842e+00	 1	 3.413509e+01	 8.784776e-02	 1.251650e+03	 7.783467e+03	 8.956127e-02	 
 3.331811e-02	 9.916737e-01	 2.898279e-03	 5.994784e-02	 7.835366e+04	 7.835060e+04	 3.059842e+00	 1	 3.413509e+01	 8.784776e-02	 1.251650e+03	 7.783467e+03	 8.956127e-02	 
 3.331811e-02	 9.916737e-01	 2.898279e-03	 5.994784e-02	 7.835366e+04	 7.835060e+04	 3.059842e+00	 1	 3.413509e+01	 8.784776e-02	 1.251650e+03	 7.783467e+03	 8.956127e-02	 
 3.331811e-02	 9.916737e-01	 2.898279e-03	 5.994784e-02	 7.835366e+04	 7.835060e+04	 3.059842e+00	 1	 3.413509e+01	 8.784776e-02	 1.251650e+03	 7.783467e+03	 8.956127e-02	 
 3.331811e-02	 9.916737e-01	 2.898279e-03	 5.994784e-02	 7.835366e+04	 7.835060e+04	 3.059842e+00	 1	 3.413509e+01	 8.784776e-02	 1.251650e+03	 7.783467e+03	 8.956127e-02	 
 3.244919e-02	 9.923245e-01	 2.898127e-03	 6.021830e-02	 7.834999e+04	 7.835060e+04	 6.087476e-01	 1	 3.400018e+01	 8.790008e-02	 1.254547e+03	 7.793869e+03	 8.957745e-02	 
 3.244919e-02	 9.923245e-01	 2.898127e-03	 6.021830e-02	 7.834999e+04	 7.835060e+04	 6.087476e-01	 1	 3.400018e+01	 8.790008e-02	 1.254547e+03	 7.793869e+03	 8.957745e-02	 
 3.244919e-02	 9.923245e-01	 2.898127e-03	 6.021830e-02	 7.834999e+04	 7.835060e+04	 6.087476e-01	 1	 3.400018e+01	 8.790008e-02	 1.254547e+03	 7.793869e+03	 8.957745e-02	 
 3.244919e-02	 9.923245e-01	 2.898127e-03	 6.021830e-02	 7.834999e+04	 7.835060e+04	 6.087476e-01	 1	 3.400018e+01	 8.790008e-02	 1.254547e+03	 7.793869e+03	 8.957745e-02	 
 3.244919e-02	 9.923245e-01	 2.898127e-03	 6.021830e-02	 7.834999e+04	 7.835060e+04	 6.087476e-01	 1	 3.400018e+01	 8.790008e-02	 1.254547e+03	 7.793869e+03	 8.957745e-02	 
 3.244919e-02	 9.923245e-01	 2.898127e-03	 6.021830e-02	 7.834999e+04	 7.835060e+04	 6.087476e-01	 1	 3.400018e+01	 8.790008e-02	 1.254547e+03	 7.793869e+03	 8.957745e-02	 
 2.636191e-02	 9.968672e-01	 2.936516e-03	 6.211443e-02	 7.832611e+04	 7.835060e+04	 2.449497e+01	 1	 3.360575e+01	 8.829044e-02	 1.274662e+03	 7.799191e+03	 9.359534e-02	 
 2.636191e-02	 9.968672e-01	 2.936516e-03	 6.211443e-02	 7.832611e+04	 7.835060e+04	 2.449497e+01	 1	 3.360575e+01	 8.829044e-02	 1.274662e+03	 7.799191e+03	 9.359534e-02	 
 2.636191e-02	 9.968672e-01	 2.936516e-03	 6.211443e-02	 7.832611e+04	 7.835060e+04	 2.449497e+01	 1	 3.360575e+01	 8.829044e-02	 1.274662e+03	 7.799191e+03	 9.359534e-02	 
 2.636191e-02	 9.968672e-01	 2.936516e-03	 6.211443e-02	 7.832611e+04	 7.835060e+04	 2.449497e+01	 1	 3.360575e+01	 8.829044e-02	 1.274662e+03	 7.799191e+03	 9.359534e-02	 
 2.636191e-02	 9.968672e-01	 2.936516e-03	 6.211443e-02	 7.832611e+04	 7.835060e+04	 2.449497e+01	 1	 3.360575e+01	 8.829044e-02	 1.274662e+03	 7.799191e+03	 9.359534e-02	 
 2.636191e-02	 9.968672e-01	 2.936516e-03	 6.211443e-02	 7.832611e+04	 7.835060e+04	 2.449497e+01	 1	 3.360575e+01	 8.829044e-02	 1.274662e+03	 7.799191e+03	 9.359534e-02	 
 1.780447e-01	 6.660371e-01	 3.110305e-03	 1.374243e-01	 1.001125e+05	 1.001127e+05	 2.329332e-01	 1	 4.745189e+03	 1.557936e-02	 1.558280e-02	 1.146307e+02	 1.144452e+02	 
 1.780447e-01	 6.660371e-01	 3.110305e-03	 1.374243e-01	 1.001125e+05	 1.001127e+05	 2.329332e-01	 1	 4.745189e+03	 1.557936e-02	 1.558280e-02	 1.146307e+02	 1.144452e+02	 
 1.780447e-01	 6.660371e-01	 3.110305e-03	 1.374243e-01	 1.001125e+05	 1.001127e+05	 2.329332e-01	 1	 4.745189e+03	 1.557936e-02	 1.558280e-02	 1.146307e+02	 1.144452e+02	 
 1.780447e-01	 6.660371e-01	 3.110305e-03	 1.374243e-01	 1.001125e+05	 1.001127e+05	 2.329332e-01	 1	 4.745189e+03	 1.557936e-02	 1.558280e-02	 1.146307e+02	 1.144452e+02	 
 1.780447e-01	 6.660371e-01	 3.110305e-03	 1.374243e-01	 1.001125e+05	 1.001127e+05	 2.329332e-01	 1	 4.745189e+03	 1.557936e-02	 1.558280e-02	 1.146307e+02	 1.144452e+02	 
 1.780447e-01	 6.660371e-01	 3.110305e-03	 1.374243e-01	 1.001125e+05	 1.001127e+05	 2.329332e-01	 1	 4.745189e+03	 1.557936e-02	 1.558280e-02	 1.146307e+02	 1.144452e+02	 
 1.640454e-01	 7.563238e-01	 6.350173e-03	 9.194393e-02	 1.001101e+05	 1.001127e+05	 2.580224e+00	 1	 9.780946e+03	 1.917594e-02	 8.320428e-01	 1.513243e+02	 1.716341e+02	 
 1.640454e-01	 7.563238e-01	 6.350173e-03	 9.194393e-02	 1.001101e+05	 1.001127e+05	 2.580224e+00	 1	 9.780946e+03	 1.917594e-02	 8.320428e-01	 1.513243e+02	 1.716341e+02	 
 1.640454e-01	 7.563238e-01	 6.350173e-03	 9.194393e-02	 1.001101e+05	 1.001127e+05	 2.580224e+00	 1	 9.780946e+03	 1.917594e-02	 8.320428e-01	 1.513243e+02	 1.716341e+02	 
 1.640454e-01	 7.563238e-01	 6.350173e-03	 9.194393e-02	 1.001101e+05	 1.001127e+05	 2.580224e+00	 1	 9.780946e+03	 1.917594e-02	 8.320428e-01	 1.513243e+02	 1.716341e+02	 
 1.640454e-01	 7.563238e-01	 6.350173e-03	 9.194393e-02	 1.001101e+05	 1.001127e+05	 2.580224e+00	 1	 9.780946e+03	 1.917594e-02	 8.320428e-01	 1.513243e+02	 1.716341e+02	 
 1.640454e-01	 7.563238e-01	 6.350173e-03	 9.194393e-02	 1.001101e+05	 1.001127e+05	 2.580224e+00	 1	 9.780946e+03	 1.917594e-02	 8.320428e-01	 1.513243e+02	 1.716341e+02	 
 2.636191e-02	 9.968672e-01	 2.936516e-03	 6.211443e-02	 7.832611e+04	 7.835060e+04	 2.449497e+01	 1	 3.360575e+01	 8.829044e-02	 1.274662e+03	 7.799191e+03	 9.359534e-02	 
 2.636191e-02	 9.968672e-01	 2.936516e-03	 6.211443e-02	 7.832611e+04	 7.835060e+04	 2.449497e+01	 1	 3.360575e+01	 8.829044e-02	 1.274662e+03	 7.799191e+03	 9.359534e-02	 
 2.636191e-02	 9.968672e-01	 2.936516e-03	 6.211443e-02	 7.832611e+04	 7.835060e+04	 2.449497e+01	 1	 3.360575e+01	 8.829044e-02	 1.274662e+03	 7.799191e+03	 9.359534e-02	 
 2.636191e-02	 9.968672e-01	 2.936516e-03	 6.211443e-02	 7.832611e+04	 7.835060e+04	 2.449497e+01	 1	 3.360575e+01	 8.829044e-02	 1.274662e+03	 7.799191e+03	 9.359534e-02	 
 2.636191e-02	 9.968672e-01	 2.936516e-03	 6.211443e-02	 7.832611e+04	 7.835060e+04	 2.449497e+01	 1	 3.360575e+01	 8.829044e-02	 1.274662e+03	 7.799191e+03	 9.359534e-02	 
 2.636191e-02	 9.968672e-01	 2.936516e-03	 6.211443e-02	 7.832611e+04	 7.835060e+04	 2.449497e+01	 1	 3.360575e+01	 8.829044e-02	 1.274662e+03	 7.799191e+03	 9.359534e-02	 
 1.780447e-01	 6.660371e-01	 3.110305e-03	 1.374243e-01	 1.001125e+05	 1.001127e+05	 2.329332e-01	 1	 4.745189e+03	 1.557936e-02	 1.558280e-02	 1.146307e+02	 1.144452e+02	 
 1.780447e-01	 6.660371e-01	 3.110305e-03	 1.374243e-01	 1.001125e+05	 1.001127e+05	 2.329332e-01	 1	 4.745189e+03	 1.557936e-02	 1.558280e-02	 1.146307e+02	 1.144452e+02	 
 1.780447e-01	 6.660371e-01	 3.110305e-03	 1.374243e-01	 1.001125e+05	 1.001127e+05	 2.329332e-01	 1	 4.745189e+03	 1.557936e-02	 1.558280e-02	 1.146307e+02	 1.144452e+02	 
 1.780447e-01	 6.660371e-01	 3.110305e-03	 1.374243e-01	 1.001125e+05	 1.001127e+05	 2.329332e-01	 1	 4.745189e+03	 1.557936e-02	 1.558280e-02	 1.146307e+02	 1.144452e+02	 
 1.780447e-01	 6.660371e-01	 3.110305e-03	 1.374243e-01	 1.001125e+05	 1.001127e+05	 2.329332e-01	 1	 4.745189e+03	 1.557936e-02	 1.558280e-02	 1.146307e+02	 1.144452e+02	 
 1.780447e-01	 6.660371e-01	 3.110305e-03	 1.374243e-01	 1.001125e+05	 1.001127e+05	 2.329332e-01	 1	 4.745189e+03	 1.557936e-02	 1.558280e-02	 1.146307e+02	 1.144452e+02	 
 1.897585e-01	 5.845773e-01	 1.298421e-04	 1.792238e-01	 1.001101e+05	 1.001127e+05	 2.601215e+00	 1	 2.089336e+02	 4.634420e-02	 4.654989e-02	 2.895184e+02	 1.472438e+02	 
 1.897585e-01	 5.845773e-01	 1.298421e-04	 1.792238e-01	 1.001101e+05	 1.001127e+05	 2.601215e+00	 1	 2.089336e+02	 4.634420e-02	 4.654989e-02	 2.895184e+02	 1.472438e+02	 
 1.897585e-01	 5.845773e-01	 1.298421e-04	 1.792238e-01	 1.001101e+05	 1.001127e+05	 2.601215e+00	 1	 2.089336e+02	 4.634420e-02	 4.654989e-02	 2.895184e+02	 1.472438e+02	 
 1.897585e-01	 5.845773e-01	 1.298421e-04	 1.792238e-01	 1.001101e+05	 1.001127e+05	 2.601215e+00	 1	 2.089336e+02	 4.634420e-02	 4.654989e-02	 2.895184e+02	 1.472438e+02	 
 1.897585e-01	 5.845773e-01	 1.298421e-04	 1.792238e-01	 1.001101e+05	 1.001127e+05	 2.601215e+00	 1	 2.089336e+02	 4.634420e-02	 4.654989e-02	 2.895184e+02	 1.472438e+02	 
 1.897585e-01	 5.845773e-01	 1.298421e-04	 1.792238e-01	 1.001101e+05	 1.001127e+05	 2.601215e+00	 1	 2.089336e+02	 4.634420e-02	 4.654989e-02	 2.895184e+02	 1.472438e+02	 
 2.636191e-02	 9.968672e-01	 2.936516e-03	 6.211443e-02	 7.832611e+04	 7.835060e+04	 2.449497e+01	 1	 3.360575e+01	 8.829044e-02	 1.274662e+03	 7.799191e+03	 9.359534e-02	 
 2.636191e-02	 9.968672e-01	 2.936516e-03	 6.211443e-02	 7.832611e+04	 7.835060e+04	 2.449497e+01	 1	 3.360575e+01	 8.829044e-02	 1.274662e+03	 7.799191e+03	 9.359534e-02	 
 2.636191e-02	 9.968672e-01	 2.936516e-03	 6.211443e-02	 7.832611e+04	 7.835060e+04	 2.449497e+01	 1	 3.360575e+01	 8.829044e-02	 1.274662e+03	 7.799191e+03	 9.359534e-02	 
 2.636191e-02	 9.968672e-01	 2.936516e-03	 6.211443e-02	 7.832611e+04	 7.835060e+04	 2.449497e+01	 1	 3.360575e+01	 8.829044e-02	 1.274662e+03	 7.799191e+03	 9.359534e-02	 
 2.636191e-02	 9.968672e-01	 2.936516e-03	 6.211443e-02	 7.832611e+04	 7.835060e+04	 2.449497e+01	 1	 3.360575e+01	 8.829044e-02	 1.274662e+03	 7.799191e+03	 9.359534e-02	 
 2.636191e-02	 9.968672e-01	 2.936516e-03	 6.211443e-02	 7.832611e+04	 7.835060e+04	 2.449497e+01	 1	 3.360575e+01	 8.829044e-02	 1.274662e+03	 7.799191e+03	 9.359534e-02	 
 2.636191e-02	 9.968672e-01	 2.936516e-03	 6.211443e-02	 7.832611e+04	 7.835060e+04	 2.449497e+01	 1	 3.360575e+01	 8.829044e-02	 1.274662e+03	 7.799191e+03	 9.359534e-02	 
 2.636191e-02	 9.968672e-01	 2.936516e-03	 6.211443e-02	 7.832611e+04	 7.835060e+04	 2.449497e+01	 1	 3.360575e+01	 8.829044e-02	 1.274662e+03	 7.799191e+03	 9.359534e-02	 
 2.636191e-02	 9.968672e-01	 2.936516e-03	 6.211443e-02	 7.832611e+04	 7.835060e+04	 2.449497e+01	 1	 3.360575e+01	 8.829044e-02	 1.274662e+03	 7.799191e+03	 9.359534e-02	 
 2.636191e-02	 9.968672e-01	 2.936516e-03	 6.211443e-02	 7.832611e+04	 7.835060e+04	 2.449497e+01	 1	 3.360575e+01	 8.829044e-02	 1.274662e+03	 7.799191e+03	 9.359534e-02	 
 2.636191e-02	 9.968672e-01	 2.936516e-03	 6.211443e-02	 7.832611e+04	 7.835060e+04	 2.449497e+01	 1	 3.360575e+01	 8.829044e-02	 1.274662e+03	 7.799191e+03	 9.359534e-02	 
 2.636191e-02	 9.968672e-01	 2.936516e-03	 6.211443e-02	 7.832611e+04	 7.835060e+04	 2.449497e+01	 1	 3.360575e+01	 8.829044e-02	 1.274662e+03	 7.799191e+03	 9.359534e-02	 
 2.768605e-02	 9.981410e-01	 3.111588e-03	 6.039315e-02	 7.835177e+04	 7.835060e+04	 1.170926e+00	 1	 3.298971e+01	 8.934357e-02	 1.318181e+03	 7.082760e+03	 9.170236e-02	 
 2.768605e-02	 9.981410e-01	 3.111588e-03	 6.039315e-02	 7.835177e+04	 7.835060e+04	 1.170926e+00	 1	 3.298971e+01	 8.934357e-02	 1.318181e+03	 7.082760e+03	 9.170236e-02	 
 2.768605e-02	 9.981410e-01	 3.111588e-03	 6.039315e-02	 7.835177e+04	 7.835060e+04	 1.170926e+00	 1	 3.298971e+01	 8.934357e-02	 1.318181e+03	 7.082760e+03	 9.170236e-02	 
 2.768605e-02	 9.981410e-01	 3.111588e-03	 6.039315e-02	 7.835177e+04	 7.835060e+04	 1.170926e+00	 1	 3.298971e+01	 8.934357e-02	 1.318181e+03	 7.082760e+03	 9.170236e-02	 
 2.768605e-02	 9.981410e-01	 3.111588e-03	 6.039315e-02	 7.835177e+04	 7.835060e+04	 1.170926e+00	 1	 3.298971e+01	 8.934357e-02	 1.318181e+03	 7.082760e+03	 9.170236e-02	 
 2.768605e-02	 9.981410e-01	 3.111588e-03	 6.039315e-02	 7.835177e+04	 7.835060e+04	 1.170926e+00	 1	 3.298971e+01	 8.934357e-02	 1.318181e+03	 7.082760e+03	 9.170236e-02	 
 2.636191e-02	 9.968672e-01	 2.936516e-03	 6.211443e-02	 7.832611e+04	 7.835060e+04	 2.449497e+01	 1	 3.360575e+01	 8.829044e-02	 1.274662e+03	 7.799191e+03	 9.359534e-02	 
 2.636191e-02	 9.968672e-01	 2.936516e-03	 6.211443e-02	 7.832611e+04	 7.835060e+04	 2.449497e+01	 1	 3.360575e+01	 8.829044e-02	 1.274662e+03	 7.799191e+03	 9.359534e-02	 
 2.636191e-02	 9.968672e-01	 2.936516e-03	 6.211443e-02	 7.832611e+04	 7.835060e+04	 2.449497e+01	 1	 3.360575e+01	 8.829044e-02	 1.274662e+03	 7.799191e+03	 9.359534e-02	 
 2.636191e-02	 9.968672e-01	 2.936516e-03	 6.211443e-02	 7.832611e+04	 7.835060e+04	 2.449497e+01	 1	 3.360575e+01	 8.829044e-02	 1.274662e+03	 7.799191e+03	 9.359534e-02	 
 2.636191e-02	 9.968672e-01	 2.936516e-03	 6.211443e-02	 7.832611e+04	 7.835060e+04	 2.449497e+01	 1	 3.360575e+01	 8.829044e-02	 1.274662e+03	 7.799191e+03	 9.359534e-02	 
 2.636191e-02	 9.968672e-01	 2.936516e-03	 6.211443e-02	 7.832611e+04	 7.835060e+04	 2.449497e+01	 1	 3.360575e+01	 8.829044e-02	 1.274662e+03	 7.799191e+03	 9.359534e-02	 
 1.964511e-01	 6.451104e-01	 4.284854e-04	 1.409555e-01	 7.631324e+04	 7.631180e+04	 1.441583e+00	 1	 1.642030e+02	 1.707310e-02	 1.722652e-02	 6.707250e+01	 2.623759e+02	 
 1.964511e-01	 6.451104e-01	 4.284854e-04	 1.409555e-01	 7.631324e+04	 7.631180e+04	 1.441583e+00	 1	 1.642030e+02	 1.707310e-02	 1.722652e-02	 6.707250e+01	 2.623759e+02	 
 1.964511e-01	 6.451104e-01	 4.284854e-04	 1.409555e-01	 7.631324e+04	 7.631180e+04	 1.441583e+00	 1	 1.642030e+02	 1.707310e-02	 1.722652e-02	 6.707250e+01	 2.623759e+02	 
 1.964511e-01	 6.451104e-01	 4.284854e-04	 1.409555e-01	 7.631324e+04	 7.631180e+04	 1.441583e+00	 1	 1.642030e+02	 1.707310e-02	 1.722652e-02	 6.707250e+01	 2.623759e+02	 
 1.964511e-01	 6.451104e-01	 4.284854e-04	 1.409555e-01	 7.631324e+04	 7.631180e+04	 1.441583e+00	 1	 1.642030e+02	 1.707310e-02	 1.722652e-02	 6.707250e+01	 2.623759e+02	 
 1.964511e-01	 6.451104e-01	 4.284854e-04	 1.409555e-01	 7.631324e+04	 7.631180e+04	 1.441583e+00	 1	 1.642030e+02	 1.707310e-02	 1.722652e-02	 6.707250e+01	 2.623759e+02	 
 1.964421e-01	 6.451351e-01	 4.285722e-04	 1.409490e-01	 7.631329e+04	 7.631180e+04	 1.487224e+00	 1	 1.646630e+02	 1.706390e-02	 1.721727e-02	 6.670558e+01	 2.620088e+02	 
 1.964421e-01	 6.451351e-01	 4.285722e-04	 1.409490e-01	 7.631329e+04	 7.631180e+04	 1.487224e+00	 1	 1.646630e+02	 1.706390e-02	 1.721727e-02	 6.670558e+01	 2.620088e+02	 
 1.964421e-01	 6.451351e-01	 4.285722e-04	 1.409490e-01	 7.631329e+04	 7.631180e+04	 1.487224e+00	 1	 1.646630e+02	 1.706390e-02	 1.721727e-02	 6.670558e+01	 2.620088e+02	 
 1.964421e-01	 6.451351e-01	 4.285722e-04	 1.409490e-01	 7.631329e+04	 7.631180e+04	 1.487224e+00	 1	 1.646630e+02	 1.706390e-02	 1.721727e-02	 6.670558e+01	 2.620088e+02	 
 1.964421e-01	 6.451351e-01	 4.285722e-04	 1.409490e-01	 7.631329e+04	 7.631180e+04	 1.487224e+00	 1	 1.646630e+02	 1.706390e-02	 1.721727e-02	 6.670558e+01	 2.620088e+02	 
 1.964421e-01	 6.451351e-01	 4.285722e-04	 1.409490e-01	 7.631329e+04	 7.631180e+04	 1.487224e+00	 1	 1.646630e+02	 1.706390e-02	 1.721727e-02	 6.670558e+01	 2.620088e+02	 
 2.636191e-02	 9.968672e-01	 2.936516e-03	 6.211443e-02	 7.832611e+04	 7.835060e+04	 2.449497e+01	 1	 3.360575e+01	 8.829044e-02	 1.274662e+03	 7.799191e+03	 9.359534e-02	 
 2.636191e-02	 9.968672e-01	 2.936516e-03	 6.211443e-02	 7.832611e+04	 7.835060e+04	 2.449497e+01	 1	 3.360575e+01	 8.829044e-02	 1.274662e+03	 7.799191e+03	 9.359534e-02	 
 2.636191e-02	 9.968672e-01	 2.936516e-03	 6.211443e-02	 7.832611e+04	 7.835060e+04	 2.449497e+01	 1	 3.360575e+01	 8.829044e-02	 1.274662e+03	 7.799191e+03	 9.359534e-02	 
 2.636191e-02	 9.968672e-01	 2.936516e-03	 6.211443e-02	 7.832611e+04	 7.835060e+04	 2.449497e+01	 1	 3.360575e+01	 8.829044e-02	 1.274662e+03	 7.799191e+03	 9.359534e-02	 
 2.636191e-02	 9.968672e-01	 2.936516e-03	 6.211443e-02	 7.832611e+04	 7.835060e+04	 2.449497e+01	 1	 3.360575e+01	 8.829044e-02	 1.274662e+03	 7.799191e+03	 9.359534e-02	 
 2.636191e-02	 9.968672e-01	 2.936516e-03	 6.211443e-02	 7.832611e+04	 7.835060e+04	 2.449497e+01	 1	 3.360575e+01	 8.829044e-02	 1.274662e+03	 7.799191e+03	 9.359534e-02	 
 1.854386e-01	 7.980223e-01	 -5.619339e-04	 6.293478e-02	 6.512460e+04	 6.511840e+04	 6.195628e+00	 0	 1.177127e+03	 4.600634e-02	 1.497923e+01	 3.009701e+02	 5.338066e+02	 
 1.854386e-01	 7.980223e-01	 -5.619339e-04	 6.293478e-02	 6.512460e+04	 6.511840e+04	 6.195628e+00	 0	 1.177127e+03	 4.600634e-02	 1.497923e+01	 3.009701e+02	 5.338066e+02	 
 1.854386e-01	 7.980223e-01	 -5.619339e-04	 6.293478e-02	 6.512460e+04	 6.511840e+04	 6.195628e+00	 0	 1.177127e+03	 4.600634e-02	 1.497923e+01	 3.009701e+02	 5.338066e+02	 
 1.854386e-01	 7.980223e-01	 -5.619339e-04	 6.293478e-02	 6.512460e+04	 6.511840e+04	 6.195628e+00	 0	 1.177127e+03	 4.600634e-02	 1.497923e+01	 3.009701e+02	 5.338066e+02	 
 1.854386e-01	 7.980223e-01	 -5.619339e-04	 6.293478e-02	 6.512460e+04	 6.511840e+04	 6.195628e+00	 0	 1.177127e+03	 4.600634e-02	 1.497923e+01	 3.009701e+02	 5.338066e+02	 
 1.854386e-01	 7.980223e-01	 -5.619339e-04	 6.293478e-02	 6.512460e+04	 6.511840e+04	 6.195628e+00	 0	 1.177127e+03	 4.600634e-02	 1.497923e+01	 3.009701e+02	 5.338066e+02	 
 1.854386e-01	 7.980223e-01	 -5.619339e-04	 6.293478e-02	 6.512460e+04	 6.511840e+04	 6.195628e+00	 0	 1.177127e+03	 4.600634e-02	 1.497923e+01	 3.009701e+02	 5.338066e+02	 
 1.854386e-01	 7.980223e-01	 -5.619339e-04	 6.293478e-02	 6.512460e+04	 6.511840e+04	 6.195628e+00	 0	 1.177127e+03	 4.600634e-02	 1.497923e+01	 3.009701e+02	 5.338066e+02	 
 1.854386e-01	 7.980223e-01	 -5.619339e-04	 6.293478e-02	 6.512460e+04	 6.511840e+04	 6.195628e+00	 0	 1.177127e+03	 4.600634e-02	 1.497923e+01	 3.009701e+02	 5.338066e+02	 
 1.854386e-01	 7.980223e-01	 -5.619339e-04	 6.293478e-02	 6.512460e+04	 6.511840e+04	 6.195628e+00	 0	 1.177127e+03	 4.600634e-02	 1.497923e+01	 3.009701e+02	 5.338066e+02	 
 1.854386e-01	 7.980223e-01	 -5.619339e-04	 6.293478e-02	 6.512460e+04	 6.511840e+04	 6.195628e+00	 0	 1.177127e+03	 4.600634e-02	 1.497923e+01	 3.009701e+02	 5.338066e+02	 
 1.854386e-01	 7.980223e-01	 -5.619339e-04	 6.293478e-02	 6.512460e+04	 6.511840e+04	 6.195628e+00	 0	 1.177127e+03	 4.600634e-02	 1.497923e+01	 3.009701e+02	 5.338066e+02	 
 2.636191e-02	 9.968672e-01	 2.936516e-03	 6.211443e-02	 7.832611e+04	 7.835060e+04	 2.449497e+01	 1	 3.360575e+01	 8.829044e-02	 1.274662e+03	 7.799191e+03	 9.359534e-02	 
 2.636191e-02	 9.968672e-01	 2.936516e-03	 6.211443e-02	 7.832611e+04	 7.835060e+04	 2.449497e+01	 1	 3.360575e+01	 8.829044e-02	 1.274662e+03	 7.799191e+03	 9.359534e-02	 
 2.636191e-02	 9.968672e-01	 2.936516e-03	 6.211443e-02	 7.832611e+04	 7.835060e+04	 2.449497e+01	 1	 3.360575e+01	 8.829044e-02	 1.274662e+03	 7.799191e+03	 9.359534e-02	 
 2.636191e-02	 9.968672e-01	 2.936516e-03	 6.211443e-02	 7.832611e+04	 7.835060e+04	 2.449497e+01	 1	 3.360575e+01	 8.829044e-02	 1.274662e+03	 7.799191e+03	 9.359534e-02	 
 2.636191e-02	 9.968672e-01	 2.936516e-03	 6.211443e-02	 7.832611e+04	 7.835060e+04	 2.449497e+01	 1	 3.360575e+01	 8.829044e-02	 1.274662e+03	 7.799191e+03	 9.359534e-02	 
 2.636191e-02	 9.968672e-01	 2.936516e-03	 6.211443e-02	 7.832611e+04	 7.835060e+04	 2.449497e+01	 1	 3.360575e+01	 8.829044e-02	 1.274662e+03	 7.799191e+03	 9.359534e-02	 
 3.065311e-01	 6.027181e-01	 5.271906e-04	 8.342281e-02	 7.867285e+04	 78672	 8.480390e-01	 1	 1.733312e+02	 6.804273e-03	 7.046310e-03	 5.495816e+01	 1.217158e+02	 
 3.065311e-01	 6.027181e-01	 5.271906e-04	 8.342281e-02	 7.867285e+04	 78672	 8.480390e-01	 1	 1.733312e+02	 6.804273e-03	 7.046310e-03	 5.495816e+01	 1.217158e+02	 
 3.065311e-01	 6.027181e-01	 5.271906e-04	 8.342281e-02	 7.867285e+04	 78672	 8.480390e-01	 1	 1.733312e+02	 6.804273e-03	 7.046310e-03	 5.495816e+01	 1.217158e+02	 
 3.065311e-01	 6.027181e-01	 5.271906e-04	 8.342281e-02	 7.867285e+04	 78672	 8.480390e-01	 1	 1.733312e+02	 6.804273e-03	 7.046310e-03	 5.495816e+01	 1.217158e+02	 
 3.065311e-01	 6.027181e-01	 5.271906e-04	 8.342281e-02	 7.867285e+04	 78672	 8.480390e-01	 1	 1.733312e+02	 6.804273e-03	 7.046310e-03	 5.495816e+01	 1.217158e+02	 
 3.065311e-01	 6.027181e-01	 5.271906e-04	 8.342281e-02	 7.867285e+04	 78672	 8.480390e-01	 1	 1.733312e+02	 6.804273e-03	 7.046310e-03	 5.495816e+01	 1.217158e+02	 
 3.070503e-01	 6.025110e-01	 5.109834e-04	 8.315891e-02	 7.867165e+04	 78672	 3.523621e-01	 1	 1.683824e+02	 6.772281e-03	 7.014363e-03	 5.528187e+01	 1.281410e+02	 
 3.070503e-01	 6.025110e-01	 5.109834e-04	 8.315891e-02	 7.867165e+04	 78672	 3.523621e-01	 1	 1.683824e+02	 6.772281e-03	 7.014363e-03	 5.528187e+01	 1.281410e+02	 
 3.070503e-01	 6.025110e-01	 5.109834e-04	 8.315891e-02	 7.867165e+04	 78672	 3.523621e-01	 1	 1.683824e+02	 6.772281e-03	 7.014363e-03	 5.528187e+01	 1.281410e+02	 
 3.070503e-01	 6.025110e-01	 5.109834e-04	 8.315891e-02	 7.867165e+04	 78672	 3.523621e-01	 1	 1.683824e+02	 6.772281e-03	 7.014363e-03	 5.528187e+01	 1.281410e+02	 
 3.070503e-01	 6.025110e-01	 5.109834e-04	 8.315891e-02	 7.867165e+04	 78672	 3.523621e-01	 1	 1.683824e+02	 6.772281e-03	 7.014363e-03	 5.528187e+01	 1.281410e+02	 
 3.070503e-01	 6.025110e-01	 5.109834e-04	 8.315891e-02	 7.867165e+04	 78672	 3.523621e-01	 1	 1.683824e+02	 6.772281e-03	 7.014363e-03	 5.528187e+01	 1.281410e+02	 
 2.636191e-02	 9.968672e-01	 2.936516e-03	 6.211443e-02	 7.832611e+04	 7.835060e+04	 2.449497e+01	 1	 3.360575e+01	 8.829044e-02	 1.274662e+03	 7.799191e+03	 9.359534e-02	 
 2.636191e-02	 9.968672e-01	 2.936516e-03	 6.211443e-02	 7.832611e+04	 7.835060e+04	 2.449497e+01	 1	 3.360575e+01	 8.829044e-02	 1.274662e+03	 7.799191e+03	 9.359534e-02	 
 2.636191e-02	 9.968672e-01	 2.936516e-03	 6.211443e-02	 7.832611e+04	 7.835060e+04	 2.449497e+01	 1	 3.360575e+01	 8.829044e-02	 1.274662e+03	 7.799191e+03	 9.359534e-02	 
 2.636191e-02	 9.968672e-01	 2.936516e-03	 6.211443e-02	 7.832611e+04	 7.835060e+04	 2.449497e+01	 1	 3.360575e+01	 8.829044e-02	 1.274662e+03	 7.799191e+03	 9.359534e-02	 
 2.636191e-02	 9.968672e-01	 2.936516e-03	 6.211443e-02	 7.832611e+04	 7.835060e+04	 2.449497e+01	 1	 3.360575e+01	 8.829044e-02	 1.274662e+03	 7.799191e+03	 9.359534e-02	 
 2.636191e-02	 9.968672e-01	 2.936516e-03	 6.211443e-02	 7.832611e+04	 7.835060e+04	 2.449497e+01	 1	 3.360575e+01	 8.829044e-02	 1.274662e+03	 7.799191e+03	 9.359534e-02	 
 2.711063e-02	 9.989937e-01	 3.115872e-03	 6.032771e-02	 7.835095e+04	 7.835060e+04	 3.547494e-01	 1	 3.297641e+01	 8.955993e-02	 1.324409e+03	 6.934246e+03	 9.241250e-02	 
 2.711063e-02	 9.989937e-01	 3.115872e-03	 6.032771e-02	 7.835095e+04	 7.835060e+04	 3.547494e-01	 1	 3.297641e+01	 8.955993e-02	 1.324409e+03	 6.934246e+03	 9.241250e-02	 
 2.711063e-02	 9.989937e-01	 3.115872e-03	 6.032771e-02	 7.835095e+04	 7.835060e+04	 3.547494e-01	 1	 3.297641e+01	 8.955993e-02	 1.324409e+03	 6.934246e+03	 9.241250e-02	 
 2.711063e-02	 9.989937e-01	 3.115872e-03	 6.032771e-02	 7.835095e+04	 7.835060e+04	 3.547494e-01	 1	 3.297641e+01	 8.955993e-02	 1.324409e+03	 6.934246e+03	 9.241250e-02	 
 2.711063e-02	 9.989937e-01	 3.115872e-03	 6.032771e-02	 7.835095e+04	 7.835060e+04	 3.547494e-01	 1	 3.297641e+01	 8.955993e-02	 1.324409e+03	 6.934246e+03	 9.241250e-02	 
 2.711063e-02	 9.989937e-01	 3.115872e-03	 6.032771e-02	 7.835095e+04	 7.835060e+04	 3.547494e-01	 1	 3.297641e+01	 8.955993e-02	 1.324409e+03	 6.934246e+03	 9.241250e-02	 
 2.637384e-02	 9.995239e-01	 3.279554e-03	 6.056913e-02	 7.835947e+04	 7.835060e+04	 8.868130e+00	 1	 3.261614e+01	 8.975873e-02	 1.329509e+03	 6.812659e+03	 9.222301e-02	 
 2.637384e-02	 9.995239e-01	 3.279554e-03	 6.056913e-02	 7.835947e+04	 7.835060e+04	 8.868130e+00	 1	 3.261614e+01	 8.975873e-02	 1.329509e+03	 6.812659e+03	 9.222301e-02	 
 2.637384e-02	 9.995239e-01	 3.279554e-03	 6.056913e-02	 7.835947e+04	 7.835060e+04	 8.868130e+00	 1	 3.261614e+01	 8.975873e-02	 1.329509e+03	 6.812659e+03	 9.222301e-02	 
 2.637384e-02	 9.995239e-01	 3.279554e-03	 6.056913e-02	 7.835947e+04	 7.835060e+04	 8.868130e+00	 1	 3.261614e+01	 8.975873e-02	 1.329509e+03	 6.812659e+03	 9.222301e-02	 
 2.637384e-02	 9.995239e-01	 3.279554e-03	 6.056913e-02	 7.835947e+04	 7.835060e+04	 8.868130e+00	 1	 3.261614e+01	 8.975873e-02	 1.329509e+03	 6.812659e+03	 9.222301e-02	 
 2.637384e-02	 9.995239e-01	 3.279554e-03	 6.056913e-02	 7.835947e+04	 7.835060e+04	 8.868130e+00	 1	 3.261614e+01	 8.975873e-02	 1.329509e+03	 6.812659e+03	 9.222301e-02	 
 