8.947692e-02	 6.437387e-03	 9.893011e-01	 2.314879e-02	 1.367724e-01	 1.046300e+01	 
 1.369842e-01	 4.695889e-03	 8.420369e-01	 7.179445e-02	 6.501576e-02	 1.012166e+01	 
 1.524225e-01	 4.129760e-03	 7.942144e-01	 8.758204e-02	 4.395470e-02	 9.986605e+00	 
 1.588489e-01	 3.894072e-03	 7.743122e-01	 9.415100e-02	 3.533961e-02	 9.925543e+00	 
 1.617995e-01	 3.785855e-03	 7.651754e-01	 9.716645e-02	 3.149389e-02	 9.896422e+00	 
 1.632153e-01	 3.733927e-03	 7.607914e-01	 9.861326e-02	 2.972499e-02	 9.882192e+00	 
 1.639091e-01	 3.708482e-03	 7.586432e-01	 9.932219e-02	 2.875041e-02	 9.875157e+00	 
 1.642526e-01	 3.695884e-03	 7.575797e-01	 9.967315e-02	 2.829407e-02	 9.871658e+00	 
 1.768472e-01	 3.175933e-03	 7.527819e-01	 9.149768e-02	 2.729726e-02	 9.855570e+00	 
 1.835554e-01	 2.809391e-03	 7.502599e-01	 8.714458e-02	 2.662441e-02	 9.847586e+00	 
 1.859112e-01	 3.063620e-06	 7.570474e-01	 8.226618e-02	 2.526662e-02	 5.951736e+00	 
 1.859128e-01	 3.047312e-06	 7.570230e-01	 8.227972e-02	 2.526012e-02	 5.889079e+00	 
 1.859131e-01	 3.044608e-06	 7.570189e-01	 8.228196e-02	 2.525517e-02	 5.861330e+00	 
 1.859132e-01	 3.043258e-06	 7.570169e-01	 8.228308e-02	 2.525271e-02	 5.855707e+00	 
 1.859133e-01	 3.042583e-06	 7.570159e-01	 8.228364e-02	 2.525145e-02	 5.855070e+00	 
 1.859133e-01	 3.042245e-06	 7.570154e-01	 8.228392e-02	 2.525082e-02	 5.855300e+00	 
 1.859133e-01	 3.042076e-06	 7.570151e-01	 8.228406e-02	 2.525052e-02	 5.855552e+00	 
 1.859133e-01	 3.041992e-06	 7.570150e-01	 8.228413e-02	 2.525036e-02	 5.855713e+00	 
 1.859133e-01	 3.041950e-06	 7.570149e-01	 8.228417e-02	 2.525029e-02	 5.855801e+00	 
 1.859133e-01	 3.041929e-06	 7.570149e-01	 8.228418e-02	 2.525025e-02	 5.855848e+00	 
 1.859133e-01	 3.041918e-06	 7.570149e-01	 8.228419e-02	 2.525021e-02	 5.855871e+00	 
 1.859133e-01	 3.041913e-06	 7.570149e-01	 8.228420e-02	 2.525021e-02	 5.855883e+00	 
 1.859190e-01	 3.038946e-06	 7.570097e-01	 8.228237e-02	 2.524586e-02	 5.874439e+00	 
 1.859195e-01	 3.033501e-06	 7.570016e-01	 8.228689e-02	 2.524480e-02	 5.967234e+00	 
 1.859217e-01	 3.034070e-06	 7.570016e-01	 8.228494e-02	 2.524450e-02	 5.963754e+00	 
 2.186972e-01	 1.403444e-03	 7.368589e-01	 6.433074e-02	 2.382134e-02	 9.814972e+00	 
 2.270173e-01	 1.070582e-03	 7.336825e-01	 5.893160e-02	 2.310162e-02	 9.809276e+00	 
 2.298548e-01	 9.570631e-04	 7.325992e-01	 5.709031e-02	 2.288449e-02	 9.807474e+00	 
 2.316175e-01	 8.865405e-04	 7.319262e-01	 5.594643e-02	 2.271167e-02	 9.806384e+00	 
 2.321328e-01	 8.659255e-04	 7.317295e-01	 5.561206e-02	 2.267604e-02	 9.806069e+00	 
 2.321450e-01	 8.654382e-04	 7.317248e-01	 5.560415e-02	 2.266436e-02	 9.806062e+00	 
 2.331277e-01	 9.096694e-04	 7.312735e-01	 5.499259e-02	 2.265174e-02	 9.805880e+00	 
 1.370444e-01	 7.755940e-02	 7.395958e-01	 1.237141e-01	 1.194644e-02	 1.045155e+01	 
 1.370444e-01	 7.755940e-02	 7.395958e-01	 1.237141e-01	 9.647988e-03	 5.453713e+00	 
 