8.947692e-02	 6.437387e-03	 9.893011e-01	 2.314879e-02	 1.808652e+02	 1.046300e+01	 
 1.369842e-01	 4.695889e-03	 8.420369e-01	 7.179445e-02	 1.321937e+02	 1.012166e+01	 
 1.524225e-01	 4.129760e-03	 7.942144e-01	 8.758204e-02	 1.163706e+02	 9.986605e+00	 
 1.588489e-01	 3.894072e-03	 7.743122e-01	 9.415100e-02	 1.097837e+02	 9.925543e+00	 
 1.617995e-01	 3.785855e-03	 7.651754e-01	 9.716645e-02	 1.067591e+02	 9.896422e+00	 
 1.632153e-01	 3.733927e-03	 7.607914e-01	 9.861326e-02	 1.053077e+02	 9.882192e+00	 
 1.639091e-01	 3.708482e-03	 7.586432e-01	 9.932219e-02	 1.045966e+02	 9.875157e+00	 
 1.642526e-01	 3.695884e-03	 7.575797e-01	 9.967315e-02	 1.042445e+02	 9.871658e+00	 
 1.768472e-01	 3.175933e-03	 7.527819e-01	 9.149768e-02	 9.016277e+01	 9.855570e+00	 
 1.768518e-01	 3.175766e-03	 7.527657e-01	 9.150352e-02	 9.015827e+01	 9.855516e+00	 
 1.835554e-01	 2.809391e-03	 7.502599e-01	 8.714458e-02	 8.057709e+01	 9.847586e+00	 
 1.859112e-01	 3.063620e-06	 7.570474e-01	 8.226618e-02	 2.232723e-01	 5.951736e+00	 
 1.859186e-01	 3.050478e-06	 7.570254e-01	 8.227316e-02	 2.222167e-01	 5.938426e+00	 
 1.859186e-01	 3.049476e-06	 7.570254e-01	 8.227316e-02	 2.221397e-01	 5.938376e+00	 
 1.859185e-01	 3.049751e-06	 7.570258e-01	 8.227293e-02	 2.219651e-01	 5.944149e+00	 
 1.859179e-01	 3.049886e-06	 7.570261e-01	 8.227328e-02	 2.209205e-01	 5.945655e+00	 
 1.859179e-01	 3.049886e-06	 7.570261e-01	 8.227328e-02	 2.109143e-01	 5.862470e+00	 
 1.859212e-01	 3.043027e-06	 7.570162e-01	 8.227641e-02	 2.108453e-01	 5.862468e+00	 
 1.859206e-01	 3.043154e-06	 7.570165e-01	 8.227674e-02	 2.098547e-01	 5.863018e+00	 
 1.859206e-01	 3.042255e-06	 7.570165e-01	 8.227674e-02	 2.097890e-01	 5.863016e+00	 
 1.859206e-01	 3.042515e-06	 7.570169e-01	 8.227653e-02	 2.096222e-01	 5.864535e+00	 
 1.859201e-01	 3.044223e-06	 7.570168e-01	 8.227705e-02	 2.089823e-01	 5.863569e+00	 
 1.859200e-01	 3.044484e-06	 7.570171e-01	 8.227684e-02	 2.088153e-01	 5.865153e+00	 
 1.859202e-01	 3.044189e-06	 7.570167e-01	 8.227699e-02	 2.083159e-01	 5.863425e+00	 
 1.859207e-01	 3.044979e-06	 7.570179e-01	 8.227588e-02	 2.067732e-01	 5.861758e+00	 
 1.859207e-01	 3.044979e-06	 7.570179e-01	 8.227588e-02	 2.027007e-01	 5.878736e+00	 
 1.859147e-01	 3.045305e-06	 7.570207e-01	 8.227918e-02	 2.026341e-01	 5.878724e+00	 
 1.859146e-01	 3.045566e-06	 7.570211e-01	 8.227896e-02	 2.024665e-01	 5.881661e+00	 
 1.859146e-01	 3.044665e-06	 7.570211e-01	 8.227896e-02	 2.024029e-01	 5.881649e+00	 
 1.859143e-01	 3.044729e-06	 7.570212e-01	 8.227913e-02	 2.019075e-01	 5.882265e+00	 
 1.859146e-01	 3.045024e-06	 7.570202e-01	 8.227952e-02	 2.015545e-01	 5.875652e+00	 
 1.859147e-01	 3.044695e-06	 7.570197e-01	 8.227970e-02	 2.010008e-01	 5.872533e+00	 
 1.859195e-01	 3.044599e-06	 7.570174e-01	 8.227713e-02	 2.079211e-01	 5.865757e+00	 
 