2.918220e-01	 -1.212713e-03	 4.876393e-02	 4.236836e-01	 5.944886e+04	 5.949822e+04	 4.935960e+01	 0	 2.271464e+03	 2.407595e-01	 2.390323e-01	 1.246682e+02	 3.596820e+01	 
 2.918220e-01	 -1.212713e-03	 4.876393e-02	 4.236836e-01	 5.944886e+04	 5.949822e+04	 4.935960e+01	 0	 2.271464e+03	 2.407595e-01	 2.390323e-01	 1.246682e+02	 3.596820e+01	 
 2.918220e-01	 -1.212713e-03	 4.876393e-02	 4.236836e-01	 5.944886e+04	 5.949822e+04	 4.935960e+01	 0	 2.271464e+03	 2.407595e-01	 2.390323e-01	 1.246682e+02	 3.596820e+01	 
 2.918220e-01	 -1.212713e-03	 4.876393e-02	 4.236836e-01	 5.944886e+04	 5.949822e+04	 4.935960e+01	 0	 2.271464e+03	 2.407595e-01	 2.390323e-01	 1.246682e+02	 3.596820e+01	 
 2.918220e-01	 -1.212713e-03	 4.876393e-02	 4.236836e-01	 5.944886e+04	 5.949822e+04	 4.935960e+01	 0	 2.271464e+03	 2.407595e-01	 2.390323e-01	 1.246682e+02	 3.596820e+01	 
 2.918220e-01	 -1.212713e-03	 4.876393e-02	 4.236836e-01	 5.944886e+04	 5.949822e+04	 4.935960e+01	 0	 2.271464e+03	 2.407595e-01	 2.390323e-01	 1.246682e+02	 3.596820e+01	 
 7.382075e-02	 -1.221192e-03	 3.907904e-01	 4.058330e-01	 7.540013e+04	 7.546782e+04	 6.769203e+01	 0	 5.255853e+03	 1.343009e-01	 1.338103e-01	 1.278840e+02	 6.076832e+01	 
 7.382075e-02	 -1.221192e-03	 3.907904e-01	 4.058330e-01	 7.540013e+04	 7.546782e+04	 6.769203e+01	 0	 5.255853e+03	 1.343009e-01	 1.338103e-01	 1.278840e+02	 6.076832e+01	 
 7.382075e-02	 -1.221192e-03	 3.907904e-01	 4.058330e-01	 7.540013e+04	 7.546782e+04	 6.769203e+01	 0	 5.255853e+03	 1.343009e-01	 1.338103e-01	 1.278840e+02	 6.076832e+01	 
 7.382075e-02	 -1.221192e-03	 3.907904e-01	 4.058330e-01	 7.540013e+04	 7.546782e+04	 6.769203e+01	 0	 5.255853e+03	 1.343009e-01	 1.338103e-01	 1.278840e+02	 6.076832e+01	 
 7.382075e-02	 -1.221192e-03	 3.907904e-01	 4.058330e-01	 7.540013e+04	 7.546782e+04	 6.769203e+01	 0	 5.255853e+03	 1.343009e-01	 1.338103e-01	 1.278840e+02	 6.076832e+01	 
 7.382075e-02	 -1.221192e-03	 3.907904e-01	 4.058330e-01	 7.540013e+04	 7.546782e+04	 6.769203e+01	 0	 5.255853e+03	 1.343009e-01	 1.338103e-01	 1.278840e+02	 6.076832e+01	 
 1.642526e-01	 3.695884e-03	 7.575797e-01	 9.967315e-02	 4.394154e+04	 4.383730e+04	 1.042445e+02	 1	 1.937344e+04	 2.829407e-02	 2.073046e+01	 9.477187e+01	 8.109955e+00	 
 1.642526e-01	 3.695884e-03	 7.575797e-01	 9.967315e-02	 4.394154e+04	 4.383730e+04	 1.042445e+02	 1	 1.937344e+04	 2.829407e-02	 2.073046e+01	 9.477187e+01	 8.109955e+00	 
 1.642526e-01	 3.695884e-03	 7.575797e-01	 9.967315e-02	 4.394154e+04	 4.383730e+04	 1.042445e+02	 1	 1.937344e+04	 2.829407e-02	 2.073046e+01	 9.477187e+01	 8.109955e+00	 
 1.642526e-01	 3.695884e-03	 7.575797e-01	 9.967315e-02	 4.394154e+04	 4.383730e+04	 1.042445e+02	 1	 1.937344e+04	 2.829407e-02	 2.073046e+01	 9.477187e+01	 8.109955e+00	 
 1.642526e-01	 3.695884e-03	 7.575797e-01	 9.967315e-02	 4.394154e+04	 4.383730e+04	 1.042445e+02	 1	 1.937344e+04	 2.829407e-02	 2.073046e+01	 9.477187e+01	 8.109955e+00	 
 1.642526e-01	 3.695884e-03	 7.575797e-01	 9.967315e-02	 4.394154e+04	 4.383730e+04	 1.042445e+02	 1	 1.937344e+04	 2.829407e-02	 2.073046e+01	 9.477187e+01	 8.109955e+00	 
 2.258913e-01	 -7.598640e-04	 -6.431194e-02	 5.517142e-01	 1.383589e+05	 1.384371e+05	 7.825923e+01	 0	 3.215215e+03	 2.902441e-01	 2.894274e-01	 3.640867e+02	 2.043198e+02	 
 2.258913e-01	 -7.598640e-04	 -6.431194e-02	 5.517142e-01	 1.383589e+05	 1.384371e+05	 7.825923e+01	 0	 3.215215e+03	 2.902441e-01	 2.894274e-01	 3.640867e+02	 2.043198e+02	 
 2.258913e-01	 -7.598640e-04	 -6.431194e-02	 5.517142e-01	 1.383589e+05	 1.384371e+05	 7.825923e+01	 0	 3.215215e+03	 2.902441e-01	 2.894274e-01	 3.640867e+02	 2.043198e+02	 
 2.258913e-01	 -7.598640e-04	 -6.431194e-02	 5.517142e-01	 1.383589e+05	 1.384371e+05	 7.825923e+01	 0	 3.215215e+03	 2.902441e-01	 2.894274e-01	 3.640867e+02	 2.043198e+02	 
 2.258913e-01	 -7.598640e-04	 -6.431194e-02	 5.517142e-01	 1.383589e+05	 1.384371e+05	 7.825923e+01	 0	 3.215215e+03	 2.902441e-01	 2.894274e-01	 3.640867e+02	 2.043198e+02	 
 2.258913e-01	 -7.598640e-04	 -6.431194e-02	 5.517142e-01	 1.383589e+05	 1.384371e+05	 7.825923e+01	 0	 3.215215e+03	 2.902441e-01	 2.894274e-01	 3.640867e+02	 2.043198e+02	 
 1.584957e-01	 6.654747e-02	 7.363021e-01	 1.084086e-01	 6.232733e+04	 5.938256e+04	 2.944775e+03	 1	 4.886647e+04	 9.429106e-02	 4.784186e+01	 7.550142e+01	 2.771864e+01	 
 1.584957e-01	 6.654747e-02	 7.363021e-01	 1.084086e-01	 6.232733e+04	 5.938256e+04	 2.944775e+03	 1	 4.886647e+04	 9.429106e-02	 4.784186e+01	 7.550142e+01	 2.771864e+01	 
 1.584957e-01	 6.654747e-02	 7.363021e-01	 1.084086e-01	 6.232733e+04	 5.938256e+04	 2.944775e+03	 1	 4.886647e+04	 9.429106e-02	 4.784186e+01	 7.550142e+01	 2.771864e+01	 
 1.584957e-01	 6.654747e-02	 7.363021e-01	 1.084086e-01	 6.232733e+04	 5.938256e+04	 2.944775e+03	 1	 4.886647e+04	 9.429106e-02	 4.784186e+01	 7.550142e+01	 2.771864e+01	 
 1.584957e-01	 6.654747e-02	 7.363021e-01	 1.084086e-01	 6.232733e+04	 5.938256e+04	 2.944775e+03	 1	 4.886647e+04	 9.429106e-02	 4.784186e+01	 7.550142e+01	 2.771864e+01	 
 1.584957e-01	 6.654747e-02	 7.363021e-01	 1.084086e-01	 6.232733e+04	 5.938256e+04	 2.944775e+03	 1	 4.886647e+04	 9.429106e-02	 4.784186e+01	 7.550142e+01	 2.771864e+01	 
 1.692235e+00	 -6.728422e-03	 -4.191305e+00	 1.787210e+00	 6.374097e+04	 6.406281e+04	 3.218407e+02	 0	 2.594125e+04	 2.037819e+00	 1.841455e+00	 2.584153e+02	 8.548044e+01	 
 1.692235e+00	 -6.728422e-03	 -4.191305e+00	 1.787210e+00	 6.374097e+04	 6.406281e+04	 3.218407e+02	 0	 2.594125e+04	 2.037819e+00	 1.841455e+00	 2.584153e+02	 8.548044e+01	 
 1.692235e+00	 -6.728422e-03	 -4.191305e+00	 1.787210e+00	 6.374097e+04	 6.406281e+04	 3.218407e+02	 0	 2.594125e+04	 2.037819e+00	 1.841455e+00	 2.584153e+02	 8.548044e+01	 
 1.692235e+00	 -6.728422e-03	 -4.191305e+00	 1.787210e+00	 6.374097e+04	 6.406281e+04	 3.218407e+02	 0	 2.594125e+04	 2.037819e+00	 1.841455e+00	 2.584153e+02	 8.548044e+01	 
 1.692235e+00	 -6.728422e-03	 -4.191305e+00	 1.787210e+00	 6.374097e+04	 6.406281e+04	 3.218407e+02	 0	 2.594125e+04	 2.037819e+00	 1.841455e+00	 2.584153e+02	 8.548044e+01	 
 1.692235e+00	 -6.728422e-03	 -4.191305e+00	 1.787210e+00	 6.374097e+04	 6.406281e+04	 3.218407e+02	 0	 2.594125e+04	 2.037819e+00	 1.841455e+00	 2.584153e+02	 8.548044e+01	 
 1.859182e-01	 3.051101e-06	 7.570264e-01	 8.227282e-02	 1.021536e+05	 1.021534e+05	 2.232723e-01	 1	 3.844200e+02	 2.526662e-02	 4.583141e+01	 2.095488e+02	 4.696214e+02	 
 1.859182e-01	 3.051101e-06	 7.570264e-01	 8.227282e-02	 1.021536e+05	 1.021534e+05	 2.232723e-01	 1	 3.844200e+02	 2.526662e-02	 4.583141e+01	 2.095488e+02	 4.696214e+02	 
 1.859182e-01	 3.051101e-06	 7.570264e-01	 8.227282e-02	 1.021536e+05	 1.021534e+05	 2.232723e-01	 1	 3.844200e+02	 2.526662e-02	 4.583141e+01	 2.095488e+02	 4.696214e+02	 
 1.859182e-01	 3.051101e-06	 7.570264e-01	 8.227282e-02	 1.021536e+05	 1.021534e+05	 2.232723e-01	 1	 3.844200e+02	 2.526662e-02	 4.583141e+01	 2.095488e+02	 4.696214e+02	 
 1.859182e-01	 3.051101e-06	 7.570264e-01	 8.227282e-02	 1.021536e+05	 1.021534e+05	 2.232723e-01	 1	 3.844200e+02	 2.526662e-02	 4.583141e+01	 2.095488e+02	 4.696214e+02	 
 1.859182e-01	 3.051101e-06	 7.570264e-01	 8.227282e-02	 1.021536e+05	 1.021534e+05	 2.232723e-01	 1	 3.844200e+02	 2.526662e-02	 4.583141e+01	 2.095488e+02	 4.696214e+02	 
 1.370537e-01	 3.452459e-02	 7.727629e-01	 1.140299e-01	 1.128082e+05	 1.095665e+05	 3.241715e+03	 1	 5.679844e+04	 6.735432e-02	 1.376337e+02	 3.776883e+02	 2.090847e+02	 
 1.370537e-01	 3.452459e-02	 7.727629e-01	 1.140299e-01	 1.128082e+05	 1.095665e+05	 3.241715e+03	 1	 5.679844e+04	 6.735432e-02	 1.376337e+02	 3.776883e+02	 2.090847e+02	 
 1.370537e-01	 3.452459e-02	 7.727629e-01	 1.140299e-01	 1.128082e+05	 1.095665e+05	 3.241715e+03	 1	 5.679844e+04	 6.735432e-02	 1.376337e+02	 3.776883e+02	 2.090847e+02	 
 1.370537e-01	 3.452459e-02	 7.727629e-01	 1.140299e-01	 1.128082e+05	 1.095665e+05	 3.241715e+03	 1	 5.679844e+04	 6.735432e-02	 1.376337e+02	 3.776883e+02	 2.090847e+02	 
 1.370537e-01	 3.452459e-02	 7.727629e-01	 1.140299e-01	 1.128082e+05	 1.095665e+05	 3.241715e+03	 1	 5.679844e+04	 6.735432e-02	 1.376337e+02	 3.776883e+02	 2.090847e+02	 
 1.370537e-01	 3.452459e-02	 7.727629e-01	 1.140299e-01	 1.128082e+05	 1.095665e+05	 3.241715e+03	 1	 5.679844e+04	 6.735432e-02	 1.376337e+02	 3.776883e+02	 2.090847e+02	 
 1.959348e-01	 -8.811900e-03	 4.675379e-02	 5.098891e-01	 7.841117e+04	 7.893216e+04	 5.209939e+02	 0	 2.673679e+03	 2.599386e-01	 2.574567e-01	 1.659994e+02	 8.120425e+01	 
 1.959348e-01	 -8.811900e-03	 4.675379e-02	 5.098891e-01	 7.841117e+04	 7.893216e+04	 5.209939e+02	 0	 2.673679e+03	 2.599386e-01	 2.574567e-01	 1.659994e+02	 8.120425e+01	 
 1.959348e-01	 -8.811900e-03	 4.675379e-02	 5.098891e-01	 7.841117e+04	 7.893216e+04	 5.209939e+02	 0	 2.673679e+03	 2.599386e-01	 2.574567e-01	 1.659994e+02	 8.120425e+01	 
 1.959348e-01	 -8.811900e-03	 4.675379e-02	 5.098891e-01	 7.841117e+04	 7.893216e+04	 5.209939e+02	 0	 2.673679e+03	 2.599386e-01	 2.574567e-01	 1.659994e+02	 8.120425e+01	 
 1.959348e-01	 -8.811900e-03	 4.675379e-02	 5.098891e-01	 7.841117e+04	 7.893216e+04	 5.209939e+02	 0	 2.673679e+03	 2.599386e-01	 2.574567e-01	 1.659994e+02	 8.120425e+01	 
 1.959348e-01	 -8.811900e-03	 4.675379e-02	 5.098891e-01	 7.841117e+04	 7.893216e+04	 5.209939e+02	 0	 2.673679e+03	 2.599386e-01	 2.574567e-01	 1.659994e+02	 8.120425e+01	 
 1.513189e-01	 -1.292876e-03	 1.143689e-01	 5.079341e-01	 9.214277e+04	 9.223807e+04	 9.530944e+01	 0	 1.035966e+03	 2.286823e-01	 2.280451e-01	 1.864897e+02	 1.384648e+02	 
 1.513189e-01	 -1.292876e-03	 1.143689e-01	 5.079341e-01	 9.214277e+04	 9.223807e+04	 9.530944e+01	 0	 1.035966e+03	 2.286823e-01	 2.280451e-01	 1.864897e+02	 1.384648e+02	 
 1.513189e-01	 -1.292876e-03	 1.143689e-01	 5.079341e-01	 9.214277e+04	 9.223807e+04	 9.530944e+01	 0	 1.035966e+03	 2.286823e-01	 2.280451e-01	 1.864897e+02	 1.384648e+02	 
 1.513189e-01	 -1.292876e-03	 1.143689e-01	 5.079341e-01	 9.214277e+04	 9.223807e+04	 9.530944e+01	 0	 1.035966e+03	 2.286823e-01	 2.280451e-01	 1.864897e+02	 1.384648e+02	 
 1.513189e-01	 -1.292876e-03	 1.143689e-01	 5.079341e-01	 9.214277e+04	 9.223807e+04	 9.530944e+01	 0	 1.035966e+03	 2.286823e-01	 2.280451e-01	 1.864897e+02	 1.384648e+02	 
 1.513189e-01	 -1.292876e-03	 1.143689e-01	 5.079341e-01	 9.214277e+04	 9.223807e+04	 9.530944e+01	 0	 1.035966e+03	 2.286823e-01	 2.280451e-01	 1.864897e+02	 1.384648e+02	 
 1.513189e-01	 -1.292876e-03	 1.143689e-01	 5.079341e-01	 9.214277e+04	 9.223807e+04	 9.530944e+01	 0	 1.035966e+03	 2.286823e-01	 2.280451e-01	 1.864897e+02	 1.384648e+02	 
 1.513189e-01	 -1.292876e-03	 1.143689e-01	 5.079341e-01	 9.214277e+04	 9.223807e+04	 9.530944e+01	 0	 1.035966e+03	 2.286823e-01	 2.280451e-01	 1.864897e+02	 1.384648e+02	 
 1.513189e-01	 -1.292876e-03	 1.143689e-01	 5.079341e-01	 9.214277e+04	 9.223807e+04	 9.530944e+01	 0	 1.035966e+03	 2.286823e-01	 2.280451e-01	 1.864897e+02	 1.384648e+02	 
 1.513189e-01	 -1.292876e-03	 1.143689e-01	 5.079341e-01	 9.214277e+04	 9.223807e+04	 9.530944e+01	 0	 1.035966e+03	 2.286823e-01	 2.280451e-01	 1.864897e+02	 1.384648e+02	 
 1.513189e-01	 -1.292876e-03	 1.143689e-01	 5.079341e-01	 9.214277e+04	 9.223807e+04	 9.530944e+01	 0	 1.035966e+03	 2.286823e-01	 2.280451e-01	 1.864897e+02	 1.384648e+02	 
 1.513189e-01	 -1.292876e-03	 1.143689e-01	 5.079341e-01	 9.214277e+04	 9.223807e+04	 9.530944e+01	 0	 1.035966e+03	 2.286823e-01	 2.280451e-01	 1.864897e+02	 1.384648e+02	 
 1.859212e-01	 3.043975e-06	 7.570162e-01	 8.227641e-02	 1.021536e+05	 1.021534e+05	 2.109143e-01	 1	 3.515915e+02	 2.525487e-02	 7.253852e+01	 2.102926e+02	 4.712027e+02	 
 1.859212e-01	 3.043975e-06	 7.570162e-01	 8.227641e-02	 1.021536e+05	 1.021534e+05	 2.109143e-01	 1	 3.515915e+02	 2.525487e-02	 7.253852e+01	 2.102926e+02	 4.712027e+02	 
 1.859212e-01	 3.043975e-06	 7.570162e-01	 8.227641e-02	 1.021536e+05	 1.021534e+05	 2.109143e-01	 1	 3.515915e+02	 2.525487e-02	 7.253852e+01	 2.102926e+02	 4.712027e+02	 
 1.859212e-01	 3.043975e-06	 7.570162e-01	 8.227641e-02	 1.021536e+05	 1.021534e+05	 2.109143e-01	 1	 3.515915e+02	 2.525487e-02	 7.253852e+01	 2.102926e+02	 4.712027e+02	 
 1.859212e-01	 3.043975e-06	 7.570162e-01	 8.227641e-02	 1.021536e+05	 1.021534e+05	 2.109143e-01	 1	 3.515915e+02	 2.525487e-02	 7.253852e+01	 2.102926e+02	 4.712027e+02	 
 1.859212e-01	 3.043975e-06	 7.570162e-01	 8.227641e-02	 1.021536e+05	 1.021534e+05	 2.109143e-01	 1	 3.515915e+02	 2.525487e-02	 7.253852e+01	 2.102926e+02	 4.712027e+02	 
 1.859147e-01	 3.046255e-06	 7.570207e-01	 8.227918e-02	 1.021536e+05	 1.021534e+05	 2.027007e-01	 1	 3.573572e+02	 2.525703e-02	 6.677593e+01	 2.074459e+02	 4.704852e+02	 
 1.859147e-01	 3.046255e-06	 7.570207e-01	 8.227918e-02	 1.021536e+05	 1.021534e+05	 2.027007e-01	 1	 3.573572e+02	 2.525703e-02	 6.677593e+01	 2.074459e+02	 4.704852e+02	 
 1.859147e-01	 3.046255e-06	 7.570207e-01	 8.227918e-02	 1.021536e+05	 1.021534e+05	 2.027007e-01	 1	 3.573572e+02	 2.525703e-02	 6.677593e+01	 2.074459e+02	 4.704852e+02	 
 1.859147e-01	 3.046255e-06	 7.570207e-01	 8.227918e-02	 1.021536e+05	 1.021534e+05	 2.027007e-01	 1	 3.573572e+02	 2.525703e-02	 6.677593e+01	 2.074459e+02	 4.704852e+02	 
 1.859147e-01	 3.046255e-06	 7.570207e-01	 8.227918e-02	 1.021536e+05	 1.021534e+05	 2.027007e-01	 1	 3.573572e+02	 2.525703e-02	 6.677593e+01	 2.074459e+02	 4.704852e+02	 
 1.859147e-01	 3.046255e-06	 7.570207e-01	 8.227918e-02	 1.021536e+05	 1.021534e+05	 2.027007e-01	 1	 3.573572e+02	 2.525703e-02	 6.677593e+01	 2.074459e+02	 4.704852e+02	 
 1.513189e-01	 -1.292876e-03	 1.143689e-01	 5.079341e-01	 9.214277e+04	 9.223807e+04	 9.530944e+01	 0	 1.035966e+03	 2.286823e-01	 2.280451e-01	 1.864897e+02	 1.384648e+02	 
 1.513189e-01	 -1.292876e-03	 1.143689e-01	 5.079341e-01	 9.214277e+04	 9.223807e+04	 9.530944e+01	 0	 1.035966e+03	 2.286823e-01	 2.280451e-01	 1.864897e+02	 1.384648e+02	 
 1.513189e-01	 -1.292876e-03	 1.143689e-01	 5.079341e-01	 9.214277e+04	 9.223807e+04	 9.530944e+01	 0	 1.035966e+03	 2.286823e-01	 2.280451e-01	 1.864897e+02	 1.384648e+02	 
 1.513189e-01	 -1.292876e-03	 1.143689e-01	 5.079341e-01	 9.214277e+04	 9.223807e+04	 9.530944e+01	 0	 1.035966e+03	 2.286823e-01	 2.280451e-01	 1.864897e+02	 1.384648e+02	 
 1.513189e-01	 -1.292876e-03	 1.143689e-01	 5.079341e-01	 9.214277e+04	 9.223807e+04	 9.530944e+01	 0	 1.035966e+03	 2.286823e-01	 2.280451e-01	 1.864897e+02	 1.384648e+02	 
 1.513189e-01	 -1.292876e-03	 1.143689e-01	 5.079341e-01	 9.214277e+04	 9.223807e+04	 9.530944e+01	 0	 1.035966e+03	 2.286823e-01	 2.280451e-01	 1.864897e+02	 1.384648e+02	 
 1.959348e-01	 -8.811900e-03	 4.675379e-02	 5.098891e-01	 7.841117e+04	 7.893216e+04	 5.209939e+02	 0	 2.673679e+03	 2.599386e-01	 2.574567e-01	 1.659994e+02	 8.120425e+01	 
 1.959348e-01	 -8.811900e-03	 4.675379e-02	 5.098891e-01	 7.841117e+04	 7.893216e+04	 5.209939e+02	 0	 2.673679e+03	 2.599386e-01	 2.574567e-01	 1.659994e+02	 8.120425e+01	 
 1.959348e-01	 -8.811900e-03	 4.675379e-02	 5.098891e-01	 7.841117e+04	 7.893216e+04	 5.209939e+02	 0	 2.673679e+03	 2.599386e-01	 2.574567e-01	 1.659994e+02	 8.120425e+01	 
 1.959348e-01	 -8.811900e-03	 4.675379e-02	 5.098891e-01	 7.841117e+04	 7.893216e+04	 5.209939e+02	 0	 2.673679e+03	 2.599386e-01	 2.574567e-01	 1.659994e+02	 8.120425e+01	 
 1.959348e-01	 -8.811900e-03	 4.675379e-02	 5.098891e-01	 7.841117e+04	 7.893216e+04	 5.209939e+02	 0	 2.673679e+03	 2.599386e-01	 2.574567e-01	 1.659994e+02	 8.120425e+01	 
 1.959348e-01	 -8.811900e-03	 4.675379e-02	 5.098891e-01	 7.841117e+04	 7.893216e+04	 5.209939e+02	 0	 2.673679e+03	 2.599386e-01	 2.574567e-01	 1.659994e+02	 8.120425e+01	 
 1.959348e-01	 -8.811900e-03	 4.675379e-02	 5.098891e-01	 7.841117e+04	 7.893216e+04	 5.209939e+02	 0	 2.673679e+03	 2.599386e-01	 2.574567e-01	 1.659994e+02	 8.120425e+01	 
 1.959348e-01	 -8.811900e-03	 4.675379e-02	 5.098891e-01	 7.841117e+04	 7.893216e+04	 5.209939e+02	 0	 2.673679e+03	 2.599386e-01	 2.574567e-01	 1.659994e+02	 8.120425e+01	 
 1.959348e-01	 -8.811900e-03	 4.675379e-02	 5.098891e-01	 7.841117e+04	 7.893216e+04	 5.209939e+02	 0	 2.673679e+03	 2.599386e-01	 2.574567e-01	 1.659994e+02	 8.120425e+01	 
 1.959348e-01	 -8.811900e-03	 4.675379e-02	 5.098891e-01	 7.841117e+04	 7.893216e+04	 5.209939e+02	 0	 2.673679e+03	 2.599386e-01	 2.574567e-01	 1.659994e+02	 8.120425e+01	 
 1.959348e-01	 -8.811900e-03	 4.675379e-02	 5.098891e-01	 7.841117e+04	 7.893216e+04	 5.209939e+02	 0	 2.673679e+03	 2.599386e-01	 2.574567e-01	 1.659994e+02	 8.120425e+01	 
 1.959348e-01	 -8.811900e-03	 4.675379e-02	 5.098891e-01	 7.841117e+04	 7.893216e+04	 5.209939e+02	 0	 2.673679e+03	 2.599386e-01	 2.574567e-01	 1.659994e+02	 8.120425e+01	 
 1.513189e-01	 -1.292876e-03	 1.143689e-01	 5.079341e-01	 9.214277e+04	 9.223807e+04	 9.530944e+01	 0	 1.035966e+03	 2.286823e-01	 2.280451e-01	 1.864897e+02	 1.384648e+02	 
 1.513189e-01	 -1.292876e-03	 1.143689e-01	 5.079341e-01	 9.214277e+04	 9.223807e+04	 9.530944e+01	 0	 1.035966e+03	 2.286823e-01	 2.280451e-01	 1.864897e+02	 1.384648e+02	 
 1.513189e-01	 -1.292876e-03	 1.143689e-01	 5.079341e-01	 9.214277e+04	 9.223807e+04	 9.530944e+01	 0	 1.035966e+03	 2.286823e-01	 2.280451e-01	 1.864897e+02	 1.384648e+02	 
 1.513189e-01	 -1.292876e-03	 1.143689e-01	 5.079341e-01	 9.214277e+04	 9.223807e+04	 9.530944e+01	 0	 1.035966e+03	 2.286823e-01	 2.280451e-01	 1.864897e+02	 1.384648e+02	 
 1.513189e-01	 -1.292876e-03	 1.143689e-01	 5.079341e-01	 9.214277e+04	 9.223807e+04	 9.530944e+01	 0	 1.035966e+03	 2.286823e-01	 2.280451e-01	 1.864897e+02	 1.384648e+02	 
 1.513189e-01	 -1.292876e-03	 1.143689e-01	 5.079341e-01	 9.214277e+04	 9.223807e+04	 9.530944e+01	 0	 1.035966e+03	 2.286823e-01	 2.280451e-01	 1.864897e+02	 1.384648e+02	 
 7.382075e-02	 -1.221192e-03	 3.907904e-01	 4.058330e-01	 7.540013e+04	 7.546782e+04	 6.769203e+01	 0	 5.255853e+03	 1.343009e-01	 1.338103e-01	 1.278840e+02	 6.076832e+01	 
 7.382075e-02	 -1.221192e-03	 3.907904e-01	 4.058330e-01	 7.540013e+04	 7.546782e+04	 6.769203e+01	 0	 5.255853e+03	 1.343009e-01	 1.338103e-01	 1.278840e+02	 6.076832e+01	 
 7.382075e-02	 -1.221192e-03	 3.907904e-01	 4.058330e-01	 7.540013e+04	 7.546782e+04	 6.769203e+01	 0	 5.255853e+03	 1.343009e-01	 1.338103e-01	 1.278840e+02	 6.076832e+01	 
 7.382075e-02	 -1.221192e-03	 3.907904e-01	 4.058330e-01	 7.540013e+04	 7.546782e+04	 6.769203e+01	 0	 5.255853e+03	 1.343009e-01	 1.338103e-01	 1.278840e+02	 6.076832e+01	 
 7.382075e-02	 -1.221192e-03	 3.907904e-01	 4.058330e-01	 7.540013e+04	 7.546782e+04	 6.769203e+01	 0	 5.255853e+03	 1.343009e-01	 1.338103e-01	 1.278840e+02	 6.076832e+01	 
 7.382075e-02	 -1.221192e-03	 3.907904e-01	 4.058330e-01	 7.540013e+04	 7.546782e+04	 6.769203e+01	 0	 5.255853e+03	 1.343009e-01	 1.338103e-01	 1.278840e+02	 6.076832e+01	 
 7.382075e-02	 -1.221192e-03	 3.907904e-01	 4.058330e-01	 7.540013e+04	 7.546782e+04	 6.769203e+01	 0	 5.255853e+03	 1.343009e-01	 1.338103e-01	 1.278840e+02	 6.076832e+01	 
 7.382075e-02	 -1.221192e-03	 3.907904e-01	 4.058330e-01	 7.540013e+04	 7.546782e+04	 6.769203e+01	 0	 5.255853e+03	 1.343009e-01	 1.338103e-01	 1.278840e+02	 6.076832e+01	 
 7.382075e-02	 -1.221192e-03	 3.907904e-01	 4.058330e-01	 7.540013e+04	 7.546782e+04	 6.769203e+01	 0	 5.255853e+03	 1.343009e-01	 1.338103e-01	 1.278840e+02	 6.076832e+01	 
 7.382075e-02	 -1.221192e-03	 3.907904e-01	 4.058330e-01	 7.540013e+04	 7.546782e+04	 6.769203e+01	 0	 5.255853e+03	 1.343009e-01	 1.338103e-01	 1.278840e+02	 6.076832e+01	 
 7.382075e-02	 -1.221192e-03	 3.907904e-01	 4.058330e-01	 7.540013e+04	 7.546782e+04	 6.769203e+01	 0	 5.255853e+03	 1.343009e-01	 1.338103e-01	 1.278840e+02	 6.076832e+01	 
 7.382075e-02	 -1.221192e-03	 3.907904e-01	 4.058330e-01	 7.540013e+04	 7.546782e+04	 6.769203e+01	 0	 5.255853e+03	 1.343009e-01	 1.338103e-01	 1.278840e+02	 6.076832e+01	 
 1.513189e-01	 -1.292876e-03	 1.143689e-01	 5.079341e-01	 9.214277e+04	 9.223807e+04	 9.530944e+01	 0	 1.035966e+03	 2.286823e-01	 2.280451e-01	 1.864897e+02	 1.384648e+02	 
 1.513189e-01	 -1.292876e-03	 1.143689e-01	 5.079341e-01	 9.214277e+04	 9.223807e+04	 9.530944e+01	 0	 1.035966e+03	 2.286823e-01	 2.280451e-01	 1.864897e+02	 1.384648e+02	 
 1.513189e-01	 -1.292876e-03	 1.143689e-01	 5.079341e-01	 9.214277e+04	 9.223807e+04	 9.530944e+01	 0	 1.035966e+03	 2.286823e-01	 2.280451e-01	 1.864897e+02	 1.384648e+02	 
 1.513189e-01	 -1.292876e-03	 1.143689e-01	 5.079341e-01	 9.214277e+04	 9.223807e+04	 9.530944e+01	 0	 1.035966e+03	 2.286823e-01	 2.280451e-01	 1.864897e+02	 1.384648e+02	 
 1.513189e-01	 -1.292876e-03	 1.143689e-01	 5.079341e-01	 9.214277e+04	 9.223807e+04	 9.530944e+01	 0	 1.035966e+03	 2.286823e-01	 2.280451e-01	 1.864897e+02	 1.384648e+02	 
 1.513189e-01	 -1.292876e-03	 1.143689e-01	 5.079341e-01	 9.214277e+04	 9.223807e+04	 9.530944e+01	 0	 1.035966e+03	 2.286823e-01	 2.280451e-01	 1.864897e+02	 1.384648e+02	 
 2.321450e-01	 8.654382e-04	 7.317248e-01	 5.560415e-02	 4.386499e+04	 4.383730e+04	 2.769209e+01	 1	 1.814340e+04	 2.266436e-02	 7.190690e+01	 1.043771e+02	 1.335537e+01	 
 2.321450e-01	 8.654382e-04	 7.317248e-01	 5.560415e-02	 4.386499e+04	 4.383730e+04	 2.769209e+01	 1	 1.814340e+04	 2.266436e-02	 7.190690e+01	 1.043771e+02	 1.335537e+01	 
 2.321450e-01	 8.654382e-04	 7.317248e-01	 5.560415e-02	 4.386499e+04	 4.383730e+04	 2.769209e+01	 1	 1.814340e+04	 2.266436e-02	 7.190690e+01	 1.043771e+02	 1.335537e+01	 
 2.321450e-01	 8.654382e-04	 7.317248e-01	 5.560415e-02	 4.386499e+04	 4.383730e+04	 2.769209e+01	 1	 1.814340e+04	 2.266436e-02	 7.190690e+01	 1.043771e+02	 1.335537e+01	 
 2.321450e-01	 8.654382e-04	 7.317248e-01	 5.560415e-02	 4.386499e+04	 4.383730e+04	 2.769209e+01	 1	 1.814340e+04	 2.266436e-02	 7.190690e+01	 1.043771e+02	 1.335537e+01	 
 2.321450e-01	 8.654382e-04	 7.317248e-01	 5.560415e-02	 4.386499e+04	 4.383730e+04	 2.769209e+01	 1	 1.814340e+04	 2.266436e-02	 7.190690e+01	 1.043771e+02	 1.335537e+01	 
 2.321487e-01	 8.653413e-04	 7.316928e-01	 5.562062e-02	 4.386499e+04	 4.383730e+04	 2.768923e+01	 1	 1.814133e+04	 2.277952e-02	 7.160652e+01	 1.043860e+02	 1.327539e+01	 
 2.321487e-01	 8.653413e-04	 7.316928e-01	 5.562062e-02	 4.386499e+04	 4.383730e+04	 2.768923e+01	 1	 1.814133e+04	 2.277952e-02	 7.160652e+01	 1.043860e+02	 1.327539e+01	 
 2.321487e-01	 8.653413e-04	 7.316928e-01	 5.562062e-02	 4.386499e+04	 4.383730e+04	 2.768923e+01	 1	 1.814133e+04	 2.277952e-02	 7.160652e+01	 1.043860e+02	 1.327539e+01	 
 2.321487e-01	 8.653413e-04	 7.316928e-01	 5.562062e-02	 4.386499e+04	 4.383730e+04	 2.768923e+01	 1	 1.814133e+04	 2.277952e-02	 7.160652e+01	 1.043860e+02	 1.327539e+01	 
 2.321487e-01	 8.653413e-04	 7.316928e-01	 5.562062e-02	 4.386499e+04	 4.383730e+04	 2.768923e+01	 1	 1.814133e+04	 2.277952e-02	 7.160652e+01	 1.043860e+02	 1.327539e+01	 
 2.321487e-01	 8.653413e-04	 7.316928e-01	 5.562062e-02	 4.386499e+04	 4.383730e+04	 2.768923e+01	 1	 1.814133e+04	 2.277952e-02	 7.160652e+01	 1.043860e+02	 1.327539e+01	 
 1.513189e-01	 -1.292876e-03	 1.143689e-01	 5.079341e-01	 9.214277e+04	 9.223807e+04	 9.530944e+01	 0	 1.035966e+03	 2.286823e-01	 2.280451e-01	 1.864897e+02	 1.384648e+02	 
 1.513189e-01	 -1.292876e-03	 1.143689e-01	 5.079341e-01	 9.214277e+04	 9.223807e+04	 9.530944e+01	 0	 1.035966e+03	 2.286823e-01	 2.280451e-01	 1.864897e+02	 1.384648e+02	 
 1.513189e-01	 -1.292876e-03	 1.143689e-01	 5.079341e-01	 9.214277e+04	 9.223807e+04	 9.530944e+01	 0	 1.035966e+03	 2.286823e-01	 2.280451e-01	 1.864897e+02	 1.384648e+02	 
 1.513189e-01	 -1.292876e-03	 1.143689e-01	 5.079341e-01	 9.214277e+04	 9.223807e+04	 9.530944e+01	 0	 1.035966e+03	 2.286823e-01	 2.280451e-01	 1.864897e+02	 1.384648e+02	 
 1.513189e-01	 -1.292876e-03	 1.143689e-01	 5.079341e-01	 9.214277e+04	 9.223807e+04	 9.530944e+01	 0	 1.035966e+03	 2.286823e-01	 2.280451e-01	 1.864897e+02	 1.384648e+02	 
 1.513189e-01	 -1.292876e-03	 1.143689e-01	 5.079341e-01	 9.214277e+04	 9.223807e+04	 9.530944e+01	 0	 1.035966e+03	 2.286823e-01	 2.280451e-01	 1.864897e+02	 1.384648e+02	 
 2.478858e-01	 2.031032e-02	 7.202229e-01	 4.612832e-02	 6.025600e+04	 5.938256e+04	 8.734441e+02	 1	 2.473146e+04	 4.092209e-02	 8.120049e+01	 1.232539e+02	 5.743188e+01	 
 2.478858e-01	 2.031032e-02	 7.202229e-01	 4.612832e-02	 6.025600e+04	 5.938256e+04	 8.734441e+02	 1	 2.473146e+04	 4.092209e-02	 8.120049e+01	 1.232539e+02	 5.743188e+01	 
 2.478858e-01	 2.031032e-02	 7.202229e-01	 4.612832e-02	 6.025600e+04	 5.938256e+04	 8.734441e+02	 1	 2.473146e+04	 4.092209e-02	 8.120049e+01	 1.232539e+02	 5.743188e+01	 
 2.478858e-01	 2.031032e-02	 7.202229e-01	 4.612832e-02	 6.025600e+04	 5.938256e+04	 8.734441e+02	 1	 2.473146e+04	 4.092209e-02	 8.120049e+01	 1.232539e+02	 5.743188e+01	 
 2.478858e-01	 2.031032e-02	 7.202229e-01	 4.612832e-02	 6.025600e+04	 5.938256e+04	 8.734441e+02	 1	 2.473146e+04	 4.092209e-02	 8.120049e+01	 1.232539e+02	 5.743188e+01	 
 2.478858e-01	 2.031032e-02	 7.202229e-01	 4.612832e-02	 6.025600e+04	 5.938256e+04	 8.734441e+02	 1	 2.473146e+04	 4.092209e-02	 8.120049e+01	 1.232539e+02	 5.743188e+01	 
 2.507519e-01	 1.394406e-02	 7.212803e-01	 4.389447e-02	 5.999591e+04	 5.938256e+04	 6.133529e+02	 1	 2.457371e+04	 3.489907e-02	 1.029996e+02	 1.633939e+02	 4.711630e+01	 
 2.507519e-01	 1.394406e-02	 7.212803e-01	 4.389447e-02	 5.999591e+04	 5.938256e+04	 6.133529e+02	 1	 2.457371e+04	 3.489907e-02	 1.029996e+02	 1.633939e+02	 4.711630e+01	 
 2.507519e-01	 1.394406e-02	 7.212803e-01	 4.389447e-02	 5.999591e+04	 5.938256e+04	 6.133529e+02	 1	 2.457371e+04	 3.489907e-02	 1.029996e+02	 1.633939e+02	 4.711630e+01	 
 2.507519e-01	 1.394406e-02	 7.212803e-01	 4.389447e-02	 5.999591e+04	 5.938256e+04	 6.133529e+02	 1	 2.457371e+04	 3.489907e-02	 1.029996e+02	 1.633939e+02	 4.711630e+01	 
 2.507519e-01	 1.394406e-02	 7.212803e-01	 4.389447e-02	 5.999591e+04	 5.938256e+04	 6.133529e+02	 1	 2.457371e+04	 3.489907e-02	 1.029996e+02	 1.633939e+02	 4.711630e+01	 
 2.507519e-01	 1.394406e-02	 7.212803e-01	 4.389447e-02	 5.999591e+04	 5.938256e+04	 6.133529e+02	 1	 2.457371e+04	 3.489907e-02	 1.029996e+02	 1.633939e+02	 4.711630e+01	 
 1.513189e-01	 -1.292876e-03	 1.143689e-01	 5.079341e-01	 9.214277e+04	 9.223807e+04	 9.530944e+01	 0	 1.035966e+03	 2.286823e-01	 2.280451e-01	 1.864897e+02	 1.384648e+02	 
 1.513189e-01	 -1.292876e-03	 1.143689e-01	 5.079341e-01	 9.214277e+04	 9.223807e+04	 9.530944e+01	 0	 1.035966e+03	 2.286823e-01	 2.280451e-01	 1.864897e+02	 1.384648e+02	 
 1.513189e-01	 -1.292876e-03	 1.143689e-01	 5.079341e-01	 9.214277e+04	 9.223807e+04	 9.530944e+01	 0	 1.035966e+03	 2.286823e-01	 2.280451e-01	 1.864897e+02	 1.384648e+02	 
 1.513189e-01	 -1.292876e-03	 1.143689e-01	 5.079341e-01	 9.214277e+04	 9.223807e+04	 9.530944e+01	 0	 1.035966e+03	 2.286823e-01	 2.280451e-01	 1.864897e+02	 1.384648e+02	 
 1.513189e-01	 -1.292876e-03	 1.143689e-01	 5.079341e-01	 9.214277e+04	 9.223807e+04	 9.530944e+01	 0	 1.035966e+03	 2.286823e-01	 2.280451e-01	 1.864897e+02	 1.384648e+02	 
 1.513189e-01	 -1.292876e-03	 1.143689e-01	 5.079341e-01	 9.214277e+04	 9.223807e+04	 9.530944e+01	 0	 1.035966e+03	 2.286823e-01	 2.280451e-01	 1.864897e+02	 1.384648e+02	 
 1.513189e-01	 -1.292876e-03	 1.143689e-01	 5.079341e-01	 9.214277e+04	 9.223807e+04	 9.530944e+01	 0	 1.035966e+03	 2.286823e-01	 2.280451e-01	 1.864897e+02	 1.384648e+02	 
 1.513189e-01	 -1.292876e-03	 1.143689e-01	 5.079341e-01	 9.214277e+04	 9.223807e+04	 9.530944e+01	 0	 1.035966e+03	 2.286823e-01	 2.280451e-01	 1.864897e+02	 1.384648e+02	 
 1.513189e-01	 -1.292876e-03	 1.143689e-01	 5.079341e-01	 9.214277e+04	 9.223807e+04	 9.530944e+01	 0	 1.035966e+03	 2.286823e-01	 2.280451e-01	 1.864897e+02	 1.384648e+02	 
 1.513189e-01	 -1.292876e-03	 1.143689e-01	 5.079341e-01	 9.214277e+04	 9.223807e+04	 9.530944e+01	 0	 1.035966e+03	 2.286823e-01	 2.280451e-01	 1.864897e+02	 1.384648e+02	 
 1.513189e-01	 -1.292876e-03	 1.143689e-01	 5.079341e-01	 9.214277e+04	 9.223807e+04	 9.530944e+01	 0	 1.035966e+03	 2.286823e-01	 2.280451e-01	 1.864897e+02	 1.384648e+02	 
 1.513189e-01	 -1.292876e-03	 1.143689e-01	 5.079341e-01	 9.214277e+04	 9.223807e+04	 9.530944e+01	 0	 1.035966e+03	 2.286823e-01	 2.280451e-01	 1.864897e+02	 1.384648e+02	 
 1.513189e-01	 -1.292876e-03	 1.143689e-01	 5.079341e-01	 9.214277e+04	 9.223807e+04	 9.530944e+01	 0	 1.035966e+03	 2.286823e-01	 2.280451e-01	 1.864897e+02	 1.384648e+02	 
 1.513189e-01	 -1.292876e-03	 1.143689e-01	 5.079341e-01	 9.214277e+04	 9.223807e+04	 9.530944e+01	 0	 1.035966e+03	 2.286823e-01	 2.280451e-01	 1.864897e+02	 1.384648e+02	 
 1.513189e-01	 -1.292876e-03	 1.143689e-01	 5.079341e-01	 9.214277e+04	 9.223807e+04	 9.530944e+01	 0	 1.035966e+03	 2.286823e-01	 2.280451e-01	 1.864897e+02	 1.384648e+02	 
 1.513189e-01	 -1.292876e-03	 1.143689e-01	 5.079341e-01	 9.214277e+04	 9.223807e+04	 9.530944e+01	 0	 1.035966e+03	 2.286823e-01	 2.280451e-01	 1.864897e+02	 1.384648e+02	 
 1.513189e-01	 -1.292876e-03	 1.143689e-01	 5.079341e-01	 9.214277e+04	 9.223807e+04	 9.530944e+01	 0	 1.035966e+03	 2.286823e-01	 2.280451e-01	 1.864897e+02	 1.384648e+02	 
 1.513189e-01	 -1.292876e-03	 1.143689e-01	 5.079341e-01	 9.214277e+04	 9.223807e+04	 9.530944e+01	 0	 1.035966e+03	 2.286823e-01	 2.280451e-01	 1.864897e+02	 1.384648e+02	 
 1.513189e-01	 -1.292876e-03	 1.143689e-01	 5.079341e-01	 9.214277e+04	 9.223807e+04	 9.530944e+01	 0	 1.035966e+03	 2.286823e-01	 2.280451e-01	 1.864897e+02	 1.384648e+02	 
 1.513189e-01	 -1.292876e-03	 1.143689e-01	 5.079341e-01	 9.214277e+04	 9.223807e+04	 9.530944e+01	 0	 1.035966e+03	 2.286823e-01	 2.280451e-01	 1.864897e+02	 1.384648e+02	 
 1.513189e-01	 -1.292876e-03	 1.143689e-01	 5.079341e-01	 9.214277e+04	 9.223807e+04	 9.530944e+01	 0	 1.035966e+03	 2.286823e-01	 2.280451e-01	 1.864897e+02	 1.384648e+02	 
 1.513189e-01	 -1.292876e-03	 1.143689e-01	 5.079341e-01	 9.214277e+04	 9.223807e+04	 9.530944e+01	 0	 1.035966e+03	 2.286823e-01	 2.280451e-01	 1.864897e+02	 1.384648e+02	 
 1.513189e-01	 -1.292876e-03	 1.143689e-01	 5.079341e-01	 9.214277e+04	 9.223807e+04	 9.530944e+01	 0	 1.035966e+03	 2.286823e-01	 2.280451e-01	 1.864897e+02	 1.384648e+02	 
 1.513189e-01	 -1.292876e-03	 1.143689e-01	 5.079341e-01	 9.214277e+04	 9.223807e+04	 9.530944e+01	 0	 1.035966e+03	 2.286823e-01	 2.280451e-01	 1.864897e+02	 1.384648e+02	 
 1.859212e-01	 3.043975e-06	 7.570162e-01	 8.227641e-02	 1.021536e+05	 1.021534e+05	 2.109143e-01	 1	 3.515915e+02	 2.525487e-02	 7.253852e+01	 2.102926e+02	 4.712027e+02	 
 1.859212e-01	 3.043975e-06	 7.570162e-01	 8.227641e-02	 1.021536e+05	 1.021534e+05	 2.109143e-01	 1	 3.515915e+02	 2.525487e-02	 7.253852e+01	 2.102926e+02	 4.712027e+02	 
 1.859212e-01	 3.043975e-06	 7.570162e-01	 8.227641e-02	 1.021536e+05	 1.021534e+05	 2.109143e-01	 1	 3.515915e+02	 2.525487e-02	 7.253852e+01	 2.102926e+02	 4.712027e+02	 
 1.859212e-01	 3.043975e-06	 7.570162e-01	 8.227641e-02	 1.021536e+05	 1.021534e+05	 2.109143e-01	 1	 3.515915e+02	 2.525487e-02	 7.253852e+01	 2.102926e+02	 4.712027e+02	 
 1.859212e-01	 3.043975e-06	 7.570162e-01	 8.227641e-02	 1.021536e+05	 1.021534e+05	 2.109143e-01	 1	 3.515915e+02	 2.525487e-02	 7.253852e+01	 2.102926e+02	 4.712027e+02	 
 1.859212e-01	 3.043975e-06	 7.570162e-01	 8.227641e-02	 1.021536e+05	 1.021534e+05	 2.109143e-01	 1	 3.515915e+02	 2.525487e-02	 7.253852e+01	 2.102926e+02	 4.712027e+02	 
 1.859153e-01	 3.205602e-06	 7.570192e-01	 8.227956e-02	 1.021536e+05	 1.021534e+05	 2.121897e-01	 1	 3.543547e+02	 2.525581e-02	 7.000727e+01	 2.076122e+02	 4.706946e+02	 
 1.859153e-01	 3.205602e-06	 7.570192e-01	 8.227956e-02	 1.021536e+05	 1.021534e+05	 2.121897e-01	 1	 3.543547e+02	 2.525581e-02	 7.000727e+01	 2.076122e+02	 4.706946e+02	 
 1.859153e-01	 3.205602e-06	 7.570192e-01	 8.227956e-02	 1.021536e+05	 1.021534e+05	 2.121897e-01	 1	 3.543547e+02	 2.525581e-02	 7.000727e+01	 2.076122e+02	 4.706946e+02	 
 1.859153e-01	 3.205602e-06	 7.570192e-01	 8.227956e-02	 1.021536e+05	 1.021534e+05	 2.121897e-01	 1	 3.543547e+02	 2.525581e-02	 7.000727e+01	 2.076122e+02	 4.706946e+02	 
 1.859153e-01	 3.205602e-06	 7.570192e-01	 8.227956e-02	 1.021536e+05	 1.021534e+05	 2.121897e-01	 1	 3.543547e+02	 2.525581e-02	 7.000727e+01	 2.076122e+02	 4.706946e+02	 
 1.859153e-01	 3.205602e-06	 7.570192e-01	 8.227956e-02	 1.021536e+05	 1.021534e+05	 2.121897e-01	 1	 3.543547e+02	 2.525581e-02	 7.000727e+01	 2.076122e+02	 4.706946e+02	 
 1.513189e-01	 -1.292876e-03	 1.143689e-01	 5.079341e-01	 9.214277e+04	 9.223807e+04	 9.530944e+01	 0	 1.035966e+03	 2.286823e-01	 2.280451e-01	 1.864897e+02	 1.384648e+02	 
 1.513189e-01	 -1.292876e-03	 1.143689e-01	 5.079341e-01	 9.214277e+04	 9.223807e+04	 9.530944e+01	 0	 1.035966e+03	 2.286823e-01	 2.280451e-01	 1.864897e+02	 1.384648e+02	 
 1.513189e-01	 -1.292876e-03	 1.143689e-01	 5.079341e-01	 9.214277e+04	 9.223807e+04	 9.530944e+01	 0	 1.035966e+03	 2.286823e-01	 2.280451e-01	 1.864897e+02	 1.384648e+02	 
 1.513189e-01	 -1.292876e-03	 1.143689e-01	 5.079341e-01	 9.214277e+04	 9.223807e+04	 9.530944e+01	 0	 1.035966e+03	 2.286823e-01	 2.280451e-01	 1.864897e+02	 1.384648e+02	 
 1.513189e-01	 -1.292876e-03	 1.143689e-01	 5.079341e-01	 9.214277e+04	 9.223807e+04	 9.530944e+01	 0	 1.035966e+03	 2.286823e-01	 2.280451e-01	 1.864897e+02	 1.384648e+02	 
 1.513189e-01	 -1.292876e-03	 1.143689e-01	 5.079341e-01	 9.214277e+04	 9.223807e+04	 9.530944e+01	 0	 1.035966e+03	 2.286823e-01	 2.280451e-01	 1.864897e+02	 1.384648e+02	 
 1.394257e-01	 2.224861e-02	 7.697274e-01	 1.138775e-01	 1.116246e+05	 1.095665e+05	 2.058094e+03	 1	 5.647135e+04	 5.260457e-02	 1.655641e+02	 4.813842e+02	 2.074375e+02	 
 1.394257e-01	 2.224861e-02	 7.697274e-01	 1.138775e-01	 1.116246e+05	 1.095665e+05	 2.058094e+03	 1	 5.647135e+04	 5.260457e-02	 1.655641e+02	 4.813842e+02	 2.074375e+02	 
 1.394257e-01	 2.224861e-02	 7.697274e-01	 1.138775e-01	 1.116246e+05	 1.095665e+05	 2.058094e+03	 1	 5.647135e+04	 5.260457e-02	 1.655641e+02	 4.813842e+02	 2.074375e+02	 
 1.394257e-01	 2.224861e-02	 7.697274e-01	 1.138775e-01	 1.116246e+05	 1.095665e+05	 2.058094e+03	 1	 5.647135e+04	 5.260457e-02	 1.655641e+02	 4.813842e+02	 2.074375e+02	 
 1.394257e-01	 2.224861e-02	 7.697274e-01	 1.138775e-01	 1.116246e+05	 1.095665e+05	 2.058094e+03	 1	 5.647135e+04	 5.260457e-02	 1.655641e+02	 4.813842e+02	 2.074375e+02	 
 1.394257e-01	 2.224861e-02	 7.697274e-01	 1.138775e-01	 1.116246e+05	 1.095665e+05	 2.058094e+03	 1	 5.647135e+04	 5.260457e-02	 1.655641e+02	 4.813842e+02	 2.074375e+02	 
 1.400704e-01	 1.888974e-02	 7.688898e-01	 1.138439e-01	 1.113007e+05	 1.095665e+05	 1.734259e+03	 1	 5.638535e+04	 4.747522e-02	 1.795233e+02	 5.394978e+02	 2.072805e+02	 
 1.400704e-01	 1.888974e-02	 7.688898e-01	 1.138439e-01	 1.113007e+05	 1.095665e+05	 1.734259e+03	 1	 5.638535e+04	 4.747522e-02	 1.795233e+02	 5.394978e+02	 2.072805e+02	 
 1.400704e-01	 1.888974e-02	 7.688898e-01	 1.138439e-01	 1.113007e+05	 1.095665e+05	 1.734259e+03	 1	 5.638535e+04	 4.747522e-02	 1.795233e+02	 5.394978e+02	 2.072805e+02	 
 1.400704e-01	 1.888974e-02	 7.688898e-01	 1.138439e-01	 1.113007e+05	 1.095665e+05	 1.734259e+03	 1	 5.638535e+04	 4.747522e-02	 1.795233e+02	 5.394978e+02	 2.072805e+02	 
 1.400704e-01	 1.888974e-02	 7.688898e-01	 1.138439e-01	 1.113007e+05	 1.095665e+05	 1.734259e+03	 1	 5.638535e+04	 4.747522e-02	 1.795233e+02	 5.394978e+02	 2.072805e+02	 
 1.400704e-01	 1.888974e-02	 7.688898e-01	 1.138439e-01	 1.113007e+05	 1.095665e+05	 1.734259e+03	 1	 5.638535e+04	 4.747522e-02	 1.795233e+02	 5.394978e+02	 2.072805e+02	 
 1.513189e-01	 -1.292876e-03	 1.143689e-01	 5.079341e-01	 9.214277e+04	 9.223807e+04	 9.530944e+01	 0	 1.035966e+03	 2.286823e-01	 2.280451e-01	 1.864897e+02	 1.384648e+02	 
 1.513189e-01	 -1.292876e-03	 1.143689e-01	 5.079341e-01	 9.214277e+04	 9.223807e+04	 9.530944e+01	 0	 1.035966e+03	 2.286823e-01	 2.280451e-01	 1.864897e+02	 1.384648e+02	 
 1.513189e-01	 -1.292876e-03	 1.143689e-01	 5.079341e-01	 9.214277e+04	 9.223807e+04	 9.530944e+01	 0	 1.035966e+03	 2.286823e-01	 2.280451e-01	 1.864897e+02	 1.384648e+02	 
 1.513189e-01	 -1.292876e-03	 1.143689e-01	 5.079341e-01	 9.214277e+04	 9.223807e+04	 9.530944e+01	 0	 1.035966e+03	 2.286823e-01	 2.280451e-01	 1.864897e+02	 1.384648e+02	 
 1.513189e-01	 -1.292876e-03	 1.143689e-01	 5.079341e-01	 9.214277e+04	 9.223807e+04	 9.530944e+01	 0	 1.035966e+03	 2.286823e-01	 2.280451e-01	 1.864897e+02	 1.384648e+02	 
 1.513189e-01	 -1.292876e-03	 1.143689e-01	 5.079341e-01	 9.214277e+04	 9.223807e+04	 9.530944e+01	 0	 1.035966e+03	 2.286823e-01	 2.280451e-01	 1.864897e+02	 1.384648e+02	 
 2.478858e-01	 2.031032e-02	 7.202229e-01	 4.612832e-02	 6.025600e+04	 5.938256e+04	 8.734441e+02	 1	 2.473146e+04	 4.092209e-02	 8.120049e+01	 1.232539e+02	 5.743188e+01	 
 2.478858e-01	 2.031032e-02	 7.202229e-01	 4.612832e-02	 6.025600e+04	 5.938256e+04	 8.734441e+02	 1	 2.473146e+04	 4.092209e-02	 8.120049e+01	 1.232539e+02	 5.743188e+01	 
 2.478858e-01	 2.031032e-02	 7.202229e-01	 4.612832e-02	 6.025600e+04	 5.938256e+04	 8.734441e+02	 1	 2.473146e+04	 4.092209e-02	 8.120049e+01	 1.232539e+02	 5.743188e+01	 
 2.478858e-01	 2.031032e-02	 7.202229e-01	 4.612832e-02	 6.025600e+04	 5.938256e+04	 8.734441e+02	 1	 2.473146e+04	 4.092209e-02	 8.120049e+01	 1.232539e+02	 5.743188e+01	 
 2.478858e-01	 2.031032e-02	 7.202229e-01	 4.612832e-02	 6.025600e+04	 5.938256e+04	 8.734441e+02	 1	 2.473146e+04	 4.092209e-02	 8.120049e+01	 1.232539e+02	 5.743188e+01	 
 2.478858e-01	 2.031032e-02	 7.202229e-01	 4.612832e-02	 6.025600e+04	 5.938256e+04	 8.734441e+02	 1	 2.473146e+04	 4.092209e-02	 8.120049e+01	 1.232539e+02	 5.743188e+01	 
 2.527462e-01	 1.387214e-02	 7.208277e-01	 4.252290e-02	 5.999654e+04	 5.938256e+04	 6.139835e+02	 1	 2.451779e+04	 3.510688e-02	 1.023443e+02	 1.604995e+02	 4.639331e+01	 
 2.527462e-01	 1.387214e-02	 7.208277e-01	 4.252290e-02	 5.999654e+04	 5.938256e+04	 6.139835e+02	 1	 2.451779e+04	 3.510688e-02	 1.023443e+02	 1.604995e+02	 4.639331e+01	 
 2.527462e-01	 1.387214e-02	 7.208277e-01	 4.252290e-02	 5.999654e+04	 5.938256e+04	 6.139835e+02	 1	 2.451779e+04	 3.510688e-02	 1.023443e+02	 1.604995e+02	 4.639331e+01	 
 2.527462e-01	 1.387214e-02	 7.208277e-01	 4.252290e-02	 5.999654e+04	 5.938256e+04	 6.139835e+02	 1	 2.451779e+04	 3.510688e-02	 1.023443e+02	 1.604995e+02	 4.639331e+01	 
 2.527462e-01	 1.387214e-02	 7.208277e-01	 4.252290e-02	 5.999654e+04	 5.938256e+04	 6.139835e+02	 1	 2.451779e+04	 3.510688e-02	 1.023443e+02	 1.604995e+02	 4.639331e+01	 
 2.527462e-01	 1.387214e-02	 7.208277e-01	 4.252290e-02	 5.999654e+04	 5.938256e+04	 6.139835e+02	 1	 2.451779e+04	 3.510688e-02	 1.023443e+02	 1.604995e+02	 4.639331e+01	 
 1.513189e-01	 -1.292876e-03	 1.143689e-01	 5.079341e-01	 9.214277e+04	 9.223807e+04	 9.530944e+01	 0	 1.035966e+03	 2.286823e-01	 2.280451e-01	 1.864897e+02	 1.384648e+02	 
 1.513189e-01	 -1.292876e-03	 1.143689e-01	 5.079341e-01	 9.214277e+04	 9.223807e+04	 9.530944e+01	 0	 1.035966e+03	 2.286823e-01	 2.280451e-01	 1.864897e+02	 1.384648e+02	 
 1.513189e-01	 -1.292876e-03	 1.143689e-01	 5.079341e-01	 9.214277e+04	 9.223807e+04	 9.530944e+01	 0	 1.035966e+03	 2.286823e-01	 2.280451e-01	 1.864897e+02	 1.384648e+02	 
 1.513189e-01	 -1.292876e-03	 1.143689e-01	 5.079341e-01	 9.214277e+04	 9.223807e+04	 9.530944e+01	 0	 1.035966e+03	 2.286823e-01	 2.280451e-01	 1.864897e+02	 1.384648e+02	 
 1.513189e-01	 -1.292876e-03	 1.143689e-01	 5.079341e-01	 9.214277e+04	 9.223807e+04	 9.530944e+01	 0	 1.035966e+03	 2.286823e-01	 2.280451e-01	 1.864897e+02	 1.384648e+02	 
 1.513189e-01	 -1.292876e-03	 1.143689e-01	 5.079341e-01	 9.214277e+04	 9.223807e+04	 9.530944e+01	 0	 1.035966e+03	 2.286823e-01	 2.280451e-01	 1.864897e+02	 1.384648e+02	 
 7.382075e-02	 -1.221192e-03	 3.907904e-01	 4.058330e-01	 7.540013e+04	 7.546782e+04	 6.769203e+01	 0	 5.255853e+03	 1.343009e-01	 1.338103e-01	 1.278840e+02	 6.076832e+01	 
 7.382075e-02	 -1.221192e-03	 3.907904e-01	 4.058330e-01	 7.540013e+04	 7.546782e+04	 6.769203e+01	 0	 5.255853e+03	 1.343009e-01	 1.338103e-01	 1.278840e+02	 6.076832e+01	 
 7.382075e-02	 -1.221192e-03	 3.907904e-01	 4.058330e-01	 7.540013e+04	 7.546782e+04	 6.769203e+01	 0	 5.255853e+03	 1.343009e-01	 1.338103e-01	 1.278840e+02	 6.076832e+01	 
 7.382075e-02	 -1.221192e-03	 3.907904e-01	 4.058330e-01	 7.540013e+04	 7.546782e+04	 6.769203e+01	 0	 5.255853e+03	 1.343009e-01	 1.338103e-01	 1.278840e+02	 6.076832e+01	 
 7.382075e-02	 -1.221192e-03	 3.907904e-01	 4.058330e-01	 7.540013e+04	 7.546782e+04	 6.769203e+01	 0	 5.255853e+03	 1.343009e-01	 1.338103e-01	 1.278840e+02	 6.076832e+01	 
 7.382075e-02	 -1.221192e-03	 3.907904e-01	 4.058330e-01	 7.540013e+04	 7.546782e+04	 6.769203e+01	 0	 5.255853e+03	 1.343009e-01	 1.338103e-01	 1.278840e+02	 6.076832e+01	 
 7.382075e-02	 -1.221192e-03	 3.907904e-01	 4.058330e-01	 7.540013e+04	 7.546782e+04	 6.769203e+01	 0	 5.255853e+03	 1.343009e-01	 1.338103e-01	 1.278840e+02	 6.076832e+01	 
 7.382075e-02	 -1.221192e-03	 3.907904e-01	 4.058330e-01	 7.540013e+04	 7.546782e+04	 6.769203e+01	 0	 5.255853e+03	 1.343009e-01	 1.338103e-01	 1.278840e+02	 6.076832e+01	 
 7.382075e-02	 -1.221192e-03	 3.907904e-01	 4.058330e-01	 7.540013e+04	 7.546782e+04	 6.769203e+01	 0	 5.255853e+03	 1.343009e-01	 1.338103e-01	 1.278840e+02	 6.076832e+01	 
 7.382075e-02	 -1.221192e-03	 3.907904e-01	 4.058330e-01	 7.540013e+04	 7.546782e+04	 6.769203e+01	 0	 5.255853e+03	 1.343009e-01	 1.338103e-01	 1.278840e+02	 6.076832e+01	 
 7.382075e-02	 -1.221192e-03	 3.907904e-01	 4.058330e-01	 7.540013e+04	 7.546782e+04	 6.769203e+01	 0	 5.255853e+03	 1.343009e-01	 1.338103e-01	 1.278840e+02	 6.076832e+01	 
 7.382075e-02	 -1.221192e-03	 3.907904e-01	 4.058330e-01	 7.540013e+04	 7.546782e+04	 6.769203e+01	 0	 5.255853e+03	 1.343009e-01	 1.338103e-01	 1.278840e+02	 6.076832e+01	 
 