s	 e	 integralPartic	 alturaRetang	 metadePartic	 maximaPartic	 minimoPArtic	 alturaPartic	 p	 comparativoMet
316	 345	 1.506205e+04	 5.020684e+02	 1.314656e+03	 2.303523e+03	 3.257888e+02	 3.819010e-01	 0	 2.618480e+00	 
 316	 345	 1.506205e+04	 5.020684e+02	 1.314656e+03	 2.303523e+03	 3.257888e+02	 3.819010e-01	 0	 2.618480e+00	 
 332	 354	 4.160177e+04	 1.808772e+03	 1.309144e+03	 2.303523e+03	 3.147654e+02	 1.381645e+00	 1	 7.237751e-01	 
 302	 346	 2.364082e+04	 5.253516e+02	 1.318090e+03	 2.303523e+03	 3.326564e+02	 3.985704e-01	 0	 2.508967e+00	 
 332	 349	 2.049849e+04	 1.138805e+03	 1.308932e+03	 2.303523e+03	 3.143396e+02	 8.700265e-01	 0	 1.149390e+00	 
 316	 345	 1.506205e+04	 5.020684e+02	 1.314656e+03	 2.303523e+03	 3.257888e+02	 3.819010e-01	 0	 2.618480e+00	 
 336	 357	 3.458832e+04	 1.572196e+03	 1.312090e+03	 2.303523e+03	 3.206562e+02	 1.198238e+00	 1	 8.345585e-01	 
 332	 349	 2.049849e+04	 1.138805e+03	 1.308932e+03	 2.303523e+03	 3.143396e+02	 8.700265e-01	 0	 1.149390e+00	 
 302	 346	 2.364082e+04	 5.253516e+02	 1.318090e+03	 2.303523e+03	 3.326564e+02	 3.985704e-01	 0	 2.508967e+00	 
 332	 354	 4.160177e+04	 1.808772e+03	 1.309144e+03	 2.303523e+03	 3.147654e+02	 1.381645e+00	 1	 7.237751e-01	 
 