s	 e	 integralPartic	 alturaRetang	 metadePartic	 maximaPartic	 minimoPArtic	 alturaPartic	 p	 comparativoMet
302	 346	 2.364082e+04	 5.253516e+02	 1.318090e+03	 2.303523e+03	 3.326564e+02	 3.985704e-01	 0	 2.508967e+00	 
 302	 346	 2.364082e+04	 5.253516e+02	 1.318090e+03	 2.303523e+03	 3.326564e+02	 3.985704e-01	 0	 2.508967e+00	 
 302	 346	 2.364082e+04	 5.253516e+02	 1.318090e+03	 2.303523e+03	 3.326564e+02	 3.985704e-01	 0	 2.508967e+00	 
 302	 346	 2.364082e+04	 5.253516e+02	 1.318090e+03	 2.303523e+03	 3.326564e+02	 3.985704e-01	 0	 2.508967e+00	 
 302	 346	 2.364082e+04	 5.253516e+02	 1.318090e+03	 2.303523e+03	 3.326564e+02	 3.985704e-01	 0	 2.508967e+00	 
 302	 346	 2.364082e+04	 5.253516e+02	 1.318090e+03	 2.303523e+03	 3.326564e+02	 3.985704e-01	 0	 2.508967e+00	 
 302	 346	 2.364082e+04	 5.253516e+02	 1.318090e+03	 2.303523e+03	 3.326564e+02	 3.985704e-01	 0	 2.508967e+00	 
 302	 346	 2.364082e+04	 5.253516e+02	 1.318090e+03	 2.303523e+03	 3.326564e+02	 3.985704e-01	 0	 2.508967e+00	 
 302	 346	 2.364082e+04	 5.253516e+02	 1.318090e+03	 2.303523e+03	 3.326564e+02	 3.985704e-01	 0	 2.508967e+00	 
 302	 346	 2.364082e+04	 5.253516e+02	 1.318090e+03	 2.303523e+03	 3.326564e+02	 3.985704e-01	 0	 2.508967e+00	 
 