9.790835e-04	 1.570385e+00	 -5.729726e-01	 7.488169e-02	 1.456445e+05	 1.456445e+05	 0	 
 9.790835e-04	 1.570385e+00	 -5.729726e-01	 7.488169e-02	 1.456445e+05	 1.456445e+05	 0	 
 9.790835e-04	 1.570385e+00	 -5.729726e-01	 7.488169e-02	 1.456445e+05	 1.456445e+05	 0	 
 9.790835e-04	 1.570385e+00	 -5.729726e-01	 7.488169e-02	 1.456445e+05	 1.456445e+05	 0	 
 9.790835e-04	 1.570385e+00	 -5.729726e-01	 7.488169e-02	 1.456445e+05	 1.456445e+05	 0	 
 9.790835e-04	 1.570385e+00	 -5.729726e-01	 7.488169e-02	 1.456445e+05	 1.456445e+05	 0	 
 2.245250e-02	 -3.910481e-01	 1.968275e+00	 -2.628955e-01	 1.490890e+05	 1.490890e+05	 0	 
 2.245250e-02	 -3.910481e-01	 1.968275e+00	 -2.628955e-01	 1.490890e+05	 1.490890e+05	 0	 
 2.245250e-02	 -3.910481e-01	 1.968275e+00	 -2.628955e-01	 1.490890e+05	 1.490890e+05	 0	 
 2.245250e-02	 -3.910481e-01	 1.968275e+00	 -2.628955e-01	 1.490890e+05	 1.490890e+05	 0	 
 2.245250e-02	 -3.910481e-01	 1.968275e+00	 -2.628955e-01	 1.490890e+05	 1.490890e+05	 0	 
 2.245250e-02	 -3.910481e-01	 1.968275e+00	 -2.628955e-01	 1.490890e+05	 1.490890e+05	 0	 
 1.409125e-02	 5.454711e-01	 2.308075e+00	 -1.049124e+00	 1.100131e+05	 1.100131e+05	 0	 
 1.409125e-02	 5.454711e-01	 2.308075e+00	 -1.049124e+00	 1.100131e+05	 1.100131e+05	 0	 
 1.409125e-02	 5.454711e-01	 2.308075e+00	 -1.049124e+00	 1.100131e+05	 1.100131e+05	 0	 
 1.409125e-02	 5.454711e-01	 2.308075e+00	 -1.049124e+00	 1.100131e+05	 1.100131e+05	 0	 
 1.409125e-02	 5.454711e-01	 2.308075e+00	 -1.049124e+00	 1.100131e+05	 1.100131e+05	 0	 
 1.409125e-02	 5.454711e-01	 2.308075e+00	 -1.049124e+00	 1.100131e+05	 1.100131e+05	 0	 
 5.675055e-03	 -2.768926e+00	 6.626812e+00	 -1.643353e+00	 9.857062e+04	 9.857062e+04	 0	 
 5.675055e-03	 -2.768926e+00	 6.626812e+00	 -1.643353e+00	 9.857062e+04	 9.857062e+04	 0	 
 5.675055e-03	 -2.768926e+00	 6.626812e+00	 -1.643353e+00	 9.857062e+04	 9.857062e+04	 0	 
 5.675055e-03	 -2.768926e+00	 6.626812e+00	 -1.643353e+00	 9.857062e+04	 9.857062e+04	 0	 
 5.675055e-03	 -2.768926e+00	 6.626812e+00	 -1.643353e+00	 9.857062e+04	 9.857062e+04	 0	 
 5.675055e-03	 -2.768926e+00	 6.626812e+00	 -1.643353e+00	 9.857062e+04	 9.857062e+04	 0	 
 -7.350379e-02	 -1.012107e+01	 2.769919e-02	 7.014078e+00	 9.272383e+04	 9.272383e+04	 0	 
 -7.350379e-02	 -1.012107e+01	 2.769919e-02	 7.014078e+00	 9.272383e+04	 9.272383e+04	 0	 
 -7.350379e-02	 -1.012107e+01	 2.769919e-02	 7.014078e+00	 9.272383e+04	 9.272383e+04	 0	 
 -7.350379e-02	 -1.012107e+01	 2.769919e-02	 7.014078e+00	 9.272383e+04	 9.272383e+04	 0	 
 -7.350379e-02	 -1.012107e+01	 2.769919e-02	 7.014078e+00	 9.272383e+04	 9.272383e+04	 0	 
 -7.350379e-02	 -1.012107e+01	 2.769919e-02	 7.014078e+00	 9.272383e+04	 9.272383e+04	 0	 
 -2.330958e-03	 -1.593033e-01	 -1.572144e-01	 9.064709e-01	 8.536049e+04	 8.536049e+04	 0	 
 -2.330958e-03	 -1.593033e-01	 -1.572144e-01	 9.064709e-01	 8.536049e+04	 8.536049e+04	 0	 
 -2.330958e-03	 -1.593033e-01	 -1.572144e-01	 9.064709e-01	 8.536049e+04	 8.536049e+04	 0	 
 -2.330958e-03	 -1.593033e-01	 -1.572144e-01	 9.064709e-01	 8.536049e+04	 8.536049e+04	 0	 
 -2.330958e-03	 -1.593033e-01	 -1.572144e-01	 9.064709e-01	 8.536049e+04	 8.536049e+04	 0	 
 -2.330958e-03	 -1.593033e-01	 -1.572144e-01	 9.064709e-01	 8.536049e+04	 8.536049e+04	 0	 
 7.681205e-04	 2.935696e-01	 8.281122e-01	 1.933568e-02	 7.164741e+04	 7.251258e+04	 1	 
 7.681205e-04	 2.935696e-01	 8.281122e-01	 1.933568e-02	 7.164741e+04	 7.251258e+04	 1	 
 7.681205e-04	 2.935696e-01	 8.281122e-01	 1.933568e-02	 7.164741e+04	 7.251258e+04	 1	 
 7.681205e-04	 2.935696e-01	 8.281122e-01	 1.933568e-02	 7.164741e+04	 7.251258e+04	 1	 
 7.681205e-04	 2.935696e-01	 8.281122e-01	 1.933568e-02	 7.164741e+04	 7.251258e+04	 1	 
 7.681205e-04	 2.935696e-01	 8.281122e-01	 1.933568e-02	 7.164741e+04	 7.251258e+04	 1	 
 -7.104256e-03	 9.733873e-01	 -9.222575e-01	 6.673466e-01	 1.235175e+05	 1.235175e+05	 0	 
 -7.104256e-03	 9.733873e-01	 -9.222575e-01	 6.673466e-01	 1.235175e+05	 1.235175e+05	 0	 
 -7.104256e-03	 9.733873e-01	 -9.222575e-01	 6.673466e-01	 1.235175e+05	 1.235175e+05	 0	 
 -7.104256e-03	 9.733873e-01	 -9.222575e-01	 6.673466e-01	 1.235175e+05	 1.235175e+05	 0	 
 -7.104256e-03	 9.733873e-01	 -9.222575e-01	 6.673466e-01	 1.235175e+05	 1.235175e+05	 0	 
 -7.104256e-03	 9.733873e-01	 -9.222575e-01	 6.673466e-01	 1.235175e+05	 1.235175e+05	 0	 
 3.079168e-02	 -4.152520e+00	 1.447815e+01	 -5.625095e+00	 9.241953e+04	 9.241953e+04	 0	 
 3.079168e-02	 -4.152520e+00	 1.447815e+01	 -5.625095e+00	 9.241953e+04	 9.241953e+04	 0	 
 3.079168e-02	 -4.152520e+00	 1.447815e+01	 -5.625095e+00	 9.241953e+04	 9.241953e+04	 0	 
 3.079168e-02	 -4.152520e+00	 1.447815e+01	 -5.625095e+00	 9.241953e+04	 9.241953e+04	 0	 
 3.079168e-02	 -4.152520e+00	 1.447815e+01	 -5.625095e+00	 9.241953e+04	 9.241953e+04	 0	 
 3.079168e-02	 -4.152520e+00	 1.447815e+01	 -5.625095e+00	 9.241953e+04	 9.241953e+04	 0	 
 -1.606558e-03	 -2.277822e-01	 4.237616e-01	 5.925516e-01	 5.981041e+04	 5.981041e+04	 0	 
 -1.606558e-03	 -2.277822e-01	 4.237616e-01	 5.925516e-01	 5.981041e+04	 5.981041e+04	 0	 
 -1.606558e-03	 -2.277822e-01	 4.237616e-01	 5.925516e-01	 5.981041e+04	 5.981041e+04	 0	 
 -1.606558e-03	 -2.277822e-01	 4.237616e-01	 5.925516e-01	 5.981041e+04	 5.981041e+04	 0	 
 -1.606558e-03	 -2.277822e-01	 4.237616e-01	 5.925516e-01	 5.981041e+04	 5.981041e+04	 0	 
 -1.606558e-03	 -2.277822e-01	 4.237616e-01	 5.925516e-01	 5.981041e+04	 5.981041e+04	 0	 
 -1.606558e-03	 -2.277822e-01	 4.237616e-01	 5.925516e-01	 5.981041e+04	 5.981041e+04	 0	 
 -1.606558e-03	 -2.277822e-01	 4.237616e-01	 5.925516e-01	 5.981041e+04	 5.981041e+04	 0	 
 -1.606558e-03	 -2.277822e-01	 4.237616e-01	 5.925516e-01	 5.981041e+04	 5.981041e+04	 0	 
 -1.606558e-03	 -2.277822e-01	 4.237616e-01	 5.925516e-01	 5.981041e+04	 5.981041e+04	 0	 
 -1.606558e-03	 -2.277822e-01	 4.237616e-01	 5.925516e-01	 5.981041e+04	 5.981041e+04	 0	 
 -1.606558e-03	 -2.277822e-01	 4.237616e-01	 5.925516e-01	 5.981041e+04	 5.981041e+04	 0	 
 2.245250e-02	 -3.910481e-01	 1.968275e+00	 -2.628955e-01	 1.490890e+05	 1.490890e+05	 0	 
 2.245250e-02	 -3.910481e-01	 1.968275e+00	 -2.628955e-01	 1.490890e+05	 1.490890e+05	 0	 
 2.245250e-02	 -3.910481e-01	 1.968275e+00	 -2.628955e-01	 1.490890e+05	 1.490890e+05	 0	 
 2.245250e-02	 -3.910481e-01	 1.968275e+00	 -2.628955e-01	 1.490890e+05	 1.490890e+05	 0	 
 2.245250e-02	 -3.910481e-01	 1.968275e+00	 -2.628955e-01	 1.490890e+05	 1.490890e+05	 0	 
 2.245250e-02	 -3.910481e-01	 1.968275e+00	 -2.628955e-01	 1.490890e+05	 1.490890e+05	 0	 
 2.245250e-02	 -3.910481e-01	 1.968275e+00	 -2.628955e-01	 1.490890e+05	 1.490890e+05	 0	 
 2.245250e-02	 -3.910481e-01	 1.968275e+00	 -2.628955e-01	 1.490890e+05	 1.490890e+05	 0	 
 2.245250e-02	 -3.910481e-01	 1.968275e+00	 -2.628955e-01	 1.490890e+05	 1.490890e+05	 0	 
 2.245250e-02	 -3.910481e-01	 1.968275e+00	 -2.628955e-01	 1.490890e+05	 1.490890e+05	 0	 
 2.245250e-02	 -3.910481e-01	 1.968275e+00	 -2.628955e-01	 1.490890e+05	 1.490890e+05	 0	 
 2.245250e-02	 -3.910481e-01	 1.968275e+00	 -2.628955e-01	 1.490890e+05	 1.490890e+05	 0	 
 -1.606558e-03	 -2.277822e-01	 4.237616e-01	 5.925516e-01	 5.981041e+04	 5.981041e+04	 0	 
 -1.606558e-03	 -2.277822e-01	 4.237616e-01	 5.925516e-01	 5.981041e+04	 5.981041e+04	 0	 
 -1.606558e-03	 -2.277822e-01	 4.237616e-01	 5.925516e-01	 5.981041e+04	 5.981041e+04	 0	 
 -1.606558e-03	 -2.277822e-01	 4.237616e-01	 5.925516e-01	 5.981041e+04	 5.981041e+04	 0	 
 -1.606558e-03	 -2.277822e-01	 4.237616e-01	 5.925516e-01	 5.981041e+04	 5.981041e+04	 0	 
 -1.606558e-03	 -2.277822e-01	 4.237616e-01	 5.925516e-01	 5.981041e+04	 5.981041e+04	 0	 
 2.245250e-02	 -3.910481e-01	 1.968275e+00	 -2.628955e-01	 1.490890e+05	 1.490890e+05	 0	 
 2.245250e-02	 -3.910481e-01	 1.968275e+00	 -2.628955e-01	 1.490890e+05	 1.490890e+05	 0	 
 2.245250e-02	 -3.910481e-01	 1.968275e+00	 -2.628955e-01	 1.490890e+05	 1.490890e+05	 0	 
 2.245250e-02	 -3.910481e-01	 1.968275e+00	 -2.628955e-01	 1.490890e+05	 1.490890e+05	 0	 
 2.245250e-02	 -3.910481e-01	 1.968275e+00	 -2.628955e-01	 1.490890e+05	 1.490890e+05	 0	 
 2.245250e-02	 -3.910481e-01	 1.968275e+00	 -2.628955e-01	 1.490890e+05	 1.490890e+05	 0	 
 2.245250e-02	 -3.910481e-01	 1.968275e+00	 -2.628955e-01	 1.490890e+05	 1.490890e+05	 0	 
 2.245250e-02	 -3.910481e-01	 1.968275e+00	 -2.628955e-01	 1.490890e+05	 1.490890e+05	 0	 
 2.245250e-02	 -3.910481e-01	 1.968275e+00	 -2.628955e-01	 1.490890e+05	 1.490890e+05	 0	 
 2.245250e-02	 -3.910481e-01	 1.968275e+00	 -2.628955e-01	 1.490890e+05	 1.490890e+05	 0	 
 2.245250e-02	 -3.910481e-01	 1.968275e+00	 -2.628955e-01	 1.490890e+05	 1.490890e+05	 0	 
 2.245250e-02	 -3.910481e-01	 1.968275e+00	 -2.628955e-01	 1.490890e+05	 1.490890e+05	 0	 
 -1.606558e-03	 -2.277822e-01	 4.237616e-01	 5.925516e-01	 5.981041e+04	 5.981041e+04	 0	 
 -1.606558e-03	 -2.277822e-01	 4.237616e-01	 5.925516e-01	 5.981041e+04	 5.981041e+04	 0	 
 -1.606558e-03	 -2.277822e-01	 4.237616e-01	 5.925516e-01	 5.981041e+04	 5.981041e+04	 0	 
 -1.606558e-03	 -2.277822e-01	 4.237616e-01	 5.925516e-01	 5.981041e+04	 5.981041e+04	 0	 
 -1.606558e-03	 -2.277822e-01	 4.237616e-01	 5.925516e-01	 5.981041e+04	 5.981041e+04	 0	 
 -1.606558e-03	 -2.277822e-01	 4.237616e-01	 5.925516e-01	 5.981041e+04	 5.981041e+04	 0	 
 -7.350379e-02	 -1.012107e+01	 2.769919e-02	 7.014078e+00	 9.272383e+04	 9.272383e+04	 0	 
 -7.350379e-02	 -1.012107e+01	 2.769919e-02	 7.014078e+00	 9.272383e+04	 9.272383e+04	 0	 
 -7.350379e-02	 -1.012107e+01	 2.769919e-02	 7.014078e+00	 9.272383e+04	 9.272383e+04	 0	 
 -7.350379e-02	 -1.012107e+01	 2.769919e-02	 7.014078e+00	 9.272383e+04	 9.272383e+04	 0	 
 -7.350379e-02	 -1.012107e+01	 2.769919e-02	 7.014078e+00	 9.272383e+04	 9.272383e+04	 0	 
 -7.350379e-02	 -1.012107e+01	 2.769919e-02	 7.014078e+00	 9.272383e+04	 9.272383e+04	 0	 
 -7.350379e-02	 -1.012107e+01	 2.769919e-02	 7.014078e+00	 9.272383e+04	 9.272383e+04	 0	 
 -7.350379e-02	 -1.012107e+01	 2.769919e-02	 7.014078e+00	 9.272383e+04	 9.272383e+04	 0	 
 -7.350379e-02	 -1.012107e+01	 2.769919e-02	 7.014078e+00	 9.272383e+04	 9.272383e+04	 0	 
 -7.350379e-02	 -1.012107e+01	 2.769919e-02	 7.014078e+00	 9.272383e+04	 9.272383e+04	 0	 
 -7.350379e-02	 -1.012107e+01	 2.769919e-02	 7.014078e+00	 9.272383e+04	 9.272383e+04	 0	 
 -7.350379e-02	 -1.012107e+01	 2.769919e-02	 7.014078e+00	 9.272383e+04	 9.272383e+04	 0	 
 -1.606558e-03	 -2.277822e-01	 4.237616e-01	 5.925516e-01	 5.981041e+04	 5.981041e+04	 0	 
 -1.606558e-03	 -2.277822e-01	 4.237616e-01	 5.925516e-01	 5.981041e+04	 5.981041e+04	 0	 
 -1.606558e-03	 -2.277822e-01	 4.237616e-01	 5.925516e-01	 5.981041e+04	 5.981041e+04	 0	 
 -1.606558e-03	 -2.277822e-01	 4.237616e-01	 5.925516e-01	 5.981041e+04	 5.981041e+04	 0	 
 -1.606558e-03	 -2.277822e-01	 4.237616e-01	 5.925516e-01	 5.981041e+04	 5.981041e+04	 0	 
 -1.606558e-03	 -2.277822e-01	 4.237616e-01	 5.925516e-01	 5.981041e+04	 5.981041e+04	 0	 
 3.079168e-02	 -4.152520e+00	 1.447815e+01	 -5.625095e+00	 9.241953e+04	 9.241953e+04	 0	 
 3.079168e-02	 -4.152520e+00	 1.447815e+01	 -5.625095e+00	 9.241953e+04	 9.241953e+04	 0	 
 3.079168e-02	 -4.152520e+00	 1.447815e+01	 -5.625095e+00	 9.241953e+04	 9.241953e+04	 0	 
 3.079168e-02	 -4.152520e+00	 1.447815e+01	 -5.625095e+00	 9.241953e+04	 9.241953e+04	 0	 
 3.079168e-02	 -4.152520e+00	 1.447815e+01	 -5.625095e+00	 9.241953e+04	 9.241953e+04	 0	 
 3.079168e-02	 -4.152520e+00	 1.447815e+01	 -5.625095e+00	 9.241953e+04	 9.241953e+04	 0	 
 3.079168e-02	 -4.152520e+00	 1.447815e+01	 -5.625095e+00	 9.241953e+04	 9.241953e+04	 0	 
 3.079168e-02	 -4.152520e+00	 1.447815e+01	 -5.625095e+00	 9.241953e+04	 9.241953e+04	 0	 
 3.079168e-02	 -4.152520e+00	 1.447815e+01	 -5.625095e+00	 9.241953e+04	 9.241953e+04	 0	 
 3.079168e-02	 -4.152520e+00	 1.447815e+01	 -5.625095e+00	 9.241953e+04	 9.241953e+04	 0	 
 3.079168e-02	 -4.152520e+00	 1.447815e+01	 -5.625095e+00	 9.241953e+04	 9.241953e+04	 0	 
 3.079168e-02	 -4.152520e+00	 1.447815e+01	 -5.625095e+00	 9.241953e+04	 9.241953e+04	 0	 
 -1.606558e-03	 -2.277822e-01	 4.237616e-01	 5.925516e-01	 5.981041e+04	 5.981041e+04	 0	 
 -1.606558e-03	 -2.277822e-01	 4.237616e-01	 5.925516e-01	 5.981041e+04	 5.981041e+04	 0	 
 -1.606558e-03	 -2.277822e-01	 4.237616e-01	 5.925516e-01	 5.981041e+04	 5.981041e+04	 0	 
 -1.606558e-03	 -2.277822e-01	 4.237616e-01	 5.925516e-01	 5.981041e+04	 5.981041e+04	 0	 
 -1.606558e-03	 -2.277822e-01	 4.237616e-01	 5.925516e-01	 5.981041e+04	 5.981041e+04	 0	 
 -1.606558e-03	 -2.277822e-01	 4.237616e-01	 5.925516e-01	 5.981041e+04	 5.981041e+04	 0	 
 5.819498e-04	 2.868503e-01	 7.836479e-01	 5.077941e-02	 7.162952e+04	 7.164771e+04	 1	 
 5.819498e-04	 2.868503e-01	 7.836479e-01	 5.077941e-02	 7.162952e+04	 7.164771e+04	 1	 
 5.819498e-04	 2.868503e-01	 7.836479e-01	 5.077941e-02	 7.162952e+04	 7.164771e+04	 1	 
 5.819498e-04	 2.868503e-01	 7.836479e-01	 5.077941e-02	 7.162952e+04	 7.164771e+04	 1	 
 5.819498e-04	 2.868503e-01	 7.836479e-01	 5.077941e-02	 7.162952e+04	 7.164771e+04	 1	 
 5.819498e-04	 2.868503e-01	 7.836479e-01	 5.077941e-02	 7.162952e+04	 7.164771e+04	 1	 
 5.370176e-04	 2.925968e-01	 7.643205e-01	 5.904949e-02	 7.162479e+04	 7.163133e+04	 1	 
 5.370176e-04	 2.925968e-01	 7.643205e-01	 5.904949e-02	 7.162479e+04	 7.163133e+04	 1	 
 5.370176e-04	 2.925968e-01	 7.643205e-01	 5.904949e-02	 7.162479e+04	 7.163133e+04	 1	 
 5.370176e-04	 2.925968e-01	 7.643205e-01	 5.904949e-02	 7.162479e+04	 7.163133e+04	 1	 
 5.370176e-04	 2.925968e-01	 7.643205e-01	 5.904949e-02	 7.162479e+04	 7.163133e+04	 1	 
 5.370176e-04	 2.925968e-01	 7.643205e-01	 5.904949e-02	 7.162479e+04	 7.163133e+04	 1	 
 -1.606558e-03	 -2.277822e-01	 4.237616e-01	 5.925516e-01	 5.981041e+04	 5.981041e+04	 0	 
 -1.606558e-03	 -2.277822e-01	 4.237616e-01	 5.925516e-01	 5.981041e+04	 5.981041e+04	 0	 
 -1.606558e-03	 -2.277822e-01	 4.237616e-01	 5.925516e-01	 5.981041e+04	 5.981041e+04	 0	 
 -1.606558e-03	 -2.277822e-01	 4.237616e-01	 5.925516e-01	 5.981041e+04	 5.981041e+04	 0	 
 -1.606558e-03	 -2.277822e-01	 4.237616e-01	 5.925516e-01	 5.981041e+04	 5.981041e+04	 0	 
 -1.606558e-03	 -2.277822e-01	 4.237616e-01	 5.925516e-01	 5.981041e+04	 5.981041e+04	 0	 
 2.245250e-02	 -3.910481e-01	 1.968275e+00	 -2.628955e-01	 1.490890e+05	 1.490890e+05	 0	 
 2.245250e-02	 -3.910481e-01	 1.968275e+00	 -2.628955e-01	 1.490890e+05	 1.490890e+05	 0	 
 2.245250e-02	 -3.910481e-01	 1.968275e+00	 -2.628955e-01	 1.490890e+05	 1.490890e+05	 0	 
 2.245250e-02	 -3.910481e-01	 1.968275e+00	 -2.628955e-01	 1.490890e+05	 1.490890e+05	 0	 
 2.245250e-02	 -3.910481e-01	 1.968275e+00	 -2.628955e-01	 1.490890e+05	 1.490890e+05	 0	 
 2.245250e-02	 -3.910481e-01	 1.968275e+00	 -2.628955e-01	 1.490890e+05	 1.490890e+05	 0	 
 2.245250e-02	 -3.910481e-01	 1.968275e+00	 -2.628955e-01	 1.490890e+05	 1.490890e+05	 0	 
 2.245250e-02	 -3.910481e-01	 1.968275e+00	 -2.628955e-01	 1.490890e+05	 1.490890e+05	 0	 
 2.245250e-02	 -3.910481e-01	 1.968275e+00	 -2.628955e-01	 1.490890e+05	 1.490890e+05	 0	 
 2.245250e-02	 -3.910481e-01	 1.968275e+00	 -2.628955e-01	 1.490890e+05	 1.490890e+05	 0	 
 2.245250e-02	 -3.910481e-01	 1.968275e+00	 -2.628955e-01	 1.490890e+05	 1.490890e+05	 0	 
 2.245250e-02	 -3.910481e-01	 1.968275e+00	 -2.628955e-01	 1.490890e+05	 1.490890e+05	 0	 
 -1.606558e-03	 -2.277822e-01	 4.237616e-01	 5.925516e-01	 5.981041e+04	 5.981041e+04	 0	 
 -1.606558e-03	 -2.277822e-01	 4.237616e-01	 5.925516e-01	 5.981041e+04	 5.981041e+04	 0	 
 -1.606558e-03	 -2.277822e-01	 4.237616e-01	 5.925516e-01	 5.981041e+04	 5.981041e+04	 0	 
 -1.606558e-03	 -2.277822e-01	 4.237616e-01	 5.925516e-01	 5.981041e+04	 5.981041e+04	 0	 
 -1.606558e-03	 -2.277822e-01	 4.237616e-01	 5.925516e-01	 5.981041e+04	 5.981041e+04	 0	 
 -1.606558e-03	 -2.277822e-01	 4.237616e-01	 5.925516e-01	 5.981041e+04	 5.981041e+04	 0	 
 2.245250e-02	 -3.910481e-01	 1.968275e+00	 -2.628955e-01	 1.490890e+05	 1.490890e+05	 0	 
 2.245250e-02	 -3.910481e-01	 1.968275e+00	 -2.628955e-01	 1.490890e+05	 1.490890e+05	 0	 
 2.245250e-02	 -3.910481e-01	 1.968275e+00	 -2.628955e-01	 1.490890e+05	 1.490890e+05	 0	 
 2.245250e-02	 -3.910481e-01	 1.968275e+00	 -2.628955e-01	 1.490890e+05	 1.490890e+05	 0	 
 2.245250e-02	 -3.910481e-01	 1.968275e+00	 -2.628955e-01	 1.490890e+05	 1.490890e+05	 0	 
 2.245250e-02	 -3.910481e-01	 1.968275e+00	 -2.628955e-01	 1.490890e+05	 1.490890e+05	 0	 
 2.245250e-02	 -3.910481e-01	 1.968275e+00	 -2.628955e-01	 1.490890e+05	 1.490890e+05	 0	 
 2.245250e-02	 -3.910481e-01	 1.968275e+00	 -2.628955e-01	 1.490890e+05	 1.490890e+05	 0	 
 2.245250e-02	 -3.910481e-01	 1.968275e+00	 -2.628955e-01	 1.490890e+05	 1.490890e+05	 0	 
 2.245250e-02	 -3.910481e-01	 1.968275e+00	 -2.628955e-01	 1.490890e+05	 1.490890e+05	 0	 
 2.245250e-02	 -3.910481e-01	 1.968275e+00	 -2.628955e-01	 1.490890e+05	 1.490890e+05	 0	 
 2.245250e-02	 -3.910481e-01	 1.968275e+00	 -2.628955e-01	 1.490890e+05	 1.490890e+05	 0	 
 -1.606558e-03	 -2.277822e-01	 4.237616e-01	 5.925516e-01	 5.981041e+04	 5.981041e+04	 0	 
 -1.606558e-03	 -2.277822e-01	 4.237616e-01	 5.925516e-01	 5.981041e+04	 5.981041e+04	 0	 
 -1.606558e-03	 -2.277822e-01	 4.237616e-01	 5.925516e-01	 5.981041e+04	 5.981041e+04	 0	 
 -1.606558e-03	 -2.277822e-01	 4.237616e-01	 5.925516e-01	 5.981041e+04	 5.981041e+04	 0	 
 -1.606558e-03	 -2.277822e-01	 4.237616e-01	 5.925516e-01	 5.981041e+04	 5.981041e+04	 0	 
 -1.606558e-03	 -2.277822e-01	 4.237616e-01	 5.925516e-01	 5.981041e+04	 5.981041e+04	 0	 
 3.079168e-02	 -4.152520e+00	 1.447815e+01	 -5.625095e+00	 9.241953e+04	 9.241953e+04	 0	 
 3.079168e-02	 -4.152520e+00	 1.447815e+01	 -5.625095e+00	 9.241953e+04	 9.241953e+04	 0	 
 3.079168e-02	 -4.152520e+00	 1.447815e+01	 -5.625095e+00	 9.241953e+04	 9.241953e+04	 0	 
 3.079168e-02	 -4.152520e+00	 1.447815e+01	 -5.625095e+00	 9.241953e+04	 9.241953e+04	 0	 
 3.079168e-02	 -4.152520e+00	 1.447815e+01	 -5.625095e+00	 9.241953e+04	 9.241953e+04	 0	 
 3.079168e-02	 -4.152520e+00	 1.447815e+01	 -5.625095e+00	 9.241953e+04	 9.241953e+04	 0	 
 3.079168e-02	 -4.152520e+00	 1.447815e+01	 -5.625095e+00	 9.241953e+04	 9.241953e+04	 0	 
 3.079168e-02	 -4.152520e+00	 1.447815e+01	 -5.625095e+00	 9.241953e+04	 9.241953e+04	 0	 
 3.079168e-02	 -4.152520e+00	 1.447815e+01	 -5.625095e+00	 9.241953e+04	 9.241953e+04	 0	 
 3.079168e-02	 -4.152520e+00	 1.447815e+01	 -5.625095e+00	 9.241953e+04	 9.241953e+04	 0	 
 3.079168e-02	 -4.152520e+00	 1.447815e+01	 -5.625095e+00	 9.241953e+04	 9.241953e+04	 0	 
 3.079168e-02	 -4.152520e+00	 1.447815e+01	 -5.625095e+00	 9.241953e+04	 9.241953e+04	 0	 
 -1.606558e-03	 -2.277822e-01	 4.237616e-01	 5.925516e-01	 5.981041e+04	 5.981041e+04	 0	 
 -1.606558e-03	 -2.277822e-01	 4.237616e-01	 5.925516e-01	 5.981041e+04	 5.981041e+04	 0	 
 -1.606558e-03	 -2.277822e-01	 4.237616e-01	 5.925516e-01	 5.981041e+04	 5.981041e+04	 0	 
 -1.606558e-03	 -2.277822e-01	 4.237616e-01	 5.925516e-01	 5.981041e+04	 5.981041e+04	 0	 
 -1.606558e-03	 -2.277822e-01	 4.237616e-01	 5.925516e-01	 5.981041e+04	 5.981041e+04	 0	 
 -1.606558e-03	 -2.277822e-01	 4.237616e-01	 5.925516e-01	 5.981041e+04	 5.981041e+04	 0	 
 2.245250e-02	 -3.910481e-01	 1.968275e+00	 -2.628955e-01	 1.490890e+05	 1.490890e+05	 0	 
 2.245250e-02	 -3.910481e-01	 1.968275e+00	 -2.628955e-01	 1.490890e+05	 1.490890e+05	 0	 
 2.245250e-02	 -3.910481e-01	 1.968275e+00	 -2.628955e-01	 1.490890e+05	 1.490890e+05	 0	 
 2.245250e-02	 -3.910481e-01	 1.968275e+00	 -2.628955e-01	 1.490890e+05	 1.490890e+05	 0	 
 2.245250e-02	 -3.910481e-01	 1.968275e+00	 -2.628955e-01	 1.490890e+05	 1.490890e+05	 0	 
 2.245250e-02	 -3.910481e-01	 1.968275e+00	 -2.628955e-01	 1.490890e+05	 1.490890e+05	 0	 
 2.245250e-02	 -3.910481e-01	 1.968275e+00	 -2.628955e-01	 1.490890e+05	 1.490890e+05	 0	 
 2.245250e-02	 -3.910481e-01	 1.968275e+00	 -2.628955e-01	 1.490890e+05	 1.490890e+05	 0	 
 2.245250e-02	 -3.910481e-01	 1.968275e+00	 -2.628955e-01	 1.490890e+05	 1.490890e+05	 0	 
 2.245250e-02	 -3.910481e-01	 1.968275e+00	 -2.628955e-01	 1.490890e+05	 1.490890e+05	 0	 
 2.245250e-02	 -3.910481e-01	 1.968275e+00	 -2.628955e-01	 1.490890e+05	 1.490890e+05	 0	 
 2.245250e-02	 -3.910481e-01	 1.968275e+00	 -2.628955e-01	 1.490890e+05	 1.490890e+05	 0	 
 -1.606558e-03	 -2.277822e-01	 4.237616e-01	 5.925516e-01	 5.981041e+04	 5.981041e+04	 0	 
 -1.606558e-03	 -2.277822e-01	 4.237616e-01	 5.925516e-01	 5.981041e+04	 5.981041e+04	 0	 
 -1.606558e-03	 -2.277822e-01	 4.237616e-01	 5.925516e-01	 5.981041e+04	 5.981041e+04	 0	 
 -1.606558e-03	 -2.277822e-01	 4.237616e-01	 5.925516e-01	 5.981041e+04	 5.981041e+04	 0	 
 -1.606558e-03	 -2.277822e-01	 4.237616e-01	 5.925516e-01	 5.981041e+04	 5.981041e+04	 0	 
 -1.606558e-03	 -2.277822e-01	 4.237616e-01	 5.925516e-01	 5.981041e+04	 5.981041e+04	 0	 
 -7.350379e-02	 -1.012107e+01	 2.769919e-02	 7.014078e+00	 9.272383e+04	 9.272383e+04	 0	 
 -7.350379e-02	 -1.012107e+01	 2.769919e-02	 7.014078e+00	 9.272383e+04	 9.272383e+04	 0	 
 -7.350379e-02	 -1.012107e+01	 2.769919e-02	 7.014078e+00	 9.272383e+04	 9.272383e+04	 0	 
 -7.350379e-02	 -1.012107e+01	 2.769919e-02	 7.014078e+00	 9.272383e+04	 9.272383e+04	 0	 
 -7.350379e-02	 -1.012107e+01	 2.769919e-02	 7.014078e+00	 9.272383e+04	 9.272383e+04	 0	 
 -7.350379e-02	 -1.012107e+01	 2.769919e-02	 7.014078e+00	 9.272383e+04	 9.272383e+04	 0	 
 -7.350379e-02	 -1.012107e+01	 2.769919e-02	 7.014078e+00	 9.272383e+04	 9.272383e+04	 0	 
 -7.350379e-02	 -1.012107e+01	 2.769919e-02	 7.014078e+00	 9.272383e+04	 9.272383e+04	 0	 
 -7.350379e-02	 -1.012107e+01	 2.769919e-02	 7.014078e+00	 9.272383e+04	 9.272383e+04	 0	 
 -7.350379e-02	 -1.012107e+01	 2.769919e-02	 7.014078e+00	 9.272383e+04	 9.272383e+04	 0	 
 -7.350379e-02	 -1.012107e+01	 2.769919e-02	 7.014078e+00	 9.272383e+04	 9.272383e+04	 0	 
 -7.350379e-02	 -1.012107e+01	 2.769919e-02	 7.014078e+00	 9.272383e+04	 9.272383e+04	 0	 
 