9.800188e+03	 9.551608e+03	 9.787759e+03	 0	 0	 
 9.800188e+03	 9.551608e+03	 9.775330e+03	 0	 0	 
 9.800188e+03	 9.551608e+03	 9.762901e+03	 0	 0	 
 9.800188e+03	 9.551608e+03	 9.750472e+03	 0	 0	 
 9.800188e+03	 9.551608e+03	 9.738043e+03	 0	 0	 
 9.800188e+03	 9.551608e+03	 9.725614e+03	 0	 0	 
 9.800188e+03	 9.551608e+03	 9.713185e+03	 0	 0	 
 9.800188e+03	 9.551608e+03	 9.700756e+03	 0	 0	 
 9.800188e+03	 9.551608e+03	 9.688327e+03	 0	 0	 
 9.800188e+03	 9.551608e+03	 9.675898e+03	 0	 0	 
 9.800188e+03	 9.551608e+03	 9.663469e+03	 0	 0	 
 9.800188e+03	 9.551608e+03	 9.651040e+03	 0	 0	 
 9.800188e+03	 9.551608e+03	 9.638611e+03	 0	 0	 
 9.800188e+03	 9.551608e+03	 9.626182e+03	 0	 0	 
 9.800188e+03	 9.551608e+03	 9.613753e+03	 0	 0	 
 9.800188e+03	 9.551608e+03	 9.601324e+03	 0	 0	 
 9.800188e+03	 9.551608e+03	 9.588895e+03	 0	 0	 
 9.800188e+03	 9.551608e+03	 9.576466e+03	 0	 0	 
 9.800188e+03	 9.551608e+03	 9.564037e+03	 0	 0	 
 9.800188e+03	 9.551608e+03	 9.551608e+03	 0	 0	 
 9.800188e+03	 9.800188e+03	 9.800188e+03	 2.002324e-06	 2.002324e-06	 2.002324e-06	 
 9.800188e+03	 9.800188e+03	 9.800188e+03	 2.002324e-06	 2.002324e-06	 2.002324e-06	 
 9.800188e+03	 9.800188e+03	 9.800188e+03	 2.002324e-06	 2.002324e-06	 2.002324e-06	 
 9.800188e+03	 9.800188e+03	 9.800188e+03	 2.002324e-06	 2.002324e-06	 2.002324e-06	 
 9.800188e+03	 9.800188e+03	 9.800188e+03	 2.002324e-06	 2.002324e-06	 2.002324e-06	 
 9.800188e+03	 9.800188e+03	 9.800188e+03	 2.002324e-06	 2.002324e-06	 2.002324e-06	 
 9.800188e+03	 9.800188e+03	 9.800188e+03	 2.002324e-06	 2.002324e-06	 2.002324e-06	 
 9.800188e+03	 9.800188e+03	 9.800188e+03	 2.002324e-06	 2.002324e-06	 2.002324e-06	 
 9.800188e+03	 9.800188e+03	 9.800188e+03	 2.002324e-06	 2.002324e-06	 2.002324e-06	 
 9.800188e+03	 9.800188e+03	 9.800188e+03	 2.002324e-06	 2.002324e-06	 2.002324e-06	 
 9.800188e+03	 9.800188e+03	 9.800188e+03	 2.002324e-06	 2.002324e-06	 2.002324e-06	 
 9.800188e+03	 9.800188e+03	 9.800188e+03	 2.002324e-06	 2.002324e-06	 2.002324e-06	 
 9.800188e+03	 9.800188e+03	 9.800188e+03	 2.002324e-06	 2.002324e-06	 2.002324e-06	 
 9.800188e+03	 9.800188e+03	 9.800188e+03	 2.002324e-06	 2.002324e-06	 2.002324e-06	 
 9.800188e+03	 9.800188e+03	 9.800188e+03	 2.002324e-06	 2.002324e-06	 2.002324e-06	 
 9.800188e+03	 9.800188e+03	 9.800188e+03	 2.002324e-06	 2.002324e-06	 2.002324e-06	 
 9.800188e+03	 9.800188e+03	 9.800188e+03	 2.002324e-06	 2.002324e-06	 2.002324e-06	 
 9.800188e+03	 9.800188e+03	 9.800188e+03	 2.002324e-06	 2.002324e-06	 2.002324e-06	 
 9.800188e+03	 9.800188e+03	 9.800188e+03	 2.002324e-06	 2.002324e-06	 2.002324e-06	 
 9.800188e+03	 9.800188e+03	 9.800188e+03	 2.002324e-06	 2.002324e-06	 2.002324e-06	 
 9.800188e+03	 5.026327e+01	 9.312692e+03	 0	 0	 
 9.800188e+03	 5.026327e+01	 8.825196e+03	 0	 0	 
 9.800188e+03	 5.026327e+01	 8.337699e+03	 0	 0	 
 9.800188e+03	 5.026327e+01	 7.850203e+03	 0	 0	 
 9.800188e+03	 5.026327e+01	 7.362707e+03	 0	 0	 
 9.800188e+03	 5.026327e+01	 6.875211e+03	 0	 0	 
 9.800188e+03	 5.026327e+01	 6.387714e+03	 0	 0	 
 9.800188e+03	 5.026327e+01	 5.900218e+03	 0	 0	 
 9.800188e+03	 5.026327e+01	 5.412722e+03	 0	 0	 
 9.800188e+03	 5.026327e+01	 4.925226e+03	 0	 0	 
 9.800188e+03	 5.026327e+01	 4.437729e+03	 0	 0	 
 9.800188e+03	 5.026327e+01	 3.950233e+03	 0	 0	 
 9.800188e+03	 5.026327e+01	 3.462737e+03	 0	 0	 
 9.800188e+03	 5.026327e+01	 2.975241e+03	 0	 0	 
 9.800188e+03	 5.026327e+01	 2.487744e+03	 0	 0	 
 9.800188e+03	 5.026327e+01	 2.000248e+03	 0	 0	 
 9.800188e+03	 5.026327e+01	 1.512752e+03	 0	 0	 
 9.800188e+03	 5.026327e+01	 1.025256e+03	 0	 0	 
 9.800188e+03	 5.026327e+01	 5.377595e+02	 0	 0	 
 9.800188e+03	 5.026327e+01	 5.026327e+01	 0	 0	 
 9.800188e+03	 1.874390e+02	 9.319551e+03	 0	 0	 
 9.800188e+03	 1.874390e+02	 8.838913e+03	 0	 0	 
 9.800188e+03	 1.874390e+02	 8.358276e+03	 0	 0	 
 9.800188e+03	 1.874390e+02	 7.877638e+03	 0	 0	 
 9.800188e+03	 1.874390e+02	 7.397001e+03	 0	 0	 
 9.800188e+03	 1.874390e+02	 6.916363e+03	 0	 0	 
 9.800188e+03	 1.874390e+02	 6.435726e+03	 0	 0	 
 9.800188e+03	 1.874390e+02	 5.955088e+03	 0	 0	 
 9.800188e+03	 1.874390e+02	 5.474451e+03	 0	 0	 
 9.800188e+03	 1.874390e+02	 4.993814e+03	 0	 0	 
 9.800188e+03	 1.874390e+02	 4.513176e+03	 0	 0	 
 9.800188e+03	 1.874390e+02	 4.032539e+03	 0	 0	 
 9.800188e+03	 1.874390e+02	 3.551901e+03	 0	 0	 
 9.800188e+03	 1.874390e+02	 3.071264e+03	 0	 0	 
 9.800188e+03	 1.874390e+02	 2.590626e+03	 0	 0	 
 9.800188e+03	 1.874390e+02	 2.109989e+03	 0	 0	 
 9.800188e+03	 1.874390e+02	 1.629351e+03	 0	 0	 
 9.800188e+03	 1.874390e+02	 1.148714e+03	 0	 0	 
 9.800188e+03	 1.874390e+02	 6.680765e+02	 0	 0	 
 9.800188e+03	 1.874390e+02	 1.874390e+02	 0	 0	 
 9.800188e+03	 9.800188e+03	 9.800188e+03	 2.002324e-06	 2.002324e-06	 2.002324e-06	 
 9.800188e+03	 9.800188e+03	 9.800188e+03	 2.002324e-06	 2.002324e-06	 2.002324e-06	 
 9.800188e+03	 9.800188e+03	 9.800188e+03	 2.002324e-06	 2.002324e-06	 2.002324e-06	 
 9.800188e+03	 9.800188e+03	 9.800188e+03	 2.002324e-06	 2.002324e-06	 2.002324e-06	 
 9.800188e+03	 9.800188e+03	 9.800188e+03	 2.002324e-06	 2.002324e-06	 2.002324e-06	 
 9.800188e+03	 9.800188e+03	 9.800188e+03	 2.002324e-06	 2.002324e-06	 2.002324e-06	 
 9.800188e+03	 9.800188e+03	 9.800188e+03	 2.002324e-06	 2.002324e-06	 2.002324e-06	 
 9.800188e+03	 9.800188e+03	 9.800188e+03	 2.002324e-06	 2.002324e-06	 2.002324e-06	 
 9.800188e+03	 9.800188e+03	 9.800188e+03	 2.002324e-06	 2.002324e-06	 2.002324e-06	 
 9.800188e+03	 9.800188e+03	 9.800188e+03	 2.002324e-06	 2.002324e-06	 2.002324e-06	 
 9.800188e+03	 9.800188e+03	 9.800188e+03	 2.002324e-06	 2.002324e-06	 2.002324e-06	 
 9.800188e+03	 9.800188e+03	 9.800188e+03	 2.002324e-06	 2.002324e-06	 2.002324e-06	 
 9.800188e+03	 9.800188e+03	 9.800188e+03	 2.002324e-06	 2.002324e-06	 2.002324e-06	 
 9.800188e+03	 9.800188e+03	 9.800188e+03	 2.002324e-06	 2.002324e-06	 2.002324e-06	 
 9.800188e+03	 9.800188e+03	 9.800188e+03	 2.002324e-06	 2.002324e-06	 2.002324e-06	 
 9.800188e+03	 9.800188e+03	 9.800188e+03	 2.002324e-06	 2.002324e-06	 2.002324e-06	 
 9.800188e+03	 9.800188e+03	 9.800188e+03	 2.002324e-06	 2.002324e-06	 2.002324e-06	 
 9.800188e+03	 9.800188e+03	 9.800188e+03	 2.002324e-06	 2.002324e-06	 2.002324e-06	 
 9.800188e+03	 9.800188e+03	 9.800188e+03	 2.002324e-06	 2.002324e-06	 2.002324e-06	 
 9.800188e+03	 9.800188e+03	 9.800188e+03	 2.002324e-06	 2.002324e-06	 2.002324e-06	 
 9.800188e+03	 4.621821e+03	 9.541270e+03	 0	 0	 
 9.800188e+03	 4.621821e+03	 9.282351e+03	 0	 0	 
 9.800188e+03	 4.621821e+03	 9.023433e+03	 0	 0	 
 9.800188e+03	 4.621821e+03	 8.764515e+03	 0	 0	 
 9.800188e+03	 4.621821e+03	 8.505596e+03	 0	 0	 
 9.800188e+03	 4.621821e+03	 8.246678e+03	 0	 0	 
 9.800188e+03	 4.621821e+03	 7.987760e+03	 0	 0	 
 9.800188e+03	 4.621821e+03	 7.728841e+03	 0	 0	 
 9.800188e+03	 4.621821e+03	 7.469923e+03	 0	 0	 
 9.800188e+03	 4.621821e+03	 7.211004e+03	 0	 0	 
 9.800188e+03	 4.621821e+03	 6.952086e+03	 0	 0	 
 9.800188e+03	 4.621821e+03	 6.693168e+03	 0	 0	 
 9.800188e+03	 4.621821e+03	 6.434249e+03	 0	 0	 
 9.800188e+03	 4.621821e+03	 6.175331e+03	 0	 0	 
 9.800188e+03	 4.621821e+03	 5.916413e+03	 0	 0	 
 9.800188e+03	 4.621821e+03	 5.657494e+03	 0	 0	 
 9.800188e+03	 4.621821e+03	 5.398576e+03	 0	 0	 
 9.800188e+03	 4.621821e+03	 5.139658e+03	 0	 0	 
 9.800188e+03	 4.621821e+03	 4.880739e+03	 0	 0	 
 9.800188e+03	 4.621821e+03	 4.621821e+03	 0	 0	 
 9.800188e+03	 4.621821e+03	 9.541270e+03	 0	 0	 
 9.800188e+03	 4.621821e+03	 9.282351e+03	 0	 0	 
 9.800188e+03	 4.621821e+03	 9.023433e+03	 0	 0	 
 9.800188e+03	 4.621821e+03	 8.764515e+03	 0	 0	 
 9.800188e+03	 4.621821e+03	 8.505596e+03	 0	 0	 
 9.800188e+03	 4.621821e+03	 8.246678e+03	 0	 0	 
 9.800188e+03	 4.621821e+03	 7.987760e+03	 0	 0	 
 9.800188e+03	 4.621821e+03	 7.728841e+03	 0	 0	 
 9.800188e+03	 4.621821e+03	 7.469923e+03	 0	 0	 
 9.800188e+03	 4.621821e+03	 7.211004e+03	 0	 0	 
 9.800188e+03	 4.621821e+03	 6.952086e+03	 0	 0	 
 9.800188e+03	 4.621821e+03	 6.693168e+03	 0	 0	 
 9.800188e+03	 4.621821e+03	 6.434249e+03	 0	 0	 
 9.800188e+03	 4.621821e+03	 6.175331e+03	 0	 0	 
 9.800188e+03	 4.621821e+03	 5.916413e+03	 0	 0	 
 9.800188e+03	 4.621821e+03	 5.657494e+03	 0	 0	 
 9.800188e+03	 4.621821e+03	 5.398576e+03	 0	 0	 
 9.800188e+03	 4.621821e+03	 5.139658e+03	 0	 0	 
 9.800188e+03	 4.621821e+03	 4.880739e+03	 0	 0	 
 9.800188e+03	 4.621821e+03	 4.621821e+03	 0	 0	 
 9.800188e+03	 5.026327e+01	 9.312692e+03	 0	 0	 
 9.800188e+03	 5.026327e+01	 8.825196e+03	 0	 0	 
 9.800188e+03	 5.026327e+01	 8.337699e+03	 0	 0	 
 9.800188e+03	 5.026327e+01	 7.850203e+03	 0	 0	 
 9.800188e+03	 5.026327e+01	 7.362707e+03	 0	 0	 
 9.800188e+03	 5.026327e+01	 6.875211e+03	 0	 0	 
 9.800188e+03	 5.026327e+01	 6.387714e+03	 0	 0	 
 9.800188e+03	 5.026327e+01	 5.900218e+03	 0	 0	 
 9.800188e+03	 5.026327e+01	 5.412722e+03	 0	 0	 
 9.800188e+03	 5.026327e+01	 4.925226e+03	 0	 0	 
 9.800188e+03	 5.026327e+01	 4.437729e+03	 0	 0	 
 9.800188e+03	 5.026327e+01	 3.950233e+03	 0	 0	 
 9.800188e+03	 5.026327e+01	 3.462737e+03	 0	 0	 
 9.800188e+03	 5.026327e+01	 2.975241e+03	 0	 0	 
 9.800188e+03	 5.026327e+01	 2.487744e+03	 0	 0	 
 9.800188e+03	 5.026327e+01	 2.000248e+03	 0	 0	 
 9.800188e+03	 5.026327e+01	 1.512752e+03	 0	 0	 
 9.800188e+03	 5.026327e+01	 1.025256e+03	 0	 0	 
 9.800188e+03	 5.026327e+01	 5.377595e+02	 0	 0	 
 9.800188e+03	 5.026327e+01	 5.026327e+01	 0	 0	 
 9.800188e+03	 2.476054e+02	 9.322559e+03	 0	 0	 
 9.800188e+03	 2.476054e+02	 8.844930e+03	 0	 0	 
 9.800188e+03	 2.476054e+02	 8.367301e+03	 0	 0	 
 9.800188e+03	 2.476054e+02	 7.889672e+03	 0	 0	 
 9.800188e+03	 2.476054e+02	 7.412042e+03	 0	 0	 
 9.800188e+03	 2.476054e+02	 6.934413e+03	 0	 0	 
 9.800188e+03	 2.476054e+02	 6.456784e+03	 0	 0	 
 9.800188e+03	 2.476054e+02	 5.979155e+03	 0	 0	 
 9.800188e+03	 2.476054e+02	 5.501526e+03	 0	 0	 
 9.800188e+03	 2.476054e+02	 5.023897e+03	 0	 0	 
 9.800188e+03	 2.476054e+02	 4.546268e+03	 0	 0	 
 9.800188e+03	 2.476054e+02	 4.068638e+03	 0	 0	 
 9.800188e+03	 2.476054e+02	 3.591009e+03	 0	 0	 
 9.800188e+03	 2.476054e+02	 3.113380e+03	 0	 0	 
 9.800188e+03	 2.476054e+02	 2.635751e+03	 0	 0	 
 9.800188e+03	 2.476054e+02	 2.158122e+03	 0	 0	 
 9.800188e+03	 2.476054e+02	 1.680493e+03	 0	 0	 
 9.800188e+03	 2.476054e+02	 1.202864e+03	 0	 0	 
 9.800188e+03	 2.476054e+02	 7.252345e+02	 0	 0	 
 9.800188e+03	 2.476054e+02	 2.476054e+02	 0	 0	 
 9.800188e+03	 1.352556e+04	 9.613920e+03	 2.002324e-06	 1.759059e-03	 2.002324e-06	 
 9.800188e+03	 1.352556e+04	 9.427651e+03	 2.002324e-06	 1.759059e-03	 2.002324e-06	 
 9.800188e+03	 1.352556e+04	 9.241383e+03	 2.002324e-06	 1.759059e-03	 2.002324e-06	 
 9.800188e+03	 1.352556e+04	 9.055115e+03	 2.002324e-06	 1.759059e-03	 2.002324e-06	 
 9.800188e+03	 1.352556e+04	 8.868846e+03	 2.002324e-06	 1.759059e-03	 2.002324e-06	 
 9.800188e+03	 1.352556e+04	 8.682578e+03	 2.002324e-06	 1.759059e-03	 2.002324e-06	 
 9.800188e+03	 1.352556e+04	 8.496310e+03	 2.002324e-06	 1.759059e-03	 2.002324e-06	 
 9.800188e+03	 1.352556e+04	 8.310041e+03	 2.002324e-06	 1.759059e-03	 2.002324e-06	 
 9.800188e+03	 1.352556e+04	 8.123773e+03	 2.002324e-06	 1.759059e-03	 2.002324e-06	 
 9.800188e+03	 1.352556e+04	 7.937504e+03	 2.002324e-06	 1.759059e-03	 2.002324e-06	 
 9.800188e+03	 1.352556e+04	 7.751236e+03	 2.002324e-06	 1.759059e-03	 2.002324e-06	 
 9.800188e+03	 1.352556e+04	 7.564968e+03	 2.002324e-06	 1.759059e-03	 2.002324e-06	 
 9.800188e+03	 1.352556e+04	 7.378699e+03	 2.002324e-06	 1.759059e-03	 2.002324e-06	 
 9.800188e+03	 1.352556e+04	 7.192431e+03	 2.002324e-06	 1.759059e-03	 2.002324e-06	 
 9.800188e+03	 1.352556e+04	 7.006163e+03	 2.002324e-06	 1.759059e-03	 2.002324e-06	 
 9.800188e+03	 1.352556e+04	 6.819894e+03	 2.002324e-06	 1.759059e-03	 2.002324e-06	 
 9.800188e+03	 1.352556e+04	 6.633626e+03	 2.002324e-06	 1.759059e-03	 2.002324e-06	 
 9.800188e+03	 1.352556e+04	 6.447358e+03	 2.002324e-06	 1.759059e-03	 2.002324e-06	 
 9.800188e+03	 1.352556e+04	 6.261089e+03	 2.002324e-06	 1.759059e-03	 2.002324e-06	 
 9.800188e+03	 1.352556e+04	 6.074821e+03	 2.002324e-06	 1.759059e-03	 2.002324e-06	 
 