minimo	maximo	maximTot	minimTot	
1.347216e-02	 4.173902e+03	 1.990000e+01	 1.564800e+03	 
 1.347216e-02	 4.173902e+03	 1.166900e+03	 2.516400e+03	 
 1.347216e-02	 4.173902e+03	 1.143800e+03	 2.092400e+03	 
 1.347216e-02	 4.173902e+03	 6.280000e+01	 8.620000e+01	 
 3.905333e+01	 1.667491e+04	 9.200000e+00	 1.970000e+01	 
 3.905333e+01	 1.667491e+04	 1.166900e+03	 2.092400e+03	 
 3.905333e+01	 1.667491e+04	 1.166900e+03	 1.658900e+03	 
 3.905333e+01	 1.667491e+04	 6.280000e+01	 8.620000e+01	 
 4.138585e+01	 1.945056e+04	 5.800000e+00	 2.440000e+01	 
 4.138585e+01	 1.945056e+04	 1.273200e+03	 2.092400e+03	 
 4.138585e+01	 1.945056e+04	 9.871000e+02	 2.092400e+03	 
 4.138585e+01	 1.945056e+04	 6.750000e+01	 8.620000e+01	 
 1.991277e-01	 4.178504e+03	 6.200000e+00	 2.384100e+03	 
 1.991277e-01	 4.178504e+03	 1.334400e+03	 1.659600e+03	 
 1.991277e-01	 4.178504e+03	 1.166900e+03	 1.658900e+03	 
 1.991277e-01	 4.178504e+03	 6.590000e+01	 8.270000e+01	 
 3.129966e+02	 2.206523e+04	 1.040000e+01	 2.636700e+03	 
 3.129966e+02	 2.206523e+04	 1.166900e+03	 1.576300e+03	 
 3.129966e+02	 2.206523e+04	 1.296500e+03	 2.092400e+03	 
 3.129966e+02	 2.206523e+04	 5.770000e+01	 8.620000e+01	 
 7.037075e-01	 7.655159e+03	 2.270000e+01	 2.636700e+03	 
 7.037075e-01	 7.655159e+03	 1.166900e+03	 2.848100e+03	 
 7.037075e-01	 7.655159e+03	 1.282600e+03	 1.658900e+03	 
 7.037075e-01	 7.655159e+03	 6.590000e+01	 8.620000e+01	 
 3.357541e+02	 1.397974e+04	 6.200000e+00	 2.384100e+03	 
 3.357541e+02	 1.397974e+04	 1.166900e+03	 2.857800e+03	 
 3.357541e+02	 1.397974e+04	 1.166900e+03	 2.092400e+03	 
 3.357541e+02	 1.397974e+04	 6.590000e+01	 8.620000e+01	 
 3.037882e+01	 2.791408e+04	 6.200000e+00	 1.340000e+01	 
 3.037882e+01	 2.791408e+04	 1.166900e+03	 2.857800e+03	 
 3.037882e+01	 2.791408e+04	 1.187900e+03	 2.092400e+03	 
 3.037882e+01	 2.791408e+04	 6.590000e+01	 8.270000e+01	 
 4.071786e+01	 1.859928e+04	 6.200000e+00	 2.410000e+01	 
 4.071786e+01	 1.859928e+04	 1.166900e+03	 2.092400e+03	 
 4.071786e+01	 1.859928e+04	 9.871000e+02	 2.021300e+03	 
 4.071786e+01	 1.859928e+04	 5.770000e+01	 8.620000e+01	 
 4.443776e+01	 1.481321e+04	 9.200000e+00	 2.150000e+01	 
 4.443776e+01	 1.481321e+04	 1.166900e+03	 1.658900e+03	 
 4.443776e+01	 1.481321e+04	 9.871000e+02	 2.021300e+03	 
 4.443776e+01	 1.481321e+04	 6.590000e+01	 8.620000e+01	 
 1.524986e-01	 8.315704e+03	 9.200000e+00	 2.150000e+01	 
 2.034099e-01	 6.898916e+03	 6.200000e+00	 2.150000e+01	 
 1.370136e-01	 8.606205e+03	 9.200000e+00	 2.150000e+01	 
 3.887352e-02	 9.747300e+03	 9.200000e+00	 2.410000e+01	 
 3.528681e-02	 7.024835e+03	 9.200000e+00	 2.270000e+01	 
 1.142344e-01	 7.181233e+03	 9.200000e+00	 2.440000e+01	 
 1.447553e-02	 7.710643e+03	 9.200000e+00	 3.010000e+01	 
 3.378240e-04	 7.098510e+03	 9.200000e+00	 2.640000e+01	 
 2.664474e-02	 7.115888e+03	 9.200000e+00	 3.220000e+01	 
 8.190197e-02	 8.258772e+03	 9.200000e+00	 3.310000e+01	 
 3.756159e-02	 6.997520e+03	 9.200000e+00	 3.940000e+01	 
 5.395180e-02	 4.738652e+03	 9.200000e+00	 4.740000e+01	 
 1.177170e-01	 7.942814e+03	 9.200000e+00	 1.085000e+02	 
 2.112826e-01	 7.939812e+03	 9.200000e+00	 2.626000e+02	 
 4.804851e-02	 7.920929e+03	 9.200000e+00	 5.885000e+02	 
 2.644877e-01	 7.904078e+03	 9.200000e+00	 1.043500e+03	 
 4.043472e-01	 7.904543e+03	 9.200000e+00	 1.564800e+03	 
 4.005765e-01	 7.914175e+03	 9.200000e+00	 2.005600e+03	 
 5.059797e-01	 7.915505e+03	 9.200000e+00	 2.384100e+03	 
 1.296814e-01	 6.668193e+03	 9.200000e+00	 2.150000e+01	 
 2.264844e-02	 7.869257e+03	 9.200000e+00	 2.150000e+01	 
 1.206721e-01	 6.115206e+03	 9.200000e+00	 2.150000e+01	 
 3.562347e-02	 7.240925e+03	 9.200000e+00	 2.150000e+01	 
 1.939497e-01	 7.483269e+03	 9.200000e+00	 2.150000e+01	 
 1.540147e-01	 7.800588e+03	 9.200000e+00	 2.110000e+01	 
 1.524986e-01	 8.315704e+03	 9.200000e+00	 2.150000e+01	 
 2.034099e-01	 6.898916e+03	 6.200000e+00	 2.150000e+01	 
 1.370136e-01	 8.606205e+03	 9.200000e+00	 2.150000e+01	 
 3.887352e-02	 9.747300e+03	 9.200000e+00	 2.410000e+01	 
 3.528681e-02	 7.024835e+03	 9.200000e+00	 2.270000e+01	 
 1.142344e-01	 7.181233e+03	 9.200000e+00	 2.440000e+01	 
 1.447553e-02	 7.710643e+03	 9.200000e+00	 3.010000e+01	 
 3.378240e-04	 7.098510e+03	 9.200000e+00	 2.640000e+01	 
 2.664474e-02	 7.115888e+03	 9.200000e+00	 3.220000e+01	 
 8.190197e-02	 8.258772e+03	 9.200000e+00	 3.310000e+01	 
 3.756159e-02	 6.997520e+03	 9.200000e+00	 3.940000e+01	 
 5.395180e-02	 4.738652e+03	 9.200000e+00	 4.740000e+01	 
 1.177170e-01	 7.942814e+03	 9.200000e+00	 1.085000e+02	 
 2.112826e-01	 7.939812e+03	 9.200000e+00	 2.626000e+02	 
 4.804851e-02	 7.920929e+03	 9.200000e+00	 5.885000e+02	 
 2.644877e-01	 7.904078e+03	 9.200000e+00	 1.043500e+03	 
 4.043472e-01	 7.904543e+03	 9.200000e+00	 1.564800e+03	 
 4.005765e-01	 7.914175e+03	 9.200000e+00	 2.005600e+03	 
 5.059797e-01	 7.915505e+03	 9.200000e+00	 2.384100e+03	 
 1.296814e-01	 6.668193e+03	 9.200000e+00	 2.150000e+01	 
 4.675737e-02	 8.062080e+03	 1.020000e+01	 2.150000e+01	 
 1.349222e-01	 6.870318e+03	 9.200000e+00	 2.150000e+01	 
 2.761131e-01	 7.859316e+03	 9.200000e+00	 2.150000e+01	 
 2.477782e-01	 7.031506e+03	 9.200000e+00	 2.150000e+01	 
 7.936368e-03	 6.692613e+03	 9.200000e+00	 2.150000e+01	 
 1.680226e-01	 6.945991e+03	 9.200000e+00	 2.150000e+01	 
 4.804121e-02	 7.445183e+03	 9.200000e+00	 2.150000e+01	 
 1.370136e-01	 8.606205e+03	 9.200000e+00	 2.150000e+01	 
 3.887352e-02	 9.747300e+03	 9.200000e+00	 2.410000e+01	 
 3.528681e-02	 7.024835e+03	 9.200000e+00	 2.270000e+01	 
 1.142344e-01	 7.181233e+03	 9.200000e+00	 2.440000e+01	 
 1.447553e-02	 7.710643e+03	 9.200000e+00	 3.010000e+01	 
 3.378240e-04	 7.098510e+03	 9.200000e+00	 2.640000e+01	 
 2.664474e-02	 7.115888e+03	 9.200000e+00	 3.220000e+01	 
 8.190197e-02	 8.258772e+03	 9.200000e+00	 3.310000e+01	 
 3.756159e-02	 6.997520e+03	 9.200000e+00	 3.940000e+01	 
 5.395180e-02	 4.738652e+03	 9.200000e+00	 4.740000e+01	 
 1.177170e-01	 7.942814e+03	 9.200000e+00	 1.085000e+02	 
 2.112826e-01	 7.939812e+03	 9.200000e+00	 2.626000e+02	 
 4.804851e-02	 7.920929e+03	 9.200000e+00	 5.885000e+02	 
 2.644877e-01	 7.904078e+03	 9.200000e+00	 1.043500e+03	 
 4.043472e-01	 7.904543e+03	 9.200000e+00	 1.564800e+03	 
 4.005765e-01	 7.914175e+03	 9.200000e+00	 2.005600e+03	 
 5.059797e-01	 7.915505e+03	 9.200000e+00	 2.384100e+03	 
 9.328649e-01	 7.912734e+03	 9.200000e+00	 2.407500e+03	 
 5.476783e-02	 7.905428e+03	 9.200000e+00	 2.636700e+03	 
 1.296814e-01	 6.668193e+03	 9.200000e+00	 2.150000e+01	 
 4.675737e-02	 8.062080e+03	 1.020000e+01	 2.150000e+01	 
 1.349222e-01	 6.870318e+03	 9.200000e+00	 2.150000e+01	 
 2.761131e-01	 7.859316e+03	 9.200000e+00	 2.150000e+01	 
 2.477782e-01	 7.031506e+03	 9.200000e+00	 2.150000e+01	 
 7.936368e-03	 6.692613e+03	 9.200000e+00	 2.150000e+01	 
 1.680226e-01	 6.945991e+03	 9.200000e+00	 2.150000e+01	 
 4.804121e-02	 7.445183e+03	 9.200000e+00	 2.150000e+01	 
 1.370136e-01	 8.606205e+03	 9.200000e+00	 2.150000e+01	 
 3.887352e-02	 9.747300e+03	 9.200000e+00	 2.410000e+01	 
 3.528681e-02	 7.024835e+03	 9.200000e+00	 2.270000e+01	 
 1.142344e-01	 7.181233e+03	 9.200000e+00	 2.440000e+01	 
 1.447553e-02	 7.710643e+03	 9.200000e+00	 3.010000e+01	 
 3.378240e-04	 7.098510e+03	 9.200000e+00	 2.640000e+01	 
 2.664474e-02	 7.115888e+03	 9.200000e+00	 3.220000e+01	 
 8.190197e-02	 8.258772e+03	 9.200000e+00	 3.310000e+01	 
 3.756159e-02	 6.997520e+03	 9.200000e+00	 3.940000e+01	 
 5.395180e-02	 4.738652e+03	 9.200000e+00	 4.740000e+01	 
 1.177170e-01	 7.942814e+03	 9.200000e+00	 1.085000e+02	 
 2.112826e-01	 7.939812e+03	 9.200000e+00	 2.626000e+02	 
 4.804851e-02	 7.920929e+03	 9.200000e+00	 5.885000e+02	 
 2.644877e-01	 7.904078e+03	 9.200000e+00	 1.043500e+03	 
 4.043472e-01	 7.904543e+03	 9.200000e+00	 1.564800e+03	 
 4.005765e-01	 7.914175e+03	 9.200000e+00	 2.005600e+03	 
 5.059797e-01	 7.915505e+03	 9.200000e+00	 2.384100e+03	 
 9.328649e-01	 7.912734e+03	 9.200000e+00	 2.407500e+03	 
 5.476783e-02	 7.905428e+03	 9.200000e+00	 2.636700e+03	 
 1.296814e-01	 6.668193e+03	 9.200000e+00	 2.150000e+01	 
 2.264844e-02	 7.869257e+03	 9.200000e+00	 2.150000e+01	 
 1.206721e-01	 6.115206e+03	 9.200000e+00	 2.150000e+01	 
 3.562347e-02	 7.240925e+03	 9.200000e+00	 2.150000e+01	 
 1.939497e-01	 7.483269e+03	 9.200000e+00	 2.150000e+01	 
 1.540147e-01	 7.800588e+03	 9.200000e+00	 2.110000e+01	 
 1.280623e-01	 7.305869e+03	 8.200000e+00	 2.150000e+01	 
 8.562524e-02	 6.959961e+03	 9.200000e+00	 2.150000e+01	 
 1.575687e-02	 7.341901e+03	 9.200000e+00	 2.150000e+01	 
 1.705511e-01	 6.992674e+03	 9.200000e+00	 2.150000e+01	 
 1.794786e-01	 7.750033e+03	 9.200000e+00	 2.150000e+01	 
 1.259278e-01	 7.320522e+03	 9.200000e+00	 2.150000e+01	 
 1.524986e-01	 8.315704e+03	 9.200000e+00	 2.150000e+01	 
 2.034099e-01	 6.898916e+03	 6.200000e+00	 2.150000e+01	 
 1.370136e-01	 8.606205e+03	 9.200000e+00	 2.150000e+01	 
 3.887352e-02	 9.747300e+03	 9.200000e+00	 2.410000e+01	 
 7.936368e-03	 6.692613e+03	 9.200000e+00	 2.150000e+01	 
 1.680226e-01	 6.945991e+03	 9.200000e+00	 2.150000e+01	 
 4.804121e-02	 7.445183e+03	 9.200000e+00	 2.150000e+01	 
 1.918222e-01	 7.628922e+03	 9.200000e+00	 2.150000e+01	 
 5.210807e-03	 6.783864e+03	 9.200000e+00	 2.150000e+01	 
 2.583491e-01	 7.665237e+03	 9.200000e+00	 2.150000e+01	 
 2.577045e-02	 6.784951e+03	 9.200000e+00	 2.150000e+01	 
 1.199809e-01	 7.279912e+03	 9.200000e+00	 2.150000e+01	 
 1.180274e-01	 6.741053e+03	 9.200000e+00	 2.150000e+01	 
 2.264844e-02	 7.869257e+03	 9.200000e+00	 2.150000e+01	 
 1.206721e-01	 6.115206e+03	 9.200000e+00	 2.150000e+01	 
 3.562347e-02	 7.240925e+03	 9.200000e+00	 2.150000e+01	 
 1.939497e-01	 7.483269e+03	 9.200000e+00	 2.150000e+01	 
 1.540147e-01	 7.800588e+03	 9.200000e+00	 2.110000e+01	 
 8.562524e-02	 6.959961e+03	 9.200000e+00	 2.150000e+01	 
 1.575687e-02	 7.341901e+03	 9.200000e+00	 2.150000e+01	 
 1.705511e-01	 6.992674e+03	 9.200000e+00	 2.150000e+01	 
 1.794786e-01	 7.750033e+03	 9.200000e+00	 2.150000e+01	 
 1.259278e-01	 7.320522e+03	 9.200000e+00	 2.150000e+01	 
 1.524986e-01	 8.315704e+03	 9.200000e+00	 2.150000e+01	 
 2.034099e-01	 6.898916e+03	 6.200000e+00	 2.150000e+01	 
 