-2.192799e-01	 -1.336037e+01	 -6.911206e+00	 1.330895e+01	 6.674707e+04	 8.495529e+04	 1.820822e+04	 0	 5.145649e+04	 1.122915e+01	 9.828672e+00	 1.964561e+02	 2.218134e+02	 
 -2.192799e-01	 -1.336037e+01	 -6.911206e+00	 1.330895e+01	 6.674707e+04	 8.495529e+04	 1.820822e+04	 0	 5.145649e+04	 1.122915e+01	 9.828672e+00	 1.964561e+02	 2.218134e+02	 
 1.633063e-02	 3.651662e-03	 1.135230e+00	 1.048654e-02	 8.638916e+04	 8.495529e+04	 1.433870e+03	 1	 1.918438e+03	 1.675375e-01	 1.139155e+02	 1.473463e+02	 1.590412e+02	 
 1.633063e-02	 3.651662e-03	 1.135230e+00	 1.048654e-02	 8.638916e+04	 8.495529e+04	 1.433870e+03	 1	 1.918438e+03	 1.675375e-01	 1.139155e+02	 1.473463e+02	 1.590412e+02	 
 1.633063e-02	 3.651662e-03	 1.135230e+00	 1.048654e-02	 8.638916e+04	 8.495529e+04	 1.433870e+03	 1	 1.918438e+03	 1.675375e-01	 1.139155e+02	 1.473463e+02	 1.590412e+02	 
 1.633063e-02	 3.651662e-03	 1.135230e+00	 1.048654e-02	 8.638916e+04	 8.495529e+04	 1.433870e+03	 1	 1.918438e+03	 1.675375e-01	 1.139155e+02	 1.473463e+02	 1.590412e+02	 
 -2.090058e-04	 -1.969313e+00	 3.148203e+00	 2.372623e-03	 1.303466e+05	 1.303692e+05	 2.258264e+01	 0	 4.533039e+03	 1.816227e-01	 1.488568e+02	 1.320710e+03	 1.323147e+03	 
 -2.090058e-04	 -1.969313e+00	 3.148203e+00	 2.372623e-03	 1.303466e+05	 1.303692e+05	 2.258264e+01	 0	 4.533039e+03	 1.816227e-01	 1.488568e+02	 1.320710e+03	 1.323147e+03	 
 -2.090058e-04	 -1.969313e+00	 3.148203e+00	 2.372623e-03	 1.303466e+05	 1.303692e+05	 2.258264e+01	 0	 4.533039e+03	 1.816227e-01	 1.488568e+02	 1.320710e+03	 1.323147e+03	 
 -2.090058e-04	 -1.969313e+00	 3.148203e+00	 2.372623e-03	 1.303466e+05	 1.303692e+05	 2.258264e+01	 0	 4.533039e+03	 1.816227e-01	 1.488568e+02	 1.320710e+03	 1.323147e+03	 
 -2.090058e-04	 -1.969313e+00	 3.148203e+00	 2.372623e-03	 1.303466e+05	 1.303692e+05	 2.258264e+01	 0	 4.533039e+03	 1.816227e-01	 1.488568e+02	 1.320710e+03	 1.323147e+03	 
 -2.090058e-04	 -1.969313e+00	 3.148203e+00	 2.372623e-03	 1.303466e+05	 1.303692e+05	 2.258264e+01	 0	 4.533039e+03	 1.816227e-01	 1.488568e+02	 1.320710e+03	 1.323147e+03	 
 3.316398e-02	 2.768485e-01	 6.269809e-01	 1.475689e-01	 6.635683e+04	 6.416731e+04	 2.189514e+03	 1	 4.015091e+03	 8.690367e-02	 2.793833e+01	 1.521570e+02	 6.917669e+01	 
 3.316398e-02	 2.768485e-01	 6.269809e-01	 1.475689e-01	 6.635683e+04	 6.416731e+04	 2.189514e+03	 1	 4.015091e+03	 8.690367e-02	 2.793833e+01	 1.521570e+02	 6.917669e+01	 
 3.316398e-02	 2.768485e-01	 6.269809e-01	 1.475689e-01	 6.635683e+04	 6.416731e+04	 2.189514e+03	 1	 4.015091e+03	 8.690367e-02	 2.793833e+01	 1.521570e+02	 6.917669e+01	 
 3.316398e-02	 2.768485e-01	 6.269809e-01	 1.475689e-01	 6.635683e+04	 6.416731e+04	 2.189514e+03	 1	 4.015091e+03	 8.690367e-02	 2.793833e+01	 1.521570e+02	 6.917669e+01	 
 3.316398e-02	 2.768485e-01	 6.269809e-01	 1.475689e-01	 6.635683e+04	 6.416731e+04	 2.189514e+03	 1	 4.015091e+03	 8.690367e-02	 2.793833e+01	 1.521570e+02	 6.917669e+01	 
 3.316398e-02	 2.768485e-01	 6.269809e-01	 1.475689e-01	 6.635683e+04	 6.416731e+04	 2.189514e+03	 1	 4.015091e+03	 8.690367e-02	 2.793833e+01	 1.521570e+02	 6.917669e+01	 
 1.094947e-01	 6.187005e-01	 2.106743e-01	 1.815418e-01	 1.448444e+05	 1.293765e+05	 1.546787e+04	 1	 5.071884e+03	 1.221059e-01	 2.811584e+02	 9.859151e+02	 2.501243e+02	 
 1.094947e-01	 6.187005e-01	 2.106743e-01	 1.815418e-01	 1.448444e+05	 1.293765e+05	 1.546787e+04	 1	 5.071884e+03	 1.221059e-01	 2.811584e+02	 9.859151e+02	 2.501243e+02	 
 1.094947e-01	 6.187005e-01	 2.106743e-01	 1.815418e-01	 1.448444e+05	 1.293765e+05	 1.546787e+04	 1	 5.071884e+03	 1.221059e-01	 2.811584e+02	 9.859151e+02	 2.501243e+02	 
 1.094947e-01	 6.187005e-01	 2.106743e-01	 1.815418e-01	 1.448444e+05	 1.293765e+05	 1.546787e+04	 1	 5.071884e+03	 1.221059e-01	 2.811584e+02	 9.859151e+02	 2.501243e+02	 
 1.094947e-01	 6.187005e-01	 2.106743e-01	 1.815418e-01	 1.448444e+05	 1.293765e+05	 1.546787e+04	 1	 5.071884e+03	 1.221059e-01	 2.811584e+02	 9.859151e+02	 2.501243e+02	 
 1.094947e-01	 6.187005e-01	 2.106743e-01	 1.815418e-01	 1.448444e+05	 1.293765e+05	 1.546787e+04	 1	 5.071884e+03	 1.221059e-01	 2.811584e+02	 9.859151e+02	 2.501243e+02	 
 6.240402e-04	 9.159135e-02	 8.620672e-01	 1.253898e-01	 8.746823e+04	 8.741279e+04	 5.543660e+01	 1	 3.941689e+03	 8.056281e-02	 1.332407e+02	 7.628337e+02	 1.911208e+02	 
 6.240402e-04	 9.159135e-02	 8.620672e-01	 1.253898e-01	 8.746823e+04	 8.741279e+04	 5.543660e+01	 1	 3.941689e+03	 8.056281e-02	 1.332407e+02	 7.628337e+02	 1.911208e+02	 
 6.240402e-04	 9.159135e-02	 8.620672e-01	 1.253898e-01	 8.746823e+04	 8.741279e+04	 5.543660e+01	 1	 3.941689e+03	 8.056281e-02	 1.332407e+02	 7.628337e+02	 1.911208e+02	 
 6.240402e-04	 9.159135e-02	 8.620672e-01	 1.253898e-01	 8.746823e+04	 8.741279e+04	 5.543660e+01	 1	 3.941689e+03	 8.056281e-02	 1.332407e+02	 7.628337e+02	 1.911208e+02	 
 6.240402e-04	 9.159135e-02	 8.620672e-01	 1.253898e-01	 8.746823e+04	 8.741279e+04	 5.543660e+01	 1	 3.941689e+03	 8.056281e-02	 1.332407e+02	 7.628337e+02	 1.911208e+02	 
 6.240402e-04	 9.159135e-02	 8.620672e-01	 1.253898e-01	 8.746823e+04	 8.741279e+04	 5.543660e+01	 1	 3.941689e+03	 8.056281e-02	 1.332407e+02	 7.628337e+02	 1.911208e+02	 
 -2.279553e-03	 -2.251450e-01	 -4.859843e-01	 1.144066e+00	 8.588451e+04	 8.603812e+04	 1.536088e+02	 0	 4.020523e+03	 5.798647e-01	 5.767779e-01	 5.787299e+02	 4.461369e+02	 
 -2.279553e-03	 -2.251450e-01	 -4.859843e-01	 1.144066e+00	 8.588451e+04	 8.603812e+04	 1.536088e+02	 0	 4.020523e+03	 5.798647e-01	 5.767779e-01	 5.787299e+02	 4.461369e+02	 
 -2.279553e-03	 -2.251450e-01	 -4.859843e-01	 1.144066e+00	 8.588451e+04	 8.603812e+04	 1.536088e+02	 0	 4.020523e+03	 5.798647e-01	 5.767779e-01	 5.787299e+02	 4.461369e+02	 
 -2.279553e-03	 -2.251450e-01	 -4.859843e-01	 1.144066e+00	 8.588451e+04	 8.603812e+04	 1.536088e+02	 0	 4.020523e+03	 5.798647e-01	 5.767779e-01	 5.787299e+02	 4.461369e+02	 
 -2.279553e-03	 -2.251450e-01	 -4.859843e-01	 1.144066e+00	 8.588451e+04	 8.603812e+04	 1.536088e+02	 0	 4.020523e+03	 5.798647e-01	 5.767779e-01	 5.787299e+02	 4.461369e+02	 
 -2.279553e-03	 -2.251450e-01	 -4.859843e-01	 1.144066e+00	 8.588451e+04	 8.603812e+04	 1.536088e+02	 0	 4.020523e+03	 5.798647e-01	 5.767779e-01	 5.787299e+02	 4.461369e+02	 
 1.838997e-01	 1.935289e-02	 7.984694e-01	 1.542826e-01	 6.609188e+04	 5.713514e+04	 8.956735e+03	 1	 1.620651e+04	 1.612077e-01	 4.656308e+02	 7.707061e+02	 7.226552e+01	 
 1.838997e-01	 1.935289e-02	 7.984694e-01	 1.542826e-01	 6.609188e+04	 5.713514e+04	 8.956735e+03	 1	 1.620651e+04	 1.612077e-01	 4.656308e+02	 7.707061e+02	 7.226552e+01	 
 1.838997e-01	 1.935289e-02	 7.984694e-01	 1.542826e-01	 6.609188e+04	 5.713514e+04	 8.956735e+03	 1	 1.620651e+04	 1.612077e-01	 4.656308e+02	 7.707061e+02	 7.226552e+01	 
 1.838997e-01	 1.935289e-02	 7.984694e-01	 1.542826e-01	 6.609188e+04	 5.713514e+04	 8.956735e+03	 1	 1.620651e+04	 1.612077e-01	 4.656308e+02	 7.707061e+02	 7.226552e+01	 
 1.838997e-01	 1.935289e-02	 7.984694e-01	 1.542826e-01	 6.609188e+04	 5.713514e+04	 8.956735e+03	 1	 1.620651e+04	 1.612077e-01	 4.656308e+02	 7.707061e+02	 7.226552e+01	 
 1.838997e-01	 1.935289e-02	 7.984694e-01	 1.542826e-01	 6.609188e+04	 5.713514e+04	 8.956735e+03	 1	 1.620651e+04	 1.612077e-01	 4.656308e+02	 7.707061e+02	 7.226552e+01	 
 1.457268e-02	 4.933212e+00	 1.227417e+00	 -3.122228e+00	 1.405767e+05	 1.391272e+05	 1.449448e+03	 0	 3.667196e+03	 2.081642e+00	 4.586964e+02	 8.762134e+02	 9.776634e+02	 
 1.457268e-02	 4.933212e+00	 1.227417e+00	 -3.122228e+00	 1.405767e+05	 1.391272e+05	 1.449448e+03	 0	 3.667196e+03	 2.081642e+00	 4.586964e+02	 8.762134e+02	 9.776634e+02	 
 1.457268e-02	 4.933212e+00	 1.227417e+00	 -3.122228e+00	 1.405767e+05	 1.391272e+05	 1.449448e+03	 0	 3.667196e+03	 2.081642e+00	 4.586964e+02	 8.762134e+02	 9.776634e+02	 
 1.457268e-02	 4.933212e+00	 1.227417e+00	 -3.122228e+00	 1.405767e+05	 1.391272e+05	 1.449448e+03	 0	 3.667196e+03	 2.081642e+00	 4.586964e+02	 8.762134e+02	 9.776634e+02	 
 1.457268e-02	 4.933212e+00	 1.227417e+00	 -3.122228e+00	 1.405767e+05	 1.391272e+05	 1.449448e+03	 0	 3.667196e+03	 2.081642e+00	 4.586964e+02	 8.762134e+02	 9.776634e+02	 
 1.457268e-02	 4.933212e+00	 1.227417e+00	 -3.122228e+00	 1.405767e+05	 1.391272e+05	 1.449448e+03	 0	 3.667196e+03	 2.081642e+00	 4.586964e+02	 8.762134e+02	 9.776634e+02	 
 1.100058e-02	 5.760485e-01	 2.197124e+00	 -1.001206e+00	 7.402056e+04	 7.330658e+04	 7.139763e+02	 0	 6.754373e+03	 8.245250e-01	 3.688690e+01	 4.097115e+02	 4.140113e+02	 
 1.100058e-02	 5.760485e-01	 2.197124e+00	 -1.001206e+00	 7.402056e+04	 7.330658e+04	 7.139763e+02	 0	 6.754373e+03	 8.245250e-01	 3.688690e+01	 4.097115e+02	 4.140113e+02	 
 1.100058e-02	 5.760485e-01	 2.197124e+00	 -1.001206e+00	 7.402056e+04	 7.330658e+04	 7.139763e+02	 0	 6.754373e+03	 8.245250e-01	 3.688690e+01	 4.097115e+02	 4.140113e+02	 
 1.100058e-02	 5.760485e-01	 2.197124e+00	 -1.001206e+00	 7.402056e+04	 7.330658e+04	 7.139763e+02	 0	 6.754373e+03	 8.245250e-01	 3.688690e+01	 4.097115e+02	 4.140113e+02	 
 1.100058e-02	 5.760485e-01	 2.197124e+00	 -1.001206e+00	 7.402056e+04	 7.330658e+04	 7.139763e+02	 0	 6.754373e+03	 8.245250e-01	 3.688690e+01	 4.097115e+02	 4.140113e+02	 
 1.100058e-02	 5.760485e-01	 2.197124e+00	 -1.001206e+00	 7.402056e+04	 7.330658e+04	 7.139763e+02	 0	 6.754373e+03	 8.245250e-01	 3.688690e+01	 4.097115e+02	 4.140113e+02	 
 -9.566093e-04	 -1.681281e+00	 2.890315e+00	 -1.844730e-02	 4.912781e+04	 4.916497e+04	 3.716449e+01	 0	 4.980923e+04	 2.016377e-01	 6.309845e+00	 6.042660e+01	 1.677004e+02	 
 -9.566093e-04	 -1.681281e+00	 2.890315e+00	 -1.844730e-02	 4.912781e+04	 4.916497e+04	 3.716449e+01	 0	 4.980923e+04	 2.016377e-01	 6.309845e+00	 6.042660e+01	 1.677004e+02	 
 -9.566093e-04	 -1.681281e+00	 2.890315e+00	 -1.844730e-02	 4.912781e+04	 4.916497e+04	 3.716449e+01	 0	 4.980923e+04	 2.016377e-01	 6.309845e+00	 6.042660e+01	 1.677004e+02	 
 -9.566093e-04	 -1.681281e+00	 2.890315e+00	 -1.844730e-02	 4.912781e+04	 4.916497e+04	 3.716449e+01	 0	 4.980923e+04	 2.016377e-01	 6.309845e+00	 6.042660e+01	 1.677004e+02	 
 -9.566093e-04	 -1.681281e+00	 2.890315e+00	 -1.844730e-02	 4.912781e+04	 4.916497e+04	 3.716449e+01	 0	 4.980923e+04	 2.016377e-01	 6.309845e+00	 6.042660e+01	 1.677004e+02	 
 -9.566093e-04	 -1.681281e+00	 2.890315e+00	 -1.844730e-02	 4.912781e+04	 4.916497e+04	 3.716449e+01	 0	 4.980923e+04	 2.016377e-01	 6.309845e+00	 6.042660e+01	 1.677004e+02	 
 -9.566093e-04	 -1.681281e+00	 2.890315e+00	 -1.844730e-02	 4.912781e+04	 4.916497e+04	 3.716449e+01	 0	 4.980923e+04	 2.016377e-01	 6.309845e+00	 6.042660e+01	 1.677004e+02	 
 -9.566093e-04	 -1.681281e+00	 2.890315e+00	 -1.844730e-02	 4.912781e+04	 4.916497e+04	 3.716449e+01	 0	 4.980923e+04	 2.016377e-01	 6.309845e+00	 6.042660e+01	 1.677004e+02	 
 -9.566093e-04	 -1.681281e+00	 2.890315e+00	 -1.844730e-02	 4.912781e+04	 4.916497e+04	 3.716449e+01	 0	 4.980923e+04	 2.016377e-01	 6.309845e+00	 6.042660e+01	 1.677004e+02	 
 -9.566093e-04	 -1.681281e+00	 2.890315e+00	 -1.844730e-02	 4.912781e+04	 4.916497e+04	 3.716449e+01	 0	 4.980923e+04	 2.016377e-01	 6.309845e+00	 6.042660e+01	 1.677004e+02	 
 -9.566093e-04	 -1.681281e+00	 2.890315e+00	 -1.844730e-02	 4.912781e+04	 4.916497e+04	 3.716449e+01	 0	 4.980923e+04	 2.016377e-01	 6.309845e+00	 6.042660e+01	 1.677004e+02	 
 -9.566093e-04	 -1.681281e+00	 2.890315e+00	 -1.844730e-02	 4.912781e+04	 4.916497e+04	 3.716449e+01	 0	 4.980923e+04	 2.016377e-01	 6.309845e+00	 6.042660e+01	 1.677004e+02	 
 5.324276e-04	 9.313409e-02	 8.603151e-01	 1.255279e-01	 8.746182e+04	 8.741279e+04	 4.902558e+01	 1	 3.963545e+03	 8.038422e-02	 1.343494e+02	 8.074249e+02	 1.764445e+02	 
 5.324276e-04	 9.313409e-02	 8.603151e-01	 1.255279e-01	 8.746182e+04	 8.741279e+04	 4.902558e+01	 1	 3.963545e+03	 8.038422e-02	 1.343494e+02	 8.074249e+02	 1.764445e+02	 
 5.324276e-04	 9.313409e-02	 8.603151e-01	 1.255279e-01	 8.746182e+04	 8.741279e+04	 4.902558e+01	 1	 3.963545e+03	 8.038422e-02	 1.343494e+02	 8.074249e+02	 1.764445e+02	 
 5.324276e-04	 9.313409e-02	 8.603151e-01	 1.255279e-01	 8.746182e+04	 8.741279e+04	 4.902558e+01	 1	 3.963545e+03	 8.038422e-02	 1.343494e+02	 8.074249e+02	 1.764445e+02	 
 5.324276e-04	 9.313409e-02	 8.603151e-01	 1.255279e-01	 8.746182e+04	 8.741279e+04	 4.902558e+01	 1	 3.963545e+03	 8.038422e-02	 1.343494e+02	 8.074249e+02	 1.764445e+02	 
 5.324276e-04	 9.313409e-02	 8.603151e-01	 1.255279e-01	 8.746182e+04	 8.741279e+04	 4.902558e+01	 1	 3.963545e+03	 8.038422e-02	 1.343494e+02	 8.074249e+02	 1.764445e+02	 
 5.027655e-04	 1.033608e-01	 8.482498e-01	 1.265225e-01	 8.745761e+04	 8.741279e+04	 4.481807e+01	 1	 4.173394e+03	 7.948718e-02	 1.407122e+02	 9.330401e+02	 8.877484e+01	 
 5.027655e-04	 1.033608e-01	 8.482498e-01	 1.265225e-01	 8.745761e+04	 8.741279e+04	 4.481807e+01	 1	 4.173394e+03	 7.948718e-02	 1.407122e+02	 9.330401e+02	 8.877484e+01	 
 5.027655e-04	 1.033608e-01	 8.482498e-01	 1.265225e-01	 8.745761e+04	 8.741279e+04	 4.481807e+01	 1	 4.173394e+03	 7.948718e-02	 1.407122e+02	 9.330401e+02	 8.877484e+01	 
 5.027655e-04	 1.033608e-01	 8.482498e-01	 1.265225e-01	 8.745761e+04	 8.741279e+04	 4.481807e+01	 1	 4.173394e+03	 7.948718e-02	 1.407122e+02	 9.330401e+02	 8.877484e+01	 
 5.027655e-04	 1.033608e-01	 8.482498e-01	 1.265225e-01	 8.745761e+04	 8.741279e+04	 4.481807e+01	 1	 4.173394e+03	 7.948718e-02	 1.407122e+02	 9.330401e+02	 8.877484e+01	 
 5.027655e-04	 1.033608e-01	 8.482498e-01	 1.265225e-01	 8.745761e+04	 8.741279e+04	 4.481807e+01	 1	 4.173394e+03	 7.948718e-02	 1.407122e+02	 9.330401e+02	 8.877484e+01	 
 -9.566093e-04	 -1.681281e+00	 2.890315e+00	 -1.844730e-02	 4.912781e+04	 4.916497e+04	 3.716449e+01	 0	 4.980923e+04	 2.016377e-01	 6.309845e+00	 6.042660e+01	 1.677004e+02	 
 -9.566093e-04	 -1.681281e+00	 2.890315e+00	 -1.844730e-02	 4.912781e+04	 4.916497e+04	 3.716449e+01	 0	 4.980923e+04	 2.016377e-01	 6.309845e+00	 6.042660e+01	 1.677004e+02	 
 -9.566093e-04	 -1.681281e+00	 2.890315e+00	 -1.844730e-02	 4.912781e+04	 4.916497e+04	 3.716449e+01	 0	 4.980923e+04	 2.016377e-01	 6.309845e+00	 6.042660e+01	 1.677004e+02	 
 -9.566093e-04	 -1.681281e+00	 2.890315e+00	 -1.844730e-02	 4.912781e+04	 4.916497e+04	 3.716449e+01	 0	 4.980923e+04	 2.016377e-01	 6.309845e+00	 6.042660e+01	 1.677004e+02	 
 -9.566093e-04	 -1.681281e+00	 2.890315e+00	 -1.844730e-02	 4.912781e+04	 4.916497e+04	 3.716449e+01	 0	 4.980923e+04	 2.016377e-01	 6.309845e+00	 6.042660e+01	 1.677004e+02	 
 -9.566093e-04	 -1.681281e+00	 2.890315e+00	 -1.844730e-02	 4.912781e+04	 4.916497e+04	 3.716449e+01	 0	 4.980923e+04	 2.016377e-01	 6.309845e+00	 6.042660e+01	 1.677004e+02	 
 -2.090058e-04	 -1.969313e+00	 3.148203e+00	 2.372623e-03	 1.303466e+05	 1.303692e+05	 2.258264e+01	 0	 4.533039e+03	 1.816227e-01	 1.488568e+02	 1.320710e+03	 1.323147e+03	 
 -2.090058e-04	 -1.969313e+00	 3.148203e+00	 2.372623e-03	 1.303466e+05	 1.303692e+05	 2.258264e+01	 0	 4.533039e+03	 1.816227e-01	 1.488568e+02	 1.320710e+03	 1.323147e+03	 
 -2.090058e-04	 -1.969313e+00	 3.148203e+00	 2.372623e-03	 1.303466e+05	 1.303692e+05	 2.258264e+01	 0	 4.533039e+03	 1.816227e-01	 1.488568e+02	 1.320710e+03	 1.323147e+03	 
 -2.090058e-04	 -1.969313e+00	 3.148203e+00	 2.372623e-03	 1.303466e+05	 1.303692e+05	 2.258264e+01	 0	 4.533039e+03	 1.816227e-01	 1.488568e+02	 1.320710e+03	 1.323147e+03	 
 -2.090058e-04	 -1.969313e+00	 3.148203e+00	 2.372623e-03	 1.303466e+05	 1.303692e+05	 2.258264e+01	 0	 4.533039e+03	 1.816227e-01	 1.488568e+02	 1.320710e+03	 1.323147e+03	 
 -2.090058e-04	 -1.969313e+00	 3.148203e+00	 2.372623e-03	 1.303466e+05	 1.303692e+05	 2.258264e+01	 0	 4.533039e+03	 1.816227e-01	 1.488568e+02	 1.320710e+03	 1.323147e+03	 
 -2.090058e-04	 -1.969313e+00	 3.148203e+00	 2.372623e-03	 1.303466e+05	 1.303692e+05	 2.258264e+01	 0	 4.533039e+03	 1.816227e-01	 1.488568e+02	 1.320710e+03	 1.323147e+03	 
 -2.090058e-04	 -1.969313e+00	 3.148203e+00	 2.372623e-03	 1.303466e+05	 1.303692e+05	 2.258264e+01	 0	 4.533039e+03	 1.816227e-01	 1.488568e+02	 1.320710e+03	 1.323147e+03	 
 -2.090058e-04	 -1.969313e+00	 3.148203e+00	 2.372623e-03	 1.303466e+05	 1.303692e+05	 2.258264e+01	 0	 4.533039e+03	 1.816227e-01	 1.488568e+02	 1.320710e+03	 1.323147e+03	 
 -2.090058e-04	 -1.969313e+00	 3.148203e+00	 2.372623e-03	 1.303466e+05	 1.303692e+05	 2.258264e+01	 0	 4.533039e+03	 1.816227e-01	 1.488568e+02	 1.320710e+03	 1.323147e+03	 
 -2.090058e-04	 -1.969313e+00	 3.148203e+00	 2.372623e-03	 1.303466e+05	 1.303692e+05	 2.258264e+01	 0	 4.533039e+03	 1.816227e-01	 1.488568e+02	 1.320710e+03	 1.323147e+03	 
 -2.090058e-04	 -1.969313e+00	 3.148203e+00	 2.372623e-03	 1.303466e+05	 1.303692e+05	 2.258264e+01	 0	 4.533039e+03	 1.816227e-01	 1.488568e+02	 1.320710e+03	 1.323147e+03	 
 -9.566093e-04	 -1.681281e+00	 2.890315e+00	 -1.844730e-02	 4.912781e+04	 4.916497e+04	 3.716449e+01	 0	 4.980923e+04	 2.016377e-01	 6.309845e+00	 6.042660e+01	 1.677004e+02	 
 -9.566093e-04	 -1.681281e+00	 2.890315e+00	 -1.844730e-02	 4.912781e+04	 4.916497e+04	 3.716449e+01	 0	 4.980923e+04	 2.016377e-01	 6.309845e+00	 6.042660e+01	 1.677004e+02	 
 -9.566093e-04	 -1.681281e+00	 2.890315e+00	 -1.844730e-02	 4.912781e+04	 4.916497e+04	 3.716449e+01	 0	 4.980923e+04	 2.016377e-01	 6.309845e+00	 6.042660e+01	 1.677004e+02	 
 -9.566093e-04	 -1.681281e+00	 2.890315e+00	 -1.844730e-02	 4.912781e+04	 4.916497e+04	 3.716449e+01	 0	 4.980923e+04	 2.016377e-01	 6.309845e+00	 6.042660e+01	 1.677004e+02	 
 -9.566093e-04	 -1.681281e+00	 2.890315e+00	 -1.844730e-02	 4.912781e+04	 4.916497e+04	 3.716449e+01	 0	 4.980923e+04	 2.016377e-01	 6.309845e+00	 6.042660e+01	 1.677004e+02	 
 -9.566093e-04	 -1.681281e+00	 2.890315e+00	 -1.844730e-02	 4.912781e+04	 4.916497e+04	 3.716449e+01	 0	 4.980923e+04	 2.016377e-01	 6.309845e+00	 6.042660e+01	 1.677004e+02	 
 1.457268e-02	 4.933212e+00	 1.227417e+00	 -3.122228e+00	 1.405767e+05	 1.391272e+05	 1.449448e+03	 0	 3.667196e+03	 2.081642e+00	 4.586964e+02	 8.762134e+02	 9.776634e+02	 
 1.457268e-02	 4.933212e+00	 1.227417e+00	 -3.122228e+00	 1.405767e+05	 1.391272e+05	 1.449448e+03	 0	 3.667196e+03	 2.081642e+00	 4.586964e+02	 8.762134e+02	 9.776634e+02	 
 1.457268e-02	 4.933212e+00	 1.227417e+00	 -3.122228e+00	 1.405767e+05	 1.391272e+05	 1.449448e+03	 0	 3.667196e+03	 2.081642e+00	 4.586964e+02	 8.762134e+02	 9.776634e+02	 
 1.457268e-02	 4.933212e+00	 1.227417e+00	 -3.122228e+00	 1.405767e+05	 1.391272e+05	 1.449448e+03	 0	 3.667196e+03	 2.081642e+00	 4.586964e+02	 8.762134e+02	 9.776634e+02	 
 1.457268e-02	 4.933212e+00	 1.227417e+00	 -3.122228e+00	 1.405767e+05	 1.391272e+05	 1.449448e+03	 0	 3.667196e+03	 2.081642e+00	 4.586964e+02	 8.762134e+02	 9.776634e+02	 
 1.457268e-02	 4.933212e+00	 1.227417e+00	 -3.122228e+00	 1.405767e+05	 1.391272e+05	 1.449448e+03	 0	 3.667196e+03	 2.081642e+00	 4.586964e+02	 8.762134e+02	 9.776634e+02	 
 1.457268e-02	 4.933212e+00	 1.227417e+00	 -3.122228e+00	 1.405767e+05	 1.391272e+05	 1.449448e+03	 0	 3.667196e+03	 2.081642e+00	 4.586964e+02	 8.762134e+02	 9.776634e+02	 
 1.457268e-02	 4.933212e+00	 1.227417e+00	 -3.122228e+00	 1.405767e+05	 1.391272e+05	 1.449448e+03	 0	 3.667196e+03	 2.081642e+00	 4.586964e+02	 8.762134e+02	 9.776634e+02	 
 1.457268e-02	 4.933212e+00	 1.227417e+00	 -3.122228e+00	 1.405767e+05	 1.391272e+05	 1.449448e+03	 0	 3.667196e+03	 2.081642e+00	 4.586964e+02	 8.762134e+02	 9.776634e+02	 
 1.457268e-02	 4.933212e+00	 1.227417e+00	 -3.122228e+00	 1.405767e+05	 1.391272e+05	 1.449448e+03	 0	 3.667196e+03	 2.081642e+00	 4.586964e+02	 8.762134e+02	 9.776634e+02	 
 1.457268e-02	 4.933212e+00	 1.227417e+00	 -3.122228e+00	 1.405767e+05	 1.391272e+05	 1.449448e+03	 0	 3.667196e+03	 2.081642e+00	 4.586964e+02	 8.762134e+02	 9.776634e+02	 
 1.457268e-02	 4.933212e+00	 1.227417e+00	 -3.122228e+00	 1.405767e+05	 1.391272e+05	 1.449448e+03	 0	 3.667196e+03	 2.081642e+00	 4.586964e+02	 8.762134e+02	 9.776634e+02	 
 -9.566093e-04	 -1.681281e+00	 2.890315e+00	 -1.844730e-02	 4.912781e+04	 4.916497e+04	 3.716449e+01	 0	 4.980923e+04	 2.016377e-01	 6.309845e+00	 6.042660e+01	 1.677004e+02	 
 -9.566093e-04	 -1.681281e+00	 2.890315e+00	 -1.844730e-02	 4.912781e+04	 4.916497e+04	 3.716449e+01	 0	 4.980923e+04	 2.016377e-01	 6.309845e+00	 6.042660e+01	 1.677004e+02	 
 -9.566093e-04	 -1.681281e+00	 2.890315e+00	 -1.844730e-02	 4.912781e+04	 4.916497e+04	 3.716449e+01	 0	 4.980923e+04	 2.016377e-01	 6.309845e+00	 6.042660e+01	 1.677004e+02	 
 -9.566093e-04	 -1.681281e+00	 2.890315e+00	 -1.844730e-02	 4.912781e+04	 4.916497e+04	 3.716449e+01	 0	 4.980923e+04	 2.016377e-01	 6.309845e+00	 6.042660e+01	 1.677004e+02	 
 -9.566093e-04	 -1.681281e+00	 2.890315e+00	 -1.844730e-02	 4.912781e+04	 4.916497e+04	 3.716449e+01	 0	 4.980923e+04	 2.016377e-01	 6.309845e+00	 6.042660e+01	 1.677004e+02	 
 -9.566093e-04	 -1.681281e+00	 2.890315e+00	 -1.844730e-02	 4.912781e+04	 4.916497e+04	 3.716449e+01	 0	 4.980923e+04	 2.016377e-01	 6.309845e+00	 6.042660e+01	 1.677004e+02	 
 -9.566093e-04	 -1.681281e+00	 2.890315e+00	 -1.844730e-02	 4.912781e+04	 4.916497e+04	 3.716449e+01	 0	 4.980923e+04	 2.016377e-01	 6.309845e+00	 6.042660e+01	 1.677004e+02	 
 -9.566093e-04	 -1.681281e+00	 2.890315e+00	 -1.844730e-02	 4.912781e+04	 4.916497e+04	 3.716449e+01	 0	 4.980923e+04	 2.016377e-01	 6.309845e+00	 6.042660e+01	 1.677004e+02	 
 -9.566093e-04	 -1.681281e+00	 2.890315e+00	 -1.844730e-02	 4.912781e+04	 4.916497e+04	 3.716449e+01	 0	 4.980923e+04	 2.016377e-01	 6.309845e+00	 6.042660e+01	 1.677004e+02	 
 -9.566093e-04	 -1.681281e+00	 2.890315e+00	 -1.844730e-02	 4.912781e+04	 4.916497e+04	 3.716449e+01	 0	 4.980923e+04	 2.016377e-01	 6.309845e+00	 6.042660e+01	 1.677004e+02	 
 -9.566093e-04	 -1.681281e+00	 2.890315e+00	 -1.844730e-02	 4.912781e+04	 4.916497e+04	 3.716449e+01	 0	 4.980923e+04	 2.016377e-01	 6.309845e+00	 6.042660e+01	 1.677004e+02	 
 -9.566093e-04	 -1.681281e+00	 2.890315e+00	 -1.844730e-02	 4.912781e+04	 4.916497e+04	 3.716449e+01	 0	 4.980923e+04	 2.016377e-01	 6.309845e+00	 6.042660e+01	 1.677004e+02	 
 -9.566093e-04	 -1.681281e+00	 2.890315e+00	 -1.844730e-02	 4.912781e+04	 4.916497e+04	 3.716449e+01	 0	 4.980923e+04	 2.016377e-01	 6.309845e+00	 6.042660e+01	 1.677004e+02	 
 -9.566093e-04	 -1.681281e+00	 2.890315e+00	 -1.844730e-02	 4.912781e+04	 4.916497e+04	 3.716449e+01	 0	 4.980923e+04	 2.016377e-01	 6.309845e+00	 6.042660e+01	 1.677004e+02	 
 -9.566093e-04	 -1.681281e+00	 2.890315e+00	 -1.844730e-02	 4.912781e+04	 4.916497e+04	 3.716449e+01	 0	 4.980923e+04	 2.016377e-01	 6.309845e+00	 6.042660e+01	 1.677004e+02	 
 -9.566093e-04	 -1.681281e+00	 2.890315e+00	 -1.844730e-02	 4.912781e+04	 4.916497e+04	 3.716449e+01	 0	 4.980923e+04	 2.016377e-01	 6.309845e+00	 6.042660e+01	 1.677004e+02	 
 -9.566093e-04	 -1.681281e+00	 2.890315e+00	 -1.844730e-02	 4.912781e+04	 4.916497e+04	 3.716449e+01	 0	 4.980923e+04	 2.016377e-01	 6.309845e+00	 6.042660e+01	 1.677004e+02	 
 -9.566093e-04	 -1.681281e+00	 2.890315e+00	 -1.844730e-02	 4.912781e+04	 4.916497e+04	 3.716449e+01	 0	 4.980923e+04	 2.016377e-01	 6.309845e+00	 6.042660e+01	 1.677004e+02	 
 -9.566093e-04	 -1.681281e+00	 2.890315e+00	 -1.844730e-02	 4.912781e+04	 4.916497e+04	 3.716449e+01	 0	 4.980923e+04	 2.016377e-01	 6.309845e+00	 6.042660e+01	 1.677004e+02	 
 -9.566093e-04	 -1.681281e+00	 2.890315e+00	 -1.844730e-02	 4.912781e+04	 4.916497e+04	 3.716449e+01	 0	 4.980923e+04	 2.016377e-01	 6.309845e+00	 6.042660e+01	 1.677004e+02	 
 -9.566093e-04	 -1.681281e+00	 2.890315e+00	 -1.844730e-02	 4.912781e+04	 4.916497e+04	 3.716449e+01	 0	 4.980923e+04	 2.016377e-01	 6.309845e+00	 6.042660e+01	 1.677004e+02	 
 -9.566093e-04	 -1.681281e+00	 2.890315e+00	 -1.844730e-02	 4.912781e+04	 4.916497e+04	 3.716449e+01	 0	 4.980923e+04	 2.016377e-01	 6.309845e+00	 6.042660e+01	 1.677004e+02	 
 -9.566093e-04	 -1.681281e+00	 2.890315e+00	 -1.844730e-02	 4.912781e+04	 4.916497e+04	 3.716449e+01	 0	 4.980923e+04	 2.016377e-01	 6.309845e+00	 6.042660e+01	 1.677004e+02	 
 -9.566093e-04	 -1.681281e+00	 2.890315e+00	 -1.844730e-02	 4.912781e+04	 4.916497e+04	 3.716449e+01	 0	 4.980923e+04	 2.016377e-01	 6.309845e+00	 6.042660e+01	 1.677004e+02	 
 -2.090058e-04	 -1.969313e+00	 3.148203e+00	 2.372623e-03	 1.303466e+05	 1.303692e+05	 2.258264e+01	 0	 4.533039e+03	 1.816227e-01	 1.488568e+02	 1.320710e+03	 1.323147e+03	 
 -2.090058e-04	 -1.969313e+00	 3.148203e+00	 2.372623e-03	 1.303466e+05	 1.303692e+05	 2.258264e+01	 0	 4.533039e+03	 1.816227e-01	 1.488568e+02	 1.320710e+03	 1.323147e+03	 
 -2.090058e-04	 -1.969313e+00	 3.148203e+00	 2.372623e-03	 1.303466e+05	 1.303692e+05	 2.258264e+01	 0	 4.533039e+03	 1.816227e-01	 1.488568e+02	 1.320710e+03	 1.323147e+03	 
 -2.090058e-04	 -1.969313e+00	 3.148203e+00	 2.372623e-03	 1.303466e+05	 1.303692e+05	 2.258264e+01	 0	 4.533039e+03	 1.816227e-01	 1.488568e+02	 1.320710e+03	 1.323147e+03	 
 -2.090058e-04	 -1.969313e+00	 3.148203e+00	 2.372623e-03	 1.303466e+05	 1.303692e+05	 2.258264e+01	 0	 4.533039e+03	 1.816227e-01	 1.488568e+02	 1.320710e+03	 1.323147e+03	 
 -2.090058e-04	 -1.969313e+00	 3.148203e+00	 2.372623e-03	 1.303466e+05	 1.303692e+05	 2.258264e+01	 0	 4.533039e+03	 1.816227e-01	 1.488568e+02	 1.320710e+03	 1.323147e+03	 
 -2.090058e-04	 -1.969313e+00	 3.148203e+00	 2.372623e-03	 1.303466e+05	 1.303692e+05	 2.258264e+01	 0	 4.533039e+03	 1.816227e-01	 1.488568e+02	 1.320710e+03	 1.323147e+03	 
 -2.090058e-04	 -1.969313e+00	 3.148203e+00	 2.372623e-03	 1.303466e+05	 1.303692e+05	 2.258264e+01	 0	 4.533039e+03	 1.816227e-01	 1.488568e+02	 1.320710e+03	 1.323147e+03	 
 -2.090058e-04	 -1.969313e+00	 3.148203e+00	 2.372623e-03	 1.303466e+05	 1.303692e+05	 2.258264e+01	 0	 4.533039e+03	 1.816227e-01	 1.488568e+02	 1.320710e+03	 1.323147e+03	 
 -2.090058e-04	 -1.969313e+00	 3.148203e+00	 2.372623e-03	 1.303466e+05	 1.303692e+05	 2.258264e+01	 0	 4.533039e+03	 1.816227e-01	 1.488568e+02	 1.320710e+03	 1.323147e+03	 
 -2.090058e-04	 -1.969313e+00	 3.148203e+00	 2.372623e-03	 1.303466e+05	 1.303692e+05	 2.258264e+01	 0	 4.533039e+03	 1.816227e-01	 1.488568e+02	 1.320710e+03	 1.323147e+03	 
 -2.090058e-04	 -1.969313e+00	 3.148203e+00	 2.372623e-03	 1.303466e+05	 1.303692e+05	 2.258264e+01	 0	 4.533039e+03	 1.816227e-01	 1.488568e+02	 1.320710e+03	 1.323147e+03	 
 -9.566093e-04	 -1.681281e+00	 2.890315e+00	 -1.844730e-02	 4.912781e+04	 4.916497e+04	 3.716449e+01	 0	 4.980923e+04	 2.016377e-01	 6.309845e+00	 6.042660e+01	 1.677004e+02	 
 -9.566093e-04	 -1.681281e+00	 2.890315e+00	 -1.844730e-02	 4.912781e+04	 4.916497e+04	 3.716449e+01	 0	 4.980923e+04	 2.016377e-01	 6.309845e+00	 6.042660e+01	 1.677004e+02	 
 -9.566093e-04	 -1.681281e+00	 2.890315e+00	 -1.844730e-02	 4.912781e+04	 4.916497e+04	 3.716449e+01	 0	 4.980923e+04	 2.016377e-01	 6.309845e+00	 6.042660e+01	 1.677004e+02	 
 -9.566093e-04	 -1.681281e+00	 2.890315e+00	 -1.844730e-02	 4.912781e+04	 4.916497e+04	 3.716449e+01	 0	 4.980923e+04	 2.016377e-01	 6.309845e+00	 6.042660e+01	 1.677004e+02	 
 -9.566093e-04	 -1.681281e+00	 2.890315e+00	 -1.844730e-02	 4.912781e+04	 4.916497e+04	 3.716449e+01	 0	 4.980923e+04	 2.016377e-01	 6.309845e+00	 6.042660e+01	 1.677004e+02	 
 -9.566093e-04	 -1.681281e+00	 2.890315e+00	 -1.844730e-02	 4.912781e+04	 4.916497e+04	 3.716449e+01	 0	 4.980923e+04	 2.016377e-01	 6.309845e+00	 6.042660e+01	 1.677004e+02	 
 5.324276e-04	 9.313409e-02	 8.603151e-01	 1.255279e-01	 8.746182e+04	 8.741279e+04	 4.902558e+01	 1	 3.963545e+03	 8.038422e-02	 1.343494e+02	 8.074249e+02	 1.764445e+02	 
 5.324276e-04	 9.313409e-02	 8.603151e-01	 1.255279e-01	 8.746182e+04	 8.741279e+04	 4.902558e+01	 1	 3.963545e+03	 8.038422e-02	 1.343494e+02	 8.074249e+02	 1.764445e+02	 
 5.324276e-04	 9.313409e-02	 8.603151e-01	 1.255279e-01	 8.746182e+04	 8.741279e+04	 4.902558e+01	 1	 3.963545e+03	 8.038422e-02	 1.343494e+02	 8.074249e+02	 1.764445e+02	 
 5.324276e-04	 9.313409e-02	 8.603151e-01	 1.255279e-01	 8.746182e+04	 8.741279e+04	 4.902558e+01	 1	 3.963545e+03	 8.038422e-02	 1.343494e+02	 8.074249e+02	 1.764445e+02	 
 5.324276e-04	 9.313409e-02	 8.603151e-01	 1.255279e-01	 8.746182e+04	 8.741279e+04	 4.902558e+01	 1	 3.963545e+03	 8.038422e-02	 1.343494e+02	 8.074249e+02	 1.764445e+02	 
 5.324276e-04	 9.313409e-02	 8.603151e-01	 1.255279e-01	 8.746182e+04	 8.741279e+04	 4.902558e+01	 1	 3.963545e+03	 8.038422e-02	 1.343494e+02	 8.074249e+02	 1.764445e+02	 
 5.242896e-04	 9.095328e-02	 8.628597e-01	 1.253219e-01	 8.745978e+04	 8.741279e+04	 4.698663e+01	 1	 3.926179e+03	 8.052140e-02	 1.333293e+02	 7.666305e+02	 1.970514e+02	 
 5.242896e-04	 9.095328e-02	 8.628597e-01	 1.253219e-01	 8.745978e+04	 8.741279e+04	 4.698663e+01	 1	 3.926179e+03	 8.052140e-02	 1.333293e+02	 7.666305e+02	 1.970514e+02	 
 5.242896e-04	 9.095328e-02	 8.628597e-01	 1.253219e-01	 8.745978e+04	 8.741279e+04	 4.698663e+01	 1	 3.926179e+03	 8.052140e-02	 1.333293e+02	 7.666305e+02	 1.970514e+02	 
 5.242896e-04	 9.095328e-02	 8.628597e-01	 1.253219e-01	 8.745978e+04	 8.741279e+04	 4.698663e+01	 1	 3.926179e+03	 8.052140e-02	 1.333293e+02	 7.666305e+02	 1.970514e+02	 
 5.242896e-04	 9.095328e-02	 8.628597e-01	 1.253219e-01	 8.745978e+04	 8.741279e+04	 4.698663e+01	 1	 3.926179e+03	 8.052140e-02	 1.333293e+02	 7.666305e+02	 1.970514e+02	 
 5.242896e-04	 9.095328e-02	 8.628597e-01	 1.253219e-01	 8.745978e+04	 8.741279e+04	 4.698663e+01	 1	 3.926179e+03	 8.052140e-02	 1.333293e+02	 7.666305e+02	 1.970514e+02	 
 -9.566093e-04	 -1.681281e+00	 2.890315e+00	 -1.844730e-02	 4.912781e+04	 4.916497e+04	 3.716449e+01	 0	 4.980923e+04	 2.016377e-01	 6.309845e+00	 6.042660e+01	 1.677004e+02	 
 -9.566093e-04	 -1.681281e+00	 2.890315e+00	 -1.844730e-02	 4.912781e+04	 4.916497e+04	 3.716449e+01	 0	 4.980923e+04	 2.016377e-01	 6.309845e+00	 6.042660e+01	 1.677004e+02	 
 -9.566093e-04	 -1.681281e+00	 2.890315e+00	 -1.844730e-02	 4.912781e+04	 4.916497e+04	 3.716449e+01	 0	 4.980923e+04	 2.016377e-01	 6.309845e+00	 6.042660e+01	 1.677004e+02	 
 -9.566093e-04	 -1.681281e+00	 2.890315e+00	 -1.844730e-02	 4.912781e+04	 4.916497e+04	 3.716449e+01	 0	 4.980923e+04	 2.016377e-01	 6.309845e+00	 6.042660e+01	 1.677004e+02	 
 -9.566093e-04	 -1.681281e+00	 2.890315e+00	 -1.844730e-02	 4.912781e+04	 4.916497e+04	 3.716449e+01	 0	 4.980923e+04	 2.016377e-01	 6.309845e+00	 6.042660e+01	 1.677004e+02	 
 -9.566093e-04	 -1.681281e+00	 2.890315e+00	 -1.844730e-02	 4.912781e+04	 4.916497e+04	 3.716449e+01	 0	 4.980923e+04	 2.016377e-01	 6.309845e+00	 6.042660e+01	 1.677004e+02	 
 -2.090058e-04	 -1.969313e+00	 3.148203e+00	 2.372623e-03	 1.303466e+05	 1.303692e+05	 2.258264e+01	 0	 4.533039e+03	 1.816227e-01	 1.488568e+02	 1.320710e+03	 1.323147e+03	 
 -2.090058e-04	 -1.969313e+00	 3.148203e+00	 2.372623e-03	 1.303466e+05	 1.303692e+05	 2.258264e+01	 0	 4.533039e+03	 1.816227e-01	 1.488568e+02	 1.320710e+03	 1.323147e+03	 
 -2.090058e-04	 -1.969313e+00	 3.148203e+00	 2.372623e-03	 1.303466e+05	 1.303692e+05	 2.258264e+01	 0	 4.533039e+03	 1.816227e-01	 1.488568e+02	 1.320710e+03	 1.323147e+03	 
 -2.090058e-04	 -1.969313e+00	 3.148203e+00	 2.372623e-03	 1.303466e+05	 1.303692e+05	 2.258264e+01	 0	 4.533039e+03	 1.816227e-01	 1.488568e+02	 1.320710e+03	 1.323147e+03	 
 -2.090058e-04	 -1.969313e+00	 3.148203e+00	 2.372623e-03	 1.303466e+05	 1.303692e+05	 2.258264e+01	 0	 4.533039e+03	 1.816227e-01	 1.488568e+02	 1.320710e+03	 1.323147e+03	 
 -2.090058e-04	 -1.969313e+00	 3.148203e+00	 2.372623e-03	 1.303466e+05	 1.303692e+05	 2.258264e+01	 0	 4.533039e+03	 1.816227e-01	 1.488568e+02	 1.320710e+03	 1.323147e+03	 
 -2.090058e-04	 -1.969313e+00	 3.148203e+00	 2.372623e-03	 1.303466e+05	 1.303692e+05	 2.258264e+01	 0	 4.533039e+03	 1.816227e-01	 1.488568e+02	 1.320710e+03	 1.323147e+03	 
 -2.090058e-04	 -1.969313e+00	 3.148203e+00	 2.372623e-03	 1.303466e+05	 1.303692e+05	 2.258264e+01	 0	 4.533039e+03	 1.816227e-01	 1.488568e+02	 1.320710e+03	 1.323147e+03	 
 -2.090058e-04	 -1.969313e+00	 3.148203e+00	 2.372623e-03	 1.303466e+05	 1.303692e+05	 2.258264e+01	 0	 4.533039e+03	 1.816227e-01	 1.488568e+02	 1.320710e+03	 1.323147e+03	 
 -2.090058e-04	 -1.969313e+00	 3.148203e+00	 2.372623e-03	 1.303466e+05	 1.303692e+05	 2.258264e+01	 0	 4.533039e+03	 1.816227e-01	 1.488568e+02	 1.320710e+03	 1.323147e+03	 
 -2.090058e-04	 -1.969313e+00	 3.148203e+00	 2.372623e-03	 1.303466e+05	 1.303692e+05	 2.258264e+01	 0	 4.533039e+03	 1.816227e-01	 1.488568e+02	 1.320710e+03	 1.323147e+03	 
 -2.090058e-04	 -1.969313e+00	 3.148203e+00	 2.372623e-03	 1.303466e+05	 1.303692e+05	 2.258264e+01	 0	 4.533039e+03	 1.816227e-01	 1.488568e+02	 1.320710e+03	 1.323147e+03	 
 -9.566093e-04	 -1.681281e+00	 2.890315e+00	 -1.844730e-02	 4.912781e+04	 4.916497e+04	 3.716449e+01	 0	 4.980923e+04	 2.016377e-01	 6.309845e+00	 6.042660e+01	 1.677004e+02	 
 -9.566093e-04	 -1.681281e+00	 2.890315e+00	 -1.844730e-02	 4.912781e+04	 4.916497e+04	 3.716449e+01	 0	 4.980923e+04	 2.016377e-01	 6.309845e+00	 6.042660e+01	 1.677004e+02	 
 -9.566093e-04	 -1.681281e+00	 2.890315e+00	 -1.844730e-02	 4.912781e+04	 4.916497e+04	 3.716449e+01	 0	 4.980923e+04	 2.016377e-01	 6.309845e+00	 6.042660e+01	 1.677004e+02	 
 -9.566093e-04	 -1.681281e+00	 2.890315e+00	 -1.844730e-02	 4.912781e+04	 4.916497e+04	 3.716449e+01	 0	 4.980923e+04	 2.016377e-01	 6.309845e+00	 6.042660e+01	 1.677004e+02	 
 -9.566093e-04	 -1.681281e+00	 2.890315e+00	 -1.844730e-02	 4.912781e+04	 4.916497e+04	 3.716449e+01	 0	 4.980923e+04	 2.016377e-01	 6.309845e+00	 6.042660e+01	 1.677004e+02	 
 -9.566093e-04	 -1.681281e+00	 2.890315e+00	 -1.844730e-02	 4.912781e+04	 4.916497e+04	 3.716449e+01	 0	 4.980923e+04	 2.016377e-01	 6.309845e+00	 6.042660e+01	 1.677004e+02	 
 5.324276e-04	 9.313409e-02	 8.603151e-01	 1.255279e-01	 8.746182e+04	 8.741279e+04	 4.902558e+01	 1	 3.963545e+03	 8.038422e-02	 1.343494e+02	 8.074249e+02	 1.764445e+02	 
 5.324276e-04	 9.313409e-02	 8.603151e-01	 1.255279e-01	 8.746182e+04	 8.741279e+04	 4.902558e+01	 1	 3.963545e+03	 8.038422e-02	 1.343494e+02	 8.074249e+02	 1.764445e+02	 
 5.324276e-04	 9.313409e-02	 8.603151e-01	 1.255279e-01	 8.746182e+04	 8.741279e+04	 4.902558e+01	 1	 3.963545e+03	 8.038422e-02	 1.343494e+02	 8.074249e+02	 1.764445e+02	 
 5.324276e-04	 9.313409e-02	 8.603151e-01	 1.255279e-01	 8.746182e+04	 8.741279e+04	 4.902558e+01	 1	 3.963545e+03	 8.038422e-02	 1.343494e+02	 8.074249e+02	 1.764445e+02	 
 5.324276e-04	 9.313409e-02	 8.603151e-01	 1.255279e-01	 8.746182e+04	 8.741279e+04	 4.902558e+01	 1	 3.963545e+03	 8.038422e-02	 1.343494e+02	 8.074249e+02	 1.764445e+02	 
 5.324276e-04	 9.313409e-02	 8.603151e-01	 1.255279e-01	 8.746182e+04	 8.741279e+04	 4.902558e+01	 1	 3.963545e+03	 8.038422e-02	 1.343494e+02	 8.074249e+02	 1.764445e+02	 
 5.027664e-04	 1.033605e-01	 8.482499e-01	 1.265226e-01	 8.745761e+04	 8.741279e+04	 4.481814e+01	 1	 4.173387e+03	 7.949330e-02	 1.407129e+02	 9.329761e+02	 8.877435e+01	 
 5.027664e-04	 1.033605e-01	 8.482499e-01	 1.265226e-01	 8.745761e+04	 8.741279e+04	 4.481814e+01	 1	 4.173387e+03	 7.949330e-02	 1.407129e+02	 9.329761e+02	 8.877435e+01	 
 5.027664e-04	 1.033605e-01	 8.482499e-01	 1.265226e-01	 8.745761e+04	 8.741279e+04	 4.481814e+01	 1	 4.173387e+03	 7.949330e-02	 1.407129e+02	 9.329761e+02	 8.877435e+01	 
 5.027664e-04	 1.033605e-01	 8.482499e-01	 1.265226e-01	 8.745761e+04	 8.741279e+04	 4.481814e+01	 1	 4.173387e+03	 7.949330e-02	 1.407129e+02	 9.329761e+02	 8.877435e+01	 
 5.027664e-04	 1.033605e-01	 8.482499e-01	 1.265226e-01	 8.745761e+04	 8.741279e+04	 4.481814e+01	 1	 4.173387e+03	 7.949330e-02	 1.407129e+02	 9.329761e+02	 8.877435e+01	 
 5.027664e-04	 1.033605e-01	 8.482499e-01	 1.265226e-01	 8.745761e+04	 8.741279e+04	 4.481814e+01	 1	 4.173387e+03	 7.949330e-02	 1.407129e+02	 9.329761e+02	 8.877435e+01	 
 -9.566093e-04	 -1.681281e+00	 2.890315e+00	 -1.844730e-02	 4.912781e+04	 4.916497e+04	 3.716449e+01	 0	 4.980923e+04	 2.016377e-01	 6.309845e+00	 6.042660e+01	 1.677004e+02	 
 -9.566093e-04	 -1.681281e+00	 2.890315e+00	 -1.844730e-02	 4.912781e+04	 4.916497e+04	 3.716449e+01	 0	 4.980923e+04	 2.016377e-01	 6.309845e+00	 6.042660e+01	 1.677004e+02	 
 -9.566093e-04	 -1.681281e+00	 2.890315e+00	 -1.844730e-02	 4.912781e+04	 4.916497e+04	 3.716449e+01	 0	 4.980923e+04	 2.016377e-01	 6.309845e+00	 6.042660e+01	 1.677004e+02	 
 -9.566093e-04	 -1.681281e+00	 2.890315e+00	 -1.844730e-02	 4.912781e+04	 4.916497e+04	 3.716449e+01	 0	 4.980923e+04	 2.016377e-01	 6.309845e+00	 6.042660e+01	 1.677004e+02	 
 -9.566093e-04	 -1.681281e+00	 2.890315e+00	 -1.844730e-02	 4.912781e+04	 4.916497e+04	 3.716449e+01	 0	 4.980923e+04	 2.016377e-01	 6.309845e+00	 6.042660e+01	 1.677004e+02	 
 -9.566093e-04	 -1.681281e+00	 2.890315e+00	 -1.844730e-02	 4.912781e+04	 4.916497e+04	 3.716449e+01	 0	 4.980923e+04	 2.016377e-01	 6.309845e+00	 6.042660e+01	 1.677004e+02	 
 1.457268e-02	 4.933212e+00	 1.227417e+00	 -3.122228e+00	 1.405767e+05	 1.391272e+05	 1.449448e+03	 0	 3.667196e+03	 2.081642e+00	 4.586964e+02	 8.762134e+02	 9.776634e+02	 
 1.457268e-02	 4.933212e+00	 1.227417e+00	 -3.122228e+00	 1.405767e+05	 1.391272e+05	 1.449448e+03	 0	 3.667196e+03	 2.081642e+00	 4.586964e+02	 8.762134e+02	 9.776634e+02	 
 1.457268e-02	 4.933212e+00	 1.227417e+00	 -3.122228e+00	 1.405767e+05	 1.391272e+05	 1.449448e+03	 0	 3.667196e+03	 2.081642e+00	 4.586964e+02	 8.762134e+02	 9.776634e+02	 
 1.457268e-02	 4.933212e+00	 1.227417e+00	 -3.122228e+00	 1.405767e+05	 1.391272e+05	 1.449448e+03	 0	 3.667196e+03	 2.081642e+00	 4.586964e+02	 8.762134e+02	 9.776634e+02	 
 1.457268e-02	 4.933212e+00	 1.227417e+00	 -3.122228e+00	 1.405767e+05	 1.391272e+05	 1.449448e+03	 0	 3.667196e+03	 2.081642e+00	 4.586964e+02	 8.762134e+02	 9.776634e+02	 
 1.457268e-02	 4.933212e+00	 1.227417e+00	 -3.122228e+00	 1.405767e+05	 1.391272e+05	 1.449448e+03	 0	 3.667196e+03	 2.081642e+00	 4.586964e+02	 8.762134e+02	 9.776634e+02	 
 1.457268e-02	 4.933212e+00	 1.227417e+00	 -3.122228e+00	 1.405767e+05	 1.391272e+05	 1.449448e+03	 0	 3.667196e+03	 2.081642e+00	 4.586964e+02	 8.762134e+02	 9.776634e+02	 
 1.457268e-02	 4.933212e+00	 1.227417e+00	 -3.122228e+00	 1.405767e+05	 1.391272e+05	 1.449448e+03	 0	 3.667196e+03	 2.081642e+00	 4.586964e+02	 8.762134e+02	 9.776634e+02	 
 1.457268e-02	 4.933212e+00	 1.227417e+00	 -3.122228e+00	 1.405767e+05	 1.391272e+05	 1.449448e+03	 0	 3.667196e+03	 2.081642e+00	 4.586964e+02	 8.762134e+02	 9.776634e+02	 
 1.457268e-02	 4.933212e+00	 1.227417e+00	 -3.122228e+00	 1.405767e+05	 1.391272e+05	 1.449448e+03	 0	 3.667196e+03	 2.081642e+00	 4.586964e+02	 8.762134e+02	 9.776634e+02	 
 1.457268e-02	 4.933212e+00	 1.227417e+00	 -3.122228e+00	 1.405767e+05	 1.391272e+05	 1.449448e+03	 0	 3.667196e+03	 2.081642e+00	 4.586964e+02	 8.762134e+02	 9.776634e+02	 
 1.457268e-02	 4.933212e+00	 1.227417e+00	 -3.122228e+00	 1.405767e+05	 1.391272e+05	 1.449448e+03	 0	 3.667196e+03	 2.081642e+00	 4.586964e+02	 8.762134e+02	 9.776634e+02	 
 -9.566093e-04	 -1.681281e+00	 2.890315e+00	 -1.844730e-02	 4.912781e+04	 4.916497e+04	 3.716449e+01	 0	 4.980923e+04	 2.016377e-01	 6.309845e+00	 6.042660e+01	 1.677004e+02	 
 -9.566093e-04	 -1.681281e+00	 2.890315e+00	 -1.844730e-02	 4.912781e+04	 4.916497e+04	 3.716449e+01	 0	 4.980923e+04	 2.016377e-01	 6.309845e+00	 6.042660e+01	 1.677004e+02	 
 -9.566093e-04	 -1.681281e+00	 2.890315e+00	 -1.844730e-02	 4.912781e+04	 4.916497e+04	 3.716449e+01	 0	 4.980923e+04	 2.016377e-01	 6.309845e+00	 6.042660e+01	 1.677004e+02	 
 -9.566093e-04	 -1.681281e+00	 2.890315e+00	 -1.844730e-02	 4.912781e+04	 4.916497e+04	 3.716449e+01	 0	 4.980923e+04	 2.016377e-01	 6.309845e+00	 6.042660e+01	 1.677004e+02	 
 -9.566093e-04	 -1.681281e+00	 2.890315e+00	 -1.844730e-02	 4.912781e+04	 4.916497e+04	 3.716449e+01	 0	 4.980923e+04	 2.016377e-01	 6.309845e+00	 6.042660e+01	 1.677004e+02	 
 -9.566093e-04	 -1.681281e+00	 2.890315e+00	 -1.844730e-02	 4.912781e+04	 4.916497e+04	 3.716449e+01	 0	 4.980923e+04	 2.016377e-01	 6.309845e+00	 6.042660e+01	 1.677004e+02	 
 -9.566093e-04	 -1.681281e+00	 2.890315e+00	 -1.844730e-02	 4.912781e+04	 4.916497e+04	 3.716449e+01	 0	 4.980923e+04	 2.016377e-01	 6.309845e+00	 6.042660e+01	 1.677004e+02	 
 -9.566093e-04	 -1.681281e+00	 2.890315e+00	 -1.844730e-02	 4.912781e+04	 4.916497e+04	 3.716449e+01	 0	 4.980923e+04	 2.016377e-01	 6.309845e+00	 6.042660e+01	 1.677004e+02	 
 -9.566093e-04	 -1.681281e+00	 2.890315e+00	 -1.844730e-02	 4.912781e+04	 4.916497e+04	 3.716449e+01	 0	 4.980923e+04	 2.016377e-01	 6.309845e+00	 6.042660e+01	 1.677004e+02	 
 -9.566093e-04	 -1.681281e+00	 2.890315e+00	 -1.844730e-02	 4.912781e+04	 4.916497e+04	 3.716449e+01	 0	 4.980923e+04	 2.016377e-01	 6.309845e+00	 6.042660e+01	 1.677004e+02	 
 -9.566093e-04	 -1.681281e+00	 2.890315e+00	 -1.844730e-02	 4.912781e+04	 4.916497e+04	 3.716449e+01	 0	 4.980923e+04	 2.016377e-01	 6.309845e+00	 6.042660e+01	 1.677004e+02	 
 -9.566093e-04	 -1.681281e+00	 2.890315e+00	 -1.844730e-02	 4.912781e+04	 4.916497e+04	 3.716449e+01	 0	 4.980923e+04	 2.016377e-01	 6.309845e+00	 6.042660e+01	 1.677004e+02	 
 -9.566093e-04	 -1.681281e+00	 2.890315e+00	 -1.844730e-02	 4.912781e+04	 4.916497e+04	 3.716449e+01	 0	 4.980923e+04	 2.016377e-01	 6.309845e+00	 6.042660e+01	 1.677004e+02	 
 -9.566093e-04	 -1.681281e+00	 2.890315e+00	 -1.844730e-02	 4.912781e+04	 4.916497e+04	 3.716449e+01	 0	 4.980923e+04	 2.016377e-01	 6.309845e+00	 6.042660e+01	 1.677004e+02	 
 -9.566093e-04	 -1.681281e+00	 2.890315e+00	 -1.844730e-02	 4.912781e+04	 4.916497e+04	 3.716449e+01	 0	 4.980923e+04	 2.016377e-01	 6.309845e+00	 6.042660e+01	 1.677004e+02	 
 -9.566093e-04	 -1.681281e+00	 2.890315e+00	 -1.844730e-02	 4.912781e+04	 4.916497e+04	 3.716449e+01	 0	 4.980923e+04	 2.016377e-01	 6.309845e+00	 6.042660e+01	 1.677004e+02	 
 -9.566093e-04	 -1.681281e+00	 2.890315e+00	 -1.844730e-02	 4.912781e+04	 4.916497e+04	 3.716449e+01	 0	 4.980923e+04	 2.016377e-01	 6.309845e+00	 6.042660e+01	 1.677004e+02	 
 -9.566093e-04	 -1.681281e+00	 2.890315e+00	 -1.844730e-02	 4.912781e+04	 4.916497e+04	 3.716449e+01	 0	 4.980923e+04	 2.016377e-01	 6.309845e+00	 6.042660e+01	 1.677004e+02	 
 