Condicionamento
4.430303e+03	 1	 0	 
 1.704079e+04	 1	 0	 
 6.236135e+03	 1	 0	 
 7.483739e+03	 1	 0	 
 4.182012e+03	 1	 0	 
 3.277404e+04	 1	 0	 
 7.663759e+03	 1	 0	 
 5.792197e+03	 1	 0	 
 6.750672e+03	 1	 0	 
 1.728730e+04	 1	 0	 
 1.728730e+04	 1	 1	 
 1.704079e+04	 1	 2	 
 1.704079e+04	 1	 3	 
 1.728730e+04	 2	 1	 
 5.792197e+03	 2	 2	 
 5.792197e+03	 2	 3	 
 1.728730e+04	 3	 1	 
 1.728730e+04	 3	 2	 
 1.728730e+04	 3	 3	 
 1.728730e+04	 4	 1	 
 5.792197e+03	 4	 2	 
 5.792197e+03	 4	 3	 
 1.728730e+04	 5	 1	 
 6.750672e+03	 5	 2	 
 6.750672e+03	 5	 3	 
 1.728730e+04	 6	 1	 
 5.792197e+03	 6	 2	 
 5.792197e+03	 6	 3	 
 1.728730e+04	 7	 1	 
 6.236135e+03	 7	 2	 
 6.236135e+03	 7	 3	 
 1.728730e+04	 8	 1	 
 4.182012e+03	 8	 2	 
 4.182012e+03	 8	 3	 
 1.728730e+04	 9	 1	 
 1.704079e+04	 9	 2	 
 1.704079e+04	 9	 3	 
 1.728730e+04	 10	 1	 
 7.483739e+03	 10	 2	 
 7.483739e+03	 10	 3	 
 