s	 e	 integralPartic	 alturaRetang	 metadePartic	 maximaPartic	 minimoPArtic	 alturaPartic	 p	 comparativoMet
87	 104	 4.473545e+03	 2.485303e+02	 4.142296e+02	 8.283559e+02	 1.032258e-01	 5.999820e-01	 0	 1.666717e+00	 
 60	 104	 2.619595e+04	 5.821322e+02	 4.142296e+02	 8.283559e+02	 1.032258e-01	 1.374052e+00	 1	 7.115730e-01	 
 60	 117	 4.296520e+04	 7.407793e+02	 4.142296e+02	 8.283559e+02	 1.032258e-01	 1.788330e+00	 1	 5.591808e-01	 
 69	 113	 2.246043e+04	 4.991208e+02	 4.142296e+02	 8.283559e+02	 1.032258e-01	 1.204938e+00	 1	 8.299186e-01	 
 60	 117	 4.296520e+04	 7.407793e+02	 4.142296e+02	 8.283559e+02	 1.032258e-01	 1.788330e+00	 1	 5.591808e-01	 
 86	 111	 1.211213e+04	 4.658513e+02	 4.142296e+02	 8.283559e+02	 1.032258e-01	 1.124621e+00	 1	 8.891884e-01	 
 60	 117	 4.296520e+04	 7.407793e+02	 4.142296e+02	 8.283559e+02	 1.032258e-01	 1.788330e+00	 1	 5.591808e-01	 
 97	 106	 2.144692e+03	 2.144692e+02	 4.142296e+02	 8.283559e+02	 1.032258e-01	 4.872359e-01	 0	 1.931417e+00	 
 87	 104	 4.473545e+03	 2.485303e+02	 4.142296e+02	 8.283559e+02	 1.032258e-01	 5.999820e-01	 0	 1.666717e+00	 
 73	 82	 2.942122e+03	 2.942122e+02	 4.142296e+02	 8.283559e+02	 1.032258e-01	 5.709561e-01	 0	 1.407928e+00	 
 