Condicionamento
1.134365e+05	 1	 0	 
 5.902102e+04	 1	 0	 
 2.492417e+05	 1	 0	 
 1.754636e+06	 1	 0	 
 4.067297e+04	 1	 0	 
 7.016749e+04	 1	 0	 
 7.204452e+04	 1	 0	 
 3.848525e+05	 1	 0	 
 5.297662e+04	 1	 0	 
 1.487618e+06	 1	 0	 
 1.487618e+06	 1	 1	 
 1.487618e+06	 1	 2	 
 1.487618e+06	 1	 3	 
 1.487618e+06	 2	 1	 
 5.902102e+04	 2	 2	 
 5.902102e+04	 2	 3	 
 1.487618e+06	 3	 1	 
 1.487618e+06	 3	 2	 
 1.487618e+06	 3	 3	 
 1.487618e+06	 4	 1	 
 3.848525e+05	 4	 2	 
 3.848525e+05	 4	 3	 
 1.487618e+06	 5	 1	 
 7.016749e+04	 5	 2	 
 7.016749e+04	 5	 3	 
 1.487618e+06	 6	 1	 
 3.848525e+05	 6	 2	 
 3.848525e+05	 6	 3	 
 1.487618e+06	 7	 1	 
 7.016749e+04	 7	 2	 
 7.016749e+04	 7	 3	 
 1.487618e+06	 8	 1	 
 1.487618e+06	 8	 2	 
 1.487618e+06	 8	 3	 
 1.487618e+06	 9	 1	 
 2.492417e+05	 9	 2	 
 2.492417e+05	 9	 3	 
 1.487618e+06	 10	 1	 
 7.204452e+04	 10	 2	 
 7.204452e+04	 10	 3	 
 