s	 e	 integralPartic	 alturaRetang	 metadePartic	 maximaPartic	 minimoPArtic	 alturaPartic	 p	 comparativoMet
60	 72	 1.422192e+03	 1.093994e+02	 2.101009e+02	 4.201390e+02	 6.285714e-02	 5.206993e-01	 0	 1.920494e+00	 
 74	 116	 3.269257e+00	 7.602924e-02	 2.101009e+02	 4.201390e+02	 6.285714e-02	 7.766288e-01	 0	 2.763423e+03	 
 60	 72	 1.422192e+03	 1.093994e+02	 2.101009e+02	 4.201390e+02	 6.285714e-02	 5.206993e-01	 0	 1.920494e+00	 
 62	 97	 1.245471e+03	 3.459642e+01	 2.101009e+02	 4.201390e+02	 6.285714e-02	 1.646657e-01	 0	 6.072909e+00	 
 67	 80	 5.832765e+03	 4.166261e+02	 2.101009e+02	 4.201390e+02	 6.285714e-02	 1.982101e+00	 1	 5.042914e-01	 
 62	 97	 1.245471e+03	 3.459642e+01	 2.101009e+02	 4.201390e+02	 6.285714e-02	 1.646657e-01	 0	 6.072909e+00	 
 67	 80	 5.832765e+03	 4.166261e+02	 2.101009e+02	 4.201390e+02	 6.285714e-02	 1.982101e+00	 1	 5.042914e-01	 
 60	 72	 1.422192e+03	 1.093994e+02	 2.101009e+02	 4.201390e+02	 6.285714e-02	 5.206993e-01	 0	 1.920494e+00	 
 76	 109	 1.281457e+04	 3.768993e+02	 2.101009e+02	 4.201390e+02	 6.285714e-02	 1.869764e+00	 1	 5.574458e-01	 
 69	 81	 2.117510e+03	 1.628854e+02	 2.101009e+02	 4.201390e+02	 6.285714e-02	 7.752720e-01	 0	 1.289870e+00	 
 