s	 e	 nS	 nE	 p	 f
0	 0	 0	 0	 0	 0	 
 82	 118	 1860	 121	 0	 -1739	 
 82	 118	 1860	 124	 0	 -1736	 
 82	 118	 1860	 120	 0	 -1740	 
 82	 118	 1860	 129	 0	 -1731	 
 82	 118	 1860	 119	 0	 -1741	 
 82	 118	 1860	 134	 0	 -1726	 
 82	 118	 1860	 123	 0	 -1737	 
 82	 118	 1860	 125	 0	 -1735	 
 82	 118	 1860	 125	 0	 -1735	 
 82	 118	 1860	 135	 0	 -1725	 
 82	 118	 1860	 123	 0	 -1737	 
 82	 118	 1860	 128	 0	 -1732	 
 82	 118	 1860	 129	 0	 -1731	 
 82	 118	 1860	 135	 0	 -1725	 
 82	 118	 1860	 119	 0	 -1741	 
 82	 118	 1860	 132	 0	 -1728	 
 82	 118	 1860	 119	 0	 -1741	 
 82	 118	 1860	 136	 0	 -1724	 
 82	 118	 1860	 124	 0	 -1736	 
 82	 118	 1860	 136	 0	 -1724	 
 82	 118	 1860	 127	 0	 -1733	 
 82	 118	 1860	 127	 0	 -1733	 
 82	 118	 1860	 133	 0	 -1727	 
 82	 118	 1860	 120	 0	 -1740	 
 82	 118	 1860	 121	 0	 -1739	 
 82	 118	 1860	 126	 0	 -1734	 
 82	 118	 1860	 127	 0	 -1733	 
 82	 118	 1860	 132	 0	 -1728	 
 82	 118	 1860	 125	 0	 -1735	 
 82	 118	 1860	 136	 0	 -1724	 
 82	 118	 1860	 123	 0	 -1737	 
 82	 118	 1860	 136	 0	 -1724	 
 82	 118	 1860	 136	 0	 -1724	 
 82	 118	 1860	 128	 0	 -1732	 
 82	 118	 1860	 124	 0	 -1736	 
 82	 118	 1860	 131	 0	 -1729	 
 82	 118	 1860	 122	 0	 -1738	 
 82	 118	 1860	 127	 0	 -1733	 
 82	 118	 1860	 121	 0	 -1739	 
 82	 118	 1860	 122	 0	 -1738	 
 82	 118	 1860	 131	 0	 -1729	 
 82	 118	 1860	 134	 0	 -1726	 
 82	 118	 1860	 133	 0	 -1727	 
 82	 118	 1860	 127	 0	 -1733	 
 82	 118	 1860	 122	 0	 -1738	 
 82	 118	 1860	 135	 0	 -1725	 
 82	 118	 1860	 122	 0	 -1738	 
 82	 118	 1860	 124	 0	 -1736	 
 82	 118	 1860	 127	 0	 -1733	 
 82	 118	 1860	 136	 0	 -1724	 
 82	 118	 1860	 127	 0	 -1733	 
 82	 118	 1860	 122	 0	 -1738	 
 82	 118	 1860	 136	 0	 -1724	 
 82	 118	 1860	 119	 0	 -1741	 
 82	 118	 1860	 123	 0	 -1737	 
 82	 118	 1860	 119	 0	 -1741	 
 82	 118	 1860	 130	 0	 -1730	 
 82	 118	 1860	 123	 0	 -1737	 
 82	 118	 1860	 135	 0	 -1725	 
 82	 118	 1860	 119	 0	 -1741	 
 82	 118	 1860	 131	 0	 -1729	 
 82	 118	 1860	 126	 0	 -1734	 
 82	 118	 1860	 122	 0	 -1738	 
 82	 118	 1860	 126	 0	 -1734	 
 82	 118	 1860	 120	 0	 -1740	 
 82	 118	 1860	 126	 0	 -1734	 
 82	 118	 1860	 124	 0	 -1736	 
 82	 118	 1860	 132	 0	 -1728	 
 82	 118	 1860	 132	 0	 -1728	 
 82	 118	 1860	 126	 0	 -1734	 
 82	 118	 1860	 124	 0	 -1736	 
 82	 118	 1860	 134	 0	 -1726	 
 82	 118	 1860	 132	 0	 -1728	 
 82	 118	 1860	 136	 0	 -1724	 
 82	 118	 1860	 133	 0	 -1727	 
 82	 118	 1860	 125	 0	 -1735	 
 82	 118	 1860	 124	 0	 -1736	 
 82	 118	 1860	 132	 0	 -1728	 
 82	 118	 1860	 120	 0	 -1740	 
 82	 118	 1860	 120	 0	 -1740	 
 82	 118	 1860	 124	 0	 -1736	 
 82	 118	 1860	 128	 0	 -1732	 
 82	 118	 1860	 123	 0	 -1737	 
 82	 118	 1860	 119	 0	 -1741	 
 82	 118	 1860	 125	 0	 -1735	 
 82	 118	 1860	 128	 0	 -1732	 
 82	 118	 1860	 128	 0	 -1732	 
 82	 118	 1860	 130	 0	 -1730	 
 82	 118	 1860	 131	 0	 -1729	 
 82	 118	 1860	 123	 0	 -1737	 
 82	 118	 1860	 132	 0	 -1728	 
 82	 118	 1860	 127	 0	 -1733	 
 82	 118	 1860	 120	 0	 -1740	 
 82	 118	 1860	 127	 0	 -1733	 
 82	 118	 1860	 136	 0	 -1724	 
 82	 118	 1860	 124	 0	 -1736	 
 82	 118	 1860	 126	 0	 -1734	 
 82	 118	 1860	 119	 0	 -1741	 
 82	 118	 1860	 133	 0	 -1727	 
 0	 0	 0	 0	 0	 0	 
 0	 0	 0	 0	 0	 0	 
 73	 104	 1860	 107	 0	 -1753	 
 73	 104	 1860	 108	 0	 -1752	 
 73	 104	 1860	 112	 0	 -1748	 
 73	 104	 1860	 120	 0	 -1740	 
 73	 104	 1860	 118	 0	 -1742	 
 73	 104	 1860	 107	 0	 -1753	 
 73	 104	 1860	 114	 0	 -1746	 
 73	 104	 1860	 118	 0	 -1742	 
 73	 104	 1860	 112	 0	 -1748	 
 73	 104	 1860	 114	 0	 -1746	 
 73	 104	 1860	 117	 0	 -1743	 
 73	 104	 1860	 106	 0	 -1754	 
 73	 104	 1860	 112	 0	 -1748	 
 73	 104	 1860	 110	 0	 -1750	 
 73	 104	 1860	 105	 0	 -1755	 
 73	 104	 1860	 120	 0	 -1740	 
 73	 104	 1860	 109	 0	 -1751	 
 73	 104	 1860	 105	 0	 -1755	 
 73	 104	 1860	 108	 0	 -1752	 
 73	 104	 1860	 112	 0	 -1748	 
 73	 104	 1860	 114	 0	 -1746	 
 73	 104	 1860	 106	 0	 -1754	 
 73	 104	 1860	 105	 0	 -1755	 
 73	 104	 1860	 105	 0	 -1755	 
 73	 104	 1860	 120	 0	 -1740	 
 73	 104	 1860	 112	 0	 -1748	 
 73	 104	 1860	 120	 0	 -1740	 
 73	 104	 1860	 109	 0	 -1751	 
 73	 104	 1860	 110	 0	 -1750	 
 73	 104	 1860	 108	 0	 -1752	 
 73	 104	 1860	 118	 0	 -1742	 
 73	 104	 1860	 117	 0	 -1743	 
 73	 104	 1860	 109	 0	 -1751	 
 73	 104	 1860	 112	 0	 -1748	 
 73	 104	 1860	 108	 0	 -1752	 
 73	 104	 1860	 116	 0	 -1744	 
 73	 104	 1860	 115	 0	 -1745	 
 73	 104	 1860	 109	 0	 -1751	 
 73	 104	 1860	 120	 0	 -1740	 
 73	 104	 1860	 119	 0	 -1741	 
 73	 104	 1860	 118	 0	 -1742	 
 73	 104	 1860	 105	 0	 -1755	 
 73	 104	 1860	 112	 0	 -1748	 
 73	 104	 1860	 112	 0	 -1748	 
 73	 104	 1860	 117	 0	 -1743	 
 73	 104	 1860	 116	 0	 -1744	 
 73	 104	 1860	 117	 0	 -1743	 
 73	 104	 1860	 116	 0	 -1744	 
 73	 104	 1860	 115	 0	 -1745	 
 73	 104	 1860	 109	 0	 -1751	 
 73	 104	 1860	 113	 0	 -1747	 
 73	 104	 1860	 113	 0	 -1747	 
 73	 104	 1860	 113	 0	 -1747	 
 73	 104	 1860	 110	 0	 -1750	 
 73	 104	 1860	 106	 0	 -1754	 
 73	 104	 1860	 114	 0	 -1746	 
 73	 104	 1860	 112	 0	 -1748	 
 73	 104	 1860	 116	 0	 -1744	 
 73	 104	 1860	 107	 0	 -1753	 
 73	 104	 1860	 120	 0	 -1740	 
 73	 104	 1860	 114	 0	 -1746	 
 73	 104	 1860	 111	 0	 -1749	 
 73	 104	 1860	 119	 0	 -1741	 
 73	 104	 1860	 106	 0	 -1754	 
 73	 104	 1860	 120	 0	 -1740	 
 73	 104	 1860	 115	 0	 -1745	 
 73	 104	 1860	 108	 0	 -1752	 
 73	 104	 1860	 109	 0	 -1751	 
 73	 104	 1860	 111	 0	 -1749	 
 73	 104	 1860	 120	 0	 -1740	 
 73	 104	 1860	 106	 0	 -1754	 
 73	 104	 1860	 109	 0	 -1751	 
 73	 104	 1860	 113	 0	 -1747	 
 73	 104	 1860	 110	 0	 -1750	 
 73	 104	 1860	 110	 0	 -1750	 
 73	 104	 1860	 110	 0	 -1750	 
 73	 104	 1860	 106	 0	 -1754	 
 73	 104	 1860	 116	 0	 -1744	 
 73	 104	 1860	 119	 0	 -1741	 
 73	 104	 1860	 105	 0	 -1755	 
 73	 104	 1860	 120	 0	 -1740	 
 73	 104	 1860	 113	 0	 -1747	 
 73	 104	 1860	 108	 0	 -1752	 
 73	 104	 1860	 116	 0	 -1744	 
 73	 104	 1860	 110	 0	 -1750	 
 73	 104	 1860	 119	 0	 -1741	 
 73	 104	 1860	 115	 0	 -1745	 
 73	 104	 1860	 115	 0	 -1745	 
 73	 104	 1860	 108	 0	 -1752	 
 73	 104	 1860	 106	 0	 -1754	 
 73	 104	 1860	 107	 0	 -1753	 
 73	 104	 1860	 117	 0	 -1743	 
 73	 104	 1860	 118	 0	 -1742	 
 73	 104	 1860	 113	 0	 -1747	 
 73	 104	 1860	 116	 0	 -1744	 
 73	 104	 1860	 108	 0	 -1752	 
 73	 104	 1860	 112	 0	 -1748	 
 73	 104	 1860	 118	 0	 -1742	 
 73	 104	 1860	 114	 0	 -1746	 
 0	 0	 0	 0	 0	 0	 
 0	 0	 0	 0	 0	 0	 
 82	 118	 1860	 124	 0	 -1736	 
 82	 118	 1860	 119	 0	 -1741	 
 82	 118	 1860	 124	 0	 -1736	 
 82	 118	 1860	 125	 0	 -1735	 
 82	 118	 1860	 134	 0	 -1726	 
 82	 118	 1860	 130	 0	 -1730	 
 82	 118	 1860	 129	 0	 -1731	 
 82	 118	 1860	 126	 0	 -1734	 
 82	 118	 1860	 126	 0	 -1734	 
 82	 118	 1860	 131	 0	 -1729	 
 82	 118	 1860	 124	 0	 -1736	 
 82	 118	 1860	 129	 0	 -1731	 
 82	 118	 1860	 132	 0	 -1728	 
 82	 118	 1860	 137	 0	 -1723	 
 82	 118	 1860	 121	 0	 -1739	 
 82	 118	 1860	 126	 0	 -1734	 
 82	 118	 1860	 127	 0	 -1733	 
 82	 118	 1860	 136	 0	 -1724	 
 82	 118	 1860	 123	 0	 -1737	 
 82	 118	 1860	 135	 0	 -1725	 
 82	 118	 1860	 121	 0	 -1739	 
 82	 118	 1860	 135	 0	 -1725	 
 82	 118	 1860	 123	 0	 -1737	 
 82	 118	 1860	 133	 0	 -1727	 
 82	 118	 1860	 122	 0	 -1738	 
 82	 118	 1860	 130	 0	 -1730	 
 82	 118	 1860	 131	 0	 -1729	 
 82	 118	 1860	 136	 0	 -1724	 
 82	 118	 1860	 137	 0	 -1723	 
 82	 118	 1860	 119	 0	 -1741	 
 82	 118	 1860	 127	 0	 -1733	 
 82	 118	 1860	 135	 0	 -1725	 
 82	 118	 1860	 135	 0	 -1725	 
 82	 118	 1860	 126	 0	 -1734	 
 82	 118	 1860	 123	 0	 -1737	 
 82	 118	 1860	 130	 0	 -1730	 
 82	 118	 1860	 125	 0	 -1735	 
 82	 118	 1860	 126	 0	 -1734	 
 82	 118	 1860	 128	 0	 -1732	 
 82	 118	 1860	 123	 0	 -1737	 
 82	 118	 1860	 129	 0	 -1731	 
 82	 118	 1860	 121	 0	 -1739	 
 82	 118	 1860	 128	 0	 -1732	 
 82	 118	 1860	 129	 0	 -1731	 
 82	 118	 1860	 126	 0	 -1734	 
 82	 118	 1860	 126	 0	 -1734	 
 82	 118	 1860	 136	 0	 -1724	 
 82	 118	 1860	 131	 0	 -1729	 
 82	 118	 1860	 127	 0	 -1733	 
 82	 118	 1860	 128	 0	 -1732	 
 82	 118	 1860	 120	 0	 -1740	 
 82	 118	 1860	 131	 0	 -1729	 
 82	 118	 1860	 137	 0	 -1723	 
 82	 118	 1860	 126	 0	 -1734	 
 82	 118	 1860	 136	 0	 -1724	 
 82	 118	 1860	 125	 0	 -1735	 
 82	 118	 1860	 126	 0	 -1734	 
 82	 118	 1860	 130	 0	 -1730	 
 82	 118	 1860	 126	 0	 -1734	 
 82	 118	 1860	 137	 0	 -1723	 
 82	 118	 1860	 133	 0	 -1727	 
 82	 118	 1860	 131	 0	 -1729	 
 82	 118	 1860	 133	 0	 -1727	 
 82	 118	 1860	 135	 0	 -1725	 
 82	 118	 1860	 129	 0	 -1731	 
 82	 118	 1860	 131	 0	 -1729	 
 82	 118	 1860	 129	 0	 -1731	 
 82	 118	 1860	 130	 0	 -1730	 
 82	 118	 1860	 129	 0	 -1731	 
 82	 118	 1860	 129	 0	 -1731	 
 82	 118	 1860	 125	 0	 -1735	 
 82	 118	 1860	 136	 0	 -1724	 
 82	 118	 1860	 119	 0	 -1741	 
 82	 118	 1860	 120	 0	 -1740	 
 82	 118	 1860	 126	 0	 -1734	 
 82	 118	 1860	 125	 0	 -1735	 
 82	 118	 1860	 119	 0	 -1741	 
 82	 118	 1860	 125	 0	 -1735	 
 82	 118	 1860	 121	 0	 -1739	 
 82	 118	 1860	 128	 0	 -1732	 
 82	 118	 1860	 136	 0	 -1724	 
 82	 118	 1860	 125	 0	 -1735	 
 82	 118	 1860	 121	 0	 -1739	 
 82	 118	 1860	 135	 0	 -1725	 
 82	 118	 1860	 136	 0	 -1724	 
 82	 118	 1860	 132	 0	 -1728	 
 82	 118	 1860	 133	 0	 -1727	 
 82	 118	 1860	 135	 0	 -1725	 
 82	 118	 1860	 128	 0	 -1732	 
 82	 118	 1860	 123	 0	 -1737	 
 82	 118	 1860	 122	 0	 -1738	 
 82	 118	 1860	 126	 0	 -1734	 
 82	 118	 1860	 127	 0	 -1733	 
 82	 118	 1860	 123	 0	 -1737	 
 82	 118	 1860	 124	 0	 -1736	 
 82	 118	 1860	 128	 0	 -1732	 
 82	 118	 1860	 124	 0	 -1736	 
 82	 118	 1860	 121	 0	 -1739	 
 82	 118	 1860	 120	 0	 -1740	 
 0	 0	 0	 0	 0	 0	 
 0	 0	 0	 0	 0	 0	 
 82	 118	 1860	 121	 0	 -1739	 
 82	 118	 1860	 122	 0	 -1738	 
 82	 118	 1860	 127	 0	 -1733	 
 82	 118	 1860	 122	 0	 -1738	 
 82	 118	 1860	 130	 0	 -1730	 
 82	 118	 1860	 133	 0	 -1727	 
 82	 118	 1860	 134	 0	 -1726	 
 82	 118	 1860	 131	 0	 -1729	 
 82	 118	 1860	 137	 0	 -1723	 
 82	 118	 1860	 133	 0	 -1727	 
 82	 118	 1860	 125	 0	 -1735	 
 82	 118	 1860	 134	 0	 -1726	 
 82	 118	 1860	 131	 0	 -1729	 
 82	 118	 1860	 135	 0	 -1725	 
 82	 118	 1860	 131	 0	 -1729	 
 82	 118	 1860	 119	 0	 -1741	 
 82	 118	 1860	 136	 0	 -1724	 
 82	 118	 1860	 133	 0	 -1727	 
 82	 118	 1860	 123	 0	 -1737	 
 82	 118	 1860	 127	 0	 -1733	 
 82	 118	 1860	 119	 0	 -1741	 
 82	 118	 1860	 131	 0	 -1729	 
 82	 118	 1860	 137	 0	 -1723	 
 82	 118	 1860	 131	 0	 -1729	 
 82	 118	 1860	 123	 0	 -1737	 
 82	 118	 1860	 136	 0	 -1724	 
 82	 118	 1860	 131	 0	 -1729	 
 82	 118	 1860	 136	 0	 -1724	 
 82	 118	 1860	 126	 0	 -1734	 
 82	 118	 1860	 134	 0	 -1726	 
 82	 118	 1860	 123	 0	 -1737	 
 82	 118	 1860	 119	 0	 -1741	 
 82	 118	 1860	 130	 0	 -1730	 
 82	 118	 1860	 132	 0	 -1728	 
 82	 118	 1860	 124	 0	 -1736	 
 82	 118	 1860	 120	 0	 -1740	 
 82	 118	 1860	 123	 0	 -1737	 
 82	 118	 1860	 119	 0	 -1741	 
 82	 118	 1860	 131	 0	 -1729	 
 82	 118	 1860	 134	 0	 -1726	 
 82	 118	 1860	 133	 0	 -1727	 
 82	 118	 1860	 123	 0	 -1737	 
 82	 118	 1860	 123	 0	 -1737	 
 82	 118	 1860	 126	 0	 -1734	 
 82	 118	 1860	 127	 0	 -1733	 
 82	 118	 1860	 129	 0	 -1731	 
 82	 118	 1860	 131	 0	 -1729	 
 82	 118	 1860	 128	 0	 -1732	 
 82	 118	 1860	 133	 0	 -1727	 
 82	 118	 1860	 124	 0	 -1736	 
 82	 118	 1860	 131	 0	 -1729	 
 82	 118	 1860	 124	 0	 -1736	 
 82	 118	 1860	 121	 0	 -1739	 
 82	 118	 1860	 128	 0	 -1732	 
 82	 118	 1860	 134	 0	 -1726	 
 82	 118	 1860	 124	 0	 -1736	 
 82	 118	 1860	 134	 0	 -1726	 
 82	 118	 1860	 133	 0	 -1727	 
 82	 118	 1860	 125	 0	 -1735	 
 82	 118	 1860	 129	 0	 -1731	 
 82	 118	 1860	 124	 0	 -1736	 
 82	 118	 1860	 122	 0	 -1738	 
 82	 118	 1860	 119	 0	 -1741	 
 82	 118	 1860	 132	 0	 -1728	 
 82	 118	 1860	 124	 0	 -1736	 
 82	 118	 1860	 125	 0	 -1735	 
 82	 118	 1860	 120	 0	 -1740	 
 82	 118	 1860	 128	 0	 -1732	 
 82	 118	 1860	 136	 0	 -1724	 
 82	 118	 1860	 120	 0	 -1740	 
 82	 118	 1860	 133	 0	 -1727	 
 82	 118	 1860	 125	 0	 -1735	 
 82	 118	 1860	 125	 0	 -1735	 
 82	 118	 1860	 136	 0	 -1724	 
 82	 118	 1860	 137	 0	 -1723	 
 82	 118	 1860	 126	 0	 -1734	 
 82	 118	 1860	 133	 0	 -1727	 
 82	 118	 1860	 120	 0	 -1740	 
 82	 118	 1860	 119	 0	 -1741	 
 82	 118	 1860	 119	 0	 -1741	 
 82	 118	 1860	 134	 0	 -1726	 
 82	 118	 1860	 137	 0	 -1723	 
 82	 118	 1860	 132	 0	 -1728	 
 82	 118	 1860	 137	 0	 -1723	 
 82	 118	 1860	 126	 0	 -1734	 
 82	 118	 1860	 119	 0	 -1741	 
 82	 118	 1860	 129	 0	 -1731	 
 82	 118	 1860	 120	 0	 -1740	 
 82	 118	 1860	 135	 0	 -1725	 
 82	 118	 1860	 129	 0	 -1731	 
 82	 118	 1860	 129	 0	 -1731	 
 82	 118	 1860	 129	 0	 -1731	 
 82	 118	 1860	 134	 0	 -1726	 
 82	 118	 1860	 134	 0	 -1726	 
 82	 118	 1860	 132	 0	 -1728	 
 82	 118	 1860	 131	 0	 -1729	 
 82	 118	 1860	 128	 0	 -1732	 
 82	 118	 1860	 126	 0	 -1734	 
 82	 118	 1860	 135	 0	 -1725	 
 0	 0	 0	 0	 0	 0	 
 0	 0	 0	 0	 0	 0	 
 82	 118	 1860	 122	 0	 -1738	 
 82	 118	 1860	 126	 0	 -1734	 
 82	 118	 1860	 136	 0	 -1724	 
 82	 118	 1860	 132	 0	 -1728	 
 82	 118	 1860	 135	 0	 -1725	 
 82	 118	 1860	 121	 0	 -1739	 
 82	 118	 1860	 130	 0	 -1730	 
 82	 118	 1860	 127	 0	 -1733	 
 82	 118	 1860	 122	 0	 -1738	 
 82	 118	 1860	 131	 0	 -1729	 
 82	 118	 1860	 122	 0	 -1738	 
 82	 118	 1860	 137	 0	 -1723	 
 82	 118	 1860	 133	 0	 -1727	 
 82	 118	 1860	 135	 0	 -1725	 
 82	 118	 1860	 134	 0	 -1726	 
 82	 118	 1860	 128	 0	 -1732	 
 82	 118	 1860	 120	 0	 -1740	 
 82	 118	 1860	 132	 0	 -1728	 
 82	 118	 1860	 123	 0	 -1737	 
 82	 118	 1860	 135	 0	 -1725	 
 82	 118	 1860	 135	 0	 -1725	 
 82	 118	 1860	 124	 0	 -1736	 
 82	 118	 1860	 120	 0	 -1740	 
 82	 118	 1860	 136	 0	 -1724	 
 82	 118	 1860	 126	 0	 -1734	 
 82	 118	 1860	 122	 0	 -1738	 
 82	 118	 1860	 136	 0	 -1724	 
 82	 118	 1860	 121	 0	 -1739	 
 82	 118	 1860	 135	 0	 -1725	 
 82	 118	 1860	 126	 0	 -1734	 
 82	 118	 1860	 134	 0	 -1726	 
 82	 118	 1860	 136	 0	 -1724	 
 82	 118	 1860	 125	 0	 -1735	 
 82	 118	 1860	 127	 0	 -1733	 
 82	 118	 1860	 127	 0	 -1733	 
 82	 118	 1860	 135	 0	 -1725	 
 82	 118	 1860	 133	 0	 -1727	 
 82	 118	 1860	 120	 0	 -1740	 
 82	 118	 1860	 132	 0	 -1728	 
 82	 118	 1860	 125	 0	 -1735	 
 82	 118	 1860	 127	 0	 -1733	 
 82	 118	 1860	 137	 0	 -1723	 
 82	 118	 1860	 137	 0	 -1723	 
 82	 118	 1860	 134	 0	 -1726	 
 82	 118	 1860	 127	 0	 -1733	 
 82	 118	 1860	 135	 0	 -1725	 
 82	 118	 1860	 119	 0	 -1741	 
 82	 118	 1860	 122	 0	 -1738	 
 82	 118	 1860	 123	 0	 -1737	 
 82	 118	 1860	 137	 0	 -1723	 
 82	 118	 1860	 124	 0	 -1736	 
 82	 118	 1860	 122	 0	 -1738	 
 82	 118	 1860	 132	 0	 -1728	 
 82	 118	 1860	 121	 0	 -1739	 
 82	 118	 1860	 122	 0	 -1738	 
 82	 118	 1860	 131	 0	 -1729	 
 82	 118	 1860	 134	 0	 -1726	 
 82	 118	 1860	 133	 0	 -1727	 
 82	 118	 1860	 133	 0	 -1727	 
 82	 118	 1860	 130	 0	 -1730	 
 82	 118	 1860	 136	 0	 -1724	 
 82	 118	 1860	 131	 0	 -1729	 
 82	 118	 1860	 127	 0	 -1733	 
 82	 118	 1860	 131	 0	 -1729	 
 82	 118	 1860	 126	 0	 -1734	 
 82	 118	 1860	 127	 0	 -1733	 
 82	 118	 1860	 131	 0	 -1729	 
 82	 118	 1860	 127	 0	 -1733	 
 82	 118	 1860	 126	 0	 -1734	 
 82	 118	 1860	 132	 0	 -1728	 
 82	 118	 1860	 131	 0	 -1729	 
 82	 118	 1860	 130	 0	 -1730	 
 82	 118	 1860	 131	 0	 -1729	 
 82	 118	 1860	 123	 0	 -1737	 
 82	 118	 1860	 131	 0	 -1729	 
 82	 118	 1860	 132	 0	 -1728	 
 82	 118	 1860	 126	 0	 -1734	 
 82	 118	 1860	 134	 0	 -1726	 
 82	 118	 1860	 127	 0	 -1733	 
 82	 118	 1860	 134	 0	 -1726	 
 82	 118	 1860	 121	 0	 -1739	 
 82	 118	 1860	 136	 0	 -1724	 
 82	 118	 1860	 129	 0	 -1731	 
 82	 118	 1860	 121	 0	 -1739	 
 82	 118	 1860	 123	 0	 -1737	 
 82	 118	 1860	 120	 0	 -1740	 
 82	 118	 1860	 135	 0	 -1725	 
 82	 118	 1860	 133	 0	 -1727	 
 82	 118	 1860	 120	 0	 -1740	 
 82	 118	 1860	 120	 0	 -1740	 
 82	 118	 1860	 135	 0	 -1725	 
 82	 118	 1860	 129	 0	 -1731	 
 82	 118	 1860	 127	 0	 -1733	 
 82	 118	 1860	 125	 0	 -1735	 
 82	 118	 1860	 125	 0	 -1735	 
 82	 118	 1860	 133	 0	 -1727	 
 82	 118	 1860	 129	 0	 -1731	 
 82	 118	 1860	 124	 0	 -1736	 
 82	 118	 1860	 134	 0	 -1726	 
 0	 0	 0	 0	 0	 0	 
 0	 0	 0	 0	 0	 0	 
 70	 94	 1860	 101	 1	 -1759	 
 70	 94	 1860	 98	 1	 -1762	 
 70	 94	 1860	 98	 1	 -1762	 
 70	 94	 1860	 96	 1	 -1764	 
 70	 94	 1860	 102	 1	 -1758	 
 70	 94	 1860	 96	 1	 -1764	 
 70	 94	 1860	 102	 1	 -1758	 
 70	 94	 1860	 100	 1	 -1760	 
 70	 94	 1860	 102	 1	 -1758	 
 70	 94	 1860	 98	 1	 -1762	 
 70	 94	 1860	 104	 1	 -1756	 
 70	 94	 1860	 98	 1	 -1762	 
 70	 94	 1860	 97	 1	 -1763	 
 70	 94	 1860	 104	 1	 -1756	 
 70	 94	 1860	 100	 1	 -1760	 
 70	 94	 1860	 105	 1	 -1755	 
 70	 94	 1860	 103	 1	 -1757	 
 70	 94	 1860	 105	 1	 -1755	 
 70	 94	 1860	 106	 1	 -1754	 
 70	 94	 1860	 95	 1	 -1765	 
 70	 94	 1860	 104	 1	 -1756	 
 70	 94	 1860	 96	 1	 -1764	 
 70	 94	 1860	 102	 1	 -1758	 
 70	 94	 1860	 105	 1	 -1755	 
 70	 94	 1860	 99	 1	 -1761	 
 70	 94	 1860	 101	 1	 -1759	 
 70	 94	 1860	 102	 1	 -1758	 
 70	 94	 1860	 99	 1	 -1761	 
 70	 94	 1860	 103	 1	 -1757	 
 70	 94	 1860	 97	 1	 -1763	 
 70	 94	 1860	 104	 1	 -1756	 
 70	 94	 1860	 100	 1	 -1760	 
 70	 94	 1860	 106	 1	 -1754	 
 70	 94	 1860	 98	 1	 -1762	 
 70	 94	 1860	 102	 1	 -1758	 
 70	 94	 1860	 104	 1	 -1756	 
 70	 94	 1860	 103	 1	 -1757	 
 70	 94	 1860	 107	 1	 -1753	 
 70	 94	 1860	 99	 1	 -1761	 
 70	 94	 1860	 104	 1	 -1756	 
 70	 94	 1860	 95	 1	 -1765	 
 70	 94	 1860	 107	 1	 -1753	 
 70	 94	 1860	 99	 1	 -1761	 
 70	 94	 1860	 98	 1	 -1762	 
 70	 94	 1860	 101	 1	 -1759	 
 70	 94	 1860	 96	 1	 -1764	 
 70	 94	 1860	 98	 1	 -1762	 
 70	 94	 1860	 102	 1	 -1758	 
 70	 94	 1860	 106	 1	 -1754	 
 70	 94	 1860	 103	 1	 -1757	 
 70	 94	 1860	 106	 1	 -1754	 
 70	 94	 1860	 96	 1	 -1764	 
 70	 94	 1860	 99	 1	 -1761	 
 70	 94	 1860	 101	 1	 -1759	 
 70	 94	 1860	 106	 1	 -1754	 
 70	 94	 1860	 99	 1	 -1761	 
 70	 94	 1860	 105	 1	 -1755	 
 70	 94	 1860	 101	 1	 -1759	 
 70	 94	 1860	 107	 1	 -1753	 
 70	 94	 1860	 107	 1	 -1753	 
 70	 94	 1860	 100	 1	 -1760	 
 70	 94	 1860	 102	 1	 -1758	 
 70	 94	 1860	 102	 1	 -1758	 
 70	 94	 1860	 107	 1	 -1753	 
 70	 94	 1860	 103	 1	 -1757	 
 70	 94	 1860	 99	 1	 -1761	 
 70	 94	 1860	 102	 1	 -1758	 
 70	 94	 1860	 104	 1	 -1756	 
 70	 94	 1860	 103	 1	 -1757	 
 70	 94	 1860	 97	 1	 -1763	 
 70	 94	 1860	 102	 1	 -1758	 
 70	 94	 1860	 101	 1	 -1759	 
 70	 94	 1860	 106	 1	 -1754	 
 70	 94	 1860	 106	 1	 -1754	 
 70	 94	 1860	 96	 1	 -1764	 
 70	 94	 1860	 98	 1	 -1762	 
 70	 94	 1860	 105	 1	 -1755	 
 70	 94	 1860	 105	 1	 -1755	 
 70	 94	 1860	 101	 1	 -1759	 
 70	 94	 1860	 99	 1	 -1761	 
 70	 94	 1860	 100	 1	 -1760	 
 70	 94	 1860	 102	 1	 -1758	 
 70	 94	 1860	 95	 1	 -1765	 
 70	 94	 1860	 104	 1	 -1756	 
 70	 94	 1860	 100	 1	 -1760	 
 70	 94	 1860	 105	 1	 -1755	 
 70	 94	 1860	 104	 1	 -1756	 
 70	 94	 1860	 100	 1	 -1760	 
 70	 94	 1860	 103	 1	 -1757	 
 70	 94	 1860	 102	 1	 -1758	 
 70	 94	 1860	 99	 1	 -1761	 
 70	 94	 1860	 107	 1	 -1753	 
 70	 94	 1860	 105	 1	 -1755	 
 70	 94	 1860	 100	 1	 -1760	 
 70	 94	 1860	 97	 1	 -1763	 
 70	 94	 1860	 96	 1	 -1764	 
 70	 94	 1860	 100	 1	 -1760	 
 70	 94	 1860	 95	 1	 -1765	 
 70	 94	 1860	 101	 1	 -1759	 
 0	 0	 0	 0	 0	 0	 
 0	 0	 0	 0	 0	 0	 
 82	 118	 1860	 134	 0	 -1726	 
 82	 118	 1860	 127	 0	 -1733	 
 82	 118	 1860	 126	 0	 -1734	 
 82	 118	 1860	 131	 0	 -1729	 
 82	 118	 1860	 133	 0	 -1727	 
 82	 118	 1860	 122	 0	 -1738	 
 82	 118	 1860	 135	 0	 -1725	 
 82	 118	 1860	 125	 0	 -1735	 
 82	 118	 1860	 130	 0	 -1730	 
 82	 118	 1860	 120	 0	 -1740	 
 82	 118	 1860	 122	 0	 -1738	 
 82	 118	 1860	 131	 0	 -1729	 
 82	 118	 1860	 135	 0	 -1725	 
 82	 118	 1860	 134	 0	 -1726	 
 82	 118	 1860	 134	 0	 -1726	 
 82	 118	 1860	 125	 0	 -1735	 
 82	 118	 1860	 127	 0	 -1733	 
 82	 118	 1860	 130	 0	 -1730	 
 82	 118	 1860	 125	 0	 -1735	 
 82	 118	 1860	 137	 0	 -1723	 
 82	 118	 1860	 131	 0	 -1729	 
 82	 118	 1860	 130	 0	 -1730	 
 82	 118	 1860	 126	 0	 -1734	 
 82	 118	 1860	 133	 0	 -1727	 
 82	 118	 1860	 130	 0	 -1730	 
 82	 118	 1860	 131	 0	 -1729	 
 82	 118	 1860	 121	 0	 -1739	 
 82	 118	 1860	 135	 0	 -1725	 
 82	 118	 1860	 121	 0	 -1739	 
 82	 118	 1860	 131	 0	 -1729	 
 82	 118	 1860	 127	 0	 -1733	 
 82	 118	 1860	 122	 0	 -1738	 
 82	 118	 1860	 132	 0	 -1728	 
 82	 118	 1860	 120	 0	 -1740	 
 82	 118	 1860	 121	 0	 -1739	 
 82	 118	 1860	 127	 0	 -1733	 
 82	 118	 1860	 124	 0	 -1736	 
 82	 118	 1860	 122	 0	 -1738	 
 82	 118	 1860	 123	 0	 -1737	 
 82	 118	 1860	 121	 0	 -1739	 
 82	 118	 1860	 129	 0	 -1731	 
 82	 118	 1860	 119	 0	 -1741	 
 82	 118	 1860	 125	 0	 -1735	 
 82	 118	 1860	 131	 0	 -1729	 
 82	 118	 1860	 125	 0	 -1735	 
 82	 118	 1860	 122	 0	 -1738	 
 82	 118	 1860	 120	 0	 -1740	 
 82	 118	 1860	 134	 0	 -1726	 
 82	 118	 1860	 129	 0	 -1731	 
 82	 118	 1860	 129	 0	 -1731	 
 82	 118	 1860	 121	 0	 -1739	 
 82	 118	 1860	 130	 0	 -1730	 
 82	 118	 1860	 121	 0	 -1739	 
 82	 118	 1860	 130	 0	 -1730	 
 82	 118	 1860	 134	 0	 -1726	 
 82	 118	 1860	 132	 0	 -1728	 
 82	 118	 1860	 126	 0	 -1734	 
 82	 118	 1860	 126	 0	 -1734	 
 82	 118	 1860	 126	 0	 -1734	 
 82	 118	 1860	 132	 0	 -1728	 
 82	 118	 1860	 127	 0	 -1733	 
 82	 118	 1860	 119	 0	 -1741	 
 82	 118	 1860	 130	 0	 -1730	 
 82	 118	 1860	 121	 0	 -1739	 
 82	 118	 1860	 127	 0	 -1733	 
 82	 118	 1860	 136	 0	 -1724	 
 82	 118	 1860	 130	 0	 -1730	 
 82	 118	 1860	 132	 0	 -1728	 
 82	 118	 1860	 130	 0	 -1730	 
 82	 118	 1860	 128	 0	 -1732	 
 82	 118	 1860	 128	 0	 -1732	 
 82	 118	 1860	 136	 0	 -1724	 
 82	 118	 1860	 127	 0	 -1733	 
 82	 118	 1860	 124	 0	 -1736	 
 82	 118	 1860	 133	 0	 -1727	 
 82	 118	 1860	 137	 0	 -1723	 
 82	 118	 1860	 126	 0	 -1734	 
 82	 118	 1860	 128	 0	 -1732	 
 82	 118	 1860	 137	 0	 -1723	 
 82	 118	 1860	 130	 0	 -1730	 
 82	 118	 1860	 119	 0	 -1741	 
 82	 118	 1860	 128	 0	 -1732	 
 82	 118	 1860	 121	 0	 -1739	 
 82	 118	 1860	 122	 0	 -1738	 
 82	 118	 1860	 124	 0	 -1736	 
 82	 118	 1860	 123	 0	 -1737	 
 82	 118	 1860	 121	 0	 -1739	 
 82	 118	 1860	 120	 0	 -1740	 
 82	 118	 1860	 123	 0	 -1737	 
 82	 118	 1860	 125	 0	 -1735	 
 82	 118	 1860	 136	 0	 -1724	 
 82	 118	 1860	 124	 0	 -1736	 
 82	 118	 1860	 126	 0	 -1734	 
 82	 118	 1860	 137	 0	 -1723	 
 82	 118	 1860	 126	 0	 -1734	 
 82	 118	 1860	 120	 0	 -1740	 
 82	 118	 1860	 121	 0	 -1739	 
 82	 118	 1860	 126	 0	 -1734	 
 82	 118	 1860	 135	 0	 -1725	 
 0	 0	 0	 0	 0	 0	 
 0	 0	 0	 0	 0	 0	 
 73	 104	 1860	 111	 0	 -1749	 
 73	 104	 1860	 118	 0	 -1742	 
 73	 104	 1860	 113	 0	 -1747	 
 73	 104	 1860	 114	 0	 -1746	 
 73	 104	 1860	 111	 0	 -1749	 
 73	 104	 1860	 105	 0	 -1755	 
 73	 104	 1860	 118	 0	 -1742	 
 73	 104	 1860	 118	 0	 -1742	 
 73	 104	 1860	 118	 0	 -1742	 
 73	 104	 1860	 117	 0	 -1743	 
 73	 104	 1860	 119	 0	 -1741	 
 73	 104	 1860	 116	 0	 -1744	 
 73	 104	 1860	 120	 0	 -1740	 
 73	 104	 1860	 120	 0	 -1740	 
 73	 104	 1860	 110	 0	 -1750	 
 73	 104	 1860	 119	 0	 -1741	 
 73	 104	 1860	 105	 0	 -1755	 
 73	 104	 1860	 115	 0	 -1745	 
 73	 104	 1860	 110	 0	 -1750	 
 73	 104	 1860	 117	 0	 -1743	 
 73	 104	 1860	 118	 0	 -1742	 
 73	 104	 1860	 115	 0	 -1745	 
 73	 104	 1860	 116	 0	 -1744	 
 73	 104	 1860	 108	 0	 -1752	 
 73	 104	 1860	 112	 0	 -1748	 
 73	 104	 1860	 113	 0	 -1747	 
 73	 104	 1860	 116	 0	 -1744	 
 73	 104	 1860	 120	 0	 -1740	 
 73	 104	 1860	 108	 0	 -1752	 
 73	 104	 1860	 111	 0	 -1749	 
 73	 104	 1860	 109	 0	 -1751	 
 73	 104	 1860	 105	 0	 -1755	 
 73	 104	 1860	 119	 0	 -1741	 
 73	 104	 1860	 107	 0	 -1753	 
 73	 104	 1860	 108	 0	 -1752	 
 73	 104	 1860	 116	 0	 -1744	 
 73	 104	 1860	 109	 0	 -1751	 
 73	 104	 1860	 108	 0	 -1752	 
 73	 104	 1860	 119	 0	 -1741	 
 73	 104	 1860	 118	 0	 -1742	 
 73	 104	 1860	 109	 0	 -1751	 
 73	 104	 1860	 110	 0	 -1750	 
 73	 104	 1860	 114	 0	 -1746	 
 73	 104	 1860	 116	 0	 -1744	 
 73	 104	 1860	 115	 0	 -1745	 
 73	 104	 1860	 108	 0	 -1752	 
 73	 104	 1860	 113	 0	 -1747	 
 73	 104	 1860	 112	 0	 -1748	 
 73	 104	 1860	 110	 0	 -1750	 
 73	 104	 1860	 120	 0	 -1740	 
 73	 104	 1860	 110	 0	 -1750	 
 73	 104	 1860	 118	 0	 -1742	 
 73	 104	 1860	 117	 0	 -1743	 
 73	 104	 1860	 113	 0	 -1747	 
 73	 104	 1860	 120	 0	 -1740	 
 73	 104	 1860	 118	 0	 -1742	 
 73	 104	 1860	 118	 0	 -1742	 
 73	 104	 1860	 108	 0	 -1752	 
 73	 104	 1860	 105	 0	 -1755	 
 73	 104	 1860	 110	 0	 -1750	 
 73	 104	 1860	 114	 0	 -1746	 
 73	 104	 1860	 111	 0	 -1749	 
 73	 104	 1860	 119	 0	 -1741	 
 73	 104	 1860	 117	 0	 -1743	 
 73	 104	 1860	 106	 0	 -1754	 
 73	 104	 1860	 108	 0	 -1752	 
 73	 104	 1860	 109	 0	 -1751	 
 73	 104	 1860	 105	 0	 -1755	 
 73	 104	 1860	 110	 0	 -1750	 
 73	 104	 1860	 113	 0	 -1747	 
 73	 104	 1860	 107	 0	 -1753	 
 73	 104	 1860	 120	 0	 -1740	 
 73	 104	 1860	 107	 0	 -1753	 
 73	 104	 1860	 119	 0	 -1741	 
 73	 104	 1860	 120	 0	 -1740	 
 73	 104	 1860	 108	 0	 -1752	 
 73	 104	 1860	 108	 0	 -1752	 
 73	 104	 1860	 110	 0	 -1750	 
 73	 104	 1860	 112	 0	 -1748	 
 73	 104	 1860	 117	 0	 -1743	 
 73	 104	 1860	 112	 0	 -1748	 
 73	 104	 1860	 113	 0	 -1747	 
 73	 104	 1860	 108	 0	 -1752	 
 73	 104	 1860	 115	 0	 -1745	 
 73	 104	 1860	 106	 0	 -1754	 
 73	 104	 1860	 120	 0	 -1740	 
 73	 104	 1860	 106	 0	 -1754	 
 73	 104	 1860	 107	 0	 -1753	 
 73	 104	 1860	 106	 0	 -1754	 
 73	 104	 1860	 115	 0	 -1745	 
 73	 104	 1860	 116	 0	 -1744	 
 73	 104	 1860	 120	 0	 -1740	 
 73	 104	 1860	 120	 0	 -1740	 
 73	 104	 1860	 107	 0	 -1753	 
 73	 104	 1860	 105	 0	 -1755	 
 73	 104	 1860	 109	 0	 -1751	 
 73	 104	 1860	 113	 0	 -1747	 
 73	 104	 1860	 114	 0	 -1746	 
 73	 104	 1860	 107	 0	 -1753	 
 0	 0	 0	 0	 0	 0	 
 0	 0	 0	 0	 0	 0	 
 82	 118	 1860	 125	 0	 -1735	 
 82	 118	 1860	 124	 0	 -1736	 
 82	 118	 1860	 131	 0	 -1729	 
 82	 118	 1860	 122	 0	 -1738	 
 82	 118	 1860	 132	 0	 -1728	 
 82	 118	 1860	 119	 0	 -1741	 
 82	 118	 1860	 135	 0	 -1725	 
 82	 118	 1860	 121	 0	 -1739	 
 82	 118	 1860	 123	 0	 -1737	 
 82	 118	 1860	 120	 0	 -1740	 
 82	 118	 1860	 135	 0	 -1725	 
 82	 118	 1860	 130	 0	 -1730	 
 82	 118	 1860	 123	 0	 -1737	 
 82	 118	 1860	 122	 0	 -1738	 
 82	 118	 1860	 125	 0	 -1735	 
 82	 118	 1860	 122	 0	 -1738	 
 82	 118	 1860	 131	 0	 -1729	 
 82	 118	 1860	 132	 0	 -1728	 
 82	 118	 1860	 137	 0	 -1723	 
 82	 118	 1860	 123	 0	 -1737	 
 82	 118	 1860	 121	 0	 -1739	 
 82	 118	 1860	 126	 0	 -1734	 
 82	 118	 1860	 132	 0	 -1728	 
 82	 118	 1860	 126	 0	 -1734	 
 82	 118	 1860	 126	 0	 -1734	 
 82	 118	 1860	 126	 0	 -1734	 
 82	 118	 1860	 130	 0	 -1730	 
 82	 118	 1860	 136	 0	 -1724	 
 82	 118	 1860	 130	 0	 -1730	 
 82	 118	 1860	 120	 0	 -1740	 
 82	 118	 1860	 124	 0	 -1736	 
 82	 118	 1860	 136	 0	 -1724	 
 82	 118	 1860	 131	 0	 -1729	 
 82	 118	 1860	 121	 0	 -1739	 
 82	 118	 1860	 125	 0	 -1735	 
 82	 118	 1860	 130	 0	 -1730	 
 82	 118	 1860	 126	 0	 -1734	 
 82	 118	 1860	 130	 0	 -1730	 
 82	 118	 1860	 128	 0	 -1732	 
 82	 118	 1860	 124	 0	 -1736	 
 82	 118	 1860	 122	 0	 -1738	 
 82	 118	 1860	 136	 0	 -1724	 
 82	 118	 1860	 123	 0	 -1737	 
 82	 118	 1860	 130	 0	 -1730	 
 82	 118	 1860	 132	 0	 -1728	 
 82	 118	 1860	 119	 0	 -1741	 
 82	 118	 1860	 130	 0	 -1730	 
 82	 118	 1860	 123	 0	 -1737	 
 82	 118	 1860	 130	 0	 -1730	 
 82	 118	 1860	 128	 0	 -1732	 
 82	 118	 1860	 136	 0	 -1724	 
 82	 118	 1860	 126	 0	 -1734	 
 82	 118	 1860	 130	 0	 -1730	 
 82	 118	 1860	 125	 0	 -1735	 
 82	 118	 1860	 129	 0	 -1731	 
 82	 118	 1860	 129	 0	 -1731	 
 82	 118	 1860	 133	 0	 -1727	 
 82	 118	 1860	 123	 0	 -1737	 
 82	 118	 1860	 124	 0	 -1736	 
 82	 118	 1860	 135	 0	 -1725	 
 82	 118	 1860	 122	 0	 -1738	 
 82	 118	 1860	 125	 0	 -1735	 
 82	 118	 1860	 129	 0	 -1731	 
 82	 118	 1860	 119	 0	 -1741	 
 82	 118	 1860	 126	 0	 -1734	 
 82	 118	 1860	 133	 0	 -1727	 
 82	 118	 1860	 126	 0	 -1734	 
 82	 118	 1860	 135	 0	 -1725	 
 82	 118	 1860	 126	 0	 -1734	 
 82	 118	 1860	 121	 0	 -1739	 
 82	 118	 1860	 123	 0	 -1737	 
 82	 118	 1860	 131	 0	 -1729	 
 82	 118	 1860	 122	 0	 -1738	 
 82	 118	 1860	 136	 0	 -1724	 
 82	 118	 1860	 132	 0	 -1728	 
 82	 118	 1860	 124	 0	 -1736	 
 82	 118	 1860	 119	 0	 -1741	 
 82	 118	 1860	 135	 0	 -1725	 
 82	 118	 1860	 135	 0	 -1725	 
 82	 118	 1860	 131	 0	 -1729	 
 82	 118	 1860	 125	 0	 -1735	 
 82	 118	 1860	 129	 0	 -1731	 
 82	 118	 1860	 135	 0	 -1725	 
 82	 118	 1860	 124	 0	 -1736	 
 82	 118	 1860	 133	 0	 -1727	 
 82	 118	 1860	 129	 0	 -1731	 
 82	 118	 1860	 134	 0	 -1726	 
 82	 118	 1860	 128	 0	 -1732	 
 82	 118	 1860	 132	 0	 -1728	 
 82	 118	 1860	 134	 0	 -1726	 
 82	 118	 1860	 136	 0	 -1724	 
 82	 118	 1860	 132	 0	 -1728	 
 82	 118	 1860	 136	 0	 -1724	 
 82	 118	 1860	 124	 0	 -1736	 
 82	 118	 1860	 131	 0	 -1729	 
 82	 118	 1860	 125	 0	 -1735	 
 82	 118	 1860	 136	 0	 -1724	 
 82	 118	 1860	 124	 0	 -1736	 
 82	 118	 1860	 128	 0	 -1732	 
 0	 0	 0	 0	 0	 0	 
 0	 0	 0	 0	 0	 0	 
 77	 111	 1860	 112	 1	 -1748	 
 77	 111	 1860	 113	 1	 -1747	 
 77	 111	 1860	 114	 1	 -1746	 
 77	 111	 1860	 112	 1	 -1748	 
 77	 111	 1860	 125	 1	 -1735	 
 77	 111	 1860	 119	 1	 -1741	 
 77	 111	 1860	 129	 1	 -1731	 
 77	 111	 1860	 123	 1	 -1737	 
 77	 111	 1860	 129	 1	 -1731	 
 77	 111	 1860	 120	 1	 -1740	 
 77	 111	 1860	 127	 1	 -1733	 
 77	 111	 1860	 115	 1	 -1745	 
 77	 111	 1860	 118	 1	 -1742	 
 77	 111	 1860	 124	 1	 -1736	 
 77	 111	 1860	 127	 1	 -1733	 
 77	 111	 1860	 122	 1	 -1738	 
 77	 111	 1860	 126	 1	 -1734	 
 77	 111	 1860	 129	 1	 -1731	 
 77	 111	 1860	 116	 1	 -1744	 
 77	 111	 1860	 124	 1	 -1736	 
 77	 111	 1860	 124	 1	 -1736	 
 77	 111	 1860	 112	 1	 -1748	 
 77	 111	 1860	 128	 1	 -1732	 
 77	 111	 1860	 113	 1	 -1747	 
 77	 111	 1860	 128	 1	 -1732	 
 77	 111	 1860	 116	 1	 -1744	 
 77	 111	 1860	 126	 1	 -1734	 
 77	 111	 1860	 125	 1	 -1735	 
 77	 111	 1860	 125	 1	 -1735	 
 77	 111	 1860	 112	 1	 -1748	 
 77	 111	 1860	 122	 1	 -1738	 
 77	 111	 1860	 127	 1	 -1733	 
 77	 111	 1860	 123	 1	 -1737	 
 77	 111	 1860	 127	 1	 -1733	 
 77	 111	 1860	 123	 1	 -1737	 
 77	 111	 1860	 122	 1	 -1738	 
 77	 111	 1860	 121	 1	 -1739	 
 77	 111	 1860	 116	 1	 -1744	 
 77	 111	 1860	 112	 1	 -1748	 
 77	 111	 1860	 118	 1	 -1742	 
 77	 111	 1860	 128	 1	 -1732	 
 77	 111	 1860	 120	 1	 -1740	 
 77	 111	 1860	 121	 1	 -1739	 
 77	 111	 1860	 127	 1	 -1733	 
 77	 111	 1860	 113	 1	 -1747	 
 77	 111	 1860	 125	 1	 -1735	 
 77	 111	 1860	 121	 1	 -1739	 
 77	 111	 1860	 119	 1	 -1741	 
 77	 111	 1860	 117	 1	 -1743	 
 77	 111	 1860	 116	 1	 -1744	 
 77	 111	 1860	 121	 1	 -1739	 
 77	 111	 1860	 114	 1	 -1746	 
 77	 111	 1860	 124	 1	 -1736	 
 77	 111	 1860	 121	 1	 -1739	 
 77	 111	 1860	 124	 1	 -1736	 
 77	 111	 1860	 120	 1	 -1740	 
 77	 111	 1860	 120	 1	 -1740	 
 77	 111	 1860	 112	 1	 -1748	 
 77	 111	 1860	 117	 1	 -1743	 
 77	 111	 1860	 123	 1	 -1737	 
 77	 111	 1860	 114	 1	 -1746	 
 77	 111	 1860	 129	 1	 -1731	 
 77	 111	 1860	 114	 1	 -1746	 
 77	 111	 1860	 116	 1	 -1744	 
 77	 111	 1860	 126	 1	 -1734	 
 77	 111	 1860	 118	 1	 -1742	 
 77	 111	 1860	 124	 1	 -1736	 
 77	 111	 1860	 114	 1	 -1746	 
 77	 111	 1860	 114	 1	 -1746	 
 77	 111	 1860	 124	 1	 -1736	 
 77	 111	 1860	 121	 1	 -1739	 
 77	 111	 1860	 121	 1	 -1739	 
 77	 111	 1860	 117	 1	 -1743	 
 77	 111	 1860	 126	 1	 -1734	 
 77	 111	 1860	 127	 1	 -1733	 
 77	 111	 1860	 125	 1	 -1735	 
 77	 111	 1860	 127	 1	 -1733	 
 77	 111	 1860	 126	 1	 -1734	 
 77	 111	 1860	 120	 1	 -1740	 
 77	 111	 1860	 120	 1	 -1740	 
 77	 111	 1860	 122	 1	 -1738	 
 77	 111	 1860	 118	 1	 -1742	 
 77	 111	 1860	 116	 1	 -1744	 
 77	 111	 1860	 115	 1	 -1745	 
 77	 111	 1860	 119	 1	 -1741	 
 77	 111	 1860	 115	 1	 -1745	 
 77	 111	 1860	 120	 1	 -1740	 
 77	 111	 1860	 113	 1	 -1747	 
 77	 111	 1860	 128	 1	 -1732	 
 77	 111	 1860	 115	 1	 -1745	 
 77	 111	 1860	 121	 1	 -1739	 
 77	 111	 1860	 118	 1	 -1742	 
 77	 111	 1860	 128	 1	 -1732	 
 77	 111	 1860	 121	 1	 -1739	 
 77	 111	 1860	 124	 1	 -1736	 
 77	 111	 1860	 112	 1	 -1748	 
 77	 111	 1860	 123	 1	 -1737	 
 77	 111	 1860	 112	 1	 -1748	 
 77	 111	 1860	 123	 1	 -1737	 
 0	 0	 0	 0	 0	 0	 
 0	 0	 0	 0	 0	 0	 
 82	 118	 1860	 127	 0	 -1733	 
 82	 118	 1860	 125	 0	 -1735	 
 82	 118	 1860	 132	 0	 -1728	 
 82	 118	 1860	 126	 0	 -1734	 
 82	 118	 1860	 128	 0	 -1732	 
 82	 118	 1860	 132	 0	 -1728	 
 82	 118	 1860	 132	 0	 -1728	 
 82	 118	 1860	 136	 0	 -1724	 
 82	 118	 1860	 121	 0	 -1739	 
 82	 118	 1860	 128	 0	 -1732	 
 82	 118	 1860	 125	 0	 -1735	 
 82	 118	 1860	 133	 0	 -1727	 
 82	 118	 1860	 119	 0	 -1741	 
 82	 118	 1860	 128	 0	 -1732	 
 82	 118	 1860	 120	 0	 -1740	 
 82	 118	 1860	 123	 0	 -1737	 
 82	 118	 1860	 126	 0	 -1734	 
 82	 118	 1860	 119	 0	 -1741	 
 82	 118	 1860	 130	 0	 -1730	 
 82	 118	 1860	 120	 0	 -1740	 
 82	 118	 1860	 119	 0	 -1741	 
 82	 118	 1860	 125	 0	 -1735	 
 82	 118	 1860	 128	 0	 -1732	 
 82	 118	 1860	 121	 0	 -1739	 
 82	 118	 1860	 120	 0	 -1740	 
 82	 118	 1860	 123	 0	 -1737	 
 82	 118	 1860	 133	 0	 -1727	 
 82	 118	 1860	 128	 0	 -1732	 
 82	 118	 1860	 135	 0	 -1725	 
 82	 118	 1860	 126	 0	 -1734	 
 82	 118	 1860	 122	 0	 -1738	 
 82	 118	 1860	 127	 0	 -1733	 
 82	 118	 1860	 126	 0	 -1734	 
 82	 118	 1860	 135	 0	 -1725	 
 82	 118	 1860	 126	 0	 -1734	 
 82	 118	 1860	 123	 0	 -1737	 
 82	 118	 1860	 129	 0	 -1731	 
 82	 118	 1860	 126	 0	 -1734	 
 82	 118	 1860	 121	 0	 -1739	 
 82	 118	 1860	 136	 0	 -1724	 
 82	 118	 1860	 128	 0	 -1732	 
 82	 118	 1860	 133	 0	 -1727	 
 82	 118	 1860	 136	 0	 -1724	 
 82	 118	 1860	 132	 0	 -1728	 
 82	 118	 1860	 127	 0	 -1733	 
 82	 118	 1860	 134	 0	 -1726	 
 82	 118	 1860	 131	 0	 -1729	 
 82	 118	 1860	 126	 0	 -1734	 
 82	 118	 1860	 123	 0	 -1737	 
 82	 118	 1860	 122	 0	 -1738	 
 82	 118	 1860	 131	 0	 -1729	 
 82	 118	 1860	 125	 0	 -1735	 
 82	 118	 1860	 120	 0	 -1740	 
 82	 118	 1860	 133	 0	 -1727	 
 82	 118	 1860	 122	 0	 -1738	 
 82	 118	 1860	 136	 0	 -1724	 
 82	 118	 1860	 126	 0	 -1734	 
 82	 118	 1860	 135	 0	 -1725	 
 82	 118	 1860	 132	 0	 -1728	 
 82	 118	 1860	 131	 0	 -1729	 
 82	 118	 1860	 127	 0	 -1733	 
 82	 118	 1860	 130	 0	 -1730	 
 82	 118	 1860	 119	 0	 -1741	 
 82	 118	 1860	 134	 0	 -1726	 
 82	 118	 1860	 125	 0	 -1735	 
 82	 118	 1860	 132	 0	 -1728	 
 82	 118	 1860	 126	 0	 -1734	 
 82	 118	 1860	 123	 0	 -1737	 
 82	 118	 1860	 132	 0	 -1728	 
 82	 118	 1860	 124	 0	 -1736	 
 82	 118	 1860	 133	 0	 -1727	 
 82	 118	 1860	 129	 0	 -1731	 
 82	 118	 1860	 130	 0	 -1730	 
 82	 118	 1860	 131	 0	 -1729	 
 82	 118	 1860	 126	 0	 -1734	 
 82	 118	 1860	 134	 0	 -1726	 
 82	 118	 1860	 133	 0	 -1727	 
 82	 118	 1860	 133	 0	 -1727	 
 82	 118	 1860	 126	 0	 -1734	 
 82	 118	 1860	 129	 0	 -1731	 
 82	 118	 1860	 124	 0	 -1736	 
 82	 118	 1860	 123	 0	 -1737	 
 82	 118	 1860	 133	 0	 -1727	 
 82	 118	 1860	 129	 0	 -1731	 
 82	 118	 1860	 128	 0	 -1732	 
 82	 118	 1860	 137	 0	 -1723	 
 82	 118	 1860	 129	 0	 -1731	 
 82	 118	 1860	 123	 0	 -1737	 
 82	 118	 1860	 125	 0	 -1735	 
 82	 118	 1860	 123	 0	 -1737	 
 82	 118	 1860	 127	 0	 -1733	 
 82	 118	 1860	 122	 0	 -1738	 
 82	 118	 1860	 133	 0	 -1727	 
 82	 118	 1860	 131	 0	 -1729	 
 82	 118	 1860	 127	 0	 -1733	 
 82	 118	 1860	 136	 0	 -1724	 
 82	 118	 1860	 137	 0	 -1723	 
 82	 118	 1860	 136	 0	 -1724	 
 82	 118	 1860	 135	 0	 -1725	 
 0	 0	 0	 0	 0	 0	 
 0	 0	 0	 0	 0	 0	 
 65	 103	 1860	 111	 0	 -1749	 
 65	 103	 1860	 114	 0	 -1746	 
 65	 103	 1860	 110	 0	 -1750	 
 65	 103	 1860	 111	 0	 -1749	 
 65	 103	 1860	 107	 0	 -1753	 
 65	 103	 1860	 122	 0	 -1738	 
 65	 103	 1860	 109	 0	 -1751	 
 65	 103	 1860	 109	 0	 -1751	 
 65	 103	 1860	 116	 0	 -1744	 
 65	 103	 1860	 107	 0	 -1753	 
 65	 103	 1860	 104	 0	 -1756	 
 65	 103	 1860	 119	 0	 -1741	 
 65	 103	 1860	 105	 0	 -1755	 
 65	 103	 1860	 106	 0	 -1754	 
 65	 103	 1860	 109	 0	 -1751	 
 65	 103	 1860	 114	 0	 -1746	 
 65	 103	 1860	 120	 0	 -1740	 
 65	 103	 1860	 117	 0	 -1743	 
 65	 103	 1860	 114	 0	 -1746	 
 65	 103	 1860	 114	 0	 -1746	 
 65	 103	 1860	 107	 0	 -1753	 
 65	 103	 1860	 104	 0	 -1756	 
 65	 103	 1860	 108	 0	 -1752	 
 65	 103	 1860	 114	 0	 -1746	 
 65	 103	 1860	 117	 0	 -1743	 
 65	 103	 1860	 111	 0	 -1749	 
 65	 103	 1860	 106	 0	 -1754	 
 65	 103	 1860	 123	 0	 -1737	 
 65	 103	 1860	 107	 0	 -1753	 
 65	 103	 1860	 114	 0	 -1746	 
 65	 103	 1860	 113	 0	 -1747	 
 65	 103	 1860	 107	 0	 -1753	 
 65	 103	 1860	 113	 0	 -1747	 
 65	 103	 1860	 120	 0	 -1740	 
 65	 103	 1860	 109	 0	 -1751	 
 65	 103	 1860	 107	 0	 -1753	 
 65	 103	 1860	 105	 0	 -1755	 
 65	 103	 1860	 116	 0	 -1744	 
 65	 103	 1860	 111	 0	 -1749	 
 65	 103	 1860	 117	 0	 -1743	 
 65	 103	 1860	 114	 0	 -1746	 
 65	 103	 1860	 114	 0	 -1746	 
 65	 103	 1860	 109	 0	 -1751	 
 65	 103	 1860	 123	 0	 -1737	 
 65	 103	 1860	 108	 0	 -1752	 
 65	 103	 1860	 111	 0	 -1749	 
 65	 103	 1860	 121	 0	 -1739	 
 65	 103	 1860	 111	 0	 -1749	 
 65	 103	 1860	 122	 0	 -1738	 
 65	 103	 1860	 106	 0	 -1754	 
 65	 103	 1860	 110	 0	 -1750	 
 65	 103	 1860	 122	 0	 -1738	 
 65	 103	 1860	 105	 0	 -1755	 
 65	 103	 1860	 107	 0	 -1753	 
 65	 103	 1860	 106	 0	 -1754	 
 65	 103	 1860	 108	 0	 -1752	 
 65	 103	 1860	 123	 0	 -1737	 
 65	 103	 1860	 119	 0	 -1741	 
 65	 103	 1860	 118	 0	 -1742	 
 65	 103	 1860	 115	 0	 -1745	 
 65	 103	 1860	 110	 0	 -1750	 
 65	 103	 1860	 123	 0	 -1737	 
 65	 103	 1860	 116	 0	 -1744	 
 65	 103	 1860	 107	 0	 -1753	 
 65	 103	 1860	 113	 0	 -1747	 
 65	 103	 1860	 123	 0	 -1737	 
 65	 103	 1860	 107	 0	 -1753	 
 65	 103	 1860	 106	 0	 -1754	 
 65	 103	 1860	 120	 0	 -1740	 
 65	 103	 1860	 120	 0	 -1740	 
 65	 103	 1860	 106	 0	 -1754	 
 65	 103	 1860	 119	 0	 -1741	 
 65	 103	 1860	 118	 0	 -1742	 
 65	 103	 1860	 120	 0	 -1740	 
 65	 103	 1860	 117	 0	 -1743	 
 65	 103	 1860	 119	 0	 -1741	 
 65	 103	 1860	 112	 0	 -1748	 
 65	 103	 1860	 104	 0	 -1756	 
 65	 103	 1860	 119	 0	 -1741	 
 65	 103	 1860	 110	 0	 -1750	 
 65	 103	 1860	 118	 0	 -1742	 
 65	 103	 1860	 108	 0	 -1752	 
 65	 103	 1860	 105	 0	 -1755	 
 65	 103	 1860	 119	 0	 -1741	 
 65	 103	 1860	 104	 0	 -1756	 
 65	 103	 1860	 117	 0	 -1743	 
 65	 103	 1860	 107	 0	 -1753	 
 65	 103	 1860	 113	 0	 -1747	 
 65	 103	 1860	 109	 0	 -1751	 
 65	 103	 1860	 119	 0	 -1741	 
 65	 103	 1860	 117	 0	 -1743	 
 65	 103	 1860	 114	 0	 -1746	 
 65	 103	 1860	 112	 0	 -1748	 
 65	 103	 1860	 112	 0	 -1748	 
 65	 103	 1860	 106	 0	 -1754	 
 65	 103	 1860	 105	 0	 -1755	 
 65	 103	 1860	 105	 0	 -1755	 
 65	 103	 1860	 112	 0	 -1748	 
 65	 103	 1860	 105	 0	 -1755	 
 0	 0	 0	 0	 0	 0	 
 0	 0	 0	 0	 0	 0	 
 82	 118	 1860	 123	 0	 -1737	 
 82	 118	 1860	 120	 0	 -1740	 
 82	 118	 1860	 135	 0	 -1725	 
 82	 118	 1860	 135	 0	 -1725	 
 82	 118	 1860	 135	 0	 -1725	 
 82	 118	 1860	 131	 0	 -1729	 
 82	 118	 1860	 129	 0	 -1731	 
 82	 118	 1860	 125	 0	 -1735	 
 82	 118	 1860	 136	 0	 -1724	 
 82	 118	 1860	 122	 0	 -1738	 
 82	 118	 1860	 137	 0	 -1723	 
 82	 118	 1860	 124	 0	 -1736	 
 82	 118	 1860	 134	 0	 -1726	 
 82	 118	 1860	 123	 0	 -1737	 
 82	 118	 1860	 127	 0	 -1733	 
 82	 118	 1860	 131	 0	 -1729	 
 82	 118	 1860	 131	 0	 -1729	 
 82	 118	 1860	 133	 0	 -1727	 
 82	 118	 1860	 125	 0	 -1735	 
 82	 118	 1860	 121	 0	 -1739	 
 82	 118	 1860	 125	 0	 -1735	 
 82	 118	 1860	 135	 0	 -1725	 
 82	 118	 1860	 123	 0	 -1737	 
 82	 118	 1860	 133	 0	 -1727	 
 82	 118	 1860	 122	 0	 -1738	 
 82	 118	 1860	 135	 0	 -1725	 
 82	 118	 1860	 126	 0	 -1734	 
 82	 118	 1860	 123	 0	 -1737	 
 82	 118	 1860	 122	 0	 -1738	 
 82	 118	 1860	 123	 0	 -1737	 
 82	 118	 1860	 134	 0	 -1726	 
 82	 118	 1860	 127	 0	 -1733	 
 82	 118	 1860	 127	 0	 -1733	 
 82	 118	 1860	 128	 0	 -1732	 
 82	 118	 1860	 123	 0	 -1737	 
 82	 118	 1860	 119	 0	 -1741	 
 82	 118	 1860	 125	 0	 -1735	 
 82	 118	 1860	 132	 0	 -1728	 
 82	 118	 1860	 123	 0	 -1737	 
 82	 118	 1860	 133	 0	 -1727	 
 82	 118	 1860	 123	 0	 -1737	 
 82	 118	 1860	 126	 0	 -1734	 
 82	 118	 1860	 131	 0	 -1729	 
 82	 118	 1860	 134	 0	 -1726	 
 82	 118	 1860	 127	 0	 -1733	 
 82	 118	 1860	 123	 0	 -1737	 
 82	 118	 1860	 126	 0	 -1734	 
 82	 118	 1860	 127	 0	 -1733	 
 82	 118	 1860	 130	 0	 -1730	 
 82	 118	 1860	 121	 0	 -1739	 
 82	 118	 1860	 131	 0	 -1729	 
 82	 118	 1860	 134	 0	 -1726	 
 82	 118	 1860	 136	 0	 -1724	 
 82	 118	 1860	 126	 0	 -1734	 
 82	 118	 1860	 132	 0	 -1728	 
 82	 118	 1860	 135	 0	 -1725	 
 82	 118	 1860	 137	 0	 -1723	 
 82	 118	 1860	 128	 0	 -1732	 
 82	 118	 1860	 122	 0	 -1738	 
 82	 118	 1860	 126	 0	 -1734	 
 82	 118	 1860	 121	 0	 -1739	 
 82	 118	 1860	 135	 0	 -1725	 
 82	 118	 1860	 128	 0	 -1732	 
 82	 118	 1860	 124	 0	 -1736	 
 82	 118	 1860	 126	 0	 -1734	 
 82	 118	 1860	 128	 0	 -1732	 
 82	 118	 1860	 126	 0	 -1734	 
 82	 118	 1860	 130	 0	 -1730	 
 82	 118	 1860	 121	 0	 -1739	 
 82	 118	 1860	 124	 0	 -1736	 
 82	 118	 1860	 129	 0	 -1731	 
 82	 118	 1860	 125	 0	 -1735	 
 82	 118	 1860	 123	 0	 -1737	 
 82	 118	 1860	 134	 0	 -1726	 
 82	 118	 1860	 135	 0	 -1725	 
 82	 118	 1860	 131	 0	 -1729	 
 82	 118	 1860	 125	 0	 -1735	 
 82	 118	 1860	 132	 0	 -1728	 
 82	 118	 1860	 134	 0	 -1726	 
 82	 118	 1860	 124	 0	 -1736	 
 82	 118	 1860	 127	 0	 -1733	 
 82	 118	 1860	 127	 0	 -1733	 
 82	 118	 1860	 127	 0	 -1733	 
 82	 118	 1860	 126	 0	 -1734	 
 82	 118	 1860	 134	 0	 -1726	 
 82	 118	 1860	 126	 0	 -1734	 
 82	 118	 1860	 125	 0	 -1735	 
 82	 118	 1860	 122	 0	 -1738	 
 82	 118	 1860	 119	 0	 -1741	 
 82	 118	 1860	 130	 0	 -1730	 
 82	 118	 1860	 122	 0	 -1738	 
 82	 118	 1860	 135	 0	 -1725	 
 82	 118	 1860	 120	 0	 -1740	 
 82	 118	 1860	 122	 0	 -1738	 
 82	 118	 1860	 119	 0	 -1741	 
 82	 118	 1860	 136	 0	 -1724	 
 82	 118	 1860	 119	 0	 -1741	 
 82	 118	 1860	 133	 0	 -1727	 
 82	 118	 1860	 120	 0	 -1740	 
 0	 0	 0	 0	 0	 0	 
 0	 0	 0	 0	 0	 0	 
 77	 111	 1860	 125	 1	 -1735	 
 77	 111	 1860	 123	 1	 -1737	 
 77	 111	 1860	 120	 1	 -1740	 
 77	 111	 1860	 115	 1	 -1745	 
 77	 111	 1860	 125	 1	 -1735	 
 77	 111	 1860	 129	 1	 -1731	 
 77	 111	 1860	 117	 1	 -1743	 
 77	 111	 1860	 113	 1	 -1747	 
 77	 111	 1860	 118	 1	 -1742	 
 77	 111	 1860	 117	 1	 -1743	 
 77	 111	 1860	 126	 1	 -1734	 
 77	 111	 1860	 112	 1	 -1748	 
 77	 111	 1860	 126	 1	 -1734	 
 77	 111	 1860	 124	 1	 -1736	 
 77	 111	 1860	 127	 1	 -1733	 
 77	 111	 1860	 123	 1	 -1737	 
 77	 111	 1860	 123	 1	 -1737	 
 77	 111	 1860	 128	 1	 -1732	 
 77	 111	 1860	 121	 1	 -1739	 
 77	 111	 1860	 116	 1	 -1744	 
 77	 111	 1860	 118	 1	 -1742	 
 77	 111	 1860	 112	 1	 -1748	 
 77	 111	 1860	 125	 1	 -1735	 
 77	 111	 1860	 118	 1	 -1742	 
 77	 111	 1860	 127	 1	 -1733	 
 77	 111	 1860	 114	 1	 -1746	 
 77	 111	 1860	 119	 1	 -1741	 
 77	 111	 1860	 122	 1	 -1738	 
 77	 111	 1860	 124	 1	 -1736	 
 77	 111	 1860	 118	 1	 -1742	 
 77	 111	 1860	 127	 1	 -1733	 
 77	 111	 1860	 119	 1	 -1741	 
 77	 111	 1860	 115	 1	 -1745	 
 77	 111	 1860	 114	 1	 -1746	 
 77	 111	 1860	 123	 1	 -1737	 
 77	 111	 1860	 124	 1	 -1736	 
 77	 111	 1860	 120	 1	 -1740	 
 77	 111	 1860	 112	 1	 -1748	 
 77	 111	 1860	 118	 1	 -1742	 
 77	 111	 1860	 114	 1	 -1746	 
 77	 111	 1860	 129	 1	 -1731	 
 77	 111	 1860	 115	 1	 -1745	 
 77	 111	 1860	 123	 1	 -1737	 
 77	 111	 1860	 118	 1	 -1742	 
 77	 111	 1860	 117	 1	 -1743	 
 77	 111	 1860	 124	 1	 -1736	 
 77	 111	 1860	 129	 1	 -1731	 
 77	 111	 1860	 118	 1	 -1742	 
 77	 111	 1860	 126	 1	 -1734	 
 77	 111	 1860	 118	 1	 -1742	 
 77	 111	 1860	 116	 1	 -1744	 
 77	 111	 1860	 116	 1	 -1744	 
 77	 111	 1860	 121	 1	 -1739	 
 77	 111	 1860	 122	 1	 -1738	 
 77	 111	 1860	 118	 1	 -1742	 
 77	 111	 1860	 118	 1	 -1742	 
 77	 111	 1860	 127	 1	 -1733	 
 77	 111	 1860	 113	 1	 -1747	 
 77	 111	 1860	 129	 1	 -1731	 
 77	 111	 1860	 129	 1	 -1731	 
 77	 111	 1860	 119	 1	 -1741	 
 77	 111	 1860	 118	 1	 -1742	 
 77	 111	 1860	 124	 1	 -1736	 
 77	 111	 1860	 113	 1	 -1747	 
 77	 111	 1860	 114	 1	 -1746	 
 77	 111	 1860	 125	 1	 -1735	 
 77	 111	 1860	 115	 1	 -1745	 
 77	 111	 1860	 128	 1	 -1732	 
 77	 111	 1860	 116	 1	 -1744	 
 77	 111	 1860	 120	 1	 -1740	 
 77	 111	 1860	 121	 1	 -1739	 
 77	 111	 1860	 113	 1	 -1747	 
 77	 111	 1860	 125	 1	 -1735	 
 77	 111	 1860	 116	 1	 -1744	 
 77	 111	 1860	 128	 1	 -1732	 
 77	 111	 1860	 118	 1	 -1742	 
 77	 111	 1860	 118	 1	 -1742	 
 77	 111	 1860	 116	 1	 -1744	 
 77	 111	 1860	 114	 1	 -1746	 
 77	 111	 1860	 127	 1	 -1733	 
 77	 111	 1860	 114	 1	 -1746	 
 77	 111	 1860	 124	 1	 -1736	 
 77	 111	 1860	 125	 1	 -1735	 
 77	 111	 1860	 128	 1	 -1732	 
 77	 111	 1860	 115	 1	 -1745	 
 77	 111	 1860	 115	 1	 -1745	 
 77	 111	 1860	 125	 1	 -1735	 
 77	 111	 1860	 123	 1	 -1737	 
 77	 111	 1860	 123	 1	 -1737	 
 77	 111	 1860	 125	 1	 -1735	 
 77	 111	 1860	 117	 1	 -1743	 
 77	 111	 1860	 129	 1	 -1731	 
 77	 111	 1860	 115	 1	 -1745	 
 77	 111	 1860	 118	 1	 -1742	 
 77	 111	 1860	 128	 1	 -1732	 
 77	 111	 1860	 127	 1	 -1733	 
 77	 111	 1860	 125	 1	 -1735	 
 77	 111	 1860	 122	 1	 -1738	 
 77	 111	 1860	 122	 1	 -1738	 
 0	 0	 0	 0	 0	 0	 
 0	 0	 0	 0	 0	 0	 
 82	 118	 1860	 127	 0	 -1733	 
 82	 118	 1860	 132	 0	 -1728	 
 82	 118	 1860	 129	 0	 -1731	 
 82	 118	 1860	 123	 0	 -1737	 
 82	 118	 1860	 128	 0	 -1732	 
 82	 118	 1860	 128	 0	 -1732	 
 82	 118	 1860	 122	 0	 -1738	 
 82	 118	 1860	 119	 0	 -1741	 
 82	 118	 1860	 124	 0	 -1736	 
 82	 118	 1860	 120	 0	 -1740	 
 82	 118	 1860	 129	 0	 -1731	 
 82	 118	 1860	 122	 0	 -1738	 
 82	 118	 1860	 124	 0	 -1736	 
 82	 118	 1860	 131	 0	 -1729	 
 82	 118	 1860	 120	 0	 -1740	 
 82	 118	 1860	 128	 0	 -1732	 
 82	 118	 1860	 131	 0	 -1729	 
 82	 118	 1860	 129	 0	 -1731	 
 82	 118	 1860	 133	 0	 -1727	 
 82	 118	 1860	 121	 0	 -1739	 
 82	 118	 1860	 130	 0	 -1730	 
 82	 118	 1860	 125	 0	 -1735	 
 82	 118	 1860	 123	 0	 -1737	 
 82	 118	 1860	 119	 0	 -1741	 
 82	 118	 1860	 134	 0	 -1726	 
 82	 118	 1860	 136	 0	 -1724	 
 82	 118	 1860	 134	 0	 -1726	 
 82	 118	 1860	 125	 0	 -1735	 
 82	 118	 1860	 119	 0	 -1741	 
 82	 118	 1860	 131	 0	 -1729	 
 82	 118	 1860	 121	 0	 -1739	 
 82	 118	 1860	 128	 0	 -1732	 
 82	 118	 1860	 133	 0	 -1727	 
 82	 118	 1860	 127	 0	 -1733	 
 82	 118	 1860	 123	 0	 -1737	 
 82	 118	 1860	 132	 0	 -1728	 
 82	 118	 1860	 130	 0	 -1730	 
 82	 118	 1860	 127	 0	 -1733	 
 82	 118	 1860	 122	 0	 -1738	 
 82	 118	 1860	 131	 0	 -1729	 
 82	 118	 1860	 119	 0	 -1741	 
 82	 118	 1860	 126	 0	 -1734	 
 82	 118	 1860	 131	 0	 -1729	 
 82	 118	 1860	 131	 0	 -1729	 
 82	 118	 1860	 134	 0	 -1726	 
 82	 118	 1860	 124	 0	 -1736	 
 82	 118	 1860	 129	 0	 -1731	 
 82	 118	 1860	 123	 0	 -1737	 
 82	 118	 1860	 121	 0	 -1739	 
 82	 118	 1860	 133	 0	 -1727	 
 82	 118	 1860	 132	 0	 -1728	 
 82	 118	 1860	 130	 0	 -1730	 
 82	 118	 1860	 135	 0	 -1725	 
 82	 118	 1860	 136	 0	 -1724	 
 82	 118	 1860	 126	 0	 -1734	 
 82	 118	 1860	 131	 0	 -1729	 
 82	 118	 1860	 132	 0	 -1728	 
 82	 118	 1860	 123	 0	 -1737	 
 82	 118	 1860	 131	 0	 -1729	 
 82	 118	 1860	 131	 0	 -1729	 
 82	 118	 1860	 119	 0	 -1741	 
 82	 118	 1860	 128	 0	 -1732	 
 82	 118	 1860	 136	 0	 -1724	 
 82	 118	 1860	 131	 0	 -1729	 
 82	 118	 1860	 124	 0	 -1736	 
 82	 118	 1860	 135	 0	 -1725	 
 82	 118	 1860	 134	 0	 -1726	 
 82	 118	 1860	 122	 0	 -1738	 
 82	 118	 1860	 130	 0	 -1730	 
 82	 118	 1860	 123	 0	 -1737	 
 82	 118	 1860	 125	 0	 -1735	 
 82	 118	 1860	 121	 0	 -1739	 
 82	 118	 1860	 135	 0	 -1725	 
 82	 118	 1860	 132	 0	 -1728	 
 82	 118	 1860	 123	 0	 -1737	 
 82	 118	 1860	 123	 0	 -1737	 
 82	 118	 1860	 126	 0	 -1734	 
 82	 118	 1860	 135	 0	 -1725	 
 82	 118	 1860	 128	 0	 -1732	 
 82	 118	 1860	 123	 0	 -1737	 
 82	 118	 1860	 122	 0	 -1738	 
 82	 118	 1860	 134	 0	 -1726	 
 82	 118	 1860	 134	 0	 -1726	 
 82	 118	 1860	 125	 0	 -1735	 
 82	 118	 1860	 126	 0	 -1734	 
 82	 118	 1860	 133	 0	 -1727	 
 82	 118	 1860	 125	 0	 -1735	 
 82	 118	 1860	 128	 0	 -1732	 
 82	 118	 1860	 133	 0	 -1727	 
 82	 118	 1860	 120	 0	 -1740	 
 82	 118	 1860	 130	 0	 -1730	 
 82	 118	 1860	 121	 0	 -1739	 
 82	 118	 1860	 130	 0	 -1730	 
 82	 118	 1860	 123	 0	 -1737	 
 82	 118	 1860	 134	 0	 -1726	 
 82	 118	 1860	 128	 0	 -1732	 
 82	 118	 1860	 124	 0	 -1736	 
 82	 118	 1860	 125	 0	 -1735	 
 82	 118	 1860	 133	 0	 -1727	 
 0	 0	 0	 0	 0	 0	 
 0	 0	 0	 0	 0	 0	 
 86	 108	 1860	 118	 0	 -1742	 
 86	 108	 1860	 112	 0	 -1748	 
 86	 108	 1860	 113	 0	 -1747	 
 86	 108	 1860	 112	 0	 -1748	 
 86	 108	 1860	 116	 0	 -1744	 
 86	 108	 1860	 110	 0	 -1750	 
 86	 108	 1860	 115	 0	 -1745	 
 86	 108	 1860	 114	 0	 -1746	 
 86	 108	 1860	 117	 0	 -1743	 
 86	 108	 1860	 111	 0	 -1749	 
 86	 108	 1860	 110	 0	 -1750	 
 86	 108	 1860	 109	 0	 -1751	 
 86	 108	 1860	 117	 0	 -1743	 
 86	 108	 1860	 112	 0	 -1748	 
 86	 108	 1860	 113	 0	 -1747	 
 86	 108	 1860	 118	 0	 -1742	 
 86	 108	 1860	 118	 0	 -1742	 
 86	 108	 1860	 117	 0	 -1743	 
 86	 108	 1860	 118	 0	 -1742	 
 86	 108	 1860	 120	 0	 -1740	 
 86	 108	 1860	 117	 0	 -1743	 
 86	 108	 1860	 119	 0	 -1741	 
 86	 108	 1860	 120	 0	 -1740	 
 86	 108	 1860	 118	 0	 -1742	 
 86	 108	 1860	 116	 0	 -1744	 
 86	 108	 1860	 113	 0	 -1747	 
 86	 108	 1860	 114	 0	 -1746	 
 86	 108	 1860	 113	 0	 -1747	 
 86	 108	 1860	 118	 0	 -1742	 
 86	 108	 1860	 114	 0	 -1746	 
 86	 108	 1860	 111	 0	 -1749	 
 86	 108	 1860	 111	 0	 -1749	 
 86	 108	 1860	 118	 0	 -1742	 
 86	 108	 1860	 116	 0	 -1744	 
 86	 108	 1860	 111	 0	 -1749	 
 86	 108	 1860	 110	 0	 -1750	 
 86	 108	 1860	 110	 0	 -1750	 
 86	 108	 1860	 118	 0	 -1742	 
 86	 108	 1860	 110	 0	 -1750	 
 86	 108	 1860	 112	 0	 -1748	 
 86	 108	 1860	 114	 0	 -1746	 
 86	 108	 1860	 120	 0	 -1740	 
 86	 108	 1860	 118	 0	 -1742	 
 86	 108	 1860	 118	 0	 -1742	 
 86	 108	 1860	 112	 0	 -1748	 
 86	 108	 1860	 119	 0	 -1741	 
 86	 108	 1860	 115	 0	 -1745	 
 86	 108	 1860	 119	 0	 -1741	 
 86	 108	 1860	 110	 0	 -1750	 
 86	 108	 1860	 118	 0	 -1742	 
 86	 108	 1860	 109	 0	 -1751	 
 86	 108	 1860	 115	 0	 -1745	 
 86	 108	 1860	 113	 0	 -1747	 
 86	 108	 1860	 119	 0	 -1741	 
 86	 108	 1860	 114	 0	 -1746	 
 86	 108	 1860	 112	 0	 -1748	 
 86	 108	 1860	 119	 0	 -1741	 
 86	 108	 1860	 112	 0	 -1748	 
 86	 108	 1860	 119	 0	 -1741	 
 86	 108	 1860	 112	 0	 -1748	 
 86	 108	 1860	 119	 0	 -1741	 
 86	 108	 1860	 114	 0	 -1746	 
 86	 108	 1860	 113	 0	 -1747	 
 86	 108	 1860	 119	 0	 -1741	 
 86	 108	 1860	 112	 0	 -1748	 
 86	 108	 1860	 113	 0	 -1747	 
 86	 108	 1860	 118	 0	 -1742	 
 86	 108	 1860	 118	 0	 -1742	 
 86	 108	 1860	 110	 0	 -1750	 
 86	 108	 1860	 113	 0	 -1747	 
 86	 108	 1860	 113	 0	 -1747	 
 86	 108	 1860	 116	 0	 -1744	 
 86	 108	 1860	 117	 0	 -1743	 
 86	 108	 1860	 119	 0	 -1741	 
 86	 108	 1860	 116	 0	 -1744	 
 86	 108	 1860	 109	 0	 -1751	 
 86	 108	 1860	 111	 0	 -1749	 
 86	 108	 1860	 115	 0	 -1745	 
 86	 108	 1860	 114	 0	 -1746	 
 86	 108	 1860	 115	 0	 -1745	 
 86	 108	 1860	 112	 0	 -1748	 
 86	 108	 1860	 116	 0	 -1744	 
 86	 108	 1860	 111	 0	 -1749	 
 86	 108	 1860	 117	 0	 -1743	 
 86	 108	 1860	 115	 0	 -1745	 
 86	 108	 1860	 115	 0	 -1745	 
 86	 108	 1860	 117	 0	 -1743	 
 86	 108	 1860	 114	 0	 -1746	 
 86	 108	 1860	 118	 0	 -1742	 
 86	 108	 1860	 114	 0	 -1746	 
 86	 108	 1860	 113	 0	 -1747	 
 86	 108	 1860	 112	 0	 -1748	 
 86	 108	 1860	 113	 0	 -1747	 
 86	 108	 1860	 113	 0	 -1747	 
 86	 108	 1860	 110	 0	 -1750	 
 86	 108	 1860	 119	 0	 -1741	 
 86	 108	 1860	 118	 0	 -1742	 
 86	 108	 1860	 109	 0	 -1751	 
 86	 108	 1860	 113	 0	 -1747	 
 0	 0	 0	 0	 0	 0	 
 0	 0	 0	 0	 0	 0	 
 82	 118	 1860	 121	 0	 -1739	 
 82	 118	 1860	 132	 0	 -1728	 
 82	 118	 1860	 123	 0	 -1737	 
 82	 118	 1860	 127	 0	 -1733	 
 82	 118	 1860	 129	 0	 -1731	 
 82	 118	 1860	 134	 0	 -1726	 
 82	 118	 1860	 121	 0	 -1739	 
 82	 118	 1860	 125	 0	 -1735	 
 82	 118	 1860	 126	 0	 -1734	 
 82	 118	 1860	 122	 0	 -1738	 
 82	 118	 1860	 135	 0	 -1725	 
 82	 118	 1860	 120	 0	 -1740	 
 82	 118	 1860	 119	 0	 -1741	 
 82	 118	 1860	 119	 0	 -1741	 
 82	 118	 1860	 123	 0	 -1737	 
 82	 118	 1860	 132	 0	 -1728	 
 82	 118	 1860	 137	 0	 -1723	 
 82	 118	 1860	 120	 0	 -1740	 
 82	 118	 1860	 120	 0	 -1740	 
 82	 118	 1860	 123	 0	 -1737	 
 82	 118	 1860	 132	 0	 -1728	 
 82	 118	 1860	 129	 0	 -1731	 
 82	 118	 1860	 129	 0	 -1731	 
 82	 118	 1860	 126	 0	 -1734	 
 82	 118	 1860	 134	 0	 -1726	 
 82	 118	 1860	 128	 0	 -1732	 
 82	 118	 1860	 121	 0	 -1739	 
 82	 118	 1860	 124	 0	 -1736	 
 82	 118	 1860	 129	 0	 -1731	 
 82	 118	 1860	 133	 0	 -1727	 
 82	 118	 1860	 136	 0	 -1724	 
 82	 118	 1860	 124	 0	 -1736	 
 82	 118	 1860	 130	 0	 -1730	 
 82	 118	 1860	 130	 0	 -1730	 
 82	 118	 1860	 132	 0	 -1728	 
 82	 118	 1860	 121	 0	 -1739	 
 82	 118	 1860	 125	 0	 -1735	 
 82	 118	 1860	 125	 0	 -1735	 
 82	 118	 1860	 129	 0	 -1731	 
 82	 118	 1860	 130	 0	 -1730	 
 82	 118	 1860	 122	 0	 -1738	 
 82	 118	 1860	 122	 0	 -1738	 
 82	 118	 1860	 131	 0	 -1729	 
 82	 118	 1860	 127	 0	 -1733	 
 82	 118	 1860	 123	 0	 -1737	 
 82	 118	 1860	 136	 0	 -1724	 
 82	 118	 1860	 131	 0	 -1729	 
 82	 118	 1860	 129	 0	 -1731	 
 82	 118	 1860	 120	 0	 -1740	 
 82	 118	 1860	 135	 0	 -1725	 
 82	 118	 1860	 135	 0	 -1725	 
 82	 118	 1860	 123	 0	 -1737	 
 82	 118	 1860	 127	 0	 -1733	 
 82	 118	 1860	 124	 0	 -1736	 
 82	 118	 1860	 119	 0	 -1741	 
 82	 118	 1860	 136	 0	 -1724	 
 82	 118	 1860	 122	 0	 -1738	 
 82	 118	 1860	 137	 0	 -1723	 
 82	 118	 1860	 122	 0	 -1738	 
 82	 118	 1860	 121	 0	 -1739	 
 82	 118	 1860	 128	 0	 -1732	 
 82	 118	 1860	 131	 0	 -1729	 
 82	 118	 1860	 136	 0	 -1724	 
 82	 118	 1860	 135	 0	 -1725	 
 82	 118	 1860	 131	 0	 -1729	 
 82	 118	 1860	 125	 0	 -1735	 
 82	 118	 1860	 134	 0	 -1726	 
 82	 118	 1860	 135	 0	 -1725	 
 82	 118	 1860	 122	 0	 -1738	 
 82	 118	 1860	 129	 0	 -1731	 
 82	 118	 1860	 125	 0	 -1735	 
 82	 118	 1860	 131	 0	 -1729	 
 82	 118	 1860	 121	 0	 -1739	 
 82	 118	 1860	 128	 0	 -1732	 
 82	 118	 1860	 131	 0	 -1729	 
 82	 118	 1860	 137	 0	 -1723	 
 82	 118	 1860	 133	 0	 -1727	 
 82	 118	 1860	 130	 0	 -1730	 
 82	 118	 1860	 126	 0	 -1734	 
 82	 118	 1860	 129	 0	 -1731	 
 82	 118	 1860	 128	 0	 -1732	 
 82	 118	 1860	 125	 0	 -1735	 
 82	 118	 1860	 127	 0	 -1733	 
 82	 118	 1860	 119	 0	 -1741	 
 82	 118	 1860	 120	 0	 -1740	 
 82	 118	 1860	 120	 0	 -1740	 
 82	 118	 1860	 127	 0	 -1733	 
 82	 118	 1860	 136	 0	 -1724	 
 82	 118	 1860	 136	 0	 -1724	 
 82	 118	 1860	 130	 0	 -1730	 
 82	 118	 1860	 132	 0	 -1728	 
 82	 118	 1860	 125	 0	 -1735	 
 82	 118	 1860	 127	 0	 -1733	 
 82	 118	 1860	 129	 0	 -1731	 
 82	 118	 1860	 134	 0	 -1726	 
 82	 118	 1860	 123	 0	 -1737	 
 82	 118	 1860	 121	 0	 -1739	 
 82	 118	 1860	 132	 0	 -1728	 
 82	 118	 1860	 136	 0	 -1724	 
 0	 0	 0	 0	 0	 0	 
 0	 0	 0	 0	 0	 0	 
 86	 97	 1860	 103	 1	 -1757	 
 86	 97	 1860	 103	 1	 -1757	 
 86	 97	 1860	 100	 1	 -1760	 
 86	 97	 1860	 98	 1	 -1762	 
 86	 97	 1860	 103	 1	 -1757	 
 86	 97	 1860	 101	 1	 -1759	 
 86	 97	 1860	 98	 1	 -1762	 
 86	 97	 1860	 100	 1	 -1760	 
 86	 97	 1860	 99	 1	 -1761	 
 86	 97	 1860	 102	 1	 -1758	 
 86	 97	 1860	 101	 1	 -1759	 
 86	 97	 1860	 101	 1	 -1759	 
 86	 97	 1860	 100	 1	 -1760	 
 86	 97	 1860	 102	 1	 -1758	 
 86	 97	 1860	 98	 1	 -1762	 
 86	 97	 1860	 98	 1	 -1762	 
 86	 97	 1860	 101	 1	 -1759	 
 86	 97	 1860	 103	 1	 -1757	 
 86	 97	 1860	 100	 1	 -1760	 
 86	 97	 1860	 99	 1	 -1761	 
 86	 97	 1860	 98	 1	 -1762	 
 86	 97	 1860	 102	 1	 -1758	 
 86	 97	 1860	 99	 1	 -1761	 
 86	 97	 1860	 100	 1	 -1760	 
 86	 97	 1860	 101	 1	 -1759	 
 86	 97	 1860	 100	 1	 -1760	 
 86	 97	 1860	 100	 1	 -1760	 
 86	 97	 1860	 100	 1	 -1760	 
 86	 97	 1860	 101	 1	 -1759	 
 86	 97	 1860	 102	 1	 -1758	 
 86	 97	 1860	 101	 1	 -1759	 
 86	 97	 1860	 100	 1	 -1760	 
 86	 97	 1860	 103	 1	 -1757	 
 86	 97	 1860	 100	 1	 -1760	 
 86	 97	 1860	 102	 1	 -1758	 
 86	 97	 1860	 103	 1	 -1757	 
 86	 97	 1860	 100	 1	 -1760	 
 86	 97	 1860	 102	 1	 -1758	 
 86	 97	 1860	 101	 1	 -1759	 
 86	 97	 1860	 103	 1	 -1757	 
 86	 97	 1860	 99	 1	 -1761	 
 86	 97	 1860	 100	 1	 -1760	 
 86	 97	 1860	 103	 1	 -1757	 
 86	 97	 1860	 101	 1	 -1759	 
 86	 97	 1860	 100	 1	 -1760	 
 86	 97	 1860	 103	 1	 -1757	 
 86	 97	 1860	 98	 1	 -1762	 
 86	 97	 1860	 102	 1	 -1758	 
 86	 97	 1860	 101	 1	 -1759	 
 86	 97	 1860	 99	 1	 -1761	 
 86	 97	 1860	 99	 1	 -1761	 
 86	 97	 1860	 100	 1	 -1760	 
 86	 97	 1860	 102	 1	 -1758	 
 86	 97	 1860	 101	 1	 -1759	 
 86	 97	 1860	 102	 1	 -1758	 
 86	 97	 1860	 101	 1	 -1759	 
 86	 97	 1860	 101	 1	 -1759	 
 86	 97	 1860	 99	 1	 -1761	 
 86	 97	 1860	 103	 1	 -1757	 
 86	 97	 1860	 101	 1	 -1759	 
 86	 97	 1860	 98	 1	 -1762	 
 86	 97	 1860	 101	 1	 -1759	 
 86	 97	 1860	 103	 1	 -1757	 
 86	 97	 1860	 100	 1	 -1760	 
 86	 97	 1860	 101	 1	 -1759	 
 86	 97	 1860	 100	 1	 -1760	 
 86	 97	 1860	 103	 1	 -1757	 
 86	 97	 1860	 102	 1	 -1758	 
 86	 97	 1860	 100	 1	 -1760	 
 86	 97	 1860	 102	 1	 -1758	 
 86	 97	 1860	 98	 1	 -1762	 
 86	 97	 1860	 100	 1	 -1760	 
 86	 97	 1860	 102	 1	 -1758	 
 86	 97	 1860	 101	 1	 -1759	 
 86	 97	 1860	 103	 1	 -1757	 
 86	 97	 1860	 103	 1	 -1757	 
 86	 97	 1860	 98	 1	 -1762	 
 86	 97	 1860	 98	 1	 -1762	 
 86	 97	 1860	 100	 1	 -1760	 
 86	 97	 1860	 99	 1	 -1761	 
 86	 97	 1860	 102	 1	 -1758	 
 86	 97	 1860	 98	 1	 -1762	 
 86	 97	 1860	 102	 1	 -1758	 
 86	 97	 1860	 98	 1	 -1762	 
 86	 97	 1860	 98	 1	 -1762	 
 86	 97	 1860	 100	 1	 -1760	 
 86	 97	 1860	 102	 1	 -1758	 
 86	 97	 1860	 98	 1	 -1762	 
 86	 97	 1860	 102	 1	 -1758	 
 86	 97	 1860	 102	 1	 -1758	 
 86	 97	 1860	 103	 1	 -1757	 
 86	 97	 1860	 103	 1	 -1757	 
 86	 97	 1860	 101	 1	 -1759	 
 86	 97	 1860	 99	 1	 -1761	 
 86	 97	 1860	 98	 1	 -1762	 
 86	 97	 1860	 101	 1	 -1759	 
 86	 97	 1860	 101	 1	 -1759	 
 86	 97	 1860	 103	 1	 -1757	 
 86	 97	 1860	 102	 1	 -1758	 
 0	 0	 0	 0	 0	 0	 
 0	 0	 0	 0	 0	 0	 
 82	 118	 1860	 130	 0	 -1730	 
 82	 118	 1860	 132	 0	 -1728	 
 82	 118	 1860	 134	 0	 -1726	 
 82	 118	 1860	 120	 0	 -1740	 
 82	 118	 1860	 129	 0	 -1731	 
 82	 118	 1860	 134	 0	 -1726	 
 82	 118	 1860	 125	 0	 -1735	 
 82	 118	 1860	 130	 0	 -1730	 
 82	 118	 1860	 133	 0	 -1727	 
 82	 118	 1860	 131	 0	 -1729	 
 82	 118	 1860	 136	 0	 -1724	 
 82	 118	 1860	 133	 0	 -1727	 
 82	 118	 1860	 133	 0	 -1727	 
 82	 118	 1860	 125	 0	 -1735	 
 82	 118	 1860	 120	 0	 -1740	 
 82	 118	 1860	 134	 0	 -1726	 
 82	 118	 1860	 129	 0	 -1731	 
 82	 118	 1860	 126	 0	 -1734	 
 82	 118	 1860	 121	 0	 -1739	 
 82	 118	 1860	 126	 0	 -1734	 
 82	 118	 1860	 131	 0	 -1729	 
 82	 118	 1860	 121	 0	 -1739	 
 82	 118	 1860	 132	 0	 -1728	 
 82	 118	 1860	 135	 0	 -1725	 
 82	 118	 1860	 128	 0	 -1732	 
 82	 118	 1860	 123	 0	 -1737	 
 82	 118	 1860	 130	 0	 -1730	 
 82	 118	 1860	 136	 0	 -1724	 
 82	 118	 1860	 134	 0	 -1726	 
 82	 118	 1860	 125	 0	 -1735	 
 82	 118	 1860	 119	 0	 -1741	 
 82	 118	 1860	 131	 0	 -1729	 
 82	 118	 1860	 119	 0	 -1741	 
 82	 118	 1860	 121	 0	 -1739	 
 82	 118	 1860	 123	 0	 -1737	 
 82	 118	 1860	 131	 0	 -1729	 
 82	 118	 1860	 135	 0	 -1725	 
 82	 118	 1860	 134	 0	 -1726	 
 82	 118	 1860	 134	 0	 -1726	 
 82	 118	 1860	 126	 0	 -1734	 
 82	 118	 1860	 126	 0	 -1734	 
 82	 118	 1860	 127	 0	 -1733	 
 82	 118	 1860	 129	 0	 -1731	 
 82	 118	 1860	 123	 0	 -1737	 
 82	 118	 1860	 126	 0	 -1734	 
 82	 118	 1860	 119	 0	 -1741	 
 82	 118	 1860	 127	 0	 -1733	 
 82	 118	 1860	 136	 0	 -1724	 
 82	 118	 1860	 132	 0	 -1728	 
 82	 118	 1860	 124	 0	 -1736	 
 82	 118	 1860	 119	 0	 -1741	 
 82	 118	 1860	 119	 0	 -1741	 
 82	 118	 1860	 119	 0	 -1741	 
 82	 118	 1860	 120	 0	 -1740	 
 82	 118	 1860	 119	 0	 -1741	 
 82	 118	 1860	 123	 0	 -1737	 
 82	 118	 1860	 129	 0	 -1731	 
 82	 118	 1860	 122	 0	 -1738	 
 82	 118	 1860	 129	 0	 -1731	 
 82	 118	 1860	 133	 0	 -1727	 
 82	 118	 1860	 127	 0	 -1733	 
 82	 118	 1860	 130	 0	 -1730	 
 82	 118	 1860	 130	 0	 -1730	 
 82	 118	 1860	 122	 0	 -1738	 
 82	 118	 1860	 135	 0	 -1725	 
 82	 118	 1860	 124	 0	 -1736	 
 82	 118	 1860	 123	 0	 -1737	 
 82	 118	 1860	 134	 0	 -1726	 
 82	 118	 1860	 132	 0	 -1728	 
 82	 118	 1860	 136	 0	 -1724	 
 82	 118	 1860	 134	 0	 -1726	 
 82	 118	 1860	 119	 0	 -1741	 
 82	 118	 1860	 126	 0	 -1734	 
 82	 118	 1860	 131	 0	 -1729	 
 82	 118	 1860	 128	 0	 -1732	 
 82	 118	 1860	 132	 0	 -1728	 
 82	 118	 1860	 127	 0	 -1733	 
 82	 118	 1860	 126	 0	 -1734	 
 82	 118	 1860	 128	 0	 -1732	 
 82	 118	 1860	 126	 0	 -1734	 
 82	 118	 1860	 135	 0	 -1725	 
 82	 118	 1860	 128	 0	 -1732	 
 82	 118	 1860	 124	 0	 -1736	 
 82	 118	 1860	 128	 0	 -1732	 
 82	 118	 1860	 127	 0	 -1733	 
 82	 118	 1860	 136	 0	 -1724	 
 82	 118	 1860	 130	 0	 -1730	 
 82	 118	 1860	 130	 0	 -1730	 
 82	 118	 1860	 122	 0	 -1738	 
 82	 118	 1860	 132	 0	 -1728	 
 82	 118	 1860	 131	 0	 -1729	 
 82	 118	 1860	 120	 0	 -1740	 
 82	 118	 1860	 130	 0	 -1730	 
 82	 118	 1860	 124	 0	 -1736	 
 82	 118	 1860	 133	 0	 -1727	 
 82	 118	 1860	 119	 0	 -1741	 
 82	 118	 1860	 124	 0	 -1736	 
 82	 118	 1860	 124	 0	 -1736	 
 82	 118	 1860	 128	 0	 -1732	 
 0	 0	 0	 0	 0	 0	 
 0	 0	 0	 0	 0	 0	 
 82	 118	 1860	 121	 0	 -1739	 
 82	 118	 1860	 125	 0	 -1735	 
 82	 118	 1860	 132	 0	 -1728	 
 82	 118	 1860	 129	 0	 -1731	 
 82	 118	 1860	 130	 0	 -1730	 
 82	 118	 1860	 135	 0	 -1725	 
 82	 118	 1860	 137	 0	 -1723	 
 82	 118	 1860	 127	 0	 -1733	 
 82	 118	 1860	 135	 0	 -1725	 
 82	 118	 1860	 119	 0	 -1741	 
 82	 118	 1860	 126	 0	 -1734	 
 82	 118	 1860	 132	 0	 -1728	 
 82	 118	 1860	 132	 0	 -1728	 
 82	 118	 1860	 133	 0	 -1727	 
 82	 118	 1860	 120	 0	 -1740	 
 82	 118	 1860	 120	 0	 -1740	 
 82	 118	 1860	 133	 0	 -1727	 
 82	 118	 1860	 133	 0	 -1727	 
 82	 118	 1860	 133	 0	 -1727	 
 82	 118	 1860	 133	 0	 -1727	 
 82	 118	 1860	 124	 0	 -1736	 
 82	 118	 1860	 132	 0	 -1728	 
 82	 118	 1860	 130	 0	 -1730	 
 82	 118	 1860	 119	 0	 -1741	 
 82	 118	 1860	 123	 0	 -1737	 
 82	 118	 1860	 136	 0	 -1724	 
 82	 118	 1860	 127	 0	 -1733	 
 82	 118	 1860	 128	 0	 -1732	 
 82	 118	 1860	 127	 0	 -1733	 
 82	 118	 1860	 121	 0	 -1739	 
 82	 118	 1860	 136	 0	 -1724	 
 82	 118	 1860	 128	 0	 -1732	 
 82	 118	 1860	 126	 0	 -1734	 
 82	 118	 1860	 129	 0	 -1731	 
 82	 118	 1860	 120	 0	 -1740	 
 82	 118	 1860	 123	 0	 -1737	 
 82	 118	 1860	 125	 0	 -1735	 
 82	 118	 1860	 127	 0	 -1733	 
 82	 118	 1860	 131	 0	 -1729	 
 82	 118	 1860	 129	 0	 -1731	 
 82	 118	 1860	 121	 0	 -1739	 
 82	 118	 1860	 128	 0	 -1732	 
 82	 118	 1860	 121	 0	 -1739	 
 82	 118	 1860	 123	 0	 -1737	 
 82	 118	 1860	 135	 0	 -1725	 
 82	 118	 1860	 134	 0	 -1726	 
 82	 118	 1860	 123	 0	 -1737	 
 82	 118	 1860	 125	 0	 -1735	 
 82	 118	 1860	 137	 0	 -1723	 
 82	 118	 1860	 131	 0	 -1729	 
 82	 118	 1860	 128	 0	 -1732	 
 82	 118	 1860	 128	 0	 -1732	 
 82	 118	 1860	 133	 0	 -1727	 
 82	 118	 1860	 136	 0	 -1724	 
 82	 118	 1860	 134	 0	 -1726	 
 82	 118	 1860	 131	 0	 -1729	 
 82	 118	 1860	 122	 0	 -1738	 
 82	 118	 1860	 121	 0	 -1739	 
 82	 118	 1860	 122	 0	 -1738	 
 82	 118	 1860	 119	 0	 -1741	 
 82	 118	 1860	 119	 0	 -1741	 
 82	 118	 1860	 137	 0	 -1723	 
 82	 118	 1860	 132	 0	 -1728	 
 82	 118	 1860	 133	 0	 -1727	 
 82	 118	 1860	 120	 0	 -1740	 
 82	 118	 1860	 137	 0	 -1723	 
 82	 118	 1860	 126	 0	 -1734	 
 82	 118	 1860	 127	 0	 -1733	 
 82	 118	 1860	 136	 0	 -1724	 
 82	 118	 1860	 132	 0	 -1728	 
 82	 118	 1860	 136	 0	 -1724	 
 82	 118	 1860	 125	 0	 -1735	 
 82	 118	 1860	 122	 0	 -1738	 
 82	 118	 1860	 133	 0	 -1727	 
 82	 118	 1860	 135	 0	 -1725	 
 82	 118	 1860	 119	 0	 -1741	 
 82	 118	 1860	 133	 0	 -1727	 
 82	 118	 1860	 125	 0	 -1735	 
 82	 118	 1860	 125	 0	 -1735	 
 82	 118	 1860	 122	 0	 -1738	 
 82	 118	 1860	 134	 0	 -1726	 
 82	 118	 1860	 130	 0	 -1730	 
 82	 118	 1860	 122	 0	 -1738	 
 82	 118	 1860	 123	 0	 -1737	 
 82	 118	 1860	 137	 0	 -1723	 
 82	 118	 1860	 124	 0	 -1736	 
 82	 118	 1860	 130	 0	 -1730	 
 82	 118	 1860	 132	 0	 -1728	 
 82	 118	 1860	 135	 0	 -1725	 
 82	 118	 1860	 124	 0	 -1736	 
 82	 118	 1860	 128	 0	 -1732	 
 82	 118	 1860	 124	 0	 -1736	 
 82	 118	 1860	 136	 0	 -1724	 
 82	 118	 1860	 132	 0	 -1728	 
 82	 118	 1860	 133	 0	 -1727	 
 82	 118	 1860	 129	 0	 -1731	 
 82	 118	 1860	 121	 0	 -1739	 
 82	 118	 1860	 136	 0	 -1724	 
 82	 118	 1860	 124	 0	 -1736	 
 0	 0	 0	 0	 0	 0	 
 