6.251947e-01	 -5.433237e-02	 9.567504e-03	 2.281808e-01	 1.071272e+05	 1.071272e+05	 0	 
 6.251947e-01	 -5.433237e-02	 9.567504e-03	 2.281808e-01	 1.071272e+05	 1.071272e+05	 0	 
 6.251947e-01	 -5.433237e-02	 9.567504e-03	 2.281808e-01	 1.071272e+05	 1.071272e+05	 0	 
 6.251947e-01	 -5.433237e-02	 9.567504e-03	 2.281808e-01	 1.071272e+05	 1.071272e+05	 0	 
 6.251947e-01	 -5.433237e-02	 9.567504e-03	 2.281808e-01	 1.071272e+05	 1.071272e+05	 0	 
 6.251947e-01	 -5.433237e-02	 9.567504e-03	 2.281808e-01	 1.071272e+05	 1.071272e+05	 0	 
 5.033847e-02	 -6.607325e-05	 3.871169e-01	 4.307116e-01	 4.618525e+04	 4.618525e+04	 0	 
 5.033847e-02	 -6.607325e-05	 3.871169e-01	 4.307116e-01	 4.618525e+04	 4.618525e+04	 0	 
 5.033847e-02	 -6.607325e-05	 3.871169e-01	 4.307116e-01	 4.618525e+04	 4.618525e+04	 0	 
 5.033847e-02	 -6.607325e-05	 3.871169e-01	 4.307116e-01	 4.618525e+04	 4.618525e+04	 0	 
 5.033847e-02	 -6.607325e-05	 3.871169e-01	 4.307116e-01	 4.618525e+04	 4.618525e+04	 0	 
 5.033847e-02	 -6.607325e-05	 3.871169e-01	 4.307116e-01	 4.618525e+04	 4.618525e+04	 0	 
 7.086413e-02	 -7.453765e-03	 6.134557e-01	 2.663894e-01	 8.801251e+04	 8.801251e+04	 0	 
 7.086413e-02	 -7.453765e-03	 6.134557e-01	 2.663894e-01	 8.801251e+04	 8.801251e+04	 0	 
 7.086413e-02	 -7.453765e-03	 6.134557e-01	 2.663894e-01	 8.801251e+04	 8.801251e+04	 0	 
 7.086413e-02	 -7.453765e-03	 6.134557e-01	 2.663894e-01	 8.801251e+04	 8.801251e+04	 0	 
 7.086413e-02	 -7.453765e-03	 6.134557e-01	 2.663894e-01	 8.801251e+04	 8.801251e+04	 0	 
 7.086413e-02	 -7.453765e-03	 6.134557e-01	 2.663894e-01	 8.801251e+04	 8.801251e+04	 0	 
 4.563035e-01	 -4.139671e-02	 2.662958e-01	 1.791611e-01	 1.221304e+05	 1.221304e+05	 0	 
 4.563035e-01	 -4.139671e-02	 2.662958e-01	 1.791611e-01	 1.221304e+05	 1.221304e+05	 0	 
 4.563035e-01	 -4.139671e-02	 2.662958e-01	 1.791611e-01	 1.221304e+05	 1.221304e+05	 0	 
 4.563035e-01	 -4.139671e-02	 2.662958e-01	 1.791611e-01	 1.221304e+05	 1.221304e+05	 0	 
 4.563035e-01	 -4.139671e-02	 2.662958e-01	 1.791611e-01	 1.221304e+05	 1.221304e+05	 0	 
 4.563035e-01	 -4.139671e-02	 2.662958e-01	 1.791611e-01	 1.221304e+05	 1.221304e+05	 0	 
 9.278345e-02	 -7.824738e-03	 3.066182e-01	 4.519936e-01	 6.147599e+04	 6.147599e+04	 0	 
 9.278345e-02	 -7.824738e-03	 3.066182e-01	 4.519936e-01	 6.147599e+04	 6.147599e+04	 0	 
 9.278345e-02	 -7.824738e-03	 3.066182e-01	 4.519936e-01	 6.147599e+04	 6.147599e+04	 0	 
 9.278345e-02	 -7.824738e-03	 3.066182e-01	 4.519936e-01	 6.147599e+04	 6.147599e+04	 0	 
 9.278345e-02	 -7.824738e-03	 3.066182e-01	 4.519936e-01	 6.147599e+04	 6.147599e+04	 0	 
 9.278345e-02	 -7.824738e-03	 3.066182e-01	 4.519936e-01	 6.147599e+04	 6.147599e+04	 0	 
 1.341208e-01	 -9.255931e-03	 6.719619e-01	 1.858445e-01	 9.804524e+04	 9.804524e+04	 0	 
 1.341208e-01	 -9.255931e-03	 6.719619e-01	 1.858445e-01	 9.804524e+04	 9.804524e+04	 0	 
 1.341208e-01	 -9.255931e-03	 6.719619e-01	 1.858445e-01	 9.804524e+04	 9.804524e+04	 0	 
 1.341208e-01	 -9.255931e-03	 6.719619e-01	 1.858445e-01	 9.804524e+04	 9.804524e+04	 0	 
 1.341208e-01	 -9.255931e-03	 6.719619e-01	 1.858445e-01	 9.804524e+04	 9.804524e+04	 0	 
 1.341208e-01	 -9.255931e-03	 6.719619e-01	 1.858445e-01	 9.804524e+04	 9.804524e+04	 0	 
 3.761398e-01	 -1.816970e-02	 4.229321e-01	 1.340349e-01	 7.363400e+04	 7.363400e+04	 0	 
 3.761398e-01	 -1.816970e-02	 4.229321e-01	 1.340349e-01	 7.363400e+04	 7.363400e+04	 0	 
 3.761398e-01	 -1.816970e-02	 4.229321e-01	 1.340349e-01	 7.363400e+04	 7.363400e+04	 0	 
 3.761398e-01	 -1.816970e-02	 4.229321e-01	 1.340349e-01	 7.363400e+04	 7.363400e+04	 0	 
 3.761398e-01	 -1.816970e-02	 4.229321e-01	 1.340349e-01	 7.363400e+04	 7.363400e+04	 0	 
 3.761398e-01	 -1.816970e-02	 4.229321e-01	 1.340349e-01	 7.363400e+04	 7.363400e+04	 0	 
 4.877919e-01	 -2.792193e-02	 -1.585005e-01	 4.083480e-01	 7.671635e+04	 7.671635e+04	 0	 
 4.877919e-01	 -2.792193e-02	 -1.585005e-01	 4.083480e-01	 7.671635e+04	 7.671635e+04	 0	 
 4.877919e-01	 -2.792193e-02	 -1.585005e-01	 4.083480e-01	 7.671635e+04	 7.671635e+04	 0	 
 4.877919e-01	 -2.792193e-02	 -1.585005e-01	 4.083480e-01	 7.671635e+04	 7.671635e+04	 0	 
 4.877919e-01	 -2.792193e-02	 -1.585005e-01	 4.083480e-01	 7.671635e+04	 7.671635e+04	 0	 
 4.877919e-01	 -2.792193e-02	 -1.585005e-01	 4.083480e-01	 7.671635e+04	 7.671635e+04	 0	 
 -6.852420e-01	 -6.909177e-02	 4.350268e+00	 -1.347174e+00	 1.234531e+05	 1.234531e+05	 0	 
 -6.852420e-01	 -6.909177e-02	 4.350268e+00	 -1.347174e+00	 1.234531e+05	 1.234531e+05	 0	 
 -6.852420e-01	 -6.909177e-02	 4.350268e+00	 -1.347174e+00	 1.234531e+05	 1.234531e+05	 0	 
 -6.852420e-01	 -6.909177e-02	 4.350268e+00	 -1.347174e+00	 1.234531e+05	 1.234531e+05	 0	 
 -6.852420e-01	 -6.909177e-02	 4.350268e+00	 -1.347174e+00	 1.234531e+05	 1.234531e+05	 0	 
 -6.852420e-01	 -6.909177e-02	 4.350268e+00	 -1.347174e+00	 1.234531e+05	 1.234531e+05	 0	 
 2.395780e-01	 -1.155295e-03	 6.586776e-02	 4.493516e-01	 7.975016e+04	 7.975016e+04	 0	 
 2.395780e-01	 -1.155295e-03	 6.586776e-02	 4.493516e-01	 7.975016e+04	 7.975016e+04	 0	 
 2.395780e-01	 -1.155295e-03	 6.586776e-02	 4.493516e-01	 7.975016e+04	 7.975016e+04	 0	 
 2.395780e-01	 -1.155295e-03	 6.586776e-02	 4.493516e-01	 7.975016e+04	 7.975016e+04	 0	 
 2.395780e-01	 -1.155295e-03	 6.586776e-02	 4.493516e-01	 7.975016e+04	 7.975016e+04	 0	 
 2.395780e-01	 -1.155295e-03	 6.586776e-02	 4.493516e-01	 7.975016e+04	 7.975016e+04	 0	 
 2.395780e-01	 -1.155295e-03	 6.586776e-02	 4.493516e-01	 7.975016e+04	 7.975016e+04	 0	 
 2.395780e-01	 -1.155295e-03	 6.586776e-02	 4.493516e-01	 7.975016e+04	 7.975016e+04	 0	 
 2.395780e-01	 -1.155295e-03	 6.586776e-02	 4.493516e-01	 7.975016e+04	 7.975016e+04	 0	 
 2.395780e-01	 -1.155295e-03	 6.586776e-02	 4.493516e-01	 7.975016e+04	 7.975016e+04	 0	 
 2.395780e-01	 -1.155295e-03	 6.586776e-02	 4.493516e-01	 7.975016e+04	 7.975016e+04	 0	 
 2.395780e-01	 -1.155295e-03	 6.586776e-02	 4.493516e-01	 7.975016e+04	 7.975016e+04	 0	 
 4.877919e-01	 -2.792193e-02	 -1.585005e-01	 4.083480e-01	 7.671635e+04	 7.671635e+04	 0	 
 4.877919e-01	 -2.792193e-02	 -1.585005e-01	 4.083480e-01	 7.671635e+04	 7.671635e+04	 0	 
 4.877919e-01	 -2.792193e-02	 -1.585005e-01	 4.083480e-01	 7.671635e+04	 7.671635e+04	 0	 
 4.877919e-01	 -2.792193e-02	 -1.585005e-01	 4.083480e-01	 7.671635e+04	 7.671635e+04	 0	 
 4.877919e-01	 -2.792193e-02	 -1.585005e-01	 4.083480e-01	 7.671635e+04	 7.671635e+04	 0	 
 4.877919e-01	 -2.792193e-02	 -1.585005e-01	 4.083480e-01	 7.671635e+04	 7.671635e+04	 0	 
 4.877919e-01	 -2.792193e-02	 -1.585005e-01	 4.083480e-01	 7.671635e+04	 7.671635e+04	 0	 
 4.877919e-01	 -2.792193e-02	 -1.585005e-01	 4.083480e-01	 7.671635e+04	 7.671635e+04	 0	 
 4.877919e-01	 -2.792193e-02	 -1.585005e-01	 4.083480e-01	 7.671635e+04	 7.671635e+04	 0	 
 4.877919e-01	 -2.792193e-02	 -1.585005e-01	 4.083480e-01	 7.671635e+04	 7.671635e+04	 0	 
 4.877919e-01	 -2.792193e-02	 -1.585005e-01	 4.083480e-01	 7.671635e+04	 7.671635e+04	 0	 
 4.877919e-01	 -2.792193e-02	 -1.585005e-01	 4.083480e-01	 7.671635e+04	 7.671635e+04	 0	 
 2.395780e-01	 -1.155295e-03	 6.586776e-02	 4.493516e-01	 7.975016e+04	 7.975016e+04	 0	 
 2.395780e-01	 -1.155295e-03	 6.586776e-02	 4.493516e-01	 7.975016e+04	 7.975016e+04	 0	 
 2.395780e-01	 -1.155295e-03	 6.586776e-02	 4.493516e-01	 7.975016e+04	 7.975016e+04	 0	 
 2.395780e-01	 -1.155295e-03	 6.586776e-02	 4.493516e-01	 7.975016e+04	 7.975016e+04	 0	 
 2.395780e-01	 -1.155295e-03	 6.586776e-02	 4.493516e-01	 7.975016e+04	 7.975016e+04	 0	 
 2.395780e-01	 -1.155295e-03	 6.586776e-02	 4.493516e-01	 7.975016e+04	 7.975016e+04	 0	 
 -6.852420e-01	 -6.909177e-02	 4.350268e+00	 -1.347174e+00	 1.234531e+05	 1.234531e+05	 0	 
 -6.852420e-01	 -6.909177e-02	 4.350268e+00	 -1.347174e+00	 1.234531e+05	 1.234531e+05	 0	 
 -6.852420e-01	 -6.909177e-02	 4.350268e+00	 -1.347174e+00	 1.234531e+05	 1.234531e+05	 0	 
 -6.852420e-01	 -6.909177e-02	 4.350268e+00	 -1.347174e+00	 1.234531e+05	 1.234531e+05	 0	 
 -6.852420e-01	 -6.909177e-02	 4.350268e+00	 -1.347174e+00	 1.234531e+05	 1.234531e+05	 0	 
 -6.852420e-01	 -6.909177e-02	 4.350268e+00	 -1.347174e+00	 1.234531e+05	 1.234531e+05	 0	 
 -6.852420e-01	 -6.909177e-02	 4.350268e+00	 -1.347174e+00	 1.234531e+05	 1.234531e+05	 0	 
 -6.852420e-01	 -6.909177e-02	 4.350268e+00	 -1.347174e+00	 1.234531e+05	 1.234531e+05	 0	 
 -6.852420e-01	 -6.909177e-02	 4.350268e+00	 -1.347174e+00	 1.234531e+05	 1.234531e+05	 0	 
 -6.852420e-01	 -6.909177e-02	 4.350268e+00	 -1.347174e+00	 1.234531e+05	 1.234531e+05	 0	 
 -6.852420e-01	 -6.909177e-02	 4.350268e+00	 -1.347174e+00	 1.234531e+05	 1.234531e+05	 0	 
 -6.852420e-01	 -6.909177e-02	 4.350268e+00	 -1.347174e+00	 1.234531e+05	 1.234531e+05	 0	 
 2.395780e-01	 -1.155295e-03	 6.586776e-02	 4.493516e-01	 7.975016e+04	 7.975016e+04	 0	 
 2.395780e-01	 -1.155295e-03	 6.586776e-02	 4.493516e-01	 7.975016e+04	 7.975016e+04	 0	 
 2.395780e-01	 -1.155295e-03	 6.586776e-02	 4.493516e-01	 7.975016e+04	 7.975016e+04	 0	 
 2.395780e-01	 -1.155295e-03	 6.586776e-02	 4.493516e-01	 7.975016e+04	 7.975016e+04	 0	 
 2.395780e-01	 -1.155295e-03	 6.586776e-02	 4.493516e-01	 7.975016e+04	 7.975016e+04	 0	 
 2.395780e-01	 -1.155295e-03	 6.586776e-02	 4.493516e-01	 7.975016e+04	 7.975016e+04	 0	 
 4.563035e-01	 -4.139671e-02	 2.662958e-01	 1.791611e-01	 1.221304e+05	 1.221304e+05	 0	 
 4.563035e-01	 -4.139671e-02	 2.662958e-01	 1.791611e-01	 1.221304e+05	 1.221304e+05	 0	 
 4.563035e-01	 -4.139671e-02	 2.662958e-01	 1.791611e-01	 1.221304e+05	 1.221304e+05	 0	 
 4.563035e-01	 -4.139671e-02	 2.662958e-01	 1.791611e-01	 1.221304e+05	 1.221304e+05	 0	 
 4.563035e-01	 -4.139671e-02	 2.662958e-01	 1.791611e-01	 1.221304e+05	 1.221304e+05	 0	 
 4.563035e-01	 -4.139671e-02	 2.662958e-01	 1.791611e-01	 1.221304e+05	 1.221304e+05	 0	 
 4.563035e-01	 -4.139671e-02	 2.662958e-01	 1.791611e-01	 1.221304e+05	 1.221304e+05	 0	 
 4.563035e-01	 -4.139671e-02	 2.662958e-01	 1.791611e-01	 1.221304e+05	 1.221304e+05	 0	 
 4.563035e-01	 -4.139671e-02	 2.662958e-01	 1.791611e-01	 1.221304e+05	 1.221304e+05	 0	 
 4.563035e-01	 -4.139671e-02	 2.662958e-01	 1.791611e-01	 1.221304e+05	 1.221304e+05	 0	 
 4.563035e-01	 -4.139671e-02	 2.662958e-01	 1.791611e-01	 1.221304e+05	 1.221304e+05	 0	 
 4.563035e-01	 -4.139671e-02	 2.662958e-01	 1.791611e-01	 1.221304e+05	 1.221304e+05	 0	 
 2.395780e-01	 -1.155295e-03	 6.586776e-02	 4.493516e-01	 7.975016e+04	 7.975016e+04	 0	 
 2.395780e-01	 -1.155295e-03	 6.586776e-02	 4.493516e-01	 7.975016e+04	 7.975016e+04	 0	 
 2.395780e-01	 -1.155295e-03	 6.586776e-02	 4.493516e-01	 7.975016e+04	 7.975016e+04	 0	 
 2.395780e-01	 -1.155295e-03	 6.586776e-02	 4.493516e-01	 7.975016e+04	 7.975016e+04	 0	 
 2.395780e-01	 -1.155295e-03	 6.586776e-02	 4.493516e-01	 7.975016e+04	 7.975016e+04	 0	 
 2.395780e-01	 -1.155295e-03	 6.586776e-02	 4.493516e-01	 7.975016e+04	 7.975016e+04	 0	 
 1.341208e-01	 -9.255931e-03	 6.719619e-01	 1.858445e-01	 9.804524e+04	 9.804524e+04	 0	 
 1.341208e-01	 -9.255931e-03	 6.719619e-01	 1.858445e-01	 9.804524e+04	 9.804524e+04	 0	 
 1.341208e-01	 -9.255931e-03	 6.719619e-01	 1.858445e-01	 9.804524e+04	 9.804524e+04	 0	 
 1.341208e-01	 -9.255931e-03	 6.719619e-01	 1.858445e-01	 9.804524e+04	 9.804524e+04	 0	 
 1.341208e-01	 -9.255931e-03	 6.719619e-01	 1.858445e-01	 9.804524e+04	 9.804524e+04	 0	 
 1.341208e-01	 -9.255931e-03	 6.719619e-01	 1.858445e-01	 9.804524e+04	 9.804524e+04	 0	 
 1.341208e-01	 -9.255931e-03	 6.719619e-01	 1.858445e-01	 9.804524e+04	 9.804524e+04	 0	 
 1.341208e-01	 -9.255931e-03	 6.719619e-01	 1.858445e-01	 9.804524e+04	 9.804524e+04	 0	 
 1.341208e-01	 -9.255931e-03	 6.719619e-01	 1.858445e-01	 9.804524e+04	 9.804524e+04	 0	 
 1.341208e-01	 -9.255931e-03	 6.719619e-01	 1.858445e-01	 9.804524e+04	 9.804524e+04	 0	 
 1.341208e-01	 -9.255931e-03	 6.719619e-01	 1.858445e-01	 9.804524e+04	 9.804524e+04	 0	 
 1.341208e-01	 -9.255931e-03	 6.719619e-01	 1.858445e-01	 9.804524e+04	 9.804524e+04	 0	 
 2.395780e-01	 -1.155295e-03	 6.586776e-02	 4.493516e-01	 7.975016e+04	 7.975016e+04	 0	 
 2.395780e-01	 -1.155295e-03	 6.586776e-02	 4.493516e-01	 7.975016e+04	 7.975016e+04	 0	 
 2.395780e-01	 -1.155295e-03	 6.586776e-02	 4.493516e-01	 7.975016e+04	 7.975016e+04	 0	 
 2.395780e-01	 -1.155295e-03	 6.586776e-02	 4.493516e-01	 7.975016e+04	 7.975016e+04	 0	 
 2.395780e-01	 -1.155295e-03	 6.586776e-02	 4.493516e-01	 7.975016e+04	 7.975016e+04	 0	 
 2.395780e-01	 -1.155295e-03	 6.586776e-02	 4.493516e-01	 7.975016e+04	 7.975016e+04	 0	 
 3.761398e-01	 -1.816970e-02	 4.229321e-01	 1.340349e-01	 7.363400e+04	 7.363400e+04	 0	 
 3.761398e-01	 -1.816970e-02	 4.229321e-01	 1.340349e-01	 7.363400e+04	 7.363400e+04	 0	 
 3.761398e-01	 -1.816970e-02	 4.229321e-01	 1.340349e-01	 7.363400e+04	 7.363400e+04	 0	 
 3.761398e-01	 -1.816970e-02	 4.229321e-01	 1.340349e-01	 7.363400e+04	 7.363400e+04	 0	 
 3.761398e-01	 -1.816970e-02	 4.229321e-01	 1.340349e-01	 7.363400e+04	 7.363400e+04	 0	 
 3.761398e-01	 -1.816970e-02	 4.229321e-01	 1.340349e-01	 7.363400e+04	 7.363400e+04	 0	 
 3.761398e-01	 -1.816970e-02	 4.229321e-01	 1.340349e-01	 7.363400e+04	 7.363400e+04	 0	 
 3.761398e-01	 -1.816970e-02	 4.229321e-01	 1.340349e-01	 7.363400e+04	 7.363400e+04	 0	 
 3.761398e-01	 -1.816970e-02	 4.229321e-01	 1.340349e-01	 7.363400e+04	 7.363400e+04	 0	 
 3.761398e-01	 -1.816970e-02	 4.229321e-01	 1.340349e-01	 7.363400e+04	 7.363400e+04	 0	 
 3.761398e-01	 -1.816970e-02	 4.229321e-01	 1.340349e-01	 7.363400e+04	 7.363400e+04	 0	 
 3.761398e-01	 -1.816970e-02	 4.229321e-01	 1.340349e-01	 7.363400e+04	 7.363400e+04	 0	 
 2.395780e-01	 -1.155295e-03	 6.586776e-02	 4.493516e-01	 7.975016e+04	 7.975016e+04	 0	 
 2.395780e-01	 -1.155295e-03	 6.586776e-02	 4.493516e-01	 7.975016e+04	 7.975016e+04	 0	 
 2.395780e-01	 -1.155295e-03	 6.586776e-02	 4.493516e-01	 7.975016e+04	 7.975016e+04	 0	 
 2.395780e-01	 -1.155295e-03	 6.586776e-02	 4.493516e-01	 7.975016e+04	 7.975016e+04	 0	 
 2.395780e-01	 -1.155295e-03	 6.586776e-02	 4.493516e-01	 7.975016e+04	 7.975016e+04	 0	 
 2.395780e-01	 -1.155295e-03	 6.586776e-02	 4.493516e-01	 7.975016e+04	 7.975016e+04	 0	 
 2.395780e-01	 -1.155295e-03	 6.586776e-02	 4.493516e-01	 7.975016e+04	 7.975016e+04	 0	 
 2.395780e-01	 -1.155295e-03	 6.586776e-02	 4.493516e-01	 7.975016e+04	 7.975016e+04	 0	 
 2.395780e-01	 -1.155295e-03	 6.586776e-02	 4.493516e-01	 7.975016e+04	 7.975016e+04	 0	 
 2.395780e-01	 -1.155295e-03	 6.586776e-02	 4.493516e-01	 7.975016e+04	 7.975016e+04	 0	 
 2.395780e-01	 -1.155295e-03	 6.586776e-02	 4.493516e-01	 7.975016e+04	 7.975016e+04	 0	 
 2.395780e-01	 -1.155295e-03	 6.586776e-02	 4.493516e-01	 7.975016e+04	 7.975016e+04	 0	 
 2.395780e-01	 -1.155295e-03	 6.586776e-02	 4.493516e-01	 7.975016e+04	 7.975016e+04	 0	 
 2.395780e-01	 -1.155295e-03	 6.586776e-02	 4.493516e-01	 7.975016e+04	 7.975016e+04	 0	 
 2.395780e-01	 -1.155295e-03	 6.586776e-02	 4.493516e-01	 7.975016e+04	 7.975016e+04	 0	 
 2.395780e-01	 -1.155295e-03	 6.586776e-02	 4.493516e-01	 7.975016e+04	 7.975016e+04	 0	 
 2.395780e-01	 -1.155295e-03	 6.586776e-02	 4.493516e-01	 7.975016e+04	 7.975016e+04	 0	 
 2.395780e-01	 -1.155295e-03	 6.586776e-02	 4.493516e-01	 7.975016e+04	 7.975016e+04	 0	 
 2.395780e-01	 -1.155295e-03	 6.586776e-02	 4.493516e-01	 7.975016e+04	 7.975016e+04	 0	 
 2.395780e-01	 -1.155295e-03	 6.586776e-02	 4.493516e-01	 7.975016e+04	 7.975016e+04	 0	 
 2.395780e-01	 -1.155295e-03	 6.586776e-02	 4.493516e-01	 7.975016e+04	 7.975016e+04	 0	 
 2.395780e-01	 -1.155295e-03	 6.586776e-02	 4.493516e-01	 7.975016e+04	 7.975016e+04	 0	 
 2.395780e-01	 -1.155295e-03	 6.586776e-02	 4.493516e-01	 7.975016e+04	 7.975016e+04	 0	 
 2.395780e-01	 -1.155295e-03	 6.586776e-02	 4.493516e-01	 7.975016e+04	 7.975016e+04	 0	 
 1.341208e-01	 -9.255931e-03	 6.719619e-01	 1.858445e-01	 9.804524e+04	 9.804524e+04	 0	 
 1.341208e-01	 -9.255931e-03	 6.719619e-01	 1.858445e-01	 9.804524e+04	 9.804524e+04	 0	 
 1.341208e-01	 -9.255931e-03	 6.719619e-01	 1.858445e-01	 9.804524e+04	 9.804524e+04	 0	 
 1.341208e-01	 -9.255931e-03	 6.719619e-01	 1.858445e-01	 9.804524e+04	 9.804524e+04	 0	 
 1.341208e-01	 -9.255931e-03	 6.719619e-01	 1.858445e-01	 9.804524e+04	 9.804524e+04	 0	 
 1.341208e-01	 -9.255931e-03	 6.719619e-01	 1.858445e-01	 9.804524e+04	 9.804524e+04	 0	 
 1.341208e-01	 -9.255931e-03	 6.719619e-01	 1.858445e-01	 9.804524e+04	 9.804524e+04	 0	 
 1.341208e-01	 -9.255931e-03	 6.719619e-01	 1.858445e-01	 9.804524e+04	 9.804524e+04	 0	 
 1.341208e-01	 -9.255931e-03	 6.719619e-01	 1.858445e-01	 9.804524e+04	 9.804524e+04	 0	 
 1.341208e-01	 -9.255931e-03	 6.719619e-01	 1.858445e-01	 9.804524e+04	 9.804524e+04	 0	 
 1.341208e-01	 -9.255931e-03	 6.719619e-01	 1.858445e-01	 9.804524e+04	 9.804524e+04	 0	 
 1.341208e-01	 -9.255931e-03	 6.719619e-01	 1.858445e-01	 9.804524e+04	 9.804524e+04	 0	 
 2.395780e-01	 -1.155295e-03	 6.586776e-02	 4.493516e-01	 7.975016e+04	 7.975016e+04	 0	 
 2.395780e-01	 -1.155295e-03	 6.586776e-02	 4.493516e-01	 7.975016e+04	 7.975016e+04	 0	 
 2.395780e-01	 -1.155295e-03	 6.586776e-02	 4.493516e-01	 7.975016e+04	 7.975016e+04	 0	 
 2.395780e-01	 -1.155295e-03	 6.586776e-02	 4.493516e-01	 7.975016e+04	 7.975016e+04	 0	 
 2.395780e-01	 -1.155295e-03	 6.586776e-02	 4.493516e-01	 7.975016e+04	 7.975016e+04	 0	 
 2.395780e-01	 -1.155295e-03	 6.586776e-02	 4.493516e-01	 7.975016e+04	 7.975016e+04	 0	 
 -6.852420e-01	 -6.909177e-02	 4.350268e+00	 -1.347174e+00	 1.234531e+05	 1.234531e+05	 0	 
 -6.852420e-01	 -6.909177e-02	 4.350268e+00	 -1.347174e+00	 1.234531e+05	 1.234531e+05	 0	 
 -6.852420e-01	 -6.909177e-02	 4.350268e+00	 -1.347174e+00	 1.234531e+05	 1.234531e+05	 0	 
 -6.852420e-01	 -6.909177e-02	 4.350268e+00	 -1.347174e+00	 1.234531e+05	 1.234531e+05	 0	 
 -6.852420e-01	 -6.909177e-02	 4.350268e+00	 -1.347174e+00	 1.234531e+05	 1.234531e+05	 0	 
 -6.852420e-01	 -6.909177e-02	 4.350268e+00	 -1.347174e+00	 1.234531e+05	 1.234531e+05	 0	 
 -6.852420e-01	 -6.909177e-02	 4.350268e+00	 -1.347174e+00	 1.234531e+05	 1.234531e+05	 0	 
 -6.852420e-01	 -6.909177e-02	 4.350268e+00	 -1.347174e+00	 1.234531e+05	 1.234531e+05	 0	 
 -6.852420e-01	 -6.909177e-02	 4.350268e+00	 -1.347174e+00	 1.234531e+05	 1.234531e+05	 0	 
 -6.852420e-01	 -6.909177e-02	 4.350268e+00	 -1.347174e+00	 1.234531e+05	 1.234531e+05	 0	 
 -6.852420e-01	 -6.909177e-02	 4.350268e+00	 -1.347174e+00	 1.234531e+05	 1.234531e+05	 0	 
 -6.852420e-01	 -6.909177e-02	 4.350268e+00	 -1.347174e+00	 1.234531e+05	 1.234531e+05	 0	 
 2.395780e-01	 -1.155295e-03	 6.586776e-02	 4.493516e-01	 7.975016e+04	 7.975016e+04	 0	 
 2.395780e-01	 -1.155295e-03	 6.586776e-02	 4.493516e-01	 7.975016e+04	 7.975016e+04	 0	 
 2.395780e-01	 -1.155295e-03	 6.586776e-02	 4.493516e-01	 7.975016e+04	 7.975016e+04	 0	 
 2.395780e-01	 -1.155295e-03	 6.586776e-02	 4.493516e-01	 7.975016e+04	 7.975016e+04	 0	 
 2.395780e-01	 -1.155295e-03	 6.586776e-02	 4.493516e-01	 7.975016e+04	 7.975016e+04	 0	 
 2.395780e-01	 -1.155295e-03	 6.586776e-02	 4.493516e-01	 7.975016e+04	 7.975016e+04	 0	 
 9.278345e-02	 -7.824738e-03	 3.066182e-01	 4.519936e-01	 6.147599e+04	 6.147599e+04	 0	 
 9.278345e-02	 -7.824738e-03	 3.066182e-01	 4.519936e-01	 6.147599e+04	 6.147599e+04	 0	 
 9.278345e-02	 -7.824738e-03	 3.066182e-01	 4.519936e-01	 6.147599e+04	 6.147599e+04	 0	 
 9.278345e-02	 -7.824738e-03	 3.066182e-01	 4.519936e-01	 6.147599e+04	 6.147599e+04	 0	 
 9.278345e-02	 -7.824738e-03	 3.066182e-01	 4.519936e-01	 6.147599e+04	 6.147599e+04	 0	 
 9.278345e-02	 -7.824738e-03	 3.066182e-01	 4.519936e-01	 6.147599e+04	 6.147599e+04	 0	 
 9.278345e-02	 -7.824738e-03	 3.066182e-01	 4.519936e-01	 6.147599e+04	 6.147599e+04	 0	 
 9.278345e-02	 -7.824738e-03	 3.066182e-01	 4.519936e-01	 6.147599e+04	 6.147599e+04	 0	 
 9.278345e-02	 -7.824738e-03	 3.066182e-01	 4.519936e-01	 6.147599e+04	 6.147599e+04	 0	 
 9.278345e-02	 -7.824738e-03	 3.066182e-01	 4.519936e-01	 6.147599e+04	 6.147599e+04	 0	 
 9.278345e-02	 -7.824738e-03	 3.066182e-01	 4.519936e-01	 6.147599e+04	 6.147599e+04	 0	 
 9.278345e-02	 -7.824738e-03	 3.066182e-01	 4.519936e-01	 6.147599e+04	 6.147599e+04	 0	 
 2.395780e-01	 -1.155295e-03	 6.586776e-02	 4.493516e-01	 7.975016e+04	 7.975016e+04	 0	 
 2.395780e-01	 -1.155295e-03	 6.586776e-02	 4.493516e-01	 7.975016e+04	 7.975016e+04	 0	 
 2.395780e-01	 -1.155295e-03	 6.586776e-02	 4.493516e-01	 7.975016e+04	 7.975016e+04	 0	 
 2.395780e-01	 -1.155295e-03	 6.586776e-02	 4.493516e-01	 7.975016e+04	 7.975016e+04	 0	 
 2.395780e-01	 -1.155295e-03	 6.586776e-02	 4.493516e-01	 7.975016e+04	 7.975016e+04	 0	 
 2.395780e-01	 -1.155295e-03	 6.586776e-02	 4.493516e-01	 7.975016e+04	 7.975016e+04	 0	 
 4.563035e-01	 -4.139671e-02	 2.662958e-01	 1.791611e-01	 1.221304e+05	 1.221304e+05	 0	 
 4.563035e-01	 -4.139671e-02	 2.662958e-01	 1.791611e-01	 1.221304e+05	 1.221304e+05	 0	 
 4.563035e-01	 -4.139671e-02	 2.662958e-01	 1.791611e-01	 1.221304e+05	 1.221304e+05	 0	 
 4.563035e-01	 -4.139671e-02	 2.662958e-01	 1.791611e-01	 1.221304e+05	 1.221304e+05	 0	 
 4.563035e-01	 -4.139671e-02	 2.662958e-01	 1.791611e-01	 1.221304e+05	 1.221304e+05	 0	 
 4.563035e-01	 -4.139671e-02	 2.662958e-01	 1.791611e-01	 1.221304e+05	 1.221304e+05	 0	 
 4.563035e-01	 -4.139671e-02	 2.662958e-01	 1.791611e-01	 1.221304e+05	 1.221304e+05	 0	 
 4.563035e-01	 -4.139671e-02	 2.662958e-01	 1.791611e-01	 1.221304e+05	 1.221304e+05	 0	 
 4.563035e-01	 -4.139671e-02	 2.662958e-01	 1.791611e-01	 1.221304e+05	 1.221304e+05	 0	 
 4.563035e-01	 -4.139671e-02	 2.662958e-01	 1.791611e-01	 1.221304e+05	 1.221304e+05	 0	 
 4.563035e-01	 -4.139671e-02	 2.662958e-01	 1.791611e-01	 1.221304e+05	 1.221304e+05	 0	 
 4.563035e-01	 -4.139671e-02	 2.662958e-01	 1.791611e-01	 1.221304e+05	 1.221304e+05	 0	 
 