9.660375e-03	 1.665999e-01	 9.413491e-01	 2.659897e-02	 5.903903e+02	 8.026156e+00	 
 8.954101e-03	 1.238988e-01	 8.976799e-01	 8.019955e-02	 5.494981e+02	 7.831071e+00	 
 8.638155e-03	 1.048048e-01	 8.781534e-01	 1.041670e-01	 5.312047e+02	 7.761877e+00	 
 8.488355e-03	 9.575347e-02	 8.688973e-01	 1.155285e-01	 5.225312e+02	 7.736553e+00	 
 8.415374e-03	 9.134415e-02	 8.643882e-01	 1.210632e-01	 5.183055e+02	 7.726372e+00	 
 8.379348e-03	 8.916762e-02	 8.621624e-01	 1.237952e-01	 5.162196e+02	 7.721911e+00	 
 8.361448e-03	 8.808625e-02	 8.610566e-01	 1.251526e-01	 5.151831e+02	 7.719838e+00	 
 8.352526e-03	 8.754725e-02	 8.605054e-01	 1.258291e-01	 5.146665e+02	 7.718841e+00	 
 8.348072e-03	 8.727816e-02	 8.602302e-01	 1.261669e-01	 5.144086e+02	 7.718352e+00	 
 8.410149e-03	 7.988891e-02	 8.688054e-01	 1.254792e-01	 5.141936e+02	 7.720275e+00	 
 6.746771e-03	 8.335453e-02	 8.652194e-01	 1.257608e-01	 4.103899e+02	 7.720144e+00	 
 6.785224e-03	 7.766867e-02	 8.718203e-01	 1.252314e-01	 4.096323e+02	 7.721839e+00	 
 5.679611e-03	 8.557794e-02	 8.629189e-01	 1.259415e-01	 3.437934e+02	 7.720149e+00	 
 3.131532e-02	 1.022251e+00	 5.464012e-02	 2.102543e-02	 -1.103327e+02	 6.936884e+00	 
 