Condicionamento
4.614784e+02	 1	 0	 
 1.172058e+02	 1	 0	 
 7.961042e+02	 1	 0	 
 1.906272e+02	 1	 0	 
 1.078882e+02	 1	 0	 
 2.469112e+02	 1	 0	 
 3.880849e+04	 1	 0	 
 1.381688e+02	 1	 0	 
 1.894871e+03	 1	 0	 
 8.596306e+01	 1	 0	 
 8.596306e+01	 1	 1	 
 3.880849e+04	 1	 2	 
 3.880849e+04	 1	 3	 
 8.596306e+01	 2	 1	 
 1.172058e+02	 2	 2	 
 1.172058e+02	 2	 3	 
 8.596306e+01	 3	 1	 
 1.906272e+02	 3	 2	 
 1.906272e+02	 3	 3	 
 8.596306e+01	 4	 1	 
 1.906272e+02	 4	 2	 
 1.906272e+02	 4	 3	 
 8.596306e+01	 5	 1	 
 1.894871e+03	 5	 2	 
 1.894871e+03	 5	 3	 
 8.596306e+01	 6	 1	 
 8.596306e+01	 6	 2	 
 8.596306e+01	 6	 3	 
 8.596306e+01	 7	 1	 
 1.078882e+02	 7	 2	 
 1.078882e+02	 7	 3	 
 8.596306e+01	 8	 1	 
 7.961042e+02	 8	 2	 
 7.961042e+02	 8	 3	 
 8.596306e+01	 9	 1	 
 3.880849e+04	 9	 2	 
 3.880849e+04	 9	 3	 
 8.596306e+01	 10	 1	 
 1.894871e+03	 10	 2	 
 1.894871e+03	 10	 3	 
 