1.493943e-04	 2.782626e-01	 2.991033e-01	 4.022818e-01	 2.354572e+01	 1.115045e+01	 
 1.619189e-04	 2.756247e-01	 3.010495e-01	 4.016544e-01	 2.351769e+01	 1.113361e+01	 
 1.754930e-04	 2.728219e-01	 3.031505e-01	 4.009051e-01	 2.348671e+01	 1.111616e+01	 
 3.491139e-04	 2.715106e-01	 2.849683e-01	 4.119241e-01	 1.842491e+01	 1.054714e+01	 
 6.625091e-04	 2.554023e-01	 2.810492e-01	 4.212408e-01	 1.824060e+01	 1.020538e+01	 
 7.235176e-04	 2.531597e-01	 2.792502e-01	 4.227861e-01	 1.819612e+01	 1.007024e+01	 
 7.337133e-04	 2.532137e-01	 2.784593e-01	 4.229097e-01	 1.818459e+01	 1.000896e+01	 
 7.346100e-04	 2.534775e-01	 2.780942e-01	 4.228389e-01	 1.818110e+01	 9.979673e+00	 
 7.341230e-04	 2.536613e-01	 2.779193e-01	 4.227741e-01	 1.817987e+01	 9.965346e+00	 
 7.336598e-04	 2.537652e-01	 2.778339e-01	 4.227348e-01	 1.817937e+01	 9.958259e+00	 
 7.333750e-04	 2.538201e-01	 2.777916e-01	 4.227136e-01	 1.817916e+01	 9.954734e+00	 
 7.332196e-04	 2.538483e-01	 2.777706e-01	 4.227025e-01	 1.817906e+01	 9.952977e+00	 
 7.331844e-04	 2.538545e-01	 2.777660e-01	 4.227001e-01	 1.817903e+01	 9.952592e+00	 
 