8.241301e-02	 3.458743e-04	 8.623565e-01	 4.424210e-02	 -4.213069e-04	 9.674269e+00	 
 4.011686e-01	 7.380622e-05	 5.412893e-01	 3.876434e-02	 -6.767664e-04	 5.689036e+00	 
 4.006920e-01	 6.653193e-05	 5.413179e-01	 3.920890e-02	 -2.413003e-04	 5.584159e+00	 
 3.784358e-01	 5.184417e-05	 5.411651e-01	 6.123088e-02	 5.899417e-04	 5.308885e+00	 
 3.335746e-01	 5.897421e-05	 5.406861e-01	 1.057659e-01	 5.883541e-04	 5.300238e+00	 
 2.293059e-01	 7.195112e-05	 5.395821e-01	 2.092688e-01	 6.939601e-04	 5.224862e+00	 
 3.997990e-01	 5.044572e-05	 5.413827e-01	 4.003224e-02	 5.450318e-04	 5.336628e+00	 
 3.338719e-01	 6.477182e-05	 5.406625e-01	 1.054935e-01	 3.420282e-04	 5.388701e+00	 
 3.338049e-01	 6.351026e-05	 5.406676e-01	 1.055550e-01	 3.981045e-04	 5.369728e+00	 
 4.002210e-01	 5.854652e-05	 5.413498e-01	 3.964502e-02	 1.793487e-04	 5.464276e+00	 
 4.008899e-01	 6.963715e-05	 5.413056e-01	 3.902466e-02	 -4.210777e-04	 5.629394e+00	 
 3.787540e-01	 5.817247e-05	 5.411393e-01	 6.093986e-02	 3.139113e-04	 5.409947e+00	 
 3.348389e-01	 8.086681e-05	 5.405983e-01	 1.045967e-01	 -4.948069e-04	 5.618754e+00	 
 5.003396e-02	 3.596419e-04	 8.694430e-01	 6.951869e-02	 -7.285897e-04	 9.621827e+00	 
 9.516957e-02	 3.429413e-04	 8.595687e-01	 3.427753e-02	 -5.050677e-04	 9.710328e+00	 
 3.847968e-01	 3.134603e-04	 5.167463e-01	 8.671095e-02	 -3.167240e-04	 5.788093e+00	 
 2.760933e-01	 7.888543e-05	 5.400207e-01	 1.628732e-01	 1.428370e-04	 5.442773e+00	 
 3.995096e-01	 4.406620e-05	 5.414091e-01	 4.029450e-02	 7.858106e-04	 5.233431e+00	 
 4.000929e-01	 5.609232e-05	 5.413598e-01	 3.976263e-02	 2.904597e-04	 5.428798e+00	 
 2.757058e-01	 7.199316e-05	 5.400485e-01	 1.632308e-01	 4.527707e-04	 5.346209e+00	 
 3.999740e-01	 5.383514e-05	 5.413689e-01	 3.987178e-02	 3.937432e-04	 5.393315e+00	 
 3.782065e-01	 4.671783e-05	 5.411863e-01	 6.143841e-02	 7.818846e-04	 5.226168e+00	 
 2.306192e-01	 9.464585e-05	 5.394912e-01	 2.080542e-01	 -4.167932e-04	 5.543872e+00	 
 2.756041e-01	 7.006923e-05	 5.400563e-01	 1.633242e-01	 5.325151e-04	 5.318548e+00	 
 2.762911e-01	 8.217457e-05	 5.400076e-01	 1.626897e-01	 -1.847049e-05	 5.487530e+00	 
 4.008609e-01	 6.906769e-05	 5.413079e-01	 3.905114e-02	 -3.961918e-04	 5.623865e+00	 
 