s	 e	 integralPartic	 alturaRetang	 metadePartic	 maximaPartic	 minimoPArtic	 alturaPartic	 p	 comparativoMet
78	 109	 2.292202e+04	 7.163131e+02	 4.142296e+02	 8.283559e+02	 1.032258e-01	 1.729266e+00	 1	 5.782801e-01	 
 78	 109	 2.177608e+04	 6.805026e+02	 4.142296e+02	 8.283559e+02	 1.032258e-01	 1.729266e+00	 1	 6.087113e-01	 
 78	 109	 2.310129e+04	 7.219152e+02	 4.142296e+02	 8.283559e+02	 1.032258e-01	 1.729266e+00	 1	 5.737926e-01	 
 78	 109	 2.292202e+04	 7.163131e+02	 4.142296e+02	 8.283559e+02	 1.032258e-01	 1.729266e+00	 1	 5.782801e-01	 
 78	 109	 2.292202e+04	 7.163131e+02	 4.142296e+02	 8.283559e+02	 1.032258e-01	 1.729266e+00	 1	 5.782801e-01	 
 78	 109	 2.292202e+04	 7.163131e+02	 4.142296e+02	 8.283559e+02	 1.032258e-01	 1.729266e+00	 1	 5.782801e-01	 
 78	 109	 2.292202e+04	 7.163131e+02	 4.142296e+02	 8.283559e+02	 1.032258e-01	 1.729266e+00	 1	 5.782801e-01	 
 78	 109	 2.292202e+04	 7.163131e+02	 4.142296e+02	 8.283559e+02	 1.032258e-01	 1.729266e+00	 1	 5.782801e-01	 
 78	 109	 2.310129e+04	 7.219152e+02	 4.142296e+02	 8.283559e+02	 1.032258e-01	 1.729266e+00	 1	 5.737926e-01	 
 78	 109	 2.292202e+04	 7.163131e+02	 4.142296e+02	 8.283559e+02	 1.032258e-01	 1.729266e+00	 1	 5.782801e-01	 
 