1.334930e-02	 5.094554e-03	 8.174368e-01	 1.973450e-01	 1.046132e+01	 
 1.334930e-02	 5.094554e-03	 8.174368e-01	 1.973450e-01	 1.046132e+01	 
 1.334930e-02	 5.094554e-03	 8.174368e-01	 1.973450e-01	 1.046132e+01	 
 1.334930e-02	 5.094554e-03	 8.174368e-01	 1.973450e-01	 1.046132e+01	 
 1.334930e-02	 5.094554e-03	 8.174368e-01	 1.973450e-01	 1.046132e+01	 
 1.334930e-02	 5.094554e-03	 8.174368e-01	 1.973450e-01	 1.046132e+01	 
 2.391112e-01	 1.394774e-01	 7.525285e-01	 3.638151e-02	 1.091262e+01	 
 2.391112e-01	 1.394774e-01	 7.525285e-01	 3.638151e-02	 1.091262e+01	 
 2.391112e-01	 1.394774e-01	 7.525285e-01	 3.638151e-02	 1.091262e+01	 
 2.391112e-01	 1.394774e-01	 7.525285e-01	 3.638151e-02	 1.091262e+01	 
 2.391112e-01	 1.394774e-01	 7.525285e-01	 3.638151e-02	 1.091262e+01	 
 2.391112e-01	 1.394774e-01	 7.525285e-01	 3.638151e-02	 1.091262e+01	 
 1.717634e-01	 2.590084e-02	 7.597412e-01	 9.198190e-02	 1.084065e+01	 
 1.717634e-01	 2.590084e-02	 7.597412e-01	 9.198190e-02	 1.084065e+01	 
 1.717634e-01	 2.590084e-02	 7.597412e-01	 9.198190e-02	 1.084065e+01	 
 1.717634e-01	 2.590084e-02	 7.597412e-01	 9.198190e-02	 1.084065e+01	 
 1.717634e-01	 2.590084e-02	 7.597412e-01	 9.198190e-02	 1.084065e+01	 
 1.717634e-01	 2.590084e-02	 7.597412e-01	 9.198190e-02	 1.084065e+01	 
 1.660781e-01	 1.826612e-02	 7.604972e-01	 9.658025e-02	 1.083753e+01	 
 1.660781e-01	 1.826612e-02	 7.604972e-01	 9.658025e-02	 1.083753e+01	 
 1.660781e-01	 1.826612e-02	 7.604972e-01	 9.658025e-02	 1.083753e+01	 
 1.660781e-01	 1.826612e-02	 7.604972e-01	 9.658025e-02	 1.083753e+01	 
 1.660781e-01	 1.826612e-02	 7.604972e-01	 9.658025e-02	 1.083753e+01	 
 1.660781e-01	 1.826612e-02	 7.604972e-01	 9.658025e-02	 1.083753e+01	 
 4.115477e-02	 3.196537e-03	 8.088731e-01	 1.787607e-01	 1.042851e+01	 
 4.115477e-02	 3.196537e-03	 8.088731e-01	 1.787607e-01	 1.042851e+01	 
 4.115477e-02	 3.196537e-03	 8.088731e-01	 1.787607e-01	 1.042851e+01	 
 4.115477e-02	 3.196537e-03	 8.088731e-01	 1.787607e-01	 1.042851e+01	 
 4.115477e-02	 3.196537e-03	 8.088731e-01	 1.787607e-01	 1.042851e+01	 
 4.115477e-02	 3.196537e-03	 8.088731e-01	 1.787607e-01	 1.042851e+01	 
 4.145528e-02	 2.760735e-03	 8.086775e-01	 1.786129e-01	 1.042825e+01	 
 4.145528e-02	 2.760735e-03	 8.086775e-01	 1.786129e-01	 1.042825e+01	 
 4.145528e-02	 2.760735e-03	 8.086775e-01	 1.786129e-01	 1.042825e+01	 
 4.145528e-02	 2.760735e-03	 8.086775e-01	 1.786129e-01	 1.042825e+01	 
 4.145528e-02	 2.760735e-03	 8.086775e-01	 1.786129e-01	 1.042825e+01	 
 4.145528e-02	 2.760735e-03	 8.086775e-01	 1.786129e-01	 1.042825e+01	 
 1.717634e-01	 2.590084e-02	 7.597412e-01	 9.198190e-02	 1.084065e+01	 
 1.717634e-01	 2.590084e-02	 7.597412e-01	 9.198190e-02	 1.084065e+01	 
 1.717634e-01	 2.590084e-02	 7.597412e-01	 9.198190e-02	 1.084065e+01	 
 1.717634e-01	 2.590084e-02	 7.597412e-01	 9.198190e-02	 1.084065e+01	 
 1.717634e-01	 2.590084e-02	 7.597412e-01	 9.198190e-02	 1.084065e+01	 
 1.717634e-01	 2.590084e-02	 7.597412e-01	 9.198190e-02	 1.084065e+01	 
 1.710109e-01	 1.883957e-02	 7.587535e-01	 9.326964e-02	 1.083848e+01	 
 1.710109e-01	 1.883957e-02	 7.587535e-01	 9.326964e-02	 1.083848e+01	 
 1.710109e-01	 1.883957e-02	 7.587535e-01	 9.326964e-02	 1.083848e+01	 
 1.710109e-01	 1.883957e-02	 7.587535e-01	 9.326964e-02	 1.083848e+01	 
 1.710109e-01	 1.883957e-02	 7.587535e-01	 9.326964e-02	 1.083848e+01	 
 1.710109e-01	 1.883957e-02	 7.587535e-01	 9.326964e-02	 1.083848e+01	 
 1.717634e-01	 2.590084e-02	 7.597412e-01	 9.198190e-02	 1.084065e+01	 
 1.717634e-01	 2.590084e-02	 7.597412e-01	 9.198190e-02	 1.084065e+01	 
 1.717634e-01	 2.590084e-02	 7.597412e-01	 9.198190e-02	 1.084065e+01	 
 1.717634e-01	 2.590084e-02	 7.597412e-01	 9.198190e-02	 1.084065e+01	 
 1.717634e-01	 2.590084e-02	 7.597412e-01	 9.198190e-02	 1.084065e+01	 
 1.717634e-01	 2.590084e-02	 7.597412e-01	 9.198190e-02	 1.084065e+01	 
 1.666993e-01	 1.833034e-02	 7.603334e-01	 9.613048e-02	 1.083774e+01	 
 1.666993e-01	 1.833034e-02	 7.603334e-01	 9.613048e-02	 1.083774e+01	 
 1.666993e-01	 1.833034e-02	 7.603334e-01	 9.613048e-02	 1.083774e+01	 
 1.666993e-01	 1.833034e-02	 7.603334e-01	 9.613048e-02	 1.083774e+01	 
 1.666993e-01	 1.833034e-02	 7.603334e-01	 9.613048e-02	 1.083774e+01	 
 1.666993e-01	 1.833034e-02	 7.603334e-01	 9.613048e-02	 1.083774e+01	 
 