8.770675e-01	 8.770675e-01	 8.770675e-01	 1.262819e-09	 1.262819e-09	 1.262819e-09	 
 8.770675e-01	 8.770675e-01	 8.770675e-01	 1.262819e-09	 1.262819e-09	 1.262819e-09	 
 8.770675e-01	 8.770675e-01	 8.770675e-01	 1.262819e-09	 1.262819e-09	 1.262819e-09	 
 8.770675e-01	 8.770675e-01	 8.770675e-01	 1.262819e-09	 1.262819e-09	 1.262819e-09	 
 8.770675e-01	 8.770675e-01	 8.770675e-01	 1.262819e-09	 1.262819e-09	 1.262819e-09	 
 8.770675e-01	 8.770675e-01	 8.770675e-01	 1.262819e-09	 1.262819e-09	 1.262819e-09	 
 8.770675e-01	 8.770675e-01	 8.770675e-01	 1.262819e-09	 1.262819e-09	 1.262819e-09	 
 8.770675e-01	 8.770675e-01	 8.770675e-01	 1.262819e-09	 1.262819e-09	 1.262819e-09	 
 8.770675e-01	 8.770675e-01	 8.770675e-01	 1.262819e-09	 1.262819e-09	 1.262819e-09	 
 8.770675e-01	 8.770675e-01	 8.770675e-01	 1.262819e-09	 1.262819e-09	 1.262819e-09	 
 8.770675e-01	 8.770675e-01	 8.770675e-01	 1.262819e-09	 1.262819e-09	 1.262819e-09	 
 8.770675e-01	 8.770675e-01	 8.770675e-01	 1.262819e-09	 1.262819e-09	 1.262819e-09	 
 8.770675e-01	 8.770675e-01	 8.770675e-01	 1.262819e-09	 1.262819e-09	 1.262819e-09	 
 8.770675e-01	 8.770675e-01	 8.770675e-01	 1.262819e-09	 1.262819e-09	 1.262819e-09	 
 8.770675e-01	 8.770675e-01	 8.770675e-01	 1.262819e-09	 1.262819e-09	 1.262819e-09	 
 8.770675e-01	 8.770675e-01	 8.770675e-01	 1.262819e-09	 1.262819e-09	 1.262819e-09	 
 8.770675e-01	 8.770675e-01	 8.770675e-01	 1.262819e-09	 1.262819e-09	 1.262819e-09	 
 8.770675e-01	 8.770675e-01	 8.770675e-01	 1.262819e-09	 1.262819e-09	 1.262819e-09	 
 8.770675e-01	 8.770675e-01	 8.770675e-01	 1.262819e-09	 1.262819e-09	 1.262819e-09	 
 8.770675e-01	 8.770675e-01	 8.770675e-01	 1.262819e-09	 1.262819e-09	 1.262819e-09	 
 8.770675e-01	 7.714705e-01	 8.717877e-01	 0	 0	 
 8.770675e-01	 7.714705e-01	 8.665078e-01	 0	 0	 
 8.770675e-01	 7.714705e-01	 8.612280e-01	 0	 0	 
 8.770675e-01	 7.714705e-01	 8.559481e-01	 0	 0	 
 8.770675e-01	 7.714705e-01	 8.506682e-01	 0	 0	 
 8.770675e-01	 7.714705e-01	 8.453884e-01	 0	 0	 
 8.770675e-01	 7.714705e-01	 8.401085e-01	 0	 0	 
 8.770675e-01	 7.714705e-01	 8.348287e-01	 0	 0	 
 8.770675e-01	 7.714705e-01	 8.295488e-01	 0	 0	 
 8.770675e-01	 7.714705e-01	 8.242690e-01	 0	 0	 
 8.770675e-01	 7.714705e-01	 8.189891e-01	 0	 0	 
 8.770675e-01	 7.714705e-01	 8.137093e-01	 0	 0	 
 8.770675e-01	 7.714705e-01	 8.084294e-01	 0	 0	 
 8.770675e-01	 7.714705e-01	 8.031496e-01	 0	 0	 
 8.770675e-01	 7.714705e-01	 7.978697e-01	 0	 0	 
 8.770675e-01	 7.714705e-01	 7.925899e-01	 0	 0	 
 8.770675e-01	 7.714705e-01	 7.873100e-01	 0	 0	 
 8.770675e-01	 7.714705e-01	 7.820302e-01	 0	 0	 
 8.770675e-01	 7.714705e-01	 7.767503e-01	 0	 0	 
 8.770675e-01	 7.714705e-01	 7.714705e-01	 0	 0	 
 8.770675e-01	 6.903473e-01	 8.677315e-01	 0	 0	 
 8.770675e-01	 6.903473e-01	 8.583955e-01	 0	 0	 
 8.770675e-01	 6.903473e-01	 8.490595e-01	 0	 0	 
 8.770675e-01	 6.903473e-01	 8.397235e-01	 0	 0	 
 8.770675e-01	 6.903473e-01	 8.303875e-01	 0	 0	 
 8.770675e-01	 6.903473e-01	 8.210515e-01	 0	 0	 
 8.770675e-01	 6.903473e-01	 8.117154e-01	 0	 0	 
 8.770675e-01	 6.903473e-01	 8.023794e-01	 0	 0	 
 8.770675e-01	 6.903473e-01	 7.930434e-01	 0	 0	 
 8.770675e-01	 6.903473e-01	 7.837074e-01	 0	 0	 
 8.770675e-01	 6.903473e-01	 7.743714e-01	 0	 0	 
 8.770675e-01	 6.903473e-01	 7.650354e-01	 0	 0	 
 8.770675e-01	 6.903473e-01	 7.556994e-01	 0	 0	 
 8.770675e-01	 6.903473e-01	 7.463634e-01	 0	 0	 
 8.770675e-01	 6.903473e-01	 7.370274e-01	 0	 0	 
 8.770675e-01	 6.903473e-01	 7.276914e-01	 0	 0	 
 8.770675e-01	 6.903473e-01	 7.183554e-01	 0	 0	 
 8.770675e-01	 6.903473e-01	 7.090193e-01	 0	 0	 
 8.770675e-01	 6.903473e-01	 6.996833e-01	 0	 0	 
 8.770675e-01	 6.903473e-01	 6.903473e-01	 0	 0	 
 8.332142e-01	 4.037846e-01	 8.117427e-01	 0	 0	 
 8.332142e-01	 4.037846e-01	 7.902712e-01	 0	 0	 
 8.332142e-01	 4.037846e-01	 7.687998e-01	 0	 0	 
 8.332142e-01	 4.037846e-01	 7.473283e-01	 0	 0	 
 8.332142e-01	 4.037846e-01	 7.258568e-01	 0	 0	 
 8.332142e-01	 4.037846e-01	 7.043853e-01	 0	 0	 
 8.332142e-01	 4.037846e-01	 6.829138e-01	 0	 0	 
 8.332142e-01	 4.037846e-01	 6.614423e-01	 0	 0	 
 8.332142e-01	 4.037846e-01	 6.399709e-01	 0	 0	 
 8.332142e-01	 4.037846e-01	 6.184994e-01	 0	 0	 
 8.332142e-01	 4.037846e-01	 5.970279e-01	 0	 0	 
 8.332142e-01	 4.037846e-01	 5.755564e-01	 0	 0	 
 8.332142e-01	 4.037846e-01	 5.540849e-01	 0	 0	 
 8.332142e-01	 4.037846e-01	 5.326135e-01	 0	 0	 
 8.332142e-01	 4.037846e-01	 5.111420e-01	 0	 0	 
 8.332142e-01	 4.037846e-01	 4.896705e-01	 0	 0	 
 8.332142e-01	 4.037846e-01	 4.681990e-01	 0	 0	 
 8.332142e-01	 4.037846e-01	 4.467275e-01	 0	 0	 
 8.332142e-01	 4.037846e-01	 4.252560e-01	 0	 0	 
 8.332142e-01	 4.037846e-01	 4.037846e-01	 0	 0	 
 8.770675e-01	 3.898649e-01	 8.527074e-01	 0	 0	 
 8.770675e-01	 3.898649e-01	 8.283472e-01	 0	 0	 
 8.770675e-01	 3.898649e-01	 8.039871e-01	 0	 0	 
 8.770675e-01	 3.898649e-01	 7.796270e-01	 0	 0	 
 8.770675e-01	 3.898649e-01	 7.552669e-01	 0	 0	 
 8.770675e-01	 3.898649e-01	 7.309067e-01	 0	 0	 
 8.770675e-01	 3.898649e-01	 7.065466e-01	 0	 0	 
 8.770675e-01	 3.898649e-01	 6.821865e-01	 0	 0	 
 8.770675e-01	 3.898649e-01	 6.578263e-01	 0	 0	 
 8.770675e-01	 3.898649e-01	 6.334662e-01	 0	 0	 
 8.770675e-01	 3.898649e-01	 6.091061e-01	 0	 0	 
 8.770675e-01	 3.898649e-01	 5.847459e-01	 0	 0	 
 8.770675e-01	 3.898649e-01	 5.603858e-01	 0	 0	 
 8.770675e-01	 3.898649e-01	 5.360257e-01	 0	 0	 
 8.770675e-01	 3.898649e-01	 5.116656e-01	 0	 0	 
 8.770675e-01	 3.898649e-01	 4.873054e-01	 0	 0	 
 8.770675e-01	 3.898649e-01	 4.629453e-01	 0	 0	 
 8.770675e-01	 3.898649e-01	 4.385852e-01	 0	 0	 
 8.770675e-01	 3.898649e-01	 4.142250e-01	 0	 0	 
 8.770675e-01	 3.898649e-01	 3.898649e-01	 0	 0	 
 8.332142e-01	 6.903473e-01	 8.260709e-01	 0	 0	 
 8.332142e-01	 6.903473e-01	 8.189275e-01	 0	 0	 
 8.332142e-01	 6.903473e-01	 8.117842e-01	 0	 0	 
 8.332142e-01	 6.903473e-01	 8.046408e-01	 0	 0	 
 8.332142e-01	 6.903473e-01	 7.974975e-01	 0	 0	 
 8.332142e-01	 6.903473e-01	 7.903541e-01	 0	 0	 
 8.332142e-01	 6.903473e-01	 7.832108e-01	 0	 0	 
 8.332142e-01	 6.903473e-01	 7.760675e-01	 0	 0	 
 8.332142e-01	 6.903473e-01	 7.689241e-01	 0	 0	 
 8.332142e-01	 6.903473e-01	 7.617808e-01	 0	 0	 
 8.332142e-01	 6.903473e-01	 7.546374e-01	 0	 0	 
 8.332142e-01	 6.903473e-01	 7.474941e-01	 0	 0	 
 8.332142e-01	 6.903473e-01	 7.403507e-01	 0	 0	 
 8.332142e-01	 6.903473e-01	 7.332074e-01	 0	 0	 
 8.332142e-01	 6.903473e-01	 7.260641e-01	 0	 0	 
 8.332142e-01	 6.903473e-01	 7.189207e-01	 0	 0	 
 8.332142e-01	 6.903473e-01	 7.117774e-01	 0	 0	 
 8.332142e-01	 6.903473e-01	 7.046340e-01	 0	 0	 
 8.332142e-01	 6.903473e-01	 6.974907e-01	 0	 0	 
 8.332142e-01	 6.903473e-01	 6.903473e-01	 0	 0	 
 8.878689e-01	 1.186510e+00	 8.729368e-01	 1.262819e-09	 1.098735e-10	 1.262819e-09	 
 8.878689e-01	 1.186510e+00	 8.580048e-01	 1.262819e-09	 1.098735e-10	 1.262819e-09	 
 8.878689e-01	 1.186510e+00	 8.430727e-01	 1.262819e-09	 1.098735e-10	 1.262819e-09	 
 8.878689e-01	 1.186510e+00	 8.281407e-01	 1.262819e-09	 1.098735e-10	 1.262819e-09	 
 8.878689e-01	 1.186510e+00	 8.132086e-01	 1.262819e-09	 1.098735e-10	 1.262819e-09	 
 8.878689e-01	 1.186510e+00	 7.982766e-01	 1.262819e-09	 1.098735e-10	 1.262819e-09	 
 8.878689e-01	 1.186510e+00	 7.833446e-01	 1.262819e-09	 1.098735e-10	 1.262819e-09	 
 8.878689e-01	 1.186510e+00	 7.684125e-01	 1.262819e-09	 1.098735e-10	 1.262819e-09	 
 8.878689e-01	 1.186510e+00	 7.534805e-01	 1.262819e-09	 1.098735e-10	 1.262819e-09	 
 8.878689e-01	 1.186510e+00	 7.385484e-01	 1.262819e-09	 1.098735e-10	 1.262819e-09	 
 8.878689e-01	 1.186510e+00	 7.236164e-01	 1.262819e-09	 1.098735e-10	 1.262819e-09	 
 8.878689e-01	 1.186510e+00	 7.086844e-01	 1.262819e-09	 1.098735e-10	 1.262819e-09	 
 8.878689e-01	 1.186510e+00	 6.937523e-01	 1.262819e-09	 1.098735e-10	 1.262819e-09	 
 8.878689e-01	 1.186510e+00	 6.788203e-01	 1.262819e-09	 1.098735e-10	 1.262819e-09	 
 8.878689e-01	 1.186510e+00	 6.638882e-01	 1.262819e-09	 1.098735e-10	 1.262819e-09	 
 8.878689e-01	 1.186510e+00	 6.489562e-01	 1.262819e-09	 1.098735e-10	 1.262819e-09	 
 8.878689e-01	 1.186510e+00	 6.340242e-01	 1.262819e-09	 1.098735e-10	 1.262819e-09	 
 8.878689e-01	 1.186510e+00	 6.190921e-01	 1.262819e-09	 1.098735e-10	 1.262819e-09	 
 8.878689e-01	 1.186510e+00	 6.041601e-01	 1.262819e-09	 1.098735e-10	 1.262819e-09	 
 8.878689e-01	 1.186510e+00	 5.892280e-01	 1.262819e-09	 1.098735e-10	 1.262819e-09	 
 8.770675e-01	 3.898649e-01	 8.527074e-01	 0	 0	 
 8.770675e-01	 3.898649e-01	 8.283472e-01	 0	 0	 
 8.770675e-01	 3.898649e-01	 8.039871e-01	 0	 0	 
 8.770675e-01	 3.898649e-01	 7.796270e-01	 0	 0	 
 8.770675e-01	 3.898649e-01	 7.552669e-01	 0	 0	 
 8.770675e-01	 3.898649e-01	 7.309067e-01	 0	 0	 
 8.770675e-01	 3.898649e-01	 7.065466e-01	 0	 0	 
 8.770675e-01	 3.898649e-01	 6.821865e-01	 0	 0	 
 8.770675e-01	 3.898649e-01	 6.578263e-01	 0	 0	 
 8.770675e-01	 3.898649e-01	 6.334662e-01	 0	 0	 
 8.770675e-01	 3.898649e-01	 6.091061e-01	 0	 0	 
 8.770675e-01	 3.898649e-01	 5.847459e-01	 0	 0	 
 8.770675e-01	 3.898649e-01	 5.603858e-01	 0	 0	 
 8.770675e-01	 3.898649e-01	 5.360257e-01	 0	 0	 
 8.770675e-01	 3.898649e-01	 5.116656e-01	 0	 0	 
 8.770675e-01	 3.898649e-01	 4.873054e-01	 0	 0	 
 8.770675e-01	 3.898649e-01	 4.629453e-01	 0	 0	 
 8.770675e-01	 3.898649e-01	 4.385852e-01	 0	 0	 
 8.770675e-01	 3.898649e-01	 4.142250e-01	 0	 0	 
 8.770675e-01	 3.898649e-01	 3.898649e-01	 0	 0	 
 8.332142e-01	 6.903473e-01	 8.260709e-01	 0	 0	 
 8.332142e-01	 6.903473e-01	 8.189275e-01	 0	 0	 
 8.332142e-01	 6.903473e-01	 8.117842e-01	 0	 0	 
 8.332142e-01	 6.903473e-01	 8.046408e-01	 0	 0	 
 8.332142e-01	 6.903473e-01	 7.974975e-01	 0	 0	 
 8.332142e-01	 6.903473e-01	 7.903541e-01	 0	 0	 
 8.332142e-01	 6.903473e-01	 7.832108e-01	 0	 0	 
 8.332142e-01	 6.903473e-01	 7.760675e-01	 0	 0	 
 8.332142e-01	 6.903473e-01	 7.689241e-01	 0	 0	 
 8.332142e-01	 6.903473e-01	 7.617808e-01	 0	 0	 
 8.332142e-01	 6.903473e-01	 7.546374e-01	 0	 0	 
 8.332142e-01	 6.903473e-01	 7.474941e-01	 0	 0	 
 8.332142e-01	 6.903473e-01	 7.403507e-01	 0	 0	 
 8.332142e-01	 6.903473e-01	 7.332074e-01	 0	 0	 
 8.332142e-01	 6.903473e-01	 7.260641e-01	 0	 0	 
 8.332142e-01	 6.903473e-01	 7.189207e-01	 0	 0	 
 8.332142e-01	 6.903473e-01	 7.117774e-01	 0	 0	 
 8.332142e-01	 6.903473e-01	 7.046340e-01	 0	 0	 
 8.332142e-01	 6.903473e-01	 6.974907e-01	 0	 0	 
 8.332142e-01	 6.903473e-01	 6.903473e-01	 0	 0	 
 8.770675e-01	 3.898649e-01	 8.527074e-01	 0	 0	 
 8.770675e-01	 3.898649e-01	 8.283472e-01	 0	 0	 
 8.770675e-01	 3.898649e-01	 8.039871e-01	 0	 0	 
 8.770675e-01	 3.898649e-01	 7.796270e-01	 0	 0	 
 8.770675e-01	 3.898649e-01	 7.552669e-01	 0	 0	 
 8.770675e-01	 3.898649e-01	 7.309067e-01	 0	 0	 
 8.770675e-01	 3.898649e-01	 7.065466e-01	 0	 0	 
 8.770675e-01	 3.898649e-01	 6.821865e-01	 0	 0	 
 8.770675e-01	 3.898649e-01	 6.578263e-01	 0	 0	 
 8.770675e-01	 3.898649e-01	 6.334662e-01	 0	 0	 
 8.770675e-01	 3.898649e-01	 6.091061e-01	 0	 0	 
 8.770675e-01	 3.898649e-01	 5.847459e-01	 0	 0	 
 8.770675e-01	 3.898649e-01	 5.603858e-01	 0	 0	 
 8.770675e-01	 3.898649e-01	 5.360257e-01	 0	 0	 
 8.770675e-01	 3.898649e-01	 5.116656e-01	 0	 0	 
 8.770675e-01	 3.898649e-01	 4.873054e-01	 0	 0	 
 8.770675e-01	 3.898649e-01	 4.629453e-01	 0	 0	 
 8.770675e-01	 3.898649e-01	 4.385852e-01	 0	 0	 
 8.770675e-01	 3.898649e-01	 4.142250e-01	 0	 0	 
 8.770675e-01	 3.898649e-01	 3.898649e-01	 0	 0	 
 