5.529747e-01	 1.271253e-03	 2.657812e-01	 1.649407e-01	 2.035160e-02	 5.356398e+00	 
 4.442477e-01	 3.336582e-04	 5.245596e-01	 2.484400e-02	 1.055272e-02	 7.934655e+00	 
 4.348908e-01	 2.899192e-04	 5.206560e-01	 3.758326e-02	 1.078028e-02	 7.585571e+00	 
 3.934143e-01	 1.008320e-04	 5.032781e-01	 9.411856e-02	 1.179676e-02	 6.152369e+00	 
 4.108824e-01	 3.978311e-04	 5.059081e-01	 7.461757e-02	 1.353719e-02	 7.556617e+00	 
 3.928007e-01	 2.738853e-04	 4.992527e-01	 9.841719e-02	 1.358526e-02	 6.903957e+00	 
 4.010245e-01	 2.625907e-04	 5.036915e-01	 8.629731e-02	 1.284979e-02	 7.008473e+00	 
 4.167995e-01	 1.359028e-04	 5.146422e-01	 6.080268e-02	 1.053218e-02	 6.574757e+00	 
 4.167440e-01	 4.251343e-04	 5.083498e-01	 6.664082e-02	 1.339404e-02	 7.725362e+00	 
 4.133414e-01	 1.032111e-04	 5.137631e-01	 6.498284e-02	 1.051246e-02	 6.284193e+00	 
 3.804014e-01	 1.144716e-04	 4.963318e-01	 1.132256e-01	 1.288094e-02	 6.093391e+00	 
 3.866047e-01	 2.385423e-04	 4.967525e-01	 1.067774e-01	 1.364226e-02	 6.730956e+00	 
 4.083230e-01	 3.843026e-04	 5.048773e-01	 7.806797e-02	 1.358378e-02	 7.478433e+00	 
 4.198885e-01	 3.527132e-04	 5.114878e-01	 6.068393e-02	 1.242921e-02	 7.616239e+00	 
 4.411327e-01	 3.283503e-04	 5.232119e-01	 2.912202e-02	 1.076730e-02	 7.683455e+00	 
 4.127664e-01	 3.098565e-04	 5.087292e-01	 7.018471e-02	 1.250576e-02	 7.351891e+00	 
 4.186515e-01	 3.459844e-04	 5.109929e-01	 6.234866e-02	 1.244959e-02	 7.573031e+00	 
 4.142589e-01	 1.178273e-04	 5.139165e-01	 6.394478e-02	 1.059207e-02	 6.373705e+00	 
 4.448421e-01	 3.429291e-04	 5.248146e-01	 2.402120e-02	 1.064796e-02	 7.804429e+00	 
 4.141019e-01	 4.288309e-04	 5.068444e-01	 7.061112e-02	 1.359224e-02	 7.750269e+00	 
 3.993136e-01	 2.466810e-04	 5.031531e-01	 8.846522e-02	 1.281241e-02	 6.921868e+00	 
 4.096130e-01	 3.284089e-04	 5.067042e-01	 7.512932e-02	 1.289835e-02	 7.376327e+00	 
 4.015887e-01	 3.432045e-04	 5.022868e-01	 8.703467e-02	 1.365185e-02	 7.255015e+00	 
 4.145423e-01	 1.220883e-04	 5.139695e-01	 6.361894e-02	 1.061415e-02	 6.399475e+00	 
 4.141052e-01	 4.288455e-04	 5.068458e-01	 7.060654e-02	 1.359215e-02	 7.750364e+00	 
 4.204419e-01	 4.539630e-04	 5.095852e-01	 6.189140e-02	 1.339505e-02	 7.922561e+00	 
 3.947572e-01	 1.250268e-04	 5.034424e-01	 9.265465e-02	 1.194194e-02	 6.297963e+00	 
 4.313609e-01	 2.688433e-04	 5.192844e-01	 4.229605e-02	 1.082079e-02	 7.436327e+00	 
 3.832273e-01	 1.625688e-04	 4.967377e-01	 1.100897e-01	 1.315803e-02	 6.348237e+00	 
 3.791402e-01	 1.372527e-04	 4.951088e-01	 1.155868e-01	 1.316421e-02	 6.210982e+00	 
 3.979257e-01	 1.719194e-04	 5.040551e-01	 8.899345e-02	 1.218352e-02	 6.569693e+00	 
 4.164061e-01	 1.477144e-04	 5.143708e-01	 6.142780e-02	 1.073558e-02	 6.552045e+00	 
 4.017614e-01	 3.443706e-04	 5.023508e-01	 8.680693e-02	 1.365122e-02	 7.261135e+00	 
 