3.203926e+02	 1.041067e+03	 2.843589e+02	 1.640774e-08	 3.042260e-08	 1.640774e-08	 
 3.203926e+02	 1.041067e+03	 2.483252e+02	 1.640774e-08	 3.042260e-08	 1.640774e-08	 
 3.203926e+02	 1.041067e+03	 2.122915e+02	 1.640774e-08	 3.042260e-08	 1.640774e-08	 
 3.203926e+02	 1.041067e+03	 1.762578e+02	 1.640774e-08	 3.042260e-08	 1.640774e-08	 
 3.203926e+02	 1.041067e+03	 1.402241e+02	 1.640774e-08	 3.042260e-08	 1.640774e-08	 
 3.203926e+02	 1.041067e+03	 1.041903e+02	 1.640774e-08	 3.042260e-08	 1.640774e-08	 
 3.203926e+02	 1.041067e+03	 6.815663e+01	 1.640774e-08	 3.042260e-08	 1.640774e-08	 
 3.203926e+02	 1.041067e+03	 3.212291e+01	 1.640774e-08	 3.042260e-08	 1.640774e-08	 
 3.372428e+02	 1.041843e+03	 3.020128e+02	 1.640774e-08	 3.158220e-08	 1.640774e-08	 
 3.372428e+02	 1.041843e+03	 2.667828e+02	 1.640774e-08	 3.158220e-08	 1.640774e-08	 
 3.372428e+02	 1.041843e+03	 2.315528e+02	 1.640774e-08	 3.158220e-08	 1.640774e-08	 
 3.372428e+02	 1.041843e+03	 1.963228e+02	 1.640774e-08	 3.158220e-08	 1.640774e-08	 
 3.372428e+02	 1.041843e+03	 1.610928e+02	 1.640774e-08	 3.158220e-08	 1.640774e-08	 
 3.372428e+02	 1.041843e+03	 1.258628e+02	 1.640774e-08	 3.158220e-08	 1.640774e-08	 
 3.372428e+02	 1.041843e+03	 9.063274e+01	 1.640774e-08	 3.158220e-08	 1.640774e-08	 
 3.372428e+02	 1.041843e+03	 5.540273e+01	 1.640774e-08	 3.158220e-08	 1.640774e-08	 
 3.372428e+02	 1.041843e+03	 2.017272e+01	 1.640774e-08	 3.158220e-08	 1.640774e-08	 
 3.372428e+02	 1.041067e+03	 3.020516e+02	 1.640774e-08	 3.042260e-08	 1.640774e-08	 
 3.372428e+02	 1.041067e+03	 2.668604e+02	 1.640774e-08	 3.042260e-08	 1.640774e-08	 
 3.372428e+02	 1.041067e+03	 2.316692e+02	 1.640774e-08	 3.042260e-08	 1.640774e-08	 
 3.372428e+02	 1.041067e+03	 1.964780e+02	 1.640774e-08	 3.042260e-08	 1.640774e-08	 
 3.372428e+02	 1.041067e+03	 1.612868e+02	 1.640774e-08	 3.042260e-08	 1.640774e-08	 
 3.372428e+02	 1.041067e+03	 1.260956e+02	 1.640774e-08	 3.042260e-08	 1.640774e-08	 
 3.372428e+02	 1.041067e+03	 9.090438e+01	 1.640774e-08	 3.042260e-08	 1.640774e-08	 
 3.372428e+02	 1.041067e+03	 5.571317e+01	 1.640774e-08	 3.042260e-08	 1.640774e-08	 
 3.372428e+02	 1.041067e+03	 2.052196e+01	 1.640774e-08	 3.042260e-08	 1.640774e-08	 
 3.372428e+02	 2.092604e+02	 3.308437e+02	 0	 0	 
 3.372428e+02	 2.092604e+02	 3.244446e+02	 0	 0	 
 3.372428e+02	 2.092604e+02	 3.180455e+02	 0	 0	 
 3.372428e+02	 2.092604e+02	 3.116463e+02	 0	 0	 
 3.372428e+02	 2.092604e+02	 3.052472e+02	 0	 0	 
 3.372428e+02	 2.092604e+02	 2.988481e+02	 0	 0	 
 3.372428e+02	 2.092604e+02	 2.924490e+02	 0	 0	 
 3.372428e+02	 2.092604e+02	 2.860498e+02	 0	 0	 
 3.372428e+02	 2.092604e+02	 2.796507e+02	 0	 0	 
 3.372428e+02	 2.092604e+02	 2.732516e+02	 0	 0	 
 3.372428e+02	 2.092604e+02	 2.668525e+02	 0	 0	 
 3.372428e+02	 2.092604e+02	 2.604534e+02	 0	 0	 
 3.372428e+02	 2.092604e+02	 2.540542e+02	 0	 0	 
 3.372428e+02	 2.092604e+02	 2.476551e+02	 0	 0	 
 3.372428e+02	 2.092604e+02	 2.412560e+02	 0	 0	 
 3.372428e+02	 2.092604e+02	 2.348569e+02	 0	 0	 
 3.372428e+02	 2.092604e+02	 2.284577e+02	 0	 0	 
 3.372428e+02	 2.092604e+02	 2.220586e+02	 0	 0	 
 3.372428e+02	 2.092604e+02	 2.156595e+02	 0	 0	 
 3.372428e+02	 2.092604e+02	 2.092604e+02	 0	 0	 
 3.372428e+02	 3.372428e+02	 3.372428e+02	 1.640774e-08	 1.640774e-08	 1.640774e-08	 
 3.372428e+02	 3.372428e+02	 3.372428e+02	 1.640774e-08	 1.640774e-08	 1.640774e-08	 
 3.372428e+02	 3.372428e+02	 3.372428e+02	 1.640774e-08	 1.640774e-08	 1.640774e-08	 
 3.372428e+02	 3.372428e+02	 3.372428e+02	 1.640774e-08	 1.640774e-08	 1.640774e-08	 
 3.372428e+02	 3.372428e+02	 3.372428e+02	 1.640774e-08	 1.640774e-08	 1.640774e-08	 
 3.372428e+02	 3.372428e+02	 3.372428e+02	 1.640774e-08	 1.640774e-08	 1.640774e-08	 
 3.372428e+02	 3.372428e+02	 3.372428e+02	 1.640774e-08	 1.640774e-08	 1.640774e-08	 
 3.372428e+02	 3.372428e+02	 3.372428e+02	 1.640774e-08	 1.640774e-08	 1.640774e-08	 
 3.372428e+02	 3.372428e+02	 3.372428e+02	 1.640774e-08	 1.640774e-08	 1.640774e-08	 
 3.372428e+02	 3.372428e+02	 3.372428e+02	 1.640774e-08	 1.640774e-08	 1.640774e-08	 
 3.372428e+02	 3.372428e+02	 3.372428e+02	 1.640774e-08	 1.640774e-08	 1.640774e-08	 
 3.372428e+02	 3.372428e+02	 3.372428e+02	 1.640774e-08	 1.640774e-08	 1.640774e-08	 
 3.372428e+02	 3.372428e+02	 3.372428e+02	 1.640774e-08	 1.640774e-08	 1.640774e-08	 
 3.372428e+02	 3.372428e+02	 3.372428e+02	 1.640774e-08	 1.640774e-08	 1.640774e-08	 
 3.372428e+02	 3.372428e+02	 3.372428e+02	 1.640774e-08	 1.640774e-08	 1.640774e-08	 
 3.372428e+02	 3.372428e+02	 3.372428e+02	 1.640774e-08	 1.640774e-08	 1.640774e-08	 
 3.372428e+02	 3.372428e+02	 3.372428e+02	 1.640774e-08	 1.640774e-08	 1.640774e-08	 
 3.372428e+02	 3.372428e+02	 3.372428e+02	 1.640774e-08	 1.640774e-08	 1.640774e-08	 
 3.372428e+02	 3.372428e+02	 3.372428e+02	 1.640774e-08	 1.640774e-08	 1.640774e-08	 
 3.372428e+02	 3.372428e+02	 3.372428e+02	 1.640774e-08	 1.640774e-08	 1.640774e-08	 
 3.372428e+02	 3.372428e+02	 3.372428e+02	 1.640774e-08	 1.640774e-08	 1.640774e-08	 
 3.372428e+02	 3.372428e+02	 3.372428e+02	 1.640774e-08	 1.640774e-08	 1.640774e-08	 
 3.372428e+02	 3.372428e+02	 3.372428e+02	 1.640774e-08	 1.640774e-08	 1.640774e-08	 
 3.372428e+02	 3.372428e+02	 3.372428e+02	 1.640774e-08	 1.640774e-08	 1.640774e-08	 
 3.372428e+02	 3.372428e+02	 3.372428e+02	 1.640774e-08	 1.640774e-08	 1.640774e-08	 
 3.372428e+02	 3.372428e+02	 3.372428e+02	 1.640774e-08	 1.640774e-08	 1.640774e-08	 
 3.372428e+02	 3.372428e+02	 3.372428e+02	 1.640774e-08	 1.640774e-08	 1.640774e-08	 
 3.372428e+02	 3.372428e+02	 3.372428e+02	 1.640774e-08	 1.640774e-08	 1.640774e-08	 
 3.372428e+02	 3.372428e+02	 3.372428e+02	 1.640774e-08	 1.640774e-08	 1.640774e-08	 
 3.372428e+02	 3.372428e+02	 3.372428e+02	 1.640774e-08	 1.640774e-08	 1.640774e-08	 
 3.372428e+02	 3.372428e+02	 3.372428e+02	 1.640774e-08	 1.640774e-08	 1.640774e-08	 
 3.372428e+02	 3.372428e+02	 3.372428e+02	 1.640774e-08	 1.640774e-08	 1.640774e-08	 
 3.372428e+02	 3.372428e+02	 3.372428e+02	 1.640774e-08	 1.640774e-08	 1.640774e-08	 
 3.372428e+02	 3.372428e+02	 3.372428e+02	 1.640774e-08	 1.640774e-08	 1.640774e-08	 
 3.372428e+02	 3.372428e+02	 3.372428e+02	 1.640774e-08	 1.640774e-08	 1.640774e-08	 
 3.372428e+02	 3.372428e+02	 3.372428e+02	 1.640774e-08	 1.640774e-08	 1.640774e-08	 
 3.372428e+02	 3.372428e+02	 3.372428e+02	 1.640774e-08	 1.640774e-08	 1.640774e-08	 
 3.372428e+02	 3.372428e+02	 3.372428e+02	 1.640774e-08	 1.640774e-08	 1.640774e-08	 
 3.372428e+02	 3.372428e+02	 3.372428e+02	 1.640774e-08	 1.640774e-08	 1.640774e-08	 
 3.372428e+02	 3.372428e+02	 3.372428e+02	 1.640774e-08	 1.640774e-08	 1.640774e-08	 
 3.203926e+02	 1.041067e+03	 2.843589e+02	 1.640774e-08	 3.042260e-08	 1.640774e-08	 
 3.203926e+02	 1.041067e+03	 2.483252e+02	 1.640774e-08	 3.042260e-08	 1.640774e-08	 
 3.203926e+02	 1.041067e+03	 2.122915e+02	 1.640774e-08	 3.042260e-08	 1.640774e-08	 
 3.203926e+02	 1.041067e+03	 1.762578e+02	 1.640774e-08	 3.042260e-08	 1.640774e-08	 
 3.203926e+02	 1.041067e+03	 1.402241e+02	 1.640774e-08	 3.042260e-08	 1.640774e-08	 
 3.203926e+02	 1.041067e+03	 1.041903e+02	 1.640774e-08	 3.042260e-08	 1.640774e-08	 
 3.203926e+02	 1.041067e+03	 6.815663e+01	 1.640774e-08	 3.042260e-08	 1.640774e-08	 
 3.203926e+02	 1.041067e+03	 3.212291e+01	 1.640774e-08	 3.042260e-08	 1.640774e-08	 
 3.043850e+02	 1.041843e+03	 2.675121e+02	 1.640774e-08	 3.158220e-08	 1.640774e-08	 
 3.043850e+02	 1.041843e+03	 2.306392e+02	 1.640774e-08	 3.158220e-08	 1.640774e-08	 
 3.043850e+02	 1.041843e+03	 1.937662e+02	 1.640774e-08	 3.158220e-08	 1.640774e-08	 
 3.043850e+02	 1.041843e+03	 1.568933e+02	 1.640774e-08	 3.158220e-08	 1.640774e-08	 
 3.043850e+02	 1.041843e+03	 1.200204e+02	 1.640774e-08	 3.158220e-08	 1.640774e-08	 
 3.043850e+02	 1.041843e+03	 8.314753e+01	 1.640774e-08	 3.158220e-08	 1.640774e-08	 
 3.043850e+02	 1.041843e+03	 4.627463e+01	 1.640774e-08	 3.158220e-08	 1.640774e-08	 
 3.043850e+02	 1.041843e+03	 9.401724e+00	 1.640774e-08	 3.158220e-08	 1.640774e-08	 
 3.372428e+02	 3.372428e+02	 3.372428e+02	 1.640774e-08	 1.640774e-08	 1.640774e-08	 
 3.372428e+02	 3.372428e+02	 3.372428e+02	 1.640774e-08	 1.640774e-08	 1.640774e-08	 
 3.372428e+02	 3.372428e+02	 3.372428e+02	 1.640774e-08	 1.640774e-08	 1.640774e-08	 
 3.372428e+02	 3.372428e+02	 3.372428e+02	 1.640774e-08	 1.640774e-08	 1.640774e-08	 
 3.372428e+02	 3.372428e+02	 3.372428e+02	 1.640774e-08	 1.640774e-08	 1.640774e-08	 
 3.372428e+02	 3.372428e+02	 3.372428e+02	 1.640774e-08	 1.640774e-08	 1.640774e-08	 
 3.372428e+02	 3.372428e+02	 3.372428e+02	 1.640774e-08	 1.640774e-08	 1.640774e-08	 
 3.372428e+02	 3.372428e+02	 3.372428e+02	 1.640774e-08	 1.640774e-08	 1.640774e-08	 
 3.372428e+02	 3.372428e+02	 3.372428e+02	 1.640774e-08	 1.640774e-08	 1.640774e-08	 
 3.372428e+02	 3.372428e+02	 3.372428e+02	 1.640774e-08	 1.640774e-08	 1.640774e-08	 
 3.372428e+02	 3.372428e+02	 3.372428e+02	 1.640774e-08	 1.640774e-08	 1.640774e-08	 
 3.372428e+02	 3.372428e+02	 3.372428e+02	 1.640774e-08	 1.640774e-08	 1.640774e-08	 
 3.372428e+02	 3.372428e+02	 3.372428e+02	 1.640774e-08	 1.640774e-08	 1.640774e-08	 
 3.372428e+02	 3.372428e+02	 3.372428e+02	 1.640774e-08	 1.640774e-08	 1.640774e-08	 
 3.372428e+02	 3.372428e+02	 3.372428e+02	 1.640774e-08	 1.640774e-08	 1.640774e-08	 
 3.372428e+02	 3.372428e+02	 3.372428e+02	 1.640774e-08	 1.640774e-08	 1.640774e-08	 
 3.372428e+02	 3.372428e+02	 3.372428e+02	 1.640774e-08	 1.640774e-08	 1.640774e-08	 
 3.372428e+02	 3.372428e+02	 3.372428e+02	 1.640774e-08	 1.640774e-08	 1.640774e-08	 
 3.372428e+02	 3.372428e+02	 3.372428e+02	 1.640774e-08	 1.640774e-08	 1.640774e-08	 
 3.372428e+02	 3.372428e+02	 3.372428e+02	 1.640774e-08	 1.640774e-08	 1.640774e-08	 
 3.203926e+02	 2.092604e+02	 3.148360e+02	 0	 0	 
 3.203926e+02	 2.092604e+02	 3.092794e+02	 0	 0	 
 3.203926e+02	 2.092604e+02	 3.037228e+02	 0	 0	 
 3.203926e+02	 2.092604e+02	 2.981662e+02	 0	 0	 
 3.203926e+02	 2.092604e+02	 2.926096e+02	 0	 0	 
 3.203926e+02	 2.092604e+02	 2.870530e+02	 0	 0	 
 3.203926e+02	 2.092604e+02	 2.814963e+02	 0	 0	 
 3.203926e+02	 2.092604e+02	 2.759397e+02	 0	 0	 
 3.203926e+02	 2.092604e+02	 2.703831e+02	 0	 0	 
 3.203926e+02	 2.092604e+02	 2.648265e+02	 0	 0	 
 3.203926e+02	 2.092604e+02	 2.592699e+02	 0	 0	 
 3.203926e+02	 2.092604e+02	 2.537133e+02	 0	 0	 
 3.203926e+02	 2.092604e+02	 2.481567e+02	 0	 0	 
 3.203926e+02	 2.092604e+02	 2.426001e+02	 0	 0	 
 3.203926e+02	 2.092604e+02	 2.370434e+02	 0	 0	 
 3.203926e+02	 2.092604e+02	 2.314868e+02	 0	 0	 
 3.203926e+02	 2.092604e+02	 2.259302e+02	 0	 0	 
 3.203926e+02	 2.092604e+02	 2.203736e+02	 0	 0	 
 3.203926e+02	 2.092604e+02	 2.148170e+02	 0	 0	 
 3.203926e+02	 2.092604e+02	 2.092604e+02	 0	 0	 
 