minimo	maximo	maximTot	minimTot	
2.465588e-01	 1.384167e+03	 1.250000e+01	 2.732700e+03	 
 2.465588e-01	 1.384167e+03	 1.166900e+03	 2.092400e+03	 
 2.465588e-01	 1.384167e+03	 1.166900e+03	 1.692500e+03	 
 2.465588e-01	 1.384167e+03	 1.438000e+02	 1.775000e+02	 
 7.048202e-02	 1.731518e+03	 6.200000e+00	 3.310000e+01	 
 7.048202e-02	 1.731518e+03	 1.346700e+03	 2.092400e+03	 
 7.048202e-02	 1.731518e+03	 1.071200e+03	 2.092400e+03	 
 7.048202e-02	 1.731518e+03	 1.445000e+02	 1.732000e+02	 
 5.418675e-03	 1.372064e+03	 1.020000e+01	 5.885000e+02	 
 5.418675e-03	 1.372064e+03	 1.166900e+03	 2.092400e+03	 
 5.418675e-03	 1.372064e+03	 1.166900e+03	 1.540700e+03	 
 5.418675e-03	 1.372064e+03	 143	 1.764000e+02	 
 1.899779e-01	 1.543542e+03	 3.310000e+01	 2.835400e+03	 
 1.899779e-01	 1.543542e+03	 1.166900e+03	 2.577900e+03	 
 1.899779e-01	 1.543542e+03	 1.143800e+03	 2.092400e+03	 
 1.899779e-01	 1.543542e+03	 1.445000e+02	 1.732000e+02	 
 2.817715e-03	 1.518152e+03	 5.800000e+00	 3.940000e+01	 
 2.817715e-03	 1.518152e+03	 1.166900e+03	 2.092400e+03	 
 2.817715e-03	 1.518152e+03	 9.871000e+02	 2.092400e+03	 
 2.817715e-03	 1.518152e+03	 1.475000e+02	 1.732000e+02	 
 3.450852e-01	 1.335741e+03	 6.200000e+00	 1.043500e+03	 
 3.450852e-01	 1.335741e+03	 1.166900e+03	 2.577900e+03	 
 3.450852e-01	 1.335741e+03	 1.143800e+03	 2.092400e+03	 
 3.450852e-01	 1.335741e+03	 1.193000e+02	 1.481000e+02	 
 5.014422e+01	 2.771316e+03	 1.990000e+01	 2.384100e+03	 
 5.014422e+01	 2.771316e+03	 1.471800e+03	 2.857800e+03	 
 5.014422e+01	 2.771316e+03	 9.871000e+02	 2.092400e+03	 
 5.014422e+01	 2.771316e+03	 1.288000e+02	 1.703000e+02	 
 1.357758e-01	 1.644413e+03	 1.020000e+01	 2.407500e+03	 
 1.357758e-01	 1.644413e+03	 9.871000e+02	 2.092400e+03	 
 1.357758e-01	 1.644413e+03	 1.273200e+03	 2.092400e+03	 
 1.357758e-01	 1.644413e+03	 1.214000e+02	 1.732000e+02	 
 2.823193e-02	 2.949207e+03	 1.390000e+01	 2.732700e+03	 
 2.823193e-02	 2.949207e+03	 1.143800e+03	 2160	 
 2.823193e-02	 2.949207e+03	 1.409600e+03	 1.659600e+03	 
 2.823193e-02	 2.949207e+03	 148	 1.732000e+02	 
 1.061034e-01	 1.432568e+03	 18	 4.740000e+01	 
 1.061034e-01	 1.432568e+03	 1.181500e+03	 2.848100e+03	 
 1.061034e-01	 1.432568e+03	 1.166900e+03	 1.576300e+03	 
 1.061034e-01	 1.432568e+03	 1.438000e+02	 1.656000e+02	 
 4.490443e+00	 2.291762e+03	 1.270000e+01	 4.740000e+01	 
 6.761586e+00	 2.294075e+03	 1.020000e+01	 4.740000e+01	 
 8.798282e+00	 3.046716e+03	 1.040000e+01	 4.740000e+01	 
 1.044121e-01	 2.276544e+03	 1.450000e+01	 4.740000e+01	 
 9.648781e+00	 3.046568e+03	 1.250000e+01	 4.740000e+01	 
 2.675619e+00	 2.289269e+03	 18	 4.740000e+01	 
 4.446967e+00	 3.041539e+03	 1.390000e+01	 4.740000e+01	 
 5.983033e+00	 2.291516e+03	 1.450000e+01	 4.740000e+01	 
 1.032075e+01	 3.045133e+03	 1.440000e+01	 4.740000e+01	 
 8.082618e-02	 2.268036e+03	 1.680000e+01	 4.740000e+01	 
 6.656143e+00	 2.290994e+03	 18	 4.740000e+01	 
 2.127724e-02	 2.277384e+03	 18	 1.085000e+02	 
 5.942947e-03	 2.286603e+03	 18	 2.626000e+02	 
 6.786096e-03	 2.283077e+03	 18	 5.885000e+02	 
 2.229406e-02	 2.278095e+03	 18	 1.043500e+03	 
 1.149354e-01	 2.281449e+03	 18	 1.564800e+03	 
 2.317161e-01	 2.287819e+03	 18	 2.005600e+03	 
 2.431492e+01	 2.290039e+03	 18	 2.384100e+03	 
 6.167305e-02	 2.649211e+03	 18	 2.407500e+03	 
 2.675619e+00	 2.289269e+03	 18	 4.740000e+01	 
 4.446967e+00	 3.041539e+03	 1.390000e+01	 4.740000e+01	 
 5.983033e+00	 2.291516e+03	 1.450000e+01	 4.740000e+01	 
 1.032075e+01	 3.045133e+03	 1.440000e+01	 4.740000e+01	 
 8.082618e-02	 2.268036e+03	 1.680000e+01	 4.740000e+01	 
 6.656143e+00	 2.290994e+03	 18	 4.740000e+01	 
 2.127724e-02	 2.277384e+03	 18	 1.085000e+02	 
 5.942947e-03	 2.286603e+03	 18	 2.626000e+02	 
 6.786096e-03	 2.283077e+03	 18	 5.885000e+02	 
 2.229406e-02	 2.278095e+03	 18	 1.043500e+03	 
 1.149354e-01	 2.281449e+03	 18	 1.564800e+03	 
 2.317161e-01	 2.287819e+03	 18	 2.005600e+03	 
 2.431492e+01	 2.290039e+03	 18	 2.384100e+03	 
 6.167305e-02	 2.649211e+03	 18	 2.407500e+03	 
 2.258428e-01	 3.370826e+03	 18	 2.636700e+03	 
 2.318972e-01	 1.102023e+04	 18	 2.600300e+03	 
 1.458895e+00	 2.340058e+04	 18	 2.732700e+03	 
 1.296452e+00	 4.591746e+03	 18	 2.627300e+03	 
 1.089130e+01	 2.292866e+03	 1.990000e+01	 4.740000e+01	 
 5.672991e+00	 1.387281e+03	 18	 4.740000e+01	 
 8.472694e-02	 3.028323e+03	 18	 4.740000e+01	 
 5.905717e-02	 2.276766e+03	 18	 4.740000e+01	 
 2.014529e+01	 3.049752e+03	 18	 4.740000e+01	 
 8.044793e+00	 2.291897e+03	 18	 4.740000e+01	 
 1.265944e+01	 3.046015e+03	 18	 4.740000e+01	 
 5.329950e+00	 1.387298e+03	 18	 4.740000e+01	 
 4.761547e+00	 2.289989e+03	 18	 4.740000e+01	 
 2.127724e-02	 2.277384e+03	 18	 1.085000e+02	 
 5.942947e-03	 2.286603e+03	 18	 2.626000e+02	 
 6.786096e-03	 2.283077e+03	 18	 5.885000e+02	 
 2.229406e-02	 2.278095e+03	 18	 1.043500e+03	 
 1.149354e-01	 2.281449e+03	 18	 1.564800e+03	 
 2.317161e-01	 2.287819e+03	 18	 2.005600e+03	 
 2.431492e+01	 2.290039e+03	 18	 2.384100e+03	 
 6.167305e-02	 2.649211e+03	 18	 2.407500e+03	 
 2.258428e-01	 3.370826e+03	 18	 2.636700e+03	 
 2.318972e-01	 1.102023e+04	 18	 2.600300e+03	 
 1.458895e+00	 2.340058e+04	 18	 2.732700e+03	 
 1.296452e+00	 4.591746e+03	 18	 2.627300e+03	 
 3.941323e-02	 2.274574e+03	 18	 2.835400e+03	 
 3.380143e+00	 2.291840e+03	 1.130000e+01	 4.740000e+01	 
 6.938851e+00	 3.047970e+03	 6.200000e+00	 4.740000e+01	 
 1.985302e+00	 2.289736e+03	 1.160000e+01	 4.740000e+01	 
 3.513343e+00	 3.043086e+03	 9.200000e+00	 4.740000e+01	 
 2.822357e-02	 2.285855e+03	 1.110000e+01	 4.740000e+01	 
 5.993030e+00	 3.045355e+03	 11	 4.740000e+01	 
 3.047897e+00	 2.290655e+03	 1.150000e+01	 4.740000e+01	 
 4.352275e+00	 2.291903e+03	 12	 4.740000e+01	 
 4.490443e+00	 2.291762e+03	 1.270000e+01	 4.740000e+01	 
 6.761586e+00	 2.294075e+03	 1.020000e+01	 4.740000e+01	 
 8.798282e+00	 3.046716e+03	 1.040000e+01	 4.740000e+01	 
 1.044121e-01	 2.276544e+03	 1.450000e+01	 4.740000e+01	 
 9.648781e+00	 3.046568e+03	 1.250000e+01	 4.740000e+01	 
 2.675619e+00	 2.289269e+03	 18	 4.740000e+01	 
 4.446967e+00	 3.041539e+03	 1.390000e+01	 4.740000e+01	 
 5.983033e+00	 2.291516e+03	 1.450000e+01	 4.740000e+01	 
 1.032075e+01	 3.045133e+03	 1.440000e+01	 4.740000e+01	 
 8.082618e-02	 2.268036e+03	 1.680000e+01	 4.740000e+01	 
 6.656143e+00	 2.290994e+03	 18	 4.740000e+01	 
 2.127724e-02	 2.277384e+03	 18	 1.085000e+02	 
 5.942947e-03	 2.286603e+03	 18	 2.626000e+02	 
 6.786096e-03	 2.283077e+03	 18	 5.885000e+02	 
 2.229406e-02	 2.278095e+03	 18	 1.043500e+03	 
 1.089130e+01	 2.292866e+03	 1.990000e+01	 4.740000e+01	 
 2.127724e-02	 2.277384e+03	 18	 1.085000e+02	 
 5.942947e-03	 2.286603e+03	 18	 2.626000e+02	 
 6.786096e-03	 2.283077e+03	 18	 5.885000e+02	 
 2.229406e-02	 2.278095e+03	 18	 1.043500e+03	 
 1.149354e-01	 2.281449e+03	 18	 1.564800e+03	 
 2.317161e-01	 2.287819e+03	 18	 2.005600e+03	 
 2.431492e+01	 2.290039e+03	 18	 2.384100e+03	 
 3.380143e+00	 2.291840e+03	 1.130000e+01	 4.740000e+01	 
 6.938851e+00	 3.047970e+03	 6.200000e+00	 4.740000e+01	 
 1.985302e+00	 2.289736e+03	 1.160000e+01	 4.740000e+01	 
 3.513343e+00	 3.043086e+03	 9.200000e+00	 4.740000e+01	 
 2.822357e-02	 2.285855e+03	 1.110000e+01	 4.740000e+01	 
 5.993030e+00	 3.045355e+03	 11	 4.740000e+01	 
 3.047897e+00	 2.290655e+03	 1.150000e+01	 4.740000e+01	 
 4.352275e+00	 2.291903e+03	 12	 4.740000e+01	 
 4.490443e+00	 2.291762e+03	 1.270000e+01	 4.740000e+01	 
 6.761586e+00	 2.294075e+03	 1.020000e+01	 4.740000e+01	 
 8.798282e+00	 3.046716e+03	 1.040000e+01	 4.740000e+01	 
 1.044121e-01	 2.276544e+03	 1.450000e+01	 4.740000e+01	 
 9.648781e+00	 3.046568e+03	 1.250000e+01	 4.740000e+01	 
 2.675619e+00	 2.289269e+03	 18	 4.740000e+01	 
 4.446967e+00	 3.041539e+03	 1.390000e+01	 4.740000e+01	 
 5.983033e+00	 2.291516e+03	 1.450000e+01	 4.740000e+01	 
 1.032075e+01	 3.045133e+03	 1.440000e+01	 4.740000e+01	 
 8.082618e-02	 2.268036e+03	 1.680000e+01	 4.740000e+01	 
 6.656143e+00	 2.290994e+03	 18	 4.740000e+01	 
 2.127724e-02	 2.277384e+03	 18	 1.085000e+02	 
 5.942947e-03	 2.286603e+03	 18	 2.626000e+02	 
 6.786096e-03	 2.283077e+03	 18	 5.885000e+02	 
 2.229406e-02	 2.278095e+03	 18	 1.043500e+03	 
 2.675619e+00	 2.289269e+03	 18	 4.740000e+01	 
 4.446967e+00	 3.041539e+03	 1.390000e+01	 4.740000e+01	 
 5.983033e+00	 2.291516e+03	 1.450000e+01	 4.740000e+01	 
 1.032075e+01	 3.045133e+03	 1.440000e+01	 4.740000e+01	 
 8.082618e-02	 2.268036e+03	 1.680000e+01	 4.740000e+01	 
 6.656143e+00	 2.290994e+03	 18	 4.740000e+01	 
 2.127724e-02	 2.277384e+03	 18	 1.085000e+02	 
 5.942947e-03	 2.286603e+03	 18	 2.626000e+02	 
 6.786096e-03	 2.283077e+03	 18	 5.885000e+02	 
 2.229406e-02	 2.278095e+03	 18	 1.043500e+03	 
 1.149354e-01	 2.281449e+03	 18	 1.564800e+03	 
 2.317161e-01	 2.287819e+03	 18	 2.005600e+03	 
 2.431492e+01	 2.290039e+03	 18	 2.384100e+03	 
 6.167305e-02	 2.649211e+03	 18	 2.407500e+03	 
 2.258428e-01	 3.370826e+03	 18	 2.636700e+03	 
 2.318972e-01	 1.102023e+04	 18	 2.600300e+03	 
 1.458895e+00	 2.340058e+04	 18	 2.732700e+03	 
 1.296452e+00	 4.591746e+03	 18	 2.627300e+03	 
 2.971154e-02	 2.279941e+03	 18	 3.940000e+01	 
 6.572763e+00	 3.050069e+03	 5.800000e+00	 4.740000e+01	 
 1.817093e+00	 2.290321e+03	 9.600000e+00	 4.740000e+01	 
 6.713860e+00	 3.049700e+03	 8.200000e+00	 4.740000e+01	 
 6.517886e+00	 3.048982e+03	 9.400000e+00	 4.740000e+01	 
 1.942025e+00	 1.387337e+03	 9.200000e+00	 4.740000e+01	 
 4.860183e+00	 2.294802e+03	 1.110000e+01	 4.740000e+01	 
 2.978634e+00	 2.291525e+03	 1.340000e+01	 4.740000e+01	 
 2.206797e+00	 1.387310e+03	 9.400000e+00	 4.740000e+01	 
 3.380143e+00	 2.291840e+03	 1.130000e+01	 4.740000e+01	 
 6.938851e+00	 3.047970e+03	 6.200000e+00	 4.740000e+01	 
 1.985302e+00	 2.289736e+03	 1.160000e+01	 4.740000e+01	 
 3.513343e+00	 3.043086e+03	 9.200000e+00	 4.740000e+01	 
 2.822357e-02	 2.285855e+03	 1.110000e+01	 4.740000e+01	 
 5.993030e+00	 3.045355e+03	 11	 4.740000e+01	 
 3.047897e+00	 2.290655e+03	 1.150000e+01	 4.740000e+01	 
 4.352275e+00	 2.291903e+03	 12	 4.740000e+01	 
 4.490443e+00	 2.291762e+03	 1.270000e+01	 4.740000e+01	 
 6.761586e+00	 2.294075e+03	 1.020000e+01	 4.740000e+01	 
 8.798282e+00	 3.046716e+03	 1.040000e+01	 4.740000e+01	 
 1.044121e-01	 2.276544e+03	 1.450000e+01	 4.740000e+01	 
 9.648781e+00	 3.046568e+03	 1.250000e+01	 4.740000e+01	 
 2.675619e+00	 2.289269e+03	 18	 4.740000e+01	 
 4.446967e+00	 3.041539e+03	 1.390000e+01	 4.740000e+01	 
 5.983033e+00	 2.291516e+03	 1.450000e+01	 4.740000e+01	 
 1.032075e+01	 3.045133e+03	 1.440000e+01	 4.740000e+01	 
 8.082618e-02	 2.268036e+03	 1.680000e+01	 4.740000e+01	 
 6.656143e+00	 2.290994e+03	 18	 4.740000e+01	 
 1.089130e+01	 2.292866e+03	 1.990000e+01	 4.740000e+01	 
 5.672991e+00	 1.387281e+03	 18	 4.740000e+01	 
 8.472694e-02	 3.028323e+03	 18	 4.740000e+01	 
 5.905717e-02	 2.276766e+03	 18	 4.740000e+01	 
 2.014529e+01	 3.049752e+03	 18	 4.740000e+01	 
 8.044793e+00	 2.291897e+03	 18	 4.740000e+01	 
 1.265944e+01	 3.046015e+03	 18	 4.740000e+01	 
 5.329950e+00	 1.387298e+03	 18	 4.740000e+01	 
 4.761547e+00	 2.289989e+03	 18	 4.740000e+01	 
 2.127724e-02	 2.277384e+03	 18	 1.085000e+02	 
 5.942947e-03	 2.286603e+03	 18	 2.626000e+02	 
 6.786096e-03	 2.283077e+03	 18	 5.885000e+02	 
 2.229406e-02	 2.278095e+03	 18	 1.043500e+03	 
 1.149354e-01	 2.281449e+03	 18	 1.564800e+03	 
 2.317161e-01	 2.287819e+03	 18	 2.005600e+03	 
 2.431492e+01	 2.290039e+03	 18	 2.384100e+03	 
 6.167305e-02	 2.649211e+03	 18	 2.407500e+03	 
 2.258428e-01	 3.370826e+03	 18	 2.636700e+03	 
 2.318972e-01	 1.102023e+04	 18	 2.600300e+03	 
 1.458895e+00	 2.340058e+04	 18	 2.732700e+03	 
 1.296452e+00	 4.591746e+03	 18	 2.627300e+03	 
 3.941323e-02	 2.274574e+03	 18	 2.835400e+03	 
 