2.211542e-01	 6.388883e-01	 2.152906e-01	 -6.382540e-04	 6.433339e+04	 6.405140e+04	 2.819926e+02	 0	 4.353011e+02	 7.471544e-02	 4.443669e+02	 3.055183e+03	 6.563166e+01	 
 2.076404e-01	 4.962008e-01	 3.525364e-01	 4.768010e-04	 1.116849e+05	 1.121232e+05	 4.382800e+02	 1	 1.455402e+03	 5.688136e-02	 2.466487e+02	 3.400321e+02	 4.544361e+02	 
 3.331641e-01	 4.275362e-01	 2.577251e-01	 2.555028e-04	 4.697418e+04	 4.760540e+04	 6.312177e+02	 1	 3.764914e+04	 1.869001e-02	 2.516302e+02	 6.505121e+02	 3.799061e+02	 
 1.278899e-01	 4.281791e-01	 5.378056e-01	 -2.016228e-06	 3.203467e+04	 3.203260e+04	 2.070341e+00	 0	 2.992844e+03	 9.399140e-02	 2.884612e+02	 1.669124e+03	 1.994399e+03	 
 1.977803e-01	 3.379452e-01	 4.978621e-01	 1.944850e-04	 5.445639e+04	 5.512370e+04	 6.673134e+02	 1	 1.203461e+05	 3.391938e-02	 2.918979e+02	 5.110085e+02	 3.950339e+02	 
 1.403827e-01	 5.011693e-01	 4.451159e-01	 -7.601143e-06	 5.428148e+04	 5.427220e+04	 9.275245e+00	 0	 4.380934e+04	 8.811702e-02	 1.105596e+01	 5.990019e+02	 8.522926e+02	 
 1.569415e-02	 6.699924e-01	 4.440238e-01	 -5.865912e-06	 1.832315e+04	 1.831660e+04	 6.554189e+00	 0	 1.590193e+04	 1.301232e-01	 7.419435e+01	 4.945639e+03	 4.811935e+03	 
 2.526984e-01	 4.808948e-01	 3.170317e-01	 1.779370e-04	 6.271922e+04	 6.307870e+04	 3.594814e+02	 1	 1.793636e+03	 5.083288e-02	 2.916690e+02	 7.140717e+02	 2.605562e+02	 
 8.890878e-02	 4.679588e-01	 5.440185e-01	 -1.971427e-06	 4.311146e+04	 4.310940e+04	 2.061914e+00	 0	 3.423376e+03	 1.010748e-01	 2.235634e+02	 1.221428e+03	 1.510135e+03	 
 1.897929e-01	 5.643645e-01	 3.233242e-01	 -5.904268e-06	 4.929193e+04	 4.928260e+04	 9.326094e+00	 0	 7.708978e+02	 7.749681e-02	 7.209392e+02	 2.380242e+03	 3.205703e+03	 
 2.096621e-01	 5.020575e-01	 3.508912e-01	 5.259378e-04	 4.893190e+04	 4.928260e+04	 3.506970e+02	 1	 6.494662e+03	 6.332268e-02	 2.330300e+01	 1.914751e+03	 1.255388e+03	 
 1.687640e-01	 3.557486e-01	 5.185076e-01	 1.975779e-04	 5.467698e+04	 5.512370e+04	 4.467169e+02	 1	 9.810416e+04	 4.339668e-02	 2.888467e+02	 4.250899e+02	 2.836162e+02	 
 1.687640e-01	 3.557486e-01	 5.185076e-01	 1.975779e-04	 5.467698e+04	 5.512370e+04	 4.467169e+02	 1	 9.810416e+04	 4.339668e-02	 2.888467e+02	 4.250899e+02	 2.836162e+02	 
 2.096621e-01	 5.020575e-01	 3.508912e-01	 5.259378e-04	 4.893190e+04	 4.928260e+04	 3.506970e+02	 1	 6.494662e+03	 6.332268e-02	 2.330300e+01	 1.914751e+03	 1.255388e+03	 
 2.495752e-01	 4.947168e-01	 3.070969e-01	 6.894018e-04	 4.909232e+04	 4.928260e+04	 1.902786e+02	 1	 4.597391e+03	 5.234470e-02	 1.051210e+01	 1.726528e+03	 1.116126e+02	 
 2.379771e-01	 4.561996e-01	 3.638493e-01	 8.659214e-04	 4.914863e+04	 4.928260e+04	 1.339653e+02	 1	 4.975893e+03	 5.911352e-02	 1.645118e+01	 1.649244e+03	 2.696881e-01	 
 2.096621e-01	 5.020575e-01	 3.508912e-01	 5.259378e-04	 4.893190e+04	 4.928260e+04	 3.506970e+02	 1	 6.494662e+03	 6.332268e-02	 2.330300e+01	 1.914751e+03	 1.255388e+03	 
 3.565543e-02	 6.993008e-01	 3.869864e-01	 2.988863e-05	 1.830395e+04	 1.831660e+04	 1.265290e+01	 1	 5.722843e+03	 1.222773e-01	 7.199755e+01	 3.035856e+03	 1.989825e+03	 
 3.831596e-02	 7.015420e-01	 3.817347e-01	 2.787240e-05	 1.831283e+04	 1.831660e+04	 3.769756e+00	 1	 2.557950e+03	 1.219485e-01	 6.756970e+01	 8.444622e+02	 3.098066e+02	 
 2.096621e-01	 5.020575e-01	 3.508912e-01	 5.259378e-04	 4.893190e+04	 4.928260e+04	 3.506970e+02	 1	 6.494662e+03	 6.332268e-02	 2.330300e+01	 1.914751e+03	 1.255388e+03	 
 2.252494e-01	 5.039267e-01	 3.314302e-01	 1.430212e-04	 6.283718e+04	 6.307870e+04	 2.415194e+02	 1	 1.501082e+03	 6.078078e-02	 3.944076e+02	 5.323669e+02	 3.734891e+02	 
 2.362802e-01	 5.069226e-01	 3.149536e-01	 1.444724e-04	 6.288945e+04	 6.307870e+04	 1.892471e+02	 1	 1.425156e+03	 5.833211e-02	 3.710196e+02	 3.263037e+02	 2.492792e+02	 
 2.096621e-01	 5.020575e-01	 3.508912e-01	 5.259378e-04	 4.893190e+04	 4.928260e+04	 3.506970e+02	 1	 6.494662e+03	 6.332268e-02	 2.330300e+01	 1.914751e+03	 1.255388e+03	 
 3.560767e-01	 6.175336e-01	 2.143961e-02	 4.491977e-05	 5.422828e+04	 5.427220e+04	 4.391768e+01	 1	 1.106370e+09	 1.795668e+00	 3.916565e+02	 3.506981e+02	 3.852163e+02	 
 2.174217e-01	 5.429546e-01	 2.935809e-01	 1.110579e-05	 5.426351e+04	 5.427220e+04	 8.691686e+00	 1	 9.404803e+07	 1.934460e+00	 3.559179e+02	 3.585616e+02	 3.963167e+02	 
 2.096621e-01	 5.020575e-01	 3.508912e-01	 5.259378e-04	 4.893190e+04	 4.928260e+04	 3.506970e+02	 1	 6.494662e+03	 6.332268e-02	 2.330300e+01	 1.914751e+03	 1.255388e+03	 
 2.096621e-01	 5.020575e-01	 3.508912e-01	 5.259378e-04	 4.893190e+04	 4.928260e+04	 3.506970e+02	 1	 6.494662e+03	 6.332268e-02	 2.330300e+01	 1.914751e+03	 1.255388e+03	 
 2.495752e-01	 4.947168e-01	 3.070969e-01	 6.894018e-04	 4.909232e+04	 4.928260e+04	 1.902786e+02	 1	 4.597391e+03	 5.234470e-02	 1.051210e+01	 1.726528e+03	 1.116126e+02	 
 2.096621e-01	 5.020575e-01	 3.508912e-01	 5.259378e-04	 4.893190e+04	 4.928260e+04	 3.506970e+02	 1	 6.494662e+03	 6.332268e-02	 2.330300e+01	 1.914751e+03	 1.255388e+03	 
 3.008129e-01	 4.419087e-01	 2.854812e-01	 2.331854e-04	 4.724506e+04	 4.760540e+04	 3.603415e+02	 1	 2.972121e+04	 2.845433e-02	 9.654542e+02	 4.421195e+03	 3.109296e+02	 
 3.142110e-01	 2.969546e-01	 4.174573e-01	 2.948916e-04	 4.740941e+04	 4.760540e+04	 1.959891e+02	 1	 1.926937e+04	 2.893549e-02	 9.686100e+02	 2.694159e+03	 9.088989e+00	 
 2.096621e-01	 5.020575e-01	 3.508912e-01	 5.259378e-04	 4.893190e+04	 4.928260e+04	 3.506970e+02	 1	 6.494662e+03	 6.332268e-02	 2.330300e+01	 1.914751e+03	 1.255388e+03	 
 2.096621e-01	 5.020575e-01	 3.508912e-01	 5.259378e-04	 4.893190e+04	 4.928260e+04	 3.506970e+02	 1	 6.494662e+03	 6.332268e-02	 2.330300e+01	 1.914751e+03	 1.255388e+03	 
 2.493076e-01	 4.931281e-01	 3.091642e-01	 7.340356e-04	 4.909810e+04	 4.928260e+04	 1.844971e+02	 1	 4.322278e+03	 5.259864e-02	 1.067392e+01	 1.699046e+03	 9.868430e+01	 
 2.096621e-01	 5.020575e-01	 3.508912e-01	 5.259378e-04	 4.893190e+04	 4.928260e+04	 3.506970e+02	 1	 6.494662e+03	 6.332268e-02	 2.330300e+01	 1.914751e+03	 1.255388e+03	 
 1.687640e-01	 3.557486e-01	 5.185076e-01	 1.975779e-04	 5.467698e+04	 5.512370e+04	 4.467169e+02	 1	 9.810416e+04	 4.339668e-02	 2.888467e+02	 4.250899e+02	 2.836162e+02	 
 1.687640e-01	 3.557486e-01	 5.185076e-01	 1.975779e-04	 5.467698e+04	 5.512370e+04	 4.467169e+02	 1	 9.810416e+04	 4.339668e-02	 2.888467e+02	 4.250899e+02	 2.836162e+02	 
 2.096621e-01	 5.020575e-01	 3.508912e-01	 5.259378e-04	 4.893190e+04	 4.928260e+04	 3.506970e+02	 1	 6.494662e+03	 6.332268e-02	 2.330300e+01	 1.914751e+03	 1.255388e+03	 
 3.560767e-01	 6.175336e-01	 2.143961e-02	 4.491977e-05	 5.422828e+04	 5.427220e+04	 4.391768e+01	 1	 1.106370e+09	 1.795668e+00	 3.916565e+02	 3.506981e+02	 3.852163e+02	 
 1.807353e-01	 5.229525e-01	 3.658406e-01	 2.319310e-06	 5.427159e+04	 5.427220e+04	 6.115293e-01	 1	 7.429715e+07	 1.702323e+00	 3.534432e+02	 3.414807e+02	 3.743658e+02	 
 