2.262755e-01	 2.511805e-06	 5.343571e-01	 2.393401e-01	 8.478535e-04	 1.141426e+01	 
 2.265459e-01	 1.211597e-05	 5.346510e-01	 2.387773e-01	 7.633015e-04	 1.086467e+01	 
 2.266019e-01	 1.389778e-05	 5.347101e-01	 2.386633e-01	 6.463750e-04	 1.100084e+01	 
 2.266284e-01	 1.470996e-05	 5.347377e-01	 2.386097e-01	 5.853681e-04	 1.108464e+01	 
 2.266411e-01	 1.508952e-05	 5.347509e-01	 2.385842e-01	 5.546488e-04	 1.113108e+01	 
 2.266472e-01	 1.527189e-05	 5.347573e-01	 2.385718e-01	 5.392911e-04	 1.115553e+01	 
 2.266503e-01	 1.536114e-05	 5.347604e-01	 2.385657e-01	 5.316198e-04	 1.116807e+01	 
 2.266518e-01	 1.540526e-05	 5.347619e-01	 2.385627e-01	 5.277869e-04	 1.117443e+01	 
 2.266525e-01	 1.542720e-05	 5.347627e-01	 2.385612e-01	 5.258712e-04	 1.117763e+01	 
 2.266529e-01	 1.543814e-05	 5.347631e-01	 2.385604e-01	 5.249136e-04	 1.117923e+01	 
 2.266531e-01	 1.544360e-05	 5.347633e-01	 2.385601e-01	 5.244348e-04	 1.118003e+01	 
 2.266532e-01	 1.544633e-05	 5.347634e-01	 2.385599e-01	 5.241955e-04	 1.118043e+01	 
 2.266532e-01	 1.544769e-05	 5.347634e-01	 2.385598e-01	 5.240758e-04	 1.118064e+01	 
 2.266533e-01	 1.544838e-05	 5.347635e-01	 2.385597e-01	 5.240159e-04	 1.118074e+01	 
 2.266533e-01	 1.544872e-05	 5.347635e-01	 2.385597e-01	 5.239860e-04	 1.118079e+01	 
 2.266533e-01	 1.544889e-05	 5.347635e-01	 2.385597e-01	 5.239711e-04	 1.118081e+01	 
 2.266533e-01	 1.544897e-05	 5.347635e-01	 2.385597e-01	 5.239636e-04	 1.118082e+01	 
 2.266533e-01	 1.544901e-05	 5.347635e-01	 2.385597e-01	 5.239598e-04	 1.118083e+01	 
 2.266533e-01	 1.544904e-05	 5.347635e-01	 2.385597e-01	 5.239580e-04	 1.118083e+01	 
 2.266533e-01	 1.544905e-05	 5.347635e-01	 2.385597e-01	 5.239570e-04	 1.118084e+01	 
 