2.773255e-02	 6.418661e-01	 1.768184e-05	 3.323700e-01	 1.340440e+01	 1.340004e+01	 4.357380e-03	 1	 4.240936e+03	 8.565374e-03	 1.476302e-01	 2.381557e-01	 4.734648e-02	 
 2.773255e-02	 6.418661e-01	 1.768184e-05	 3.323700e-01	 1.340440e+01	 1.340004e+01	 4.357380e-03	 1	 4.240936e+03	 8.565374e-03	 1.476302e-01	 2.381557e-01	 4.734648e-02	 
 2.773255e-02	 6.418661e-01	 1.768184e-05	 3.323700e-01	 1.340440e+01	 1.340004e+01	 4.357380e-03	 1	 4.240936e+03	 8.565374e-03	 1.476302e-01	 2.381557e-01	 4.734648e-02	 
 2.773255e-02	 6.418661e-01	 1.768184e-05	 3.323700e-01	 1.340440e+01	 1.340004e+01	 4.357380e-03	 1	 4.240936e+03	 8.565374e-03	 1.476302e-01	 2.381557e-01	 4.734648e-02	 
 2.773255e-02	 6.418661e-01	 1.768184e-05	 3.323700e-01	 1.340440e+01	 1.340004e+01	 4.357380e-03	 1	 4.240936e+03	 8.565374e-03	 1.476302e-01	 2.381557e-01	 4.734648e-02	 
 2.773255e-02	 6.418661e-01	 1.768184e-05	 3.323700e-01	 1.340440e+01	 1.340004e+01	 4.357380e-03	 1	 4.240936e+03	 8.565374e-03	 1.476302e-01	 2.381557e-01	 4.734648e-02	 
 1.177591e-01	 7.726570e-01	 3.539454e-05	 1.202311e-01	 1.423085e+01	 1.424664e+01	 1.579568e-02	 1	 1.227506e+03	 3.431700e-02	 2.611211e-02	 2.770766e-01	 2.732263e-01	 
 1.177591e-01	 7.726570e-01	 3.539454e-05	 1.202311e-01	 1.423085e+01	 1.424664e+01	 1.579568e-02	 1	 1.227506e+03	 3.431700e-02	 2.611211e-02	 2.770766e-01	 2.732263e-01	 
 1.177591e-01	 7.726570e-01	 3.539454e-05	 1.202311e-01	 1.423085e+01	 1.424664e+01	 1.579568e-02	 1	 1.227506e+03	 3.431700e-02	 2.611211e-02	 2.770766e-01	 2.732263e-01	 
 1.177591e-01	 7.726570e-01	 3.539454e-05	 1.202311e-01	 1.423085e+01	 1.424664e+01	 1.579568e-02	 1	 1.227506e+03	 3.431700e-02	 2.611211e-02	 2.770766e-01	 2.732263e-01	 
 1.177591e-01	 7.726570e-01	 3.539454e-05	 1.202311e-01	 1.423085e+01	 1.424664e+01	 1.579568e-02	 1	 1.227506e+03	 3.431700e-02	 2.611211e-02	 2.770766e-01	 2.732263e-01	 
 1.177591e-01	 7.726570e-01	 3.539454e-05	 1.202311e-01	 1.423085e+01	 1.424664e+01	 1.579568e-02	 1	 1.227506e+03	 3.431700e-02	 2.611211e-02	 2.770766e-01	 2.732263e-01	 
 1.704245e-02	 8.055236e-01	 2.293723e-05	 1.995623e-01	 1.202011e+01	 1.202733e+01	 7.217898e-03	 1	 8.984062e+02	 3.585595e-02	 1.136631e-01	 1.777206e-01	 3.161185e-01	 
 1.704245e-02	 8.055236e-01	 2.293723e-05	 1.995623e-01	 1.202011e+01	 1.202733e+01	 7.217898e-03	 1	 8.984062e+02	 3.585595e-02	 1.136631e-01	 1.777206e-01	 3.161185e-01	 
 1.704245e-02	 8.055236e-01	 2.293723e-05	 1.995623e-01	 1.202011e+01	 1.202733e+01	 7.217898e-03	 1	 8.984062e+02	 3.585595e-02	 1.136631e-01	 1.777206e-01	 3.161185e-01	 
 1.704245e-02	 8.055236e-01	 2.293723e-05	 1.995623e-01	 1.202011e+01	 1.202733e+01	 7.217898e-03	 1	 8.984062e+02	 3.585595e-02	 1.136631e-01	 1.777206e-01	 3.161185e-01	 
 1.704245e-02	 8.055236e-01	 2.293723e-05	 1.995623e-01	 1.202011e+01	 1.202733e+01	 7.217898e-03	 1	 8.984062e+02	 3.585595e-02	 1.136631e-01	 1.777206e-01	 3.161185e-01	 
 1.704245e-02	 8.055236e-01	 2.293723e-05	 1.995623e-01	 1.202011e+01	 1.202733e+01	 7.217898e-03	 1	 8.984062e+02	 3.585595e-02	 1.136631e-01	 1.777206e-01	 3.161185e-01	 
 2.396379e-01	 6.189044e-01	 4.377198e-04	 1.548869e-01	 2.165972e+01	 2.166356e+01	 3.844053e-03	 1	 1.471612e+02	 2.198234e-02	 1.113973e-01	 1.269408e-01	 2.920751e-02	 
 2.396379e-01	 6.189044e-01	 4.377198e-04	 1.548869e-01	 2.165972e+01	 2.166356e+01	 3.844053e-03	 1	 1.471612e+02	 2.198234e-02	 1.113973e-01	 1.269408e-01	 2.920751e-02	 
 2.396379e-01	 6.189044e-01	 4.377198e-04	 1.548869e-01	 2.165972e+01	 2.166356e+01	 3.844053e-03	 1	 1.471612e+02	 2.198234e-02	 1.113973e-01	 1.269408e-01	 2.920751e-02	 
 2.396379e-01	 6.189044e-01	 4.377198e-04	 1.548869e-01	 2.165972e+01	 2.166356e+01	 3.844053e-03	 1	 1.471612e+02	 2.198234e-02	 1.113973e-01	 1.269408e-01	 2.920751e-02	 
 2.396379e-01	 6.189044e-01	 4.377198e-04	 1.548869e-01	 2.165972e+01	 2.166356e+01	 3.844053e-03	 1	 1.471612e+02	 2.198234e-02	 1.113973e-01	 1.269408e-01	 2.920751e-02	 
 2.396379e-01	 6.189044e-01	 4.377198e-04	 1.548869e-01	 2.165972e+01	 2.166356e+01	 3.844053e-03	 1	 1.471612e+02	 2.198234e-02	 1.113973e-01	 1.269408e-01	 2.920751e-02	 
 1.364864e-01	 6.409787e-01	 4.878128e-06	 2.209082e-01	 2.893420e+01	 2.893431e+01	 1.125170e-04	 1	 2.097509e+02	 2.000225e-03	 1.915523e-03	 3.678928e-02	 3.641961e-03	 
 1.364864e-01	 6.409787e-01	 4.878128e-06	 2.209082e-01	 2.893420e+01	 2.893431e+01	 1.125170e-04	 1	 2.097509e+02	 2.000225e-03	 1.915523e-03	 3.678928e-02	 3.641961e-03	 
 1.364864e-01	 6.409787e-01	 4.878128e-06	 2.209082e-01	 2.893420e+01	 2.893431e+01	 1.125170e-04	 1	 2.097509e+02	 2.000225e-03	 1.915523e-03	 3.678928e-02	 3.641961e-03	 
 1.364864e-01	 6.409787e-01	 4.878128e-06	 2.209082e-01	 2.893420e+01	 2.893431e+01	 1.125170e-04	 1	 2.097509e+02	 2.000225e-03	 1.915523e-03	 3.678928e-02	 3.641961e-03	 
 1.364864e-01	 6.409787e-01	 4.878128e-06	 2.209082e-01	 2.893420e+01	 2.893431e+01	 1.125170e-04	 1	 2.097509e+02	 2.000225e-03	 1.915523e-03	 3.678928e-02	 3.641961e-03	 
 1.364864e-01	 6.409787e-01	 4.878128e-06	 2.209082e-01	 2.893420e+01	 2.893431e+01	 1.125170e-04	 1	 2.097509e+02	 2.000225e-03	 1.915523e-03	 3.678928e-02	 3.641961e-03	 
 -1.898759e-02	 7.554125e-01	 -8.656375e-04	 2.597174e-01	 3.425985e+01	 3.417369e+01	 8.615960e-02	 0	 6.981548e+02	 9.262431e-03	 7.507118e-03	 4.293712e-01	 1.740706e-01	 
 -1.898759e-02	 7.554125e-01	 -8.656375e-04	 2.597174e-01	 3.425985e+01	 3.417369e+01	 8.615960e-02	 0	 6.981548e+02	 9.262431e-03	 7.507118e-03	 4.293712e-01	 1.740706e-01	 
 -1.898759e-02	 7.554125e-01	 -8.656375e-04	 2.597174e-01	 3.425985e+01	 3.417369e+01	 8.615960e-02	 0	 6.981548e+02	 9.262431e-03	 7.507118e-03	 4.293712e-01	 1.740706e-01	 
 -1.898759e-02	 7.554125e-01	 -8.656375e-04	 2.597174e-01	 3.425985e+01	 3.417369e+01	 8.615960e-02	 0	 6.981548e+02	 9.262431e-03	 7.507118e-03	 4.293712e-01	 1.740706e-01	 
 -1.898759e-02	 7.554125e-01	 -8.656375e-04	 2.597174e-01	 3.425985e+01	 3.417369e+01	 8.615960e-02	 0	 6.981548e+02	 9.262431e-03	 7.507118e-03	 4.293712e-01	 1.740706e-01	 
 -1.898759e-02	 7.554125e-01	 -8.656375e-04	 2.597174e-01	 3.425985e+01	 3.417369e+01	 8.615960e-02	 0	 6.981548e+02	 9.262431e-03	 7.507118e-03	 4.293712e-01	 1.740706e-01	 
 -2.105735e-01	 9.595020e-01	 -1.030194e-03	 2.440954e-01	 3.060531e+01	 3.046019e+01	 1.451159e-01	 0	 3.215929e+03	 2.527314e-02	 2.223881e-02	 9.259515e-01	 4.468812e-01	 
 -2.105735e-01	 9.595020e-01	 -1.030194e-03	 2.440954e-01	 3.060531e+01	 3.046019e+01	 1.451159e-01	 0	 3.215929e+03	 2.527314e-02	 2.223881e-02	 9.259515e-01	 4.468812e-01	 
 -2.105735e-01	 9.595020e-01	 -1.030194e-03	 2.440954e-01	 3.060531e+01	 3.046019e+01	 1.451159e-01	 0	 3.215929e+03	 2.527314e-02	 2.223881e-02	 9.259515e-01	 4.468812e-01	 
 -2.105735e-01	 9.595020e-01	 -1.030194e-03	 2.440954e-01	 3.060531e+01	 3.046019e+01	 1.451159e-01	 0	 3.215929e+03	 2.527314e-02	 2.223881e-02	 9.259515e-01	 4.468812e-01	 
 -2.105735e-01	 9.595020e-01	 -1.030194e-03	 2.440954e-01	 3.060531e+01	 3.046019e+01	 1.451159e-01	 0	 3.215929e+03	 2.527314e-02	 2.223881e-02	 9.259515e-01	 4.468812e-01	 
 -2.105735e-01	 9.595020e-01	 -1.030194e-03	 2.440954e-01	 3.060531e+01	 3.046019e+01	 1.451159e-01	 0	 3.215929e+03	 2.527314e-02	 2.223881e-02	 9.259515e-01	 4.468812e-01	 
 1.673277e-01	 7.652731e-01	 7.976215e-06	 1.014661e-01	 1.848120e+01	 1.848881e+01	 7.608890e-03	 1	 3.096088e+02	 4.414039e-02	 4.076755e-01	 7.145571e-01	 1.934902e-01	 
 1.673277e-01	 7.652731e-01	 7.976215e-06	 1.014661e-01	 1.848120e+01	 1.848881e+01	 7.608890e-03	 1	 3.096088e+02	 4.414039e-02	 4.076755e-01	 7.145571e-01	 1.934902e-01	 
 1.673277e-01	 7.652731e-01	 7.976215e-06	 1.014661e-01	 1.848120e+01	 1.848881e+01	 7.608890e-03	 1	 3.096088e+02	 4.414039e-02	 4.076755e-01	 7.145571e-01	 1.934902e-01	 
 1.673277e-01	 7.652731e-01	 7.976215e-06	 1.014661e-01	 1.848120e+01	 1.848881e+01	 7.608890e-03	 1	 3.096088e+02	 4.414039e-02	 4.076755e-01	 7.145571e-01	 1.934902e-01	 
 1.673277e-01	 7.652731e-01	 7.976215e-06	 1.014661e-01	 1.848120e+01	 1.848881e+01	 7.608890e-03	 1	 3.096088e+02	 4.414039e-02	 4.076755e-01	 7.145571e-01	 1.934902e-01	 
 1.673277e-01	 7.652731e-01	 7.976215e-06	 1.014661e-01	 1.848120e+01	 1.848881e+01	 7.608890e-03	 1	 3.096088e+02	 4.414039e-02	 4.076755e-01	 7.145571e-01	 1.934902e-01	 
 2.227829e-01	 6.988333e-01	 7.265814e-05	 1.055918e-01	 2.064732e+01	 2.064891e+01	 1.588819e-03	 1	 2.019007e+02	 3.757452e-02	 2.326461e-01	 2.996321e-01	 1.164659e-01	 
 2.227829e-01	 6.988333e-01	 7.265814e-05	 1.055918e-01	 2.064732e+01	 2.064891e+01	 1.588819e-03	 1	 2.019007e+02	 3.757452e-02	 2.326461e-01	 2.996321e-01	 1.164659e-01	 
 2.227829e-01	 6.988333e-01	 7.265814e-05	 1.055918e-01	 2.064732e+01	 2.064891e+01	 1.588819e-03	 1	 2.019007e+02	 3.757452e-02	 2.326461e-01	 2.996321e-01	 1.164659e-01	 
 2.227829e-01	 6.988333e-01	 7.265814e-05	 1.055918e-01	 2.064732e+01	 2.064891e+01	 1.588819e-03	 1	 2.019007e+02	 3.757452e-02	 2.326461e-01	 2.996321e-01	 1.164659e-01	 
 2.227829e-01	 6.988333e-01	 7.265814e-05	 1.055918e-01	 2.064732e+01	 2.064891e+01	 1.588819e-03	 1	 2.019007e+02	 3.757452e-02	 2.326461e-01	 2.996321e-01	 1.164659e-01	 
 2.227829e-01	 6.988333e-01	 7.265814e-05	 1.055918e-01	 2.064732e+01	 2.064891e+01	 1.588819e-03	 1	 2.019007e+02	 3.757452e-02	 2.326461e-01	 2.996321e-01	 1.164659e-01	 
 2.281564e-01	 5.843938e-01	 3.683278e-06	 1.917588e-01	 1.623975e+01	 1.623962e+01	 1.269250e-04	 1	 1.428680e+02	 7.096593e-03	 3.202789e-02	 3.009730e-02	 8.663916e-02	 
 2.281564e-01	 5.843938e-01	 3.683278e-06	 1.917588e-01	 1.623975e+01	 1.623962e+01	 1.269250e-04	 1	 1.428680e+02	 7.096593e-03	 3.202789e-02	 3.009730e-02	 8.663916e-02	 
 2.281564e-01	 5.843938e-01	 3.683278e-06	 1.917588e-01	 1.623975e+01	 1.623962e+01	 1.269250e-04	 1	 1.428680e+02	 7.096593e-03	 3.202789e-02	 3.009730e-02	 8.663916e-02	 
 2.281564e-01	 5.843938e-01	 3.683278e-06	 1.917588e-01	 1.623975e+01	 1.623962e+01	 1.269250e-04	 1	 1.428680e+02	 7.096593e-03	 3.202789e-02	 3.009730e-02	 8.663916e-02	 
 2.281564e-01	 5.843938e-01	 3.683278e-06	 1.917588e-01	 1.623975e+01	 1.623962e+01	 1.269250e-04	 1	 1.428680e+02	 7.096593e-03	 3.202789e-02	 3.009730e-02	 8.663916e-02	 
 2.281564e-01	 5.843938e-01	 3.683278e-06	 1.917588e-01	 1.623975e+01	 1.623962e+01	 1.269250e-04	 1	 1.428680e+02	 7.096593e-03	 3.202789e-02	 3.009730e-02	 8.663916e-02	 
 2.281564e-01	 5.843938e-01	 3.683278e-06	 1.917588e-01	 1.623975e+01	 1.623962e+01	 1.269250e-04	 1	 1.428680e+02	 7.096593e-03	 3.202789e-02	 3.009730e-02	 8.663916e-02	 
 2.281564e-01	 5.843938e-01	 3.683278e-06	 1.917588e-01	 1.623975e+01	 1.623962e+01	 1.269250e-04	 1	 1.428680e+02	 7.096593e-03	 3.202789e-02	 3.009730e-02	 8.663916e-02	 
 2.281564e-01	 5.843938e-01	 3.683278e-06	 1.917588e-01	 1.623975e+01	 1.623962e+01	 1.269250e-04	 1	 1.428680e+02	 7.096593e-03	 3.202789e-02	 3.009730e-02	 8.663916e-02	 
 2.281564e-01	 5.843938e-01	 3.683278e-06	 1.917588e-01	 1.623975e+01	 1.623962e+01	 1.269250e-04	 1	 1.428680e+02	 7.096593e-03	 3.202789e-02	 3.009730e-02	 8.663916e-02	 
 2.281564e-01	 5.843938e-01	 3.683278e-06	 1.917588e-01	 1.623975e+01	 1.623962e+01	 1.269250e-04	 1	 1.428680e+02	 7.096593e-03	 3.202789e-02	 3.009730e-02	 8.663916e-02	 
 2.281564e-01	 5.843938e-01	 3.683278e-06	 1.917588e-01	 1.623975e+01	 1.623962e+01	 1.269250e-04	 1	 1.428680e+02	 7.096593e-03	 3.202789e-02	 3.009730e-02	 8.663916e-02	 
 2.344941e-01	 6.273101e-01	 9.168871e-05	 1.528730e-01	 2.166327e+01	 2.166356e+01	 2.922395e-04	 1	 1.445419e+02	 2.234735e-02	 1.387034e-01	 1.708937e-01	 7.861340e-02	 
 2.344941e-01	 6.273101e-01	 9.168871e-05	 1.528730e-01	 2.166327e+01	 2.166356e+01	 2.922395e-04	 1	 1.445419e+02	 2.234735e-02	 1.387034e-01	 1.708937e-01	 7.861340e-02	 
 2.344941e-01	 6.273101e-01	 9.168871e-05	 1.528730e-01	 2.166327e+01	 2.166356e+01	 2.922395e-04	 1	 1.445419e+02	 2.234735e-02	 1.387034e-01	 1.708937e-01	 7.861340e-02	 
 2.344941e-01	 6.273101e-01	 9.168871e-05	 1.528730e-01	 2.166327e+01	 2.166356e+01	 2.922395e-04	 1	 1.445419e+02	 2.234735e-02	 1.387034e-01	 1.708937e-01	 7.861340e-02	 
 2.344941e-01	 6.273101e-01	 9.168871e-05	 1.528730e-01	 2.166327e+01	 2.166356e+01	 2.922395e-04	 1	 1.445419e+02	 2.234735e-02	 1.387034e-01	 1.708937e-01	 7.861340e-02	 
 2.344941e-01	 6.273101e-01	 9.168871e-05	 1.528730e-01	 2.166327e+01	 2.166356e+01	 2.922395e-04	 1	 1.445419e+02	 2.234735e-02	 1.387034e-01	 1.708937e-01	 7.861340e-02	 
 2.343390e-01	 6.274485e-01	 8.223054e-05	 1.529031e-01	 2.166320e+01	 2.166356e+01	 3.587240e-04	 1	 1.548274e+02	 2.244343e-02	 1.395993e-01	 1.668746e-01	 9.399762e-02	 
 2.343390e-01	 6.274485e-01	 8.223054e-05	 1.529031e-01	 2.166320e+01	 2.166356e+01	 3.587240e-04	 1	 1.548274e+02	 2.244343e-02	 1.395993e-01	 1.668746e-01	 9.399762e-02	 
 2.343390e-01	 6.274485e-01	 8.223054e-05	 1.529031e-01	 2.166320e+01	 2.166356e+01	 3.587240e-04	 1	 1.548274e+02	 2.244343e-02	 1.395993e-01	 1.668746e-01	 9.399762e-02	 
 2.343390e-01	 6.274485e-01	 8.223054e-05	 1.529031e-01	 2.166320e+01	 2.166356e+01	 3.587240e-04	 1	 1.548274e+02	 2.244343e-02	 1.395993e-01	 1.668746e-01	 9.399762e-02	 
 2.343390e-01	 6.274485e-01	 8.223054e-05	 1.529031e-01	 2.166320e+01	 2.166356e+01	 3.587240e-04	 1	 1.548274e+02	 2.244343e-02	 1.395993e-01	 1.668746e-01	 9.399762e-02	 
 2.343390e-01	 6.274485e-01	 8.223054e-05	 1.529031e-01	 2.166320e+01	 2.166356e+01	 3.587240e-04	 1	 1.548274e+02	 2.244343e-02	 1.395993e-01	 1.668746e-01	 9.399762e-02	 
 2.281564e-01	 5.843938e-01	 3.683278e-06	 1.917588e-01	 1.623975e+01	 1.623962e+01	 1.269250e-04	 1	 1.428680e+02	 7.096593e-03	 3.202789e-02	 3.009730e-02	 8.663916e-02	 
 2.281564e-01	 5.843938e-01	 3.683278e-06	 1.917588e-01	 1.623975e+01	 1.623962e+01	 1.269250e-04	 1	 1.428680e+02	 7.096593e-03	 3.202789e-02	 3.009730e-02	 8.663916e-02	 
 2.281564e-01	 5.843938e-01	 3.683278e-06	 1.917588e-01	 1.623975e+01	 1.623962e+01	 1.269250e-04	 1	 1.428680e+02	 7.096593e-03	 3.202789e-02	 3.009730e-02	 8.663916e-02	 
 2.281564e-01	 5.843938e-01	 3.683278e-06	 1.917588e-01	 1.623975e+01	 1.623962e+01	 1.269250e-04	 1	 1.428680e+02	 7.096593e-03	 3.202789e-02	 3.009730e-02	 8.663916e-02	 
 2.281564e-01	 5.843938e-01	 3.683278e-06	 1.917588e-01	 1.623975e+01	 1.623962e+01	 1.269250e-04	 1	 1.428680e+02	 7.096593e-03	 3.202789e-02	 3.009730e-02	 8.663916e-02	 
 2.281564e-01	 5.843938e-01	 3.683278e-06	 1.917588e-01	 1.623975e+01	 1.623962e+01	 1.269250e-04	 1	 1.428680e+02	 7.096593e-03	 3.202789e-02	 3.009730e-02	 8.663916e-02	 
 2.281564e-01	 5.843938e-01	 3.683278e-06	 1.917588e-01	 1.623975e+01	 1.623962e+01	 1.269250e-04	 1	 1.428680e+02	 7.096593e-03	 3.202789e-02	 3.009730e-02	 8.663916e-02	 
 2.281564e-01	 5.843938e-01	 3.683278e-06	 1.917588e-01	 1.623975e+01	 1.623962e+01	 1.269250e-04	 1	 1.428680e+02	 7.096593e-03	 3.202789e-02	 3.009730e-02	 8.663916e-02	 
 2.281564e-01	 5.843938e-01	 3.683278e-06	 1.917588e-01	 1.623975e+01	 1.623962e+01	 1.269250e-04	 1	 1.428680e+02	 7.096593e-03	 3.202789e-02	 3.009730e-02	 8.663916e-02	 
 2.281564e-01	 5.843938e-01	 3.683278e-06	 1.917588e-01	 1.623975e+01	 1.623962e+01	 1.269250e-04	 1	 1.428680e+02	 7.096593e-03	 3.202789e-02	 3.009730e-02	 8.663916e-02	 
 2.281564e-01	 5.843938e-01	 3.683278e-06	 1.917588e-01	 1.623975e+01	 1.623962e+01	 1.269250e-04	 1	 1.428680e+02	 7.096593e-03	 3.202789e-02	 3.009730e-02	 8.663916e-02	 
 2.281564e-01	 5.843938e-01	 3.683278e-06	 1.917588e-01	 1.623975e+01	 1.623962e+01	 1.269250e-04	 1	 1.428680e+02	 7.096593e-03	 3.202789e-02	 3.009730e-02	 8.663916e-02	 
 2.280999e-01	 5.844119e-01	 6.936735e-06	 1.917822e-01	 1.623962e+01	 1.623962e+01	 7.002369e-06	 1	 1.464018e+02	 7.117317e-03	 3.212833e-02	 3.192743e-02	 8.772326e-02	 
 2.280999e-01	 5.844119e-01	 6.936735e-06	 1.917822e-01	 1.623962e+01	 1.623962e+01	 7.002369e-06	 1	 1.464018e+02	 7.117317e-03	 3.212833e-02	 3.192743e-02	 8.772326e-02	 
 2.280999e-01	 5.844119e-01	 6.936735e-06	 1.917822e-01	 1.623962e+01	 1.623962e+01	 7.002369e-06	 1	 1.464018e+02	 7.117317e-03	 3.212833e-02	 3.192743e-02	 8.772326e-02	 
 2.280999e-01	 5.844119e-01	 6.936735e-06	 1.917822e-01	 1.623962e+01	 1.623962e+01	 7.002369e-06	 1	 1.464018e+02	 7.117317e-03	 3.212833e-02	 3.192743e-02	 8.772326e-02	 
 2.280999e-01	 5.844119e-01	 6.936735e-06	 1.917822e-01	 1.623962e+01	 1.623962e+01	 7.002369e-06	 1	 1.464018e+02	 7.117317e-03	 3.212833e-02	 3.192743e-02	 8.772326e-02	 
 2.280999e-01	 5.844119e-01	 6.936735e-06	 1.917822e-01	 1.623962e+01	 1.623962e+01	 7.002369e-06	 1	 1.464018e+02	 7.117317e-03	 3.212833e-02	 3.192743e-02	 8.772326e-02	 
 2.281564e-01	 5.843938e-01	 3.683278e-06	 1.917588e-01	 1.623975e+01	 1.623962e+01	 1.269250e-04	 1	 1.428680e+02	 7.096593e-03	 3.202789e-02	 3.009730e-02	 8.663916e-02	 
 2.281564e-01	 5.843938e-01	 3.683278e-06	 1.917588e-01	 1.623975e+01	 1.623962e+01	 1.269250e-04	 1	 1.428680e+02	 7.096593e-03	 3.202789e-02	 3.009730e-02	 8.663916e-02	 
 2.281564e-01	 5.843938e-01	 3.683278e-06	 1.917588e-01	 1.623975e+01	 1.623962e+01	 1.269250e-04	 1	 1.428680e+02	 7.096593e-03	 3.202789e-02	 3.009730e-02	 8.663916e-02	 
 2.281564e-01	 5.843938e-01	 3.683278e-06	 1.917588e-01	 1.623975e+01	 1.623962e+01	 1.269250e-04	 1	 1.428680e+02	 7.096593e-03	 3.202789e-02	 3.009730e-02	 8.663916e-02	 
 2.281564e-01	 5.843938e-01	 3.683278e-06	 1.917588e-01	 1.623975e+01	 1.623962e+01	 1.269250e-04	 1	 1.428680e+02	 7.096593e-03	 3.202789e-02	 3.009730e-02	 8.663916e-02	 
 2.281564e-01	 5.843938e-01	 3.683278e-06	 1.917588e-01	 1.623975e+01	 1.623962e+01	 1.269250e-04	 1	 1.428680e+02	 7.096593e-03	 3.202789e-02	 3.009730e-02	 8.663916e-02	 
 1.700456e-01	 7.632345e-01	 1.166990e-04	 1.006227e-01	 1.848205e+01	 1.848881e+01	 6.755161e-03	 1	 1.234157e+02	 4.124511e-02	 4.171773e-01	 6.068353e-01	 4.144124e-02	 
 1.700456e-01	 7.632345e-01	 1.166990e-04	 1.006227e-01	 1.848205e+01	 1.848881e+01	 6.755161e-03	 1	 1.234157e+02	 4.124511e-02	 4.171773e-01	 6.068353e-01	 4.144124e-02	 
 1.700456e-01	 7.632345e-01	 1.166990e-04	 1.006227e-01	 1.848205e+01	 1.848881e+01	 6.755161e-03	 1	 1.234157e+02	 4.124511e-02	 4.171773e-01	 6.068353e-01	 4.144124e-02	 
 1.700456e-01	 7.632345e-01	 1.166990e-04	 1.006227e-01	 1.848205e+01	 1.848881e+01	 6.755161e-03	 1	 1.234157e+02	 4.124511e-02	 4.171773e-01	 6.068353e-01	 4.144124e-02	 
 1.700456e-01	 7.632345e-01	 1.166990e-04	 1.006227e-01	 1.848205e+01	 1.848881e+01	 6.755161e-03	 1	 1.234157e+02	 4.124511e-02	 4.171773e-01	 6.068353e-01	 4.144124e-02	 
 1.700456e-01	 7.632345e-01	 1.166990e-04	 1.006227e-01	 1.848205e+01	 1.848881e+01	 6.755161e-03	 1	 1.234157e+02	 4.124511e-02	 4.171773e-01	 6.068353e-01	 4.144124e-02	 
 1.865464e-01	 7.508970e-01	 1.470289e-03	 9.493066e-02	 1.848959e+01	 1.848881e+01	 7.846997e-04	 1	 1.421556e+02	 4.234847e-02	 4.074278e-01	 5.768556e-01	 4.593575e-02	 
 1.865464e-01	 7.508970e-01	 1.470289e-03	 9.493066e-02	 1.848959e+01	 1.848881e+01	 7.846997e-04	 1	 1.421556e+02	 4.234847e-02	 4.074278e-01	 5.768556e-01	 4.593575e-02	 
 1.865464e-01	 7.508970e-01	 1.470289e-03	 9.493066e-02	 1.848959e+01	 1.848881e+01	 7.846997e-04	 1	 1.421556e+02	 4.234847e-02	 4.074278e-01	 5.768556e-01	 4.593575e-02	 
 1.865464e-01	 7.508970e-01	 1.470289e-03	 9.493066e-02	 1.848959e+01	 1.848881e+01	 7.846997e-04	 1	 1.421556e+02	 4.234847e-02	 4.074278e-01	 5.768556e-01	 4.593575e-02	 
 1.865464e-01	 7.508970e-01	 1.470289e-03	 9.493066e-02	 1.848959e+01	 1.848881e+01	 7.846997e-04	 1	 1.421556e+02	 4.234847e-02	 4.074278e-01	 5.768556e-01	 4.593575e-02	 
 1.865464e-01	 7.508970e-01	 1.470289e-03	 9.493066e-02	 1.848959e+01	 1.848881e+01	 7.846997e-04	 1	 1.421556e+02	 4.234847e-02	 4.074278e-01	 5.768556e-01	 4.593575e-02	 
 2.281564e-01	 5.843938e-01	 3.683278e-06	 1.917588e-01	 1.623975e+01	 1.623962e+01	 1.269250e-04	 1	 1.428680e+02	 7.096593e-03	 3.202789e-02	 3.009730e-02	 8.663916e-02	 
 2.281564e-01	 5.843938e-01	 3.683278e-06	 1.917588e-01	 1.623975e+01	 1.623962e+01	 1.269250e-04	 1	 1.428680e+02	 7.096593e-03	 3.202789e-02	 3.009730e-02	 8.663916e-02	 
 2.281564e-01	 5.843938e-01	 3.683278e-06	 1.917588e-01	 1.623975e+01	 1.623962e+01	 1.269250e-04	 1	 1.428680e+02	 7.096593e-03	 3.202789e-02	 3.009730e-02	 8.663916e-02	 
 2.281564e-01	 5.843938e-01	 3.683278e-06	 1.917588e-01	 1.623975e+01	 1.623962e+01	 1.269250e-04	 1	 1.428680e+02	 7.096593e-03	 3.202789e-02	 3.009730e-02	 8.663916e-02	 
 2.281564e-01	 5.843938e-01	 3.683278e-06	 1.917588e-01	 1.623975e+01	 1.623962e+01	 1.269250e-04	 1	 1.428680e+02	 7.096593e-03	 3.202789e-02	 3.009730e-02	 8.663916e-02	 
 2.281564e-01	 5.843938e-01	 3.683278e-06	 1.917588e-01	 1.623975e+01	 1.623962e+01	 1.269250e-04	 1	 1.428680e+02	 7.096593e-03	 3.202789e-02	 3.009730e-02	 8.663916e-02	 
 -1.898759e-02	 7.554125e-01	 -8.656375e-04	 2.597174e-01	 3.425985e+01	 3.417369e+01	 8.615960e-02	 0	 6.981548e+02	 9.262431e-03	 7.507118e-03	 4.293712e-01	 1.740706e-01	 
 -1.898759e-02	 7.554125e-01	 -8.656375e-04	 2.597174e-01	 3.425985e+01	 3.417369e+01	 8.615960e-02	 0	 6.981548e+02	 9.262431e-03	 7.507118e-03	 4.293712e-01	 1.740706e-01	 
 -1.898759e-02	 7.554125e-01	 -8.656375e-04	 2.597174e-01	 3.425985e+01	 3.417369e+01	 8.615960e-02	 0	 6.981548e+02	 9.262431e-03	 7.507118e-03	 4.293712e-01	 1.740706e-01	 
 -1.898759e-02	 7.554125e-01	 -8.656375e-04	 2.597174e-01	 3.425985e+01	 3.417369e+01	 8.615960e-02	 0	 6.981548e+02	 9.262431e-03	 7.507118e-03	 4.293712e-01	 1.740706e-01	 
 -1.898759e-02	 7.554125e-01	 -8.656375e-04	 2.597174e-01	 3.425985e+01	 3.417369e+01	 8.615960e-02	 0	 6.981548e+02	 9.262431e-03	 7.507118e-03	 4.293712e-01	 1.740706e-01	 
 -1.898759e-02	 7.554125e-01	 -8.656375e-04	 2.597174e-01	 3.425985e+01	 3.417369e+01	 8.615960e-02	 0	 6.981548e+02	 9.262431e-03	 7.507118e-03	 4.293712e-01	 1.740706e-01	 
 -1.898759e-02	 7.554125e-01	 -8.656375e-04	 2.597174e-01	 3.425985e+01	 3.417369e+01	 8.615960e-02	 0	 6.981548e+02	 9.262431e-03	 7.507118e-03	 4.293712e-01	 1.740706e-01	 
 -1.898759e-02	 7.554125e-01	 -8.656375e-04	 2.597174e-01	 3.425985e+01	 3.417369e+01	 8.615960e-02	 0	 6.981548e+02	 9.262431e-03	 7.507118e-03	 4.293712e-01	 1.740706e-01	 
 -1.898759e-02	 7.554125e-01	 -8.656375e-04	 2.597174e-01	 3.425985e+01	 3.417369e+01	 8.615960e-02	 0	 6.981548e+02	 9.262431e-03	 7.507118e-03	 4.293712e-01	 1.740706e-01	 
 -1.898759e-02	 7.554125e-01	 -8.656375e-04	 2.597174e-01	 3.425985e+01	 3.417369e+01	 8.615960e-02	 0	 6.981548e+02	 9.262431e-03	 7.507118e-03	 4.293712e-01	 1.740706e-01	 
 -1.898759e-02	 7.554125e-01	 -8.656375e-04	 2.597174e-01	 3.425985e+01	 3.417369e+01	 8.615960e-02	 0	 6.981548e+02	 9.262431e-03	 7.507118e-03	 4.293712e-01	 1.740706e-01	 
 -1.898759e-02	 7.554125e-01	 -8.656375e-04	 2.597174e-01	 3.425985e+01	 3.417369e+01	 8.615960e-02	 0	 6.981548e+02	 9.262431e-03	 7.507118e-03	 4.293712e-01	 1.740706e-01	 
 2.281564e-01	 5.843938e-01	 3.683278e-06	 1.917588e-01	 1.623975e+01	 1.623962e+01	 1.269250e-04	 1	 1.428680e+02	 7.096593e-03	 3.202789e-02	 3.009730e-02	 8.663916e-02	 
 2.281564e-01	 5.843938e-01	 3.683278e-06	 1.917588e-01	 1.623975e+01	 1.623962e+01	 1.269250e-04	 1	 1.428680e+02	 7.096593e-03	 3.202789e-02	 3.009730e-02	 8.663916e-02	 
 2.281564e-01	 5.843938e-01	 3.683278e-06	 1.917588e-01	 1.623975e+01	 1.623962e+01	 1.269250e-04	 1	 1.428680e+02	 7.096593e-03	 3.202789e-02	 3.009730e-02	 8.663916e-02	 
 2.281564e-01	 5.843938e-01	 3.683278e-06	 1.917588e-01	 1.623975e+01	 1.623962e+01	 1.269250e-04	 1	 1.428680e+02	 7.096593e-03	 3.202789e-02	 3.009730e-02	 8.663916e-02	 
 2.281564e-01	 5.843938e-01	 3.683278e-06	 1.917588e-01	 1.623975e+01	 1.623962e+01	 1.269250e-04	 1	 1.428680e+02	 7.096593e-03	 3.202789e-02	 3.009730e-02	 8.663916e-02	 
 2.281564e-01	 5.843938e-01	 3.683278e-06	 1.917588e-01	 1.623975e+01	 1.623962e+01	 1.269250e-04	 1	 1.428680e+02	 7.096593e-03	 3.202789e-02	 3.009730e-02	 8.663916e-02	 
 2.344941e-01	 6.273101e-01	 9.168871e-05	 1.528730e-01	 2.166327e+01	 2.166356e+01	 2.922395e-04	 1	 1.445419e+02	 2.234735e-02	 1.387034e-01	 1.708937e-01	 7.861340e-02	 
 2.344941e-01	 6.273101e-01	 9.168871e-05	 1.528730e-01	 2.166327e+01	 2.166356e+01	 2.922395e-04	 1	 1.445419e+02	 2.234735e-02	 1.387034e-01	 1.708937e-01	 7.861340e-02	 
 2.344941e-01	 6.273101e-01	 9.168871e-05	 1.528730e-01	 2.166327e+01	 2.166356e+01	 2.922395e-04	 1	 1.445419e+02	 2.234735e-02	 1.387034e-01	 1.708937e-01	 7.861340e-02	 
 2.344941e-01	 6.273101e-01	 9.168871e-05	 1.528730e-01	 2.166327e+01	 2.166356e+01	 2.922395e-04	 1	 1.445419e+02	 2.234735e-02	 1.387034e-01	 1.708937e-01	 7.861340e-02	 
 2.344941e-01	 6.273101e-01	 9.168871e-05	 1.528730e-01	 2.166327e+01	 2.166356e+01	 2.922395e-04	 1	 1.445419e+02	 2.234735e-02	 1.387034e-01	 1.708937e-01	 7.861340e-02	 
 2.344941e-01	 6.273101e-01	 9.168871e-05	 1.528730e-01	 2.166327e+01	 2.166356e+01	 2.922395e-04	 1	 1.445419e+02	 2.234735e-02	 1.387034e-01	 1.708937e-01	 7.861340e-02	 
 2.348496e-01	 6.270264e-01	 5.997993e-05	 1.528380e-01	 2.166368e+01	 2.166356e+01	 1.192585e-04	 1	 1.601326e+02	 2.287513e-02	 1.404124e-01	 1.588543e-01	 8.469247e-02	 
 2.348496e-01	 6.270264e-01	 5.997993e-05	 1.528380e-01	 2.166368e+01	 2.166356e+01	 1.192585e-04	 1	 1.601326e+02	 2.287513e-02	 1.404124e-01	 1.588543e-01	 8.469247e-02	 
 2.348496e-01	 6.270264e-01	 5.997993e-05	 1.528380e-01	 2.166368e+01	 2.166356e+01	 1.192585e-04	 1	 1.601326e+02	 2.287513e-02	 1.404124e-01	 1.588543e-01	 8.469247e-02	 
 2.348496e-01	 6.270264e-01	 5.997993e-05	 1.528380e-01	 2.166368e+01	 2.166356e+01	 1.192585e-04	 1	 1.601326e+02	 2.287513e-02	 1.404124e-01	 1.588543e-01	 8.469247e-02	 
 2.348496e-01	 6.270264e-01	 5.997993e-05	 1.528380e-01	 2.166368e+01	 2.166356e+01	 1.192585e-04	 1	 1.601326e+02	 2.287513e-02	 1.404124e-01	 1.588543e-01	 8.469247e-02	 
 2.348496e-01	 6.270264e-01	 5.997993e-05	 1.528380e-01	 2.166368e+01	 2.166356e+01	 1.192585e-04	 1	 1.601326e+02	 2.287513e-02	 1.404124e-01	 1.588543e-01	 8.469247e-02	 
 2.281564e-01	 5.843938e-01	 3.683278e-06	 1.917588e-01	 1.623975e+01	 1.623962e+01	 1.269250e-04	 1	 1.428680e+02	 7.096593e-03	 3.202789e-02	 3.009730e-02	 8.663916e-02	 
 2.281564e-01	 5.843938e-01	 3.683278e-06	 1.917588e-01	 1.623975e+01	 1.623962e+01	 1.269250e-04	 1	 1.428680e+02	 7.096593e-03	 3.202789e-02	 3.009730e-02	 8.663916e-02	 
 2.281564e-01	 5.843938e-01	 3.683278e-06	 1.917588e-01	 1.623975e+01	 1.623962e+01	 1.269250e-04	 1	 1.428680e+02	 7.096593e-03	 3.202789e-02	 3.009730e-02	 8.663916e-02	 
 2.281564e-01	 5.843938e-01	 3.683278e-06	 1.917588e-01	 1.623975e+01	 1.623962e+01	 1.269250e-04	 1	 1.428680e+02	 7.096593e-03	 3.202789e-02	 3.009730e-02	 8.663916e-02	 
 2.281564e-01	 5.843938e-01	 3.683278e-06	 1.917588e-01	 1.623975e+01	 1.623962e+01	 1.269250e-04	 1	 1.428680e+02	 7.096593e-03	 3.202789e-02	 3.009730e-02	 8.663916e-02	 
 2.281564e-01	 5.843938e-01	 3.683278e-06	 1.917588e-01	 1.623975e+01	 1.623962e+01	 1.269250e-04	 1	 1.428680e+02	 7.096593e-03	 3.202789e-02	 3.009730e-02	 8.663916e-02	 
 2.225825e-01	 6.991224e-01	 9.605860e-05	 1.054819e-01	 2.064675e+01	 2.064891e+01	 2.155034e-03	 1	 1.950763e+02	 3.747824e-02	 2.309029e-01	 2.990090e-01	 1.103150e-01	 
 2.225825e-01	 6.991224e-01	 9.605860e-05	 1.054819e-01	 2.064675e+01	 2.064891e+01	 2.155034e-03	 1	 1.950763e+02	 3.747824e-02	 2.309029e-01	 2.990090e-01	 1.103150e-01	 
 2.225825e-01	 6.991224e-01	 9.605860e-05	 1.054819e-01	 2.064675e+01	 2.064891e+01	 2.155034e-03	 1	 1.950763e+02	 3.747824e-02	 2.309029e-01	 2.990090e-01	 1.103150e-01	 
 2.225825e-01	 6.991224e-01	 9.605860e-05	 1.054819e-01	 2.064675e+01	 2.064891e+01	 2.155034e-03	 1	 1.950763e+02	 3.747824e-02	 2.309029e-01	 2.990090e-01	 1.103150e-01	 
 2.225825e-01	 6.991224e-01	 9.605860e-05	 1.054819e-01	 2.064675e+01	 2.064891e+01	 2.155034e-03	 1	 1.950763e+02	 3.747824e-02	 2.309029e-01	 2.990090e-01	 1.103150e-01	 
 2.225825e-01	 6.991224e-01	 9.605860e-05	 1.054819e-01	 2.064675e+01	 2.064891e+01	 2.155034e-03	 1	 1.950763e+02	 3.747824e-02	 2.309029e-01	 2.990090e-01	 1.103150e-01	 
 2.236002e-01	 6.977150e-01	 2.376806e-05	 1.059269e-01	 2.064928e+01	 2.064891e+01	 3.704811e-04	 1	 2.493735e+02	 3.799748e-02	 2.392787e-01	 2.957683e-01	 9.891598e-02	 
 2.236002e-01	 6.977150e-01	 2.376806e-05	 1.059269e-01	 2.064928e+01	 2.064891e+01	 3.704811e-04	 1	 2.493735e+02	 3.799748e-02	 2.392787e-01	 2.957683e-01	 9.891598e-02	 
 2.236002e-01	 6.977150e-01	 2.376806e-05	 1.059269e-01	 2.064928e+01	 2.064891e+01	 3.704811e-04	 1	 2.493735e+02	 3.799748e-02	 2.392787e-01	 2.957683e-01	 9.891598e-02	 
 2.236002e-01	 6.977150e-01	 2.376806e-05	 1.059269e-01	 2.064928e+01	 2.064891e+01	 3.704811e-04	 1	 2.493735e+02	 3.799748e-02	 2.392787e-01	 2.957683e-01	 9.891598e-02	 
 2.236002e-01	 6.977150e-01	 2.376806e-05	 1.059269e-01	 2.064928e+01	 2.064891e+01	 3.704811e-04	 1	 2.493735e+02	 3.799748e-02	 2.392787e-01	 2.957683e-01	 9.891598e-02	 
 2.236002e-01	 6.977150e-01	 2.376806e-05	 1.059269e-01	 2.064928e+01	 2.064891e+01	 3.704811e-04	 1	 2.493735e+02	 3.799748e-02	 2.392787e-01	 2.957683e-01	 9.891598e-02	 
 2.281564e-01	 5.843938e-01	 3.683278e-06	 1.917588e-01	 1.623975e+01	 1.623962e+01	 1.269250e-04	 1	 1.428680e+02	 7.096593e-03	 3.202789e-02	 3.009730e-02	 8.663916e-02	 
 2.281564e-01	 5.843938e-01	 3.683278e-06	 1.917588e-01	 1.623975e+01	 1.623962e+01	 1.269250e-04	 1	 1.428680e+02	 7.096593e-03	 3.202789e-02	 3.009730e-02	 8.663916e-02	 
 2.281564e-01	 5.843938e-01	 3.683278e-06	 1.917588e-01	 1.623975e+01	 1.623962e+01	 1.269250e-04	 1	 1.428680e+02	 7.096593e-03	 3.202789e-02	 3.009730e-02	 8.663916e-02	 
 2.281564e-01	 5.843938e-01	 3.683278e-06	 1.917588e-01	 1.623975e+01	 1.623962e+01	 1.269250e-04	 1	 1.428680e+02	 7.096593e-03	 3.202789e-02	 3.009730e-02	 8.663916e-02	 
 2.281564e-01	 5.843938e-01	 3.683278e-06	 1.917588e-01	 1.623975e+01	 1.623962e+01	 1.269250e-04	 1	 1.428680e+02	 7.096593e-03	 3.202789e-02	 3.009730e-02	 8.663916e-02	 
 2.281564e-01	 5.843938e-01	 3.683278e-06	 1.917588e-01	 1.623975e+01	 1.623962e+01	 1.269250e-04	 1	 1.428680e+02	 7.096593e-03	 3.202789e-02	 3.009730e-02	 8.663916e-02	 
 -2.105735e-01	 9.595020e-01	 -1.030194e-03	 2.440954e-01	 3.060531e+01	 3.046019e+01	 1.451159e-01	 0	 3.215929e+03	 2.527314e-02	 2.223881e-02	 9.259515e-01	 4.468812e-01	 
 -2.105735e-01	 9.595020e-01	 -1.030194e-03	 2.440954e-01	 3.060531e+01	 3.046019e+01	 1.451159e-01	 0	 3.215929e+03	 2.527314e-02	 2.223881e-02	 9.259515e-01	 4.468812e-01	 
 -2.105735e-01	 9.595020e-01	 -1.030194e-03	 2.440954e-01	 3.060531e+01	 3.046019e+01	 1.451159e-01	 0	 3.215929e+03	 2.527314e-02	 2.223881e-02	 9.259515e-01	 4.468812e-01	 
 -2.105735e-01	 9.595020e-01	 -1.030194e-03	 2.440954e-01	 3.060531e+01	 3.046019e+01	 1.451159e-01	 0	 3.215929e+03	 2.527314e-02	 2.223881e-02	 9.259515e-01	 4.468812e-01	 
 -2.105735e-01	 9.595020e-01	 -1.030194e-03	 2.440954e-01	 3.060531e+01	 3.046019e+01	 1.451159e-01	 0	 3.215929e+03	 2.527314e-02	 2.223881e-02	 9.259515e-01	 4.468812e-01	 
 -2.105735e-01	 9.595020e-01	 -1.030194e-03	 2.440954e-01	 3.060531e+01	 3.046019e+01	 1.451159e-01	 0	 3.215929e+03	 2.527314e-02	 2.223881e-02	 9.259515e-01	 4.468812e-01	 
 -2.105735e-01	 9.595020e-01	 -1.030194e-03	 2.440954e-01	 3.060531e+01	 3.046019e+01	 1.451159e-01	 0	 3.215929e+03	 2.527314e-02	 2.223881e-02	 9.259515e-01	 4.468812e-01	 
 -2.105735e-01	 9.595020e-01	 -1.030194e-03	 2.440954e-01	 3.060531e+01	 3.046019e+01	 1.451159e-01	 0	 3.215929e+03	 2.527314e-02	 2.223881e-02	 9.259515e-01	 4.468812e-01	 
 -2.105735e-01	 9.595020e-01	 -1.030194e-03	 2.440954e-01	 3.060531e+01	 3.046019e+01	 1.451159e-01	 0	 3.215929e+03	 2.527314e-02	 2.223881e-02	 9.259515e-01	 4.468812e-01	 
 -2.105735e-01	 9.595020e-01	 -1.030194e-03	 2.440954e-01	 3.060531e+01	 3.046019e+01	 1.451159e-01	 0	 3.215929e+03	 2.527314e-02	 2.223881e-02	 9.259515e-01	 4.468812e-01	 
 -2.105735e-01	 9.595020e-01	 -1.030194e-03	 2.440954e-01	 3.060531e+01	 3.046019e+01	 1.451159e-01	 0	 3.215929e+03	 2.527314e-02	 2.223881e-02	 9.259515e-01	 4.468812e-01	 
 -2.105735e-01	 9.595020e-01	 -1.030194e-03	 2.440954e-01	 3.060531e+01	 3.046019e+01	 1.451159e-01	 0	 3.215929e+03	 2.527314e-02	 2.223881e-02	 9.259515e-01	 4.468812e-01	 
 2.281564e-01	 5.843938e-01	 3.683278e-06	 1.917588e-01	 1.623975e+01	 1.623962e+01	 1.269250e-04	 1	 1.428680e+02	 7.096593e-03	 3.202789e-02	 3.009730e-02	 8.663916e-02	 
 2.281564e-01	 5.843938e-01	 3.683278e-06	 1.917588e-01	 1.623975e+01	 1.623962e+01	 1.269250e-04	 1	 1.428680e+02	 7.096593e-03	 3.202789e-02	 3.009730e-02	 8.663916e-02	 
 2.281564e-01	 5.843938e-01	 3.683278e-06	 1.917588e-01	 1.623975e+01	 1.623962e+01	 1.269250e-04	 1	 1.428680e+02	 7.096593e-03	 3.202789e-02	 3.009730e-02	 8.663916e-02	 
 2.281564e-01	 5.843938e-01	 3.683278e-06	 1.917588e-01	 1.623975e+01	 1.623962e+01	 1.269250e-04	 1	 1.428680e+02	 7.096593e-03	 3.202789e-02	 3.009730e-02	 8.663916e-02	 
 2.281564e-01	 5.843938e-01	 3.683278e-06	 1.917588e-01	 1.623975e+01	 1.623962e+01	 1.269250e-04	 1	 1.428680e+02	 7.096593e-03	 3.202789e-02	 3.009730e-02	 8.663916e-02	 
 2.281564e-01	 5.843938e-01	 3.683278e-06	 1.917588e-01	 1.623975e+01	 1.623962e+01	 1.269250e-04	 1	 1.428680e+02	 7.096593e-03	 3.202789e-02	 3.009730e-02	 8.663916e-02	 
 -2.105735e-01	 9.595020e-01	 -1.030194e-03	 2.440954e-01	 3.060531e+01	 3.046019e+01	 1.451159e-01	 0	 3.215929e+03	 2.527314e-02	 2.223881e-02	 9.259515e-01	 4.468812e-01	 
 -2.105735e-01	 9.595020e-01	 -1.030194e-03	 2.440954e-01	 3.060531e+01	 3.046019e+01	 1.451159e-01	 0	 3.215929e+03	 2.527314e-02	 2.223881e-02	 9.259515e-01	 4.468812e-01	 
 -2.105735e-01	 9.595020e-01	 -1.030194e-03	 2.440954e-01	 3.060531e+01	 3.046019e+01	 1.451159e-01	 0	 3.215929e+03	 2.527314e-02	 2.223881e-02	 9.259515e-01	 4.468812e-01	 
 -2.105735e-01	 9.595020e-01	 -1.030194e-03	 2.440954e-01	 3.060531e+01	 3.046019e+01	 1.451159e-01	 0	 3.215929e+03	 2.527314e-02	 2.223881e-02	 9.259515e-01	 4.468812e-01	 
 -2.105735e-01	 9.595020e-01	 -1.030194e-03	 2.440954e-01	 3.060531e+01	 3.046019e+01	 1.451159e-01	 0	 3.215929e+03	 2.527314e-02	 2.223881e-02	 9.259515e-01	 4.468812e-01	 
 -2.105735e-01	 9.595020e-01	 -1.030194e-03	 2.440954e-01	 3.060531e+01	 3.046019e+01	 1.451159e-01	 0	 3.215929e+03	 2.527314e-02	 2.223881e-02	 9.259515e-01	 4.468812e-01	 
 -2.105735e-01	 9.595020e-01	 -1.030194e-03	 2.440954e-01	 3.060531e+01	 3.046019e+01	 1.451159e-01	 0	 3.215929e+03	 2.527314e-02	 2.223881e-02	 9.259515e-01	 4.468812e-01	 
 -2.105735e-01	 9.595020e-01	 -1.030194e-03	 2.440954e-01	 3.060531e+01	 3.046019e+01	 1.451159e-01	 0	 3.215929e+03	 2.527314e-02	 2.223881e-02	 9.259515e-01	 4.468812e-01	 
 -2.105735e-01	 9.595020e-01	 -1.030194e-03	 2.440954e-01	 3.060531e+01	 3.046019e+01	 1.451159e-01	 0	 3.215929e+03	 2.527314e-02	 2.223881e-02	 9.259515e-01	 4.468812e-01	 
 -2.105735e-01	 9.595020e-01	 -1.030194e-03	 2.440954e-01	 3.060531e+01	 3.046019e+01	 1.451159e-01	 0	 3.215929e+03	 2.527314e-02	 2.223881e-02	 9.259515e-01	 4.468812e-01	 
 -2.105735e-01	 9.595020e-01	 -1.030194e-03	 2.440954e-01	 3.060531e+01	 3.046019e+01	 1.451159e-01	 0	 3.215929e+03	 2.527314e-02	 2.223881e-02	 9.259515e-01	 4.468812e-01	 
 -2.105735e-01	 9.595020e-01	 -1.030194e-03	 2.440954e-01	 3.060531e+01	 3.046019e+01	 1.451159e-01	 0	 3.215929e+03	 2.527314e-02	 2.223881e-02	 9.259515e-01	 4.468812e-01	 
 2.281564e-01	 5.843938e-01	 3.683278e-06	 1.917588e-01	 1.623975e+01	 1.623962e+01	 1.269250e-04	 1	 1.428680e+02	 7.096593e-03	 3.202789e-02	 3.009730e-02	 8.663916e-02	 
 2.281564e-01	 5.843938e-01	 3.683278e-06	 1.917588e-01	 1.623975e+01	 1.623962e+01	 1.269250e-04	 1	 1.428680e+02	 7.096593e-03	 3.202789e-02	 3.009730e-02	 8.663916e-02	 
 2.281564e-01	 5.843938e-01	 3.683278e-06	 1.917588e-01	 1.623975e+01	 1.623962e+01	 1.269250e-04	 1	 1.428680e+02	 7.096593e-03	 3.202789e-02	 3.009730e-02	 8.663916e-02	 
 2.281564e-01	 5.843938e-01	 3.683278e-06	 1.917588e-01	 1.623975e+01	 1.623962e+01	 1.269250e-04	 1	 1.428680e+02	 7.096593e-03	 3.202789e-02	 3.009730e-02	 8.663916e-02	 
 2.281564e-01	 5.843938e-01	 3.683278e-06	 1.917588e-01	 1.623975e+01	 1.623962e+01	 1.269250e-04	 1	 1.428680e+02	 7.096593e-03	 3.202789e-02	 3.009730e-02	 8.663916e-02	 
 2.281564e-01	 5.843938e-01	 3.683278e-06	 1.917588e-01	 1.623975e+01	 1.623962e+01	 1.269250e-04	 1	 1.428680e+02	 7.096593e-03	 3.202789e-02	 3.009730e-02	 8.663916e-02	 
 2.398727e-01	 6.608853e-01	 6.847216e-03	 9.608293e-02	 1.424699e+01	 1.424664e+01	 3.467229e-04	 1	 1.876781e+03	 2.269405e-02	 2.692734e-02	 7.000010e-02	 5.626827e-02	 
 2.398727e-01	 6.608853e-01	 6.847216e-03	 9.608293e-02	 1.424699e+01	 1.424664e+01	 3.467229e-04	 1	 1.876781e+03	 2.269405e-02	 2.692734e-02	 7.000010e-02	 5.626827e-02	 
 2.398727e-01	 6.608853e-01	 6.847216e-03	 9.608293e-02	 1.424699e+01	 1.424664e+01	 3.467229e-04	 1	 1.876781e+03	 2.269405e-02	 2.692734e-02	 7.000010e-02	 5.626827e-02	 
 2.398727e-01	 6.608853e-01	 6.847216e-03	 9.608293e-02	 1.424699e+01	 1.424664e+01	 3.467229e-04	 1	 1.876781e+03	 2.269405e-02	 2.692734e-02	 7.000010e-02	 5.626827e-02	 
 2.398727e-01	 6.608853e-01	 6.847216e-03	 9.608293e-02	 1.424699e+01	 1.424664e+01	 3.467229e-04	 1	 1.876781e+03	 2.269405e-02	 2.692734e-02	 7.000010e-02	 5.626827e-02	 
 2.398727e-01	 6.608853e-01	 6.847216e-03	 9.608293e-02	 1.424699e+01	 1.424664e+01	 3.467229e-04	 1	 1.876781e+03	 2.269405e-02	 2.692734e-02	 7.000010e-02	 5.626827e-02	 
 2.350869e-01	 6.646887e-01	 6.942511e-03	 9.725698e-02	 1.424754e+01	 1.424664e+01	 8.960694e-04	 1	 1.796748e+03	 2.372800e-02	 2.687876e-02	 7.929796e-02	 5.917405e-02	 
 2.350869e-01	 6.646887e-01	 6.942511e-03	 9.725698e-02	 1.424754e+01	 1.424664e+01	 8.960694e-04	 1	 1.796748e+03	 2.372800e-02	 2.687876e-02	 7.929796e-02	 5.917405e-02	 
 2.350869e-01	 6.646887e-01	 6.942511e-03	 9.725698e-02	 1.424754e+01	 1.424664e+01	 8.960694e-04	 1	 1.796748e+03	 2.372800e-02	 2.687876e-02	 7.929796e-02	 5.917405e-02	 
 2.350869e-01	 6.646887e-01	 6.942511e-03	 9.725698e-02	 1.424754e+01	 1.424664e+01	 8.960694e-04	 1	 1.796748e+03	 2.372800e-02	 2.687876e-02	 7.929796e-02	 5.917405e-02	 
 2.350869e-01	 6.646887e-01	 6.942511e-03	 9.725698e-02	 1.424754e+01	 1.424664e+01	 8.960694e-04	 1	 1.796748e+03	 2.372800e-02	 2.687876e-02	 7.929796e-02	 5.917405e-02	 
 2.350869e-01	 6.646887e-01	 6.942511e-03	 9.725698e-02	 1.424754e+01	 1.424664e+01	 8.960694e-04	 1	 1.796748e+03	 2.372800e-02	 2.687876e-02	 7.929796e-02	 5.917405e-02	 
 2.281564e-01	 5.843938e-01	 3.683278e-06	 1.917588e-01	 1.623975e+01	 1.623962e+01	 1.269250e-04	 1	 1.428680e+02	 7.096593e-03	 3.202789e-02	 3.009730e-02	 8.663916e-02	 
 2.281564e-01	 5.843938e-01	 3.683278e-06	 1.917588e-01	 1.623975e+01	 1.623962e+01	 1.269250e-04	 1	 1.428680e+02	 7.096593e-03	 3.202789e-02	 3.009730e-02	 8.663916e-02	 
 2.281564e-01	 5.843938e-01	 3.683278e-06	 1.917588e-01	 1.623975e+01	 1.623962e+01	 1.269250e-04	 1	 1.428680e+02	 7.096593e-03	 3.202789e-02	 3.009730e-02	 8.663916e-02	 
 2.281564e-01	 5.843938e-01	 3.683278e-06	 1.917588e-01	 1.623975e+01	 1.623962e+01	 1.269250e-04	 1	 1.428680e+02	 7.096593e-03	 3.202789e-02	 3.009730e-02	 8.663916e-02	 
 2.281564e-01	 5.843938e-01	 3.683278e-06	 1.917588e-01	 1.623975e+01	 1.623962e+01	 1.269250e-04	 1	 1.428680e+02	 7.096593e-03	 3.202789e-02	 3.009730e-02	 8.663916e-02	 
 2.281564e-01	 5.843938e-01	 3.683278e-06	 1.917588e-01	 1.623975e+01	 1.623962e+01	 1.269250e-04	 1	 1.428680e+02	 7.096593e-03	 3.202789e-02	 3.009730e-02	 8.663916e-02	 
 1.363883e-01	 6.409638e-01	 4.387458e-07	 2.210224e-01	 2.893429e+01	 2.893431e+01	 1.962882e-05	 1	 2.680618e+02	 1.963151e-03	 1.901096e-03	 4.037336e-02	 4.740479e-03	 
 1.363883e-01	 6.409638e-01	 4.387458e-07	 2.210224e-01	 2.893429e+01	 2.893431e+01	 1.962882e-05	 1	 2.680618e+02	 1.963151e-03	 1.901096e-03	 4.037336e-02	 4.740479e-03	 
 1.363883e-01	 6.409638e-01	 4.387458e-07	 2.210224e-01	 2.893429e+01	 2.893431e+01	 1.962882e-05	 1	 2.680618e+02	 1.963151e-03	 1.901096e-03	 4.037336e-02	 4.740479e-03	 
 1.363883e-01	 6.409638e-01	 4.387458e-07	 2.210224e-01	 2.893429e+01	 2.893431e+01	 1.962882e-05	 1	 2.680618e+02	 1.963151e-03	 1.901096e-03	 4.037336e-02	 4.740479e-03	 
 1.363883e-01	 6.409638e-01	 4.387458e-07	 2.210224e-01	 2.893429e+01	 2.893431e+01	 1.962882e-05	 1	 2.680618e+02	 1.963151e-03	 1.901096e-03	 4.037336e-02	 4.740479e-03	 
 1.363883e-01	 6.409638e-01	 4.387458e-07	 2.210224e-01	 2.893429e+01	 2.893431e+01	 1.962882e-05	 1	 2.680618e+02	 1.963151e-03	 1.901096e-03	 4.037336e-02	 4.740479e-03	 
 1.363832e-01	 6.409634e-01	 2.705981e-07	 2.210281e-01	 2.893429e+01	 2.893431e+01	 1.367659e-05	 1	 2.632899e+02	 1.961586e-03	 2.000052e-03	 4.050012e-02	 4.283356e-03	 
 1.363832e-01	 6.409634e-01	 2.705981e-07	 2.210281e-01	 2.893429e+01	 2.893431e+01	 1.367659e-05	 1	 2.632899e+02	 1.961586e-03	 2.000052e-03	 4.050012e-02	 4.283356e-03	 
 1.363832e-01	 6.409634e-01	 2.705981e-07	 2.210281e-01	 2.893429e+01	 2.893431e+01	 1.367659e-05	 1	 2.632899e+02	 1.961586e-03	 2.000052e-03	 4.050012e-02	 4.283356e-03	 
 1.363832e-01	 6.409634e-01	 2.705981e-07	 2.210281e-01	 2.893429e+01	 2.893431e+01	 1.367659e-05	 1	 2.632899e+02	 1.961586e-03	 2.000052e-03	 4.050012e-02	 4.283356e-03	 
 1.363832e-01	 6.409634e-01	 2.705981e-07	 2.210281e-01	 2.893429e+01	 2.893431e+01	 1.367659e-05	 1	 2.632899e+02	 1.961586e-03	 2.000052e-03	 4.050012e-02	 4.283356e-03	 
 1.363832e-01	 6.409634e-01	 2.705981e-07	 2.210281e-01	 2.893429e+01	 2.893431e+01	 1.367659e-05	 1	 2.632899e+02	 1.961586e-03	 2.000052e-03	 4.050012e-02	 4.283356e-03	 
 