2.177743e-01	 4.551196e-01	 2.817702e-04	 3.110696e-01	 4.662019e-02	 6.331051e+00	 
 2.615725e-01	 6.445458e-01	 2.800174e-05	 9.387254e-02	 8.326266e-05	 7.539770e+00	 
 2.616272e-01	 6.444734e-01	 2.621172e-05	 9.388378e-02	 5.872939e-05	 8.713575e+00	 
 2.618267e-01	 6.443433e-01	 2.795448e-05	 9.379935e-02	 1.418280e-05	 7.692204e+00	 
 2.620050e-01	 6.442398e-01	 3.030633e-05	 9.371182e-02	 7.688009e-05	 8.648222e+00	 
 2.614071e-01	 6.442073e-01	 2.812966e-05	 9.435418e-02	 4.437749e-05	 8.767070e+00	 
 2.613409e-01	 6.442598e-01	 2.817393e-05	 9.437349e-02	 6.590960e-05	 9.135333e+00	 
 2.613427e-01	 6.442584e-01	 2.811369e-05	 9.437294e-02	 6.211893e-05	 9.167665e+00	 
 2.619207e-01	 6.442644e-01	 2.768836e-05	 9.377607e-02	 6.341890e-05	 7.778040e+00	 
 2.618163e-01	 6.443411e-01	 2.730243e-05	 9.381223e-02	 5.090752e-05	 8.927873e+00	 
 2.617018e-01	 6.444269e-01	 2.699931e-05	 9.385014e-02	 3.300748e-05	 8.698900e+00	 
 2.616937e-01	 6.444241e-01	 2.642812e-05	 9.386116e-02	 5.896987e-05	 8.811016e+00	 
 2.618896e-01	 6.442908e-01	 2.780066e-05	 9.378338e-02	 4.586740e-05	 7.746603e+00	 
 2.617753e-01	 6.443899e-01	 2.831512e-05	 9.380884e-02	 2.750631e-05	 8.588727e+00	 
 2.618137e-01	 6.443457e-01	 2.746580e-05	 9.381051e-02	 4.000019e-05	 8.873169e+00	 
 2.617550e-01	 6.443756e-01	 2.643354e-05	 9.384325e-02	 7.207246e-05	 1.181065e+01	 
 2.615834e-01	 6.445373e-01	 2.801228e-05	 9.386920e-02	 7.973833e-05	 7.544971e+00	 
 2.617312e-01	 6.444087e-01	 2.731149e-05	 9.383688e-02	 2.276489e-05	 8.693375e+00	 
 2.616938e-01	 6.444319e-01	 2.691368e-05	 9.385378e-02	 3.581247e-05	 8.700444e+00	 
 2.618478e-01	 6.443364e-01	 2.856933e-05	 9.378387e-02	 1.877873e-05	 8.672722e+00	 
 2.617827e-01	 6.443756e-01	 2.779314e-05	 9.381459e-02	 7.955630e-06	 8.883367e+00	 
 2.617703e-01	 6.443708e-01	 2.688966e-05	 9.383187e-02	 5.201865e-05	 1.248926e+01	 
 2.617723e-01	 6.443811e-01	 2.762582e-05	 9.382016e-02	 1.428973e-05	 8.873598e+00	 
 2.617974e-01	 6.443856e-01	 2.913291e-05	 9.379002e-02	 6.198114e-05	 9.573236e+00	 
 2.619829e-01	 6.442534e-01	 3.005828e-05	 9.372203e-02	 6.853028e-05	 8.651447e+00	 
 2.615781e-01	 6.440692e-01	 3.316979e-05	 9.430574e-02	 8.137297e-05	 8.484484e+00	 
 2.613865e-01	 6.442234e-01	 2.958187e-05	 9.436035e-02	 4.059691e-05	 1.099755e+01	 
 2.614266e-01	 6.441916e-01	 2.956834e-05	 9.434863e-02	 6.163210e-05	 8.399703e+00	 
 2.613749e-01	 6.442330e-01	 2.885622e-05	 9.436347e-02	 6.998333e-05	 1.150808e+01	 
 2.617198e-01	 6.444096e-01	 2.681472e-05	 9.384771e-02	 4.467170e-05	 8.829881e+00	 
 