3.157296e-01	 6.468844e-01	 1.131502e-03	 4.817697e-02	 1.055712e+00	 4.753790e+00	 
 1.558933e-01	 7.040105e-01	 1.202794e-03	 1.370257e-01	 2.738206e-03	 3.562113e+00	 
 1.587440e-01	 7.039153e-01	 6.167390e-04	 1.349908e-01	 2.730230e-03	 3.651401e+00	 
 1.564984e-01	 7.039903e-01	 1.078387e-03	 1.365938e-01	 2.763043e-03	 3.567524e+00	 
 1.588206e-01	 7.039127e-01	 6.009914e-04	 1.349361e-01	 2.714202e-03	 3.489398e+00	 
 1.543094e-01	 7.040633e-01	 1.528414e-03	 1.381564e-01	 2.368990e-03	 3.496596e+00	 
 1.531862e-01	 7.041008e-01	 1.759347e-03	 1.389582e-01	 1.996884e-03	 3.538988e+00	 
 1.596075e-01	 7.038865e-01	 4.392023e-04	 1.343743e-01	 3.078887e-03	 3.492826e+00	 
 1.591936e-01	 7.039003e-01	 5.242891e-04	 1.346698e-01	 3.484330e-03	 3.756186e+00	 
 1.547131e-01	 7.040498e-01	 1.445443e-03	 1.378683e-01	 1.944297e-03	 3.533108e+00	 
 1.536917e-01	 7.040839e-01	 1.655418e-03	 1.385974e-01	 2.031000e-03	 3.559596e+00	 
 1.605138e-01	 7.038563e-01	 2.528685e-04	 1.337273e-01	 3.858039e-03	 3.681323e+00	 
 1.543533e-01	 7.040618e-01	 1.519380e-03	 1.381250e-01	 2.512361e-03	 3.518620e+00	 
 1.413748e-01	 7.044951e-01	 4.187531e-03	 1.473897e-01	 2.552986e-03	 3.653172e+00	 
 1.583284e-01	 7.039291e-01	 7.021772e-04	 1.352874e-01	 2.606274e-03	 3.579620e+00	 
 1.575816e-01	 7.039540e-01	 8.557220e-04	 1.358206e-01	 2.018376e-03	 3.622942e+00	 
 1.529471e-01	 7.041088e-01	 1.808473e-03	 1.391288e-01	 2.395470e-03	 3.506475e+00	 
 1.580790e-01	 7.039374e-01	 7.534622e-04	 1.354655e-01	 1.794834e-03	 3.608117e+00	 
 