2.402622e-01	 2.469505e-01	 7.309727e-01	 3.924230e-02	 1.046111e+01	 
 2.402622e-01	 2.469505e-01	 7.309727e-01	 3.924230e-02	 1.046111e+01	 
 2.402622e-01	 2.469505e-01	 7.309727e-01	 3.924230e-02	 1.046111e+01	 
 2.402622e-01	 2.469505e-01	 7.309727e-01	 3.924230e-02	 1.046111e+01	 
 2.402622e-01	 2.469505e-01	 7.309727e-01	 3.924230e-02	 1.046111e+01	 
 2.402622e-01	 2.469505e-01	 7.309727e-01	 3.924230e-02	 1.046111e+01	 
 1.314467e-01	 3.637428e-03	 7.674107e-01	 1.219076e-01	 1.126226e+01	 
 1.314467e-01	 3.637428e-03	 7.674107e-01	 1.219076e-01	 1.126226e+01	 
 1.314467e-01	 3.637428e-03	 7.674107e-01	 1.219076e-01	 1.126226e+01	 
 1.314467e-01	 3.637428e-03	 7.674107e-01	 1.219076e-01	 1.126226e+01	 
 1.314467e-01	 3.637428e-03	 7.674107e-01	 1.219076e-01	 1.126226e+01	 
 1.314467e-01	 3.637428e-03	 7.674107e-01	 1.219076e-01	 1.126226e+01	 
 1.672747e-01	 1.352225e-05	 7.716221e-01	 8.901629e-02	 7.798268e+00	 
 1.672747e-01	 1.352225e-05	 7.716221e-01	 8.901629e-02	 7.798268e+00	 
 1.672747e-01	 1.352225e-05	 7.716221e-01	 8.901629e-02	 7.798268e+00	 
 1.672747e-01	 1.352225e-05	 7.716221e-01	 8.901629e-02	 7.798268e+00	 
 1.672747e-01	 1.352225e-05	 7.716221e-01	 8.901629e-02	 7.798268e+00	 
 1.672747e-01	 1.352225e-05	 7.716221e-01	 8.901629e-02	 7.798268e+00	 
 1.509225e-01	 1.981740e-02	 8.962898e-01	 2.286238e-02	 1.002864e+01	 
 1.509225e-01	 1.981740e-02	 8.962898e-01	 2.286238e-02	 1.002864e+01	 
 1.509225e-01	 1.981740e-02	 8.962898e-01	 2.286238e-02	 1.002864e+01	 
 1.509225e-01	 1.981740e-02	 8.962898e-01	 2.286238e-02	 1.002864e+01	 
 1.509225e-01	 1.981740e-02	 8.962898e-01	 2.286238e-02	 1.002864e+01	 
 1.509225e-01	 1.981740e-02	 8.962898e-01	 2.286238e-02	 1.002864e+01	 
 1.403436e-01	 6.430473e-05	 8.226767e-01	 8.083317e-02	 6.846437e+00	 
 1.403436e-01	 6.430473e-05	 8.226767e-01	 8.083317e-02	 6.846437e+00	 
 1.403436e-01	 6.430473e-05	 8.226767e-01	 8.083317e-02	 6.846437e+00	 
 1.403436e-01	 6.430473e-05	 8.226767e-01	 8.083317e-02	 6.846437e+00	 
 1.403436e-01	 6.430473e-05	 8.226767e-01	 8.083317e-02	 6.846437e+00	 
 1.403436e-01	 6.430473e-05	 8.226767e-01	 8.083317e-02	 6.846437e+00	 
 1.379475e-01	 2.031415e-03	 7.655746e-01	 1.175589e-01	 1.125396e+01	 
 1.379475e-01	 2.031415e-03	 7.655746e-01	 1.175589e-01	 1.125396e+01	 
 1.379475e-01	 2.031415e-03	 7.655746e-01	 1.175589e-01	 1.125396e+01	 
 1.379475e-01	 2.031415e-03	 7.655746e-01	 1.175589e-01	 1.125396e+01	 
 1.379475e-01	 2.031415e-03	 7.655746e-01	 1.175589e-01	 1.125396e+01	 
 1.379475e-01	 2.031415e-03	 7.655746e-01	 1.175589e-01	 1.125396e+01	 
 1.399655e-01	 1.615128e-03	 7.650241e-01	 1.162003e-01	 1.125303e+01	 
 1.399655e-01	 1.615128e-03	 7.650241e-01	 1.162003e-01	 1.125303e+01	 
 1.399655e-01	 1.615128e-03	 7.650241e-01	 1.162003e-01	 1.125303e+01	 
 1.399655e-01	 1.615128e-03	 7.650241e-01	 1.162003e-01	 1.125303e+01	 
 1.399655e-01	 1.615128e-03	 7.650241e-01	 1.162003e-01	 1.125303e+01	 
 1.399655e-01	 1.615128e-03	 7.650241e-01	 1.162003e-01	 1.125303e+01	 
 1.404061e-01	 5.646881e-05	 8.224797e-01	 8.090096e-02	 6.676045e+00	 
 1.404061e-01	 5.646881e-05	 8.224797e-01	 8.090096e-02	 6.676045e+00	 
 1.404061e-01	 5.646881e-05	 8.224797e-01	 8.090096e-02	 6.676045e+00	 
 1.404061e-01	 5.646881e-05	 8.224797e-01	 8.090096e-02	 6.676045e+00	 
 1.404061e-01	 5.646881e-05	 8.224797e-01	 8.090096e-02	 6.676045e+00	 
 1.404061e-01	 5.646881e-05	 8.224797e-01	 8.090096e-02	 6.676045e+00	 
 1.404964e-01	 5.553187e-05	 8.218003e-01	 8.123952e-02	 6.291018e+00	 
 1.404964e-01	 5.553187e-05	 8.218003e-01	 8.123952e-02	 6.291018e+00	 
 1.404964e-01	 5.553187e-05	 8.218003e-01	 8.123952e-02	 6.291018e+00	 
 1.404964e-01	 5.553187e-05	 8.218003e-01	 8.123952e-02	 6.291018e+00	 
 1.404964e-01	 5.553187e-05	 8.218003e-01	 8.123952e-02	 6.291018e+00	 
 1.404964e-01	 5.553187e-05	 8.218003e-01	 8.123952e-02	 6.291018e+00	 
 