1.939178e-02	 7.225346e-02	 8.785719e-01	 1.196119e-01	 1.779812e+05	 1.744771e+05	 3.504109e+03	 1	 8.068028e+04	 1.065550e-01	 5.483644e+01	 1.124462e+03	 2.966446e+01	 
 1.939178e-02	 7.225346e-02	 8.785719e-01	 1.196119e-01	 1.779812e+05	 1.744771e+05	 3.504109e+03	 1	 8.068028e+04	 1.065550e-01	 5.483644e+01	 1.124462e+03	 2.966446e+01	 
 1.939178e-02	 7.225346e-02	 8.785719e-01	 1.196119e-01	 1.779812e+05	 1.744771e+05	 3.504109e+03	 1	 8.068028e+04	 1.065550e-01	 5.483644e+01	 1.124462e+03	 2.966446e+01	 
 1.939178e-02	 7.225346e-02	 8.785719e-01	 1.196119e-01	 1.779812e+05	 1.744771e+05	 3.504109e+03	 1	 8.068028e+04	 1.065550e-01	 5.483644e+01	 1.124462e+03	 2.966446e+01	 
 1.939178e-02	 7.225346e-02	 8.785719e-01	 1.196119e-01	 1.779812e+05	 1.744771e+05	 3.504109e+03	 1	 8.068028e+04	 1.065550e-01	 5.483644e+01	 1.124462e+03	 2.966446e+01	 
 1.939178e-02	 7.225346e-02	 8.785719e-01	 1.196119e-01	 1.779812e+05	 1.744771e+05	 3.504109e+03	 1	 8.068028e+04	 1.065550e-01	 5.483644e+01	 1.124462e+03	 2.966446e+01	 
 -1.603764e-03	 -4.125487e-01	 5.932174e-01	 6.058946e-01	 5.034195e+04	 5.038622e+04	 4.427206e+01	 0	 4.353501e+02	 2.156543e-01	 2.154966e-01	 3.490061e+02	 3.054429e+02	 
 -1.603764e-03	 -4.125487e-01	 5.932174e-01	 6.058946e-01	 5.034195e+04	 5.038622e+04	 4.427206e+01	 0	 4.353501e+02	 2.156543e-01	 2.154966e-01	 3.490061e+02	 3.054429e+02	 
 -1.603764e-03	 -4.125487e-01	 5.932174e-01	 6.058946e-01	 5.034195e+04	 5.038622e+04	 4.427206e+01	 0	 4.353501e+02	 2.156543e-01	 2.154966e-01	 3.490061e+02	 3.054429e+02	 
 -1.603764e-03	 -4.125487e-01	 5.932174e-01	 6.058946e-01	 5.034195e+04	 5.038622e+04	 4.427206e+01	 0	 4.353501e+02	 2.156543e-01	 2.154966e-01	 3.490061e+02	 3.054429e+02	 
 -1.603764e-03	 -4.125487e-01	 5.932174e-01	 6.058946e-01	 5.034195e+04	 5.038622e+04	 4.427206e+01	 0	 4.353501e+02	 2.156543e-01	 2.154966e-01	 3.490061e+02	 3.054429e+02	 
 -1.603764e-03	 -4.125487e-01	 5.932174e-01	 6.058946e-01	 5.034195e+04	 5.038622e+04	 4.427206e+01	 0	 4.353501e+02	 2.156543e-01	 2.154966e-01	 3.490061e+02	 3.054429e+02	 
 3.415850e-02	 7.957431e+00	 4.451357e-01	 -4.534126e+00	 1.100074e+05	 1.064920e+05	 3.515444e+03	 0	 3.654569e+03	 2.956874e+00	 3.947181e+02	 9.677488e+02	 1.067657e+03	 
 3.415850e-02	 7.957431e+00	 4.451357e-01	 -4.534126e+00	 1.100074e+05	 1.064920e+05	 3.515444e+03	 0	 3.654569e+03	 2.956874e+00	 3.947181e+02	 9.677488e+02	 1.067657e+03	 
 3.415850e-02	 7.957431e+00	 4.451357e-01	 -4.534126e+00	 1.100074e+05	 1.064920e+05	 3.515444e+03	 0	 3.654569e+03	 2.956874e+00	 3.947181e+02	 9.677488e+02	 1.067657e+03	 
 3.415850e-02	 7.957431e+00	 4.451357e-01	 -4.534126e+00	 1.100074e+05	 1.064920e+05	 3.515444e+03	 0	 3.654569e+03	 2.956874e+00	 3.947181e+02	 9.677488e+02	 1.067657e+03	 
 3.415850e-02	 7.957431e+00	 4.451357e-01	 -4.534126e+00	 1.100074e+05	 1.064920e+05	 3.515444e+03	 0	 3.654569e+03	 2.956874e+00	 3.947181e+02	 9.677488e+02	 1.067657e+03	 
 3.415850e-02	 7.957431e+00	 4.451357e-01	 -4.534126e+00	 1.100074e+05	 1.064920e+05	 3.515444e+03	 0	 3.654569e+03	 2.956874e+00	 3.947181e+02	 9.677488e+02	 1.067657e+03	 
 -3.385320e-03	 1.283231e+00	 -8.308191e-01	 4.162211e-01	 1.503689e+05	 1.507911e+05	 4.222222e+02	 0	 7.001641e+03	 1.357233e-01	 1.356664e-01	 5.778125e+02	 5.789816e+02	 
 -3.385320e-03	 1.283231e+00	 -8.308191e-01	 4.162211e-01	 1.503689e+05	 1.507911e+05	 4.222222e+02	 0	 7.001641e+03	 1.357233e-01	 1.356664e-01	 5.778125e+02	 5.789816e+02	 
 -3.385320e-03	 1.283231e+00	 -8.308191e-01	 4.162211e-01	 1.503689e+05	 1.507911e+05	 4.222222e+02	 0	 7.001641e+03	 1.357233e-01	 1.356664e-01	 5.778125e+02	 5.789816e+02	 
 -3.385320e-03	 1.283231e+00	 -8.308191e-01	 4.162211e-01	 1.503689e+05	 1.507911e+05	 4.222222e+02	 0	 7.001641e+03	 1.357233e-01	 1.356664e-01	 5.778125e+02	 5.789816e+02	 
 -3.385320e-03	 1.283231e+00	 -8.308191e-01	 4.162211e-01	 1.503689e+05	 1.507911e+05	 4.222222e+02	 0	 7.001641e+03	 1.357233e-01	 1.356664e-01	 5.778125e+02	 5.789816e+02	 
 -3.385320e-03	 1.283231e+00	 -8.308191e-01	 4.162211e-01	 1.503689e+05	 1.507911e+05	 4.222222e+02	 0	 7.001641e+03	 1.357233e-01	 1.356664e-01	 5.778125e+02	 5.789816e+02	 
 4.393920e-02	 5.816714e-01	 4.377532e-01	 6.987608e-02	 9.243563e+04	 8.826557e+04	 4.170062e+03	 1	 4.173666e+03	 1.353196e-01	 3.275175e+02	 9.989324e+02	 1.544794e+02	 
 4.393920e-02	 5.816714e-01	 4.377532e-01	 6.987608e-02	 9.243563e+04	 8.826557e+04	 4.170062e+03	 1	 4.173666e+03	 1.353196e-01	 3.275175e+02	 9.989324e+02	 1.544794e+02	 
 4.393920e-02	 5.816714e-01	 4.377532e-01	 6.987608e-02	 9.243563e+04	 8.826557e+04	 4.170062e+03	 1	 4.173666e+03	 1.353196e-01	 3.275175e+02	 9.989324e+02	 1.544794e+02	 
 4.393920e-02	 5.816714e-01	 4.377532e-01	 6.987608e-02	 9.243563e+04	 8.826557e+04	 4.170062e+03	 1	 4.173666e+03	 1.353196e-01	 3.275175e+02	 9.989324e+02	 1.544794e+02	 
 4.393920e-02	 5.816714e-01	 4.377532e-01	 6.987608e-02	 9.243563e+04	 8.826557e+04	 4.170062e+03	 1	 4.173666e+03	 1.353196e-01	 3.275175e+02	 9.989324e+02	 1.544794e+02	 
 4.393920e-02	 5.816714e-01	 4.377532e-01	 6.987608e-02	 9.243563e+04	 8.826557e+04	 4.170062e+03	 1	 4.173666e+03	 1.353196e-01	 3.275175e+02	 9.989324e+02	 1.544794e+02	 
 -4.379510e-04	 7.226660e-01	 -6.153881e-02	 3.008866e-01	 4.456831e+04	 4.457782e+04	 9.508566e+00	 0	 2.280384e+04	 4.182932e-02	 4.043545e-02	 1.312135e+01	 1.867250e+00	 
 -4.379510e-04	 7.226660e-01	 -6.153881e-02	 3.008866e-01	 4.456831e+04	 4.457782e+04	 9.508566e+00	 0	 2.280384e+04	 4.182932e-02	 4.043545e-02	 1.312135e+01	 1.867250e+00	 
 -4.379510e-04	 7.226660e-01	 -6.153881e-02	 3.008866e-01	 4.456831e+04	 4.457782e+04	 9.508566e+00	 0	 2.280384e+04	 4.182932e-02	 4.043545e-02	 1.312135e+01	 1.867250e+00	 
 -4.379510e-04	 7.226660e-01	 -6.153881e-02	 3.008866e-01	 4.456831e+04	 4.457782e+04	 9.508566e+00	 0	 2.280384e+04	 4.182932e-02	 4.043545e-02	 1.312135e+01	 1.867250e+00	 
 -4.379510e-04	 7.226660e-01	 -6.153881e-02	 3.008866e-01	 4.456831e+04	 4.457782e+04	 9.508566e+00	 0	 2.280384e+04	 4.182932e-02	 4.043545e-02	 1.312135e+01	 1.867250e+00	 
 -4.379510e-04	 7.226660e-01	 -6.153881e-02	 3.008866e-01	 4.456831e+04	 4.457782e+04	 9.508566e+00	 0	 2.280384e+04	 4.182932e-02	 4.043545e-02	 1.312135e+01	 1.867250e+00	 
 -1.333408e-01	 -4.047287e+00	 3.678639e+00	 1.018441e+00	 7.166155e+04	 8.219237e+04	 1.053082e+04	 0	 9.087836e+03	 4.867002e-01	 4.854160e-01	 8.500623e+02	 9.620420e+02	 
 -1.333408e-01	 -4.047287e+00	 3.678639e+00	 1.018441e+00	 7.166155e+04	 8.219237e+04	 1.053082e+04	 0	 9.087836e+03	 4.867002e-01	 4.854160e-01	 8.500623e+02	 9.620420e+02	 
 -1.333408e-01	 -4.047287e+00	 3.678639e+00	 1.018441e+00	 7.166155e+04	 8.219237e+04	 1.053082e+04	 0	 9.087836e+03	 4.867002e-01	 4.854160e-01	 8.500623e+02	 9.620420e+02	 
 -1.333408e-01	 -4.047287e+00	 3.678639e+00	 1.018441e+00	 7.166155e+04	 8.219237e+04	 1.053082e+04	 0	 9.087836e+03	 4.867002e-01	 4.854160e-01	 8.500623e+02	 9.620420e+02	 
 -1.333408e-01	 -4.047287e+00	 3.678639e+00	 1.018441e+00	 7.166155e+04	 8.219237e+04	 1.053082e+04	 0	 9.087836e+03	 4.867002e-01	 4.854160e-01	 8.500623e+02	 9.620420e+02	 
 -1.333408e-01	 -4.047287e+00	 3.678639e+00	 1.018441e+00	 7.166155e+04	 8.219237e+04	 1.053082e+04	 0	 9.087836e+03	 4.867002e-01	 4.854160e-01	 8.500623e+02	 9.620420e+02	 
 -5.367363e-03	 -2.702029e-01	 4.622260e-01	 5.966294e-01	 9.967121e+04	 1.001080e+05	 4.368238e+02	 0	 1.078626e+03	 2.175034e-01	 2.174104e-01	 2.819289e+02	 1.892264e+02	 
 -5.367363e-03	 -2.702029e-01	 4.622260e-01	 5.966294e-01	 9.967121e+04	 1.001080e+05	 4.368238e+02	 0	 1.078626e+03	 2.175034e-01	 2.174104e-01	 2.819289e+02	 1.892264e+02	 
 -5.367363e-03	 -2.702029e-01	 4.622260e-01	 5.966294e-01	 9.967121e+04	 1.001080e+05	 4.368238e+02	 0	 1.078626e+03	 2.175034e-01	 2.174104e-01	 2.819289e+02	 1.892264e+02	 
 -5.367363e-03	 -2.702029e-01	 4.622260e-01	 5.966294e-01	 9.967121e+04	 1.001080e+05	 4.368238e+02	 0	 1.078626e+03	 2.175034e-01	 2.174104e-01	 2.819289e+02	 1.892264e+02	 
 -5.367363e-03	 -2.702029e-01	 4.622260e-01	 5.966294e-01	 9.967121e+04	 1.001080e+05	 4.368238e+02	 0	 1.078626e+03	 2.175034e-01	 2.174104e-01	 2.819289e+02	 1.892264e+02	 
 -5.367363e-03	 -2.702029e-01	 4.622260e-01	 5.966294e-01	 9.967121e+04	 1.001080e+05	 4.368238e+02	 0	 1.078626e+03	 2.175034e-01	 2.174104e-01	 2.819289e+02	 1.892264e+02	 
 1.689557e-02	 1.083136e+00	 3.422575e-02	 1.070951e-02	 7.570165e+04	 7.447988e+04	 1.221770e+03	 1	 5.348091e+03	 1.458501e-01	 2.667949e+02	 4.477745e+02	 2.514343e+02	 
 1.689557e-02	 1.083136e+00	 3.422575e-02	 1.070951e-02	 7.570165e+04	 7.447988e+04	 1.221770e+03	 1	 5.348091e+03	 1.458501e-01	 2.667949e+02	 4.477745e+02	 2.514343e+02	 
 1.689557e-02	 1.083136e+00	 3.422575e-02	 1.070951e-02	 7.570165e+04	 7.447988e+04	 1.221770e+03	 1	 5.348091e+03	 1.458501e-01	 2.667949e+02	 4.477745e+02	 2.514343e+02	 
 1.689557e-02	 1.083136e+00	 3.422575e-02	 1.070951e-02	 7.570165e+04	 7.447988e+04	 1.221770e+03	 1	 5.348091e+03	 1.458501e-01	 2.667949e+02	 4.477745e+02	 2.514343e+02	 
 1.689557e-02	 1.083136e+00	 3.422575e-02	 1.070951e-02	 7.570165e+04	 7.447988e+04	 1.221770e+03	 1	 5.348091e+03	 1.458501e-01	 2.667949e+02	 4.477745e+02	 2.514343e+02	 
 1.689557e-02	 1.083136e+00	 3.422575e-02	 1.070951e-02	 7.570165e+04	 7.447988e+04	 1.221770e+03	 1	 5.348091e+03	 1.458501e-01	 2.667949e+02	 4.477745e+02	 2.514343e+02	 
 4.888785e-04	 7.951548e-01	 1.858842e-01	 9.178829e-02	 1.388089e+05	 1.387615e+05	 4.740387e+01	 1	 2.773759e+03	 7.362414e-02	 4.019473e+01	 3.926794e+02	 6.382348e+02	 
 4.888785e-04	 7.951548e-01	 1.858842e-01	 9.178829e-02	 1.388089e+05	 1.387615e+05	 4.740387e+01	 1	 2.773759e+03	 7.362414e-02	 4.019473e+01	 3.926794e+02	 6.382348e+02	 
 4.888785e-04	 7.951548e-01	 1.858842e-01	 9.178829e-02	 1.388089e+05	 1.387615e+05	 4.740387e+01	 1	 2.773759e+03	 7.362414e-02	 4.019473e+01	 3.926794e+02	 6.382348e+02	 
 4.888785e-04	 7.951548e-01	 1.858842e-01	 9.178829e-02	 1.388089e+05	 1.387615e+05	 4.740387e+01	 1	 2.773759e+03	 7.362414e-02	 4.019473e+01	 3.926794e+02	 6.382348e+02	 
 4.888785e-04	 7.951548e-01	 1.858842e-01	 9.178829e-02	 1.388089e+05	 1.387615e+05	 4.740387e+01	 1	 2.773759e+03	 7.362414e-02	 4.019473e+01	 3.926794e+02	 6.382348e+02	 
 4.888785e-04	 7.951548e-01	 1.858842e-01	 9.178829e-02	 1.388089e+05	 1.387615e+05	 4.740387e+01	 1	 2.773759e+03	 7.362414e-02	 4.019473e+01	 3.926794e+02	 6.382348e+02	 
 3.391005e-04	 7.902617e-01	 1.895994e-01	 9.261092e-02	 1.387924e+05	 1.387615e+05	 3.087539e+01	 1	 2.778936e+03	 7.311156e-02	 3.899850e+01	 3.951862e+02	 6.450860e+02	 
 3.391005e-04	 7.902617e-01	 1.895994e-01	 9.261092e-02	 1.387924e+05	 1.387615e+05	 3.087539e+01	 1	 2.778936e+03	 7.311156e-02	 3.899850e+01	 3.951862e+02	 6.450860e+02	 
 3.391005e-04	 7.902617e-01	 1.895994e-01	 9.261092e-02	 1.387924e+05	 1.387615e+05	 3.087539e+01	 1	 2.778936e+03	 7.311156e-02	 3.899850e+01	 3.951862e+02	 6.450860e+02	 
 3.391005e-04	 7.902617e-01	 1.895994e-01	 9.261092e-02	 1.387924e+05	 1.387615e+05	 3.087539e+01	 1	 2.778936e+03	 7.311156e-02	 3.899850e+01	 3.951862e+02	 6.450860e+02	 
 3.391005e-04	 7.902617e-01	 1.895994e-01	 9.261092e-02	 1.387924e+05	 1.387615e+05	 3.087539e+01	 1	 2.778936e+03	 7.311156e-02	 3.899850e+01	 3.951862e+02	 6.450860e+02	 
 3.391005e-04	 7.902617e-01	 1.895994e-01	 9.261092e-02	 1.387924e+05	 1.387615e+05	 3.087539e+01	 1	 2.778936e+03	 7.311156e-02	 3.899850e+01	 3.951862e+02	 6.450860e+02	 
 -1.333408e-01	 -4.047287e+00	 3.678639e+00	 1.018441e+00	 7.166155e+04	 8.219237e+04	 1.053082e+04	 0	 9.087836e+03	 4.867002e-01	 4.854160e-01	 8.500623e+02	 9.620420e+02	 
 -1.333408e-01	 -4.047287e+00	 3.678639e+00	 1.018441e+00	 7.166155e+04	 8.219237e+04	 1.053082e+04	 0	 9.087836e+03	 4.867002e-01	 4.854160e-01	 8.500623e+02	 9.620420e+02	 
 -1.333408e-01	 -4.047287e+00	 3.678639e+00	 1.018441e+00	 7.166155e+04	 8.219237e+04	 1.053082e+04	 0	 9.087836e+03	 4.867002e-01	 4.854160e-01	 8.500623e+02	 9.620420e+02	 
 -1.333408e-01	 -4.047287e+00	 3.678639e+00	 1.018441e+00	 7.166155e+04	 8.219237e+04	 1.053082e+04	 0	 9.087836e+03	 4.867002e-01	 4.854160e-01	 8.500623e+02	 9.620420e+02	 
 -1.333408e-01	 -4.047287e+00	 3.678639e+00	 1.018441e+00	 7.166155e+04	 8.219237e+04	 1.053082e+04	 0	 9.087836e+03	 4.867002e-01	 4.854160e-01	 8.500623e+02	 9.620420e+02	 
 -1.333408e-01	 -4.047287e+00	 3.678639e+00	 1.018441e+00	 7.166155e+04	 8.219237e+04	 1.053082e+04	 0	 9.087836e+03	 4.867002e-01	 4.854160e-01	 8.500623e+02	 9.620420e+02	 
 -1.333408e-01	 -4.047287e+00	 3.678639e+00	 1.018441e+00	 7.166155e+04	 8.219237e+04	 1.053082e+04	 0	 9.087836e+03	 4.867002e-01	 4.854160e-01	 8.500623e+02	 9.620420e+02	 
 -1.333408e-01	 -4.047287e+00	 3.678639e+00	 1.018441e+00	 7.166155e+04	 8.219237e+04	 1.053082e+04	 0	 9.087836e+03	 4.867002e-01	 4.854160e-01	 8.500623e+02	 9.620420e+02	 
 -1.333408e-01	 -4.047287e+00	 3.678639e+00	 1.018441e+00	 7.166155e+04	 8.219237e+04	 1.053082e+04	 0	 9.087836e+03	 4.867002e-01	 4.854160e-01	 8.500623e+02	 9.620420e+02	 
 -1.333408e-01	 -4.047287e+00	 3.678639e+00	 1.018441e+00	 7.166155e+04	 8.219237e+04	 1.053082e+04	 0	 9.087836e+03	 4.867002e-01	 4.854160e-01	 8.500623e+02	 9.620420e+02	 
 -1.333408e-01	 -4.047287e+00	 3.678639e+00	 1.018441e+00	 7.166155e+04	 8.219237e+04	 1.053082e+04	 0	 9.087836e+03	 4.867002e-01	 4.854160e-01	 8.500623e+02	 9.620420e+02	 
 -1.333408e-01	 -4.047287e+00	 3.678639e+00	 1.018441e+00	 7.166155e+04	 8.219237e+04	 1.053082e+04	 0	 9.087836e+03	 4.867002e-01	 4.854160e-01	 8.500623e+02	 9.620420e+02	 
 3.391005e-04	 7.902617e-01	 1.895994e-01	 9.261092e-02	 1.387924e+05	 1.387615e+05	 3.087539e+01	 1	 2.778936e+03	 7.311156e-02	 3.899850e+01	 3.951862e+02	 6.450860e+02	 
 3.391005e-04	 7.902617e-01	 1.895994e-01	 9.261092e-02	 1.387924e+05	 1.387615e+05	 3.087539e+01	 1	 2.778936e+03	 7.311156e-02	 3.899850e+01	 3.951862e+02	 6.450860e+02	 
 3.391005e-04	 7.902617e-01	 1.895994e-01	 9.261092e-02	 1.387924e+05	 1.387615e+05	 3.087539e+01	 1	 2.778936e+03	 7.311156e-02	 3.899850e+01	 3.951862e+02	 6.450860e+02	 
 3.391005e-04	 7.902617e-01	 1.895994e-01	 9.261092e-02	 1.387924e+05	 1.387615e+05	 3.087539e+01	 1	 2.778936e+03	 7.311156e-02	 3.899850e+01	 3.951862e+02	 6.450860e+02	 
 3.391005e-04	 7.902617e-01	 1.895994e-01	 9.261092e-02	 1.387924e+05	 1.387615e+05	 3.087539e+01	 1	 2.778936e+03	 7.311156e-02	 3.899850e+01	 3.951862e+02	 6.450860e+02	 
 3.391005e-04	 7.902617e-01	 1.895994e-01	 9.261092e-02	 1.387924e+05	 1.387615e+05	 3.087539e+01	 1	 2.778936e+03	 7.311156e-02	 3.899850e+01	 3.951862e+02	 6.450860e+02	 
 -3.385320e-03	 1.283231e+00	 -8.308191e-01	 4.162211e-01	 1.503689e+05	 1.507911e+05	 4.222222e+02	 0	 7.001641e+03	 1.357233e-01	 1.356664e-01	 5.778125e+02	 5.789816e+02	 
 -3.385320e-03	 1.283231e+00	 -8.308191e-01	 4.162211e-01	 1.503689e+05	 1.507911e+05	 4.222222e+02	 0	 7.001641e+03	 1.357233e-01	 1.356664e-01	 5.778125e+02	 5.789816e+02	 
 -3.385320e-03	 1.283231e+00	 -8.308191e-01	 4.162211e-01	 1.503689e+05	 1.507911e+05	 4.222222e+02	 0	 7.001641e+03	 1.357233e-01	 1.356664e-01	 5.778125e+02	 5.789816e+02	 
 -3.385320e-03	 1.283231e+00	 -8.308191e-01	 4.162211e-01	 1.503689e+05	 1.507911e+05	 4.222222e+02	 0	 7.001641e+03	 1.357233e-01	 1.356664e-01	 5.778125e+02	 5.789816e+02	 
 -3.385320e-03	 1.283231e+00	 -8.308191e-01	 4.162211e-01	 1.503689e+05	 1.507911e+05	 4.222222e+02	 0	 7.001641e+03	 1.357233e-01	 1.356664e-01	 5.778125e+02	 5.789816e+02	 
 -3.385320e-03	 1.283231e+00	 -8.308191e-01	 4.162211e-01	 1.503689e+05	 1.507911e+05	 4.222222e+02	 0	 7.001641e+03	 1.357233e-01	 1.356664e-01	 5.778125e+02	 5.789816e+02	 
 -3.385320e-03	 1.283231e+00	 -8.308191e-01	 4.162211e-01	 1.503689e+05	 1.507911e+05	 4.222222e+02	 0	 7.001641e+03	 1.357233e-01	 1.356664e-01	 5.778125e+02	 5.789816e+02	 
 -3.385320e-03	 1.283231e+00	 -8.308191e-01	 4.162211e-01	 1.503689e+05	 1.507911e+05	 4.222222e+02	 0	 7.001641e+03	 1.357233e-01	 1.356664e-01	 5.778125e+02	 5.789816e+02	 
 -3.385320e-03	 1.283231e+00	 -8.308191e-01	 4.162211e-01	 1.503689e+05	 1.507911e+05	 4.222222e+02	 0	 7.001641e+03	 1.357233e-01	 1.356664e-01	 5.778125e+02	 5.789816e+02	 
 -3.385320e-03	 1.283231e+00	 -8.308191e-01	 4.162211e-01	 1.503689e+05	 1.507911e+05	 4.222222e+02	 0	 7.001641e+03	 1.357233e-01	 1.356664e-01	 5.778125e+02	 5.789816e+02	 
 -3.385320e-03	 1.283231e+00	 -8.308191e-01	 4.162211e-01	 1.503689e+05	 1.507911e+05	 4.222222e+02	 0	 7.001641e+03	 1.357233e-01	 1.356664e-01	 5.778125e+02	 5.789816e+02	 
 -3.385320e-03	 1.283231e+00	 -8.308191e-01	 4.162211e-01	 1.503689e+05	 1.507911e+05	 4.222222e+02	 0	 7.001641e+03	 1.357233e-01	 1.356664e-01	 5.778125e+02	 5.789816e+02	 
 3.391005e-04	 7.902617e-01	 1.895994e-01	 9.261092e-02	 1.387924e+05	 1.387615e+05	 3.087539e+01	 1	 2.778936e+03	 7.311156e-02	 3.899850e+01	 3.951862e+02	 6.450860e+02	 
 3.391005e-04	 7.902617e-01	 1.895994e-01	 9.261092e-02	 1.387924e+05	 1.387615e+05	 3.087539e+01	 1	 2.778936e+03	 7.311156e-02	 3.899850e+01	 3.951862e+02	 6.450860e+02	 
 3.391005e-04	 7.902617e-01	 1.895994e-01	 9.261092e-02	 1.387924e+05	 1.387615e+05	 3.087539e+01	 1	 2.778936e+03	 7.311156e-02	 3.899850e+01	 3.951862e+02	 6.450860e+02	 
 3.391005e-04	 7.902617e-01	 1.895994e-01	 9.261092e-02	 1.387924e+05	 1.387615e+05	 3.087539e+01	 1	 2.778936e+03	 7.311156e-02	 3.899850e+01	 3.951862e+02	 6.450860e+02	 
 3.391005e-04	 7.902617e-01	 1.895994e-01	 9.261092e-02	 1.387924e+05	 1.387615e+05	 3.087539e+01	 1	 2.778936e+03	 7.311156e-02	 3.899850e+01	 3.951862e+02	 6.450860e+02	 
 3.391005e-04	 7.902617e-01	 1.895994e-01	 9.261092e-02	 1.387924e+05	 1.387615e+05	 3.087539e+01	 1	 2.778936e+03	 7.311156e-02	 3.899850e+01	 3.951862e+02	 6.450860e+02	 
 2.949300e-02	 6.696691e-01	 2.748445e-01	 1.150811e-01	 9.095608e+04	 8.826557e+04	 2.690511e+03	 1	 4.178178e+03	 9.047621e-02	 3.262362e+02	 1.138202e+03	 1.378718e+02	 
 2.949300e-02	 6.696691e-01	 2.748445e-01	 1.150811e-01	 9.095608e+04	 8.826557e+04	 2.690511e+03	 1	 4.178178e+03	 9.047621e-02	 3.262362e+02	 1.138202e+03	 1.378718e+02	 
 2.949300e-02	 6.696691e-01	 2.748445e-01	 1.150811e-01	 9.095608e+04	 8.826557e+04	 2.690511e+03	 1	 4.178178e+03	 9.047621e-02	 3.262362e+02	 1.138202e+03	 1.378718e+02	 
 2.949300e-02	 6.696691e-01	 2.748445e-01	 1.150811e-01	 9.095608e+04	 8.826557e+04	 2.690511e+03	 1	 4.178178e+03	 9.047621e-02	 3.262362e+02	 1.138202e+03	 1.378718e+02	 
 2.949300e-02	 6.696691e-01	 2.748445e-01	 1.150811e-01	 9.095608e+04	 8.826557e+04	 2.690511e+03	 1	 4.178178e+03	 9.047621e-02	 3.262362e+02	 1.138202e+03	 1.378718e+02	 
 2.949300e-02	 6.696691e-01	 2.748445e-01	 1.150811e-01	 9.095608e+04	 8.826557e+04	 2.690511e+03	 1	 4.178178e+03	 9.047621e-02	 3.262362e+02	 1.138202e+03	 1.378718e+02	 
 2.579584e-02	 7.055461e-01	 2.177780e-01	 1.277390e-01	 9.057995e+04	 8.826557e+04	 2.314378e+03	 1	 4.179526e+03	 7.807689e-02	 3.256925e+02	 1.191454e+03	 1.794824e+02	 
 2.579584e-02	 7.055461e-01	 2.177780e-01	 1.277390e-01	 9.057995e+04	 8.826557e+04	 2.314378e+03	 1	 4.179526e+03	 7.807689e-02	 3.256925e+02	 1.191454e+03	 1.794824e+02	 
 2.579584e-02	 7.055461e-01	 2.177780e-01	 1.277390e-01	 9.057995e+04	 8.826557e+04	 2.314378e+03	 1	 4.179526e+03	 7.807689e-02	 3.256925e+02	 1.191454e+03	 1.794824e+02	 
 2.579584e-02	 7.055461e-01	 2.177780e-01	 1.277390e-01	 9.057995e+04	 8.826557e+04	 2.314378e+03	 1	 4.179526e+03	 7.807689e-02	 3.256925e+02	 1.191454e+03	 1.794824e+02	 
 2.579584e-02	 7.055461e-01	 2.177780e-01	 1.277390e-01	 9.057995e+04	 8.826557e+04	 2.314378e+03	 1	 4.179526e+03	 7.807689e-02	 3.256925e+02	 1.191454e+03	 1.794824e+02	 
 2.579584e-02	 7.055461e-01	 2.177780e-01	 1.277390e-01	 9.057995e+04	 8.826557e+04	 2.314378e+03	 1	 4.179526e+03	 7.807689e-02	 3.256925e+02	 1.191454e+03	 1.794824e+02	 
 3.391005e-04	 7.902617e-01	 1.895994e-01	 9.261092e-02	 1.387924e+05	 1.387615e+05	 3.087539e+01	 1	 2.778936e+03	 7.311156e-02	 3.899850e+01	 3.951862e+02	 6.450860e+02	 
 3.391005e-04	 7.902617e-01	 1.895994e-01	 9.261092e-02	 1.387924e+05	 1.387615e+05	 3.087539e+01	 1	 2.778936e+03	 7.311156e-02	 3.899850e+01	 3.951862e+02	 6.450860e+02	 
 3.391005e-04	 7.902617e-01	 1.895994e-01	 9.261092e-02	 1.387924e+05	 1.387615e+05	 3.087539e+01	 1	 2.778936e+03	 7.311156e-02	 3.899850e+01	 3.951862e+02	 6.450860e+02	 
 3.391005e-04	 7.902617e-01	 1.895994e-01	 9.261092e-02	 1.387924e+05	 1.387615e+05	 3.087539e+01	 1	 2.778936e+03	 7.311156e-02	 3.899850e+01	 3.951862e+02	 6.450860e+02	 
 3.391005e-04	 7.902617e-01	 1.895994e-01	 9.261092e-02	 1.387924e+05	 1.387615e+05	 3.087539e+01	 1	 2.778936e+03	 7.311156e-02	 3.899850e+01	 3.951862e+02	 6.450860e+02	 
 3.391005e-04	 7.902617e-01	 1.895994e-01	 9.261092e-02	 1.387924e+05	 1.387615e+05	 3.087539e+01	 1	 2.778936e+03	 7.311156e-02	 3.899850e+01	 3.951862e+02	 6.450860e+02	 
 2.979891e-04	 7.897981e-01	 1.896861e-01	 9.286003e-02	 1.387881e+05	 1.387615e+05	 2.655654e+01	 1	 2.778786e+03	 7.293525e-02	 3.856092e+01	 3.955429e+02	 6.459299e+02	 
 2.979891e-04	 7.897981e-01	 1.896861e-01	 9.286003e-02	 1.387881e+05	 1.387615e+05	 2.655654e+01	 1	 2.778786e+03	 7.293525e-02	 3.856092e+01	 3.955429e+02	 6.459299e+02	 
 2.979891e-04	 7.897981e-01	 1.896861e-01	 9.286003e-02	 1.387881e+05	 1.387615e+05	 2.655654e+01	 1	 2.778786e+03	 7.293525e-02	 3.856092e+01	 3.955429e+02	 6.459299e+02	 
 2.979891e-04	 7.897981e-01	 1.896861e-01	 9.286003e-02	 1.387881e+05	 1.387615e+05	 2.655654e+01	 1	 2.778786e+03	 7.293525e-02	 3.856092e+01	 3.955429e+02	 6.459299e+02	 
 2.979891e-04	 7.897981e-01	 1.896861e-01	 9.286003e-02	 1.387881e+05	 1.387615e+05	 2.655654e+01	 1	 2.778786e+03	 7.293525e-02	 3.856092e+01	 3.955429e+02	 6.459299e+02	 
 2.979891e-04	 7.897981e-01	 1.896861e-01	 9.286003e-02	 1.387881e+05	 1.387615e+05	 2.655654e+01	 1	 2.778786e+03	 7.293525e-02	 3.856092e+01	 3.955429e+02	 6.459299e+02	 
 2.787800e-04	 7.903294e-01	 1.875429e-01	 9.384911e-02	 1.387864e+05	 1.387615e+05	 2.488644e+01	 1	 2.772874e+03	 7.228578e-02	 3.672938e+01	 3.955550e+02	 6.454201e+02	 
 2.787800e-04	 7.903294e-01	 1.875429e-01	 9.384911e-02	 1.387864e+05	 1.387615e+05	 2.488644e+01	 1	 2.772874e+03	 7.228578e-02	 3.672938e+01	 3.955550e+02	 6.454201e+02	 
 2.787800e-04	 7.903294e-01	 1.875429e-01	 9.384911e-02	 1.387864e+05	 1.387615e+05	 2.488644e+01	 1	 2.772874e+03	 7.228578e-02	 3.672938e+01	 3.955550e+02	 6.454201e+02	 
 2.787800e-04	 7.903294e-01	 1.875429e-01	 9.384911e-02	 1.387864e+05	 1.387615e+05	 2.488644e+01	 1	 2.772874e+03	 7.228578e-02	 3.672938e+01	 3.955550e+02	 6.454201e+02	 
 2.787800e-04	 7.903294e-01	 1.875429e-01	 9.384911e-02	 1.387864e+05	 1.387615e+05	 2.488644e+01	 1	 2.772874e+03	 7.228578e-02	 3.672938e+01	 3.955550e+02	 6.454201e+02	 
 2.787800e-04	 7.903294e-01	 1.875429e-01	 9.384911e-02	 1.387864e+05	 1.387615e+05	 2.488644e+01	 1	 2.772874e+03	 7.228578e-02	 3.672938e+01	 3.955550e+02	 6.454201e+02	 
 3.391005e-04	 7.902617e-01	 1.895994e-01	 9.261092e-02	 1.387924e+05	 1.387615e+05	 3.087539e+01	 1	 2.778936e+03	 7.311156e-02	 3.899850e+01	 3.951862e+02	 6.450860e+02	 
 3.391005e-04	 7.902617e-01	 1.895994e-01	 9.261092e-02	 1.387924e+05	 1.387615e+05	 3.087539e+01	 1	 2.778936e+03	 7.311156e-02	 3.899850e+01	 3.951862e+02	 6.450860e+02	 
 3.391005e-04	 7.902617e-01	 1.895994e-01	 9.261092e-02	 1.387924e+05	 1.387615e+05	 3.087539e+01	 1	 2.778936e+03	 7.311156e-02	 3.899850e+01	 3.951862e+02	 6.450860e+02	 
 3.391005e-04	 7.902617e-01	 1.895994e-01	 9.261092e-02	 1.387924e+05	 1.387615e+05	 3.087539e+01	 1	 2.778936e+03	 7.311156e-02	 3.899850e+01	 3.951862e+02	 6.450860e+02	 
 3.391005e-04	 7.902617e-01	 1.895994e-01	 9.261092e-02	 1.387924e+05	 1.387615e+05	 3.087539e+01	 1	 2.778936e+03	 7.311156e-02	 3.899850e+01	 3.951862e+02	 6.450860e+02	 
 3.391005e-04	 7.902617e-01	 1.895994e-01	 9.261092e-02	 1.387924e+05	 1.387615e+05	 3.087539e+01	 1	 2.778936e+03	 7.311156e-02	 3.899850e+01	 3.951862e+02	 6.450860e+02	 
 -5.367363e-03	 -2.702029e-01	 4.622260e-01	 5.966294e-01	 9.967121e+04	 1.001080e+05	 4.368238e+02	 0	 1.078626e+03	 2.175034e-01	 2.174104e-01	 2.819289e+02	 1.892264e+02	 
 -5.367363e-03	 -2.702029e-01	 4.622260e-01	 5.966294e-01	 9.967121e+04	 1.001080e+05	 4.368238e+02	 0	 1.078626e+03	 2.175034e-01	 2.174104e-01	 2.819289e+02	 1.892264e+02	 
 -5.367363e-03	 -2.702029e-01	 4.622260e-01	 5.966294e-01	 9.967121e+04	 1.001080e+05	 4.368238e+02	 0	 1.078626e+03	 2.175034e-01	 2.174104e-01	 2.819289e+02	 1.892264e+02	 
 -5.367363e-03	 -2.702029e-01	 4.622260e-01	 5.966294e-01	 9.967121e+04	 1.001080e+05	 4.368238e+02	 0	 1.078626e+03	 2.175034e-01	 2.174104e-01	 2.819289e+02	 1.892264e+02	 
 -5.367363e-03	 -2.702029e-01	 4.622260e-01	 5.966294e-01	 9.967121e+04	 1.001080e+05	 4.368238e+02	 0	 1.078626e+03	 2.175034e-01	 2.174104e-01	 2.819289e+02	 1.892264e+02	 
 -5.367363e-03	 -2.702029e-01	 4.622260e-01	 5.966294e-01	 9.967121e+04	 1.001080e+05	 4.368238e+02	 0	 1.078626e+03	 2.175034e-01	 2.174104e-01	 2.819289e+02	 1.892264e+02	 
 -5.367363e-03	 -2.702029e-01	 4.622260e-01	 5.966294e-01	 9.967121e+04	 1.001080e+05	 4.368238e+02	 0	 1.078626e+03	 2.175034e-01	 2.174104e-01	 2.819289e+02	 1.892264e+02	 
 -5.367363e-03	 -2.702029e-01	 4.622260e-01	 5.966294e-01	 9.967121e+04	 1.001080e+05	 4.368238e+02	 0	 1.078626e+03	 2.175034e-01	 2.174104e-01	 2.819289e+02	 1.892264e+02	 
 -5.367363e-03	 -2.702029e-01	 4.622260e-01	 5.966294e-01	 9.967121e+04	 1.001080e+05	 4.368238e+02	 0	 1.078626e+03	 2.175034e-01	 2.174104e-01	 2.819289e+02	 1.892264e+02	 
 -5.367363e-03	 -2.702029e-01	 4.622260e-01	 5.966294e-01	 9.967121e+04	 1.001080e+05	 4.368238e+02	 0	 1.078626e+03	 2.175034e-01	 2.174104e-01	 2.819289e+02	 1.892264e+02	 
 -5.367363e-03	 -2.702029e-01	 4.622260e-01	 5.966294e-01	 9.967121e+04	 1.001080e+05	 4.368238e+02	 0	 1.078626e+03	 2.175034e-01	 2.174104e-01	 2.819289e+02	 1.892264e+02	 
 -5.367363e-03	 -2.702029e-01	 4.622260e-01	 5.966294e-01	 9.967121e+04	 1.001080e+05	 4.368238e+02	 0	 1.078626e+03	 2.175034e-01	 2.174104e-01	 2.819289e+02	 1.892264e+02	 
 3.391005e-04	 7.902617e-01	 1.895994e-01	 9.261092e-02	 1.387924e+05	 1.387615e+05	 3.087539e+01	 1	 2.778936e+03	 7.311156e-02	 3.899850e+01	 3.951862e+02	 6.450860e+02	 
 3.391005e-04	 7.902617e-01	 1.895994e-01	 9.261092e-02	 1.387924e+05	 1.387615e+05	 3.087539e+01	 1	 2.778936e+03	 7.311156e-02	 3.899850e+01	 3.951862e+02	 6.450860e+02	 
 3.391005e-04	 7.902617e-01	 1.895994e-01	 9.261092e-02	 1.387924e+05	 1.387615e+05	 3.087539e+01	 1	 2.778936e+03	 7.311156e-02	 3.899850e+01	 3.951862e+02	 6.450860e+02	 
 3.391005e-04	 7.902617e-01	 1.895994e-01	 9.261092e-02	 1.387924e+05	 1.387615e+05	 3.087539e+01	 1	 2.778936e+03	 7.311156e-02	 3.899850e+01	 3.951862e+02	 6.450860e+02	 
 3.391005e-04	 7.902617e-01	 1.895994e-01	 9.261092e-02	 1.387924e+05	 1.387615e+05	 3.087539e+01	 1	 2.778936e+03	 7.311156e-02	 3.899850e+01	 3.951862e+02	 6.450860e+02	 
 3.391005e-04	 7.902617e-01	 1.895994e-01	 9.261092e-02	 1.387924e+05	 1.387615e+05	 3.087539e+01	 1	 2.778936e+03	 7.311156e-02	 3.899850e+01	 3.951862e+02	 6.450860e+02	 
 -1.603764e-03	 -4.125487e-01	 5.932174e-01	 6.058946e-01	 5.034195e+04	 5.038622e+04	 4.427206e+01	 0	 4.353501e+02	 2.156543e-01	 2.154966e-01	 3.490061e+02	 3.054429e+02	 
 -1.603764e-03	 -4.125487e-01	 5.932174e-01	 6.058946e-01	 5.034195e+04	 5.038622e+04	 4.427206e+01	 0	 4.353501e+02	 2.156543e-01	 2.154966e-01	 3.490061e+02	 3.054429e+02	 
 -1.603764e-03	 -4.125487e-01	 5.932174e-01	 6.058946e-01	 5.034195e+04	 5.038622e+04	 4.427206e+01	 0	 4.353501e+02	 2.156543e-01	 2.154966e-01	 3.490061e+02	 3.054429e+02	 
 -1.603764e-03	 -4.125487e-01	 5.932174e-01	 6.058946e-01	 5.034195e+04	 5.038622e+04	 4.427206e+01	 0	 4.353501e+02	 2.156543e-01	 2.154966e-01	 3.490061e+02	 3.054429e+02	 
 -1.603764e-03	 -4.125487e-01	 5.932174e-01	 6.058946e-01	 5.034195e+04	 5.038622e+04	 4.427206e+01	 0	 4.353501e+02	 2.156543e-01	 2.154966e-01	 3.490061e+02	 3.054429e+02	 
 -1.603764e-03	 -4.125487e-01	 5.932174e-01	 6.058946e-01	 5.034195e+04	 5.038622e+04	 4.427206e+01	 0	 4.353501e+02	 2.156543e-01	 2.154966e-01	 3.490061e+02	 3.054429e+02	 
 -1.603764e-03	 -4.125487e-01	 5.932174e-01	 6.058946e-01	 5.034195e+04	 5.038622e+04	 4.427206e+01	 0	 4.353501e+02	 2.156543e-01	 2.154966e-01	 3.490061e+02	 3.054429e+02	 
 -1.603764e-03	 -4.125487e-01	 5.932174e-01	 6.058946e-01	 5.034195e+04	 5.038622e+04	 4.427206e+01	 0	 4.353501e+02	 2.156543e-01	 2.154966e-01	 3.490061e+02	 3.054429e+02	 
 -1.603764e-03	 -4.125487e-01	 5.932174e-01	 6.058946e-01	 5.034195e+04	 5.038622e+04	 4.427206e+01	 0	 4.353501e+02	 2.156543e-01	 2.154966e-01	 3.490061e+02	 3.054429e+02	 
 -1.603764e-03	 -4.125487e-01	 5.932174e-01	 6.058946e-01	 5.034195e+04	 5.038622e+04	 4.427206e+01	 0	 4.353501e+02	 2.156543e-01	 2.154966e-01	 3.490061e+02	 3.054429e+02	 
 -1.603764e-03	 -4.125487e-01	 5.932174e-01	 6.058946e-01	 5.034195e+04	 5.038622e+04	 4.427206e+01	 0	 4.353501e+02	 2.156543e-01	 2.154966e-01	 3.490061e+02	 3.054429e+02	 
 -1.603764e-03	 -4.125487e-01	 5.932174e-01	 6.058946e-01	 5.034195e+04	 5.038622e+04	 4.427206e+01	 0	 4.353501e+02	 2.156543e-01	 2.154966e-01	 3.490061e+02	 3.054429e+02	 
 3.391005e-04	 7.902617e-01	 1.895994e-01	 9.261092e-02	 1.387924e+05	 1.387615e+05	 3.087539e+01	 1	 2.778936e+03	 7.311156e-02	 3.899850e+01	 3.951862e+02	 6.450860e+02	 
 3.391005e-04	 7.902617e-01	 1.895994e-01	 9.261092e-02	 1.387924e+05	 1.387615e+05	 3.087539e+01	 1	 2.778936e+03	 7.311156e-02	 3.899850e+01	 3.951862e+02	 6.450860e+02	 
 3.391005e-04	 7.902617e-01	 1.895994e-01	 9.261092e-02	 1.387924e+05	 1.387615e+05	 3.087539e+01	 1	 2.778936e+03	 7.311156e-02	 3.899850e+01	 3.951862e+02	 6.450860e+02	 
 3.391005e-04	 7.902617e-01	 1.895994e-01	 9.261092e-02	 1.387924e+05	 1.387615e+05	 3.087539e+01	 1	 2.778936e+03	 7.311156e-02	 3.899850e+01	 3.951862e+02	 6.450860e+02	 
 3.391005e-04	 7.902617e-01	 1.895994e-01	 9.261092e-02	 1.387924e+05	 1.387615e+05	 3.087539e+01	 1	 2.778936e+03	 7.311156e-02	 3.899850e+01	 3.951862e+02	 6.450860e+02	 
 3.391005e-04	 7.902617e-01	 1.895994e-01	 9.261092e-02	 1.387924e+05	 1.387615e+05	 3.087539e+01	 1	 2.778936e+03	 7.311156e-02	 3.899850e+01	 3.951862e+02	 6.450860e+02	 
 -3.385320e-03	 1.283231e+00	 -8.308191e-01	 4.162211e-01	 1.503689e+05	 1.507911e+05	 4.222222e+02	 0	 7.001641e+03	 1.357233e-01	 1.356664e-01	 5.778125e+02	 5.789816e+02	 
 -3.385320e-03	 1.283231e+00	 -8.308191e-01	 4.162211e-01	 1.503689e+05	 1.507911e+05	 4.222222e+02	 0	 7.001641e+03	 1.357233e-01	 1.356664e-01	 5.778125e+02	 5.789816e+02	 
 -3.385320e-03	 1.283231e+00	 -8.308191e-01	 4.162211e-01	 1.503689e+05	 1.507911e+05	 4.222222e+02	 0	 7.001641e+03	 1.357233e-01	 1.356664e-01	 5.778125e+02	 5.789816e+02	 
 -3.385320e-03	 1.283231e+00	 -8.308191e-01	 4.162211e-01	 1.503689e+05	 1.507911e+05	 4.222222e+02	 0	 7.001641e+03	 1.357233e-01	 1.356664e-01	 5.778125e+02	 5.789816e+02	 
 -3.385320e-03	 1.283231e+00	 -8.308191e-01	 4.162211e-01	 1.503689e+05	 1.507911e+05	 4.222222e+02	 0	 7.001641e+03	 1.357233e-01	 1.356664e-01	 5.778125e+02	 5.789816e+02	 
 -3.385320e-03	 1.283231e+00	 -8.308191e-01	 4.162211e-01	 1.503689e+05	 1.507911e+05	 4.222222e+02	 0	 7.001641e+03	 1.357233e-01	 1.356664e-01	 5.778125e+02	 5.789816e+02	 
 -3.385320e-03	 1.283231e+00	 -8.308191e-01	 4.162211e-01	 1.503689e+05	 1.507911e+05	 4.222222e+02	 0	 7.001641e+03	 1.357233e-01	 1.356664e-01	 5.778125e+02	 5.789816e+02	 
 -3.385320e-03	 1.283231e+00	 -8.308191e-01	 4.162211e-01	 1.503689e+05	 1.507911e+05	 4.222222e+02	 0	 7.001641e+03	 1.357233e-01	 1.356664e-01	 5.778125e+02	 5.789816e+02	 
 -3.385320e-03	 1.283231e+00	 -8.308191e-01	 4.162211e-01	 1.503689e+05	 1.507911e+05	 4.222222e+02	 0	 7.001641e+03	 1.357233e-01	 1.356664e-01	 5.778125e+02	 5.789816e+02	 
 -3.385320e-03	 1.283231e+00	 -8.308191e-01	 4.162211e-01	 1.503689e+05	 1.507911e+05	 4.222222e+02	 0	 7.001641e+03	 1.357233e-01	 1.356664e-01	 5.778125e+02	 5.789816e+02	 
 -3.385320e-03	 1.283231e+00	 -8.308191e-01	 4.162211e-01	 1.503689e+05	 1.507911e+05	 4.222222e+02	 0	 7.001641e+03	 1.357233e-01	 1.356664e-01	 5.778125e+02	 5.789816e+02	 
 -3.385320e-03	 1.283231e+00	 -8.308191e-01	 4.162211e-01	 1.503689e+05	 1.507911e+05	 4.222222e+02	 0	 7.001641e+03	 1.357233e-01	 1.356664e-01	 5.778125e+02	 5.789816e+02	 
 3.391005e-04	 7.902617e-01	 1.895994e-01	 9.261092e-02	 1.387924e+05	 1.387615e+05	 3.087539e+01	 1	 2.778936e+03	 7.311156e-02	 3.899850e+01	 3.951862e+02	 6.450860e+02	 
 3.391005e-04	 7.902617e-01	 1.895994e-01	 9.261092e-02	 1.387924e+05	 1.387615e+05	 3.087539e+01	 1	 2.778936e+03	 7.311156e-02	 3.899850e+01	 3.951862e+02	 6.450860e+02	 
 3.391005e-04	 7.902617e-01	 1.895994e-01	 9.261092e-02	 1.387924e+05	 1.387615e+05	 3.087539e+01	 1	 2.778936e+03	 7.311156e-02	 3.899850e+01	 3.951862e+02	 6.450860e+02	 
 3.391005e-04	 7.902617e-01	 1.895994e-01	 9.261092e-02	 1.387924e+05	 1.387615e+05	 3.087539e+01	 1	 2.778936e+03	 7.311156e-02	 3.899850e+01	 3.951862e+02	 6.450860e+02	 
 3.391005e-04	 7.902617e-01	 1.895994e-01	 9.261092e-02	 1.387924e+05	 1.387615e+05	 3.087539e+01	 1	 2.778936e+03	 7.311156e-02	 3.899850e+01	 3.951862e+02	 6.450860e+02	 
 3.391005e-04	 7.902617e-01	 1.895994e-01	 9.261092e-02	 1.387924e+05	 1.387615e+05	 3.087539e+01	 1	 2.778936e+03	 7.311156e-02	 3.899850e+01	 3.951862e+02	 6.450860e+02	 
 -5.367363e-03	 -2.702029e-01	 4.622260e-01	 5.966294e-01	 9.967121e+04	 1.001080e+05	 4.368238e+02	 0	 1.078626e+03	 2.175034e-01	 2.174104e-01	 2.819289e+02	 1.892264e+02	 
 -5.367363e-03	 -2.702029e-01	 4.622260e-01	 5.966294e-01	 9.967121e+04	 1.001080e+05	 4.368238e+02	 0	 1.078626e+03	 2.175034e-01	 2.174104e-01	 2.819289e+02	 1.892264e+02	 
 -5.367363e-03	 -2.702029e-01	 4.622260e-01	 5.966294e-01	 9.967121e+04	 1.001080e+05	 4.368238e+02	 0	 1.078626e+03	 2.175034e-01	 2.174104e-01	 2.819289e+02	 1.892264e+02	 
 -5.367363e-03	 -2.702029e-01	 4.622260e-01	 5.966294e-01	 9.967121e+04	 1.001080e+05	 4.368238e+02	 0	 1.078626e+03	 2.175034e-01	 2.174104e-01	 2.819289e+02	 1.892264e+02	 
 -5.367363e-03	 -2.702029e-01	 4.622260e-01	 5.966294e-01	 9.967121e+04	 1.001080e+05	 4.368238e+02	 0	 1.078626e+03	 2.175034e-01	 2.174104e-01	 2.819289e+02	 1.892264e+02	 
 -5.367363e-03	 -2.702029e-01	 4.622260e-01	 5.966294e-01	 9.967121e+04	 1.001080e+05	 4.368238e+02	 0	 1.078626e+03	 2.175034e-01	 2.174104e-01	 2.819289e+02	 1.892264e+02	 
 -5.367363e-03	 -2.702029e-01	 4.622260e-01	 5.966294e-01	 9.967121e+04	 1.001080e+05	 4.368238e+02	 0	 1.078626e+03	 2.175034e-01	 2.174104e-01	 2.819289e+02	 1.892264e+02	 
 -5.367363e-03	 -2.702029e-01	 4.622260e-01	 5.966294e-01	 9.967121e+04	 1.001080e+05	 4.368238e+02	 0	 1.078626e+03	 2.175034e-01	 2.174104e-01	 2.819289e+02	 1.892264e+02	 
 -5.367363e-03	 -2.702029e-01	 4.622260e-01	 5.966294e-01	 9.967121e+04	 1.001080e+05	 4.368238e+02	 0	 1.078626e+03	 2.175034e-01	 2.174104e-01	 2.819289e+02	 1.892264e+02	 
 -5.367363e-03	 -2.702029e-01	 4.622260e-01	 5.966294e-01	 9.967121e+04	 1.001080e+05	 4.368238e+02	 0	 1.078626e+03	 2.175034e-01	 2.174104e-01	 2.819289e+02	 1.892264e+02	 
 -5.367363e-03	 -2.702029e-01	 4.622260e-01	 5.966294e-01	 9.967121e+04	 1.001080e+05	 4.368238e+02	 0	 1.078626e+03	 2.175034e-01	 2.174104e-01	 2.819289e+02	 1.892264e+02	 
 -5.367363e-03	 -2.702029e-01	 4.622260e-01	 5.966294e-01	 9.967121e+04	 1.001080e+05	 4.368238e+02	 0	 1.078626e+03	 2.175034e-01	 2.174104e-01	 2.819289e+02	 1.892264e+02	 
 3.391005e-04	 7.902617e-01	 1.895994e-01	 9.261092e-02	 1.387924e+05	 1.387615e+05	 3.087539e+01	 1	 2.778936e+03	 7.311156e-02	 3.899850e+01	 3.951862e+02	 6.450860e+02	 
 3.391005e-04	 7.902617e-01	 1.895994e-01	 9.261092e-02	 1.387924e+05	 1.387615e+05	 3.087539e+01	 1	 2.778936e+03	 7.311156e-02	 3.899850e+01	 3.951862e+02	 6.450860e+02	 
 3.391005e-04	 7.902617e-01	 1.895994e-01	 9.261092e-02	 1.387924e+05	 1.387615e+05	 3.087539e+01	 1	 2.778936e+03	 7.311156e-02	 3.899850e+01	 3.951862e+02	 6.450860e+02	 
 3.391005e-04	 7.902617e-01	 1.895994e-01	 9.261092e-02	 1.387924e+05	 1.387615e+05	 3.087539e+01	 1	 2.778936e+03	 7.311156e-02	 3.899850e+01	 3.951862e+02	 6.450860e+02	 
 3.391005e-04	 7.902617e-01	 1.895994e-01	 9.261092e-02	 1.387924e+05	 1.387615e+05	 3.087539e+01	 1	 2.778936e+03	 7.311156e-02	 3.899850e+01	 3.951862e+02	 6.450860e+02	 
 3.391005e-04	 7.902617e-01	 1.895994e-01	 9.261092e-02	 1.387924e+05	 1.387615e+05	 3.087539e+01	 1	 2.778936e+03	 7.311156e-02	 3.899850e+01	 3.951862e+02	 6.450860e+02	 
 -4.379510e-04	 7.226660e-01	 -6.153881e-02	 3.008866e-01	 4.456831e+04	 4.457782e+04	 9.508566e+00	 0	 2.280384e+04	 4.182932e-02	 4.043545e-02	 1.312135e+01	 1.867250e+00	 
 -4.379510e-04	 7.226660e-01	 -6.153881e-02	 3.008866e-01	 4.456831e+04	 4.457782e+04	 9.508566e+00	 0	 2.280384e+04	 4.182932e-02	 4.043545e-02	 1.312135e+01	 1.867250e+00	 
 -4.379510e-04	 7.226660e-01	 -6.153881e-02	 3.008866e-01	 4.456831e+04	 4.457782e+04	 9.508566e+00	 0	 2.280384e+04	 4.182932e-02	 4.043545e-02	 1.312135e+01	 1.867250e+00	 
 -4.379510e-04	 7.226660e-01	 -6.153881e-02	 3.008866e-01	 4.456831e+04	 4.457782e+04	 9.508566e+00	 0	 2.280384e+04	 4.182932e-02	 4.043545e-02	 1.312135e+01	 1.867250e+00	 
 -4.379510e-04	 7.226660e-01	 -6.153881e-02	 3.008866e-01	 4.456831e+04	 4.457782e+04	 9.508566e+00	 0	 2.280384e+04	 4.182932e-02	 4.043545e-02	 1.312135e+01	 1.867250e+00	 
 -4.379510e-04	 7.226660e-01	 -6.153881e-02	 3.008866e-01	 4.456831e+04	 4.457782e+04	 9.508566e+00	 0	 2.280384e+04	 4.182932e-02	 4.043545e-02	 1.312135e+01	 1.867250e+00	 
 -4.379510e-04	 7.226660e-01	 -6.153881e-02	 3.008866e-01	 4.456831e+04	 4.457782e+04	 9.508566e+00	 0	 2.280384e+04	 4.182932e-02	 4.043545e-02	 1.312135e+01	 1.867250e+00	 
 -4.379510e-04	 7.226660e-01	 -6.153881e-02	 3.008866e-01	 4.456831e+04	 4.457782e+04	 9.508566e+00	 0	 2.280384e+04	 4.182932e-02	 4.043545e-02	 1.312135e+01	 1.867250e+00	 
 -4.379510e-04	 7.226660e-01	 -6.153881e-02	 3.008866e-01	 4.456831e+04	 4.457782e+04	 9.508566e+00	 0	 2.280384e+04	 4.182932e-02	 4.043545e-02	 1.312135e+01	 1.867250e+00	 
 -4.379510e-04	 7.226660e-01	 -6.153881e-02	 3.008866e-01	 4.456831e+04	 4.457782e+04	 9.508566e+00	 0	 2.280384e+04	 4.182932e-02	 4.043545e-02	 1.312135e+01	 1.867250e+00	 
 -4.379510e-04	 7.226660e-01	 -6.153881e-02	 3.008866e-01	 4.456831e+04	 4.457782e+04	 9.508566e+00	 0	 2.280384e+04	 4.182932e-02	 4.043545e-02	 1.312135e+01	 1.867250e+00	 
 -4.379510e-04	 7.226660e-01	 -6.153881e-02	 3.008866e-01	 4.456831e+04	 4.457782e+04	 9.508566e+00	 0	 2.280384e+04	 4.182932e-02	 4.043545e-02	 1.312135e+01	 1.867250e+00	 
 3.391005e-04	 7.902617e-01	 1.895994e-01	 9.261092e-02	 1.387924e+05	 1.387615e+05	 3.087539e+01	 1	 2.778936e+03	 7.311156e-02	 3.899850e+01	 3.951862e+02	 6.450860e+02	 
 3.391005e-04	 7.902617e-01	 1.895994e-01	 9.261092e-02	 1.387924e+05	 1.387615e+05	 3.087539e+01	 1	 2.778936e+03	 7.311156e-02	 3.899850e+01	 3.951862e+02	 6.450860e+02	 
 3.391005e-04	 7.902617e-01	 1.895994e-01	 9.261092e-02	 1.387924e+05	 1.387615e+05	 3.087539e+01	 1	 2.778936e+03	 7.311156e-02	 3.899850e+01	 3.951862e+02	 6.450860e+02	 
 3.391005e-04	 7.902617e-01	 1.895994e-01	 9.261092e-02	 1.387924e+05	 1.387615e+05	 3.087539e+01	 1	 2.778936e+03	 7.311156e-02	 3.899850e+01	 3.951862e+02	 6.450860e+02	 
 3.391005e-04	 7.902617e-01	 1.895994e-01	 9.261092e-02	 1.387924e+05	 1.387615e+05	 3.087539e+01	 1	 2.778936e+03	 7.311156e-02	 3.899850e+01	 3.951862e+02	 6.450860e+02	 
 3.391005e-04	 7.902617e-01	 1.895994e-01	 9.261092e-02	 1.387924e+05	 1.387615e+05	 3.087539e+01	 1	 2.778936e+03	 7.311156e-02	 3.899850e+01	 3.951862e+02	 6.450860e+02	 
 2.979891e-04	 7.897981e-01	 1.896861e-01	 9.286003e-02	 1.387881e+05	 1.387615e+05	 2.655654e+01	 1	 2.778786e+03	 7.293525e-02	 3.856092e+01	 3.955429e+02	 6.459299e+02	 
 2.979891e-04	 7.897981e-01	 1.896861e-01	 9.286003e-02	 1.387881e+05	 1.387615e+05	 2.655654e+01	 1	 2.778786e+03	 7.293525e-02	 3.856092e+01	 3.955429e+02	 6.459299e+02	 
 2.979891e-04	 7.897981e-01	 1.896861e-01	 9.286003e-02	 1.387881e+05	 1.387615e+05	 2.655654e+01	 1	 2.778786e+03	 7.293525e-02	 3.856092e+01	 3.955429e+02	 6.459299e+02	 
 2.979891e-04	 7.897981e-01	 1.896861e-01	 9.286003e-02	 1.387881e+05	 1.387615e+05	 2.655654e+01	 1	 2.778786e+03	 7.293525e-02	 3.856092e+01	 3.955429e+02	 6.459299e+02	 
 2.979891e-04	 7.897981e-01	 1.896861e-01	 9.286003e-02	 1.387881e+05	 1.387615e+05	 2.655654e+01	 1	 2.778786e+03	 7.293525e-02	 3.856092e+01	 3.955429e+02	 6.459299e+02	 
 2.979891e-04	 7.897981e-01	 1.896861e-01	 9.286003e-02	 1.387881e+05	 1.387615e+05	 2.655654e+01	 1	 2.778786e+03	 7.293525e-02	 3.856092e+01	 3.955429e+02	 6.459299e+02	 
 2.787800e-04	 7.903294e-01	 1.875429e-01	 9.384911e-02	 1.387864e+05	 1.387615e+05	 2.488644e+01	 1	 2.772874e+03	 7.228578e-02	 3.672938e+01	 3.955550e+02	 6.454201e+02	 
 2.787800e-04	 7.903294e-01	 1.875429e-01	 9.384911e-02	 1.387864e+05	 1.387615e+05	 2.488644e+01	 1	 2.772874e+03	 7.228578e-02	 3.672938e+01	 3.955550e+02	 6.454201e+02	 
 2.787800e-04	 7.903294e-01	 1.875429e-01	 9.384911e-02	 1.387864e+05	 1.387615e+05	 2.488644e+01	 1	 2.772874e+03	 7.228578e-02	 3.672938e+01	 3.955550e+02	 6.454201e+02	 
 2.787800e-04	 7.903294e-01	 1.875429e-01	 9.384911e-02	 1.387864e+05	 1.387615e+05	 2.488644e+01	 1	 2.772874e+03	 7.228578e-02	 3.672938e+01	 3.955550e+02	 6.454201e+02	 
 2.787800e-04	 7.903294e-01	 1.875429e-01	 9.384911e-02	 1.387864e+05	 1.387615e+05	 2.488644e+01	 1	 2.772874e+03	 7.228578e-02	 3.672938e+01	 3.955550e+02	 6.454201e+02	 
 2.787800e-04	 7.903294e-01	 1.875429e-01	 9.384911e-02	 1.387864e+05	 1.387615e+05	 2.488644e+01	 1	 2.772874e+03	 7.228578e-02	 3.672938e+01	 3.955550e+02	 6.454201e+02	 
 