1.053617e-03	 3.757983e-01	 4.250071e-01	 1.791163e-01	 4.004735e+01	 7.247616e+00	 
 5.064854e-04	 3.809974e-01	 4.158288e-01	 1.836078e-01	 4.003857e+01	 7.232592e+00	 
 7.279802e-05	 3.880013e-01	 4.064963e-01	 1.864682e-01	 4.002940e+01	 7.216909e+00	 
 5.024284e-04	 2.541949e-01	 3.549289e-01	 3.732496e-01	 1.719982e+01	 1.010072e+01	 
 5.362628e-04	 2.507628e-01	 3.625445e-01	 3.673084e-01	 1.717860e+01	 9.953892e+00	 
 5.437893e-04	 2.505606e-01	 3.646873e-01	 3.646875e-01	 1.717019e+01	 9.887843e+00	 
 5.452039e-04	 2.508148e-01	 3.653221e-01	 3.635202e-01	 1.716669e+01	 9.856385e+00	 
 5.453601e-04	 2.510227e-01	 3.655348e-01	 3.629764e-01	 1.716512e+01	 9.841019e+00	 
 5.453066e-04	 2.511456e-01	 3.656159e-01	 3.627147e-01	 1.716438e+01	 9.833423e+00	 
 5.452478e-04	 2.512117e-01	 3.656502e-01	 3.625865e-01	 1.716402e+01	 9.829647e+00	 
 5.452105e-04	 2.512458e-01	 3.656659e-01	 3.625230e-01	 1.716385e+01	 9.827764e+00	 
 5.451899e-04	 2.512631e-01	 3.656733e-01	 3.624914e-01	 1.716376e+01	 9.826824e+00	 
 5.451883e-04	 2.512644e-01	 3.656739e-01	 3.624891e-01	 1.716375e+01	 9.826754e+00	 
 5.451833e-04	 2.512685e-01	 3.656755e-01	 3.624818e-01	 1.716373e+01	 9.826537e+00	 
 