s	 e	 integralPartic	 alturaRetang	 metadePartic	 maximaPartic	 minimoPArtic	 alturaPartic	 p	 comparativoMet
76	 93	 4.662041e+03	 2.590023e+02	 2.101009e+02	 4.201390e+02	 6.285714e-02	 1.232752e+00	 1	 8.111933e-01	 
 76	 93	 4.662041e+03	 2.590023e+02	 2.101009e+02	 4.201390e+02	 6.285714e-02	 1.232752e+00	 1	 8.111933e-01	 
 76	 93	 4.662041e+03	 2.590023e+02	 2.101009e+02	 4.201390e+02	 6.285714e-02	 1.232752e+00	 1	 8.111933e-01	 
 76	 93	 4.662041e+03	 2.590023e+02	 2.101009e+02	 4.201390e+02	 6.285714e-02	 1.232752e+00	 1	 8.111933e-01	 
 76	 93	 4.662041e+03	 2.590023e+02	 2.101009e+02	 4.201390e+02	 6.285714e-02	 1.232752e+00	 1	 8.111933e-01	 
 76	 93	 4.662041e+03	 2.590023e+02	 2.101009e+02	 4.201390e+02	 6.285714e-02	 1.232752e+00	 1	 8.111933e-01	 
 76	 93	 4.662041e+03	 2.590023e+02	 2.101009e+02	 4.201390e+02	 6.285714e-02	 1.232752e+00	 1	 8.111933e-01	 
 76	 93	 4.662041e+03	 2.590023e+02	 2.101009e+02	 4.201390e+02	 6.285714e-02	 1.232752e+00	 1	 8.111933e-01	 
 76	 93	 4.662041e+03	 2.590023e+02	 2.101009e+02	 4.201390e+02	 6.285714e-02	 1.232752e+00	 1	 8.111933e-01	 
 76	 93	 4.662041e+03	 2.590023e+02	 2.101009e+02	 4.201390e+02	 6.285714e-02	 1.232752e+00	 1	 8.111933e-01	 
 