s	 e	 nS	 nE	 p	 f
0	 0	 0	 0	 0	 0	 
 76	 93	 2040	 99	 1	 -1941	 
 76	 93	 2040	 98	 1	 -1942	 
 76	 93	 2040	 101	 1	 -1939	 
 76	 93	 2040	 96	 1	 -1944	 
 76	 93	 2040	 101	 1	 -1939	 
 76	 93	 2040	 97	 1	 -1943	 
 76	 93	 2040	 98	 1	 -1942	 
 76	 93	 2040	 98	 1	 -1942	 
 76	 93	 2040	 102	 1	 -1938	 
 76	 93	 2040	 96	 1	 -1944	 
 76	 93	 2040	 102	 1	 -1938	 
 76	 93	 2040	 98	 1	 -1942	 
 76	 93	 2040	 98	 1	 -1942	 
 76	 93	 2040	 102	 1	 -1938	 
 76	 93	 2040	 94	 1	 -1946	 
 76	 93	 2040	 98	 1	 -1942	 
 76	 93	 2040	 97	 1	 -1943	 
 76	 93	 2040	 99	 1	 -1941	 
 76	 93	 2040	 100	 1	 -1940	 
 76	 93	 2040	 101	 1	 -1939	 
 76	 93	 2040	 97	 1	 -1943	 
 76	 93	 2040	 100	 1	 -1940	 
 76	 93	 2040	 94	 1	 -1946	 
 76	 93	 2040	 97	 1	 -1943	 
 76	 93	 2040	 99	 1	 -1941	 
 76	 93	 2040	 97	 1	 -1943	 
 76	 93	 2040	 94	 1	 -1946	 
 76	 93	 2040	 102	 1	 -1938	 
 76	 93	 2040	 97	 1	 -1943	 
 76	 93	 2040	 97	 1	 -1943	 
 76	 93	 2040	 101	 1	 -1939	 
 76	 93	 2040	 102	 1	 -1938	 
 76	 93	 2040	 97	 1	 -1943	 
 76	 93	 2040	 100	 1	 -1940	 
 76	 93	 2040	 102	 1	 -1938	 
 76	 93	 2040	 99	 1	 -1941	 
 76	 93	 2040	 96	 1	 -1944	 
 76	 93	 2040	 101	 1	 -1939	 
 76	 93	 2040	 99	 1	 -1941	 
 76	 93	 2040	 97	 1	 -1943	 
 76	 93	 2040	 97	 1	 -1943	 
 76	 93	 2040	 97	 1	 -1943	 
 76	 93	 2040	 94	 1	 -1946	 
 76	 93	 2040	 102	 1	 -1938	 
 76	 93	 2040	 102	 1	 -1938	 
 76	 93	 2040	 99	 1	 -1941	 
 76	 93	 2040	 95	 1	 -1945	 
 76	 93	 2040	 98	 1	 -1942	 
 76	 93	 2040	 101	 1	 -1939	 
 76	 93	 2040	 95	 1	 -1945	 
 76	 93	 2040	 95	 1	 -1945	 
 76	 93	 2040	 95	 1	 -1945	 
 76	 93	 2040	 96	 1	 -1944	 
 76	 93	 2040	 97	 1	 -1943	 
 76	 93	 2040	 100	 1	 -1940	 
 76	 93	 2040	 94	 1	 -1946	 
 76	 93	 2040	 97	 1	 -1943	 
 76	 93	 2040	 96	 1	 -1944	 
 76	 93	 2040	 102	 1	 -1938	 
 76	 93	 2040	 101	 1	 -1939	 
 76	 93	 2040	 100	 1	 -1940	 
 76	 93	 2040	 101	 1	 -1939	 
 76	 93	 2040	 96	 1	 -1944	 
 76	 93	 2040	 97	 1	 -1943	 
 76	 93	 2040	 95	 1	 -1945	 
 76	 93	 2040	 98	 1	 -1942	 
 76	 93	 2040	 99	 1	 -1941	 
 76	 93	 2040	 102	 1	 -1938	 
 76	 93	 2040	 100	 1	 -1940	 
 76	 93	 2040	 94	 1	 -1946	 
 76	 93	 2040	 102	 1	 -1938	 
 76	 93	 2040	 97	 1	 -1943	 
 76	 93	 2040	 95	 1	 -1945	 
 76	 93	 2040	 97	 1	 -1943	 
 76	 93	 2040	 100	 1	 -1940	 
 76	 93	 2040	 100	 1	 -1940	 
 76	 93	 2040	 99	 1	 -1941	 
 76	 93	 2040	 101	 1	 -1939	 
 76	 93	 2040	 97	 1	 -1943	 
 76	 93	 2040	 101	 1	 -1939	 
 76	 93	 2040	 102	 1	 -1938	 
 76	 93	 2040	 96	 1	 -1944	 
 76	 93	 2040	 99	 1	 -1941	 
 76	 93	 2040	 100	 1	 -1940	 
 76	 93	 2040	 101	 1	 -1939	 
 76	 93	 2040	 94	 1	 -1946	 
 76	 93	 2040	 99	 1	 -1941	 
 76	 93	 2040	 95	 1	 -1945	 
 76	 93	 2040	 99	 1	 -1941	 
 76	 93	 2040	 94	 1	 -1946	 
 76	 93	 2040	 94	 1	 -1946	 
 76	 93	 2040	 102	 1	 -1938	 
 76	 93	 2040	 98	 1	 -1942	 
 76	 93	 2040	 95	 1	 -1945	 
 76	 93	 2040	 95	 1	 -1945	 
 76	 93	 2040	 97	 1	 -1943	 
 76	 93	 2040	 98	 1	 -1942	 
 76	 93	 2040	 102	 1	 -1938	 
 76	 93	 2040	 99	 1	 -1941	 
 0	 0	 0	 0	 0	 0	 
 0	 0	 0	 0	 0	 0	 
 76	 93	 2040	 99	 1	 -1941	 
 76	 93	 2040	 100	 1	 -1940	 
 76	 93	 2040	 100	 1	 -1940	 
 76	 93	 2040	 101	 1	 -1939	 
 76	 93	 2040	 100	 1	 -1940	 
 76	 93	 2040	 101	 1	 -1939	 
 76	 93	 2040	 100	 1	 -1940	 
 76	 93	 2040	 101	 1	 -1939	 
 76	 93	 2040	 98	 1	 -1942	 
 76	 93	 2040	 98	 1	 -1942	 
 76	 93	 2040	 96	 1	 -1944	 
 76	 93	 2040	 102	 1	 -1938	 
 76	 93	 2040	 95	 1	 -1945	 
 76	 93	 2040	 98	 1	 -1942	 
 76	 93	 2040	 95	 1	 -1945	 
 76	 93	 2040	 95	 1	 -1945	 
 76	 93	 2040	 99	 1	 -1941	 
 76	 93	 2040	 102	 1	 -1938	 
 76	 93	 2040	 99	 1	 -1941	 
 76	 93	 2040	 96	 1	 -1944	 
 76	 93	 2040	 101	 1	 -1939	 
 76	 93	 2040	 100	 1	 -1940	 
 76	 93	 2040	 96	 1	 -1944	 
 76	 93	 2040	 95	 1	 -1945	 
 76	 93	 2040	 98	 1	 -1942	 
 76	 93	 2040	 101	 1	 -1939	 
 76	 93	 2040	 102	 1	 -1938	 
 76	 93	 2040	 101	 1	 -1939	 
 76	 93	 2040	 95	 1	 -1945	 
 76	 93	 2040	 102	 1	 -1938	 
 76	 93	 2040	 100	 1	 -1940	 
 76	 93	 2040	 96	 1	 -1944	 
 76	 93	 2040	 97	 1	 -1943	 
 76	 93	 2040	 102	 1	 -1938	 
 76	 93	 2040	 98	 1	 -1942	 
 76	 93	 2040	 96	 1	 -1944	 
 76	 93	 2040	 100	 1	 -1940	 
 76	 93	 2040	 97	 1	 -1943	 
 76	 93	 2040	 95	 1	 -1945	 
 76	 93	 2040	 102	 1	 -1938	 
 76	 93	 2040	 96	 1	 -1944	 
 76	 93	 2040	 98	 1	 -1942	 
 76	 93	 2040	 97	 1	 -1943	 
 76	 93	 2040	 97	 1	 -1943	 
 76	 93	 2040	 102	 1	 -1938	 
 76	 93	 2040	 97	 1	 -1943	 
 76	 93	 2040	 97	 1	 -1943	 
 76	 93	 2040	 98	 1	 -1942	 
 76	 93	 2040	 101	 1	 -1939	 
 76	 93	 2040	 100	 1	 -1940	 
 76	 93	 2040	 98	 1	 -1942	 
 76	 93	 2040	 102	 1	 -1938	 
 76	 93	 2040	 100	 1	 -1940	 
 76	 93	 2040	 97	 1	 -1943	 
 76	 93	 2040	 96	 1	 -1944	 
 76	 93	 2040	 100	 1	 -1940	 
 76	 93	 2040	 94	 1	 -1946	 
 76	 93	 2040	 96	 1	 -1944	 
 76	 93	 2040	 95	 1	 -1945	 
 76	 93	 2040	 95	 1	 -1945	 
 76	 93	 2040	 99	 1	 -1941	 
 76	 93	 2040	 101	 1	 -1939	 
 76	 93	 2040	 95	 1	 -1945	 
 76	 93	 2040	 96	 1	 -1944	 
 76	 93	 2040	 96	 1	 -1944	 
 76	 93	 2040	 99	 1	 -1941	 
 76	 93	 2040	 95	 1	 -1945	 
 76	 93	 2040	 102	 1	 -1938	 
 76	 93	 2040	 98	 1	 -1942	 
 76	 93	 2040	 100	 1	 -1940	 
 76	 93	 2040	 95	 1	 -1945	 
 76	 93	 2040	 94	 1	 -1946	 
 76	 93	 2040	 96	 1	 -1944	 
 76	 93	 2040	 95	 1	 -1945	 
 76	 93	 2040	 97	 1	 -1943	 
 76	 93	 2040	 99	 1	 -1941	 
 76	 93	 2040	 100	 1	 -1940	 
 76	 93	 2040	 99	 1	 -1941	 
 76	 93	 2040	 95	 1	 -1945	 
 76	 93	 2040	 102	 1	 -1938	 
 76	 93	 2040	 95	 1	 -1945	 
 76	 93	 2040	 98	 1	 -1942	 
 76	 93	 2040	 100	 1	 -1940	 
 76	 93	 2040	 94	 1	 -1946	 
 76	 93	 2040	 102	 1	 -1938	 
 76	 93	 2040	 100	 1	 -1940	 
 76	 93	 2040	 101	 1	 -1939	 
 76	 93	 2040	 94	 1	 -1946	 
 76	 93	 2040	 96	 1	 -1944	 
 76	 93	 2040	 98	 1	 -1942	 
 76	 93	 2040	 98	 1	 -1942	 
 76	 93	 2040	 96	 1	 -1944	 
 76	 93	 2040	 102	 1	 -1938	 
 76	 93	 2040	 102	 1	 -1938	 
 76	 93	 2040	 94	 1	 -1946	 
 76	 93	 2040	 94	 1	 -1946	 
 76	 93	 2040	 96	 1	 -1944	 
 76	 93	 2040	 99	 1	 -1941	 
 76	 93	 2040	 99	 1	 -1941	 
 0	 0	 0	 0	 0	 0	 
 0	 0	 0	 0	 0	 0	 
 76	 93	 2040	 98	 1	 -1942	 
 76	 93	 2040	 96	 1	 -1944	 
 76	 93	 2040	 95	 1	 -1945	 
 76	 93	 2040	 100	 1	 -1940	 
 76	 93	 2040	 98	 1	 -1942	 
 76	 93	 2040	 96	 1	 -1944	 
 76	 93	 2040	 99	 1	 -1941	 
 76	 93	 2040	 95	 1	 -1945	 
 76	 93	 2040	 96	 1	 -1944	 
 76	 93	 2040	 102	 1	 -1938	 
 76	 93	 2040	 101	 1	 -1939	 
 76	 93	 2040	 98	 1	 -1942	 
 76	 93	 2040	 95	 1	 -1945	 
 76	 93	 2040	 95	 1	 -1945	 
 76	 93	 2040	 94	 1	 -1946	 
 76	 93	 2040	 95	 1	 -1945	 
 76	 93	 2040	 100	 1	 -1940	 
 76	 93	 2040	 94	 1	 -1946	 
 76	 93	 2040	 98	 1	 -1942	 
 76	 93	 2040	 102	 1	 -1938	 
 76	 93	 2040	 94	 1	 -1946	 
 76	 93	 2040	 95	 1	 -1945	 
 76	 93	 2040	 99	 1	 -1941	 
 76	 93	 2040	 101	 1	 -1939	 
 76	 93	 2040	 101	 1	 -1939	 
 76	 93	 2040	 102	 1	 -1938	 
 76	 93	 2040	 99	 1	 -1941	 
 76	 93	 2040	 99	 1	 -1941	 
 76	 93	 2040	 101	 1	 -1939	 
 76	 93	 2040	 94	 1	 -1946	 
 76	 93	 2040	 101	 1	 -1939	 
 76	 93	 2040	 96	 1	 -1944	 
 76	 93	 2040	 94	 1	 -1946	 
 76	 93	 2040	 97	 1	 -1943	 
 76	 93	 2040	 97	 1	 -1943	 
 76	 93	 2040	 95	 1	 -1945	 
 76	 93	 2040	 99	 1	 -1941	 
 76	 93	 2040	 99	 1	 -1941	 
 76	 93	 2040	 97	 1	 -1943	 
 76	 93	 2040	 101	 1	 -1939	 
 76	 93	 2040	 98	 1	 -1942	 
 76	 93	 2040	 101	 1	 -1939	 
 76	 93	 2040	 98	 1	 -1942	 
 76	 93	 2040	 102	 1	 -1938	 
 76	 93	 2040	 97	 1	 -1943	 
 76	 93	 2040	 97	 1	 -1943	 
 76	 93	 2040	 95	 1	 -1945	 
 76	 93	 2040	 94	 1	 -1946	 
 76	 93	 2040	 94	 1	 -1946	 
 76	 93	 2040	 98	 1	 -1942	 
 76	 93	 2040	 94	 1	 -1946	 
 76	 93	 2040	 98	 1	 -1942	 
 76	 93	 2040	 94	 1	 -1946	 
 76	 93	 2040	 94	 1	 -1946	 
 76	 93	 2040	 96	 1	 -1944	 
 76	 93	 2040	 97	 1	 -1943	 
 76	 93	 2040	 101	 1	 -1939	 
 76	 93	 2040	 99	 1	 -1941	 
 76	 93	 2040	 101	 1	 -1939	 
 76	 93	 2040	 100	 1	 -1940	 
 76	 93	 2040	 97	 1	 -1943	 
 76	 93	 2040	 98	 1	 -1942	 
 76	 93	 2040	 98	 1	 -1942	 
 76	 93	 2040	 97	 1	 -1943	 
 76	 93	 2040	 98	 1	 -1942	 
 76	 93	 2040	 98	 1	 -1942	 
 76	 93	 2040	 95	 1	 -1945	 
 76	 93	 2040	 102	 1	 -1938	 
 76	 93	 2040	 96	 1	 -1944	 
 76	 93	 2040	 95	 1	 -1945	 
 76	 93	 2040	 98	 1	 -1942	 
 76	 93	 2040	 99	 1	 -1941	 
 76	 93	 2040	 101	 1	 -1939	 
 76	 93	 2040	 100	 1	 -1940	 
 76	 93	 2040	 95	 1	 -1945	 
 76	 93	 2040	 95	 1	 -1945	 
 76	 93	 2040	 102	 1	 -1938	 
 76	 93	 2040	 96	 1	 -1944	 
 76	 93	 2040	 96	 1	 -1944	 
 76	 93	 2040	 94	 1	 -1946	 
 76	 93	 2040	 98	 1	 -1942	 
 76	 93	 2040	 100	 1	 -1940	 
 76	 93	 2040	 102	 1	 -1938	 
 76	 93	 2040	 99	 1	 -1941	 
 76	 93	 2040	 95	 1	 -1945	 
 76	 93	 2040	 102	 1	 -1938	 
 76	 93	 2040	 98	 1	 -1942	 
 76	 93	 2040	 100	 1	 -1940	 
 76	 93	 2040	 94	 1	 -1946	 
 76	 93	 2040	 94	 1	 -1946	 
 76	 93	 2040	 101	 1	 -1939	 
 76	 93	 2040	 95	 1	 -1945	 
 76	 93	 2040	 99	 1	 -1941	 
 76	 93	 2040	 102	 1	 -1938	 
 76	 93	 2040	 96	 1	 -1944	 
 76	 93	 2040	 94	 1	 -1946	 
 76	 93	 2040	 94	 1	 -1946	 
 76	 93	 2040	 99	 1	 -1941	 
 76	 93	 2040	 98	 1	 -1942	 
 0	 0	 0	 0	 0	 0	 
 0	 0	 0	 0	 0	 0	 
 66	 113	 2040	 119	 0	 -1921	 
 66	 113	 2040	 123	 0	 -1917	 
 66	 113	 2040	 119	 0	 -1921	 
 66	 113	 2040	 134	 0	 -1906	 
 66	 113	 2040	 128	 0	 -1912	 
 66	 113	 2040	 124	 0	 -1916	 
 66	 113	 2040	 121	 0	 -1919	 
 66	 113	 2040	 117	 0	 -1923	 
 66	 113	 2040	 131	 0	 -1909	 
 66	 113	 2040	 135	 0	 -1905	 
 66	 113	 2040	 119	 0	 -1921	 
 66	 113	 2040	 120	 0	 -1920	 
 66	 113	 2040	 119	 0	 -1921	 
 66	 113	 2040	 137	 0	 -1903	 
 66	 113	 2040	 134	 0	 -1906	 
 66	 113	 2040	 115	 0	 -1925	 
 66	 113	 2040	 116	 0	 -1924	 
 66	 113	 2040	 117	 0	 -1923	 
 66	 113	 2040	 135	 0	 -1905	 
 66	 113	 2040	 129	 0	 -1911	 
 66	 113	 2040	 118	 0	 -1922	 
 66	 113	 2040	 128	 0	 -1912	 
 66	 113	 2040	 115	 0	 -1925	 
 66	 113	 2040	 123	 0	 -1917	 
 66	 113	 2040	 118	 0	 -1922	 
 66	 113	 2040	 122	 0	 -1918	 
 66	 113	 2040	 115	 0	 -1925	 
 66	 113	 2040	 122	 0	 -1918	 
 66	 113	 2040	 119	 0	 -1921	 
 66	 113	 2040	 131	 0	 -1909	 
 66	 113	 2040	 114	 0	 -1926	 
 66	 113	 2040	 117	 0	 -1923	 
 66	 113	 2040	 126	 0	 -1914	 
 66	 113	 2040	 132	 0	 -1908	 
 66	 113	 2040	 131	 0	 -1909	 
 66	 113	 2040	 136	 0	 -1904	 
 66	 113	 2040	 122	 0	 -1918	 
 66	 113	 2040	 130	 0	 -1910	 
 66	 113	 2040	 118	 0	 -1922	 
 66	 113	 2040	 117	 0	 -1923	 
 66	 113	 2040	 114	 0	 -1926	 
 66	 113	 2040	 123	 0	 -1917	 
 66	 113	 2040	 137	 0	 -1903	 
 66	 113	 2040	 136	 0	 -1904	 
 66	 113	 2040	 118	 0	 -1922	 
 66	 113	 2040	 126	 0	 -1914	 
 66	 113	 2040	 121	 0	 -1919	 
 66	 113	 2040	 119	 0	 -1921	 
 66	 113	 2040	 120	 0	 -1920	 
 66	 113	 2040	 125	 0	 -1915	 
 66	 113	 2040	 129	 0	 -1911	 
 66	 113	 2040	 125	 0	 -1915	 
 66	 113	 2040	 120	 0	 -1920	 
 66	 113	 2040	 135	 0	 -1905	 
 66	 113	 2040	 130	 0	 -1910	 
 66	 113	 2040	 124	 0	 -1916	 
 66	 113	 2040	 133	 0	 -1907	 
 66	 113	 2040	 118	 0	 -1922	 
 66	 113	 2040	 133	 0	 -1907	 
 66	 113	 2040	 132	 0	 -1908	 
 66	 113	 2040	 135	 0	 -1905	 
 66	 113	 2040	 129	 0	 -1911	 
 66	 113	 2040	 130	 0	 -1910	 
 66	 113	 2040	 119	 0	 -1921	 
 66	 113	 2040	 133	 0	 -1907	 
 66	 113	 2040	 117	 0	 -1923	 
 66	 113	 2040	 133	 0	 -1907	 
 66	 113	 2040	 128	 0	 -1912	 
 66	 113	 2040	 133	 0	 -1907	 
 66	 113	 2040	 114	 0	 -1926	 
 66	 113	 2040	 123	 0	 -1917	 
 66	 113	 2040	 129	 0	 -1911	 
 66	 113	 2040	 132	 0	 -1908	 
 66	 113	 2040	 123	 0	 -1917	 
 66	 113	 2040	 132	 0	 -1908	 
 66	 113	 2040	 125	 0	 -1915	 
 66	 113	 2040	 115	 0	 -1925	 
 66	 113	 2040	 127	 0	 -1913	 
 66	 113	 2040	 136	 0	 -1904	 
 66	 113	 2040	 131	 0	 -1909	 
 66	 113	 2040	 133	 0	 -1907	 
 66	 113	 2040	 133	 0	 -1907	 
 66	 113	 2040	 114	 0	 -1926	 
 66	 113	 2040	 124	 0	 -1916	 
 66	 113	 2040	 123	 0	 -1917	 
 66	 113	 2040	 135	 0	 -1905	 
 66	 113	 2040	 137	 0	 -1903	 
 66	 113	 2040	 119	 0	 -1921	 
 66	 113	 2040	 116	 0	 -1924	 
 66	 113	 2040	 135	 0	 -1905	 
 66	 113	 2040	 126	 0	 -1914	 
 66	 113	 2040	 118	 0	 -1922	 
 66	 113	 2040	 127	 0	 -1913	 
 66	 113	 2040	 122	 0	 -1918	 
 66	 113	 2040	 123	 0	 -1917	 
 66	 113	 2040	 127	 0	 -1913	 
 66	 113	 2040	 114	 0	 -1926	 
 66	 113	 2040	 137	 0	 -1903	 
 66	 113	 2040	 118	 0	 -1922	 
 0	 0	 0	 0	 0	 0	 
 0	 0	 0	 0	 0	 0	 
 76	 93	 2040	 97	 1	 -1943	 
 76	 93	 2040	 95	 1	 -1945	 
 76	 93	 2040	 96	 1	 -1944	 
 76	 93	 2040	 94	 1	 -1946	 
 76	 93	 2040	 95	 1	 -1945	 
 76	 93	 2040	 100	 1	 -1940	 
 76	 93	 2040	 98	 1	 -1942	 
 76	 93	 2040	 102	 1	 -1938	 
 76	 93	 2040	 96	 1	 -1944	 
 76	 93	 2040	 96	 1	 -1944	 
 76	 93	 2040	 94	 1	 -1946	 
 76	 93	 2040	 94	 1	 -1946	 
 76	 93	 2040	 98	 1	 -1942	 
 76	 93	 2040	 100	 1	 -1940	 
 76	 93	 2040	 96	 1	 -1944	 
 76	 93	 2040	 98	 1	 -1942	 
 76	 93	 2040	 100	 1	 -1940	 
 76	 93	 2040	 95	 1	 -1945	 
 76	 93	 2040	 97	 1	 -1943	 
 76	 93	 2040	 95	 1	 -1945	 
 76	 93	 2040	 102	 1	 -1938	 
 76	 93	 2040	 99	 1	 -1941	 
 76	 93	 2040	 100	 1	 -1940	 
 76	 93	 2040	 102	 1	 -1938	 
 76	 93	 2040	 100	 1	 -1940	 
 76	 93	 2040	 101	 1	 -1939	 
 76	 93	 2040	 95	 1	 -1945	 
 76	 93	 2040	 97	 1	 -1943	 
 76	 93	 2040	 99	 1	 -1941	 
 76	 93	 2040	 101	 1	 -1939	 
 76	 93	 2040	 99	 1	 -1941	 
 76	 93	 2040	 101	 1	 -1939	 
 76	 93	 2040	 99	 1	 -1941	 
 76	 93	 2040	 95	 1	 -1945	 
 76	 93	 2040	 96	 1	 -1944	 
 76	 93	 2040	 101	 1	 -1939	 
 76	 93	 2040	 99	 1	 -1941	 
 76	 93	 2040	 98	 1	 -1942	 
 76	 93	 2040	 101	 1	 -1939	 
 76	 93	 2040	 101	 1	 -1939	 
 76	 93	 2040	 99	 1	 -1941	 
 76	 93	 2040	 99	 1	 -1941	 
 76	 93	 2040	 95	 1	 -1945	 
 76	 93	 2040	 101	 1	 -1939	 
 76	 93	 2040	 101	 1	 -1939	 
 76	 93	 2040	 96	 1	 -1944	 
 76	 93	 2040	 96	 1	 -1944	 
 76	 93	 2040	 94	 1	 -1946	 
 76	 93	 2040	 94	 1	 -1946	 
 76	 93	 2040	 96	 1	 -1944	 
 76	 93	 2040	 99	 1	 -1941	 
 76	 93	 2040	 102	 1	 -1938	 
 76	 93	 2040	 100	 1	 -1940	 
 76	 93	 2040	 95	 1	 -1945	 
 76	 93	 2040	 101	 1	 -1939	 
 76	 93	 2040	 100	 1	 -1940	 
 76	 93	 2040	 98	 1	 -1942	 
 76	 93	 2040	 99	 1	 -1941	 
 76	 93	 2040	 100	 1	 -1940	 
 76	 93	 2040	 98	 1	 -1942	 
 76	 93	 2040	 97	 1	 -1943	 
 76	 93	 2040	 94	 1	 -1946	 
 76	 93	 2040	 97	 1	 -1943	 
 76	 93	 2040	 100	 1	 -1940	 
 76	 93	 2040	 102	 1	 -1938	 
 76	 93	 2040	 97	 1	 -1943	 
 76	 93	 2040	 100	 1	 -1940	 
 76	 93	 2040	 102	 1	 -1938	 
 76	 93	 2040	 97	 1	 -1943	 
 76	 93	 2040	 94	 1	 -1946	 
 76	 93	 2040	 99	 1	 -1941	 
 76	 93	 2040	 95	 1	 -1945	 
 76	 93	 2040	 99	 1	 -1941	 
 76	 93	 2040	 102	 1	 -1938	 
 76	 93	 2040	 97	 1	 -1943	 
 76	 93	 2040	 94	 1	 -1946	 
 76	 93	 2040	 95	 1	 -1945	 
 76	 93	 2040	 100	 1	 -1940	 
 76	 93	 2040	 102	 1	 -1938	 
 76	 93	 2040	 96	 1	 -1944	 
 76	 93	 2040	 102	 1	 -1938	 
 76	 93	 2040	 96	 1	 -1944	 
 76	 93	 2040	 100	 1	 -1940	 
 76	 93	 2040	 101	 1	 -1939	 
 76	 93	 2040	 95	 1	 -1945	 
 76	 93	 2040	 95	 1	 -1945	 
 76	 93	 2040	 96	 1	 -1944	 
 76	 93	 2040	 102	 1	 -1938	 
 76	 93	 2040	 94	 1	 -1946	 
 76	 93	 2040	 95	 1	 -1945	 
 76	 93	 2040	 101	 1	 -1939	 
 76	 93	 2040	 94	 1	 -1946	 
 76	 93	 2040	 97	 1	 -1943	 
 76	 93	 2040	 101	 1	 -1939	 
 76	 93	 2040	 100	 1	 -1940	 
 76	 93	 2040	 95	 1	 -1945	 
 76	 93	 2040	 95	 1	 -1945	 
 76	 93	 2040	 100	 1	 -1940	 
 76	 93	 2040	 98	 1	 -1942	 
 0	 0	 0	 0	 0	 0	 
 0	 0	 0	 0	 0	 0	 
 75	 105	 2040	 120	 0	 -1920	 
 75	 105	 2040	 107	 0	 -1933	 
 75	 105	 2040	 108	 0	 -1932	 
 75	 105	 2040	 116	 0	 -1924	 
 75	 105	 2040	 114	 0	 -1926	 
 75	 105	 2040	 106	 0	 -1934	 
 75	 105	 2040	 116	 0	 -1924	 
 75	 105	 2040	 119	 0	 -1921	 
 75	 105	 2040	 115	 0	 -1925	 
 75	 105	 2040	 109	 0	 -1931	 
 75	 105	 2040	 114	 0	 -1926	 
 75	 105	 2040	 108	 0	 -1932	 
 75	 105	 2040	 121	 0	 -1919	 
 75	 105	 2040	 109	 0	 -1931	 
 75	 105	 2040	 116	 0	 -1924	 
 75	 105	 2040	 120	 0	 -1920	 
 75	 105	 2040	 119	 0	 -1921	 
 75	 105	 2040	 108	 0	 -1932	 
 75	 105	 2040	 114	 0	 -1926	 
 75	 105	 2040	 109	 0	 -1931	 
 75	 105	 2040	 106	 0	 -1934	 
 75	 105	 2040	 110	 0	 -1930	 
 75	 105	 2040	 110	 0	 -1930	 
 75	 105	 2040	 107	 0	 -1933	 
 75	 105	 2040	 107	 0	 -1933	 
 75	 105	 2040	 113	 0	 -1927	 
 75	 105	 2040	 107	 0	 -1933	 
 75	 105	 2040	 108	 0	 -1932	 
 75	 105	 2040	 109	 0	 -1931	 
 75	 105	 2040	 114	 0	 -1926	 
 75	 105	 2040	 119	 0	 -1921	 
 75	 105	 2040	 108	 0	 -1932	 
 75	 105	 2040	 117	 0	 -1923	 
 75	 105	 2040	 115	 0	 -1925	 
 75	 105	 2040	 112	 0	 -1928	 
 75	 105	 2040	 115	 0	 -1925	 
 75	 105	 2040	 108	 0	 -1932	 
 75	 105	 2040	 109	 0	 -1931	 
 75	 105	 2040	 112	 0	 -1928	 
 75	 105	 2040	 112	 0	 -1928	 
 75	 105	 2040	 106	 0	 -1934	 
 75	 105	 2040	 112	 0	 -1928	 
 75	 105	 2040	 107	 0	 -1933	 
 75	 105	 2040	 117	 0	 -1923	 
 75	 105	 2040	 109	 0	 -1931	 
 75	 105	 2040	 111	 0	 -1929	 
 75	 105	 2040	 117	 0	 -1923	 
 75	 105	 2040	 118	 0	 -1922	 
 75	 105	 2040	 114	 0	 -1926	 
 75	 105	 2040	 117	 0	 -1923	 
 75	 105	 2040	 114	 0	 -1926	 
 75	 105	 2040	 117	 0	 -1923	 
 75	 105	 2040	 116	 0	 -1924	 
 75	 105	 2040	 121	 0	 -1919	 
 75	 105	 2040	 106	 0	 -1934	 
 75	 105	 2040	 117	 0	 -1923	 
 75	 105	 2040	 120	 0	 -1920	 
 75	 105	 2040	 108	 0	 -1932	 
 75	 105	 2040	 110	 0	 -1930	 
 75	 105	 2040	 113	 0	 -1927	 
 75	 105	 2040	 107	 0	 -1933	 
 75	 105	 2040	 109	 0	 -1931	 
 75	 105	 2040	 117	 0	 -1923	 
 75	 105	 2040	 108	 0	 -1932	 
 75	 105	 2040	 120	 0	 -1920	 
 75	 105	 2040	 112	 0	 -1928	 
 75	 105	 2040	 115	 0	 -1925	 
 75	 105	 2040	 115	 0	 -1925	 
 75	 105	 2040	 116	 0	 -1924	 
 75	 105	 2040	 108	 0	 -1932	 
 75	 105	 2040	 119	 0	 -1921	 
 75	 105	 2040	 112	 0	 -1928	 
 75	 105	 2040	 114	 0	 -1926	 
 75	 105	 2040	 108	 0	 -1932	 
 75	 105	 2040	 119	 0	 -1921	 
 75	 105	 2040	 108	 0	 -1932	 
 75	 105	 2040	 110	 0	 -1930	 
 75	 105	 2040	 114	 0	 -1926	 
 75	 105	 2040	 112	 0	 -1928	 
 75	 105	 2040	 115	 0	 -1925	 
 75	 105	 2040	 116	 0	 -1924	 
 75	 105	 2040	 110	 0	 -1930	 
 75	 105	 2040	 116	 0	 -1924	 
 75	 105	 2040	 119	 0	 -1921	 
 75	 105	 2040	 111	 0	 -1929	 
 75	 105	 2040	 120	 0	 -1920	 
 75	 105	 2040	 109	 0	 -1931	 
 75	 105	 2040	 111	 0	 -1929	 
 75	 105	 2040	 120	 0	 -1920	 
 75	 105	 2040	 110	 0	 -1930	 
 75	 105	 2040	 110	 0	 -1930	 
 75	 105	 2040	 111	 0	 -1929	 
 75	 105	 2040	 109	 0	 -1931	 
 75	 105	 2040	 120	 0	 -1920	 
 75	 105	 2040	 116	 0	 -1924	 
 75	 105	 2040	 114	 0	 -1926	 
 75	 105	 2040	 116	 0	 -1924	 
 75	 105	 2040	 107	 0	 -1933	 
 75	 105	 2040	 115	 0	 -1925	 
 0	 0	 0	 0	 0	 0	 
 0	 0	 0	 0	 0	 0	 
 76	 93	 2040	 98	 1	 -1942	 
 76	 93	 2040	 102	 1	 -1938	 
 76	 93	 2040	 101	 1	 -1939	 
 76	 93	 2040	 97	 1	 -1943	 
 76	 93	 2040	 96	 1	 -1944	 
 76	 93	 2040	 99	 1	 -1941	 
 76	 93	 2040	 101	 1	 -1939	 
 76	 93	 2040	 95	 1	 -1945	 
 76	 93	 2040	 101	 1	 -1939	 
 76	 93	 2040	 94	 1	 -1946	 
 76	 93	 2040	 99	 1	 -1941	 
 76	 93	 2040	 98	 1	 -1942	 
 76	 93	 2040	 99	 1	 -1941	 
 76	 93	 2040	 97	 1	 -1943	 
 76	 93	 2040	 97	 1	 -1943	 
 76	 93	 2040	 99	 1	 -1941	 
 76	 93	 2040	 95	 1	 -1945	 
 76	 93	 2040	 98	 1	 -1942	 
 76	 93	 2040	 97	 1	 -1943	 
 76	 93	 2040	 95	 1	 -1945	 
 76	 93	 2040	 101	 1	 -1939	 
 76	 93	 2040	 96	 1	 -1944	 
 76	 93	 2040	 95	 1	 -1945	 
 76	 93	 2040	 101	 1	 -1939	 
 76	 93	 2040	 100	 1	 -1940	 
 76	 93	 2040	 97	 1	 -1943	 
 76	 93	 2040	 100	 1	 -1940	 
 76	 93	 2040	 95	 1	 -1945	 
 76	 93	 2040	 102	 1	 -1938	 
 76	 93	 2040	 102	 1	 -1938	 
 76	 93	 2040	 95	 1	 -1945	 
 76	 93	 2040	 102	 1	 -1938	 
 76	 93	 2040	 102	 1	 -1938	 
 76	 93	 2040	 100	 1	 -1940	 
 76	 93	 2040	 96	 1	 -1944	 
 76	 93	 2040	 94	 1	 -1946	 
 76	 93	 2040	 97	 1	 -1943	 
 76	 93	 2040	 102	 1	 -1938	 
 76	 93	 2040	 96	 1	 -1944	 
 76	 93	 2040	 98	 1	 -1942	 
 76	 93	 2040	 94	 1	 -1946	 
 76	 93	 2040	 95	 1	 -1945	 
 76	 93	 2040	 100	 1	 -1940	 
 76	 93	 2040	 100	 1	 -1940	 
 76	 93	 2040	 102	 1	 -1938	 
 76	 93	 2040	 95	 1	 -1945	 
 76	 93	 2040	 94	 1	 -1946	 
 76	 93	 2040	 98	 1	 -1942	 
 76	 93	 2040	 101	 1	 -1939	 
 76	 93	 2040	 102	 1	 -1938	 
 76	 93	 2040	 95	 1	 -1945	 
 76	 93	 2040	 101	 1	 -1939	 
 76	 93	 2040	 97	 1	 -1943	 
 76	 93	 2040	 94	 1	 -1946	 
 76	 93	 2040	 97	 1	 -1943	 
 76	 93	 2040	 96	 1	 -1944	 
 76	 93	 2040	 99	 1	 -1941	 
 76	 93	 2040	 97	 1	 -1943	 
 76	 93	 2040	 101	 1	 -1939	 
 76	 93	 2040	 102	 1	 -1938	 
 76	 93	 2040	 97	 1	 -1943	 
 76	 93	 2040	 101	 1	 -1939	 
 76	 93	 2040	 97	 1	 -1943	 
 76	 93	 2040	 97	 1	 -1943	 
 76	 93	 2040	 101	 1	 -1939	 
 76	 93	 2040	 94	 1	 -1946	 
 76	 93	 2040	 96	 1	 -1944	 
 76	 93	 2040	 97	 1	 -1943	 
 76	 93	 2040	 100	 1	 -1940	 
 76	 93	 2040	 102	 1	 -1938	 
 76	 93	 2040	 96	 1	 -1944	 
 76	 93	 2040	 99	 1	 -1941	 
 76	 93	 2040	 102	 1	 -1938	 
 76	 93	 2040	 99	 1	 -1941	 
 76	 93	 2040	 99	 1	 -1941	 
 76	 93	 2040	 98	 1	 -1942	 
 76	 93	 2040	 101	 1	 -1939	 
 76	 93	 2040	 94	 1	 -1946	 
 76	 93	 2040	 100	 1	 -1940	 
 76	 93	 2040	 95	 1	 -1945	 
 76	 93	 2040	 101	 1	 -1939	 
 76	 93	 2040	 97	 1	 -1943	 
 76	 93	 2040	 95	 1	 -1945	 
 76	 93	 2040	 102	 1	 -1938	 
 76	 93	 2040	 97	 1	 -1943	 
 76	 93	 2040	 101	 1	 -1939	 
 76	 93	 2040	 97	 1	 -1943	 
 76	 93	 2040	 96	 1	 -1944	 
 76	 93	 2040	 97	 1	 -1943	 
 76	 93	 2040	 98	 1	 -1942	 
 76	 93	 2040	 99	 1	 -1941	 
 76	 93	 2040	 97	 1	 -1943	 
 76	 93	 2040	 96	 1	 -1944	 
 76	 93	 2040	 95	 1	 -1945	 
 76	 93	 2040	 98	 1	 -1942	 
 76	 93	 2040	 96	 1	 -1944	 
 76	 93	 2040	 101	 1	 -1939	 
 76	 93	 2040	 102	 1	 -1938	 
 76	 93	 2040	 97	 1	 -1943	 
 0	 0	 0	 0	 0	 0	 
 0	 0	 0	 0	 0	 0	 
 62	 104	 2040	 126	 0	 -1914	 
 62	 104	 2040	 120	 0	 -1920	 
 62	 104	 2040	 114	 0	 -1926	 
 62	 104	 2040	 119	 0	 -1921	 
 62	 104	 2040	 106	 0	 -1934	 
 62	 104	 2040	 117	 0	 -1923	 
 62	 104	 2040	 118	 0	 -1922	 
 62	 104	 2040	 106	 0	 -1934	 
 62	 104	 2040	 107	 0	 -1933	 
 62	 104	 2040	 124	 0	 -1916	 
 62	 104	 2040	 118	 0	 -1922	 
 62	 104	 2040	 117	 0	 -1923	 
 62	 104	 2040	 126	 0	 -1914	 
 62	 104	 2040	 114	 0	 -1926	 
 62	 104	 2040	 119	 0	 -1921	 
 62	 104	 2040	 117	 0	 -1923	 
 62	 104	 2040	 126	 0	 -1914	 
 62	 104	 2040	 114	 0	 -1926	 
 62	 104	 2040	 120	 0	 -1920	 
 62	 104	 2040	 114	 0	 -1926	 
 62	 104	 2040	 114	 0	 -1926	 
 62	 104	 2040	 123	 0	 -1917	 
 62	 104	 2040	 112	 0	 -1928	 
 62	 104	 2040	 116	 0	 -1924	 
 62	 104	 2040	 111	 0	 -1929	 
 62	 104	 2040	 116	 0	 -1924	 
 62	 104	 2040	 117	 0	 -1923	 
 62	 104	 2040	 115	 0	 -1925	 
 62	 104	 2040	 109	 0	 -1931	 
 62	 104	 2040	 114	 0	 -1926	 
 62	 104	 2040	 119	 0	 -1921	 
 62	 104	 2040	 122	 0	 -1918	 
 62	 104	 2040	 111	 0	 -1929	 
 62	 104	 2040	 121	 0	 -1919	 
 62	 104	 2040	 125	 0	 -1915	 
 62	 104	 2040	 106	 0	 -1934	 
 62	 104	 2040	 112	 0	 -1928	 
 62	 104	 2040	 118	 0	 -1922	 
 62	 104	 2040	 108	 0	 -1932	 
 62	 104	 2040	 120	 0	 -1920	 
 62	 104	 2040	 111	 0	 -1929	 
 62	 104	 2040	 112	 0	 -1928	 
 62	 104	 2040	 107	 0	 -1933	 
 62	 104	 2040	 114	 0	 -1926	 
 62	 104	 2040	 121	 0	 -1919	 
 62	 104	 2040	 109	 0	 -1931	 
 62	 104	 2040	 122	 0	 -1918	 
 62	 104	 2040	 115	 0	 -1925	 
 62	 104	 2040	 124	 0	 -1916	 
 62	 104	 2040	 117	 0	 -1923	 
 62	 104	 2040	 124	 0	 -1916	 
 62	 104	 2040	 113	 0	 -1927	 
 62	 104	 2040	 120	 0	 -1920	 
 62	 104	 2040	 115	 0	 -1925	 
 62	 104	 2040	 111	 0	 -1929	 
 62	 104	 2040	 113	 0	 -1927	 
 62	 104	 2040	 109	 0	 -1931	 
 62	 104	 2040	 112	 0	 -1928	 
 62	 104	 2040	 109	 0	 -1931	 
 62	 104	 2040	 105	 0	 -1935	 
 62	 104	 2040	 112	 0	 -1928	 
 62	 104	 2040	 121	 0	 -1919	 
 62	 104	 2040	 121	 0	 -1919	 
 62	 104	 2040	 117	 0	 -1923	 
 62	 104	 2040	 117	 0	 -1923	 
 62	 104	 2040	 117	 0	 -1923	 
 62	 104	 2040	 125	 0	 -1915	 
 62	 104	 2040	 107	 0	 -1933	 
 62	 104	 2040	 117	 0	 -1923	 
 62	 104	 2040	 109	 0	 -1931	 
 62	 104	 2040	 105	 0	 -1935	 
 62	 104	 2040	 113	 0	 -1927	 
 62	 104	 2040	 123	 0	 -1917	 
 62	 104	 2040	 108	 0	 -1932	 
 62	 104	 2040	 106	 0	 -1934	 
 62	 104	 2040	 106	 0	 -1934	 
 62	 104	 2040	 108	 0	 -1932	 
 62	 104	 2040	 124	 0	 -1916	 
 62	 104	 2040	 110	 0	 -1930	 
 62	 104	 2040	 113	 0	 -1927	 
 62	 104	 2040	 120	 0	 -1920	 
 62	 104	 2040	 106	 0	 -1934	 
 62	 104	 2040	 106	 0	 -1934	 
 62	 104	 2040	 112	 0	 -1928	 
 62	 104	 2040	 124	 0	 -1916	 
 62	 104	 2040	 119	 0	 -1921	 
 62	 104	 2040	 110	 0	 -1930	 
 62	 104	 2040	 108	 0	 -1932	 
 62	 104	 2040	 115	 0	 -1925	 
 62	 104	 2040	 120	 0	 -1920	 
 62	 104	 2040	 123	 0	 -1917	 
 62	 104	 2040	 111	 0	 -1929	 
 62	 104	 2040	 110	 0	 -1930	 
 62	 104	 2040	 113	 0	 -1927	 
 62	 104	 2040	 114	 0	 -1926	 
 62	 104	 2040	 109	 0	 -1931	 
 62	 104	 2040	 115	 0	 -1925	 
 62	 104	 2040	 116	 0	 -1924	 
 62	 104	 2040	 116	 0	 -1924	 
 0	 0	 0	 0	 0	 0	 
 0	 0	 0	 0	 0	 0	 
 76	 93	 2040	 96	 1	 -1944	 
 76	 93	 2040	 100	 1	 -1940	 
 76	 93	 2040	 94	 1	 -1946	 
 76	 93	 2040	 98	 1	 -1942	 
 76	 93	 2040	 100	 1	 -1940	 
 76	 93	 2040	 97	 1	 -1943	 
 76	 93	 2040	 95	 1	 -1945	 
 76	 93	 2040	 101	 1	 -1939	 
 76	 93	 2040	 100	 1	 -1940	 
 76	 93	 2040	 96	 1	 -1944	 
 76	 93	 2040	 101	 1	 -1939	 
 76	 93	 2040	 101	 1	 -1939	 
 76	 93	 2040	 100	 1	 -1940	 
 76	 93	 2040	 98	 1	 -1942	 
 76	 93	 2040	 102	 1	 -1938	 
 76	 93	 2040	 95	 1	 -1945	 
 76	 93	 2040	 99	 1	 -1941	 
 76	 93	 2040	 99	 1	 -1941	 
 76	 93	 2040	 98	 1	 -1942	 
 76	 93	 2040	 100	 1	 -1940	 
 76	 93	 2040	 97	 1	 -1943	 
 76	 93	 2040	 102	 1	 -1938	 
 76	 93	 2040	 100	 1	 -1940	 
 76	 93	 2040	 102	 1	 -1938	 
 76	 93	 2040	 99	 1	 -1941	 
 76	 93	 2040	 99	 1	 -1941	 
 76	 93	 2040	 98	 1	 -1942	 
 76	 93	 2040	 99	 1	 -1941	 
 76	 93	 2040	 101	 1	 -1939	 
 76	 93	 2040	 99	 1	 -1941	 
 76	 93	 2040	 97	 1	 -1943	 
 76	 93	 2040	 101	 1	 -1939	 
 76	 93	 2040	 94	 1	 -1946	 
 76	 93	 2040	 100	 1	 -1940	 
 76	 93	 2040	 101	 1	 -1939	 
 76	 93	 2040	 100	 1	 -1940	 
 76	 93	 2040	 99	 1	 -1941	 
 76	 93	 2040	 98	 1	 -1942	 
 76	 93	 2040	 95	 1	 -1945	 
 76	 93	 2040	 99	 1	 -1941	 
 76	 93	 2040	 102	 1	 -1938	 
 76	 93	 2040	 98	 1	 -1942	 
 76	 93	 2040	 96	 1	 -1944	 
 76	 93	 2040	 102	 1	 -1938	 
 76	 93	 2040	 100	 1	 -1940	 
 76	 93	 2040	 99	 1	 -1941	 
 76	 93	 2040	 101	 1	 -1939	 
 76	 93	 2040	 100	 1	 -1940	 
 76	 93	 2040	 95	 1	 -1945	 
 76	 93	 2040	 97	 1	 -1943	 
 76	 93	 2040	 96	 1	 -1944	 
 76	 93	 2040	 98	 1	 -1942	 
 76	 93	 2040	 101	 1	 -1939	 
 76	 93	 2040	 94	 1	 -1946	 
 76	 93	 2040	 101	 1	 -1939	 
 76	 93	 2040	 94	 1	 -1946	 
 76	 93	 2040	 98	 1	 -1942	 
 76	 93	 2040	 98	 1	 -1942	 
 76	 93	 2040	 98	 1	 -1942	 
 76	 93	 2040	 98	 1	 -1942	 
 76	 93	 2040	 101	 1	 -1939	 
 76	 93	 2040	 102	 1	 -1938	 
 76	 93	 2040	 94	 1	 -1946	 
 76	 93	 2040	 95	 1	 -1945	 
 76	 93	 2040	 99	 1	 -1941	 
 76	 93	 2040	 102	 1	 -1938	 
 76	 93	 2040	 102	 1	 -1938	 
 76	 93	 2040	 97	 1	 -1943	 
 76	 93	 2040	 94	 1	 -1946	 
 76	 93	 2040	 97	 1	 -1943	 
 76	 93	 2040	 102	 1	 -1938	 
 76	 93	 2040	 100	 1	 -1940	 
 76	 93	 2040	 99	 1	 -1941	 
 76	 93	 2040	 95	 1	 -1945	 
 76	 93	 2040	 100	 1	 -1940	 
 76	 93	 2040	 99	 1	 -1941	 
 76	 93	 2040	 94	 1	 -1946	 
 76	 93	 2040	 94	 1	 -1946	 
 76	 93	 2040	 94	 1	 -1946	 
 76	 93	 2040	 96	 1	 -1944	 
 76	 93	 2040	 101	 1	 -1939	 
 76	 93	 2040	 98	 1	 -1942	 
 76	 93	 2040	 102	 1	 -1938	 
 76	 93	 2040	 98	 1	 -1942	 
 76	 93	 2040	 102	 1	 -1938	 
 76	 93	 2040	 94	 1	 -1946	 
 76	 93	 2040	 100	 1	 -1940	 
 76	 93	 2040	 95	 1	 -1945	 
 76	 93	 2040	 99	 1	 -1941	 
 76	 93	 2040	 101	 1	 -1939	 
 76	 93	 2040	 100	 1	 -1940	 
 76	 93	 2040	 100	 1	 -1940	 
 76	 93	 2040	 99	 1	 -1941	 
 76	 93	 2040	 98	 1	 -1942	 
 76	 93	 2040	 102	 1	 -1938	 
 76	 93	 2040	 96	 1	 -1944	 
 76	 93	 2040	 95	 1	 -1945	 
 76	 93	 2040	 100	 1	 -1940	 
 76	 93	 2040	 95	 1	 -1945	 
 0	 0	 0	 0	 0	 0	 
 0	 0	 0	 0	 0	 0	 
 65	 115	 2040	 140	 0	 -1900	 
 65	 115	 2040	 140	 0	 -1900	 
 65	 115	 2040	 127	 0	 -1913	 
 65	 115	 2040	 125	 0	 -1915	 
 65	 115	 2040	 120	 0	 -1920	 
 65	 115	 2040	 121	 0	 -1919	 
 65	 115	 2040	 132	 0	 -1908	 
 65	 115	 2040	 117	 0	 -1923	 
 65	 115	 2040	 118	 0	 -1922	 
 65	 115	 2040	 139	 0	 -1901	 
 65	 115	 2040	 133	 0	 -1907	 
 65	 115	 2040	 127	 0	 -1913	 
 65	 115	 2040	 127	 0	 -1913	 
 65	 115	 2040	 140	 0	 -1900	 
 65	 115	 2040	 136	 0	 -1904	 
 65	 115	 2040	 131	 0	 -1909	 
 65	 115	 2040	 124	 0	 -1916	 
 65	 115	 2040	 117	 0	 -1923	 
 65	 115	 2040	 125	 0	 -1915	 
 65	 115	 2040	 127	 0	 -1913	 
 65	 115	 2040	 116	 0	 -1924	 
 65	 115	 2040	 119	 0	 -1921	 
 65	 115	 2040	 135	 0	 -1905	 
 65	 115	 2040	 128	 0	 -1912	 
 65	 115	 2040	 125	 0	 -1915	 
 65	 115	 2040	 129	 0	 -1911	 
 65	 115	 2040	 127	 0	 -1913	 
 65	 115	 2040	 135	 0	 -1905	 
 65	 115	 2040	 124	 0	 -1916	 
 65	 115	 2040	 122	 0	 -1918	 
 65	 115	 2040	 130	 0	 -1910	 
 65	 115	 2040	 132	 0	 -1908	 
 65	 115	 2040	 139	 0	 -1901	 
 65	 115	 2040	 120	 0	 -1920	 
 65	 115	 2040	 136	 0	 -1904	 
 65	 115	 2040	 131	 0	 -1909	 
 65	 115	 2040	 121	 0	 -1919	 
 65	 115	 2040	 126	 0	 -1914	 
 65	 115	 2040	 129	 0	 -1911	 
 65	 115	 2040	 139	 0	 -1901	 
 65	 115	 2040	 120	 0	 -1920	 
 65	 115	 2040	 120	 0	 -1920	 
 65	 115	 2040	 139	 0	 -1901	 
 65	 115	 2040	 138	 0	 -1902	 
 65	 115	 2040	 127	 0	 -1913	 
 65	 115	 2040	 132	 0	 -1908	 
 65	 115	 2040	 136	 0	 -1904	 
 65	 115	 2040	 116	 0	 -1924	 
 65	 115	 2040	 140	 0	 -1900	 
 65	 115	 2040	 137	 0	 -1903	 
 65	 115	 2040	 133	 0	 -1907	 
 65	 115	 2040	 139	 0	 -1901	 
 65	 115	 2040	 119	 0	 -1921	 
 65	 115	 2040	 130	 0	 -1910	 
 65	 115	 2040	 118	 0	 -1922	 
 65	 115	 2040	 130	 0	 -1910	 
 65	 115	 2040	 121	 0	 -1919	 
 65	 115	 2040	 116	 0	 -1924	 
 65	 115	 2040	 140	 0	 -1900	 
 65	 115	 2040	 124	 0	 -1916	 
 65	 115	 2040	 122	 0	 -1918	 
 65	 115	 2040	 121	 0	 -1919	 
 65	 115	 2040	 123	 0	 -1917	 
 65	 115	 2040	 122	 0	 -1918	 
 65	 115	 2040	 116	 0	 -1924	 
 65	 115	 2040	 139	 0	 -1901	 
 65	 115	 2040	 133	 0	 -1907	 
 65	 115	 2040	 126	 0	 -1914	 
 65	 115	 2040	 121	 0	 -1919	 
 65	 115	 2040	 130	 0	 -1910	 
 65	 115	 2040	 121	 0	 -1919	 
 65	 115	 2040	 119	 0	 -1921	 
 65	 115	 2040	 132	 0	 -1908	 
 65	 115	 2040	 129	 0	 -1911	 
 65	 115	 2040	 133	 0	 -1907	 
 65	 115	 2040	 133	 0	 -1907	 
 65	 115	 2040	 117	 0	 -1923	 
 65	 115	 2040	 119	 0	 -1921	 
 65	 115	 2040	 130	 0	 -1910	 
 65	 115	 2040	 127	 0	 -1913	 
 65	 115	 2040	 135	 0	 -1905	 
 65	 115	 2040	 122	 0	 -1918	 
 65	 115	 2040	 117	 0	 -1923	 
 65	 115	 2040	 126	 0	 -1914	 
 65	 115	 2040	 140	 0	 -1900	 
 65	 115	 2040	 123	 0	 -1917	 
 65	 115	 2040	 121	 0	 -1919	 
 65	 115	 2040	 117	 0	 -1923	 
 65	 115	 2040	 133	 0	 -1907	 
 65	 115	 2040	 137	 0	 -1903	 
 65	 115	 2040	 126	 0	 -1914	 
 65	 115	 2040	 129	 0	 -1911	 
 65	 115	 2040	 117	 0	 -1923	 
 65	 115	 2040	 137	 0	 -1903	 
 65	 115	 2040	 118	 0	 -1922	 
 65	 115	 2040	 116	 0	 -1924	 
 65	 115	 2040	 139	 0	 -1901	 
 65	 115	 2040	 139	 0	 -1901	 
 65	 115	 2040	 127	 0	 -1913	 
 0	 0	 0	 0	 0	 0	 
 0	 0	 0	 0	 0	 0	 
 76	 93	 2040	 98	 1	 -1942	 
 76	 93	 2040	 98	 1	 -1942	 
 76	 93	 2040	 99	 1	 -1941	 
 76	 93	 2040	 99	 1	 -1941	 
 76	 93	 2040	 97	 1	 -1943	 
 76	 93	 2040	 99	 1	 -1941	 
 76	 93	 2040	 102	 1	 -1938	 
 76	 93	 2040	 94	 1	 -1946	 
 76	 93	 2040	 99	 1	 -1941	 
 76	 93	 2040	 100	 1	 -1940	 
 76	 93	 2040	 94	 1	 -1946	 
 76	 93	 2040	 101	 1	 -1939	 
 76	 93	 2040	 97	 1	 -1943	 
 76	 93	 2040	 94	 1	 -1946	 
 76	 93	 2040	 94	 1	 -1946	 
 76	 93	 2040	 102	 1	 -1938	 
 76	 93	 2040	 98	 1	 -1942	 
 76	 93	 2040	 102	 1	 -1938	 
 76	 93	 2040	 101	 1	 -1939	 
 76	 93	 2040	 101	 1	 -1939	 
 76	 93	 2040	 95	 1	 -1945	 
 76	 93	 2040	 100	 1	 -1940	 
 76	 93	 2040	 94	 1	 -1946	 
 76	 93	 2040	 102	 1	 -1938	 
 76	 93	 2040	 95	 1	 -1945	 
 76	 93	 2040	 96	 1	 -1944	 
 76	 93	 2040	 101	 1	 -1939	 
 76	 93	 2040	 99	 1	 -1941	 
 76	 93	 2040	 96	 1	 -1944	 
 76	 93	 2040	 98	 1	 -1942	 
 76	 93	 2040	 97	 1	 -1943	 
 76	 93	 2040	 101	 1	 -1939	 
 76	 93	 2040	 99	 1	 -1941	 
 76	 93	 2040	 97	 1	 -1943	 
 76	 93	 2040	 96	 1	 -1944	 
 76	 93	 2040	 101	 1	 -1939	 
 76	 93	 2040	 99	 1	 -1941	 
 76	 93	 2040	 94	 1	 -1946	 
 76	 93	 2040	 96	 1	 -1944	 
 76	 93	 2040	 97	 1	 -1943	 
 76	 93	 2040	 99	 1	 -1941	 
 76	 93	 2040	 97	 1	 -1943	 
 76	 93	 2040	 95	 1	 -1945	 
 76	 93	 2040	 95	 1	 -1945	 
 76	 93	 2040	 98	 1	 -1942	 
 76	 93	 2040	 100	 1	 -1940	 
 76	 93	 2040	 101	 1	 -1939	 
 76	 93	 2040	 95	 1	 -1945	 
 76	 93	 2040	 102	 1	 -1938	 
 76	 93	 2040	 102	 1	 -1938	 
 76	 93	 2040	 95	 1	 -1945	 
 76	 93	 2040	 96	 1	 -1944	 
 76	 93	 2040	 94	 1	 -1946	 
 76	 93	 2040	 101	 1	 -1939	 
 76	 93	 2040	 102	 1	 -1938	 
 76	 93	 2040	 101	 1	 -1939	 
 76	 93	 2040	 98	 1	 -1942	 
 76	 93	 2040	 96	 1	 -1944	 
 76	 93	 2040	 97	 1	 -1943	 
 76	 93	 2040	 94	 1	 -1946	 
 76	 93	 2040	 102	 1	 -1938	 
 76	 93	 2040	 97	 1	 -1943	 
 76	 93	 2040	 102	 1	 -1938	 
 76	 93	 2040	 100	 1	 -1940	 
 76	 93	 2040	 102	 1	 -1938	 
 76	 93	 2040	 102	 1	 -1938	 
 76	 93	 2040	 100	 1	 -1940	 
 76	 93	 2040	 101	 1	 -1939	 
 76	 93	 2040	 101	 1	 -1939	 
 76	 93	 2040	 101	 1	 -1939	 
 76	 93	 2040	 96	 1	 -1944	 
 76	 93	 2040	 100	 1	 -1940	 
 76	 93	 2040	 102	 1	 -1938	 
 76	 93	 2040	 102	 1	 -1938	 
 76	 93	 2040	 98	 1	 -1942	 
 76	 93	 2040	 100	 1	 -1940	 
 76	 93	 2040	 99	 1	 -1941	 
 76	 93	 2040	 99	 1	 -1941	 
 76	 93	 2040	 101	 1	 -1939	 
 76	 93	 2040	 100	 1	 -1940	 
 76	 93	 2040	 100	 1	 -1940	 
 76	 93	 2040	 100	 1	 -1940	 
 76	 93	 2040	 101	 1	 -1939	 
 76	 93	 2040	 102	 1	 -1938	 
 76	 93	 2040	 97	 1	 -1943	 
 76	 93	 2040	 98	 1	 -1942	 
 76	 93	 2040	 98	 1	 -1942	 
 76	 93	 2040	 94	 1	 -1946	 
 76	 93	 2040	 100	 1	 -1940	 
 76	 93	 2040	 100	 1	 -1940	 
 76	 93	 2040	 97	 1	 -1943	 
 76	 93	 2040	 100	 1	 -1940	 
 76	 93	 2040	 99	 1	 -1941	 
 76	 93	 2040	 94	 1	 -1946	 
 76	 93	 2040	 102	 1	 -1938	 
 76	 93	 2040	 96	 1	 -1944	 
 76	 93	 2040	 98	 1	 -1942	 
 76	 93	 2040	 101	 1	 -1939	 
 76	 93	 2040	 95	 1	 -1945	 
 0	 0	 0	 0	 0	 0	 
 0	 0	 0	 0	 0	 0	 
 76	 93	 2040	 99	 1	 -1941	 
 76	 93	 2040	 94	 1	 -1946	 
 76	 93	 2040	 96	 1	 -1944	 
 76	 93	 2040	 99	 1	 -1941	 
 76	 93	 2040	 97	 1	 -1943	 
 76	 93	 2040	 100	 1	 -1940	 
 76	 93	 2040	 102	 1	 -1938	 
 76	 93	 2040	 95	 1	 -1945	 
 76	 93	 2040	 97	 1	 -1943	 
 76	 93	 2040	 102	 1	 -1938	 
 76	 93	 2040	 99	 1	 -1941	 
 76	 93	 2040	 102	 1	 -1938	 
 76	 93	 2040	 99	 1	 -1941	 
 76	 93	 2040	 99	 1	 -1941	 
 76	 93	 2040	 97	 1	 -1943	 
 76	 93	 2040	 96	 1	 -1944	 
 76	 93	 2040	 98	 1	 -1942	 
 76	 93	 2040	 97	 1	 -1943	 
 76	 93	 2040	 102	 1	 -1938	 
 76	 93	 2040	 102	 1	 -1938	 
 76	 93	 2040	 99	 1	 -1941	 
 76	 93	 2040	 97	 1	 -1943	 
 76	 93	 2040	 101	 1	 -1939	 
 76	 93	 2040	 94	 1	 -1946	 
 76	 93	 2040	 97	 1	 -1943	 
 76	 93	 2040	 100	 1	 -1940	 
 76	 93	 2040	 99	 1	 -1941	 
 76	 93	 2040	 95	 1	 -1945	 
 76	 93	 2040	 96	 1	 -1944	 
 76	 93	 2040	 97	 1	 -1943	 
 76	 93	 2040	 96	 1	 -1944	 
 76	 93	 2040	 94	 1	 -1946	 
 76	 93	 2040	 96	 1	 -1944	 
 76	 93	 2040	 96	 1	 -1944	 
 76	 93	 2040	 102	 1	 -1938	 
 76	 93	 2040	 98	 1	 -1942	 
 76	 93	 2040	 95	 1	 -1945	 
 76	 93	 2040	 94	 1	 -1946	 
 76	 93	 2040	 101	 1	 -1939	 
 76	 93	 2040	 94	 1	 -1946	 
 76	 93	 2040	 100	 1	 -1940	 
 76	 93	 2040	 101	 1	 -1939	 
 76	 93	 2040	 94	 1	 -1946	 
 76	 93	 2040	 99	 1	 -1941	 
 76	 93	 2040	 100	 1	 -1940	 
 76	 93	 2040	 96	 1	 -1944	 
 76	 93	 2040	 94	 1	 -1946	 
 76	 93	 2040	 98	 1	 -1942	 
 76	 93	 2040	 97	 1	 -1943	 
 76	 93	 2040	 100	 1	 -1940	 
 76	 93	 2040	 95	 1	 -1945	 
 76	 93	 2040	 98	 1	 -1942	 
 76	 93	 2040	 102	 1	 -1938	 
 76	 93	 2040	 97	 1	 -1943	 
 76	 93	 2040	 94	 1	 -1946	 
 76	 93	 2040	 102	 1	 -1938	 
 76	 93	 2040	 99	 1	 -1941	 
 76	 93	 2040	 98	 1	 -1942	 
 76	 93	 2040	 95	 1	 -1945	 
 76	 93	 2040	 96	 1	 -1944	 
 76	 93	 2040	 97	 1	 -1943	 
 76	 93	 2040	 98	 1	 -1942	 
 76	 93	 2040	 98	 1	 -1942	 
 76	 93	 2040	 96	 1	 -1944	 
 76	 93	 2040	 97	 1	 -1943	 
 76	 93	 2040	 96	 1	 -1944	 
 76	 93	 2040	 97	 1	 -1943	 
 76	 93	 2040	 94	 1	 -1946	 
 76	 93	 2040	 100	 1	 -1940	 
 76	 93	 2040	 95	 1	 -1945	 
 76	 93	 2040	 96	 1	 -1944	 
 76	 93	 2040	 96	 1	 -1944	 
 76	 93	 2040	 95	 1	 -1945	 
 76	 93	 2040	 95	 1	 -1945	 
 76	 93	 2040	 95	 1	 -1945	 
 76	 93	 2040	 100	 1	 -1940	 
 76	 93	 2040	 99	 1	 -1941	 
 76	 93	 2040	 97	 1	 -1943	 
 76	 93	 2040	 100	 1	 -1940	 
 76	 93	 2040	 95	 1	 -1945	 
 76	 93	 2040	 97	 1	 -1943	 
 76	 93	 2040	 94	 1	 -1946	 
 76	 93	 2040	 99	 1	 -1941	 
 76	 93	 2040	 99	 1	 -1941	 
 76	 93	 2040	 95	 1	 -1945	 
 76	 93	 2040	 101	 1	 -1939	 
 76	 93	 2040	 102	 1	 -1938	 
 76	 93	 2040	 98	 1	 -1942	 
 76	 93	 2040	 100	 1	 -1940	 
 76	 93	 2040	 100	 1	 -1940	 
 76	 93	 2040	 100	 1	 -1940	 
 76	 93	 2040	 99	 1	 -1941	 
 76	 93	 2040	 99	 1	 -1941	 
 76	 93	 2040	 101	 1	 -1939	 
 76	 93	 2040	 96	 1	 -1944	 
 76	 93	 2040	 99	 1	 -1941	 
 76	 93	 2040	 100	 1	 -1940	 
 76	 93	 2040	 99	 1	 -1941	 
 76	 93	 2040	 99	 1	 -1941	 
 0	 0	 0	 0	 0	 0	 
 0	 0	 0	 0	 0	 0	 
 76	 93	 2040	 101	 1	 -1939	 
 76	 93	 2040	 101	 1	 -1939	 
 76	 93	 2040	 102	 1	 -1938	 
 76	 93	 2040	 102	 1	 -1938	 
 76	 93	 2040	 94	 1	 -1946	 
 76	 93	 2040	 102	 1	 -1938	 
 76	 93	 2040	 99	 1	 -1941	 
 76	 93	 2040	 96	 1	 -1944	 
 76	 93	 2040	 98	 1	 -1942	 
 76	 93	 2040	 94	 1	 -1946	 
 76	 93	 2040	 102	 1	 -1938	 
 76	 93	 2040	 98	 1	 -1942	 
 76	 93	 2040	 97	 1	 -1943	 
 76	 93	 2040	 101	 1	 -1939	 
 76	 93	 2040	 100	 1	 -1940	 
 76	 93	 2040	 99	 1	 -1941	 
 76	 93	 2040	 96	 1	 -1944	 
 76	 93	 2040	 94	 1	 -1946	 
 76	 93	 2040	 94	 1	 -1946	 
 76	 93	 2040	 102	 1	 -1938	 
 76	 93	 2040	 100	 1	 -1940	 
 76	 93	 2040	 98	 1	 -1942	 
 76	 93	 2040	 101	 1	 -1939	 
 76	 93	 2040	 101	 1	 -1939	 
 76	 93	 2040	 101	 1	 -1939	 
 76	 93	 2040	 98	 1	 -1942	 
 76	 93	 2040	 94	 1	 -1946	 
 76	 93	 2040	 97	 1	 -1943	 
 76	 93	 2040	 94	 1	 -1946	 
 76	 93	 2040	 97	 1	 -1943	 
 76	 93	 2040	 102	 1	 -1938	 
 76	 93	 2040	 101	 1	 -1939	 
 76	 93	 2040	 94	 1	 -1946	 
 76	 93	 2040	 97	 1	 -1943	 
 76	 93	 2040	 100	 1	 -1940	 
 76	 93	 2040	 97	 1	 -1943	 
 76	 93	 2040	 96	 1	 -1944	 
 76	 93	 2040	 96	 1	 -1944	 
 76	 93	 2040	 94	 1	 -1946	 
 76	 93	 2040	 97	 1	 -1943	 
 76	 93	 2040	 98	 1	 -1942	 
 76	 93	 2040	 102	 1	 -1938	 
 76	 93	 2040	 99	 1	 -1941	 
 76	 93	 2040	 97	 1	 -1943	 
 76	 93	 2040	 94	 1	 -1946	 
 76	 93	 2040	 97	 1	 -1943	 
 76	 93	 2040	 94	 1	 -1946	 
 76	 93	 2040	 95	 1	 -1945	 
 76	 93	 2040	 97	 1	 -1943	 
 76	 93	 2040	 96	 1	 -1944	 
 76	 93	 2040	 96	 1	 -1944	 
 76	 93	 2040	 102	 1	 -1938	 
 76	 93	 2040	 95	 1	 -1945	 
 76	 93	 2040	 95	 1	 -1945	 
 76	 93	 2040	 95	 1	 -1945	 
 76	 93	 2040	 97	 1	 -1943	 
 76	 93	 2040	 99	 1	 -1941	 
 76	 93	 2040	 98	 1	 -1942	 
 76	 93	 2040	 97	 1	 -1943	 
 76	 93	 2040	 102	 1	 -1938	 
 76	 93	 2040	 99	 1	 -1941	 
 76	 93	 2040	 97	 1	 -1943	 
 76	 93	 2040	 101	 1	 -1939	 
 76	 93	 2040	 100	 1	 -1940	 
 76	 93	 2040	 98	 1	 -1942	 
 76	 93	 2040	 97	 1	 -1943	 
 76	 93	 2040	 96	 1	 -1944	 
 76	 93	 2040	 98	 1	 -1942	 
 76	 93	 2040	 96	 1	 -1944	 
 76	 93	 2040	 96	 1	 -1944	 
 76	 93	 2040	 97	 1	 -1943	 
 76	 93	 2040	 99	 1	 -1941	 
 76	 93	 2040	 97	 1	 -1943	 
 76	 93	 2040	 102	 1	 -1938	 
 76	 93	 2040	 97	 1	 -1943	 
 76	 93	 2040	 98	 1	 -1942	 
 76	 93	 2040	 95	 1	 -1945	 
 76	 93	 2040	 96	 1	 -1944	 
 76	 93	 2040	 102	 1	 -1938	 
 76	 93	 2040	 94	 1	 -1946	 
 76	 93	 2040	 97	 1	 -1943	 
 76	 93	 2040	 94	 1	 -1946	 
 76	 93	 2040	 102	 1	 -1938	 
 76	 93	 2040	 101	 1	 -1939	 
 76	 93	 2040	 101	 1	 -1939	 
 76	 93	 2040	 97	 1	 -1943	 
 76	 93	 2040	 95	 1	 -1945	 
 76	 93	 2040	 98	 1	 -1942	 
 76	 93	 2040	 102	 1	 -1938	 
 76	 93	 2040	 99	 1	 -1941	 
 76	 93	 2040	 94	 1	 -1946	 
 76	 93	 2040	 96	 1	 -1944	 
 76	 93	 2040	 94	 1	 -1946	 
 76	 93	 2040	 102	 1	 -1938	 
 76	 93	 2040	 102	 1	 -1938	 
 76	 93	 2040	 100	 1	 -1940	 
 76	 93	 2040	 100	 1	 -1940	 
 76	 93	 2040	 101	 1	 -1939	 
 76	 93	 2040	 100	 1	 -1940	 
 0	 0	 0	 0	 0	 0	 
 0	 0	 0	 0	 0	 0	 
 90	 107	 2040	 115	 1	 -1925	 
 90	 107	 2040	 110	 1	 -1930	 
 90	 107	 2040	 109	 1	 -1931	 
 90	 107	 2040	 116	 1	 -1924	 
 90	 107	 2040	 108	 1	 -1932	 
 90	 107	 2040	 110	 1	 -1930	 
 90	 107	 2040	 115	 1	 -1925	 
 90	 107	 2040	 115	 1	 -1925	 
 90	 107	 2040	 111	 1	 -1929	 
 90	 107	 2040	 116	 1	 -1924	 
 90	 107	 2040	 112	 1	 -1928	 
 90	 107	 2040	 112	 1	 -1928	 
 90	 107	 2040	 112	 1	 -1928	 
 90	 107	 2040	 114	 1	 -1926	 
 90	 107	 2040	 114	 1	 -1926	 
 90	 107	 2040	 116	 1	 -1924	 
 90	 107	 2040	 114	 1	 -1926	 
 90	 107	 2040	 110	 1	 -1930	 
 90	 107	 2040	 109	 1	 -1931	 
 90	 107	 2040	 116	 1	 -1924	 
 90	 107	 2040	 115	 1	 -1925	 
 90	 107	 2040	 113	 1	 -1927	 
 90	 107	 2040	 109	 1	 -1931	 
 90	 107	 2040	 108	 1	 -1932	 
 90	 107	 2040	 110	 1	 -1930	 
 90	 107	 2040	 116	 1	 -1924	 
 90	 107	 2040	 112	 1	 -1928	 
 90	 107	 2040	 113	 1	 -1927	 
 90	 107	 2040	 108	 1	 -1932	 
 90	 107	 2040	 114	 1	 -1926	 
 90	 107	 2040	 116	 1	 -1924	 
 90	 107	 2040	 109	 1	 -1931	 
 90	 107	 2040	 111	 1	 -1929	 
 90	 107	 2040	 113	 1	 -1927	 
 90	 107	 2040	 115	 1	 -1925	 
 90	 107	 2040	 113	 1	 -1927	 
 90	 107	 2040	 109	 1	 -1931	 
 90	 107	 2040	 110	 1	 -1930	 
 90	 107	 2040	 108	 1	 -1932	 
 90	 107	 2040	 112	 1	 -1928	 
 90	 107	 2040	 111	 1	 -1929	 
 90	 107	 2040	 115	 1	 -1925	 
 90	 107	 2040	 113	 1	 -1927	 
 90	 107	 2040	 111	 1	 -1929	 
 90	 107	 2040	 113	 1	 -1927	 
 90	 107	 2040	 116	 1	 -1924	 
 90	 107	 2040	 115	 1	 -1925	 
 90	 107	 2040	 110	 1	 -1930	 
 90	 107	 2040	 110	 1	 -1930	 
 90	 107	 2040	 116	 1	 -1924	 
 90	 107	 2040	 111	 1	 -1929	 
 90	 107	 2040	 114	 1	 -1926	 
 90	 107	 2040	 108	 1	 -1932	 
 90	 107	 2040	 112	 1	 -1928	 
 90	 107	 2040	 112	 1	 -1928	 
 90	 107	 2040	 111	 1	 -1929	 
 90	 107	 2040	 114	 1	 -1926	 
 90	 107	 2040	 108	 1	 -1932	 
 90	 107	 2040	 108	 1	 -1932	 
 90	 107	 2040	 115	 1	 -1925	 
 90	 107	 2040	 109	 1	 -1931	 
 90	 107	 2040	 116	 1	 -1924	 
 90	 107	 2040	 112	 1	 -1928	 
 90	 107	 2040	 110	 1	 -1930	 
 90	 107	 2040	 113	 1	 -1927	 
 90	 107	 2040	 110	 1	 -1930	 
 90	 107	 2040	 108	 1	 -1932	 
 90	 107	 2040	 109	 1	 -1931	 
 90	 107	 2040	 110	 1	 -1930	 
 90	 107	 2040	 115	 1	 -1925	 
 90	 107	 2040	 112	 1	 -1928	 
 90	 107	 2040	 110	 1	 -1930	 
 90	 107	 2040	 110	 1	 -1930	 
 90	 107	 2040	 110	 1	 -1930	 
 90	 107	 2040	 114	 1	 -1926	 
 90	 107	 2040	 110	 1	 -1930	 
 90	 107	 2040	 111	 1	 -1929	 
 90	 107	 2040	 110	 1	 -1930	 
 90	 107	 2040	 113	 1	 -1927	 
 90	 107	 2040	 115	 1	 -1925	 
 90	 107	 2040	 114	 1	 -1926	 
 90	 107	 2040	 112	 1	 -1928	 
 90	 107	 2040	 110	 1	 -1930	 
 90	 107	 2040	 112	 1	 -1928	 
 90	 107	 2040	 109	 1	 -1931	 
 90	 107	 2040	 113	 1	 -1927	 
 90	 107	 2040	 112	 1	 -1928	 
 90	 107	 2040	 116	 1	 -1924	 
 90	 107	 2040	 109	 1	 -1931	 
 90	 107	 2040	 110	 1	 -1930	 
 90	 107	 2040	 108	 1	 -1932	 
 90	 107	 2040	 116	 1	 -1924	 
 90	 107	 2040	 112	 1	 -1928	 
 90	 107	 2040	 109	 1	 -1931	 
 90	 107	 2040	 116	 1	 -1924	 
 90	 107	 2040	 110	 1	 -1930	 
 90	 107	 2040	 114	 1	 -1926	 
 90	 107	 2040	 112	 1	 -1928	 
 90	 107	 2040	 115	 1	 -1925	 
 0	 0	 0	 0	 0	 0	 
 0	 0	 0	 0	 0	 0	 
 76	 93	 2040	 102	 1	 -1938	 
 76	 93	 2040	 99	 1	 -1941	 
 76	 93	 2040	 98	 1	 -1942	 
 76	 93	 2040	 94	 1	 -1946	 
 76	 93	 2040	 99	 1	 -1941	 
 76	 93	 2040	 100	 1	 -1940	 
 76	 93	 2040	 99	 1	 -1941	 
 76	 93	 2040	 96	 1	 -1944	 
 76	 93	 2040	 94	 1	 -1946	 
 76	 93	 2040	 100	 1	 -1940	 
 76	 93	 2040	 97	 1	 -1943	 
 76	 93	 2040	 95	 1	 -1945	 
 76	 93	 2040	 95	 1	 -1945	 
 76	 93	 2040	 101	 1	 -1939	 
 76	 93	 2040	 98	 1	 -1942	 
 76	 93	 2040	 100	 1	 -1940	 
 76	 93	 2040	 99	 1	 -1941	 
 76	 93	 2040	 102	 1	 -1938	 
 76	 93	 2040	 98	 1	 -1942	 
 76	 93	 2040	 95	 1	 -1945	 
 76	 93	 2040	 96	 1	 -1944	 
 76	 93	 2040	 102	 1	 -1938	 
 76	 93	 2040	 98	 1	 -1942	 
 76	 93	 2040	 101	 1	 -1939	 
 76	 93	 2040	 100	 1	 -1940	 
 76	 93	 2040	 96	 1	 -1944	 
 76	 93	 2040	 98	 1	 -1942	 
 76	 93	 2040	 102	 1	 -1938	 
 76	 93	 2040	 94	 1	 -1946	 
 76	 93	 2040	 101	 1	 -1939	 
 76	 93	 2040	 102	 1	 -1938	 
 76	 93	 2040	 100	 1	 -1940	 
 76	 93	 2040	 96	 1	 -1944	 
 76	 93	 2040	 101	 1	 -1939	 
 76	 93	 2040	 101	 1	 -1939	 
 76	 93	 2040	 97	 1	 -1943	 
 76	 93	 2040	 94	 1	 -1946	 
 76	 93	 2040	 100	 1	 -1940	 
 76	 93	 2040	 97	 1	 -1943	 
 76	 93	 2040	 94	 1	 -1946	 
 76	 93	 2040	 102	 1	 -1938	 
 76	 93	 2040	 96	 1	 -1944	 
 76	 93	 2040	 94	 1	 -1946	 
 76	 93	 2040	 95	 1	 -1945	 
 76	 93	 2040	 97	 1	 -1943	 
 76	 93	 2040	 101	 1	 -1939	 
 76	 93	 2040	 100	 1	 -1940	 
 76	 93	 2040	 94	 1	 -1946	 
 76	 93	 2040	 94	 1	 -1946	 
 76	 93	 2040	 98	 1	 -1942	 
 76	 93	 2040	 95	 1	 -1945	 
 76	 93	 2040	 102	 1	 -1938	 
 76	 93	 2040	 94	 1	 -1946	 
 76	 93	 2040	 99	 1	 -1941	 
 76	 93	 2040	 101	 1	 -1939	 
 76	 93	 2040	 102	 1	 -1938	 
 76	 93	 2040	 99	 1	 -1941	 
 76	 93	 2040	 96	 1	 -1944	 
 76	 93	 2040	 102	 1	 -1938	 
 76	 93	 2040	 95	 1	 -1945	 
 76	 93	 2040	 95	 1	 -1945	 
 76	 93	 2040	 99	 1	 -1941	 
 76	 93	 2040	 97	 1	 -1943	 
 76	 93	 2040	 102	 1	 -1938	 
 76	 93	 2040	 98	 1	 -1942	 
 76	 93	 2040	 100	 1	 -1940	 
 76	 93	 2040	 96	 1	 -1944	 
 76	 93	 2040	 96	 1	 -1944	 
 76	 93	 2040	 98	 1	 -1942	 
 76	 93	 2040	 96	 1	 -1944	 
 76	 93	 2040	 96	 1	 -1944	 
 76	 93	 2040	 95	 1	 -1945	 
 76	 93	 2040	 96	 1	 -1944	 
 76	 93	 2040	 99	 1	 -1941	 
 76	 93	 2040	 98	 1	 -1942	 
 76	 93	 2040	 102	 1	 -1938	 
 76	 93	 2040	 94	 1	 -1946	 
 76	 93	 2040	 100	 1	 -1940	 
 76	 93	 2040	 95	 1	 -1945	 
 76	 93	 2040	 101	 1	 -1939	 
 76	 93	 2040	 96	 1	 -1944	 
 76	 93	 2040	 99	 1	 -1941	 
 76	 93	 2040	 97	 1	 -1943	 
 76	 93	 2040	 100	 1	 -1940	 
 76	 93	 2040	 98	 1	 -1942	 
 76	 93	 2040	 100	 1	 -1940	 
 76	 93	 2040	 102	 1	 -1938	 
 76	 93	 2040	 101	 1	 -1939	 
 76	 93	 2040	 96	 1	 -1944	 
 76	 93	 2040	 97	 1	 -1943	 
 76	 93	 2040	 98	 1	 -1942	 
 76	 93	 2040	 100	 1	 -1940	 
 76	 93	 2040	 98	 1	 -1942	 
 76	 93	 2040	 100	 1	 -1940	 
 76	 93	 2040	 100	 1	 -1940	 
 76	 93	 2040	 96	 1	 -1944	 
 76	 93	 2040	 99	 1	 -1941	 
 76	 93	 2040	 96	 1	 -1944	 
 76	 93	 2040	 100	 1	 -1940	 
 0	 0	 0	 0	 0	 0	 
 0	 0	 0	 0	 0	 0	 
 75	 105	 2040	 120	 0	 -1920	 
 75	 105	 2040	 113	 0	 -1927	 
 75	 105	 2040	 114	 0	 -1926	 
 75	 105	 2040	 119	 0	 -1921	 
 75	 105	 2040	 119	 0	 -1921	 
 75	 105	 2040	 116	 0	 -1924	 
 75	 105	 2040	 110	 0	 -1930	 
 75	 105	 2040	 111	 0	 -1929	 
 75	 105	 2040	 119	 0	 -1921	 
 75	 105	 2040	 114	 0	 -1926	 
 75	 105	 2040	 120	 0	 -1920	 
 75	 105	 2040	 119	 0	 -1921	 
 75	 105	 2040	 107	 0	 -1933	 
 75	 105	 2040	 120	 0	 -1920	 
 75	 105	 2040	 114	 0	 -1926	 
 75	 105	 2040	 120	 0	 -1920	 
 75	 105	 2040	 115	 0	 -1925	 
 75	 105	 2040	 108	 0	 -1932	 
 75	 105	 2040	 112	 0	 -1928	 
 75	 105	 2040	 117	 0	 -1923	 
 75	 105	 2040	 109	 0	 -1931	 
 75	 105	 2040	 120	 0	 -1920	 
 75	 105	 2040	 109	 0	 -1931	 
 75	 105	 2040	 114	 0	 -1926	 
 75	 105	 2040	 107	 0	 -1933	 
 75	 105	 2040	 120	 0	 -1920	 
 75	 105	 2040	 121	 0	 -1919	 
 75	 105	 2040	 107	 0	 -1933	 
 75	 105	 2040	 112	 0	 -1928	 
 75	 105	 2040	 109	 0	 -1931	 
 75	 105	 2040	 108	 0	 -1932	 
 75	 105	 2040	 109	 0	 -1931	 
 75	 105	 2040	 119	 0	 -1921	 
 75	 105	 2040	 112	 0	 -1928	 
 75	 105	 2040	 106	 0	 -1934	 
 75	 105	 2040	 118	 0	 -1922	 
 75	 105	 2040	 112	 0	 -1928	 
 75	 105	 2040	 114	 0	 -1926	 
 75	 105	 2040	 119	 0	 -1921	 
 75	 105	 2040	 114	 0	 -1926	 
 75	 105	 2040	 107	 0	 -1933	 
 75	 105	 2040	 114	 0	 -1926	 
 75	 105	 2040	 120	 0	 -1920	 
 75	 105	 2040	 108	 0	 -1932	 
 75	 105	 2040	 110	 0	 -1930	 
 75	 105	 2040	 116	 0	 -1924	 
 75	 105	 2040	 108	 0	 -1932	 
 75	 105	 2040	 109	 0	 -1931	 
 75	 105	 2040	 111	 0	 -1929	 
 75	 105	 2040	 110	 0	 -1930	 
 75	 105	 2040	 112	 0	 -1928	 
 75	 105	 2040	 109	 0	 -1931	 
 75	 105	 2040	 118	 0	 -1922	 
 75	 105	 2040	 109	 0	 -1931	 
 75	 105	 2040	 115	 0	 -1925	 
 75	 105	 2040	 117	 0	 -1923	 
 75	 105	 2040	 116	 0	 -1924	 
 75	 105	 2040	 106	 0	 -1934	 
 75	 105	 2040	 109	 0	 -1931	 
 75	 105	 2040	 110	 0	 -1930	 
 75	 105	 2040	 121	 0	 -1919	 
 75	 105	 2040	 119	 0	 -1921	 
 75	 105	 2040	 116	 0	 -1924	 
 75	 105	 2040	 118	 0	 -1922	 
 75	 105	 2040	 106	 0	 -1934	 
 75	 105	 2040	 109	 0	 -1931	 
 75	 105	 2040	 120	 0	 -1920	 
 75	 105	 2040	 117	 0	 -1923	 
 75	 105	 2040	 107	 0	 -1933	 
 75	 105	 2040	 117	 0	 -1923	 
 75	 105	 2040	 106	 0	 -1934	 
 75	 105	 2040	 107	 0	 -1933	 
 75	 105	 2040	 113	 0	 -1927	 
 75	 105	 2040	 109	 0	 -1931	 
 75	 105	 2040	 110	 0	 -1930	 
 75	 105	 2040	 120	 0	 -1920	 
 75	 105	 2040	 119	 0	 -1921	 
 75	 105	 2040	 115	 0	 -1925	 
 75	 105	 2040	 107	 0	 -1933	 
 75	 105	 2040	 113	 0	 -1927	 
 75	 105	 2040	 109	 0	 -1931	 
 75	 105	 2040	 108	 0	 -1932	 
 75	 105	 2040	 119	 0	 -1921	 
 75	 105	 2040	 118	 0	 -1922	 
 75	 105	 2040	 113	 0	 -1927	 
 75	 105	 2040	 115	 0	 -1925	 
 75	 105	 2040	 108	 0	 -1932	 
 75	 105	 2040	 115	 0	 -1925	 
 75	 105	 2040	 111	 0	 -1929	 
 75	 105	 2040	 115	 0	 -1925	 
 75	 105	 2040	 119	 0	 -1921	 
 75	 105	 2040	 115	 0	 -1925	 
 75	 105	 2040	 113	 0	 -1927	 
 75	 105	 2040	 108	 0	 -1932	 
 75	 105	 2040	 118	 0	 -1922	 
 75	 105	 2040	 117	 0	 -1923	 
 75	 105	 2040	 118	 0	 -1922	 
 75	 105	 2040	 106	 0	 -1934	 
 75	 105	 2040	 110	 0	 -1930	 
 0	 0	 0	 0	 0	 0	 
 0	 0	 0	 0	 0	 0	 
 76	 93	 2040	 102	 1	 -1938	 
 76	 93	 2040	 100	 1	 -1940	 
 76	 93	 2040	 101	 1	 -1939	 
 76	 93	 2040	 102	 1	 -1938	 
 76	 93	 2040	 100	 1	 -1940	 
 76	 93	 2040	 99	 1	 -1941	 
 76	 93	 2040	 100	 1	 -1940	 
 76	 93	 2040	 101	 1	 -1939	 
 76	 93	 2040	 99	 1	 -1941	 
 76	 93	 2040	 98	 1	 -1942	 
 76	 93	 2040	 102	 1	 -1938	 
 76	 93	 2040	 102	 1	 -1938	 
 76	 93	 2040	 97	 1	 -1943	 
 76	 93	 2040	 95	 1	 -1945	 
 76	 93	 2040	 99	 1	 -1941	 
 76	 93	 2040	 95	 1	 -1945	 
 76	 93	 2040	 97	 1	 -1943	 
 76	 93	 2040	 98	 1	 -1942	 
 76	 93	 2040	 102	 1	 -1938	 
 76	 93	 2040	 100	 1	 -1940	 
 76	 93	 2040	 101	 1	 -1939	 
 76	 93	 2040	 99	 1	 -1941	 
 76	 93	 2040	 94	 1	 -1946	 
 76	 93	 2040	 101	 1	 -1939	 
 76	 93	 2040	 100	 1	 -1940	 
 76	 93	 2040	 100	 1	 -1940	 
 76	 93	 2040	 101	 1	 -1939	 
 76	 93	 2040	 100	 1	 -1940	 
 76	 93	 2040	 96	 1	 -1944	 
 76	 93	 2040	 97	 1	 -1943	 
 76	 93	 2040	 96	 1	 -1944	 
 76	 93	 2040	 100	 1	 -1940	 
 76	 93	 2040	 100	 1	 -1940	 
 76	 93	 2040	 98	 1	 -1942	 
 76	 93	 2040	 95	 1	 -1945	 
 76	 93	 2040	 95	 1	 -1945	 
 76	 93	 2040	 94	 1	 -1946	 
 76	 93	 2040	 94	 1	 -1946	 
 76	 93	 2040	 96	 1	 -1944	 
 76	 93	 2040	 94	 1	 -1946	 
 76	 93	 2040	 98	 1	 -1942	 
 76	 93	 2040	 95	 1	 -1945	 
 76	 93	 2040	 96	 1	 -1944	 
 76	 93	 2040	 96	 1	 -1944	 
 76	 93	 2040	 95	 1	 -1945	 
 76	 93	 2040	 96	 1	 -1944	 
 76	 93	 2040	 99	 1	 -1941	 
 76	 93	 2040	 100	 1	 -1940	 
 76	 93	 2040	 102	 1	 -1938	 
 76	 93	 2040	 97	 1	 -1943	 
 76	 93	 2040	 94	 1	 -1946	 
 76	 93	 2040	 97	 1	 -1943	 
 76	 93	 2040	 97	 1	 -1943	 
 76	 93	 2040	 101	 1	 -1939	 
 76	 93	 2040	 96	 1	 -1944	 
 76	 93	 2040	 100	 1	 -1940	 
 76	 93	 2040	 101	 1	 -1939	 
 76	 93	 2040	 99	 1	 -1941	 
 76	 93	 2040	 95	 1	 -1945	 
 76	 93	 2040	 95	 1	 -1945	 
 76	 93	 2040	 99	 1	 -1941	 
 76	 93	 2040	 95	 1	 -1945	 
 76	 93	 2040	 97	 1	 -1943	 
 76	 93	 2040	 100	 1	 -1940	 
 76	 93	 2040	 97	 1	 -1943	 
 76	 93	 2040	 98	 1	 -1942	 
 76	 93	 2040	 95	 1	 -1945	 
 76	 93	 2040	 98	 1	 -1942	 
 76	 93	 2040	 100	 1	 -1940	 
 76	 93	 2040	 95	 1	 -1945	 
 76	 93	 2040	 101	 1	 -1939	 
 76	 93	 2040	 98	 1	 -1942	 
 76	 93	 2040	 94	 1	 -1946	 
 76	 93	 2040	 100	 1	 -1940	 
 76	 93	 2040	 97	 1	 -1943	 
 76	 93	 2040	 99	 1	 -1941	 
 76	 93	 2040	 100	 1	 -1940	 
 76	 93	 2040	 102	 1	 -1938	 
 76	 93	 2040	 101	 1	 -1939	 
 76	 93	 2040	 102	 1	 -1938	 
 76	 93	 2040	 98	 1	 -1942	 
 76	 93	 2040	 102	 1	 -1938	 
 76	 93	 2040	 99	 1	 -1941	 
 76	 93	 2040	 100	 1	 -1940	 
 76	 93	 2040	 97	 1	 -1943	 
 76	 93	 2040	 97	 1	 -1943	 
 76	 93	 2040	 101	 1	 -1939	 
 76	 93	 2040	 98	 1	 -1942	 
 76	 93	 2040	 96	 1	 -1944	 
 76	 93	 2040	 96	 1	 -1944	 
 76	 93	 2040	 102	 1	 -1938	 
 76	 93	 2040	 96	 1	 -1944	 
 76	 93	 2040	 97	 1	 -1943	 
 76	 93	 2040	 100	 1	 -1940	 
 76	 93	 2040	 97	 1	 -1943	 
 76	 93	 2040	 95	 1	 -1945	 
 76	 93	 2040	 95	 1	 -1945	 
 76	 93	 2040	 102	 1	 -1938	 
 76	 93	 2040	 94	 1	 -1946	 
 0	 0	 0	 0	 0	 0	 
 0	 0	 0	 0	 0	 0	 
 87	 117	 2040	 121	 1	 -1919	 
 87	 117	 2040	 126	 1	 -1914	 
 87	 117	 2040	 123	 1	 -1917	 
 87	 117	 2040	 132	 1	 -1908	 
 87	 117	 2040	 125	 1	 -1915	 
 87	 117	 2040	 128	 1	 -1912	 
 87	 117	 2040	 127	 1	 -1913	 
 87	 117	 2040	 131	 1	 -1909	 
 87	 117	 2040	 133	 1	 -1907	 
 87	 117	 2040	 124	 1	 -1916	 
 87	 117	 2040	 129	 1	 -1911	 
 87	 117	 2040	 118	 1	 -1922	 
 87	 117	 2040	 120	 1	 -1920	 
 87	 117	 2040	 129	 1	 -1911	 
 87	 117	 2040	 124	 1	 -1916	 
 87	 117	 2040	 127	 1	 -1913	 
 87	 117	 2040	 123	 1	 -1917	 
 87	 117	 2040	 132	 1	 -1908	 
 87	 117	 2040	 121	 1	 -1919	 
 87	 117	 2040	 120	 1	 -1920	 
 87	 117	 2040	 131	 1	 -1909	 
 87	 117	 2040	 122	 1	 -1918	 
 87	 117	 2040	 122	 1	 -1918	 
 87	 117	 2040	 119	 1	 -1921	 
 87	 117	 2040	 126	 1	 -1914	 
 87	 117	 2040	 124	 1	 -1916	 
 87	 117	 2040	 124	 1	 -1916	 
 87	 117	 2040	 122	 1	 -1918	 
 87	 117	 2040	 129	 1	 -1911	 
 87	 117	 2040	 124	 1	 -1916	 
 87	 117	 2040	 125	 1	 -1915	 
 87	 117	 2040	 123	 1	 -1917	 
 87	 117	 2040	 131	 1	 -1909	 
 87	 117	 2040	 122	 1	 -1918	 
 87	 117	 2040	 132	 1	 -1908	 
 87	 117	 2040	 120	 1	 -1920	 
 87	 117	 2040	 129	 1	 -1911	 
 87	 117	 2040	 127	 1	 -1913	 
 87	 117	 2040	 131	 1	 -1909	 
 87	 117	 2040	 125	 1	 -1915	 
 87	 117	 2040	 127	 1	 -1913	 
 87	 117	 2040	 131	 1	 -1909	 
 87	 117	 2040	 131	 1	 -1909	 
 87	 117	 2040	 124	 1	 -1916	 
 87	 117	 2040	 128	 1	 -1912	 
 87	 117	 2040	 119	 1	 -1921	 
 87	 117	 2040	 118	 1	 -1922	 
 87	 117	 2040	 124	 1	 -1916	 
 87	 117	 2040	 129	 1	 -1911	 
 87	 117	 2040	 131	 1	 -1909	 
 87	 117	 2040	 128	 1	 -1912	 
 87	 117	 2040	 122	 1	 -1918	 
 87	 117	 2040	 118	 1	 -1922	 
 87	 117	 2040	 126	 1	 -1914	 
 87	 117	 2040	 125	 1	 -1915	 
 87	 117	 2040	 132	 1	 -1908	 
 87	 117	 2040	 118	 1	 -1922	 
 87	 117	 2040	 128	 1	 -1912	 
 87	 117	 2040	 132	 1	 -1908	 
 87	 117	 2040	 129	 1	 -1911	 
 87	 117	 2040	 121	 1	 -1919	 
 87	 117	 2040	 133	 1	 -1907	 
 87	 117	 2040	 119	 1	 -1921	 
 87	 117	 2040	 119	 1	 -1921	 
 87	 117	 2040	 130	 1	 -1910	 
 87	 117	 2040	 126	 1	 -1914	 
 87	 117	 2040	 119	 1	 -1921	 
 87	 117	 2040	 132	 1	 -1908	 
 87	 117	 2040	 131	 1	 -1909	 
 87	 117	 2040	 120	 1	 -1920	 
 87	 117	 2040	 122	 1	 -1918	 
 87	 117	 2040	 125	 1	 -1915	 
 87	 117	 2040	 130	 1	 -1910	 
 87	 117	 2040	 120	 1	 -1920	 
 87	 117	 2040	 119	 1	 -1921	 
 87	 117	 2040	 122	 1	 -1918	 
 87	 117	 2040	 132	 1	 -1908	 
 87	 117	 2040	 122	 1	 -1918	 
 87	 117	 2040	 127	 1	 -1913	 
 87	 117	 2040	 122	 1	 -1918	 
 87	 117	 2040	 122	 1	 -1918	 
 87	 117	 2040	 131	 1	 -1909	 
 87	 117	 2040	 130	 1	 -1910	 
 87	 117	 2040	 124	 1	 -1916	 
 87	 117	 2040	 128	 1	 -1912	 
 87	 117	 2040	 132	 1	 -1908	 
 87	 117	 2040	 126	 1	 -1914	 
 87	 117	 2040	 124	 1	 -1916	 
 87	 117	 2040	 132	 1	 -1908	 
 87	 117	 2040	 119	 1	 -1921	 
 87	 117	 2040	 118	 1	 -1922	 
 87	 117	 2040	 131	 1	 -1909	 
 87	 117	 2040	 122	 1	 -1918	 
 87	 117	 2040	 128	 1	 -1912	 
 87	 117	 2040	 125	 1	 -1915	 
 87	 117	 2040	 123	 1	 -1917	 
 87	 117	 2040	 125	 1	 -1915	 
 87	 117	 2040	 130	 1	 -1910	 
 87	 117	 2040	 119	 1	 -1921	 
 0	 0	 0	 0	 0	 0	 
 0	 0	 0	 0	 0	 0	 
 76	 93	 2040	 95	 1	 -1945	 
 76	 93	 2040	 97	 1	 -1943	 
 76	 93	 2040	 102	 1	 -1938	 
 76	 93	 2040	 100	 1	 -1940	 
 76	 93	 2040	 100	 1	 -1940	 
 76	 93	 2040	 99	 1	 -1941	 
 76	 93	 2040	 95	 1	 -1945	 
 76	 93	 2040	 100	 1	 -1940	 
 76	 93	 2040	 95	 1	 -1945	 
 76	 93	 2040	 99	 1	 -1941	 
 76	 93	 2040	 101	 1	 -1939	 
 76	 93	 2040	 102	 1	 -1938	 
 76	 93	 2040	 101	 1	 -1939	 
 76	 93	 2040	 98	 1	 -1942	 
 76	 93	 2040	 99	 1	 -1941	 
 76	 93	 2040	 100	 1	 -1940	 
 76	 93	 2040	 102	 1	 -1938	 
 76	 93	 2040	 99	 1	 -1941	 
 76	 93	 2040	 100	 1	 -1940	 
 76	 93	 2040	 100	 1	 -1940	 
 76	 93	 2040	 101	 1	 -1939	 
 76	 93	 2040	 101	 1	 -1939	 
 76	 93	 2040	 99	 1	 -1941	 
 76	 93	 2040	 102	 1	 -1938	 
 76	 93	 2040	 95	 1	 -1945	 
 76	 93	 2040	 100	 1	 -1940	 
 76	 93	 2040	 100	 1	 -1940	 
 76	 93	 2040	 94	 1	 -1946	 
 76	 93	 2040	 99	 1	 -1941	 
 76	 93	 2040	 100	 1	 -1940	 
 76	 93	 2040	 98	 1	 -1942	 
 76	 93	 2040	 94	 1	 -1946	 
 76	 93	 2040	 97	 1	 -1943	 
 76	 93	 2040	 94	 1	 -1946	 
 76	 93	 2040	 97	 1	 -1943	 
 76	 93	 2040	 101	 1	 -1939	 
 76	 93	 2040	 101	 1	 -1939	 
 76	 93	 2040	 101	 1	 -1939	 
 76	 93	 2040	 94	 1	 -1946	 
 76	 93	 2040	 102	 1	 -1938	 
 76	 93	 2040	 97	 1	 -1943	 
 76	 93	 2040	 97	 1	 -1943	 
 76	 93	 2040	 100	 1	 -1940	 
 76	 93	 2040	 98	 1	 -1942	 
 76	 93	 2040	 94	 1	 -1946	 
 76	 93	 2040	 99	 1	 -1941	 
 76	 93	 2040	 98	 1	 -1942	 
 76	 93	 2040	 96	 1	 -1944	 
 76	 93	 2040	 102	 1	 -1938	 
 76	 93	 2040	 100	 1	 -1940	 
 76	 93	 2040	 96	 1	 -1944	 
 76	 93	 2040	 95	 1	 -1945	 
 76	 93	 2040	 100	 1	 -1940	 
 76	 93	 2040	 94	 1	 -1946	 
 76	 93	 2040	 98	 1	 -1942	 
 76	 93	 2040	 96	 1	 -1944	 
 76	 93	 2040	 100	 1	 -1940	 
 76	 93	 2040	 99	 1	 -1941	 
 76	 93	 2040	 94	 1	 -1946	 
 76	 93	 2040	 100	 1	 -1940	 
 76	 93	 2040	 102	 1	 -1938	 
 76	 93	 2040	 102	 1	 -1938	 
 76	 93	 2040	 102	 1	 -1938	 
 76	 93	 2040	 97	 1	 -1943	 
 76	 93	 2040	 100	 1	 -1940	 
 76	 93	 2040	 100	 1	 -1940	 
 76	 93	 2040	 102	 1	 -1938	 
 76	 93	 2040	 99	 1	 -1941	 
 76	 93	 2040	 96	 1	 -1944	 
 76	 93	 2040	 98	 1	 -1942	 
 76	 93	 2040	 101	 1	 -1939	 
 76	 93	 2040	 102	 1	 -1938	 
 76	 93	 2040	 94	 1	 -1946	 
 76	 93	 2040	 95	 1	 -1945	 
 76	 93	 2040	 99	 1	 -1941	 
 76	 93	 2040	 102	 1	 -1938	 
 76	 93	 2040	 101	 1	 -1939	 
 76	 93	 2040	 99	 1	 -1941	 
 76	 93	 2040	 96	 1	 -1944	 
 76	 93	 2040	 98	 1	 -1942	 
 76	 93	 2040	 101	 1	 -1939	 
 76	 93	 2040	 97	 1	 -1943	 
 76	 93	 2040	 102	 1	 -1938	 
 76	 93	 2040	 100	 1	 -1940	 
 76	 93	 2040	 97	 1	 -1943	 
 76	 93	 2040	 101	 1	 -1939	 
 76	 93	 2040	 100	 1	 -1940	 
 76	 93	 2040	 98	 1	 -1942	 
 76	 93	 2040	 94	 1	 -1946	 
 76	 93	 2040	 98	 1	 -1942	 
 76	 93	 2040	 95	 1	 -1945	 
 76	 93	 2040	 102	 1	 -1938	 
 76	 93	 2040	 102	 1	 -1938	 
 76	 93	 2040	 96	 1	 -1944	 
 76	 93	 2040	 97	 1	 -1943	 
 76	 93	 2040	 96	 1	 -1944	 
 76	 93	 2040	 95	 1	 -1945	 
 76	 93	 2040	 94	 1	 -1946	 
 76	 93	 2040	 95	 1	 -1945	 
 0	 0	 0	 0	 0	 0	 
 0	 0	 0	 0	 0	 0	 
 68	 77	 2040	 82	 1	 -1958	 
 68	 77	 2040	 81	 1	 -1959	 
 68	 77	 2040	 82	 1	 -1958	 
 68	 77	 2040	 79	 1	 -1961	 
 68	 77	 2040	 78	 1	 -1962	 
 68	 77	 2040	 78	 1	 -1962	 
 68	 77	 2040	 81	 1	 -1959	 
 68	 77	 2040	 78	 1	 -1962	 
 68	 77	 2040	 79	 1	 -1961	 
 68	 77	 2040	 82	 1	 -1958	 
 68	 77	 2040	 78	 1	 -1962	 
 68	 77	 2040	 79	 1	 -1961	 
 68	 77	 2040	 79	 1	 -1961	 
 68	 77	 2040	 82	 1	 -1958	 
 68	 77	 2040	 82	 1	 -1958	 
 68	 77	 2040	 79	 1	 -1961	 
 68	 77	 2040	 78	 1	 -1962	 
 68	 77	 2040	 82	 1	 -1958	 
 68	 77	 2040	 78	 1	 -1962	 
 68	 77	 2040	 81	 1	 -1959	 
 68	 77	 2040	 80	 1	 -1960	 
 68	 77	 2040	 79	 1	 -1961	 
 68	 77	 2040	 78	 1	 -1962	 
 68	 77	 2040	 80	 1	 -1960	 
 68	 77	 2040	 81	 1	 -1959	 
 68	 77	 2040	 78	 1	 -1962	 
 68	 77	 2040	 82	 1	 -1958	 
 68	 77	 2040	 80	 1	 -1960	 
 68	 77	 2040	 79	 1	 -1961	 
 68	 77	 2040	 78	 1	 -1962	 
 68	 77	 2040	 80	 1	 -1960	 
 68	 77	 2040	 82	 1	 -1958	 
 68	 77	 2040	 82	 1	 -1958	 
 68	 77	 2040	 79	 1	 -1961	 
 68	 77	 2040	 78	 1	 -1962	 
 68	 77	 2040	 82	 1	 -1958	 
 68	 77	 2040	 78	 1	 -1962	 
 68	 77	 2040	 81	 1	 -1959	 
 68	 77	 2040	 81	 1	 -1959	 
 68	 77	 2040	 79	 1	 -1961	 
 68	 77	 2040	 80	 1	 -1960	 
 68	 77	 2040	 79	 1	 -1961	 
 68	 77	 2040	 81	 1	 -1959	 
 68	 77	 2040	 80	 1	 -1960	 
 68	 77	 2040	 82	 1	 -1958	 
 68	 77	 2040	 80	 1	 -1960	 
 68	 77	 2040	 79	 1	 -1961	 
 68	 77	 2040	 80	 1	 -1960	 
 68	 77	 2040	 79	 1	 -1961	 
 68	 77	 2040	 80	 1	 -1960	 
 68	 77	 2040	 82	 1	 -1958	 
 68	 77	 2040	 78	 1	 -1962	 
 68	 77	 2040	 79	 1	 -1961	 
 68	 77	 2040	 78	 1	 -1962	 
 68	 77	 2040	 79	 1	 -1961	 
 68	 77	 2040	 79	 1	 -1961	 
 68	 77	 2040	 81	 1	 -1959	 
 68	 77	 2040	 78	 1	 -1962	 
 68	 77	 2040	 81	 1	 -1959	 
 68	 77	 2040	 81	 1	 -1959	 
 68	 77	 2040	 80	 1	 -1960	 
 68	 77	 2040	 80	 1	 -1960	 
 68	 77	 2040	 81	 1	 -1959	 
 68	 77	 2040	 82	 1	 -1958	 
 68	 77	 2040	 80	 1	 -1960	 
 68	 77	 2040	 78	 1	 -1962	 
 68	 77	 2040	 78	 1	 -1962	 
 68	 77	 2040	 81	 1	 -1959	 
 68	 77	 2040	 80	 1	 -1960	 
 68	 77	 2040	 78	 1	 -1962	 
 68	 77	 2040	 80	 1	 -1960	 
 68	 77	 2040	 79	 1	 -1961	 
 68	 77	 2040	 79	 1	 -1961	 
 68	 77	 2040	 79	 1	 -1961	 
 68	 77	 2040	 80	 1	 -1960	 
 68	 77	 2040	 82	 1	 -1958	 
 68	 77	 2040	 80	 1	 -1960	 
 68	 77	 2040	 80	 1	 -1960	 
 68	 77	 2040	 78	 1	 -1962	 
 68	 77	 2040	 81	 1	 -1959	 
 68	 77	 2040	 80	 1	 -1960	 
 68	 77	 2040	 80	 1	 -1960	 
 68	 77	 2040	 79	 1	 -1961	 
 68	 77	 2040	 82	 1	 -1958	 
 68	 77	 2040	 81	 1	 -1959	 
 68	 77	 2040	 81	 1	 -1959	 
 68	 77	 2040	 81	 1	 -1959	 
 68	 77	 2040	 81	 1	 -1959	 
 68	 77	 2040	 80	 1	 -1960	 
 68	 77	 2040	 81	 1	 -1959	 
 68	 77	 2040	 80	 1	 -1960	 
 68	 77	 2040	 78	 1	 -1962	 
 68	 77	 2040	 80	 1	 -1960	 
 68	 77	 2040	 79	 1	 -1961	 
 68	 77	 2040	 80	 1	 -1960	 
 68	 77	 2040	 78	 1	 -1962	 
 68	 77	 2040	 81	 1	 -1959	 
 68	 77	 2040	 79	 1	 -1961	 
 68	 77	 2040	 80	 1	 -1960	 
 0	 0	 0	 0	 0	 0	 
 