3.134969e-01	 -9.256682e-04	 -2.989208e-02	 4.527972e-01	 5.521813e+04	 5.525185e+04	 3.372252e+01	 0	 1.302567e+03	 2.673922e-01	 2.656241e-01	 1.445827e+02	 4.100376e+01	 
 2.820109e-01	 -1.692733e-03	 -4.419141e-02	 4.890690e-01	 6.853467e+04	 6.862396e+04	 8.929127e+01	 0	 4.709645e+03	 2.837973e-01	 2.790779e-01	 1.667124e+02	 6.724870e+01	 
 7.770614e-02	 -1.117656e-03	 3.806443e-01	 4.083012e-01	 1.393589e+05	 1.394808e+05	 1.218648e+02	 0	 1.699860e+03	 1.349343e-01	 1.350346e-01	 1.988116e+02	 2.528019e+02	 
 1.719363e+00	 -2.077183e-02	 -1.420071e+01	 7.904836e+00	 8.272034e+04	 8.401111e+04	 1.290770e+03	 0	 1.100302e+04	 5.956088e+00	 5.816623e+00	 2.890970e+02	 2.788986e+02	 
 -1.873104e-01	 -2.607306e-02	 -9.657069e-01	 1.464745e+00	 1.001783e+05	 1.022792e+05	 2.100908e+03	 0	 1.042305e+05	 9.223104e-01	 7.733830e-01	 2.362828e+02	 3.379894e+02	 
 3.326242e-01	 -2.455848e-03	 -2.839515e-01	 5.918711e-01	 9.086743e+04	 9.101240e+04	 1.449694e+02	 0	 1.038235e+04	 3.792696e-01	 3.742969e-01	 2.199511e+02	 1.072206e+02	 
 1.946983e-01	 -3.845103e-04	 4.265568e-01	 2.773519e-01	 1.029013e+05	 1.029334e+05	 3.210272e+01	 0	 2.546855e+03	 1.026206e-01	 1.023017e-01	 2.257629e+02	 1.754911e+02	 
 1.872659e-01	 -6.301865e-05	 7.145264e-01	 1.072328e-01	 1.808644e+05	 1.808733e+05	 8.979541e+00	 0	 1.297162e+04	 9.228181e-03	 3.930254e+00	 7.310473e+01	 2.651239e+02	 
 1.790498e-01	 -2.233878e-04	 5.747322e-01	 1.997348e-01	 1.307952e+05	 1.308177e+05	 2.250966e+01	 0	 8.921141e+02	 4.682833e-02	 4.688574e-02	 2.382217e+02	 2.462370e+02	 
 8.650560e-02	 -1.396343e-03	 3.015358e-01	 4.492002e-01	 8.263007e+04	 8.270479e+04	 7.472262e+01	 0	 7.598439e+02	 1.649267e-01	 1.644004e-01	 2.754512e+02	 1.785454e+02	 
 8.650560e-02	 -1.396343e-03	 3.015358e-01	 4.492002e-01	 8.263007e+04	 8.270479e+04	 7.472262e+01	 0	 7.598439e+02	 1.649267e-01	 1.644004e-01	 2.754512e+02	 1.785454e+02	 
 8.650560e-02	 -1.396343e-03	 3.015358e-01	 4.492002e-01	 8.263007e+04	 8.270479e+04	 7.472262e+01	 0	 7.598439e+02	 1.649267e-01	 1.644004e-01	 2.754512e+02	 1.785454e+02	 
 8.650560e-02	 -1.396343e-03	 3.015358e-01	 4.492002e-01	 8.263007e+04	 8.270479e+04	 7.472262e+01	 0	 7.598439e+02	 1.649267e-01	 1.644004e-01	 2.754512e+02	 1.785454e+02	 
 8.650560e-02	 -1.396343e-03	 3.015358e-01	 4.492002e-01	 8.263007e+04	 8.270479e+04	 7.472262e+01	 0	 7.598439e+02	 1.649267e-01	 1.644004e-01	 2.754512e+02	 1.785454e+02	 
 1.946983e-01	 -3.845103e-04	 4.265568e-01	 2.773519e-01	 1.029013e+05	 1.029334e+05	 3.210272e+01	 0	 2.546855e+03	 1.026206e-01	 1.023017e-01	 2.257629e+02	 1.754911e+02	 
 1.946983e-01	 -3.845103e-04	 4.265568e-01	 2.773519e-01	 1.029013e+05	 1.029334e+05	 3.210272e+01	 0	 2.546855e+03	 1.026206e-01	 1.023017e-01	 2.257629e+02	 1.754911e+02	 
 8.650560e-02	 -1.396343e-03	 3.015358e-01	 4.492002e-01	 8.263007e+04	 8.270479e+04	 7.472262e+01	 0	 7.598439e+02	 1.649267e-01	 1.644004e-01	 2.754512e+02	 1.785454e+02	 
 1.922459e-01	 1.257326e-02	 7.541778e-01	 7.866797e-02	 1.032957e+05	 1.022792e+05	 1.016488e+03	 1	 4.579970e+04	 4.454990e-02	 2.592131e+02	 4.905399e+02	 8.143956e+01	 
 1.926948e-01	 1.152060e-02	 7.538229e-01	 7.852812e-02	 1.032048e+05	 1.022792e+05	 9.256350e+02	 1	 4.579215e+04	 4.386230e-02	 2.741690e+02	 5.320090e+02	 8.110889e+01	 
 8.650560e-02	 -1.396343e-03	 3.015358e-01	 4.492002e-01	 8.263007e+04	 8.270479e+04	 7.472262e+01	 0	 7.598439e+02	 1.649267e-01	 1.644004e-01	 2.754512e+02	 1.785454e+02	 
 1.872659e-01	 -6.301865e-05	 7.145264e-01	 1.072328e-01	 1.808644e+05	 1.808733e+05	 8.979541e+00	 0	 1.297162e+04	 9.228181e-03	 3.930254e+00	 7.310473e+01	 2.651239e+02	 
 1.872659e-01	 -6.301865e-05	 7.145264e-01	 1.072328e-01	 1.808644e+05	 1.808733e+05	 8.979541e+00	 0	 1.297162e+04	 9.228181e-03	 3.930254e+00	 7.310473e+01	 2.651239e+02	 
 8.650560e-02	 -1.396343e-03	 3.015358e-01	 4.492002e-01	 8.263007e+04	 8.270479e+04	 7.472262e+01	 0	 7.598439e+02	 1.649267e-01	 1.644004e-01	 2.754512e+02	 1.785454e+02	 
 1.790498e-01	 -2.233878e-04	 5.747322e-01	 1.997348e-01	 1.307952e+05	 1.308177e+05	 2.250966e+01	 0	 8.921141e+02	 4.682833e-02	 4.688574e-02	 2.382217e+02	 2.462370e+02	 
 1.790498e-01	 -2.233878e-04	 5.747322e-01	 1.997348e-01	 1.307952e+05	 1.308177e+05	 2.250966e+01	 0	 8.921141e+02	 4.682833e-02	 4.688574e-02	 2.382217e+02	 2.462370e+02	 
 8.650560e-02	 -1.396343e-03	 3.015358e-01	 4.492002e-01	 8.263007e+04	 8.270479e+04	 7.472262e+01	 0	 7.598439e+02	 1.649267e-01	 1.644004e-01	 2.754512e+02	 1.785454e+02	 
 8.650560e-02	 -1.396343e-03	 3.015358e-01	 4.492002e-01	 8.263007e+04	 8.270479e+04	 7.472262e+01	 0	 7.598439e+02	 1.649267e-01	 1.644004e-01	 2.754512e+02	 1.785454e+02	 
 8.650560e-02	 -1.396343e-03	 3.015358e-01	 4.492002e-01	 8.263007e+04	 8.270479e+04	 7.472262e+01	 0	 7.598439e+02	 1.649267e-01	 1.644004e-01	 2.754512e+02	 1.785454e+02	 
 8.650560e-02	 -1.396343e-03	 3.015358e-01	 4.492002e-01	 8.263007e+04	 8.270479e+04	 7.472262e+01	 0	 7.598439e+02	 1.649267e-01	 1.644004e-01	 2.754512e+02	 1.785454e+02	 
 1.667041e-01	 5.032803e-02	 7.603913e-01	 9.436311e-02	 7.135864e+04	 6.862396e+04	 2.734673e+03	 1	 2.897043e+04	 8.166801e-02	 6.539437e+01	 2.783273e+02	 2.075678e+01	 
 4.341739e-02	 1.168899e-02	 8.047220e-01	 1.777201e-01	 6.923465e+04	 6.862396e+04	 6.106848e+02	 1	 2.994710e+04	 4.228944e-02	 1.540278e+02	 4.189646e+02	 4.834774e+01	 
 8.650560e-02	 -1.396343e-03	 3.015358e-01	 4.492002e-01	 8.263007e+04	 8.270479e+04	 7.472262e+01	 0	 7.598439e+02	 1.649267e-01	 1.644004e-01	 2.754512e+02	 1.785454e+02	 
 1.922459e-01	 1.257326e-02	 7.541778e-01	 7.866797e-02	 1.032957e+05	 1.022792e+05	 1.016488e+03	 1	 4.579970e+04	 4.454990e-02	 2.592131e+02	 4.905399e+02	 8.143956e+01	 
 1.919820e-01	 1.161137e-02	 7.540983e-01	 7.896424e-02	 1.032116e+05	 1.022792e+05	 9.323944e+02	 1	 4.578149e+04	 4.446133e-02	 2.729254e+02	 5.267147e+02	 8.255109e+01	 
 8.650560e-02	 -1.396343e-03	 3.015358e-01	 4.492002e-01	 8.263007e+04	 8.270479e+04	 7.472262e+01	 0	 7.598439e+02	 1.649267e-01	 1.644004e-01	 2.754512e+02	 1.785454e+02	 
 3.326242e-01	 -2.455848e-03	 -2.839515e-01	 5.918711e-01	 9.086743e+04	 9.101240e+04	 1.449694e+02	 0	 1.038235e+04	 3.792696e-01	 3.742969e-01	 2.199511e+02	 1.072206e+02	 
 3.326242e-01	 -2.455848e-03	 -2.839515e-01	 5.918711e-01	 9.086743e+04	 9.101240e+04	 1.449694e+02	 0	 1.038235e+04	 3.792696e-01	 3.742969e-01	 2.199511e+02	 1.072206e+02	 
 8.650560e-02	 -1.396343e-03	 3.015358e-01	 4.492002e-01	 8.263007e+04	 8.270479e+04	 7.472262e+01	 0	 7.598439e+02	 1.649267e-01	 1.644004e-01	 2.754512e+02	 1.785454e+02	 
 1.719363e+00	 -2.077183e-02	 -1.420071e+01	 7.904836e+00	 8.272034e+04	 8.401111e+04	 1.290770e+03	 0	 1.100302e+04	 5.956088e+00	 5.816623e+00	 2.890970e+02	 2.788986e+02	 
 1.719363e+00	 -2.077183e-02	 -1.420071e+01	 7.904836e+00	 8.272034e+04	 8.401111e+04	 1.290770e+03	 0	 1.100302e+04	 5.956088e+00	 5.816623e+00	 2.890970e+02	 2.788986e+02	 
 