8.432045e-03	 8.623232e-01	 9.259391e-02	 9.974459e-02	 1.081266e+03	 5.972604e+00	 
 8.909909e-03	 8.105049e-01	 1.241006e-01	 1.104180e-01	 1.091855e+03	 5.963872e+00	 
 8.909909e-03	 8.105049e-01	 1.241006e-01	 1.104180e-01	 1.091855e+03	 5.963872e+00	 
 8.699815e-03	 8.458154e-01	 9.829726e-02	 1.056926e-01	 1.096208e+03	 5.966919e+00	 
 8.843292e-03	 8.617152e-01	 9.283116e-02	 9.993388e-02	 1.050141e+03	 5.936965e+00	 
 8.689152e-03	 8.507051e-01	 9.406318e-02	 1.054264e-01	 1.098549e+03	 5.967004e+00	 
 6.155852e-04	 9.713651e-01	 1.725973e-01	 8.133292e-03	 3.363764e+01	 4.413166e+00	 
 6.244196e-04	 9.717876e-01	 1.722626e-01	 8.068734e-03	 3.317260e+01	 4.398151e+00	 
 5.806126e-04	 9.712822e-01	 1.721868e-01	 8.419672e-03	 3.607317e+01	 4.446603e+00	 
 5.755255e-04	 9.733971e-01	 1.719447e-01	 7.311067e-03	 3.667011e+01	 4.408892e+00	 
 6.339278e-04	 9.723884e-01	 1.723125e-01	 7.684167e-03	 3.265341e+01	 4.378659e+00	 
 6.656713e-04	 9.710776e-01	 1.722223e-01	 8.387633e-03	 4.280965e+01	 4.447506e+00	 
 3.202865e-02	 2.670287e-01	 2.437721e-01	 3.105453e-01	 4.333571e+03	 8.126836e+00	 
 2.868658e-02	 1.833641e-01	 3.303234e-01	 3.198914e-01	 3.774890e+03	 7.315565e+00	 
 2.763259e-02	 1.540194e-01	 3.452620e-01	 3.313968e-01	 3.733111e+03	 7.366749e+00	 
 3.794079e-02	 2.948850e-01	 1.644087e-01	 3.283874e-01	 5.201652e+03	 8.534561e+00	 
 3.180321e-02	 2.781817e-01	 2.168288e-01	 3.193013e-01	 4.478163e+03	 8.300141e+00	 
 3.100227e-02	 2.764144e-01	 2.212118e-01	 3.197401e-01	 4.365221e+03	 8.274653e+00	 
 5.816836e-03	 8.540598e-01	 2.689769e-01	 1.234769e-02	 2.883967e+02	 4.790991e+00	 
 5.390017e-03	 8.722820e-01	 2.654778e-01	 3.869586e-03	 2.984697e+02	 4.725272e+00	 
 5.816836e-03	 8.540598e-01	 2.689769e-01	 1.234769e-02	 2.883967e+02	 4.790991e+00	 
 6.439427e-03	 8.532099e-01	 2.563722e-01	 1.976860e-02	 2.794771e+02	 4.809010e+00	 
 5.816836e-03	 8.540598e-01	 2.689769e-01	 1.234769e-02	 2.883967e+02	 4.790991e+00	 
 6.591590e-03	 8.544154e-01	 2.489927e-01	 2.329192e-02	 2.730985e+02	 4.819314e+00	 
 1.162433e-02	 8.902720e-01	 2.314167e-02	 1.319939e-01	 2.608166e+00	 5.508684e+00	 
 1.019100e-02	 8.762437e-01	 7.838268e-02	 1.083094e-01	 1.198279e+02	 5.368229e+00	 
 1.161121e-02	 8.896766e-01	 2.405040e-02	 1.318231e-01	 3.048409e+00	 5.506600e+00	 
 1.233723e-02	 8.869679e-01	 2.823803e-03	 1.451239e-01	 1.798395e+01	 5.580099e+00	 
 1.061813e-02	 8.862707e-01	 2.787142e-02	 1.319477e-01	 6.916837e+01	 5.516581e+00	 
 1.019100e-02	 8.762437e-01	 7.838268e-02	 1.083094e-01	 1.198279e+02	 5.368229e+00	 
 6.319567e-03	 8.971625e-01	 1.771511e-01	 4.229567e-02	 8.531902e-01	 4.857929e+00	 
 6.716928e-03	 8.976594e-01	 1.721339e-01	 4.470899e-02	 1.518665e+01	 4.876802e+00	 
 6.568072e-03	 8.978923e-01	 1.772939e-01	 4.168638e-02	 1.641138e+01	 4.849455e+00	 
 6.445155e-03	 9.152844e-01	 1.754847e-01	 3.228853e-02	 1.532387e+01	 4.830397e+00	 
 6.319567e-03	 8.971625e-01	 1.771511e-01	 4.229567e-02	 8.531902e-01	 4.857929e+00	 
 7.132375e-03	 8.972838e-01	 1.705314e-01	 4.560122e-02	 2.626396e+01	 4.882413e+00	 
 1.019100e-02	 8.762437e-01	 7.838268e-02	 1.083094e-01	 1.198279e+02	 5.368229e+00	 
 1.235074e-02	 8.875896e-01	 1.891817e-03	 1.452920e-01	 1.759074e+01	 5.582104e+00	 
 1.107654e-02	 8.886198e-01	 2.471358e-02	 1.322695e-01	 3.545988e+01	 5.514258e+00	 
 1.233723e-02	 8.869679e-01	 2.823803e-03	 1.451239e-01	 1.798395e+01	 5.580099e+00	 
 1.169041e-02	 8.848234e-01	 7.614517e-03	 1.438538e-01	 5.579646e+01	 5.577569e+00	 
 1.097753e-02	 9.167676e-01	 1.998038e-02	 1.179378e-01	 9.909158e+01	 5.511232e+00	 
 7.018900e-03	 9.242613e-01	 1.411280e-01	 4.694907e-02	 3.260950e+01	 4.973857e+00	 
 8.579819e-03	 9.212173e-01	 9.350753e-02	 7.490171e-02	 1.991564e+01	 5.212811e+00	 
 6.393248e-03	 9.387317e-01	 1.486844e-01	 3.416887e-02	 7.166966e+00	 4.932513e+00	 
 6.445155e-03	 9.152844e-01	 1.754847e-01	 3.228853e-02	 1.532387e+01	 4.830397e+00	 
 6.445155e-03	 9.152844e-01	 1.754847e-01	 3.228853e-02	 1.532387e+01	 4.830397e+00	 
 6.886057e-03	 9.243605e-01	 1.454476e-01	 4.450069e-02	 3.601480e+01	 4.950876e+00	 
 1.580199e-02	 1.899421e-01	 3.932975e-01	 3.004274e-01	 2.519436e+03	 6.916181e+00	 
 1.664407e-02	 2.242717e-01	 3.573337e-01	 2.969789e-01	 2.774899e+03	 7.206761e+00	 
 1.688235e-02	 2.362940e-01	 3.518986e-01	 2.921669e-01	 2.776854e+03	 7.371607e+00	 
 1.688235e-02	 2.362940e-01	 3.518986e-01	 2.921669e-01	 2.776854e+03	 7.371607e+00	 
 1.725664e-02	 2.373574e-01	 3.484345e-01	 2.928977e-01	 2.818959e+03	 7.397282e+00	 
 1.725664e-02	 2.373574e-01	 3.484345e-01	 2.928977e-01	 2.818959e+03	 7.397282e+00	 
 1.235485e-02	 3.959133e-02	 5.332811e-01	 3.214302e-01	 1.825466e+03	 8.538006e+00	 
 1.311349e-02	 5.340965e-02	 5.282904e-01	 3.145755e-01	 1.833390e+03	 8.445608e+00	 
 1.288882e-02	 4.194859e-02	 5.318663e-01	 3.200330e-01	 1.847185e+03	 8.507552e+00	 
 1.269932e-02	 4.903154e-02	 5.324577e-01	 3.160654e-01	 1.762638e+03	 8.472042e+00	 
 1.272775e-02	 3.474236e-02	 5.386308e-01	 3.210337e-01	 1.811348e+03	 8.550034e+00	 
 1.267887e-02	 4.433301e-02	 5.314798e-01	 3.190422e-01	 1.831392e+03	 8.503791e+00	 
 