1.204153e-02	 3.391146e+00	 -1.414818e+00	 -5.324008e-01	 5.975378e+04	 5.975378e+04	 0	 
 1.204153e-02	 3.391146e+00	 -1.414818e+00	 -5.324008e-01	 5.975378e+04	 5.975378e+04	 0	 
 1.204153e-02	 3.391146e+00	 -1.414818e+00	 -5.324008e-01	 5.975378e+04	 5.975378e+04	 0	 
 1.204153e-02	 3.391146e+00	 -1.414818e+00	 -5.324008e-01	 5.975378e+04	 5.975378e+04	 0	 
 1.204153e-02	 3.391146e+00	 -1.414818e+00	 -5.324008e-01	 5.975378e+04	 5.975378e+04	 0	 
 1.204153e-02	 3.391146e+00	 -1.414818e+00	 -5.324008e-01	 5.975378e+04	 5.975378e+04	 0	 
 3.082122e-02	 -7.762325e-01	 9.184483e+00	 -4.482563e+00	 1.081969e+05	 1.081969e+05	 0	 
 3.082122e-02	 -7.762325e-01	 9.184483e+00	 -4.482563e+00	 1.081969e+05	 1.081969e+05	 0	 
 3.082122e-02	 -7.762325e-01	 9.184483e+00	 -4.482563e+00	 1.081969e+05	 1.081969e+05	 0	 
 3.082122e-02	 -7.762325e-01	 9.184483e+00	 -4.482563e+00	 1.081969e+05	 1.081969e+05	 0	 
 3.082122e-02	 -7.762325e-01	 9.184483e+00	 -4.482563e+00	 1.081969e+05	 1.081969e+05	 0	 
 3.082122e-02	 -7.762325e-01	 9.184483e+00	 -4.482563e+00	 1.081969e+05	 1.081969e+05	 0	 
 9.458903e-03	 1.511703e+00	 2.910461e+00	 -2.024052e+00	 1.234050e+05	 1.234050e+05	 0	 
 9.458903e-03	 1.511703e+00	 2.910461e+00	 -2.024052e+00	 1.234050e+05	 1.234050e+05	 0	 
 9.458903e-03	 1.511703e+00	 2.910461e+00	 -2.024052e+00	 1.234050e+05	 1.234050e+05	 0	 
 9.458903e-03	 1.511703e+00	 2.910461e+00	 -2.024052e+00	 1.234050e+05	 1.234050e+05	 0	 
 9.458903e-03	 1.511703e+00	 2.910461e+00	 -2.024052e+00	 1.234050e+05	 1.234050e+05	 0	 
 9.458903e-03	 1.511703e+00	 2.910461e+00	 -2.024052e+00	 1.234050e+05	 1.234050e+05	 0	 
 5.414829e-04	 3.949595e-01	 7.024797e-01	 3.375129e-02	 7.784927e+04	 7.712896e+04	 1	 
 5.414829e-04	 3.949595e-01	 7.024797e-01	 3.375129e-02	 7.784927e+04	 7.712896e+04	 1	 
 5.414829e-04	 3.949595e-01	 7.024797e-01	 3.375129e-02	 7.784927e+04	 7.712896e+04	 1	 
 5.414829e-04	 3.949595e-01	 7.024797e-01	 3.375129e-02	 7.784927e+04	 7.712896e+04	 1	 
 5.414829e-04	 3.949595e-01	 7.024797e-01	 3.375129e-02	 7.784927e+04	 7.712896e+04	 1	 
 5.414829e-04	 3.949595e-01	 7.024797e-01	 3.375129e-02	 7.784927e+04	 7.712896e+04	 1	 
 7.961312e-03	 -1.210645e+00	 6.840108e+00	 -2.746232e+00	 7.099836e+04	 7.099836e+04	 0	 
 7.961312e-03	 -1.210645e+00	 6.840108e+00	 -2.746232e+00	 7.099836e+04	 7.099836e+04	 0	 
 7.961312e-03	 -1.210645e+00	 6.840108e+00	 -2.746232e+00	 7.099836e+04	 7.099836e+04	 0	 
 7.961312e-03	 -1.210645e+00	 6.840108e+00	 -2.746232e+00	 7.099836e+04	 7.099836e+04	 0	 
 7.961312e-03	 -1.210645e+00	 6.840108e+00	 -2.746232e+00	 7.099836e+04	 7.099836e+04	 0	 
 7.961312e-03	 -1.210645e+00	 6.840108e+00	 -2.746232e+00	 7.099836e+04	 7.099836e+04	 0	 
 -4.309153e-02	 9.206687e+00	 -3.395137e+01	 1.588565e+01	 1.000412e+05	 1.000412e+05	 0	 
 -4.309153e-02	 9.206687e+00	 -3.395137e+01	 1.588565e+01	 1.000412e+05	 1.000412e+05	 0	 
 -4.309153e-02	 9.206687e+00	 -3.395137e+01	 1.588565e+01	 1.000412e+05	 1.000412e+05	 0	 
 -4.309153e-02	 9.206687e+00	 -3.395137e+01	 1.588565e+01	 1.000412e+05	 1.000412e+05	 0	 
 -4.309153e-02	 9.206687e+00	 -3.395137e+01	 1.588565e+01	 1.000412e+05	 1.000412e+05	 0	 
 -4.309153e-02	 9.206687e+00	 -3.395137e+01	 1.588565e+01	 1.000412e+05	 1.000412e+05	 0	 
 -4.470948e-03	 -1.859019e+00	 1.103996e+00	 1.196457e+00	 1.188629e+05	 1.188629e+05	 0	 
 -4.470948e-03	 -1.859019e+00	 1.103996e+00	 1.196457e+00	 1.188629e+05	 1.188629e+05	 0	 
 -4.470948e-03	 -1.859019e+00	 1.103996e+00	 1.196457e+00	 1.188629e+05	 1.188629e+05	 0	 
 -4.470948e-03	 -1.859019e+00	 1.103996e+00	 1.196457e+00	 1.188629e+05	 1.188629e+05	 0	 
 -4.470948e-03	 -1.859019e+00	 1.103996e+00	 1.196457e+00	 1.188629e+05	 1.188629e+05	 0	 
 -4.470948e-03	 -1.859019e+00	 1.103996e+00	 1.196457e+00	 1.188629e+05	 1.188629e+05	 0	 
 4.324248e-02	 5.201152e-01	 3.143000e-01	 1.788544e-01	 9.945377e+04	 9.113658e+04	 1	 
 4.324248e-02	 5.201152e-01	 3.143000e-01	 1.788544e-01	 9.945377e+04	 9.113658e+04	 1	 
 4.324248e-02	 5.201152e-01	 3.143000e-01	 1.788544e-01	 9.945377e+04	 9.113658e+04	 1	 
 4.324248e-02	 5.201152e-01	 3.143000e-01	 1.788544e-01	 9.945377e+04	 9.113658e+04	 1	 
 4.324248e-02	 5.201152e-01	 3.143000e-01	 1.788544e-01	 9.945377e+04	 9.113658e+04	 1	 
 4.324248e-02	 5.201152e-01	 3.143000e-01	 1.788544e-01	 9.945377e+04	 9.113658e+04	 1	 
 -1.663053e-03	 -1.654566e-01	 4.306738e-01	 5.493240e-01	 1.107469e+05	 1.107469e+05	 0	 
 -1.663053e-03	 -1.654566e-01	 4.306738e-01	 5.493240e-01	 1.107469e+05	 1.107469e+05	 0	 
 -1.663053e-03	 -1.654566e-01	 4.306738e-01	 5.493240e-01	 1.107469e+05	 1.107469e+05	 0	 
 -1.663053e-03	 -1.654566e-01	 4.306738e-01	 5.493240e-01	 1.107469e+05	 1.107469e+05	 0	 
 -1.663053e-03	 -1.654566e-01	 4.306738e-01	 5.493240e-01	 1.107469e+05	 1.107469e+05	 0	 
 -1.663053e-03	 -1.654566e-01	 4.306738e-01	 5.493240e-01	 1.107469e+05	 1.107469e+05	 0	 
 4.665148e-04	 -8.598712e-01	 1.991636e+00	 2.330198e-02	 9.019858e+04	 9.019858e+04	 0	 
 4.665148e-04	 -8.598712e-01	 1.991636e+00	 2.330198e-02	 9.019858e+04	 9.019858e+04	 0	 
 4.665148e-04	 -8.598712e-01	 1.991636e+00	 2.330198e-02	 9.019858e+04	 9.019858e+04	 0	 
 4.665148e-04	 -8.598712e-01	 1.991636e+00	 2.330198e-02	 9.019858e+04	 9.019858e+04	 0	 
 4.665148e-04	 -8.598712e-01	 1.991636e+00	 2.330198e-02	 9.019858e+04	 9.019858e+04	 0	 
 4.665148e-04	 -8.598712e-01	 1.991636e+00	 2.330198e-02	 9.019858e+04	 9.019858e+04	 0	 
 4.665148e-04	 -8.598712e-01	 1.991636e+00	 2.330198e-02	 9.019858e+04	 9.019858e+04	 0	 
 4.665148e-04	 -8.598712e-01	 1.991636e+00	 2.330198e-02	 9.019858e+04	 9.019858e+04	 0	 
 4.665148e-04	 -8.598712e-01	 1.991636e+00	 2.330198e-02	 9.019858e+04	 9.019858e+04	 0	 
 4.665148e-04	 -8.598712e-01	 1.991636e+00	 2.330198e-02	 9.019858e+04	 9.019858e+04	 0	 
 4.665148e-04	 -8.598712e-01	 1.991636e+00	 2.330198e-02	 9.019858e+04	 9.019858e+04	 0	 
 4.665148e-04	 -8.598712e-01	 1.991636e+00	 2.330198e-02	 9.019858e+04	 9.019858e+04	 0	 
 3.980969e-04	 2.525987e-01	 6.697617e-01	 1.426664e-01	 7.784608e+04	 7.784925e+04	 1	 
 3.980969e-04	 2.525987e-01	 6.697617e-01	 1.426664e-01	 7.784608e+04	 7.784925e+04	 1	 
 3.980969e-04	 2.525987e-01	 6.697617e-01	 1.426664e-01	 7.784608e+04	 7.784925e+04	 1	 
 3.980969e-04	 2.525987e-01	 6.697617e-01	 1.426664e-01	 7.784608e+04	 7.784925e+04	 1	 
 3.980969e-04	 2.525987e-01	 6.697617e-01	 1.426664e-01	 7.784608e+04	 7.784925e+04	 1	 
 3.980969e-04	 2.525987e-01	 6.697617e-01	 1.426664e-01	 7.784608e+04	 7.784925e+04	 1	 
 3.480727e-04	 2.579428e-01	 6.635389e-01	 1.431682e-01	 7.784457e+04	 7.784602e+04	 1	 
 3.480727e-04	 2.579428e-01	 6.635389e-01	 1.431682e-01	 7.784457e+04	 7.784602e+04	 1	 
 3.480727e-04	 2.579428e-01	 6.635389e-01	 1.431682e-01	 7.784457e+04	 7.784602e+04	 1	 
 3.480727e-04	 2.579428e-01	 6.635389e-01	 1.431682e-01	 7.784457e+04	 7.784602e+04	 1	 
 3.480727e-04	 2.579428e-01	 6.635389e-01	 1.431682e-01	 7.784457e+04	 7.784602e+04	 1	 
 3.480727e-04	 2.579428e-01	 6.635389e-01	 1.431682e-01	 7.784457e+04	 7.784602e+04	 1	 
 4.665148e-04	 -8.598712e-01	 1.991636e+00	 2.330198e-02	 9.019858e+04	 9.019858e+04	 0	 
 4.665148e-04	 -8.598712e-01	 1.991636e+00	 2.330198e-02	 9.019858e+04	 9.019858e+04	 0	 
 4.665148e-04	 -8.598712e-01	 1.991636e+00	 2.330198e-02	 9.019858e+04	 9.019858e+04	 0	 
 4.665148e-04	 -8.598712e-01	 1.991636e+00	 2.330198e-02	 9.019858e+04	 9.019858e+04	 0	 
 4.665148e-04	 -8.598712e-01	 1.991636e+00	 2.330198e-02	 9.019858e+04	 9.019858e+04	 0	 
 4.665148e-04	 -8.598712e-01	 1.991636e+00	 2.330198e-02	 9.019858e+04	 9.019858e+04	 0	 
 -1.663053e-03	 -1.654566e-01	 4.306738e-01	 5.493240e-01	 1.107469e+05	 1.107469e+05	 0	 
 -1.663053e-03	 -1.654566e-01	 4.306738e-01	 5.493240e-01	 1.107469e+05	 1.107469e+05	 0	 
 -1.663053e-03	 -1.654566e-01	 4.306738e-01	 5.493240e-01	 1.107469e+05	 1.107469e+05	 0	 
 -1.663053e-03	 -1.654566e-01	 4.306738e-01	 5.493240e-01	 1.107469e+05	 1.107469e+05	 0	 
 -1.663053e-03	 -1.654566e-01	 4.306738e-01	 5.493240e-01	 1.107469e+05	 1.107469e+05	 0	 
 -1.663053e-03	 -1.654566e-01	 4.306738e-01	 5.493240e-01	 1.107469e+05	 1.107469e+05	 0	 
 -1.663053e-03	 -1.654566e-01	 4.306738e-01	 5.493240e-01	 1.107469e+05	 1.107469e+05	 0	 
 -1.663053e-03	 -1.654566e-01	 4.306738e-01	 5.493240e-01	 1.107469e+05	 1.107469e+05	 0	 
 -1.663053e-03	 -1.654566e-01	 4.306738e-01	 5.493240e-01	 1.107469e+05	 1.107469e+05	 0	 
 -1.663053e-03	 -1.654566e-01	 4.306738e-01	 5.493240e-01	 1.107469e+05	 1.107469e+05	 0	 
 -1.663053e-03	 -1.654566e-01	 4.306738e-01	 5.493240e-01	 1.107469e+05	 1.107469e+05	 0	 
 -1.663053e-03	 -1.654566e-01	 4.306738e-01	 5.493240e-01	 1.107469e+05	 1.107469e+05	 0	 
 4.665148e-04	 -8.598712e-01	 1.991636e+00	 2.330198e-02	 9.019858e+04	 9.019858e+04	 0	 
 4.665148e-04	 -8.598712e-01	 1.991636e+00	 2.330198e-02	 9.019858e+04	 9.019858e+04	 0	 
 4.665148e-04	 -8.598712e-01	 1.991636e+00	 2.330198e-02	 9.019858e+04	 9.019858e+04	 0	 
 4.665148e-04	 -8.598712e-01	 1.991636e+00	 2.330198e-02	 9.019858e+04	 9.019858e+04	 0	 
 4.665148e-04	 -8.598712e-01	 1.991636e+00	 2.330198e-02	 9.019858e+04	 9.019858e+04	 0	 
 4.665148e-04	 -8.598712e-01	 1.991636e+00	 2.330198e-02	 9.019858e+04	 9.019858e+04	 0	 
 3.086111e-02	 3.527359e-01	 5.163586e-01	 1.632735e-01	 9.853478e+04	 9.945377e+04	 1	 
 3.086111e-02	 3.527359e-01	 5.163586e-01	 1.632735e-01	 9.853478e+04	 9.945377e+04	 1	 
 3.086111e-02	 3.527359e-01	 5.163586e-01	 1.632735e-01	 9.853478e+04	 9.945377e+04	 1	 
 3.086111e-02	 3.527359e-01	 5.163586e-01	 1.632735e-01	 9.853478e+04	 9.945377e+04	 1	 
 3.086111e-02	 3.527359e-01	 5.163586e-01	 1.632735e-01	 9.853478e+04	 9.945377e+04	 1	 
 3.086111e-02	 3.527359e-01	 5.163586e-01	 1.632735e-01	 9.853478e+04	 9.945377e+04	 1	 
 2.714959e-02	 4.139552e-01	 4.458608e-01	 1.684615e-01	 9.813347e+04	 9.853478e+04	 1	 
 2.714959e-02	 4.139552e-01	 4.458608e-01	 1.684615e-01	 9.813347e+04	 9.853478e+04	 1	 
 2.714959e-02	 4.139552e-01	 4.458608e-01	 1.684615e-01	 9.813347e+04	 9.853478e+04	 1	 
 2.714959e-02	 4.139552e-01	 4.458608e-01	 1.684615e-01	 9.813347e+04	 9.853478e+04	 1	 
 2.714959e-02	 4.139552e-01	 4.458608e-01	 1.684615e-01	 9.813347e+04	 9.853478e+04	 1	 
 2.714959e-02	 4.139552e-01	 4.458608e-01	 1.684615e-01	 9.813347e+04	 9.853478e+04	 1	 
 4.665148e-04	 -8.598712e-01	 1.991636e+00	 2.330198e-02	 9.019858e+04	 9.019858e+04	 0	 
 4.665148e-04	 -8.598712e-01	 1.991636e+00	 2.330198e-02	 9.019858e+04	 9.019858e+04	 0	 
 4.665148e-04	 -8.598712e-01	 1.991636e+00	 2.330198e-02	 9.019858e+04	 9.019858e+04	 0	 
 4.665148e-04	 -8.598712e-01	 1.991636e+00	 2.330198e-02	 9.019858e+04	 9.019858e+04	 0	 
 4.665148e-04	 -8.598712e-01	 1.991636e+00	 2.330198e-02	 9.019858e+04	 9.019858e+04	 0	 
 4.665148e-04	 -8.598712e-01	 1.991636e+00	 2.330198e-02	 9.019858e+04	 9.019858e+04	 0	 
 4.665148e-04	 -8.598712e-01	 1.991636e+00	 2.330198e-02	 9.019858e+04	 9.019858e+04	 0	 
 4.665148e-04	 -8.598712e-01	 1.991636e+00	 2.330198e-02	 9.019858e+04	 9.019858e+04	 0	 
 4.665148e-04	 -8.598712e-01	 1.991636e+00	 2.330198e-02	 9.019858e+04	 9.019858e+04	 0	 
 4.665148e-04	 -8.598712e-01	 1.991636e+00	 2.330198e-02	 9.019858e+04	 9.019858e+04	 0	 
 4.665148e-04	 -8.598712e-01	 1.991636e+00	 2.330198e-02	 9.019858e+04	 9.019858e+04	 0	 
 4.665148e-04	 -8.598712e-01	 1.991636e+00	 2.330198e-02	 9.019858e+04	 9.019858e+04	 0	 
 4.665148e-04	 -8.598712e-01	 1.991636e+00	 2.330198e-02	 9.019858e+04	 9.019858e+04	 0	 
 4.665148e-04	 -8.598712e-01	 1.991636e+00	 2.330198e-02	 9.019858e+04	 9.019858e+04	 0	 
 4.665148e-04	 -8.598712e-01	 1.991636e+00	 2.330198e-02	 9.019858e+04	 9.019858e+04	 0	 
 4.665148e-04	 -8.598712e-01	 1.991636e+00	 2.330198e-02	 9.019858e+04	 9.019858e+04	 0	 
 4.665148e-04	 -8.598712e-01	 1.991636e+00	 2.330198e-02	 9.019858e+04	 9.019858e+04	 0	 
 4.665148e-04	 -8.598712e-01	 1.991636e+00	 2.330198e-02	 9.019858e+04	 9.019858e+04	 0	 
 4.665148e-04	 -8.598712e-01	 1.991636e+00	 2.330198e-02	 9.019858e+04	 9.019858e+04	 0	 
 4.665148e-04	 -8.598712e-01	 1.991636e+00	 2.330198e-02	 9.019858e+04	 9.019858e+04	 0	 
 4.665148e-04	 -8.598712e-01	 1.991636e+00	 2.330198e-02	 9.019858e+04	 9.019858e+04	 0	 
 4.665148e-04	 -8.598712e-01	 1.991636e+00	 2.330198e-02	 9.019858e+04	 9.019858e+04	 0	 
 4.665148e-04	 -8.598712e-01	 1.991636e+00	 2.330198e-02	 9.019858e+04	 9.019858e+04	 0	 
 4.665148e-04	 -8.598712e-01	 1.991636e+00	 2.330198e-02	 9.019858e+04	 9.019858e+04	 0	 
 3.086111e-02	 3.527359e-01	 5.163586e-01	 1.632735e-01	 9.853478e+04	 9.945377e+04	 1	 
 3.086111e-02	 3.527359e-01	 5.163586e-01	 1.632735e-01	 9.853478e+04	 9.945377e+04	 1	 
 3.086111e-02	 3.527359e-01	 5.163586e-01	 1.632735e-01	 9.853478e+04	 9.945377e+04	 1	 
 3.086111e-02	 3.527359e-01	 5.163586e-01	 1.632735e-01	 9.853478e+04	 9.945377e+04	 1	 
 3.086111e-02	 3.527359e-01	 5.163586e-01	 1.632735e-01	 9.853478e+04	 9.945377e+04	 1	 
 3.086111e-02	 3.527359e-01	 5.163586e-01	 1.632735e-01	 9.853478e+04	 9.945377e+04	 1	 
 2.774699e-02	 4.041014e-01	 4.572080e-01	 1.676264e-01	 9.819806e+04	 9.870652e+04	 1	 
 2.774699e-02	 4.041014e-01	 4.572080e-01	 1.676264e-01	 9.819806e+04	 9.870652e+04	 1	 
 2.774699e-02	 4.041014e-01	 4.572080e-01	 1.676264e-01	 9.819806e+04	 9.870652e+04	 1	 
 2.774699e-02	 4.041014e-01	 4.572080e-01	 1.676264e-01	 9.819806e+04	 9.870652e+04	 1	 
 2.774699e-02	 4.041014e-01	 4.572080e-01	 1.676264e-01	 9.819806e+04	 9.870652e+04	 1	 
 2.774699e-02	 4.041014e-01	 4.572080e-01	 1.676264e-01	 9.819806e+04	 9.870652e+04	 1	 
 4.665148e-04	 -8.598712e-01	 1.991636e+00	 2.330198e-02	 9.019858e+04	 9.019858e+04	 0	 
 4.665148e-04	 -8.598712e-01	 1.991636e+00	 2.330198e-02	 9.019858e+04	 9.019858e+04	 0	 
 4.665148e-04	 -8.598712e-01	 1.991636e+00	 2.330198e-02	 9.019858e+04	 9.019858e+04	 0	 
 4.665148e-04	 -8.598712e-01	 1.991636e+00	 2.330198e-02	 9.019858e+04	 9.019858e+04	 0	 
 4.665148e-04	 -8.598712e-01	 1.991636e+00	 2.330198e-02	 9.019858e+04	 9.019858e+04	 0	 
 4.665148e-04	 -8.598712e-01	 1.991636e+00	 2.330198e-02	 9.019858e+04	 9.019858e+04	 0	 
 3.980969e-04	 2.525987e-01	 6.697617e-01	 1.426664e-01	 7.784608e+04	 7.784925e+04	 1	 
 3.980969e-04	 2.525987e-01	 6.697617e-01	 1.426664e-01	 7.784608e+04	 7.784925e+04	 1	 
 3.980969e-04	 2.525987e-01	 6.697617e-01	 1.426664e-01	 7.784608e+04	 7.784925e+04	 1	 
 3.980969e-04	 2.525987e-01	 6.697617e-01	 1.426664e-01	 7.784608e+04	 7.784925e+04	 1	 
 3.980969e-04	 2.525987e-01	 6.697617e-01	 1.426664e-01	 7.784608e+04	 7.784925e+04	 1	 
 3.980969e-04	 2.525987e-01	 6.697617e-01	 1.426664e-01	 7.784608e+04	 7.784925e+04	 1	 
 3.669879e-04	 2.579441e-01	 6.635391e-01	 1.431673e-01	 7.784639e+04	 7.784820e+04	 1	 
 3.669879e-04	 2.579441e-01	 6.635391e-01	 1.431673e-01	 7.784639e+04	 7.784820e+04	 1	 
 3.669879e-04	 2.579441e-01	 6.635391e-01	 1.431673e-01	 7.784639e+04	 7.784820e+04	 1	 
 3.669879e-04	 2.579441e-01	 6.635391e-01	 1.431673e-01	 7.784639e+04	 7.784820e+04	 1	 
 3.669879e-04	 2.579441e-01	 6.635391e-01	 1.431673e-01	 7.784639e+04	 7.784820e+04	 1	 
 3.669879e-04	 2.579441e-01	 6.635391e-01	 1.431673e-01	 7.784639e+04	 7.784820e+04	 1	 
 4.665148e-04	 -8.598712e-01	 1.991636e+00	 2.330198e-02	 9.019858e+04	 9.019858e+04	 0	 
 4.665148e-04	 -8.598712e-01	 1.991636e+00	 2.330198e-02	 9.019858e+04	 9.019858e+04	 0	 
 4.665148e-04	 -8.598712e-01	 1.991636e+00	 2.330198e-02	 9.019858e+04	 9.019858e+04	 0	 
 4.665148e-04	 -8.598712e-01	 1.991636e+00	 2.330198e-02	 9.019858e+04	 9.019858e+04	 0	 
 4.665148e-04	 -8.598712e-01	 1.991636e+00	 2.330198e-02	 9.019858e+04	 9.019858e+04	 0	 
 4.665148e-04	 -8.598712e-01	 1.991636e+00	 2.330198e-02	 9.019858e+04	 9.019858e+04	 0	 
 3.086111e-02	 3.527359e-01	 5.163586e-01	 1.632735e-01	 9.853478e+04	 9.945377e+04	 1	 
 3.086111e-02	 3.527359e-01	 5.163586e-01	 1.632735e-01	 9.853478e+04	 9.945377e+04	 1	 
 3.086111e-02	 3.527359e-01	 5.163586e-01	 1.632735e-01	 9.853478e+04	 9.945377e+04	 1	 
 3.086111e-02	 3.527359e-01	 5.163586e-01	 1.632735e-01	 9.853478e+04	 9.945377e+04	 1	 
 3.086111e-02	 3.527359e-01	 5.163586e-01	 1.632735e-01	 9.853478e+04	 9.945377e+04	 1	 
 3.086111e-02	 3.527359e-01	 5.163586e-01	 1.632735e-01	 9.853478e+04	 9.945377e+04	 1	 
 2.714951e-02	 4.139538e-01	 4.458625e-01	 1.684613e-01	 9.813346e+04	 9.853478e+04	 1	 
 2.714951e-02	 4.139538e-01	 4.458625e-01	 1.684613e-01	 9.813346e+04	 9.853478e+04	 1	 
 2.714951e-02	 4.139538e-01	 4.458625e-01	 1.684613e-01	 9.813346e+04	 9.853478e+04	 1	 
 2.714951e-02	 4.139538e-01	 4.458625e-01	 1.684613e-01	 9.813346e+04	 9.853478e+04	 1	 
 2.714951e-02	 4.139538e-01	 4.458625e-01	 1.684613e-01	 9.813346e+04	 9.853478e+04	 1	 
 2.714951e-02	 4.139538e-01	 4.458625e-01	 1.684613e-01	 9.813346e+04	 9.853478e+04	 1	 
 4.665148e-04	 -8.598712e-01	 1.991636e+00	 2.330198e-02	 9.019858e+04	 9.019858e+04	 0	 
 4.665148e-04	 -8.598712e-01	 1.991636e+00	 2.330198e-02	 9.019858e+04	 9.019858e+04	 0	 
 4.665148e-04	 -8.598712e-01	 1.991636e+00	 2.330198e-02	 9.019858e+04	 9.019858e+04	 0	 
 4.665148e-04	 -8.598712e-01	 1.991636e+00	 2.330198e-02	 9.019858e+04	 9.019858e+04	 0	 
 4.665148e-04	 -8.598712e-01	 1.991636e+00	 2.330198e-02	 9.019858e+04	 9.019858e+04	 0	 
 4.665148e-04	 -8.598712e-01	 1.991636e+00	 2.330198e-02	 9.019858e+04	 9.019858e+04	 0	 
 9.458903e-03	 1.511703e+00	 2.910461e+00	 -2.024052e+00	 1.234050e+05	 1.234050e+05	 0	 
 9.458903e-03	 1.511703e+00	 2.910461e+00	 -2.024052e+00	 1.234050e+05	 1.234050e+05	 0	 
 9.458903e-03	 1.511703e+00	 2.910461e+00	 -2.024052e+00	 1.234050e+05	 1.234050e+05	 0	 
 9.458903e-03	 1.511703e+00	 2.910461e+00	 -2.024052e+00	 1.234050e+05	 1.234050e+05	 0	 
 9.458903e-03	 1.511703e+00	 2.910461e+00	 -2.024052e+00	 1.234050e+05	 1.234050e+05	 0	 
 9.458903e-03	 1.511703e+00	 2.910461e+00	 -2.024052e+00	 1.234050e+05	 1.234050e+05	 0	 
 9.458903e-03	 1.511703e+00	 2.910461e+00	 -2.024052e+00	 1.234050e+05	 1.234050e+05	 0	 
 9.458903e-03	 1.511703e+00	 2.910461e+00	 -2.024052e+00	 1.234050e+05	 1.234050e+05	 0	 
 9.458903e-03	 1.511703e+00	 2.910461e+00	 -2.024052e+00	 1.234050e+05	 1.234050e+05	 0	 
 9.458903e-03	 1.511703e+00	 2.910461e+00	 -2.024052e+00	 1.234050e+05	 1.234050e+05	 0	 
 9.458903e-03	 1.511703e+00	 2.910461e+00	 -2.024052e+00	 1.234050e+05	 1.234050e+05	 0	 
 9.458903e-03	 1.511703e+00	 2.910461e+00	 -2.024052e+00	 1.234050e+05	 1.234050e+05	 0	 
 4.665148e-04	 -8.598712e-01	 1.991636e+00	 2.330198e-02	 9.019858e+04	 9.019858e+04	 0	 
 4.665148e-04	 -8.598712e-01	 1.991636e+00	 2.330198e-02	 9.019858e+04	 9.019858e+04	 0	 
 4.665148e-04	 -8.598712e-01	 1.991636e+00	 2.330198e-02	 9.019858e+04	 9.019858e+04	 0	 
 4.665148e-04	 -8.598712e-01	 1.991636e+00	 2.330198e-02	 9.019858e+04	 9.019858e+04	 0	 
 4.665148e-04	 -8.598712e-01	 1.991636e+00	 2.330198e-02	 9.019858e+04	 9.019858e+04	 0	 
 4.665148e-04	 -8.598712e-01	 1.991636e+00	 2.330198e-02	 9.019858e+04	 9.019858e+04	 0	 
 9.458903e-03	 1.511703e+00	 2.910461e+00	 -2.024052e+00	 1.234050e+05	 1.234050e+05	 0	 
 9.458903e-03	 1.511703e+00	 2.910461e+00	 -2.024052e+00	 1.234050e+05	 1.234050e+05	 0	 
 9.458903e-03	 1.511703e+00	 2.910461e+00	 -2.024052e+00	 1.234050e+05	 1.234050e+05	 0	 
 9.458903e-03	 1.511703e+00	 2.910461e+00	 -2.024052e+00	 1.234050e+05	 1.234050e+05	 0	 
 9.458903e-03	 1.511703e+00	 2.910461e+00	 -2.024052e+00	 1.234050e+05	 1.234050e+05	 0	 
 9.458903e-03	 1.511703e+00	 2.910461e+00	 -2.024052e+00	 1.234050e+05	 1.234050e+05	 0	 
 9.458903e-03	 1.511703e+00	 2.910461e+00	 -2.024052e+00	 1.234050e+05	 1.234050e+05	 0	 
 9.458903e-03	 1.511703e+00	 2.910461e+00	 -2.024052e+00	 1.234050e+05	 1.234050e+05	 0	 
 9.458903e-03	 1.511703e+00	 2.910461e+00	 -2.024052e+00	 1.234050e+05	 1.234050e+05	 0	 
 9.458903e-03	 1.511703e+00	 2.910461e+00	 -2.024052e+00	 1.234050e+05	 1.234050e+05	 0	 
 9.458903e-03	 1.511703e+00	 2.910461e+00	 -2.024052e+00	 1.234050e+05	 1.234050e+05	 0	 
 9.458903e-03	 1.511703e+00	 2.910461e+00	 -2.024052e+00	 1.234050e+05	 1.234050e+05	 0	 
 4.665148e-04	 -8.598712e-01	 1.991636e+00	 2.330198e-02	 9.019858e+04	 9.019858e+04	 0	 
 4.665148e-04	 -8.598712e-01	 1.991636e+00	 2.330198e-02	 9.019858e+04	 9.019858e+04	 0	 
 4.665148e-04	 -8.598712e-01	 1.991636e+00	 2.330198e-02	 9.019858e+04	 9.019858e+04	 0	 
 4.665148e-04	 -8.598712e-01	 1.991636e+00	 2.330198e-02	 9.019858e+04	 9.019858e+04	 0	 
 4.665148e-04	 -8.598712e-01	 1.991636e+00	 2.330198e-02	 9.019858e+04	 9.019858e+04	 0	 
 4.665148e-04	 -8.598712e-01	 1.991636e+00	 2.330198e-02	 9.019858e+04	 9.019858e+04	 0	 
 3.086111e-02	 3.527359e-01	 5.163586e-01	 1.632735e-01	 9.853478e+04	 9.945377e+04	 1	 
 3.086111e-02	 3.527359e-01	 5.163586e-01	 1.632735e-01	 9.853478e+04	 9.945377e+04	 1	 
 3.086111e-02	 3.527359e-01	 5.163586e-01	 1.632735e-01	 9.853478e+04	 9.945377e+04	 1	 
 3.086111e-02	 3.527359e-01	 5.163586e-01	 1.632735e-01	 9.853478e+04	 9.945377e+04	 1	 
 3.086111e-02	 3.527359e-01	 5.163586e-01	 1.632735e-01	 9.853478e+04	 9.945377e+04	 1	 
 3.086111e-02	 3.527359e-01	 5.163586e-01	 1.632735e-01	 9.853478e+04	 9.945377e+04	 1	 
 2.714957e-02	 4.139537e-01	 4.458585e-01	 1.684638e-01	 9.813347e+04	 9.853478e+04	 1	 
 2.714957e-02	 4.139537e-01	 4.458585e-01	 1.684638e-01	 9.813347e+04	 9.853478e+04	 1	 
 2.714957e-02	 4.139537e-01	 4.458585e-01	 1.684638e-01	 9.813347e+04	 9.853478e+04	 1	 
 2.714957e-02	 4.139537e-01	 4.458585e-01	 1.684638e-01	 9.813347e+04	 9.853478e+04	 1	 
 2.714957e-02	 4.139537e-01	 4.458585e-01	 1.684638e-01	 9.813347e+04	 9.853478e+04	 1	 
 2.714957e-02	 4.139537e-01	 4.458585e-01	 1.684638e-01	 9.813347e+04	 9.853478e+04	 1	 
 