2.130476e-01	 7.002095e-01	 3.959032e-05	 8.670330e-02	 1.228516e+05	 9.866806e+00	 
 2.128932e-01	 7.003395e-01	 1.885317e-06	 8.676547e-02	 1.228495e+05	 1.166129e+01	 
 2.130476e-01	 7.002095e-01	 3.959032e-05	 8.670330e-02	 1.228482e+05	 1.259689e+01	 
 2.299851e-01	 6.939825e-01	 1.170798e-03	 7.486155e-02	 9.721010e+04	 7.523307e+00	 
 2.266444e-01	 6.954230e-01	 1.101545e-03	 7.683110e-02	 9.720523e+04	 8.328318e+00	 
 2.361737e-01	 6.913141e-01	 1.299084e-03	 7.121310e-02	 9.719825e+04	 7.537798e+00	 
 2.361737e-01	 6.913141e-01	 1.299084e-03	 7.121310e-02	 9.714892e+04	 7.814554e+00	 
 2.292596e-01	 6.945623e-01	 1.154194e-03	 7.502392e-02	 7.878715e+04	 9.726045e+00	 
 2.991591e-01	 6.708553e-01	 1.501001e-03	 2.848458e-02	 7.712204e+04	 8.295292e+00	 
 2.927927e-01	 6.730710e-01	 1.405794e-03	 3.273052e-02	 7.711995e+04	 8.208209e+00	 
 2.899024e-01	 6.740769e-01	 1.362571e-03	 3.465816e-02	 7.711901e+04	 8.175269e+00	 
 2.885225e-01	 6.745571e-01	 1.341935e-03	 3.557843e-02	 7.711856e+04	 8.160786e+00	 
 2.878480e-01	 6.747919e-01	 1.331848e-03	 3.602830e-02	 7.711834e+04	 8.153978e+00	 
 2.875144e-01	 6.749080e-01	 1.326860e-03	 3.625076e-02	 7.711823e+04	 8.150676e+00	 
 2.873485e-01	 6.749657e-01	 1.324379e-03	 3.636139e-02	 7.711818e+04	 8.149049e+00	 
 2.872658e-01	 6.749945e-01	 1.323142e-03	 3.641657e-02	 7.711815e+04	 8.148241e+00	 
 2.872245e-01	 6.750089e-01	 1.322524e-03	 3.644412e-02	 7.711814e+04	 8.147839e+00	 
 2.872038e-01	 6.750161e-01	 1.322215e-03	 3.645789e-02	 7.711813e+04	 8.147638e+00	 
 2.871935e-01	 6.750196e-01	 1.322061e-03	 3.646478e-02	 7.711813e+04	 8.147538e+00	 
 2.871884e-01	 6.750214e-01	 1.321984e-03	 3.646822e-02	 7.711812e+04	 8.147488e+00	 
 3.148798e-01	 6.653841e-01	 1.736097e-03	 1.800002e-02	 7.685941e+04	 7.768517e+00	 
 3.148798e-01	 6.653841e-01	 1.736097e-03	 1.800002e-02	 7.656597e+04	 9.860727e+00	 
 3.514724e-01	 5.655718e-01	 1.044641e-02	 4.663079e-02	 7.644282e+04	 9.900680e+00	 
 