s	 e	 integralPartic	 alturaRetang	 metadePartic	 maximaPartic	 minimoPArtic	 alturaPartic	 p	 comparativoMet
10	 27	 1.987617e+05	 1.104232e+04	 9.682715e+03	 1.933648e+04	 2.895047e+01	 1.140416e+00	 1	 8.768734e-01	 
 2	 14	 1.708488e+04	 1.314221e+03	 9.480912e+03	 1.893959e+04	 2.223307e+01	 1.386176e-01	 0	 7.214090e+00	 
 11	 35	 1.161170e+03	 4.644678e+01	 8.152311e+03	 1.626831e+04	 3.630634e+01	 3.412137e-01	 0	 1.755194e+02	 
 12	 32	 1.244704e+03	 5.927162e+01	 1.071968e+04	 2.140479e+04	 3.457850e+01	 1.389467e+00	 0	 1.808569e+02	 
 33	 48	 3.310247e+04	 2.068904e+03	 7.355715e+03	 1.463444e+04	 7.698890e+01	 2.812649e-01	 0	 3.555368e+00	 
 5	 33	 1.695302e+05	 5.845871e+03	 9.057944e+03	 1.808474e+04	 3.115205e+01	 6.453861e-01	 0	 1.549460e+00	 
 30	 59	 1.058960e+05	 3.529866e+03	 3.686186e+03	 7.371845e+03	 5.265378e-01	 9.575931e-01	 0	 1.044285e+00	 
 41	 59	 8.491041e+04	 4.468969e+03	 3.533584e+03	 7.066185e+03	 9.843490e-01	 1.264713e+00	 1	 7.906934e-01	 
 21	 58	 2.779599e+05	 7.314735e+03	 4.797120e+03	 9.593991e+03	 2.494672e-01	 1.524818e+00	 1	 6.558159e-01	 
 22	 52	 1.764827e+05	 5.692991e+03	 3.882617e+03	 7.763680e+03	 1.553747e+00	 1.466277e+00	 1	 6.819995e-01	 
 1	 1	 1.000000e-05	 1.000000e-05	 1.000000e-05	 1.000000e-05	 1.000000e-05	 1.000000e-05	 1	 1.000000e-05	 
 1	 1	 1.000000e-05	 1.000000e-05	 1.000000e-05	 1.000000e-05	 1.000000e-05	 1.000000e-05	 1	 1.000000e-05	 
 1	 1	 1.000000e-05	 1.000000e-05	 1.000000e-05	 1.000000e-05	 1.000000e-05	 1.000000e-05	 1	 1.000000e-05	 
 1	 1	 1.000000e-05	 1.000000e-05	 1.000000e-05	 1.000000e-05	 1.000000e-05	 1.000000e-05	 1	 1.000000e-05	 
 1	 1	 1.000000e-05	 1.000000e-05	 1.000000e-05	 1.000000e-05	 1.000000e-05	 1.000000e-05	 1	 1.000000e-05	 
 1	 1	 1.000000e-05	 1.000000e-05	 1.000000e-05	 1.000000e-05	 1.000000e-05	 1.000000e-05	 1	 1.000000e-05	 
 1	 1	 1.000000e-05	 1.000000e-05	 1.000000e-05	 1.000000e-05	 1.000000e-05	 1.000000e-05	 1	 1.000000e-05	 
 1	 1	 1.000000e-05	 1.000000e-05	 1.000000e-05	 1.000000e-05	 1.000000e-05	 1.000000e-05	 1	 1.000000e-05	 
 1	 1	 1.000000e-05	 1.000000e-05	 1.000000e-05	 1.000000e-05	 1.000000e-05	 1.000000e-05	 1	 1.000000e-05	 
 1	 1	 1.000000e-05	 1.000000e-05	 1.000000e-05	 1.000000e-05	 1.000000e-05	 1.000000e-05	 1	 1.000000e-05	 
 