Condicionamento
1.980479e+05	 
 3.205769e+04	 
 1.759238e+04	 
 4.324682e+03	 
 7.668619e+03	 
 1.280383e+03	 
 8.487051e+03	 
 3.758303e+04	 
 5.557999e+03	 
 1.714594e+03	 
 4.992314e+02	 
 3.127488e+02	 
 2.026323e+02	 
 5.187363e+02	 
 3.045289e+04	 
 3.135560e+04	 
 4.671622e+02	 
 2.947095e+02	 
 2.973373e+02	 
 5.289419e+02	 
 2.962312e+04	 
 6.678979e+03	 
 4.671622e+02	 
 5.170197e+03	 
 7.681071e+02	 
 5.376599e+02	 
 2.923352e+04	 
 1.002577e+03	 
 4.532826e+02	 
 3.507767e+03	 
 1.086087e+03	 
 5.105046e+02	 
 3.211916e+04	 
 3.849576e+04	 
 4.746606e+02	 
 4.657204e+02	 
 3.331518e+02	 
 4.921450e+02	 
 5.120669e+03	 
 7.986874e+02	 
 