s	 e	 integralPartic	 alturaRetang	 metadePartic	 maximaPartic	 minimoPArtic	 alturaPartic	 p	 comparativoMet
23	 43	 1.787150e+01	 8.510238e-01	 4.269191e+00	 8.538372e+00	 1.063805e-05	 1.993408e-01	 0	 5.016536e+00	 
 9	 24	 4.029828e+01	 2.518643e+00	 2.428212e+00	 4.856390e+00	 3.365068e-05	 7.449748e-02	 1	 9.640953e-01	 
 13	 28	 6.306616e+01	 3.941635e+00	 5.519672e+00	 1.103933e+01	 1.584612e-05	 6.464284e-01	 0	 1.400351e+00	 
 16	 32	 1.366624e+02	 8.038965e+00	 4.617151e+00	 9.234254e+00	 4.693271e-05	 1.454979e+00	 1	 5.743464e-01	 
 2	 43	 2.981803e+02	 7.099530e+00	 5.808833e+00	 1.161762e+01	 4.436418e-05	 1.222196e+00	 1	 8.181995e-01	 
 10	 47	 2.167279e+02	 5.703366e+00	 4.391272e+00	 8.782544e+00	 6.910936e-08	 1.367153e+00	 1	 7.699440e-01	 
 32	 55	 2.086242e+02	 8.692674e+00	 4.832971e+00	 9.665807e+00	 1.345730e-04	 1.788022e+00	 1	 5.559821e-01	 
 32	 58	 2.384394e+02	 8.831089e+00	 4.603231e+00	 9.206000e+00	 4.630288e-04	 1.918454e+00	 1	 5.212530e-01	 
 16	 26	 3.864469e+01	 3.513154e+00	 3.224227e+00	 6.448433e+00	 2.075783e-05	 1.041696e+00	 1	 9.177586e-01	 
 3	 25	 1.434053e+02	 6.235012e+00	 4.844521e+00	 9.689024e+00	 1.830218e-05	 5.740507e-01	 1	 7.769866e-01	 
 1	 1	 1.000000e-05	 1.000000e-05	 1.000000e-05	 1.000000e-05	 1.000000e-05	 1.000000e-05	 1	 1.000000e-05	 
 1	 1	 1.000000e-05	 1.000000e-05	 1.000000e-05	 1.000000e-05	 1.000000e-05	 1.000000e-05	 1	 1.000000e-05	 
 1	 1	 1.000000e-05	 1.000000e-05	 1.000000e-05	 1.000000e-05	 1.000000e-05	 1.000000e-05	 1	 1.000000e-05	 
 1	 1	 1.000000e-05	 1.000000e-05	 1.000000e-05	 1.000000e-05	 1.000000e-05	 1.000000e-05	 1	 1.000000e-05	 
 1	 1	 1.000000e-05	 1.000000e-05	 1.000000e-05	 1.000000e-05	 1.000000e-05	 1.000000e-05	 1	 1.000000e-05	 
 1	 1	 1.000000e-05	 1.000000e-05	 1.000000e-05	 1.000000e-05	 1.000000e-05	 1.000000e-05	 1	 1.000000e-05	 
 1	 1	 1.000000e-05	 1.000000e-05	 1.000000e-05	 1.000000e-05	 1.000000e-05	 1.000000e-05	 1	 1.000000e-05	 
 1	 1	 1.000000e-05	 1.000000e-05	 1.000000e-05	 1.000000e-05	 1.000000e-05	 1.000000e-05	 1	 1.000000e-05	 
 1	 1	 1.000000e-05	 1.000000e-05	 1.000000e-05	 1.000000e-05	 1.000000e-05	 1.000000e-05	 1	 1.000000e-05	 
 1	 1	 1.000000e-05	 1.000000e-05	 1.000000e-05	 1.000000e-05	 1.000000e-05	 1.000000e-05	 1	 1.000000e-05	 
 