minimo	maximo	maximTot	minimTot	
3.558585e+02	 7.979570e+03	 6.002000e+02	 1.397500e+03	 
 6.132771e+02	 7.979570e+03	 9.200000e+00	 2.407500e+03	 
 7.632636e+02	 7.979570e+03	 1.143800e+03	 2.092400e+03	 
 1.142572e+03	 8.926528e+03	 1.346700e+03	 2.092400e+03	 
 4.275091e+02	 4.497415e+03	 5.757000e+02	 6.681000e+02	 
 1.735889e+02	 7.979570e+03	 18	 5.885000e+02	 
 5.559144e+02	 4.497415e+03	 1.166900e+03	 1.446800e+03	 
 9.924289e+02	 7.979570e+03	 1.166900e+03	 1.566800e+03	 
 3.409320e+02	 7.979570e+03	 6.002000e+02	 1.397500e+03	 
 4.966606e+02	 7.979570e+03	 1.020000e+01	 2.384100e+03	 
 7.237523e+02	 7.979570e+03	 1.166900e+03	 2.092400e+03	 
 5.973162e+02	 7.979570e+03	 1.166900e+03	 2.092400e+03	 
 5.499027e+02	 7.979570e+03	 6.381000e+02	 1.397500e+03	 
 4.400141e+01	 7.979570e+03	 5.800000e+00	 4.740000e+01	 
 5.081357e+02	 4.497415e+03	 1.166900e+03	 2160	 
 6.210230e+02	 7.979570e+03	 1.071200e+03	 2.092400e+03	 
 6.012411e+00	 9.217697e+03	 5.757000e+02	 1.290300e+03	 
 1.057538e+02	 7.979570e+03	 18	 2.626000e+02	 
 4.550757e+02	 9.360119e+03	 1.409600e+03	 2.857800e+03	 
 5.894140e+02	 9.070693e+03	 1.289600e+03	 2.857800e+03	 
 4.513984e+02	 4.497415e+03	 5.757000e+02	 7.008000e+02	 
 9.845265e+02	 7.979570e+03	 1.020000e+01	 2.732700e+03	 
 5.768175e+02	 4.497415e+03	 1.166900e+03	 1.446800e+03	 
 8.580906e+02	 8.072907e+03	 1.181500e+03	 2.516400e+03	 
 1.335547e+01	 9.217697e+03	 6.381000e+02	 1.290300e+03	 
 1.148452e+02	 7.979570e+03	 1.020000e+01	 5.885000e+02	 
 5.081357e+02	 4.497415e+03	 1.166900e+03	 1.586300e+03	 
 9.687222e+02	 7.979570e+03	 1.181500e+03	 2.219100e+03	 
 4.215367e+02	 4.497415e+03	 5.757000e+02	 9.272000e+02	 
 4.334810e+02	 4.497415e+03	 1.020000e+01	 2.835400e+03	 
 7.158500e+02	 7.979570e+03	 1.166900e+03	 2.092400e+03	 
 4.693155e+02	 4.615981e+03	 1.143800e+03	 2.092400e+03	 
 1.335547e+01	 9.217697e+03	 5.757000e+02	 686	 
 1.397714e+01	 4.497415e+03	 6.200000e+00	 1.970000e+01	 
 5.736095e+02	 7.979570e+03	 9.871000e+02	 2.092400e+03	 
 3.083941e+02	 4.497415e+03	 1.166900e+03	 2.015100e+03	 
 4.099238e+02	 4.497415e+03	 6.002000e+02	 1.029200e+03	 
 2.298886e+02	 7.979570e+03	 1.250000e+01	 1.043500e+03	 
 3.647995e+02	 4.497415e+03	 1.166900e+03	 1.922500e+03	 
 5.827899e+02	 4.497415e+03	 1.181500e+03	 1.658900e+03	 
 4.647175e+00	 7.979570e+03	 6.002000e+02	 9.272000e+02	 
 2.327214e-01	 9.217697e+03	 6.002000e+02	 1.029200e+03	 
 1.335547e+01	 9.217697e+03	 6.002000e+02	 1.029200e+03	 
 4.099238e+02	 4.497415e+03	 6.002000e+02	 1.029200e+03	 
 3.398941e+00	 9.217697e+03	 6.002000e+02	 1.029200e+03	 
 2.368882e+00	 9.217697e+03	 6.002000e+02	 1.029200e+03	 
 2.452345e+00	 9.217697e+03	 5.757000e+02	 1.029200e+03	 
 4.099239e+02	 4.497415e+03	 6.002000e+02	 1.029200e+03	 
 4.647175e+00	 7.979570e+03	 6.002000e+02	 1.029200e+03	 
 1.033739e+01	 7.979570e+03	 6.002000e+02	 1.029200e+03	 
 1.335547e+01	 9.217697e+03	 6.002000e+02	 1.029200e+03	 
 1.254942e+01	 7.979570e+03	 6.002000e+02	 1.029200e+03	 
 1.197329e+01	 7.979570e+03	 6.002000e+02	 1.029200e+03	 
 1.335547e+01	 9.217697e+03	 6.002000e+02	 9.272000e+02	 
 2.368882e+00	 9.217697e+03	 6.002000e+02	 1.029200e+03	 
 2.452345e+00	 9.217697e+03	 5.757000e+02	 1.029200e+03	 
 1.032492e+00	 9.217697e+03	 6.002000e+02	 1.029200e+03	 
 4.250658e+00	 9.217697e+03	 6.002000e+02	 1.029200e+03	 
 4.099239e+02	 4.497415e+03	 6.002000e+02	 9.272000e+02	 
 4.099239e+02	 4.497415e+03	 6.002000e+02	 1.029200e+03	 
 4.099238e+02	 4.497415e+03	 6.002000e+02	 1.029200e+03	 
 4.099238e+02	 4.497415e+03	 6.002000e+02	 1.029200e+03	 
 4.099239e+02	 4.497415e+03	 6.002000e+02	 1.029200e+03	 
 4.099239e+02	 4.497415e+03	 6.002000e+02	 1.029200e+03	 
 4.099239e+02	 4.497415e+03	 5.757000e+02	 1.029200e+03	 
 1.032492e+00	 9.217697e+03	 6.002000e+02	 1.029200e+03	 
 4.647175e+00	 7.979570e+03	 6.002000e+02	 1.029200e+03	 
 4.647175e+00	 7.979570e+03	 6.002000e+02	 1.029200e+03	 
 3.791312e+00	 9.217697e+03	 6.002000e+02	 1.029200e+03	 
 4.099239e+02	 4.497415e+03	 6.002000e+02	 1.029200e+03	 
 4.099238e+02	 4.497415e+03	 6.002000e+02	 1.029200e+03	 
 4.042833e+02	 4.497415e+03	 6.002000e+02	 1.029200e+03	 
 1.335547e+01	 9.217697e+03	 6.002000e+02	 1.029200e+03	 
 1.254942e+01	 7.979570e+03	 6.002000e+02	 1.029200e+03	 
 4.042833e+02	 4.497415e+03	 6.002000e+02	 1.029200e+03	 
 1.335547e+01	 9.217697e+03	 6.002000e+02	 9.272000e+02	 
 3.778688e-01	 7.979570e+03	 6.002000e+02	 1.029200e+03	 
 3.783800e-01	 7.979570e+03	 6.002000e+02	 1.029200e+03	 
 4.647175e+00	 7.979570e+03	 6.002000e+02	 1.029200e+03	 
 6.217592e-01	 7.979570e+03	 6.002000e+02	 1.029200e+03	 
 5.096624e-01	 9.217697e+03	 6.002000e+02	 1.029200e+03	 
 3.851628e+02	 4.497415e+03	 6.002000e+02	 1.029200e+03	 
 2.746781e+00	 9.217697e+03	 6.002000e+02	 1.029200e+03	 
 9.439835e-01	 7.979570e+03	 6.002000e+02	 1.029200e+03	 
 1.118944e+00	 7.979570e+03	 6.002000e+02	 1.029200e+03	 
 6.231948e-01	 9.217697e+03	 6.002000e+02	 1.029200e+03	 
 4.099239e+02	 4.497415e+03	 6.002000e+02	 1.029200e+03	 
 1.932806e+00	 7.979570e+03	 6.002000e+02	 1.029200e+03	 
 4.099239e+02	 4.497415e+03	 6.002000e+02	 1.029200e+03	 
 2.691930e+00	 7.979570e+03	 6.002000e+02	 1.029200e+03	 
 4.099238e+02	 4.497415e+03	 6.002000e+02	 1.029200e+03	 
 4.647175e+00	 7.979570e+03	 6.002000e+02	 1.029200e+03	 
 2.368882e+00	 9.217697e+03	 6.002000e+02	 1.029200e+03	 
 2.452345e+00	 9.217697e+03	 5.757000e+02	 1.029200e+03	 
 4.099239e+02	 4.497415e+03	 6.002000e+02	 1.029200e+03	 
 4.250658e+00	 9.217697e+03	 6.002000e+02	 1.029200e+03	 
 4.099239e+02	 4.497415e+03	 6.002000e+02	 1.029200e+03	 
 4.042833e+02	 4.497415e+03	 6.381000e+02	 1.029200e+03	 
 4.647175e+00	 7.979570e+03	 6.002000e+02	 1.029200e+03	 
 1.335547e+01	 9.217697e+03	 6.002000e+02	 1.081700e+03	 
 4.172680e+00	 9.217697e+03	 6.002000e+02	 1268	 
 4.240237e+01	 7.979570e+03	 6.002000e+02	 1.290300e+03	 
 1.618142e+02	 7.979570e+03	 6.002000e+02	 1.397500e+03	 
 1.618142e+02	 7.979570e+03	 6.002000e+02	 1.294200e+03	 
 8.089877e+00	 9.217697e+03	 6.002000e+02	 1.341900e+03	 
 5.806550e+00	 9.217697e+03	 6.002000e+02	 1.029200e+03	 
 4.099239e+02	 4.497415e+03	 6.002000e+02	 1.029200e+03	 
 2.999693e+00	 9.217697e+03	 6.002000e+02	 1.029200e+03	 
 4.647175e+00	 7.979570e+03	 6.002000e+02	 1.029200e+03	 
 1.335547e+01	 9.217697e+03	 6.002000e+02	 1.029200e+03	 
 1.335547e+01	 9.217697e+03	 6.002000e+02	 1.029200e+03	 
 1.038892e+01	 9.217697e+03	 6.002000e+02	 1.029200e+03	 
 4.042833e+02	 4.497415e+03	 6.002000e+02	 1.029200e+03	 
 4.099239e+02	 4.497415e+03	 6.002000e+02	 9.272000e+02	 
 3.296464e+02	 4.497415e+03	 6.002000e+02	 1.029200e+03	 
 3.390673e+02	 4.497415e+03	 6.002000e+02	 1.029200e+03	 
 3.495886e+02	 4.497415e+03	 6.002000e+02	 1.029200e+03	 
 6.217592e-01	 7.979570e+03	 6.002000e+02	 1.029200e+03	 
 1.348551e+00	 7.979570e+03	 6.002000e+02	 1.029200e+03	 
 3.527424e-01	 7.979570e+03	 6.002000e+02	 1.029200e+03	 
 2.215948e+00	 7.979570e+03	 6.002000e+02	 1.029200e+03	 
 3.109255e+00	 9.217697e+03	 6.002000e+02	 1.029200e+03	 
 1.661149e+00	 9.217697e+03	 6.002000e+02	 1.029200e+03	 
 6.231948e-01	 9.217697e+03	 6.002000e+02	 1.029200e+03	 
 1.412495e+00	 9.217697e+03	 6.002000e+02	 1.029200e+03	 
 1.335547e+01	 9.217697e+03	 6.002000e+02	 1.029200e+03	 
 2.327214e-01	 9.217697e+03	 6.002000e+02	 1.029200e+03	 
 4.099238e+02	 4.497415e+03	 6.002000e+02	 1.029200e+03	 
 1.335547e+01	 9.217697e+03	 6.002000e+02	 1.029200e+03	 
 4.099239e+02	 4.497415e+03	 6.002000e+02	 1.029200e+03	 
 2.368882e+00	 9.217697e+03	 6.002000e+02	 1.029200e+03	 
 2.452345e+00	 9.217697e+03	 5.757000e+02	 1.029200e+03	 
 4.099239e+02	 4.497415e+03	 6.002000e+02	 1.029200e+03	 
 4.647175e+00	 7.979570e+03	 6.002000e+02	 1.029200e+03	 
 4.099239e+02	 4.497415e+03	 6.002000e+02	 1.029200e+03	 
 5.806550e+00	 9.217697e+03	 6.002000e+02	 1.029200e+03	 
 4.099239e+02	 4.497415e+03	 6.002000e+02	 1.029200e+03	 
 2.999693e+00	 9.217697e+03	 6.002000e+02	 1.029200e+03	 
 4.099238e+02	 4.497415e+03	 6.002000e+02	 1.029200e+03	 
 1.033739e+01	 7.979570e+03	 6.002000e+02	 1.029200e+03	 
 1.335547e+01	 9.217697e+03	 6.002000e+02	 1.029200e+03	 
 1.254942e+01	 7.979570e+03	 6.002000e+02	 1.029200e+03	 
 1.197329e+01	 7.979570e+03	 6.002000e+02	 1.029200e+03	 
 4.647175e+00	 7.979570e+03	 6.002000e+02	 9.272000e+02	 
 6.148614e-01	 7.979570e+03	 6.002000e+02	 1.029200e+03	 
 4.099239e+02	 4.497415e+03	 6.002000e+02	 1.029200e+03	 
 4.099238e+02	 4.497415e+03	 6.002000e+02	 1.029200e+03	 
 1.921661e+00	 7.979570e+03	 6.002000e+02	 1.029200e+03	 
 4.099238e+02	 4.497415e+03	 6.002000e+02	 1.029200e+03	 
 1.335547e+01	 9.217697e+03	 6.002000e+02	 1.029200e+03	 
 3.398941e+00	 9.217697e+03	 6.002000e+02	 1.029200e+03	 
 2.368882e+00	 9.217697e+03	 6.002000e+02	 1.029200e+03	 
 4.647175e+00	 7.979570e+03	 5.757000e+02	 1.029200e+03	 
 4.006971e+00	 7.979570e+03	 6.002000e+02	 1.029200e+03	 
 4.099239e+02	 4.497415e+03	 6.002000e+02	 1.029200e+03	 
 