s	 e	 nS	 nE	 p	 f
0	 0	 0	 0	 0	 0	 
 160	 174	 162	 172	 0	 10	 
 160	 174	 162	 172	 0	 10	 
 160	 174	 161	 173	 0	 12	 
 160	 174	 156	 178	 0	 22	 
 160	 174	 162	 172	 0	 10	 
 160	 174	 161	 173	 0	 12	 
 160	 174	 154	 180	 0	 26	 
 160	 174	 152	 180	 0	 28	 
 160	 174	 162	 172	 0	 10	 
 160	 174	 159	 175	 0	 16	 
 160	 174	 156	 178	 0	 22	 
 160	 174	 155	 179	 0	 24	 
 160	 174	 157	 177	 0	 20	 
 160	 174	 162	 172	 0	 10	 
 160	 174	 162	 172	 0	 10	 
 160	 174	 162	 172	 0	 10	 
 160	 174	 162	 172	 0	 10	 
 160	 174	 159	 175	 0	 16	 
 160	 174	 158	 176	 0	 18	 
 160	 174	 158	 176	 0	 18	 
 160	 174	 162	 172	 0	 10	 
 160	 174	 154	 180	 0	 26	 
 160	 174	 154	 180	 0	 26	 
 160	 174	 161	 173	 0	 12	 
 160	 174	 156	 178	 0	 22	 
 160	 174	 162	 172	 0	 10	 
 160	 174	 156	 178	 0	 22	 
 160	 174	 162	 172	 0	 10	 
 160	 174	 157	 177	 0	 20	 
 160	 174	 161	 173	 0	 12	 
 160	 174	 159	 175	 0	 16	 
 160	 174	 152	 180	 0	 28	 
 160	 174	 157	 177	 0	 20	 
 160	 174	 161	 173	 0	 12	 
 160	 174	 153	 180	 0	 27	 
 160	 174	 154	 180	 0	 26	 
 160	 174	 162	 172	 0	 10	 
 160	 174	 162	 172	 0	 10	 
 160	 174	 159	 175	 0	 16	 
 160	 174	 152	 180	 0	 28	 
 160	 174	 161	 173	 0	 12	 
 160	 174	 158	 176	 0	 18	 
 160	 174	 162	 172	 0	 10	 
 160	 174	 161	 173	 0	 12	 
 160	 174	 154	 180	 0	 26	 
 160	 174	 152	 180	 0	 28	 
 160	 174	 162	 172	 0	 10	 
 160	 174	 161	 173	 0	 12	 
 160	 174	 159	 175	 0	 16	 
 160	 174	 156	 178	 0	 22	 
 160	 174	 161	 173	 0	 12	 
 160	 174	 157	 177	 0	 20	 
 160	 174	 162	 172	 0	 10	 
 160	 174	 162	 172	 0	 10	 
 160	 174	 153	 180	 0	 27	 
 160	 174	 162	 172	 0	 10	 
 160	 174	 157	 177	 0	 20	 
 160	 174	 158	 176	 0	 18	 
 160	 174	 162	 172	 0	 10	 
 160	 174	 158	 176	 0	 18	 
 160	 174	 158	 176	 0	 18	 
 160	 174	 153	 180	 0	 27	 
 160	 174	 162	 172	 0	 10	 
 160	 174	 162	 172	 0	 10	 
 160	 174	 155	 179	 0	 24	 
 160	 174	 162	 172	 0	 10	 
 160	 174	 162	 172	 0	 10	 
 160	 174	 154	 180	 0	 26	 
 160	 174	 162	 172	 0	 10	 
 160	 174	 162	 172	 0	 10	 
 160	 174	 156	 178	 0	 22	 
 160	 174	 162	 172	 0	 10	 
 160	 174	 161	 173	 0	 12	 
 160	 174	 155	 179	 0	 24	 
 160	 174	 158	 176	 0	 18	 
 160	 174	 162	 172	 0	 10	 
 160	 174	 162	 172	 0	 10	 
 160	 174	 158	 176	 0	 18	 
 160	 174	 153	 180	 0	 27	 
 160	 174	 162	 172	 0	 10	 
 160	 174	 162	 172	 0	 10	 
 160	 174	 158	 176	 0	 18	 
 160	 174	 158	 176	 0	 18	 
 160	 174	 155	 179	 0	 24	 
 160	 174	 162	 172	 0	 10	 
 160	 174	 153	 180	 0	 27	 
 160	 174	 159	 175	 0	 16	 
 160	 174	 158	 176	 0	 18	 
 160	 174	 162	 172	 0	 10	 
 160	 174	 162	 172	 0	 10	 
 160	 174	 161	 173	 0	 12	 
 160	 174	 162	 172	 0	 10	 
 160	 174	 161	 173	 0	 12	 
 160	 174	 154	 180	 0	 26	 
 160	 174	 162	 172	 0	 10	 
 160	 174	 162	 172	 0	 10	 
 160	 174	 153	 180	 0	 27	 
 160	 174	 161	 173	 0	 12	 
 160	 174	 162	 172	 0	 10	 
 0	 0	 0	 0	 0	 0	 
 0	 0	 0	 0	 0	 0	 
 152	 173	 158	 167	 0	 9	 
 152	 173	 149	 176	 0	 27	 
 152	 173	 155	 170	 0	 15	 
 152	 173	 158	 167	 0	 9	 
 152	 173	 144	 180	 0	 36	 
 152	 173	 141	 180	 0	 39	 
 152	 173	 158	 167	 0	 9	 
 152	 173	 147	 178	 0	 31	 
 152	 173	 158	 167	 0	 9	 
 152	 173	 149	 176	 0	 27	 
 152	 173	 158	 167	 0	 9	 
 152	 173	 158	 167	 0	 9	 
 152	 173	 155	 170	 0	 15	 
 152	 173	 154	 171	 0	 17	 
 152	 173	 158	 167	 0	 9	 
 152	 173	 151	 174	 0	 23	 
 152	 173	 157	 168	 0	 11	 
 152	 173	 156	 169	 0	 13	 
 152	 173	 158	 167	 0	 9	 
 152	 173	 148	 177	 0	 29	 
 152	 173	 146	 179	 0	 33	 
 152	 173	 149	 176	 0	 27	 
 152	 173	 155	 170	 0	 15	 
 152	 173	 158	 167	 0	 9	 
 152	 173	 154	 171	 0	 17	 
 152	 173	 150	 175	 0	 25	 
 152	 173	 154	 171	 0	 17	 
 152	 173	 149	 176	 0	 27	 
 152	 173	 142	 180	 0	 38	 
 152	 173	 158	 167	 0	 9	 
 152	 173	 154	 171	 0	 17	 
 152	 173	 143	 180	 0	 37	 
 152	 173	 141	 180	 0	 39	 
 152	 173	 144	 180	 0	 36	 
 152	 173	 149	 176	 0	 27	 
 152	 173	 142	 180	 0	 38	 
 152	 173	 158	 167	 0	 9	 
 152	 173	 158	 167	 0	 9	 
 152	 173	 145	 180	 0	 35	 
 152	 173	 154	 171	 0	 17	 
 152	 173	 153	 172	 0	 19	 
 152	 173	 150	 175	 0	 25	 
 152	 173	 157	 168	 0	 11	 
 152	 173	 148	 177	 0	 29	 
 152	 173	 147	 178	 0	 31	 
 152	 173	 142	 180	 0	 38	 
 152	 173	 158	 167	 0	 9	 
 152	 173	 145	 180	 0	 35	 
 152	 173	 145	 180	 0	 35	 
 152	 173	 156	 169	 0	 13	 
 152	 173	 144	 180	 0	 36	 
 152	 173	 158	 167	 0	 9	 
 152	 173	 141	 180	 0	 39	 
 152	 173	 146	 179	 0	 33	 
 152	 173	 158	 167	 0	 9	 
 152	 173	 151	 174	 0	 23	 
 152	 173	 158	 167	 0	 9	 
 152	 173	 141	 180	 0	 39	 
 152	 173	 158	 167	 0	 9	 
 152	 173	 158	 167	 0	 9	 
 152	 173	 146	 179	 0	 33	 
 152	 173	 143	 180	 0	 37	 
 152	 173	 146	 179	 0	 33	 
 152	 173	 146	 179	 0	 33	 
 152	 173	 153	 172	 0	 19	 
 152	 173	 147	 178	 0	 31	 
 152	 173	 158	 167	 0	 9	 
 152	 173	 148	 177	 0	 29	 
 152	 173	 150	 175	 0	 25	 
 152	 173	 155	 170	 0	 15	 
 152	 173	 155	 170	 0	 15	 
 152	 173	 146	 179	 0	 33	 
 152	 173	 158	 167	 0	 9	 
 152	 173	 141	 180	 0	 39	 
 152	 173	 158	 167	 0	 9	 
 152	 173	 144	 180	 0	 36	 
 152	 173	 156	 169	 0	 13	 
 152	 173	 157	 168	 0	 11	 
 152	 173	 147	 178	 0	 31	 
 152	 173	 158	 167	 0	 9	 
 152	 173	 158	 167	 0	 9	 
 152	 173	 158	 167	 0	 9	 
 152	 173	 158	 167	 0	 9	 
 152	 173	 143	 180	 0	 37	 
 152	 173	 151	 174	 0	 23	 
 152	 173	 147	 178	 0	 31	 
 152	 173	 149	 176	 0	 27	 
 152	 173	 158	 167	 0	 9	 
 152	 173	 155	 170	 0	 15	 
 152	 173	 143	 180	 0	 37	 
 152	 173	 149	 176	 0	 27	 
 152	 173	 158	 167	 0	 9	 
 152	 173	 158	 167	 0	 9	 
 152	 173	 153	 172	 0	 19	 
 152	 173	 149	 176	 0	 27	 
 152	 173	 149	 176	 0	 27	 
 152	 173	 142	 180	 0	 38	 
 152	 173	 147	 178	 0	 31	 
 152	 173	 143	 180	 0	 37	 
 0	 0	 0	 0	 0	 0	 
 0	 0	 0	 0	 0	 0	 
 160	 174	 162	 172	 0	 10	 
 160	 174	 161	 173	 0	 12	 
 160	 174	 161	 173	 0	 12	 
 160	 174	 159	 175	 0	 16	 
 160	 174	 162	 172	 0	 10	 
 160	 174	 162	 172	 0	 10	 
 160	 174	 161	 173	 0	 12	 
 160	 174	 162	 172	 0	 10	 
 160	 174	 154	 180	 0	 26	 
 160	 174	 156	 178	 0	 22	 
 160	 174	 162	 172	 0	 10	 
 160	 174	 159	 175	 0	 16	 
 160	 174	 162	 172	 0	 10	 
 160	 174	 156	 178	 0	 22	 
 160	 174	 162	 172	 0	 10	 
 160	 174	 162	 172	 0	 10	 
 160	 174	 157	 177	 0	 20	 
 160	 174	 162	 172	 0	 10	 
 160	 174	 156	 178	 0	 22	 
 160	 174	 154	 180	 0	 26	 
 160	 174	 157	 177	 0	 20	 
 160	 174	 162	 172	 0	 10	 
 160	 174	 158	 176	 0	 18	 
 160	 174	 154	 180	 0	 26	 
 160	 174	 162	 172	 0	 10	 
 160	 174	 161	 173	 0	 12	 
 160	 174	 162	 172	 0	 10	 
 160	 174	 162	 172	 0	 10	 
 160	 174	 159	 175	 0	 16	 
 160	 174	 157	 177	 0	 20	 
 160	 174	 162	 172	 0	 10	 
 160	 174	 162	 172	 0	 10	 
 160	 174	 159	 175	 0	 16	 
 160	 174	 162	 172	 0	 10	 
 160	 174	 162	 172	 0	 10	 
 160	 174	 161	 173	 0	 12	 
 160	 174	 162	 172	 0	 10	 
 160	 174	 156	 178	 0	 22	 
 160	 174	 162	 172	 0	 10	 
 160	 174	 152	 180	 0	 28	 
 160	 174	 162	 172	 0	 10	 
 160	 174	 152	 180	 0	 28	 
 160	 174	 154	 180	 0	 26	 
 160	 174	 162	 172	 0	 10	 
 160	 174	 162	 172	 0	 10	 
 160	 174	 162	 172	 0	 10	 
 160	 174	 154	 180	 0	 26	 
 160	 174	 155	 179	 0	 24	 
 160	 174	 162	 172	 0	 10	 
 160	 174	 162	 172	 0	 10	 
 160	 174	 161	 173	 0	 12	 
 160	 174	 162	 172	 0	 10	 
 160	 174	 152	 180	 0	 28	 
 160	 174	 155	 179	 0	 24	 
 160	 174	 152	 180	 0	 28	 
 160	 174	 158	 176	 0	 18	 
 160	 174	 161	 173	 0	 12	 
 160	 174	 152	 180	 0	 28	 
 160	 174	 155	 179	 0	 24	 
 160	 174	 162	 172	 0	 10	 
 160	 174	 157	 177	 0	 20	 
 160	 174	 159	 175	 0	 16	 
 160	 174	 162	 172	 0	 10	 
 160	 174	 158	 176	 0	 18	 
 160	 174	 162	 172	 0	 10	 
 160	 174	 161	 173	 0	 12	 
 160	 174	 158	 176	 0	 18	 
 160	 174	 161	 173	 0	 12	 
 160	 174	 162	 172	 0	 10	 
 160	 174	 161	 173	 0	 12	 
 160	 174	 157	 177	 0	 20	 
 160	 174	 157	 177	 0	 20	 
 160	 174	 162	 172	 0	 10	 
 160	 174	 156	 178	 0	 22	 
 160	 174	 162	 172	 0	 10	 
 160	 174	 154	 180	 0	 26	 
 160	 174	 162	 172	 0	 10	 
 160	 174	 162	 172	 0	 10	 
 160	 174	 157	 177	 0	 20	 
 160	 174	 159	 175	 0	 16	 
 160	 174	 162	 172	 0	 10	 
 160	 174	 162	 172	 0	 10	 
 160	 174	 159	 175	 0	 16	 
 160	 174	 162	 172	 0	 10	 
 160	 174	 159	 175	 0	 16	 
 160	 174	 162	 172	 0	 10	 
 160	 174	 154	 180	 0	 26	 
 160	 174	 153	 180	 0	 27	 
 160	 174	 157	 177	 0	 20	 
 160	 174	 159	 175	 0	 16	 
 160	 174	 162	 172	 0	 10	 
 160	 174	 162	 172	 0	 10	 
 160	 174	 162	 172	 0	 10	 
 160	 174	 159	 175	 0	 16	 
 160	 174	 156	 178	 0	 22	 
 160	 174	 154	 180	 0	 26	 
 160	 174	 161	 173	 0	 12	 
 160	 174	 157	 177	 0	 20	 
 160	 174	 162	 172	 0	 10	 
 0	 0	 0	 0	 0	 0	 
 0	 0	 0	 0	 0	 0	 
 156	 169	 152	 173	 1	 21	 
 156	 169	 151	 174	 1	 23	 
 156	 169	 152	 173	 1	 21	 
 156	 169	 158	 167	 1	 9	 
 156	 169	 158	 167	 1	 9	 
 156	 169	 158	 167	 1	 9	 
 156	 169	 149	 176	 1	 27	 
 156	 169	 158	 167	 1	 9	 
 156	 169	 151	 174	 1	 23	 
 156	 169	 152	 173	 1	 21	 
 156	 169	 158	 167	 1	 9	 
 156	 169	 158	 167	 1	 9	 
 156	 169	 153	 172	 1	 19	 
 156	 169	 158	 167	 1	 9	 
 156	 169	 152	 173	 1	 21	 
 156	 169	 154	 171	 1	 17	 
 156	 169	 149	 176	 1	 27	 
 156	 169	 158	 167	 1	 9	 
 156	 169	 150	 175	 1	 25	 
 156	 169	 158	 167	 1	 9	 
 156	 169	 155	 170	 1	 15	 
 156	 169	 151	 174	 1	 23	 
 156	 169	 150	 175	 1	 25	 
 156	 169	 158	 167	 1	 9	 
 156	 169	 158	 167	 1	 9	 
 156	 169	 150	 175	 1	 25	 
 156	 169	 158	 167	 1	 9	 
 156	 169	 149	 176	 1	 27	 
 156	 169	 157	 168	 1	 11	 
 156	 169	 157	 168	 1	 11	 
 156	 169	 158	 167	 1	 9	 
 156	 169	 149	 176	 1	 27	 
 156	 169	 157	 168	 1	 11	 
 156	 169	 152	 173	 1	 21	 
 156	 169	 155	 170	 1	 15	 
 156	 169	 158	 167	 1	 9	 
 156	 169	 158	 167	 1	 9	 
 156	 169	 152	 173	 1	 21	 
 156	 169	 154	 171	 1	 17	 
 156	 169	 157	 168	 1	 11	 
 156	 169	 151	 174	 1	 23	 
 156	 169	 149	 176	 1	 27	 
 156	 169	 153	 172	 1	 19	 
 156	 169	 158	 167	 1	 9	 
 156	 169	 152	 173	 1	 21	 
 156	 169	 158	 167	 1	 9	 
 156	 169	 158	 167	 1	 9	 
 156	 169	 151	 174	 1	 23	 
 156	 169	 158	 167	 1	 9	 
 156	 169	 158	 167	 1	 9	 
 156	 169	 158	 167	 1	 9	 
 156	 169	 154	 171	 1	 17	 
 156	 169	 158	 167	 1	 9	 
 156	 169	 158	 167	 1	 9	 
 156	 169	 158	 167	 1	 9	 
 156	 169	 150	 175	 1	 25	 
 156	 169	 150	 175	 1	 25	 
 156	 169	 151	 174	 1	 23	 
 156	 169	 158	 167	 1	 9	 
 156	 169	 158	 167	 1	 9	 
 156	 169	 151	 174	 1	 23	 
 156	 169	 158	 167	 1	 9	 
 156	 169	 158	 167	 1	 9	 
 156	 169	 154	 171	 1	 17	 
 156	 169	 158	 167	 1	 9	 
 156	 169	 154	 171	 1	 17	 
 156	 169	 152	 173	 1	 21	 
 156	 169	 149	 176	 1	 27	 
 156	 169	 158	 167	 1	 9	 
 156	 169	 158	 167	 1	 9	 
 156	 169	 152	 173	 1	 21	 
 156	 169	 158	 167	 1	 9	 
 156	 169	 150	 175	 1	 25	 
 156	 169	 150	 175	 1	 25	 
 156	 169	 151	 174	 1	 23	 
 156	 169	 158	 167	 1	 9	 
 156	 169	 155	 170	 1	 15	 
 156	 169	 153	 172	 1	 19	 
 156	 169	 158	 167	 1	 9	 
 156	 169	 152	 173	 1	 21	 
 156	 169	 155	 170	 1	 15	 
 156	 169	 149	 176	 1	 27	 
 156	 169	 157	 168	 1	 11	 
 156	 169	 154	 171	 1	 17	 
 156	 169	 154	 171	 1	 17	 
 156	 169	 153	 172	 1	 19	 
 156	 169	 158	 167	 1	 9	 
 156	 169	 154	 171	 1	 17	 
 156	 169	 158	 167	 1	 9	 
 156	 169	 158	 167	 1	 9	 
 156	 169	 158	 167	 1	 9	 
 156	 169	 154	 171	 1	 17	 
 156	 169	 158	 167	 1	 9	 
 156	 169	 150	 175	 1	 25	 
 156	 169	 150	 175	 1	 25	 
 156	 169	 153	 172	 1	 19	 
 156	 169	 158	 167	 1	 9	 
 156	 169	 149	 176	 1	 27	 
 156	 169	 152	 173	 1	 21	 
 0	 0	 0	 0	 0	 0	 
 0	 0	 0	 0	 0	 0	 
 160	 174	 154	 180	 0	 26	 
 160	 174	 159	 175	 0	 16	 
 160	 174	 152	 180	 0	 28	 
 160	 174	 154	 180	 0	 26	 
 160	 174	 159	 175	 0	 16	 
 160	 174	 161	 173	 0	 12	 
 160	 174	 162	 172	 0	 10	 
 160	 174	 155	 179	 0	 24	 
 160	 174	 157	 177	 0	 20	 
 160	 174	 162	 172	 0	 10	 
 160	 174	 154	 180	 0	 26	 
 160	 174	 162	 172	 0	 10	 
 160	 174	 162	 172	 0	 10	 
 160	 174	 157	 177	 0	 20	 
 160	 174	 161	 173	 0	 12	 
 160	 174	 162	 172	 0	 10	 
 160	 174	 156	 178	 0	 22	 
 160	 174	 162	 172	 0	 10	 
 160	 174	 152	 180	 0	 28	 
 160	 174	 161	 173	 0	 12	 
 160	 174	 154	 180	 0	 26	 
 160	 174	 162	 172	 0	 10	 
 160	 174	 159	 175	 0	 16	 
 160	 174	 152	 180	 0	 28	 
 160	 174	 154	 180	 0	 26	 
 160	 174	 162	 172	 0	 10	 
 160	 174	 159	 175	 0	 16	 
 160	 174	 162	 172	 0	 10	 
 160	 174	 158	 176	 0	 18	 
 160	 174	 162	 172	 0	 10	 
 160	 174	 155	 179	 0	 24	 
 160	 174	 161	 173	 0	 12	 
 160	 174	 162	 172	 0	 10	 
 160	 174	 152	 180	 0	 28	 
 160	 174	 161	 173	 0	 12	 
 160	 174	 154	 180	 0	 26	 
 160	 174	 162	 172	 0	 10	 
 160	 174	 159	 175	 0	 16	 
 160	 174	 158	 176	 0	 18	 
 160	 174	 159	 175	 0	 16	 
 160	 174	 155	 179	 0	 24	 
 160	 174	 162	 172	 0	 10	 
 160	 174	 156	 178	 0	 22	 
 160	 174	 162	 172	 0	 10	 
 160	 174	 161	 173	 0	 12	 
 160	 174	 162	 172	 0	 10	 
 160	 174	 155	 179	 0	 24	 
 160	 174	 156	 178	 0	 22	 
 160	 174	 158	 176	 0	 18	 
 160	 174	 156	 178	 0	 22	 
 160	 174	 157	 177	 0	 20	 
 160	 174	 162	 172	 0	 10	 
 160	 174	 162	 172	 0	 10	 
 160	 174	 162	 172	 0	 10	 
 160	 174	 153	 180	 0	 27	 
 160	 174	 162	 172	 0	 10	 
 160	 174	 162	 172	 0	 10	 
 160	 174	 157	 177	 0	 20	 
 160	 174	 162	 172	 0	 10	 
 160	 174	 155	 179	 0	 24	 
 160	 174	 161	 173	 0	 12	 
 160	 174	 155	 179	 0	 24	 
 160	 174	 154	 180	 0	 26	 
 160	 174	 154	 180	 0	 26	 
 160	 174	 162	 172	 0	 10	 
 160	 174	 162	 172	 0	 10	 
 160	 174	 152	 180	 0	 28	 
 160	 174	 161	 173	 0	 12	 
 160	 174	 161	 173	 0	 12	 
 160	 174	 153	 180	 0	 27	 
 160	 174	 154	 180	 0	 26	 
 160	 174	 158	 176	 0	 18	 
 160	 174	 155	 179	 0	 24	 
 160	 174	 156	 178	 0	 22	 
 160	 174	 162	 172	 0	 10	 
 160	 174	 162	 172	 0	 10	 
 160	 174	 162	 172	 0	 10	 
 160	 174	 162	 172	 0	 10	 
 160	 174	 162	 172	 0	 10	 
 160	 174	 162	 172	 0	 10	 
 160	 174	 162	 172	 0	 10	 
 160	 174	 155	 179	 0	 24	 
 160	 174	 162	 172	 0	 10	 
 160	 174	 153	 180	 0	 27	 
 160	 174	 161	 173	 0	 12	 
 160	 174	 156	 178	 0	 22	 
 160	 174	 162	 172	 0	 10	 
 160	 174	 162	 172	 0	 10	 
 160	 174	 162	 172	 0	 10	 
 160	 174	 155	 179	 0	 24	 
 160	 174	 162	 172	 0	 10	 
 160	 174	 162	 172	 0	 10	 
 160	 174	 162	 172	 0	 10	 
 160	 174	 156	 178	 0	 22	 
 160	 174	 162	 172	 0	 10	 
 160	 174	 162	 172	 0	 10	 
 160	 174	 154	 180	 0	 26	 
 160	 174	 158	 176	 0	 18	 
 160	 174	 157	 177	 0	 20	 
 0	 0	 0	 0	 0	 0	 
 0	 0	 0	 0	 0	 0	 
 152	 173	 153	 172	 0	 19	 
 152	 173	 144	 180	 0	 36	 
 152	 173	 146	 179	 0	 33	 
 152	 173	 149	 176	 0	 27	 
 152	 173	 154	 171	 0	 17	 
 152	 173	 153	 172	 0	 19	 
 152	 173	 142	 180	 0	 38	 
 152	 173	 141	 180	 0	 39	 
 152	 173	 144	 180	 0	 36	 
 152	 173	 158	 167	 0	 9	 
 152	 173	 148	 177	 0	 29	 
 152	 173	 158	 167	 0	 9	 
 152	 173	 158	 167	 0	 9	 
 152	 173	 147	 178	 0	 31	 
 152	 173	 158	 167	 0	 9	 
 152	 173	 156	 169	 0	 13	 
 152	 173	 144	 180	 0	 36	 
 152	 173	 146	 179	 0	 33	 
 152	 173	 147	 178	 0	 31	 
 152	 173	 154	 171	 0	 17	 
 152	 173	 143	 180	 0	 37	 
 152	 173	 146	 179	 0	 33	 
 152	 173	 156	 169	 0	 13	 
 152	 173	 143	 180	 0	 37	 
 152	 173	 158	 167	 0	 9	 
 152	 173	 151	 174	 0	 23	 
 152	 173	 158	 167	 0	 9	 
 152	 173	 158	 167	 0	 9	 
 152	 173	 143	 180	 0	 37	 
 152	 173	 157	 168	 0	 11	 
 152	 173	 158	 167	 0	 9	 
 152	 173	 158	 167	 0	 9	 
 152	 173	 142	 180	 0	 38	 
 152	 173	 142	 180	 0	 38	 
 152	 173	 144	 180	 0	 36	 
 152	 173	 157	 168	 0	 11	 
 152	 173	 147	 178	 0	 31	 
 152	 173	 158	 167	 0	 9	 
 152	 173	 142	 180	 0	 38	 
 152	 173	 142	 180	 0	 38	 
 152	 173	 144	 180	 0	 36	 
 152	 173	 148	 177	 0	 29	 
 152	 173	 156	 169	 0	 13	 
 152	 173	 158	 167	 0	 9	 
 152	 173	 158	 167	 0	 9	 
 152	 173	 156	 169	 0	 13	 
 152	 173	 157	 168	 0	 11	 
 152	 173	 150	 175	 0	 25	 
 152	 173	 156	 169	 0	 13	 
 152	 173	 147	 178	 0	 31	 
 152	 173	 158	 167	 0	 9	 
 152	 173	 158	 167	 0	 9	 
 152	 173	 143	 180	 0	 37	 
 152	 173	 141	 180	 0	 39	 
 152	 173	 141	 180	 0	 39	 
 152	 173	 158	 167	 0	 9	 
 152	 173	 144	 180	 0	 36	 
 152	 173	 149	 176	 0	 27	 
 152	 173	 156	 169	 0	 13	 
 152	 173	 149	 176	 0	 27	 
 152	 173	 147	 178	 0	 31	 
 152	 173	 143	 180	 0	 37	 
 152	 173	 158	 167	 0	 9	 
 152	 173	 156	 169	 0	 13	 
 152	 173	 158	 167	 0	 9	 
 152	 173	 148	 177	 0	 29	 
 152	 173	 158	 167	 0	 9	 
 152	 173	 158	 167	 0	 9	 
 152	 173	 144	 180	 0	 36	 
 152	 173	 158	 167	 0	 9	 
 152	 173	 146	 179	 0	 33	 
 152	 173	 158	 167	 0	 9	 
 152	 173	 158	 167	 0	 9	 
 152	 173	 158	 167	 0	 9	 
 152	 173	 158	 167	 0	 9	 
 152	 173	 157	 168	 0	 11	 
 152	 173	 144	 180	 0	 36	 
 152	 173	 158	 167	 0	 9	 
 152	 173	 154	 171	 0	 17	 
 152	 173	 150	 175	 0	 25	 
 152	 173	 141	 180	 0	 39	 
 152	 173	 148	 177	 0	 29	 
 152	 173	 153	 172	 0	 19	 
 152	 173	 158	 167	 0	 9	 
 152	 173	 150	 175	 0	 25	 
 152	 173	 151	 174	 0	 23	 
 152	 173	 153	 172	 0	 19	 
 152	 173	 150	 175	 0	 25	 
 152	 173	 145	 180	 0	 35	 
 152	 173	 144	 180	 0	 36	 
 152	 173	 157	 168	 0	 11	 
 152	 173	 158	 167	 0	 9	 
 152	 173	 153	 172	 0	 19	 
 152	 173	 158	 167	 0	 9	 
 152	 173	 158	 167	 0	 9	 
 152	 173	 158	 167	 0	 9	 
 152	 173	 158	 167	 0	 9	 
 152	 173	 158	 167	 0	 9	 
 152	 173	 158	 167	 0	 9	 
 0	 0	 0	 0	 0	 0	 
 0	 0	 0	 0	 0	 0	 
 160	 174	 159	 175	 0	 16	 
 160	 174	 161	 173	 0	 12	 
 160	 174	 162	 172	 0	 10	 
 160	 174	 162	 172	 0	 10	 
 160	 174	 162	 172	 0	 10	 
 160	 174	 162	 172	 0	 10	 
 160	 174	 159	 175	 0	 16	 
 160	 174	 162	 172	 0	 10	 
 160	 174	 162	 172	 0	 10	 
 160	 174	 153	 180	 0	 27	 
 160	 174	 162	 172	 0	 10	 
 160	 174	 159	 175	 0	 16	 
 160	 174	 162	 172	 0	 10	 
 160	 174	 153	 180	 0	 27	 
 160	 174	 162	 172	 0	 10	 
 160	 174	 155	 179	 0	 24	 
 160	 174	 162	 172	 0	 10	 
 160	 174	 155	 179	 0	 24	 
 160	 174	 156	 178	 0	 22	 
 160	 174	 162	 172	 0	 10	 
 160	 174	 161	 173	 0	 12	 
 160	 174	 162	 172	 0	 10	 
 160	 174	 162	 172	 0	 10	 
 160	 174	 159	 175	 0	 16	 
 160	 174	 162	 172	 0	 10	 
 160	 174	 162	 172	 0	 10	 
 160	 174	 162	 172	 0	 10	 
 160	 174	 154	 180	 0	 26	 
 160	 174	 153	 180	 0	 27	 
 160	 174	 161	 173	 0	 12	 
 160	 174	 158	 176	 0	 18	 
 160	 174	 158	 176	 0	 18	 
 160	 174	 161	 173	 0	 12	 
 160	 174	 162	 172	 0	 10	 
 160	 174	 152	 180	 0	 28	 
 160	 174	 162	 172	 0	 10	 
 160	 174	 162	 172	 0	 10	 
 160	 174	 162	 172	 0	 10	 
 160	 174	 157	 177	 0	 20	 
 160	 174	 157	 177	 0	 20	 
 160	 174	 159	 175	 0	 16	 
 160	 174	 158	 176	 0	 18	 
 160	 174	 162	 172	 0	 10	 
 160	 174	 153	 180	 0	 27	 
 160	 174	 162	 172	 0	 10	 
 160	 174	 156	 178	 0	 22	 
 160	 174	 162	 172	 0	 10	 
 160	 174	 162	 172	 0	 10	 
 160	 174	 153	 180	 0	 27	 
 160	 174	 161	 173	 0	 12	 
 160	 174	 156	 178	 0	 22	 
 160	 174	 162	 172	 0	 10	 
 160	 174	 157	 177	 0	 20	 
 160	 174	 162	 172	 0	 10	 
 160	 174	 158	 176	 0	 18	 
 160	 174	 162	 172	 0	 10	 
 160	 174	 162	 172	 0	 10	 
 160	 174	 156	 178	 0	 22	 
 160	 174	 154	 180	 0	 26	 
 160	 174	 162	 172	 0	 10	 
 160	 174	 154	 180	 0	 26	 
 160	 174	 157	 177	 0	 20	 
 160	 174	 162	 172	 0	 10	 
 160	 174	 153	 180	 0	 27	 
 160	 174	 153	 180	 0	 27	 
 160	 174	 157	 177	 0	 20	 
 160	 174	 156	 178	 0	 22	 
 160	 174	 162	 172	 0	 10	 
 160	 174	 162	 172	 0	 10	 
 160	 174	 162	 172	 0	 10	 
 160	 174	 155	 179	 0	 24	 
 160	 174	 153	 180	 0	 27	 
 160	 174	 162	 172	 0	 10	 
 160	 174	 159	 175	 0	 16	 
 160	 174	 162	 172	 0	 10	 
 160	 174	 162	 172	 0	 10	 
 160	 174	 154	 180	 0	 26	 
 160	 174	 162	 172	 0	 10	 
 160	 174	 162	 172	 0	 10	 
 160	 174	 162	 172	 0	 10	 
 160	 174	 153	 180	 0	 27	 
 160	 174	 153	 180	 0	 27	 
 160	 174	 153	 180	 0	 27	 
 160	 174	 162	 172	 0	 10	 
 160	 174	 162	 172	 0	 10	 
 160	 174	 161	 173	 0	 12	 
 160	 174	 159	 175	 0	 16	 
 160	 174	 162	 172	 0	 10	 
 160	 174	 159	 175	 0	 16	 
 160	 174	 153	 180	 0	 27	 
 160	 174	 162	 172	 0	 10	 
 160	 174	 162	 172	 0	 10	 
 160	 174	 156	 178	 0	 22	 
 160	 174	 162	 172	 0	 10	 
 160	 174	 154	 180	 0	 26	 
 160	 174	 155	 179	 0	 24	 
 160	 174	 162	 172	 0	 10	 
 160	 174	 153	 180	 0	 27	 
 160	 174	 162	 172	 0	 10	 
 0	 0	 0	 0	 0	 0	 
 0	 0	 0	 0	 0	 0	 
 140	 165	 130	 175	 0	 45	 
 140	 165	 127	 178	 0	 51	 
 140	 165	 145	 160	 0	 15	 
 140	 165	 148	 157	 0	 9	 
 140	 165	 135	 170	 0	 35	 
 140	 165	 139	 166	 0	 27	 
 140	 165	 146	 159	 0	 13	 
 140	 165	 144	 161	 0	 17	 
 140	 165	 147	 158	 0	 11	 
 140	 165	 130	 175	 0	 45	 
 140	 165	 128	 177	 0	 49	 
 140	 165	 134	 171	 0	 37	 
 140	 165	 141	 164	 0	 23	 
 140	 165	 148	 157	 0	 9	 
 140	 165	 127	 178	 0	 51	 
 140	 165	 130	 175	 0	 45	 
 140	 165	 148	 157	 0	 9	 
 140	 165	 142	 163	 0	 21	 
 140	 165	 148	 157	 0	 9	 
 140	 165	 145	 160	 0	 15	 
 140	 165	 147	 158	 0	 11	 
 140	 165	 127	 178	 0	 51	 
 140	 165	 143	 162	 0	 19	 
 140	 165	 129	 176	 0	 47	 
 140	 165	 146	 159	 0	 13	 
 140	 165	 148	 157	 0	 9	 
 140	 165	 145	 160	 0	 15	 
 140	 165	 133	 172	 0	 39	 
 140	 165	 137	 168	 0	 31	 
 140	 165	 132	 173	 0	 41	 
 140	 165	 148	 157	 0	 9	 
 140	 165	 128	 177	 0	 49	 
 140	 165	 137	 168	 0	 31	 
 140	 165	 138	 167	 0	 29	 
 140	 165	 137	 168	 0	 31	 
 140	 165	 138	 167	 0	 29	 
 140	 165	 134	 171	 0	 37	 
 140	 165	 129	 176	 0	 47	 
 140	 165	 145	 160	 0	 15	 
 140	 165	 148	 157	 0	 9	 
 140	 165	 128	 177	 0	 49	 
 140	 165	 147	 158	 0	 11	 
 140	 165	 134	 171	 0	 37	 
 140	 165	 145	 160	 0	 15	 
 140	 165	 137	 168	 0	 31	 
 140	 165	 148	 157	 0	 9	 
 140	 165	 135	 170	 0	 35	 
 140	 165	 135	 170	 0	 35	 
 140	 165	 141	 164	 0	 23	 
 140	 165	 132	 173	 0	 41	 
 140	 165	 145	 160	 0	 15	 
 140	 165	 130	 175	 0	 45	 
 140	 165	 127	 178	 0	 51	 
 140	 165	 142	 163	 0	 21	 
 140	 165	 127	 178	 0	 51	 
 140	 165	 137	 168	 0	 31	 
 140	 165	 138	 167	 0	 29	 
 140	 165	 133	 172	 0	 39	 
 140	 165	 142	 163	 0	 21	 
 140	 165	 138	 167	 0	 29	 
 140	 165	 131	 174	 0	 43	 
 140	 165	 135	 170	 0	 35	 
 140	 165	 143	 162	 0	 19	 
 140	 165	 132	 173	 0	 41	 
 140	 165	 145	 160	 0	 15	 
 140	 165	 132	 173	 0	 41	 
 140	 165	 148	 157	 0	 9	 
 140	 165	 127	 178	 0	 51	 
 140	 165	 148	 157	 0	 9	 
 140	 165	 133	 172	 0	 39	 
 140	 165	 137	 168	 0	 31	 
 140	 165	 138	 167	 0	 29	 
 140	 165	 138	 167	 0	 29	 
 140	 165	 133	 172	 0	 39	 
 140	 165	 136	 169	 0	 33	 
 140	 165	 129	 176	 0	 47	 
 140	 165	 130	 175	 0	 45	 
 140	 165	 132	 173	 0	 41	 
 140	 165	 135	 170	 0	 35	 
 140	 165	 136	 169	 0	 33	 
 140	 165	 135	 170	 0	 35	 
 140	 165	 133	 172	 0	 39	 
 140	 165	 130	 175	 0	 45	 
 140	 165	 139	 166	 0	 27	 
 140	 165	 132	 173	 0	 41	 
 140	 165	 148	 157	 0	 9	 
 140	 165	 148	 157	 0	 9	 
 140	 165	 148	 157	 0	 9	 
 140	 165	 138	 167	 0	 29	 
 140	 165	 135	 170	 0	 35	 
 140	 165	 147	 158	 0	 11	 
 140	 165	 148	 157	 0	 9	 
 140	 165	 128	 177	 0	 49	 
 140	 165	 138	 167	 0	 29	 
 140	 165	 129	 176	 0	 47	 
 140	 165	 143	 162	 0	 19	 
 140	 165	 128	 177	 0	 49	 
 140	 165	 148	 157	 0	 9	 
 140	 165	 148	 157	 0	 9	 
 0	 0	 0	 0	 0	 0	 
 0	 0	 0	 0	 0	 0	 
 160	 174	 157	 177	 0	 20	 
 160	 174	 156	 178	 0	 22	 
 160	 174	 159	 175	 0	 16	 
 160	 174	 162	 172	 0	 10	 
 160	 174	 158	 176	 0	 18	 
 160	 174	 162	 172	 0	 10	 
 160	 174	 162	 172	 0	 10	 
 160	 174	 162	 172	 0	 10	 
 160	 174	 162	 172	 0	 10	 
 160	 174	 154	 180	 0	 26	 
 160	 174	 159	 175	 0	 16	 
 160	 174	 162	 172	 0	 10	 
 160	 174	 158	 176	 0	 18	 
 160	 174	 158	 176	 0	 18	 
 160	 174	 162	 172	 0	 10	 
 160	 174	 161	 173	 0	 12	 
 160	 174	 153	 180	 0	 27	 
 160	 174	 162	 172	 0	 10	 
 160	 174	 153	 180	 0	 27	 
 160	 174	 162	 172	 0	 10	 
 160	 174	 159	 175	 0	 16	 
 160	 174	 162	 172	 0	 10	 
 160	 174	 155	 179	 0	 24	 
 160	 174	 162	 172	 0	 10	 
 160	 174	 156	 178	 0	 22	 
 160	 174	 159	 175	 0	 16	 
 160	 174	 162	 172	 0	 10	 
 160	 174	 161	 173	 0	 12	 
 160	 174	 161	 173	 0	 12	 
 160	 174	 157	 177	 0	 20	 
 160	 174	 162	 172	 0	 10	 
 160	 174	 162	 172	 0	 10	 
 160	 174	 162	 172	 0	 10	 
 160	 174	 162	 172	 0	 10	 
 160	 174	 162	 172	 0	 10	 
 160	 174	 157	 177	 0	 20	 
 160	 174	 153	 180	 0	 27	 
 160	 174	 162	 172	 0	 10	 
 160	 174	 162	 172	 0	 10	 
 160	 174	 162	 172	 0	 10	 
 160	 174	 162	 172	 0	 10	 
 160	 174	 162	 172	 0	 10	 
 160	 174	 162	 172	 0	 10	 
 160	 174	 154	 180	 0	 26	 
 160	 174	 161	 173	 0	 12	 
 160	 174	 162	 172	 0	 10	 
 160	 174	 154	 180	 0	 26	 
 160	 174	 159	 175	 0	 16	 
 160	 174	 162	 172	 0	 10	 
 160	 174	 154	 180	 0	 26	 
 160	 174	 154	 180	 0	 26	 
 160	 174	 162	 172	 0	 10	 
 160	 174	 153	 180	 0	 27	 
 160	 174	 162	 172	 0	 10	 
 160	 174	 158	 176	 0	 18	 
 160	 174	 162	 172	 0	 10	 
 160	 174	 155	 179	 0	 24	 
 160	 174	 161	 173	 0	 12	 
 160	 174	 162	 172	 0	 10	 
 160	 174	 162	 172	 0	 10	 
 160	 174	 158	 176	 0	 18	 
 160	 174	 159	 175	 0	 16	 
 160	 174	 162	 172	 0	 10	 
 160	 174	 154	 180	 0	 26	 
 160	 174	 162	 172	 0	 10	 
 160	 174	 154	 180	 0	 26	 
 160	 174	 154	 180	 0	 26	 
 160	 174	 155	 179	 0	 24	 
 160	 174	 156	 178	 0	 22	 
 160	 174	 162	 172	 0	 10	 
 160	 174	 159	 175	 0	 16	 
 160	 174	 159	 175	 0	 16	 
 160	 174	 156	 178	 0	 22	 
 160	 174	 157	 177	 0	 20	 
 160	 174	 162	 172	 0	 10	 
 160	 174	 162	 172	 0	 10	 
 160	 174	 162	 172	 0	 10	 
 160	 174	 162	 172	 0	 10	 
 160	 174	 162	 172	 0	 10	 
 160	 174	 162	 172	 0	 10	 
 160	 174	 162	 172	 0	 10	 
 160	 174	 157	 177	 0	 20	 
 160	 174	 162	 172	 0	 10	 
 160	 174	 152	 180	 0	 28	 
 160	 174	 162	 172	 0	 10	 
 160	 174	 162	 172	 0	 10	 
 160	 174	 155	 179	 0	 24	 
 160	 174	 162	 172	 0	 10	 
 160	 174	 156	 178	 0	 22	 
 160	 174	 162	 172	 0	 10	 
 160	 174	 162	 172	 0	 10	 
 160	 174	 158	 176	 0	 18	 
 160	 174	 158	 176	 0	 18	 
 160	 174	 162	 172	 0	 10	 
 160	 174	 156	 178	 0	 22	 
 160	 174	 153	 180	 0	 27	 
 160	 174	 156	 178	 0	 22	 
 160	 174	 152	 180	 0	 28	 
 160	 174	 159	 175	 0	 16	 
 0	 0	 0	 0	 0	 0	 
 0	 0	 0	 0	 0	 0	 
 163	 180	 155	 180	 0	 25	 
 163	 180	 156	 180	 0	 24	 
 163	 180	 167	 176	 0	 9	 
 163	 180	 157	 180	 0	 23	 
 163	 180	 159	 180	 0	 21	 
 163	 180	 166	 177	 0	 11	 
 163	 180	 167	 176	 0	 9	 
 163	 180	 167	 176	 0	 9	 
 163	 180	 167	 176	 0	 9	 
 163	 180	 160	 180	 0	 20	 
 163	 180	 161	 180	 0	 19	 
 163	 180	 162	 180	 0	 18	 
 163	 180	 167	 176	 0	 9	 
 163	 180	 160	 180	 0	 20	 
 163	 180	 161	 180	 0	 19	 
 163	 180	 165	 178	 0	 13	 
 163	 180	 158	 180	 0	 22	 
 163	 180	 167	 176	 0	 9	 
 163	 180	 164	 179	 0	 15	 
 163	 180	 158	 180	 0	 22	 
 163	 180	 157	 180	 0	 23	 
 163	 180	 157	 180	 0	 23	 
 163	 180	 161	 180	 0	 19	 
 163	 180	 164	 179	 0	 15	 
 163	 180	 161	 180	 0	 19	 
 163	 180	 156	 180	 0	 24	 
 163	 180	 156	 180	 0	 24	 
 163	 180	 154	 180	 0	 26	 
 163	 180	 155	 180	 0	 25	 
 163	 180	 160	 180	 0	 20	 
 163	 180	 155	 180	 0	 25	 
 163	 180	 164	 179	 0	 15	 
 163	 180	 160	 180	 0	 20	 
 163	 180	 155	 180	 0	 25	 
 163	 180	 158	 180	 0	 22	 
 163	 180	 167	 176	 0	 9	 
 163	 180	 158	 180	 0	 22	 
 163	 180	 165	 178	 0	 13	 
 163	 180	 154	 180	 0	 26	 
 163	 180	 164	 179	 0	 15	 
 163	 180	 166	 177	 0	 11	 
 163	 180	 155	 180	 0	 25	 
 163	 180	 164	 179	 0	 15	 
 163	 180	 164	 179	 0	 15	 
 163	 180	 156	 180	 0	 24	 
 163	 180	 167	 176	 0	 9	 
 163	 180	 158	 180	 0	 22	 
 163	 180	 160	 180	 0	 20	 
 163	 180	 167	 176	 0	 9	 
 163	 180	 158	 180	 0	 22	 
 163	 180	 162	 180	 0	 18	 
 163	 180	 156	 180	 0	 24	 
 163	 180	 155	 180	 0	 25	 
 163	 180	 167	 176	 0	 9	 
 163	 180	 167	 176	 0	 9	 
 163	 180	 164	 179	 0	 15	 
 163	 180	 162	 180	 0	 18	 
 163	 180	 167	 176	 0	 9	 
 163	 180	 154	 180	 0	 26	 
 163	 180	 154	 180	 0	 26	 
 163	 180	 161	 180	 0	 19	 
 163	 180	 165	 178	 0	 13	 
 163	 180	 161	 180	 0	 19	 
 163	 180	 156	 180	 0	 24	 
 163	 180	 166	 177	 0	 11	 
 163	 180	 154	 180	 0	 26	 
 163	 180	 167	 176	 0	 9	 
 163	 180	 155	 180	 0	 25	 
 163	 180	 167	 176	 0	 9	 
 163	 180	 154	 180	 0	 26	 
 163	 180	 159	 180	 0	 21	 
 163	 180	 167	 176	 0	 9	 
 163	 180	 167	 176	 0	 9	 
 163	 180	 156	 180	 0	 24	 
 163	 180	 157	 180	 0	 23	 
 163	 180	 158	 180	 0	 22	 
 163	 180	 167	 176	 0	 9	 
 163	 180	 165	 178	 0	 13	 
 163	 180	 162	 180	 0	 18	 
 163	 180	 165	 178	 0	 13	 
 163	 180	 165	 178	 0	 13	 
 163	 180	 161	 180	 0	 19	 
 163	 180	 166	 177	 0	 11	 
 163	 180	 167	 176	 0	 9	 
 163	 180	 156	 180	 0	 24	 
 163	 180	 157	 180	 0	 23	 
 163	 180	 154	 180	 0	 26	 
 163	 180	 156	 180	 0	 24	 
 163	 180	 156	 180	 0	 24	 
 163	 180	 154	 180	 0	 26	 
 163	 180	 157	 180	 0	 23	 
 163	 180	 167	 176	 0	 9	 
 163	 180	 156	 180	 0	 24	 
 163	 180	 165	 178	 0	 13	 
 163	 180	 167	 176	 0	 9	 
 163	 180	 166	 177	 0	 11	 
 163	 180	 157	 180	 0	 23	 
 163	 180	 164	 179	 0	 15	 
 163	 180	 157	 180	 0	 23	 
 0	 0	 0	 0	 0	 0	 
 0	 0	 0	 0	 0	 0	 
 160	 174	 162	 172	 0	 10	 
 160	 174	 162	 172	 0	 10	 
 160	 174	 162	 172	 0	 10	 
 160	 174	 159	 175	 0	 16	 
 160	 174	 162	 172	 0	 10	 
 160	 174	 158	 176	 0	 18	 
 160	 174	 156	 178	 0	 22	 
 160	 174	 154	 180	 0	 26	 
 160	 174	 154	 180	 0	 26	 
 160	 174	 156	 178	 0	 22	 
 160	 174	 162	 172	 0	 10	 
 160	 174	 156	 178	 0	 22	 
 160	 174	 162	 172	 0	 10	 
 160	 174	 158	 176	 0	 18	 
 160	 174	 158	 176	 0	 18	 
 160	 174	 157	 177	 0	 20	 
 160	 174	 161	 173	 0	 12	 
 160	 174	 159	 175	 0	 16	 
 160	 174	 154	 180	 0	 26	 
 160	 174	 162	 172	 0	 10	 
 160	 174	 152	 180	 0	 28	 
 160	 174	 159	 175	 0	 16	 
 160	 174	 162	 172	 0	 10	 
 160	 174	 162	 172	 0	 10	 
 160	 174	 158	 176	 0	 18	 
 160	 174	 162	 172	 0	 10	 
 160	 174	 157	 177	 0	 20	 
 160	 174	 162	 172	 0	 10	 
 160	 174	 162	 172	 0	 10	 
 160	 174	 162	 172	 0	 10	 
 160	 174	 162	 172	 0	 10	 
 160	 174	 161	 173	 0	 12	 
 160	 174	 155	 179	 0	 24	 
 160	 174	 155	 179	 0	 24	 
 160	 174	 162	 172	 0	 10	 
 160	 174	 159	 175	 0	 16	 
 160	 174	 155	 179	 0	 24	 
 160	 174	 162	 172	 0	 10	 
 160	 174	 157	 177	 0	 20	 
 160	 174	 156	 178	 0	 22	 
 160	 174	 158	 176	 0	 18	 
 160	 174	 162	 172	 0	 10	 
 160	 174	 162	 172	 0	 10	 
 160	 174	 162	 172	 0	 10	 
 160	 174	 162	 172	 0	 10	 
 160	 174	 154	 180	 0	 26	 
 160	 174	 162	 172	 0	 10	 
 160	 174	 162	 172	 0	 10	 
 160	 174	 162	 172	 0	 10	 
 160	 174	 162	 172	 0	 10	 
 160	 174	 161	 173	 0	 12	 
 160	 174	 162	 172	 0	 10	 
 160	 174	 161	 173	 0	 12	 
 160	 174	 156	 178	 0	 22	 
 160	 174	 154	 180	 0	 26	 
 160	 174	 162	 172	 0	 10	 
 160	 174	 156	 178	 0	 22	 
 160	 174	 162	 172	 0	 10	 
 160	 174	 152	 180	 0	 28	 
 160	 174	 162	 172	 0	 10	 
 160	 174	 162	 172	 0	 10	 
 160	 174	 162	 172	 0	 10	 
 160	 174	 161	 173	 0	 12	 
 160	 174	 161	 173	 0	 12	 
 160	 174	 158	 176	 0	 18	 
 160	 174	 157	 177	 0	 20	 
 160	 174	 162	 172	 0	 10	 
 160	 174	 153	 180	 0	 27	 
 160	 174	 162	 172	 0	 10	 
 160	 174	 162	 172	 0	 10	 
 160	 174	 162	 172	 0	 10	 
 160	 174	 162	 172	 0	 10	 
 160	 174	 161	 173	 0	 12	 
 160	 174	 162	 172	 0	 10	 
 160	 174	 162	 172	 0	 10	 
 160	 174	 162	 172	 0	 10	 
 160	 174	 161	 173	 0	 12	 
 160	 174	 162	 172	 0	 10	 
 160	 174	 162	 172	 0	 10	 
 160	 174	 162	 172	 0	 10	 
 160	 174	 155	 179	 0	 24	 
 160	 174	 162	 172	 0	 10	 
 160	 174	 161	 173	 0	 12	 
 160	 174	 161	 173	 0	 12	 
 160	 174	 162	 172	 0	 10	 
 160	 174	 154	 180	 0	 26	 
 160	 174	 158	 176	 0	 18	 
 160	 174	 162	 172	 0	 10	 
 160	 174	 154	 180	 0	 26	 
 160	 174	 159	 175	 0	 16	 
 160	 174	 158	 176	 0	 18	 
 160	 174	 162	 172	 0	 10	 
 160	 174	 154	 180	 0	 26	 
 160	 174	 161	 173	 0	 12	 
 160	 174	 155	 179	 0	 24	 
 160	 174	 157	 177	 0	 20	 
 160	 174	 154	 180	 0	 26	 
 160	 174	 162	 172	 0	 10	 
 160	 174	 159	 175	 0	 16	 
 0	 0	 0	 0	 0	 0	 
 0	 0	 0	 0	 0	 0	 
 140	 165	 148	 157	 0	 9	 
 140	 165	 146	 159	 0	 13	 
 140	 165	 142	 163	 0	 21	 
 140	 165	 143	 162	 0	 19	 
 140	 165	 148	 157	 0	 9	 
 140	 165	 132	 173	 0	 41	 
 140	 165	 132	 173	 0	 41	 
 140	 165	 147	 158	 0	 11	 
 140	 165	 145	 160	 0	 15	 
 140	 165	 138	 167	 0	 29	 
 140	 165	 136	 169	 0	 33	 
 140	 165	 148	 157	 0	 9	 
 140	 165	 138	 167	 0	 29	 
 140	 165	 142	 163	 0	 21	 
 140	 165	 148	 157	 0	 9	 
 140	 165	 136	 169	 0	 33	 
 140	 165	 127	 178	 0	 51	 
 140	 165	 135	 170	 0	 35	 
 140	 165	 132	 173	 0	 41	 
 140	 165	 135	 170	 0	 35	 
 140	 165	 147	 158	 0	 11	 
 140	 165	 148	 157	 0	 9	 
 140	 165	 129	 176	 0	 47	 
 140	 165	 135	 170	 0	 35	 
 140	 165	 148	 157	 0	 9	 
 140	 165	 148	 157	 0	 9	 
 140	 165	 145	 160	 0	 15	 
 140	 165	 135	 170	 0	 35	 
 140	 165	 148	 157	 0	 9	 
 140	 165	 148	 157	 0	 9	 
 140	 165	 129	 176	 0	 47	 
 140	 165	 147	 158	 0	 11	 
 140	 165	 136	 169	 0	 33	 
 140	 165	 128	 177	 0	 49	 
 140	 165	 148	 157	 0	 9	 
 140	 165	 143	 162	 0	 19	 
 140	 165	 146	 159	 0	 13	 
 140	 165	 145	 160	 0	 15	 
 140	 165	 142	 163	 0	 21	 
 140	 165	 135	 170	 0	 35	 
 140	 165	 148	 157	 0	 9	 
 140	 165	 148	 157	 0	 9	 
 140	 165	 145	 160	 0	 15	 
 140	 165	 148	 157	 0	 9	 
 140	 165	 129	 176	 0	 47	 
 140	 165	 147	 158	 0	 11	 
 140	 165	 133	 172	 0	 39	 
 140	 165	 137	 168	 0	 31	 
 140	 165	 145	 160	 0	 15	 
 140	 165	 135	 170	 0	 35	 
 140	 165	 148	 157	 0	 9	 
 140	 165	 148	 157	 0	 9	 
 140	 165	 132	 173	 0	 41	 
 140	 165	 127	 178	 0	 51	 
 140	 165	 134	 171	 0	 37	 
 140	 165	 145	 160	 0	 15	 
 140	 165	 136	 169	 0	 33	 
 140	 165	 148	 157	 0	 9	 
 140	 165	 148	 157	 0	 9	 
 140	 165	 146	 159	 0	 13	 
 140	 165	 148	 157	 0	 9	 
 140	 165	 148	 157	 0	 9	 
 140	 165	 148	 157	 0	 9	 
 140	 165	 142	 163	 0	 21	 
 140	 165	 148	 157	 0	 9	 
 140	 165	 148	 157	 0	 9	 
 140	 165	 127	 178	 0	 51	 
 140	 165	 148	 157	 0	 9	 
 140	 165	 132	 173	 0	 41	 
 140	 165	 133	 172	 0	 39	 
 140	 165	 148	 157	 0	 9	 
 140	 165	 145	 160	 0	 15	 
 140	 165	 142	 163	 0	 21	 
 140	 165	 127	 178	 0	 51	 
 140	 165	 148	 157	 0	 9	 
 140	 165	 138	 167	 0	 29	 
 140	 165	 148	 157	 0	 9	 
 140	 165	 127	 178	 0	 51	 
 140	 165	 144	 161	 0	 17	 
 140	 165	 142	 163	 0	 21	 
 140	 165	 147	 158	 0	 11	 
 140	 165	 148	 157	 0	 9	 
 140	 165	 148	 157	 0	 9	 
 140	 165	 138	 167	 0	 29	 
 140	 165	 145	 160	 0	 15	 
 140	 165	 139	 166	 0	 27	 
 140	 165	 128	 177	 0	 49	 
 140	 165	 141	 164	 0	 23	 
 140	 165	 133	 172	 0	 39	 
 140	 165	 131	 174	 0	 43	 
 140	 165	 144	 161	 0	 17	 
 140	 165	 148	 157	 0	 9	 
 140	 165	 147	 158	 0	 11	 
 140	 165	 143	 162	 0	 19	 
 140	 165	 141	 164	 0	 23	 
 140	 165	 148	 157	 0	 9	 
 140	 165	 148	 157	 0	 9	 
 140	 165	 132	 173	 0	 41	 
 140	 165	 148	 157	 0	 9	 
 0	 0	 0	 0	 0	 0	 
 0	 0	 0	 0	 0	 0	 
 160	 174	 158	 176	 0	 18	 
 160	 174	 162	 172	 0	 10	 
 160	 174	 161	 173	 0	 12	 
 160	 174	 152	 180	 0	 28	 
 160	 174	 161	 173	 0	 12	 
 160	 174	 154	 180	 0	 26	 
 160	 174	 162	 172	 0	 10	 
 160	 174	 162	 172	 0	 10	 
 160	 174	 162	 172	 0	 10	 
 160	 174	 161	 173	 0	 12	 
 160	 174	 156	 178	 0	 22	 
 160	 174	 154	 180	 0	 26	 
 160	 174	 152	 180	 0	 28	 
 160	 174	 156	 178	 0	 22	 
 160	 174	 154	 180	 0	 26	 
 160	 174	 162	 172	 0	 10	 
 160	 174	 153	 180	 0	 27	 
 160	 174	 157	 177	 0	 20	 
 160	 174	 156	 178	 0	 22	 
 160	 174	 162	 172	 0	 10	 
 160	 174	 162	 172	 0	 10	 
 160	 174	 156	 178	 0	 22	 
 160	 174	 155	 179	 0	 24	 
 160	 174	 162	 172	 0	 10	 
 160	 174	 162	 172	 0	 10	 
 160	 174	 155	 179	 0	 24	 
 160	 174	 162	 172	 0	 10	 
 160	 174	 162	 172	 0	 10	 
 160	 174	 162	 172	 0	 10	 
 160	 174	 158	 176	 0	 18	 
 160	 174	 162	 172	 0	 10	 
 160	 174	 161	 173	 0	 12	 
 160	 174	 161	 173	 0	 12	 
 160	 174	 154	 180	 0	 26	 
 160	 174	 157	 177	 0	 20	 
 160	 174	 162	 172	 0	 10	 
 160	 174	 154	 180	 0	 26	 
 160	 174	 162	 172	 0	 10	 
 160	 174	 162	 172	 0	 10	 
 160	 174	 154	 180	 0	 26	 
 160	 174	 162	 172	 0	 10	 
 160	 174	 162	 172	 0	 10	 
 160	 174	 158	 176	 0	 18	 
 160	 174	 157	 177	 0	 20	 
 160	 174	 162	 172	 0	 10	 
 160	 174	 154	 180	 0	 26	 
 160	 174	 162	 172	 0	 10	 
 160	 174	 154	 180	 0	 26	 
 160	 174	 162	 172	 0	 10	 
 160	 174	 153	 180	 0	 27	 
 160	 174	 153	 180	 0	 27	 
 160	 174	 162	 172	 0	 10	 
 160	 174	 159	 175	 0	 16	 
 160	 174	 162	 172	 0	 10	 
 160	 174	 157	 177	 0	 20	 
 160	 174	 162	 172	 0	 10	 
 160	 174	 162	 172	 0	 10	 
 160	 174	 162	 172	 0	 10	 
 160	 174	 162	 172	 0	 10	 
 160	 174	 161	 173	 0	 12	 
 160	 174	 156	 178	 0	 22	 
 160	 174	 157	 177	 0	 20	 
 160	 174	 153	 180	 0	 27	 
 160	 174	 162	 172	 0	 10	 
 160	 174	 157	 177	 0	 20	 
 160	 174	 162	 172	 0	 10	 
 160	 174	 162	 172	 0	 10	 
 160	 174	 162	 172	 0	 10	 
 160	 174	 162	 172	 0	 10	 
 160	 174	 152	 180	 0	 28	 
 160	 174	 157	 177	 0	 20	 
 160	 174	 161	 173	 0	 12	 
 160	 174	 162	 172	 0	 10	 
 160	 174	 162	 172	 0	 10	 
 160	 174	 153	 180	 0	 27	 
 160	 174	 156	 178	 0	 22	 
 160	 174	 162	 172	 0	 10	 
 160	 174	 162	 172	 0	 10	 
 160	 174	 162	 172	 0	 10	 
 160	 174	 152	 180	 0	 28	 
 160	 174	 162	 172	 0	 10	 
 160	 174	 153	 180	 0	 27	 
 160	 174	 162	 172	 0	 10	 
 160	 174	 159	 175	 0	 16	 
 160	 174	 162	 172	 0	 10	 
 160	 174	 162	 172	 0	 10	 
 160	 174	 156	 178	 0	 22	 
 160	 174	 162	 172	 0	 10	 
 160	 174	 162	 172	 0	 10	 
 160	 174	 156	 178	 0	 22	 
 160	 174	 162	 172	 0	 10	 
 160	 174	 154	 180	 0	 26	 
 160	 174	 162	 172	 0	 10	 
 160	 174	 159	 175	 0	 16	 
 160	 174	 162	 172	 0	 10	 
 160	 174	 154	 180	 0	 26	 
 160	 174	 162	 172	 0	 10	 
 160	 174	 156	 178	 0	 22	 
 160	 174	 158	 176	 0	 18	 
 0	 0	 0	 0	 0	 0	 
 0	 0	 0	 0	 0	 0	 
 160	 174	 162	 172	 0	 10	 
 160	 174	 161	 173	 0	 12	 
 160	 174	 154	 180	 0	 26	 
 160	 174	 157	 177	 0	 20	 
 160	 174	 162	 172	 0	 10	 
 160	 174	 162	 172	 0	 10	 
 160	 174	 162	 172	 0	 10	 
 160	 174	 158	 176	 0	 18	 
 160	 174	 154	 180	 0	 26	 
 160	 174	 156	 178	 0	 22	 
 160	 174	 162	 172	 0	 10	 
 160	 174	 158	 176	 0	 18	 
 160	 174	 153	 180	 0	 27	 
 160	 174	 155	 179	 0	 24	 
 160	 174	 157	 177	 0	 20	 
 160	 174	 159	 175	 0	 16	 
 160	 174	 161	 173	 0	 12	 
 160	 174	 162	 172	 0	 10	 
 160	 174	 153	 180	 0	 27	 
 160	 174	 161	 173	 0	 12	 
 160	 174	 157	 177	 0	 20	 
 160	 174	 162	 172	 0	 10	 
 160	 174	 154	 180	 0	 26	 
 160	 174	 162	 172	 0	 10	 
 160	 174	 154	 180	 0	 26	 
 160	 174	 162	 172	 0	 10	 
 160	 174	 162	 172	 0	 10	 
 160	 174	 155	 179	 0	 24	 
 160	 174	 158	 176	 0	 18	 
 160	 174	 153	 180	 0	 27	 
 160	 174	 162	 172	 0	 10	 
 160	 174	 157	 177	 0	 20	 
 160	 174	 153	 180	 0	 27	 
 160	 174	 157	 177	 0	 20	 
 160	 174	 158	 176	 0	 18	 
 160	 174	 153	 180	 0	 27	 
 160	 174	 152	 180	 0	 28	 
 160	 174	 162	 172	 0	 10	 
 160	 174	 153	 180	 0	 27	 
 160	 174	 162	 172	 0	 10	 
 160	 174	 152	 180	 0	 28	 
 160	 174	 162	 172	 0	 10	 
 160	 174	 156	 178	 0	 22	 
 160	 174	 157	 177	 0	 20	 
 160	 174	 161	 173	 0	 12	 
 160	 174	 162	 172	 0	 10	 
 160	 174	 162	 172	 0	 10	 
 160	 174	 158	 176	 0	 18	 
 160	 174	 159	 175	 0	 16	 
 160	 174	 159	 175	 0	 16	 
 160	 174	 161	 173	 0	 12	 
 160	 174	 162	 172	 0	 10	 
 160	 174	 162	 172	 0	 10	 
 160	 174	 162	 172	 0	 10	 
 160	 174	 153	 180	 0	 27	 
 160	 174	 162	 172	 0	 10	 
 160	 174	 158	 176	 0	 18	 
 160	 174	 162	 172	 0	 10	 
 160	 174	 156	 178	 0	 22	 
 160	 174	 162	 172	 0	 10	 
 160	 174	 162	 172	 0	 10	 
 160	 174	 154	 180	 0	 26	 
 160	 174	 162	 172	 0	 10	 
 160	 174	 162	 172	 0	 10	 
 160	 174	 162	 172	 0	 10	 
 160	 174	 153	 180	 0	 27	 
 160	 174	 157	 177	 0	 20	 
 160	 174	 162	 172	 0	 10	 
 160	 174	 155	 179	 0	 24	 
 160	 174	 162	 172	 0	 10	 
 160	 174	 157	 177	 0	 20	 
 160	 174	 157	 177	 0	 20	 
 160	 174	 154	 180	 0	 26	 
 160	 174	 154	 180	 0	 26	 
 160	 174	 162	 172	 0	 10	 
 160	 174	 162	 172	 0	 10	 
 160	 174	 154	 180	 0	 26	 
 160	 174	 153	 180	 0	 27	 
 160	 174	 162	 172	 0	 10	 
 160	 174	 153	 180	 0	 27	 
 160	 174	 155	 179	 0	 24	 
 160	 174	 159	 175	 0	 16	 
 160	 174	 162	 172	 0	 10	 
 160	 174	 161	 173	 0	 12	 
 160	 174	 162	 172	 0	 10	 
 160	 174	 161	 173	 0	 12	 
 160	 174	 161	 173	 0	 12	 
 160	 174	 162	 172	 0	 10	 
 160	 174	 162	 172	 0	 10	 
 160	 174	 153	 180	 0	 27	 
 160	 174	 162	 172	 0	 10	 
 160	 174	 162	 172	 0	 10	 
 160	 174	 153	 180	 0	 27	 
 160	 174	 153	 180	 0	 27	 
 160	 174	 157	 177	 0	 20	 
 160	 174	 162	 172	 0	 10	 
 160	 174	 155	 179	 0	 24	 
 160	 174	 157	 177	 0	 20	 
 160	 174	 162	 172	 0	 10	 
 0	 0	 0	 0	 0	 0	 
 0	 0	 0	 0	 0	 0	 
 160	 174	 162	 172	 0	 10	 
 160	 174	 162	 172	 0	 10	 
 160	 174	 152	 180	 0	 28	 
 160	 174	 159	 175	 0	 16	 
 160	 174	 161	 173	 0	 12	 
 160	 174	 162	 172	 0	 10	 
 160	 174	 158	 176	 0	 18	 
 160	 174	 159	 175	 0	 16	 
 160	 174	 162	 172	 0	 10	 
 160	 174	 161	 173	 0	 12	 
 160	 174	 153	 180	 0	 27	 
 160	 174	 154	 180	 0	 26	 
 160	 174	 162	 172	 0	 10	 
 160	 174	 157	 177	 0	 20	 
 160	 174	 154	 180	 0	 26	 
 160	 174	 162	 172	 0	 10	 
 160	 174	 158	 176	 0	 18	 
 160	 174	 162	 172	 0	 10	 
 160	 174	 156	 178	 0	 22	 
 160	 174	 156	 178	 0	 22	 
 160	 174	 155	 179	 0	 24	 
 160	 174	 153	 180	 0	 27	 
 160	 174	 154	 180	 0	 26	 
 160	 174	 161	 173	 0	 12	 
 160	 174	 162	 172	 0	 10	 
 160	 174	 161	 173	 0	 12	 
 160	 174	 153	 180	 0	 27	 
 160	 174	 161	 173	 0	 12	 
 160	 174	 162	 172	 0	 10	 
 160	 174	 162	 172	 0	 10	 
 160	 174	 158	 176	 0	 18	 
 160	 174	 157	 177	 0	 20	 
 160	 174	 153	 180	 0	 27	 
 160	 174	 162	 172	 0	 10	 
 160	 174	 158	 176	 0	 18	 
 160	 174	 162	 172	 0	 10	 
 160	 174	 154	 180	 0	 26	 
 160	 174	 162	 172	 0	 10	 
 160	 174	 162	 172	 0	 10	 
 160	 174	 159	 175	 0	 16	 
 160	 174	 162	 172	 0	 10	 
 160	 174	 154	 180	 0	 26	 
 160	 174	 159	 175	 0	 16	 
 160	 174	 154	 180	 0	 26	 
 160	 174	 155	 179	 0	 24	 
 160	 174	 162	 172	 0	 10	 
 160	 174	 161	 173	 0	 12	 
 160	 174	 157	 177	 0	 20	 
 160	 174	 162	 172	 0	 10	 
 160	 174	 158	 176	 0	 18	 
 160	 174	 158	 176	 0	 18	 
 160	 174	 162	 172	 0	 10	 
 160	 174	 152	 180	 0	 28	 
 160	 174	 161	 173	 0	 12	 
 160	 174	 162	 172	 0	 10	 
 160	 174	 162	 172	 0	 10	 
 160	 174	 162	 172	 0	 10	 
 160	 174	 158	 176	 0	 18	 
 160	 174	 155	 179	 0	 24	 
 160	 174	 162	 172	 0	 10	 
 160	 174	 162	 172	 0	 10	 
 160	 174	 156	 178	 0	 22	 
 160	 174	 159	 175	 0	 16	 
 160	 174	 156	 178	 0	 22	 
 160	 174	 162	 172	 0	 10	 
 160	 174	 154	 180	 0	 26	 
 160	 174	 162	 172	 0	 10	 
 160	 174	 162	 172	 0	 10	 
 160	 174	 162	 172	 0	 10	 
 160	 174	 162	 172	 0	 10	 
 160	 174	 162	 172	 0	 10	 
 160	 174	 162	 172	 0	 10	 
 160	 174	 162	 172	 0	 10	 
 160	 174	 157	 177	 0	 20	 
 160	 174	 162	 172	 0	 10	 
 160	 174	 162	 172	 0	 10	 
 160	 174	 158	 176	 0	 18	 
 160	 174	 162	 172	 0	 10	 
 160	 174	 161	 173	 0	 12	 
 160	 174	 162	 172	 0	 10	 
 160	 174	 159	 175	 0	 16	 
 160	 174	 162	 172	 0	 10	 
 160	 174	 155	 179	 0	 24	 
 160	 174	 162	 172	 0	 10	 
 160	 174	 162	 172	 0	 10	 
 160	 174	 156	 178	 0	 22	 
 160	 174	 162	 172	 0	 10	 
 160	 174	 162	 172	 0	 10	 
 160	 174	 153	 180	 0	 27	 
 160	 174	 159	 175	 0	 16	 
 160	 174	 162	 172	 0	 10	 
 160	 174	 162	 172	 0	 10	 
 160	 174	 162	 172	 0	 10	 
 160	 174	 153	 180	 0	 27	 
 160	 174	 158	 176	 0	 18	 
 160	 174	 161	 173	 0	 12	 
 160	 174	 162	 172	 0	 10	 
 160	 174	 162	 172	 0	 10	 
 160	 174	 162	 172	 0	 10	 
 0	 0	 0	 0	 0	 0	 
 0	 0	 0	 0	 0	 0	 
 160	 174	 154	 180	 0	 26	 
 160	 174	 157	 177	 0	 20	 
 160	 174	 159	 175	 0	 16	 
 160	 174	 161	 173	 0	 12	 
 160	 174	 154	 180	 0	 26	 
 160	 174	 162	 172	 0	 10	 
 160	 174	 162	 172	 0	 10	 
 160	 174	 154	 180	 0	 26	 
 160	 174	 158	 176	 0	 18	 
 160	 174	 162	 172	 0	 10	 
 160	 174	 152	 180	 0	 28	 
 160	 174	 152	 180	 0	 28	 
 160	 174	 162	 172	 0	 10	 
 160	 174	 162	 172	 0	 10	 
 160	 174	 162	 172	 0	 10	 
 160	 174	 162	 172	 0	 10	 
 160	 174	 154	 180	 0	 26	 
 160	 174	 162	 172	 0	 10	 
 160	 174	 154	 180	 0	 26	 
 160	 174	 162	 172	 0	 10	 
 160	 174	 159	 175	 0	 16	 
 160	 174	 153	 180	 0	 27	 
 160	 174	 162	 172	 0	 10	 
 160	 174	 159	 175	 0	 16	 
 160	 174	 156	 178	 0	 22	 
 160	 174	 161	 173	 0	 12	 
 160	 174	 162	 172	 0	 10	 
 160	 174	 162	 172	 0	 10	 
 160	 174	 162	 172	 0	 10	 
 160	 174	 161	 173	 0	 12	 
 160	 174	 156	 178	 0	 22	 
 160	 174	 162	 172	 0	 10	 
 160	 174	 155	 179	 0	 24	 
 160	 174	 157	 177	 0	 20	 
 160	 174	 159	 175	 0	 16	 
 160	 174	 156	 178	 0	 22	 
 160	 174	 161	 173	 0	 12	 
 160	 174	 157	 177	 0	 20	 
 160	 174	 159	 175	 0	 16	 
 160	 174	 156	 178	 0	 22	 
 160	 174	 162	 172	 0	 10	 
 160	 174	 162	 172	 0	 10	 
 160	 174	 162	 172	 0	 10	 
 160	 174	 156	 178	 0	 22	 
 160	 174	 153	 180	 0	 27	 
 160	 174	 162	 172	 0	 10	 
 160	 174	 155	 179	 0	 24	 
 160	 174	 157	 177	 0	 20	 
 160	 174	 162	 172	 0	 10	 
 160	 174	 162	 172	 0	 10	 
 160	 174	 162	 172	 0	 10	 
 160	 174	 162	 172	 0	 10	 
 160	 174	 153	 180	 0	 27	 
 160	 174	 158	 176	 0	 18	 
 160	 174	 162	 172	 0	 10	 
 160	 174	 156	 178	 0	 22	 
 160	 174	 159	 175	 0	 16	 
 160	 174	 162	 172	 0	 10	 
 160	 174	 153	 180	 0	 27	 
 160	 174	 162	 172	 0	 10	 
 160	 174	 162	 172	 0	 10	 
 160	 174	 161	 173	 0	 12	 
 160	 174	 162	 172	 0	 10	 
 160	 174	 162	 172	 0	 10	 
 160	 174	 162	 172	 0	 10	 
 160	 174	 162	 172	 0	 10	 
 160	 174	 162	 172	 0	 10	 
 160	 174	 155	 179	 0	 24	 
 160	 174	 162	 172	 0	 10	 
 160	 174	 152	 180	 0	 28	 
 160	 174	 161	 173	 0	 12	 
 160	 174	 156	 178	 0	 22	 
 160	 174	 162	 172	 0	 10	 
 160	 174	 155	 179	 0	 24	 
 160	 174	 156	 178	 0	 22	 
 160	 174	 154	 180	 0	 26	 
 160	 174	 162	 172	 0	 10	 
 160	 174	 162	 172	 0	 10	 
 160	 174	 162	 172	 0	 10	 
 160	 174	 159	 175	 0	 16	 
 160	 174	 162	 172	 0	 10	 
 160	 174	 153	 180	 0	 27	 
 160	 174	 162	 172	 0	 10	 
 160	 174	 157	 177	 0	 20	 
 160	 174	 162	 172	 0	 10	 
 160	 174	 162	 172	 0	 10	 
 160	 174	 159	 175	 0	 16	 
 160	 174	 161	 173	 0	 12	 
 160	 174	 156	 178	 0	 22	 
 160	 174	 162	 172	 0	 10	 
 160	 174	 156	 178	 0	 22	 
 160	 174	 156	 178	 0	 22	 
 160	 174	 152	 180	 0	 28	 
 160	 174	 162	 172	 0	 10	 
 160	 174	 162	 172	 0	 10	 
 160	 174	 162	 172	 0	 10	 
 160	 174	 157	 177	 0	 20	 
 160	 174	 157	 177	 0	 20	 
 160	 174	 157	 177	 0	 20	 
 0	 0	 0	 0	 0	 0	 
 0	 0	 0	 0	 0	 0	 
 160	 174	 162	 172	 0	 10	 
 160	 174	 162	 172	 0	 10	 
 160	 174	 162	 172	 0	 10	 
 160	 174	 155	 179	 0	 24	 
 160	 174	 153	 180	 0	 27	 
 160	 174	 159	 175	 0	 16	 
 160	 174	 158	 176	 0	 18	 
 160	 174	 155	 179	 0	 24	 
 160	 174	 162	 172	 0	 10	 
 160	 174	 162	 172	 0	 10	 
 160	 174	 162	 172	 0	 10	 
 160	 174	 157	 177	 0	 20	 
 160	 174	 162	 172	 0	 10	 
 160	 174	 159	 175	 0	 16	 
 160	 174	 162	 172	 0	 10	 
 160	 174	 162	 172	 0	 10	 
 160	 174	 162	 172	 0	 10	 
 160	 174	 155	 179	 0	 24	 
 160	 174	 153	 180	 0	 27	 
 160	 174	 162	 172	 0	 10	 
 160	 174	 161	 173	 0	 12	 
 160	 174	 152	 180	 0	 28	 
 160	 174	 153	 180	 0	 27	 
 160	 174	 162	 172	 0	 10	 
 160	 174	 162	 172	 0	 10	 
 160	 174	 162	 172	 0	 10	 
 160	 174	 162	 172	 0	 10	 
 160	 174	 162	 172	 0	 10	 
 160	 174	 162	 172	 0	 10	 
 160	 174	 162	 172	 0	 10	 
 160	 174	 155	 179	 0	 24	 
 160	 174	 155	 179	 0	 24	 
 160	 174	 159	 175	 0	 16	 
 160	 174	 161	 173	 0	 12	 
 160	 174	 157	 177	 0	 20	 
 160	 174	 161	 173	 0	 12	 
 160	 174	 162	 172	 0	 10	 
 160	 174	 162	 172	 0	 10	 
 160	 174	 162	 172	 0	 10	 
 160	 174	 158	 176	 0	 18	 
 160	 174	 162	 172	 0	 10	 
 160	 174	 156	 178	 0	 22	 
 160	 174	 155	 179	 0	 24	 
 160	 174	 158	 176	 0	 18	 
 160	 174	 155	 179	 0	 24	 
 160	 174	 162	 172	 0	 10	 
 160	 174	 153	 180	 0	 27	 
 160	 174	 161	 173	 0	 12	 
 160	 174	 155	 179	 0	 24	 
 160	 174	 162	 172	 0	 10	 
 160	 174	 159	 175	 0	 16	 
 160	 174	 161	 173	 0	 12	 
 160	 174	 162	 172	 0	 10	 
 160	 174	 157	 177	 0	 20	 
 160	 174	 155	 179	 0	 24	 
 160	 174	 153	 180	 0	 27	 
 160	 174	 154	 180	 0	 26	 
 160	 174	 158	 176	 0	 18	 
 160	 174	 155	 179	 0	 24	 
 160	 174	 162	 172	 0	 10	 
 160	 174	 159	 175	 0	 16	 
 160	 174	 162	 172	 0	 10	 
 160	 174	 158	 176	 0	 18	 
 160	 174	 162	 172	 0	 10	 
 160	 174	 156	 178	 0	 22	 
 160	 174	 161	 173	 0	 12	 
 160	 174	 158	 176	 0	 18	 
 160	 174	 161	 173	 0	 12	 
 160	 174	 154	 180	 0	 26	 
 160	 174	 162	 172	 0	 10	 
 160	 174	 162	 172	 0	 10	 
 160	 174	 162	 172	 0	 10	 
 160	 174	 162	 172	 0	 10	 
 160	 174	 162	 172	 0	 10	 
 160	 174	 155	 179	 0	 24	 
 160	 174	 162	 172	 0	 10	 
 160	 174	 162	 172	 0	 10	 
 160	 174	 157	 177	 0	 20	 
 160	 174	 159	 175	 0	 16	 
 160	 174	 156	 178	 0	 22	 
 160	 174	 153	 180	 0	 27	 
 160	 174	 158	 176	 0	 18	 
 160	 174	 162	 172	 0	 10	 
 160	 174	 162	 172	 0	 10	 
 160	 174	 162	 172	 0	 10	 
 160	 174	 156	 178	 0	 22	 
 160	 174	 162	 172	 0	 10	 
 160	 174	 162	 172	 0	 10	 
 160	 174	 162	 172	 0	 10	 
 160	 174	 153	 180	 0	 27	 
 160	 174	 162	 172	 0	 10	 
 160	 174	 154	 180	 0	 26	 
 160	 174	 161	 173	 0	 12	 
 160	 174	 162	 172	 0	 10	 
 160	 174	 154	 180	 0	 26	 
 160	 174	 154	 180	 0	 26	 
 160	 174	 153	 180	 0	 27	 
 160	 174	 162	 172	 0	 10	 
 160	 174	 155	 179	 0	 24	 
 0	 0	 0	 0	 0	 0	 
 0	 0	 0	 0	 0	 0	 
 149	 164	 146	 167	 0	 21	 
 149	 164	 151	 162	 0	 11	 
 149	 164	 152	 161	 0	 9	 
 149	 164	 146	 167	 0	 21	 
 149	 164	 152	 161	 0	 9	 
 149	 164	 152	 161	 0	 9	 
 149	 164	 152	 161	 0	 9	 
 149	 164	 146	 167	 0	 21	 
 149	 164	 144	 169	 0	 25	 
 149	 164	 142	 171	 0	 29	 
 149	 164	 152	 161	 0	 9	 
 149	 164	 152	 161	 0	 9	 
 149	 164	 145	 168	 0	 23	 
 149	 164	 148	 165	 0	 17	 
 149	 164	 142	 171	 0	 29	 
 149	 164	 152	 161	 0	 9	 
 149	 164	 148	 165	 0	 17	 
 149	 164	 146	 167	 0	 21	 
 149	 164	 142	 171	 0	 29	 
 149	 164	 145	 168	 0	 23	 
 149	 164	 142	 171	 0	 29	 
 149	 164	 150	 163	 0	 13	 
 149	 164	 147	 166	 0	 19	 
 149	 164	 152	 161	 0	 9	 
 149	 164	 141	 172	 0	 31	 
 149	 164	 152	 161	 0	 9	 
 149	 164	 147	 166	 0	 19	 
 149	 164	 147	 166	 0	 19	 
 149	 164	 142	 171	 0	 29	 
 149	 164	 152	 161	 0	 9	 
 149	 164	 144	 169	 0	 25	 
 149	 164	 147	 166	 0	 19	 
 149	 164	 152	 161	 0	 9	 
 149	 164	 145	 168	 0	 23	 
 149	 164	 151	 162	 0	 11	 
 149	 164	 144	 169	 0	 25	 
 149	 164	 141	 172	 0	 31	 
 149	 164	 150	 163	 0	 13	 
 149	 164	 147	 166	 0	 19	 
 149	 164	 141	 172	 0	 31	 
 149	 164	 152	 161	 0	 9	 
 149	 164	 147	 166	 0	 19	 
 149	 164	 143	 170	 0	 27	 
 149	 164	 152	 161	 0	 9	 
 149	 164	 152	 161	 0	 9	 
 149	 164	 152	 161	 0	 9	 
 149	 164	 143	 170	 0	 27	 
 149	 164	 147	 166	 0	 19	 
 149	 164	 152	 161	 0	 9	 
 149	 164	 146	 167	 0	 21	 
 149	 164	 152	 161	 0	 9	 
 149	 164	 148	 165	 0	 17	 
 149	 164	 142	 171	 0	 29	 
 149	 164	 146	 167	 0	 21	 
 149	 164	 150	 163	 0	 13	 
 149	 164	 148	 165	 0	 17	 
 149	 164	 150	 163	 0	 13	 
 149	 164	 152	 161	 0	 9	 
 149	 164	 145	 168	 0	 23	 
 149	 164	 146	 167	 0	 21	 
 149	 164	 152	 161	 0	 9	 
 149	 164	 152	 161	 0	 9	 
 149	 164	 147	 166	 0	 19	 
 149	 164	 152	 161	 0	 9	 
 149	 164	 146	 167	 0	 21	 
 149	 164	 152	 161	 0	 9	 
 149	 164	 144	 169	 0	 25	 
 149	 164	 141	 172	 0	 31	 
 149	 164	 151	 162	 0	 11	 
 149	 164	 152	 161	 0	 9	 
 149	 164	 144	 169	 0	 25	 
 149	 164	 150	 163	 0	 13	 
 149	 164	 144	 169	 0	 25	 
 149	 164	 143	 170	 0	 27	 
 149	 164	 142	 171	 0	 29	 
 149	 164	 152	 161	 0	 9	 
 149	 164	 142	 171	 0	 29	 
 149	 164	 152	 161	 0	 9	 
 149	 164	 145	 168	 0	 23	 
 149	 164	 152	 161	 0	 9	 
 149	 164	 143	 170	 0	 27	 
 149	 164	 145	 168	 0	 23	 
 149	 164	 147	 166	 0	 19	 
 149	 164	 142	 171	 0	 29	 
 149	 164	 152	 161	 0	 9	 
 149	 164	 143	 170	 0	 27	 
 149	 164	 152	 161	 0	 9	 
 149	 164	 152	 161	 0	 9	 
 149	 164	 147	 166	 0	 19	 
 149	 164	 147	 166	 0	 19	 
 149	 164	 148	 165	 0	 17	 
 149	 164	 152	 161	 0	 9	 
 149	 164	 141	 172	 0	 31	 
 149	 164	 146	 167	 0	 21	 
 149	 164	 144	 169	 0	 25	 
 149	 164	 151	 162	 0	 11	 
 149	 164	 152	 161	 0	 9	 
 149	 164	 141	 172	 0	 31	 
 149	 164	 143	 170	 0	 27	 
 0	 0	 0	 0	 0	 0	 
 0	 0	 0	 0	 0	 0	 
 160	 174	 162	 172	 0	 10	 
 160	 174	 162	 172	 0	 10	 
 160	 174	 155	 179	 0	 24	 
 160	 174	 162	 172	 0	 10	 
 160	 174	 162	 172	 0	 10	 
 160	 174	 158	 176	 0	 18	 
 160	 174	 162	 172	 0	 10	 
 160	 174	 157	 177	 0	 20	 
 160	 174	 156	 178	 0	 22	 
 160	 174	 162	 172	 0	 10	 
 160	 174	 162	 172	 0	 10	 
 160	 174	 156	 178	 0	 22	 
 160	 174	 162	 172	 0	 10	 
 160	 174	 159	 175	 0	 16	 
 160	 174	 162	 172	 0	 10	 
 160	 174	 153	 180	 0	 27	 
 160	 174	 155	 179	 0	 24	 
 160	 174	 153	 180	 0	 27	 
 160	 174	 162	 172	 0	 10	 
 160	 174	 155	 179	 0	 24	 
 160	 174	 162	 172	 0	 10	 
 160	 174	 158	 176	 0	 18	 
 160	 174	 158	 176	 0	 18	 
 160	 174	 162	 172	 0	 10	 
 160	 174	 162	 172	 0	 10	 
 160	 174	 158	 176	 0	 18	 
 160	 174	 162	 172	 0	 10	 
 160	 174	 155	 179	 0	 24	 
 160	 174	 157	 177	 0	 20	 
 160	 174	 157	 177	 0	 20	 
 160	 174	 152	 180	 0	 28	 
 160	 174	 155	 179	 0	 24	 
 160	 174	 155	 179	 0	 24	 
 160	 174	 155	 179	 0	 24	 
 160	 174	 162	 172	 0	 10	 
 160	 174	 155	 179	 0	 24	 
 160	 174	 156	 178	 0	 22	 
 160	 174	 161	 173	 0	 12	 
 160	 174	 156	 178	 0	 22	 
 160	 174	 154	 180	 0	 26	 
 160	 174	 162	 172	 0	 10	 
 160	 174	 162	 172	 0	 10	 
 160	 174	 155	 179	 0	 24	 
 160	 174	 162	 172	 0	 10	 
 160	 174	 162	 172	 0	 10	 
 160	 174	 162	 172	 0	 10	 
 160	 174	 155	 179	 0	 24	 
 160	 174	 161	 173	 0	 12	 
 160	 174	 158	 176	 0	 18	 
 160	 174	 162	 172	 0	 10	 
 160	 174	 153	 180	 0	 27	 
 160	 174	 162	 172	 0	 10	 
 160	 174	 156	 178	 0	 22	 
 160	 174	 161	 173	 0	 12	 
 160	 174	 162	 172	 0	 10	 
 160	 174	 157	 177	 0	 20	 
 160	 174	 154	 180	 0	 26	 
 160	 174	 159	 175	 0	 16	 
 160	 174	 155	 179	 0	 24	 
 160	 174	 162	 172	 0	 10	 
 160	 174	 162	 172	 0	 10	 
 160	 174	 153	 180	 0	 27	 
 160	 174	 158	 176	 0	 18	 
 160	 174	 162	 172	 0	 10	 
 160	 174	 162	 172	 0	 10	 
 160	 174	 162	 172	 0	 10	 
 160	 174	 152	 180	 0	 28	 
 160	 174	 152	 180	 0	 28	 
 160	 174	 157	 177	 0	 20	 
 160	 174	 162	 172	 0	 10	 
 160	 174	 154	 180	 0	 26	 
 160	 174	 162	 172	 0	 10	 
 160	 174	 162	 172	 0	 10	 
 160	 174	 155	 179	 0	 24	 
 160	 174	 161	 173	 0	 12	 
 160	 174	 162	 172	 0	 10	 
 160	 174	 161	 173	 0	 12	 
 160	 174	 155	 179	 0	 24	 
 160	 174	 158	 176	 0	 18	 
 160	 174	 162	 172	 0	 10	 
 160	 174	 159	 175	 0	 16	 
 160	 174	 161	 173	 0	 12	 
 160	 174	 157	 177	 0	 20	 
 160	 174	 159	 175	 0	 16	 
 160	 174	 162	 172	 0	 10	 
 160	 174	 162	 172	 0	 10	 
 160	 174	 162	 172	 0	 10	 
 160	 174	 159	 175	 0	 16	 
 160	 174	 159	 175	 0	 16	 
 160	 174	 162	 172	 0	 10	 
 160	 174	 162	 172	 0	 10	 
 160	 174	 162	 172	 0	 10	 
 160	 174	 154	 180	 0	 26	 
 160	 174	 158	 176	 0	 18	 
 160	 174	 162	 172	 0	 10	 
 160	 174	 162	 172	 0	 10	 
 160	 174	 162	 172	 0	 10	 
 160	 174	 162	 172	 0	 10	 
 160	 174	 152	 180	 0	 28	 
 0	 0	 0	 0	 0	 0	 
 0	 0	 0	 0	 0	 0	 
 160	 174	 162	 172	 0	 10	 
 160	 174	 162	 172	 0	 10	 
 160	 174	 162	 172	 0	 10	 
 160	 174	 157	 177	 0	 20	 
 160	 174	 161	 173	 0	 12	 
 160	 174	 159	 175	 0	 16	 
 160	 174	 162	 172	 0	 10	 
 160	 174	 162	 172	 0	 10	 
 160	 174	 162	 172	 0	 10	 
 160	 174	 162	 172	 0	 10	 
 160	 174	 162	 172	 0	 10	 
 160	 174	 162	 172	 0	 10	 
 160	 174	 153	 180	 0	 27	 
 160	 174	 153	 180	 0	 27	 
 160	 174	 161	 173	 0	 12	 
 160	 174	 162	 172	 0	 10	 
 160	 174	 152	 180	 0	 28	 
 160	 174	 161	 173	 0	 12	 
 160	 174	 152	 180	 0	 28	 
 160	 174	 158	 176	 0	 18	 
 160	 174	 155	 179	 0	 24	 
 160	 174	 162	 172	 0	 10	 
 160	 174	 152	 180	 0	 28	 
 160	 174	 161	 173	 0	 12	 
 160	 174	 155	 179	 0	 24	 
 160	 174	 157	 177	 0	 20	 
 160	 174	 154	 180	 0	 26	 
 160	 174	 159	 175	 0	 16	 
 160	 174	 156	 178	 0	 22	 
 160	 174	 159	 175	 0	 16	 
 160	 174	 152	 180	 0	 28	 
 160	 174	 162	 172	 0	 10	 
 160	 174	 162	 172	 0	 10	 
 160	 174	 159	 175	 0	 16	 
 160	 174	 162	 172	 0	 10	 
 160	 174	 162	 172	 0	 10	 
 160	 174	 157	 177	 0	 20	 
 160	 174	 152	 180	 0	 28	 
 160	 174	 155	 179	 0	 24	 
 160	 174	 154	 180	 0	 26	 
 160	 174	 162	 172	 0	 10	 
 160	 174	 162	 172	 0	 10	 
 160	 174	 153	 180	 0	 27	 
 160	 174	 156	 178	 0	 22	 
 160	 174	 162	 172	 0	 10	 
 160	 174	 162	 172	 0	 10	 
 160	 174	 156	 178	 0	 22	 
 160	 174	 162	 172	 0	 10	 
 160	 174	 162	 172	 0	 10	 
 160	 174	 162	 172	 0	 10	 
 160	 174	 158	 176	 0	 18	 
 160	 174	 153	 180	 0	 27	 
 160	 174	 162	 172	 0	 10	 
 160	 174	 157	 177	 0	 20	 
 160	 174	 161	 173	 0	 12	 
 160	 174	 162	 172	 0	 10	 
 160	 174	 162	 172	 0	 10	 
 160	 174	 162	 172	 0	 10	 
 160	 174	 158	 176	 0	 18	 
 160	 174	 162	 172	 0	 10	 
 160	 174	 162	 172	 0	 10	 
 160	 174	 162	 172	 0	 10	 
 160	 174	 162	 172	 0	 10	 
 160	 174	 156	 178	 0	 22	 
 160	 174	 159	 175	 0	 16	 
 160	 174	 159	 175	 0	 16	 
 160	 174	 161	 173	 0	 12	 
 160	 174	 162	 172	 0	 10	 
 160	 174	 152	 180	 0	 28	 
 160	 174	 153	 180	 0	 27	 
 160	 174	 157	 177	 0	 20	 
 160	 174	 162	 172	 0	 10	 
 160	 174	 155	 179	 0	 24	 
 160	 174	 156	 178	 0	 22	 
 160	 174	 162	 172	 0	 10	 
 160	 174	 158	 176	 0	 18	 
 160	 174	 156	 178	 0	 22	 
 160	 174	 156	 178	 0	 22	 
 160	 174	 158	 176	 0	 18	 
 160	 174	 157	 177	 0	 20	 
 160	 174	 162	 172	 0	 10	 
 160	 174	 161	 173	 0	 12	 
 160	 174	 161	 173	 0	 12	 
 160	 174	 162	 172	 0	 10	 
 160	 174	 162	 172	 0	 10	 
 160	 174	 152	 180	 0	 28	 
 160	 174	 162	 172	 0	 10	 
 160	 174	 162	 172	 0	 10	 
 160	 174	 161	 173	 0	 12	 
 160	 174	 158	 176	 0	 18	 
 160	 174	 155	 179	 0	 24	 
 160	 174	 162	 172	 0	 10	 
 160	 174	 162	 172	 0	 10	 
 160	 174	 155	 179	 0	 24	 
 160	 174	 162	 172	 0	 10	 
 160	 174	 152	 180	 0	 28	 
 160	 174	 162	 172	 0	 10	 
 160	 174	 162	 172	 0	 10	 
 160	 174	 159	 175	 0	 16	 
 0	 0	 0	 0	 0	 0	 
 