Condicionamento
4.153345e+02	 1	 0	 
 4.384504e+03	 1	 0	 
 5.949841e+02	 1	 0	 
 7.462080e+02	 1	 0	 
 2.873544e+02	 1	 0	 
 4.582698e+02	 1	 0	 
 9.909340e+03	 1	 0	 
 5.696406e+03	 1	 0	 
 3.679686e+03	 1	 0	 
 2.603554e+03	 1	 0	 
 2.603554e+03	 1	 1	 
 5.949841e+02	 1	 2	 
 5.949841e+02	 1	 3	 
 2.603554e+03	 2	 1	 
 5.949841e+02	 2	 2	 
 5.949841e+02	 2	 3	 
 2.603554e+03	 3	 1	 
 9.909340e+03	 3	 2	 
 9.909340e+03	 3	 3	 
 2.603554e+03	 4	 1	 
 9.909340e+03	 4	 2	 
 9.909340e+03	 4	 3	 
 2.603554e+03	 5	 1	 
 2.603554e+03	 5	 2	 
 2.603554e+03	 5	 3	 
 2.603554e+03	 6	 1	 
 4.582698e+02	 6	 2	 
 4.582698e+02	 6	 3	 
 2.603554e+03	 7	 1	 
 5.949841e+02	 7	 2	 
 5.949841e+02	 7	 3	 
 2.603554e+03	 8	 1	 
 7.462080e+02	 8	 2	 
 7.462080e+02	 8	 3	 
 2.603554e+03	 9	 1	 
 4.582698e+02	 9	 2	 
 4.582698e+02	 9	 3	 
 2.603554e+03	 10	 1	 
 7.462080e+02	 10	 2	 
 7.462080e+02	 10	 3	 
 