Condicionamento
1.022413e+05	 1	 0	 
 1.842531e+04	 1	 0	 
 1.830535e+05	 1	 0	 
 9.039720e+05	 1	 0	 
 8.341819e+04	 1	 0	 
 5.022153e+04	 1	 0	 
 4.713452e+04	 1	 0	 
 4.352830e+04	 1	 0	 
 1.743656e+06	 1	 0	 
 7.625220e+05	 1	 0	 
 7.625220e+05	 1	 1	 
 1.830535e+05	 1	 2	 
 1.830535e+05	 1	 3	 
 7.625220e+05	 2	 1	 
 1.842531e+04	 2	 2	 
 1.842531e+04	 2	 3	 
 7.625220e+05	 3	 1	 
 4.352830e+04	 3	 2	 
 4.352830e+04	 3	 3	 
 7.625220e+05	 4	 1	 
 8.341819e+04	 4	 2	 
 8.341819e+04	 4	 3	 
 7.625220e+05	 5	 1	 
 1.743656e+06	 5	 2	 
 1.743656e+06	 5	 3	 
 7.625220e+05	 6	 1	 
 8.341819e+04	 6	 2	 
 8.341819e+04	 6	 3	 
 7.625220e+05	 7	 1	 
 7.625220e+05	 7	 2	 
 7.625220e+05	 7	 3	 
 7.625220e+05	 8	 1	 
 4.713452e+04	 8	 2	 
 4.713452e+04	 8	 3	 
 7.625220e+05	 9	 1	 
 7.625220e+05	 9	 2	 
 7.625220e+05	 9	 3	 
 7.625220e+05	 10	 1	 
 1.842531e+04	 10	 2	 
 1.842531e+04	 10	 3	 
 