2.830216e-01	 6.767245e-01	 3.381589e-04	 3.991577e-02	 1.094233e+05	 7.797857e+00	 
 2.622991e-01	 6.857748e-01	 4.627362e-04	 5.146341e-02	 7.832780e+04	 7.968778e+00	 
 2.583824e-01	 6.871728e-01	 2.650406e-04	 5.417969e-02	 6.225971e+04	 7.757563e+00	 
 2.271502e-01	 6.946278e-01	 1.459321e-04	 7.807611e-02	 5.079864e+04	 7.942249e+00	 
 2.234967e-01	 6.957760e-01	 1.259967e-04	 8.060124e-02	 4.939762e+04	 7.874205e+00	 
 2.290598e-01	 6.940370e-01	 1.559684e-04	 7.674732e-02	 5.079469e+04	 7.970716e+00	 
 2.277478e-01	 6.944663e-01	 1.482845e-04	 7.763766e-02	 4.938917e+04	 7.938763e+00	 
 2.251405e-01	 6.952714e-01	 1.346155e-04	 7.945350e-02	 4.939430e+04	 7.899910e+00	 
 2.268025e-01	 6.947591e-01	 1.433072e-04	 7.829510e-02	 4.937140e+04	 7.924563e+00	 
 2.261950e-01	 6.949470e-01	 1.400923e-04	 7.871794e-02	 4.935239e+04	 7.915150e+00	 
 2.267739e-01	 6.947685e-01	 1.431125e-04	 7.831439e-02	 4.933187e+04	 7.923502e+00	 
 2.244452e-01	 6.954850e-01	 1.309418e-04	 7.993883e-02	 4.931608e+04	 7.886171e+00	 
 2.221377e-01	 6.961855e-01	 1.189812e-04	 8.155780e-02	 4.930148e+04	 7.843987e+00	 
 2.251805e-01	 6.952534e-01	 1.350139e-04	 7.943109e-02	 4.927428e+04	 7.891051e+00	 
 2.222851e-01	 6.961398e-01	 1.198407e-04	 8.145531e-02	 4.926051e+04	 7.843612e+00	 
 2.278122e-01	 6.944409e-01	 1.488559e-04	 7.759795e-02	 4.922888e+04	 7.928716e+00	 
 2.247382e-01	 6.953872e-01	 1.328068e-04	 7.974179e-02	 4.921508e+04	 7.879315e+00	 
 2.235896e-01	 6.957272e-01	 1.269771e-04	 8.055629e-02	 4.919767e+04	 7.849452e+00	 
 2.294679e-01	 6.938972e-01	 1.583356e-04	 7.647655e-02	 4.916651e+04	 7.921048e+00	 
 2.298620e-01	 6.937501e-01	 1.611751e-04	 7.622669e-02	 4.914303e+04	 7.901129e+00	 
 2.312239e-01	 6.933018e-01	 1.694573e-04	 7.530482e-02	 4.911535e+04	 7.892500e+00	 
 2.323563e-01	 6.929269e-01	 1.768258e-04	 7.453998e-02	 4.908328e+04	 7.881202e+00	 
 2.253680e-01	 6.952013e-01	 1.358090e-04	 7.929486e-02	 4.939385e+04	 7.903366e+00	 
 2.248200e-01	 6.953706e-01	 1.329053e-04	 7.967657e-02	 4.937533e+04	 7.894767e+00	 
 2.217429e-01	 6.963103e-01	 1.167746e-04	 8.182997e-02	 4.936147e+04	 7.843469e+00	 
 