3.045194e-01	 5.364484e-01	 9.604378e-06	 1.590226e-01	 5.985847e-02	 7.914435e+00	 
 2.721508e-01	 5.668077e-01	 2.161266e-04	 1.608253e-01	 3.784205e-02	 7.923268e+00	 
 3.376346e-01	 6.102199e-01	 2.001105e-03	 5.014434e-02	 3.648553e-02	 7.832557e+00	 
 3.192564e-01	 6.186164e-01	 2.374225e-03	 5.975297e-02	 2.708261e-02	 7.131686e+00	 
 3.140410e-01	 6.210704e-01	 2.442176e-03	 6.244645e-02	 2.626809e-02	 7.069611e+00	 
 1.056262e-01	 6.982754e-01	 8.373935e-03	 1.877245e-01	 2.602712e-02	 5.686245e+00	 
 1.049830e-01	 6.983289e-01	 8.250504e-03	 1.884376e-01	 2.541970e-02	 5.665433e+00	 
 1.046700e-01	 6.983541e-01	 8.189911e-03	 1.887859e-01	 2.512238e-02	 5.655355e+00	 
 1.045157e-01	 6.983663e-01	 8.159890e-03	 1.889581e-01	 2.497528e-02	 5.650395e+00	 
 1.044390e-01	 6.983723e-01	 8.144948e-03	 1.890437e-01	 2.490212e-02	 5.647934e+00	 
 1.044008e-01	 6.983753e-01	 8.137494e-03	 1.890864e-01	 2.486564e-02	 5.646709e+00	 
 1.043818e-01	 6.983768e-01	 8.133772e-03	 1.891077e-01	 2.484742e-02	 5.646097e+00	 
 1.043723e-01	 6.983775e-01	 8.131911e-03	 1.891183e-01	 2.483832e-02	 5.645792e+00	 
 1.043675e-01	 6.983779e-01	 8.130981e-03	 1.891237e-01	 2.483377e-02	 5.645639e+00	 
 1.043651e-01	 6.983781e-01	 8.130517e-03	 1.891263e-01	 2.483149e-02	 5.645563e+00	 
 1.043639e-01	 6.983781e-01	 8.130284e-03	 1.891276e-01	 2.483036e-02	 5.645524e+00	 
 1.043633e-01	 6.983782e-01	 8.130168e-03	 1.891283e-01	 2.482979e-02	 5.645505e+00	 
 1.043630e-01	 6.983782e-01	 8.130110e-03	 1.891286e-01	 2.482950e-02	 5.645496e+00	 
 1.043629e-01	 6.983782e-01	 8.130081e-03	 1.891288e-01	 2.482936e-02	 5.645491e+00	 
 1.043628e-01	 6.983782e-01	 8.130066e-03	 1.891289e-01	 2.482929e-02	 5.645489e+00	 
 1.043628e-01	 6.983782e-01	 8.130059e-03	 1.891289e-01	 2.482925e-02	 5.645487e+00	 
 1.050743e-01	 6.989036e-01	 8.840972e-03	 1.871811e-01	 2.321473e-02	 5.610336e+00	 
 1.032164e-01	 6.995603e-01	 9.032572e-03	 1.881907e-01	 1.894729e-02	 5.506001e+00	 
 1.030948e-01	 6.995609e-01	 9.001896e-03	 1.883425e-01	 1.883713e-02	 5.502767e+00	 
 9.733607e-02	 7.273528e-01	 1.262995e-02	 1.626812e-01	 1.622055e-02	 5.627499e+00	 
 1.141073e-01	 6.942065e-01	 7.200844e-03	 1.844853e-01	 1.357293e-04	 5.438899e+00	 
 