1.326525e-01	 7.219791e-01	 4.770694e-04	 1.465868e-01	 1.752863e-01	 1.016315e+01	 
 1.406989e-01	 7.229770e-01	 1.305501e-03	 1.382105e-01	 1.745608e-01	 9.490172e+00	 
 1.431815e-01	 7.245988e-01	 1.731440e-03	 1.344290e-01	 1.737524e-01	 9.260415e+00	 
 1.440158e-01	 7.256984e-01	 1.946495e-03	 1.326528e-01	 1.732340e-01	 9.160913e+00	 
 1.443290e-01	 7.263212e-01	 2.054439e-03	 1.317947e-01	 1.729460e-01	 9.114304e+00	 
 1.444594e-01	 7.266508e-01	 2.108506e-03	 1.313734e-01	 1.727948e-01	 9.091716e+00	 
 1.445180e-01	 7.268203e-01	 2.135564e-03	 1.311646e-01	 1.727173e-01	 9.080593e+00	 
 1.445456e-01	 7.269061e-01	 2.149101e-03	 1.310607e-01	 1.726782e-01	 9.075073e+00	 
 1.445590e-01	 7.269494e-01	 2.155871e-03	 1.310089e-01	 1.726584e-01	 9.072323e+00	 
 1.445656e-01	 7.269711e-01	 2.159258e-03	 1.309830e-01	 1.726486e-01	 9.070950e+00	 
 2.169606e-01	 6.665455e-01	 1.757151e-03	 1.194251e-01	 1.726323e-01	 9.773296e+00	 
 2.178570e-01	 6.659740e-01	 1.774433e-03	 1.191208e-01	 1.725672e-01	 9.764996e+00	 
 2.183049e-01	 6.656882e-01	 1.783070e-03	 1.189688e-01	 1.725343e-01	 9.760872e+00	 
 2.185289e-01	 6.655453e-01	 1.787388e-03	 1.188929e-01	 1.725178e-01	 9.758815e+00	 
 1.502784e-01	 7.274948e-01	 2.815314e-03	 1.252500e-01	 1.702568e-01	 8.840642e+00	 
 1.502784e-01	 7.274950e-01	 2.815336e-03	 1.252498e-01	 1.702568e-01	 8.840635e+00	 
 1.558360e-01	 7.429485e-01	 5.355568e-03	 1.049981e-01	 1.580157e-01	 8.349176e+00	 
 2.097475e-01	 4.795152e-01	 8.736458e-04	 2.951454e-01	 4.636774e-02	 6.389287e+00	 
 1.876272e-01	 5.474038e-01	 2.486969e-03	 2.507466e-01	 4.130405e-02	 6.684787e+00	 
 1.503961e-01	 6.624431e-01	 5.181435e-03	 1.754127e-01	 2.763967e-02	 7.182800e+00	 
 1.213402e-01	 7.528024e-01	 7.268572e-03	 1.161672e-01	 1.312555e-02	 7.749110e+00	 
 1.096552e-01	 7.894762e-01	 8.098867e-03	 9.207929e-02	 5.064217e-03	 8.282245e+00	 
 1.062956e-01	 8.001972e-01	 8.332817e-03	 8.501556e-02	 1.574181e-03	 8.727367e+00	 
 1.054446e-01	 8.030039e-01	 8.389615e-03	 8.315516e-02	 8.584444e-05	 9.058103e+00	 
 1.818275e-01	 5.896519e-01	 3.369859e-03	 2.251493e-01	 1.828013e-05	 7.817348e+00	 
 1.820102e-01	 5.944832e-01	 2.881694e-03	 2.206311e-01	 8.157059e-05	 7.915743e+00	 
 