minimo	maximo	maximTot	minimTot	
5.021633e+02	 4.497415e+03	 5.757000e+02	 9.253000e+02	 
 3.021245e-02	 9.217697e+03	 6.200000e+00	 1.970000e+01	 
 1.335547e+01	 1.271575e+04	 1.633600e+03	 2.848100e+03	 
 4.991772e+02	 4.524708e+03	 9.871000e+02	 2.092400e+03	 
 4.099239e+02	 4.497415e+03	 6.002000e+02	 9.272000e+02	 
 6.543941e+02	 7.979570e+03	 1.250000e+01	 2.384100e+03	 
 7.711658e+02	 7.979570e+03	 1.166900e+03	 2.092400e+03	 
 9.213086e+02	 7.979570e+03	 1.143800e+03	 2.092400e+03	 
 4.300775e+00	 9.217697e+03	 6.002000e+02	 7.377000e+02	 
 8.959600e+01	 7.979570e+03	 1.680000e+01	 2.626000e+02	 
 4.424399e+02	 4.497415e+03	 9.871000e+02	 2.092400e+03	 
 6.526320e+02	 7.979570e+03	 9.871000e+02	 2.092400e+03	 
 4.513984e+02	 4.497415e+03	 5.757000e+02	 7.082000e+02	 
 1.596843e+01	 4.497415e+03	 9.200000e+00	 1.970000e+01	 
 7.158500e+02	 7.979570e+03	 1.166900e+03	 2.092400e+03	 
 8.659929e+02	 7.979570e+03	 1.166900e+03	 2.092400e+03	 
 4.334814e+02	 4.497415e+03	 5.757000e+02	 8.184000e+02	 
 9.924286e+02	 7.979570e+03	 1.020000e+01	 2.732700e+03	 
 4.550757e+02	 8.623830e+03	 9.871000e+02	 2.092400e+03	 
 6.605343e+02	 7.979570e+03	 1.166900e+03	 2.092400e+03	 
 1.254942e+01	 7.979570e+03	 5.757000e+02	 1.397500e+03	 
 4.633431e+02	 4.497415e+03	 6.200000e+00	 2.835400e+03	 
 7.790681e+02	 7.979570e+03	 1.166900e+03	 2.092400e+03	 
 4.543846e+02	 4.509750e+03	 1.071200e+03	 2.092400e+03	 
 3.140346e+02	 4.497415e+03	 5.757000e+02	 1.397500e+03	 
 1.016135e+03	 7.979570e+03	 3.940000e+01	 2.732700e+03	 
 3.535184e+02	 5.368989e+03	 1.471800e+03	 2.857800e+03	 
 6.210230e+02	 7.979570e+03	 1.166900e+03	 2.092400e+03	 
 4.708802e+02	 7.979570e+03	 6.381000e+02	 1.397500e+03	 
 1.031940e+03	 8.648713e+03	 1.085000e+02	 2.732700e+03	 
 1.335547e+01	 1.252091e+04	 1.575500e+03	 2.857800e+03	 
 4.787824e+02	 8.310839e+03	 9.871000e+02	 2.092400e+03	 
 9.993597e-01	 7.979570e+03	 5.757000e+02	 686	 
 2.257436e+02	 7.979570e+03	 2.270000e+01	 5.885000e+02	 
 5.973162e+02	 7.979570e+03	 1.166900e+03	 2.092400e+03	 
 4.932048e+02	 4.727736e+03	 1.273200e+03	 2.092400e+03	 
 5.230665e+02	 4.497415e+03	 5.757000e+02	 9.595000e+02	 
 9.529176e+02	 7.979570e+03	 2.640000e+01	 2.636700e+03	 
 9.055041e+02	 7.979570e+03	 1.166900e+03	 2.092400e+03	 
 7.395568e+02	 7.979570e+03	 1.166900e+03	 2.092400e+03	 
 5.230665e+02	 4.497415e+03	 5.757000e+02	 9.595000e+02	 
 5.230665e+02	 4.497415e+03	 5.757000e+02	 9.253000e+02	 
 5.170942e+02	 4.497415e+03	 5.757000e+02	 9.595000e+02	 
 5.141080e+02	 4.497415e+03	 5.757000e+02	 9.595000e+02	 
 5.111218e+02	 4.497415e+03	 5.757000e+02	 9.595000e+02	 
 5.111218e+02	 4.497415e+03	 5.757000e+02	 9.595000e+02	 
 5.111218e+02	 4.497415e+03	 5.757000e+02	 9.595000e+02	 
 5.170942e+02	 4.497415e+03	 5.757000e+02	 9.595000e+02	 
 5.170942e+02	 4.497415e+03	 5.757000e+02	 9.595000e+02	 
 5.230665e+02	 4.497415e+03	 5.757000e+02	 9.595000e+02	 
 5.230665e+02	 4.497415e+03	 5.757000e+02	 9.595000e+02	 
 5.230665e+02	 4.497415e+03	 5.757000e+02	 9.595000e+02	 
 5.230665e+02	 4.497415e+03	 5.757000e+02	 9.595000e+02	 
 5.230665e+02	 4.497415e+03	 5.757000e+02	 9.595000e+02	 
 5.230665e+02	 4.497415e+03	 5.757000e+02	 9.595000e+02	 
 5.230665e+02	 4.497415e+03	 5.757000e+02	 9.595000e+02	 
 5.230665e+02	 4.497415e+03	 5.757000e+02	 9.595000e+02	 
 5.200803e+02	 4.497415e+03	 5.757000e+02	 9.595000e+02	 
 5.230665e+02	 4.497415e+03	 5.757000e+02	 9.595000e+02	 
 5.200803e+02	 4.497415e+03	 5.757000e+02	 9.595000e+02	 
 5.230665e+02	 4.497415e+03	 5.757000e+02	 9.595000e+02	 
 5.260527e+02	 4.497415e+03	 5.757000e+02	 9.595000e+02	 
 5.230665e+02	 4.497415e+03	 5.757000e+02	 9.595000e+02	 
 5.170942e+02	 4.497415e+03	 5.757000e+02	 9.595000e+02	 
 5.200803e+02	 4.497415e+03	 5.757000e+02	 9.595000e+02	 
 5.170942e+02	 4.497415e+03	 5.757000e+02	 9.595000e+02	 
 5.170942e+02	 4.497415e+03	 5.757000e+02	 9.595000e+02	 
 5.141080e+02	 4.497415e+03	 5.757000e+02	 9.595000e+02	 
 5.111218e+02	 4.497415e+03	 5.757000e+02	 9.595000e+02	 
 5.081357e+02	 4.497415e+03	 5.757000e+02	 9.595000e+02	 
 4.991772e+02	 4.497415e+03	 5.757000e+02	 9.595000e+02	 
 4.932048e+02	 4.497415e+03	 5.757000e+02	 1.029200e+03	 
 4.872325e+02	 4.497415e+03	 5.757000e+02	 1.081700e+03	 
 4.782740e+02	 4.497415e+03	 5.757000e+02	 1268	 
 4.723016e+02	 4.497415e+03	 5.757000e+02	 1.290300e+03	 
 4.663293e+02	 4.497415e+03	 5.757000e+02	 1.397500e+03	 
 4.752878e+02	 4.497415e+03	 5.757000e+02	 1.294200e+03	 
 5.230665e+02	 4.497415e+03	 5.757000e+02	 9.595000e+02	 
 5.230665e+02	 4.497415e+03	 5.757000e+02	 9.253000e+02	 
 5.170942e+02	 4.497415e+03	 5.757000e+02	 9.595000e+02	 
 5.200803e+02	 4.497415e+03	 5.757000e+02	 9.595000e+02	 
 5.170942e+02	 4.497415e+03	 5.757000e+02	 9.595000e+02	 
 5.170942e+02	 4.497415e+03	 5.757000e+02	 9.595000e+02	 
 5.141080e+02	 4.497415e+03	 5.757000e+02	 9.595000e+02	 
 5.111218e+02	 4.497415e+03	 5.757000e+02	 9.595000e+02	 
 5.081357e+02	 4.497415e+03	 5.757000e+02	 9.595000e+02	 
 4.991772e+02	 4.497415e+03	 5.757000e+02	 9.595000e+02	 
 4.932048e+02	 4.497415e+03	 5.757000e+02	 1.029200e+03	 
 4.872325e+02	 4.497415e+03	 5.757000e+02	 1.081700e+03	 
 4.782740e+02	 4.497415e+03	 5.757000e+02	 1268	 
 4.723016e+02	 4.497415e+03	 5.757000e+02	 1.290300e+03	 
 4.663293e+02	 4.497415e+03	 5.757000e+02	 1.397500e+03	 
 5.230665e+02	 4.497415e+03	 5.757000e+02	 9.595000e+02	 
 5.230665e+02	 4.497415e+03	 5.757000e+02	 9.253000e+02	 
 5.170942e+02	 4.497415e+03	 5.757000e+02	 9.595000e+02	 
 5.141080e+02	 4.497415e+03	 5.757000e+02	 9.595000e+02	 
 5.111218e+02	 4.497415e+03	 5.757000e+02	 9.595000e+02	 
 5.111218e+02	 4.497415e+03	 5.757000e+02	 9.595000e+02	 
 5.111218e+02	 4.497415e+03	 5.757000e+02	 9.595000e+02	 
 5.170942e+02	 4.497415e+03	 5.757000e+02	 9.595000e+02	 
 5.170942e+02	 4.497415e+03	 5.757000e+02	 9.595000e+02	 
 5.230665e+02	 4.497415e+03	 5.757000e+02	 9.595000e+02	 
 5.230665e+02	 4.497415e+03	 5.757000e+02	 9.595000e+02	 
 5.230665e+02	 4.497415e+03	 5.757000e+02	 9.595000e+02	 
 5.230665e+02	 4.497415e+03	 5.757000e+02	 9.595000e+02	 
 5.230665e+02	 4.497415e+03	 5.757000e+02	 9.595000e+02	 
 5.230665e+02	 4.497415e+03	 5.757000e+02	 9.595000e+02	 
 5.230665e+02	 4.497415e+03	 5.757000e+02	 9.595000e+02	 
 5.230665e+02	 4.497415e+03	 5.757000e+02	 9.595000e+02	 
 5.200803e+02	 4.497415e+03	 5.757000e+02	 9.595000e+02	 
 5.230665e+02	 4.497415e+03	 5.757000e+02	 9.595000e+02	 
 5.200803e+02	 4.497415e+03	 5.757000e+02	 9.595000e+02	 
 5.230665e+02	 4.497415e+03	 5.757000e+02	 9.595000e+02	 
 5.260527e+02	 4.497415e+03	 5.757000e+02	 9.595000e+02	 
 5.230665e+02	 4.497415e+03	 5.757000e+02	 9.595000e+02	 
 5.230665e+02	 4.497415e+03	 5.757000e+02	 9.595000e+02	 
 5.200803e+02	 4.497415e+03	 5.757000e+02	 9.595000e+02	 
 5.230665e+02	 4.497415e+03	 5.757000e+02	 9.595000e+02	 
 5.230665e+02	 4.497415e+03	 5.757000e+02	 9.595000e+02	 
 5.230665e+02	 4.497415e+03	 5.757000e+02	 9.595000e+02	 
 5.230665e+02	 4.497415e+03	 5.757000e+02	 9.595000e+02	 
 5.230665e+02	 4.497415e+03	 5.757000e+02	 9.595000e+02	 
 5.260527e+02	 4.497415e+03	 5.757000e+02	 9.595000e+02	 
 5.260527e+02	 4.497415e+03	 5.757000e+02	 9.595000e+02	 
 5.260527e+02	 4.497415e+03	 5.757000e+02	 9.595000e+02	 
 5.260527e+02	 4.497415e+03	 5.757000e+02	 9.595000e+02	 
 5.260527e+02	 4.497415e+03	 6.002000e+02	 9.595000e+02	 
 5.260527e+02	 4.497415e+03	 5.757000e+02	 9.595000e+02	 
 5.170942e+02	 4.497415e+03	 5.757000e+02	 9.595000e+02	 
 5.200803e+02	 4.497415e+03	 5.757000e+02	 9.595000e+02	 
 5.170942e+02	 4.497415e+03	 5.757000e+02	 9.595000e+02	 
 5.170942e+02	 4.497415e+03	 5.757000e+02	 9.595000e+02	 
 5.141080e+02	 4.497415e+03	 5.757000e+02	 9.595000e+02	 
 5.111218e+02	 4.497415e+03	 5.757000e+02	 9.595000e+02	 
 5.230665e+02	 4.497415e+03	 5.757000e+02	 9.595000e+02	 
 5.230665e+02	 4.497415e+03	 5.757000e+02	 9.253000e+02	 
 5.170942e+02	 4.497415e+03	 5.757000e+02	 9.595000e+02	 
 5.141080e+02	 4.497415e+03	 5.757000e+02	 9.595000e+02	 
 5.111218e+02	 4.497415e+03	 5.757000e+02	 9.595000e+02	 
 5.111218e+02	 4.497415e+03	 5.757000e+02	 9.595000e+02	 
 5.111218e+02	 4.497415e+03	 5.757000e+02	 9.595000e+02	 
 5.170942e+02	 4.497415e+03	 5.757000e+02	 9.595000e+02	 
 5.170942e+02	 4.497415e+03	 5.757000e+02	 9.595000e+02	 
 5.230665e+02	 4.497415e+03	 5.757000e+02	 9.595000e+02	 
 5.230665e+02	 4.497415e+03	 5.757000e+02	 9.595000e+02	 
 5.230665e+02	 4.497415e+03	 5.757000e+02	 9.595000e+02	 
 5.230665e+02	 4.497415e+03	 5.757000e+02	 9.595000e+02	 
 5.230665e+02	 4.497415e+03	 5.757000e+02	 9.595000e+02	 
 5.230665e+02	 4.497415e+03	 5.757000e+02	 9.595000e+02	 
 5.230665e+02	 4.497415e+03	 5.757000e+02	 9.595000e+02	 
 5.230665e+02	 4.497415e+03	 5.757000e+02	 9.595000e+02	 
 5.200803e+02	 4.497415e+03	 5.757000e+02	 9.595000e+02	 
 5.230665e+02	 4.497415e+03	 5.757000e+02	 9.595000e+02	 
 5.200803e+02	 4.497415e+03	 5.757000e+02	 9.595000e+02	 
 5.230665e+02	 4.497415e+03	 5.757000e+02	 9.595000e+02	 
 5.260527e+02	 4.497415e+03	 5.757000e+02	 9.595000e+02	 
 5.230665e+02	 4.497415e+03	 5.757000e+02	 9.595000e+02	 
 5.230665e+02	 4.497415e+03	 5.757000e+02	 9.595000e+02	 
 5.200803e+02	 4.497415e+03	 5.757000e+02	 9.595000e+02	 
 5.230665e+02	 4.497415e+03	 5.757000e+02	 9.595000e+02	 
 5.230665e+02	 4.497415e+03	 5.757000e+02	 9.595000e+02	 
 5.230665e+02	 4.497415e+03	 5.757000e+02	 9.595000e+02	 
 5.230665e+02	 4.497415e+03	 5.757000e+02	 9.595000e+02	 
 5.230665e+02	 4.497415e+03	 5.757000e+02	 9.595000e+02	 
 5.170942e+02	 4.497415e+03	 5.757000e+02	 9.595000e+02	 
 5.200803e+02	 4.497415e+03	 5.757000e+02	 9.595000e+02	 
 5.170942e+02	 4.497415e+03	 5.757000e+02	 9.595000e+02	 
 5.170942e+02	 4.497415e+03	 5.757000e+02	 9.595000e+02	 
 5.230665e+02	 4.497415e+03	 5.757000e+02	 9.595000e+02	 
 5.230665e+02	 4.497415e+03	 5.757000e+02	 9.253000e+02	 
 5.170942e+02	 4.497415e+03	 5.757000e+02	 9.595000e+02	 
 5.141080e+02	 4.497415e+03	 5.757000e+02	 9.595000e+02	 
 5.111218e+02	 4.497415e+03	 5.757000e+02	 9.595000e+02	 
 5.111218e+02	 4.497415e+03	 5.757000e+02	 9.595000e+02	 
 5.111218e+02	 4.497415e+03	 5.757000e+02	 9.595000e+02	 
 5.170942e+02	 4.497415e+03	 5.757000e+02	 9.595000e+02	 
 5.170942e+02	 4.497415e+03	 5.757000e+02	 9.595000e+02	 
 5.230665e+02	 4.497415e+03	 5.757000e+02	 9.595000e+02	 
 5.230665e+02	 4.497415e+03	 5.757000e+02	 9.595000e+02	 
 5.230665e+02	 4.497415e+03	 5.757000e+02	 9.595000e+02	 
 5.230665e+02	 4.497415e+03	 5.757000e+02	 9.595000e+02	 
 5.230665e+02	 4.497415e+03	 5.757000e+02	 9.595000e+02	 
 5.230665e+02	 4.497415e+03	 5.757000e+02	 9.595000e+02	 
 5.230665e+02	 4.497415e+03	 5.757000e+02	 9.595000e+02	 
 5.230665e+02	 4.497415e+03	 5.757000e+02	 9.595000e+02	 
 5.200803e+02	 4.497415e+03	 5.757000e+02	 9.595000e+02	 
 5.230665e+02	 4.497415e+03	 5.757000e+02	 9.595000e+02	 
 5.200803e+02	 4.497415e+03	 5.757000e+02	 9.595000e+02	 
 5.230665e+02	 4.497415e+03	 5.757000e+02	 9.595000e+02	 
 5.260527e+02	 4.497415e+03	 5.757000e+02	 9.595000e+02	 
 5.230665e+02	 4.497415e+03	 5.757000e+02	 9.595000e+02	 
 5.170942e+02	 4.497415e+03	 5.757000e+02	 9.595000e+02	 
 5.200803e+02	 4.497415e+03	 5.757000e+02	 9.595000e+02	 
 5.170942e+02	 4.497415e+03	 5.757000e+02	 9.595000e+02	 
 5.170942e+02	 4.497415e+03	 5.757000e+02	 9.595000e+02	 
 5.141080e+02	 4.497415e+03	 5.757000e+02	 9.595000e+02	 
 5.111218e+02	 4.497415e+03	 5.757000e+02	 9.595000e+02	 
 5.081357e+02	 4.497415e+03	 5.757000e+02	 9.595000e+02	 
 5.230665e+02	 4.497415e+03	 5.757000e+02	 9.595000e+02	 
 5.230665e+02	 4.497415e+03	 5.757000e+02	 9.253000e+02	 
 5.170942e+02	 4.497415e+03	 5.757000e+02	 9.595000e+02	 
 5.141080e+02	 4.497415e+03	 5.757000e+02	 9.595000e+02	 
 5.111218e+02	 4.497415e+03	 5.757000e+02	 9.595000e+02	 
 5.111218e+02	 4.497415e+03	 5.757000e+02	 9.595000e+02	 
 5.111218e+02	 4.497415e+03	 5.757000e+02	 9.595000e+02	 
 5.170942e+02	 4.497415e+03	 5.757000e+02	 9.595000e+02	 
 5.170942e+02	 4.497415e+03	 5.757000e+02	 9.595000e+02	 
 5.230665e+02	 4.497415e+03	 5.757000e+02	 9.595000e+02	 
 5.230665e+02	 4.497415e+03	 5.757000e+02	 9.595000e+02	 
 5.230665e+02	 4.497415e+03	 5.757000e+02	 9.595000e+02	 
 5.230665e+02	 4.497415e+03	 5.757000e+02	 9.595000e+02	 
 5.230665e+02	 4.497415e+03	 5.757000e+02	 9.595000e+02	 
 5.230665e+02	 4.497415e+03	 5.757000e+02	 9.595000e+02	 
 5.230665e+02	 4.497415e+03	 5.757000e+02	 9.595000e+02	 
 5.230665e+02	 4.497415e+03	 5.757000e+02	 9.595000e+02	 
 5.200803e+02	 4.497415e+03	 5.757000e+02	 9.595000e+02	 
 5.230665e+02	 4.497415e+03	 5.757000e+02	 9.595000e+02	 
 5.200803e+02	 4.497415e+03	 5.757000e+02	 9.595000e+02	 
 5.230665e+02	 4.497415e+03	 5.757000e+02	 9.595000e+02	 
 5.260527e+02	 4.497415e+03	 5.757000e+02	 9.595000e+02	 
 5.230665e+02	 4.497415e+03	 5.757000e+02	 9.595000e+02	 
 5.230665e+02	 4.497415e+03	 5.757000e+02	 9.595000e+02	 
 5.200803e+02	 4.497415e+03	 5.757000e+02	 9.595000e+02	 
 5.230665e+02	 4.497415e+03	 5.757000e+02	 9.595000e+02	 
 5.230665e+02	 4.497415e+03	 5.757000e+02	 9.595000e+02	 
 5.230665e+02	 4.497415e+03	 5.757000e+02	 9.595000e+02	 
 5.230665e+02	 4.497415e+03	 5.757000e+02	 9.595000e+02	 
 5.230665e+02	 4.497415e+03	 5.757000e+02	 9.595000e+02	 
 5.260527e+02	 4.497415e+03	 5.757000e+02	 9.595000e+02	 
 5.260527e+02	 4.497415e+03	 5.757000e+02	 9.595000e+02	 
 5.260527e+02	 4.497415e+03	 5.757000e+02	 9.595000e+02	 
 5.260527e+02	 4.497415e+03	 5.757000e+02	 9.595000e+02	 
 5.260527e+02	 4.497415e+03	 6.002000e+02	 9.595000e+02	 
 5.260527e+02	 4.497415e+03	 5.757000e+02	 9.595000e+02	 
 5.230665e+02	 4.497415e+03	 5.757000e+02	 9.595000e+02	 
 5.320250e+02	 4.497415e+03	 5.757000e+02	 9.595000e+02	 
 5.290389e+02	 4.497415e+03	 5.757000e+02	 9.595000e+02	 
 5.290389e+02	 4.497415e+03	 5.757000e+02	 9.595000e+02	 
 5.320250e+02	 4.497415e+03	 5.757000e+02	 9.595000e+02	 
 5.320250e+02	 4.497415e+03	 5.757000e+02	 9.595000e+02	 
 5.290389e+02	 4.497415e+03	 5.757000e+02	 9.595000e+02	 
 5.200803e+02	 4.497415e+03	 5.757000e+02	 9.595000e+02	 
 5.170942e+02	 4.497415e+03	 5.757000e+02	 9.595000e+02	 
 5.170942e+02	 4.497415e+03	 5.757000e+02	 9.595000e+02	 
 5.141080e+02	 4.497415e+03	 5.757000e+02	 9.595000e+02	 
 5.111218e+02	 4.497415e+03	 5.757000e+02	 9.595000e+02	 
 5.081357e+02	 4.497415e+03	 5.757000e+02	 9.595000e+02	 
 4.991772e+02	 4.497415e+03	 5.757000e+02	 9.595000e+02	 
 4.932048e+02	 4.497415e+03	 5.757000e+02	 1.029200e+03	 
 4.872325e+02	 4.497415e+03	 5.757000e+02	 1.081700e+03	 
 4.782740e+02	 4.497415e+03	 5.757000e+02	 1268	 
 4.723016e+02	 4.497415e+03	 5.757000e+02	 1.290300e+03	 
 4.663293e+02	 4.497415e+03	 5.757000e+02	 1.397500e+03	 
 4.752878e+02	 4.497415e+03	 5.757000e+02	 1.294200e+03	 
 5.230665e+02	 4.497415e+03	 5.757000e+02	 9.595000e+02	 
 5.230665e+02	 4.497415e+03	 5.757000e+02	 9.253000e+02	 
 5.170942e+02	 4.497415e+03	 5.757000e+02	 9.595000e+02	 
 5.141080e+02	 4.497415e+03	 5.757000e+02	 9.595000e+02	 
 5.111218e+02	 4.497415e+03	 5.757000e+02	 9.595000e+02	 
 5.111218e+02	 4.497415e+03	 5.757000e+02	 9.595000e+02	 
 5.111218e+02	 4.497415e+03	 5.757000e+02	 9.595000e+02	 
 5.170942e+02	 4.497415e+03	 5.757000e+02	 9.595000e+02	 
 5.170942e+02	 4.497415e+03	 5.757000e+02	 9.595000e+02	 
 5.230665e+02	 4.497415e+03	 5.757000e+02	 9.595000e+02	 
 5.230665e+02	 4.497415e+03	 5.757000e+02	 9.595000e+02	 
 5.230665e+02	 4.497415e+03	 5.757000e+02	 9.595000e+02	 
 5.230665e+02	 4.497415e+03	 5.757000e+02	 9.595000e+02	 
 5.230665e+02	 4.497415e+03	 5.757000e+02	 9.595000e+02	 
 5.230665e+02	 4.497415e+03	 5.757000e+02	 9.595000e+02	 
 5.230665e+02	 4.497415e+03	 5.757000e+02	 9.595000e+02	 
 5.230665e+02	 4.497415e+03	 5.757000e+02	 9.595000e+02	 
 5.200803e+02	 4.497415e+03	 5.757000e+02	 9.595000e+02	 
 5.230665e+02	 4.497415e+03	 5.757000e+02	 9.595000e+02	 
 5.200803e+02	 4.497415e+03	 5.757000e+02	 9.595000e+02	 
 5.230665e+02	 4.497415e+03	 5.757000e+02	 9.595000e+02	 
 5.260527e+02	 4.497415e+03	 5.757000e+02	 9.595000e+02	 
 5.230665e+02	 4.497415e+03	 5.757000e+02	 9.595000e+02	 
 5.230665e+02	 4.497415e+03	 5.757000e+02	 9.595000e+02	 
 5.200803e+02	 4.497415e+03	 5.757000e+02	 9.595000e+02	 
 5.230665e+02	 4.497415e+03	 5.757000e+02	 9.595000e+02	 
 5.230665e+02	 4.497415e+03	 5.757000e+02	 9.595000e+02	 
 5.230665e+02	 4.497415e+03	 5.757000e+02	 9.595000e+02	 
 5.230665e+02	 4.497415e+03	 5.757000e+02	 9.595000e+02	 
 5.230665e+02	 4.497415e+03	 5.757000e+02	 9.595000e+02	 
 5.260527e+02	 4.497415e+03	 5.757000e+02	 9.595000e+02	 
 5.260527e+02	 4.497415e+03	 5.757000e+02	 9.595000e+02	 
 5.260527e+02	 4.497415e+03	 5.757000e+02	 9.595000e+02	 
 5.260527e+02	 4.497415e+03	 5.757000e+02	 9.595000e+02	 
 5.260527e+02	 4.497415e+03	 6.002000e+02	 9.595000e+02	 
 5.260527e+02	 4.497415e+03	 5.757000e+02	 9.595000e+02	 
 5.170942e+02	 4.497415e+03	 5.757000e+02	 9.595000e+02	 
 5.200803e+02	 4.497415e+03	 5.757000e+02	 9.595000e+02	 
 5.170942e+02	 4.497415e+03	 5.757000e+02	 9.595000e+02	 
 5.170942e+02	 4.497415e+03	 5.757000e+02	 9.595000e+02	 
 5.141080e+02	 4.497415e+03	 5.757000e+02	 9.595000e+02	 
 5.111218e+02	 4.497415e+03	 5.757000e+02	 9.595000e+02	 
 5.230665e+02	 4.497415e+03	 5.757000e+02	 9.595000e+02	 
 5.230665e+02	 4.497415e+03	 5.757000e+02	 9.253000e+02	 
 5.170942e+02	 4.497415e+03	 5.757000e+02	 9.595000e+02	 
 5.141080e+02	 4.497415e+03	 5.757000e+02	 9.595000e+02	 
 5.111218e+02	 4.497415e+03	 5.757000e+02	 9.595000e+02	 
 5.111218e+02	 4.497415e+03	 5.757000e+02	 9.595000e+02	 
 5.111218e+02	 4.497415e+03	 5.757000e+02	 9.595000e+02	 
 5.170942e+02	 4.497415e+03	 5.757000e+02	 9.595000e+02	 
 5.170942e+02	 4.497415e+03	 5.757000e+02	 9.595000e+02	 
 5.230665e+02	 4.497415e+03	 5.757000e+02	 9.595000e+02	 
 5.230665e+02	 4.497415e+03	 5.757000e+02	 9.595000e+02	 
 5.230665e+02	 4.497415e+03	 5.757000e+02	 9.595000e+02	 
 5.230665e+02	 4.497415e+03	 5.757000e+02	 9.595000e+02	 
 5.230665e+02	 4.497415e+03	 5.757000e+02	 9.595000e+02	 
 5.230665e+02	 4.497415e+03	 5.757000e+02	 9.595000e+02	 
 5.230665e+02	 4.497415e+03	 5.757000e+02	 9.595000e+02	 
 5.230665e+02	 4.497415e+03	 5.757000e+02	 9.595000e+02	 
 5.200803e+02	 4.497415e+03	 5.757000e+02	 9.595000e+02	 
 5.230665e+02	 4.497415e+03	 5.757000e+02	 9.595000e+02	 
 5.200803e+02	 4.497415e+03	 5.757000e+02	 9.595000e+02	 
 5.230665e+02	 4.497415e+03	 5.757000e+02	 9.595000e+02	 
 5.260527e+02	 4.497415e+03	 5.757000e+02	 9.595000e+02	 
 5.230665e+02	 4.497415e+03	 5.757000e+02	 9.595000e+02	 
 5.230665e+02	 4.497415e+03	 5.757000e+02	 9.595000e+02	 
 5.200803e+02	 4.497415e+03	 5.757000e+02	 9.595000e+02	 
 5.230665e+02	 4.497415e+03	 5.757000e+02	 9.595000e+02	 
 5.230665e+02	 4.497415e+03	 5.757000e+02	 9.595000e+02	 
 5.230665e+02	 4.497415e+03	 5.757000e+02	 9.595000e+02	 
 5.230665e+02	 4.497415e+03	 5.757000e+02	 9.595000e+02	 
 5.230665e+02	 4.497415e+03	 5.757000e+02	 9.595000e+02	 
 5.170942e+02	 4.497415e+03	 5.757000e+02	 9.595000e+02	 
 5.200803e+02	 4.497415e+03	 5.757000e+02	 9.595000e+02	 
 5.170942e+02	 4.497415e+03	 5.757000e+02	 9.595000e+02	 
 5.170942e+02	 4.497415e+03	 5.757000e+02	 9.595000e+02	 
 5.230665e+02	 4.497415e+03	 5.757000e+02	 9.595000e+02	 
 5.230665e+02	 4.497415e+03	 5.757000e+02	 9.253000e+02	 
 5.170942e+02	 4.497415e+03	 5.757000e+02	 9.595000e+02	 
 5.141080e+02	 4.497415e+03	 5.757000e+02	 9.595000e+02	 
 5.111218e+02	 4.497415e+03	 5.757000e+02	 9.595000e+02	 
 5.111218e+02	 4.497415e+03	 5.757000e+02	 9.595000e+02	 
 5.111218e+02	 4.497415e+03	 5.757000e+02	 9.595000e+02	 
 5.170942e+02	 4.497415e+03	 5.757000e+02	 9.595000e+02	 
 5.170942e+02	 4.497415e+03	 5.757000e+02	 9.595000e+02	 
 5.230665e+02	 4.497415e+03	 5.757000e+02	 9.595000e+02	 
 5.230665e+02	 4.497415e+03	 5.757000e+02	 9.595000e+02	 
 5.230665e+02	 4.497415e+03	 5.757000e+02	 9.595000e+02	 
 5.230665e+02	 4.497415e+03	 5.757000e+02	 9.595000e+02	 
 5.230665e+02	 4.497415e+03	 5.757000e+02	 9.595000e+02	 
 5.230665e+02	 4.497415e+03	 5.757000e+02	 9.595000e+02	 
 5.230665e+02	 4.497415e+03	 5.757000e+02	 9.595000e+02	 
 5.230665e+02	 4.497415e+03	 5.757000e+02	 9.595000e+02	 
 5.200803e+02	 4.497415e+03	 5.757000e+02	 9.595000e+02	 
 5.230665e+02	 4.497415e+03	 5.757000e+02	 9.595000e+02	 
 5.200803e+02	 4.497415e+03	 5.757000e+02	 9.595000e+02	 
 5.230665e+02	 4.497415e+03	 5.757000e+02	 9.595000e+02	 
 5.260527e+02	 4.497415e+03	 5.757000e+02	 9.595000e+02	 
 5.230665e+02	 4.497415e+03	 5.757000e+02	 9.595000e+02	 
 5.230665e+02	 4.497415e+03	 5.757000e+02	 9.595000e+02	 
 5.200803e+02	 4.497415e+03	 5.757000e+02	 9.595000e+02	 
 5.230665e+02	 4.497415e+03	 5.757000e+02	 9.595000e+02	 
 5.230665e+02	 4.497415e+03	 5.757000e+02	 9.595000e+02	 
 5.230665e+02	 4.497415e+03	 5.757000e+02	 9.595000e+02	 
 5.230665e+02	 4.497415e+03	 5.757000e+02	 9.595000e+02	 
 5.230665e+02	 4.497415e+03	 5.757000e+02	 9.595000e+02	 
 5.260527e+02	 4.497415e+03	 5.757000e+02	 9.595000e+02	 
 5.260527e+02	 4.497415e+03	 5.757000e+02	 9.595000e+02	 
 5.260527e+02	 4.497415e+03	 5.757000e+02	 9.595000e+02	 
 5.260527e+02	 4.497415e+03	 5.757000e+02	 9.595000e+02	 
 5.260527e+02	 4.497415e+03	 6.002000e+02	 9.595000e+02	 
 5.260527e+02	 4.497415e+03	 5.757000e+02	 9.595000e+02	 
 5.170942e+02	 4.497415e+03	 5.757000e+02	 9.595000e+02	 
 5.200803e+02	 4.497415e+03	 5.757000e+02	 9.595000e+02	 
 5.170942e+02	 4.497415e+03	 5.757000e+02	 9.595000e+02	 
 5.170942e+02	 4.497415e+03	 5.757000e+02	 9.595000e+02	 
 5.141080e+02	 4.497415e+03	 5.757000e+02	 9.595000e+02	 
 5.111218e+02	 4.497415e+03	 5.757000e+02	 9.595000e+02	 
 