minimo	maximo	maximTot	minimTot	
1.515605e-06	 7.963106e-01	 1.936314e-03	 5.009495e-03	 
 1.515605e-06	 7.963106e-01	 3.347419e-01	 7.451747e-01	 
 1.515605e-06	 7.963106e-01	 3.347419e-01	 6.580767e-01	 
 1.515605e-06	 7.963106e-01	 0	 6.768154e-04	 
 4.789152e-07	 9.229366e-01	 3.477680e-03	 5.300687e-01	 
 4.789152e-07	 9.229366e-01	 4.403297e-01	 8.547147e-01	 
 4.789152e-07	 9.229366e-01	 3.986670e-01	 6.810406e-01	 
 4.789152e-07	 9.229366e-01	 0	 6.768154e-04	 
 1.440882e-07	 8.111622e-01	 1.102385e-02	 6.813488e-01	 
 1.440882e-07	 8.111622e-01	 3.347419e-01	 7.451747e-01	 
 1.440882e-07	 8.111622e-01	 3.986670e-01	 6.888491e-01	 
 1.440882e-07	 8.111622e-01	 0	 6.768154e-04	 
 4.538806e-07	 1.051001e+00	 3.477680e-03	 9.382180e-01	 
 4.538806e-07	 1.051001e+00	 3.986670e-01	 9.740725e-01	 
 4.538806e-07	 1.051001e+00	 3.584142e-01	 7.451747e-01	 
 4.538806e-07	 1.051001e+00	 0	 6.768154e-04	 
 1.327007e-07	 1.033753e+00	 1.146264e-02	 9.031024e-01	 
 1.327007e-07	 1.033753e+00	 3.986670e-01	 5.694550e-01	 
 1.327007e-07	 1.033753e+00	 3.347419e-01	 7.451747e-01	 
 1.327007e-07	 1.033753e+00	 0	 6.768154e-04	 
 4.176877e-07	 9.515251e-01	 6.996064e-03	 9.750237e-01	 
 4.176877e-07	 9.515251e-01	 3.783563e-01	 7.451747e-01	 
 4.176877e-07	 9.515251e-01	 3.347419e-01	 7.451747e-01	 
 4.176877e-07	 9.515251e-01	 0	 6.768154e-04	 
 9.718190e-07	 8.960807e-01	 6.996064e-03	 3.529878e-01	 
 9.718190e-07	 8.960807e-01	 4.363198e-01	 6.461824e-01	 
 9.718190e-07	 8.960807e-01	 3.783563e-01	 7.451747e-01	 
 9.718190e-07	 8.960807e-01	 0	 6.768154e-04	 
 6.384282e-07	 8.841167e-01	 6.098416e-03	 8.149175e-01	 
 6.384282e-07	 8.841167e-01	 3.986670e-01	 7.451747e-01	 
 6.384282e-07	 8.841167e-01	 3.986670e-01	 7.451747e-01	 
 6.384282e-07	 8.841167e-01	 0	 6.768154e-04	 
 1.229128e-06	 8.943502e-01	 2.084285e-03	 8.490989e-03	 
 1.229128e-06	 8.943502e-01	 4.510664e-01	 5.694550e-01	 
 1.229128e-06	 8.943502e-01	 4.070680e-01	 6.888491e-01	 
 1.229128e-06	 8.943502e-01	 0	 6.768154e-04	 
 8.184985e-07	 1.525017e+00	 2.084285e-03	 4.640135e-03	 
 8.184985e-07	 1.525017e+00	 3.986670e-01	 6.810406e-01	 
 8.184985e-07	 1.525017e+00	 3.584142e-01	 7.451747e-01	 
 8.184985e-07	 1.525017e+00	 0	 6.768154e-04	 
 2.639211e-05	 9.957874e-01	 2.084285e-03	 4.640135e-03	 
 2.191317e-05	 9.958024e-01	 2.084285e-03	 4.640135e-03	 
 1.805430e-05	 9.957870e-01	 2.084285e-03	 4.640135e-03	 
 2.512005e-05	 9.957984e-01	 2.084285e-03	 4.640135e-03	 
 1.793984e-05	 9.957773e-01	 2.084285e-03	 4.640135e-03	 
 3.220830e-05	 9.957979e-01	 2.084285e-03	 4.365050e-03	 
 2.388299e-06	 9.957924e-01	 2.084285e-03	 4.640135e-03	 
 3.238198e-05	 9.958113e-01	 2.084285e-03	 4.640135e-03	 
 2.201706e-05	 9.957944e-01	 2.804672e-03	 4.640135e-03	 
 3.396496e-05	 9.957956e-01	 2.084285e-03	 4.640135e-03	 
 5.495238e-06	 9.957766e-01	 2.084285e-03	 4.640135e-03	 
 2.933454e-05	 9.957849e-01	 2.084285e-03	 4.640135e-03	 
 3.329118e-05	 9.957760e-01	 2.084285e-03	 4.640135e-03	 
 2.260693e-05	 9.957857e-01	 2.084285e-03	 4.640135e-03	 
 2.283540e-07	 9.958002e-01	 2.084285e-03	 4.640135e-03	 
 1.313485e-05	 9.957900e-01	 2.084285e-03	 4.640135e-03	 
 3.870173e-07	 9.957885e-01	 2.084285e-03	 4.640135e-03	 
 1.391269e-05	 9.957716e-01	 2.084285e-03	 7.220531e-03	 
 2.321957e-05	 9.957630e-01	 2.084285e-03	 6.098416e-03	 
 5.687019e-06	 9.957582e-01	 2.084285e-03	 7.271292e-03	 
 1.168307e-06	 9.957381e-01	 2.084285e-03	 6.996064e-03	 
 1.995425e-05	 9.957689e-01	 2.084285e-03	 8.490989e-03	 
 2.936733e-06	 9.958126e-01	 2.084285e-03	 7.770641e-03	 
 1.721126e-06	 9.957915e-01	 2.084285e-03	 8.345781e-03	 
 2.061747e-05	 9.957987e-01	 2.084285e-03	 1.033343e-02	 
 4.240609e-06	 9.958052e-01	 2.084285e-03	 9.026447e-03	 
 9.980968e-06	 9.957974e-01	 2.084285e-03	 1.102385e-02	 
 1.520438e-05	 9.958052e-01	 2.084285e-03	 1.146264e-02	 
 1.594743e-05	 9.958234e-01	 2.084285e-03	 1.346671e-02	 
 8.077427e-06	 9.958334e-01	 2.084285e-03	 1.581497e-02	 
 6.849033e-06	 9.957892e-01	 2.084285e-03	 3.623321e-02	 
 1.108903e-05	 9.956623e-01	 2.084285e-03	 8.797678e-02	 
 5.568475e-06	 9.953408e-01	 2.084285e-03	 1.976538e-01	 
 2.657301e-05	 9.945274e-01	 2.084285e-03	 3.529878e-01	 
 3.482618e-05	 9.938095e-01	 2.084285e-03	 5.300687e-01	 
 4.673260e-05	 9.915640e-01	 2.084285e-03	 6.813488e-01	 
 7.227350e-05	 5.571324e-01	 2.084285e-03	 8.149175e-01	 
 2.639211e-05	 9.957874e-01	 2.084285e-03	 4.640135e-03	 
 2.191317e-05	 9.958024e-01	 2.084285e-03	 4.640135e-03	 
 1.805430e-05	 9.957870e-01	 2.084285e-03	 4.640135e-03	 
 2.512005e-05	 9.957984e-01	 2.084285e-03	 4.640135e-03	 
 1.793984e-05	 9.957773e-01	 2.084285e-03	 4.640135e-03	 
 3.220830e-05	 9.957979e-01	 2.084285e-03	 4.365050e-03	 
 2.388299e-06	 9.957924e-01	 2.084285e-03	 4.640135e-03	 
 3.238198e-05	 9.958113e-01	 2.084285e-03	 4.640135e-03	 
 3.422140e-05	 9.957882e-01	 2.084285e-03	 4.640135e-03	 
 1.801940e-05	 9.957912e-01	 2.084285e-03	 5.009495e-03	 
 5.171835e-06	 9.957834e-01	 2.084285e-03	 4.640135e-03	 
 1.743056e-05	 9.957848e-01	 2.084285e-03	 6.786384e-03	 
 1.235083e-05	 9.957871e-01	 2.084285e-03	 4.755988e-03	 
 2.860151e-05	 9.957709e-01	 2.084285e-03	 5.063288e-03	 
 1.448990e-05	 9.957798e-01	 2.084285e-03	 4.820620e-03	 
 1.037847e-05	 9.957698e-01	 2.084285e-03	 5.889105e-03	 
 1.391269e-05	 9.957716e-01	 2.084285e-03	 7.220531e-03	 
 2.321957e-05	 9.957630e-01	 2.084285e-03	 6.098416e-03	 
 5.687019e-06	 9.957582e-01	 2.084285e-03	 7.271292e-03	 
 1.168307e-06	 9.957381e-01	 2.084285e-03	 6.996064e-03	 
 1.995425e-05	 9.957689e-01	 2.084285e-03	 8.490989e-03	 
 2.639211e-05	 9.957874e-01	 2.084285e-03	 4.640135e-03	 
 2.191317e-05	 9.958024e-01	 2.084285e-03	 4.640135e-03	 
 1.805430e-05	 9.957870e-01	 2.084285e-03	 4.640135e-03	 
 2.512005e-05	 9.957984e-01	 2.084285e-03	 4.640135e-03	 
 1.793984e-05	 9.957773e-01	 2.084285e-03	 4.640135e-03	 
 3.220830e-05	 9.957979e-01	 2.084285e-03	 4.365050e-03	 
 2.388299e-06	 9.957924e-01	 2.084285e-03	 4.640135e-03	 
 3.238198e-05	 9.958113e-01	 2.084285e-03	 4.640135e-03	 
 2.201706e-05	 9.957944e-01	 2.804672e-03	 4.640135e-03	 
 3.396496e-05	 9.957956e-01	 2.084285e-03	 4.640135e-03	 
 5.495238e-06	 9.957766e-01	 2.084285e-03	 4.640135e-03	 
 2.933454e-05	 9.957849e-01	 2.084285e-03	 4.640135e-03	 
 3.329118e-05	 9.957760e-01	 2.084285e-03	 4.640135e-03	 
 2.260693e-05	 9.957857e-01	 2.084285e-03	 4.640135e-03	 
 2.283540e-07	 9.958002e-01	 2.084285e-03	 4.640135e-03	 
 1.313485e-05	 9.957900e-01	 2.084285e-03	 4.640135e-03	 
 3.870173e-07	 9.957885e-01	 2.084285e-03	 4.640135e-03	 
 1.168307e-06	 9.957381e-01	 2.084285e-03	 6.996064e-03	 
 1.995425e-05	 9.957689e-01	 2.084285e-03	 8.490989e-03	 
 2.936733e-06	 9.958126e-01	 2.084285e-03	 7.770641e-03	 
 1.721126e-06	 9.957915e-01	 2.084285e-03	 8.345781e-03	 
 2.061747e-05	 9.957987e-01	 2.084285e-03	 1.033343e-02	 
 4.240609e-06	 9.958052e-01	 2.084285e-03	 9.026447e-03	 
 9.980968e-06	 9.957974e-01	 2.084285e-03	 1.102385e-02	 
 1.520438e-05	 9.958052e-01	 2.084285e-03	 1.146264e-02	 
 1.594743e-05	 9.958234e-01	 2.084285e-03	 1.346671e-02	 
 8.077427e-06	 9.958334e-01	 2.084285e-03	 1.581497e-02	 
 6.849033e-06	 9.957892e-01	 2.084285e-03	 3.623321e-02	 
 1.108903e-05	 9.956623e-01	 2.084285e-03	 8.797678e-02	 
 5.568475e-06	 9.953408e-01	 2.084285e-03	 1.976538e-01	 
 2.657301e-05	 9.945274e-01	 2.084285e-03	 3.529878e-01	 
 2.639211e-05	 9.957874e-01	 2.084285e-03	 4.640135e-03	 
 2.191317e-05	 9.958024e-01	 2.084285e-03	 4.640135e-03	 
 1.805430e-05	 9.957870e-01	 2.084285e-03	 4.640135e-03	 
 2.512005e-05	 9.957984e-01	 2.084285e-03	 4.640135e-03	 
 1.793984e-05	 9.957773e-01	 2.084285e-03	 4.640135e-03	 
 3.220830e-05	 9.957979e-01	 2.084285e-03	 4.365050e-03	 
 2.388299e-06	 9.957924e-01	 2.084285e-03	 4.640135e-03	 
 3.238198e-05	 9.958113e-01	 2.084285e-03	 4.640135e-03	 
 2.201706e-05	 9.957944e-01	 2.804672e-03	 4.640135e-03	 
 3.396496e-05	 9.957956e-01	 2.084285e-03	 4.640135e-03	 
 5.495238e-06	 9.957766e-01	 2.084285e-03	 4.640135e-03	 
 3.422140e-05	 9.957882e-01	 2.084285e-03	 4.640135e-03	 
 1.801940e-05	 9.957912e-01	 2.084285e-03	 5.009495e-03	 
 5.171835e-06	 9.957834e-01	 2.084285e-03	 4.640135e-03	 
 1.743056e-05	 9.957848e-01	 2.084285e-03	 6.786384e-03	 
 1.235083e-05	 9.957871e-01	 2.084285e-03	 4.755988e-03	 
 2.860151e-05	 9.957709e-01	 2.084285e-03	 5.063288e-03	 
 1.448990e-05	 9.957798e-01	 2.084285e-03	 4.820620e-03	 
 1.037847e-05	 9.957698e-01	 2.084285e-03	 5.889105e-03	 
 1.391269e-05	 9.957716e-01	 2.084285e-03	 7.220531e-03	 
 2.321957e-05	 9.957630e-01	 2.084285e-03	 6.098416e-03	 
 5.687019e-06	 9.957582e-01	 2.084285e-03	 7.271292e-03	 
 1.168307e-06	 9.957381e-01	 2.084285e-03	 6.996064e-03	 
 1.995425e-05	 9.957689e-01	 2.084285e-03	 8.490989e-03	 
 2.936733e-06	 9.958126e-01	 2.084285e-03	 7.770641e-03	 
 1.721126e-06	 9.957915e-01	 2.084285e-03	 8.345781e-03	 
 2.061747e-05	 9.957987e-01	 2.084285e-03	 1.033343e-02	 
 4.240609e-06	 9.958052e-01	 2.084285e-03	 9.026447e-03	 
 9.980968e-06	 9.957974e-01	 2.084285e-03	 1.102385e-02	 
 1.520438e-05	 9.958052e-01	 2.084285e-03	 1.146264e-02	 
 1.594743e-05	 9.958234e-01	 2.084285e-03	 1.346671e-02	 
 8.077427e-06	 9.958334e-01	 2.084285e-03	 1.581497e-02	 
 6.849033e-06	 9.957892e-01	 2.084285e-03	 3.623321e-02	 
 1.108903e-05	 9.956623e-01	 2.084285e-03	 8.797678e-02	 
 5.568475e-06	 9.953408e-01	 2.084285e-03	 1.976538e-01	 
 2.657301e-05	 9.945274e-01	 2.084285e-03	 3.529878e-01	 
 3.482618e-05	 9.938095e-01	 2.084285e-03	 5.300687e-01	 
 2.639211e-05	 9.957874e-01	 2.084285e-03	 4.640135e-03	 
 2.191317e-05	 9.958024e-01	 2.084285e-03	 4.640135e-03	 
 1.805430e-05	 9.957870e-01	 2.084285e-03	 4.640135e-03	 
 2.512005e-05	 9.957984e-01	 2.084285e-03	 4.640135e-03	 
 1.793984e-05	 9.957773e-01	 2.084285e-03	 4.640135e-03	 
 3.220830e-05	 9.957979e-01	 2.084285e-03	 4.365050e-03	 
 2.388299e-06	 9.957924e-01	 2.084285e-03	 4.640135e-03	 
 3.238198e-05	 9.958113e-01	 2.084285e-03	 4.640135e-03	 
 2.201706e-05	 9.957944e-01	 2.804672e-03	 4.640135e-03	 
 3.396496e-05	 9.957956e-01	 2.084285e-03	 4.640135e-03	 
 5.495238e-06	 9.957766e-01	 2.084285e-03	 4.640135e-03	 
 2.933454e-05	 9.957849e-01	 2.084285e-03	 4.640135e-03	 
 3.329118e-05	 9.957760e-01	 2.084285e-03	 4.640135e-03	 
 2.260693e-05	 9.957857e-01	 2.084285e-03	 4.640135e-03	 
 2.283540e-07	 9.958002e-01	 2.084285e-03	 4.640135e-03	 
 1.313485e-05	 9.957900e-01	 2.084285e-03	 4.640135e-03	 
 3.870173e-07	 9.957885e-01	 2.084285e-03	 4.640135e-03	 
 1.168307e-06	 9.957381e-01	 2.084285e-03	 6.996064e-03	 
 1.995425e-05	 9.957689e-01	 2.084285e-03	 8.490989e-03	 
 2.936733e-06	 9.958126e-01	 2.084285e-03	 7.770641e-03	 
 1.721126e-06	 9.957915e-01	 2.084285e-03	 8.345781e-03	 
 2.061747e-05	 9.957987e-01	 2.084285e-03	 1.033343e-02	 
 4.240609e-06	 9.958052e-01	 2.084285e-03	 9.026447e-03	 
 9.980968e-06	 9.957974e-01	 2.084285e-03	 1.102385e-02	 
 1.520438e-05	 9.958052e-01	 2.084285e-03	 1.146264e-02	 
 1.594743e-05	 9.958234e-01	 2.084285e-03	 1.346671e-02	 
 8.077427e-06	 9.958334e-01	 2.084285e-03	 1.581497e-02	 
 6.849033e-06	 9.957892e-01	 2.084285e-03	 3.623321e-02	 
 1.108903e-05	 9.956623e-01	 2.084285e-03	 8.797678e-02	 
 5.568475e-06	 9.953408e-01	 2.084285e-03	 1.976538e-01	 
 2.657301e-05	 9.945274e-01	 2.084285e-03	 3.529878e-01	 
 2.639211e-05	 9.957874e-01	 2.084285e-03	 4.640135e-03	 
 2.191317e-05	 9.958024e-01	 2.084285e-03	 4.640135e-03	 
 1.805430e-05	 9.957870e-01	 2.084285e-03	 4.640135e-03	 
 2.512005e-05	 9.957984e-01	 2.084285e-03	 4.640135e-03	 
 1.793984e-05	 9.957773e-01	 2.084285e-03	 4.640135e-03	 
 3.220830e-05	 9.957979e-01	 2.084285e-03	 4.365050e-03	 
 2.388299e-06	 9.957924e-01	 2.084285e-03	 4.640135e-03	 
 3.238198e-05	 9.958113e-01	 2.084285e-03	 4.640135e-03	 
 2.201706e-05	 9.957944e-01	 2.804672e-03	 4.640135e-03	 
 3.396496e-05	 9.957956e-01	 2.084285e-03	 4.640135e-03	 
 5.495238e-06	 9.957766e-01	 2.084285e-03	 4.640135e-03	 
 2.933454e-05	 9.957849e-01	 2.084285e-03	 4.640135e-03	 
 3.329118e-05	 9.957760e-01	 2.084285e-03	 4.640135e-03	 
 2.260693e-05	 9.957857e-01	 2.084285e-03	 4.640135e-03	 
 2.283540e-07	 9.958002e-01	 2.084285e-03	 4.640135e-03	 
 1.313485e-05	 9.957900e-01	 2.084285e-03	 4.640135e-03	 
 3.870173e-07	 9.957885e-01	 2.084285e-03	 4.640135e-03	 
 1.391269e-05	 9.957716e-01	 2.084285e-03	 7.220531e-03	 
 2.321957e-05	 9.957630e-01	 2.084285e-03	 6.098416e-03	 
 5.687019e-06	 9.957582e-01	 2.084285e-03	 7.271292e-03	 
 1.168307e-06	 9.957381e-01	 2.084285e-03	 6.996064e-03	 
 1.995425e-05	 9.957689e-01	 2.084285e-03	 8.490989e-03	 
 2.936733e-06	 9.958126e-01	 2.084285e-03	 7.770641e-03	 
 1.721126e-06	 9.957915e-01	 2.084285e-03	 8.345781e-03	 
 2.061747e-05	 9.957987e-01	 2.084285e-03	 1.033343e-02	 
 4.240609e-06	 9.958052e-01	 2.084285e-03	 9.026447e-03	 
 9.980968e-06	 9.957974e-01	 2.084285e-03	 1.102385e-02	 
 1.520438e-05	 9.958052e-01	 2.084285e-03	 1.146264e-02	 
 1.594743e-05	 9.958234e-01	 2.084285e-03	 1.346671e-02	 
 8.077427e-06	 9.958334e-01	 2.084285e-03	 1.581497e-02	 
 6.849033e-06	 9.957892e-01	 2.084285e-03	 3.623321e-02	 
 1.108903e-05	 9.956623e-01	 2.084285e-03	 8.797678e-02	 
 5.568475e-06	 9.953408e-01	 2.084285e-03	 1.976538e-01	 
 2.657301e-05	 9.945274e-01	 2.084285e-03	 3.529878e-01	 
 3.482618e-05	 9.938095e-01	 2.084285e-03	 5.300687e-01	 
 4.673260e-05	 9.915640e-01	 2.084285e-03	 6.813488e-01	 
 7.227350e-05	 5.571324e-01	 2.084285e-03	 8.149175e-01	 
 2.639211e-05	 9.957874e-01	 2.084285e-03	 4.640135e-03	 
 2.191317e-05	 9.958024e-01	 2.084285e-03	 4.640135e-03	 
 1.805430e-05	 9.957870e-01	 2.084285e-03	 4.640135e-03	 
 2.512005e-05	 9.957984e-01	 2.084285e-03	 4.640135e-03	 
 1.793984e-05	 9.957773e-01	 2.084285e-03	 4.640135e-03	 
 3.220830e-05	 9.957979e-01	 2.084285e-03	 4.365050e-03	 
 2.388299e-06	 9.957924e-01	 2.084285e-03	 4.640135e-03	 
 3.238198e-05	 9.958113e-01	 2.084285e-03	 4.640135e-03	 
 2.201706e-05	 9.957944e-01	 2.804672e-03	 4.640135e-03	 
 3.396496e-05	 9.957956e-01	 2.084285e-03	 4.640135e-03	 
 5.495238e-06	 9.957766e-01	 2.084285e-03	 4.640135e-03	 
 2.933454e-05	 9.957849e-01	 2.084285e-03	 4.640135e-03	 
 3.329118e-05	 9.957760e-01	 2.084285e-03	 4.640135e-03	 
 2.260693e-05	 9.957857e-01	 2.084285e-03	 4.640135e-03	 
 2.283540e-07	 9.958002e-01	 2.084285e-03	 4.640135e-03	 
 1.313485e-05	 9.957900e-01	 2.084285e-03	 4.640135e-03	 
 3.870173e-07	 9.957885e-01	 2.084285e-03	 4.640135e-03	 
 1.168307e-06	 9.957381e-01	 2.084285e-03	 6.996064e-03	 
 1.995425e-05	 9.957689e-01	 2.084285e-03	 8.490989e-03	 
 2.936733e-06	 9.958126e-01	 2.084285e-03	 7.770641e-03	 
 1.721126e-06	 9.957915e-01	 2.084285e-03	 8.345781e-03	 
 2.061747e-05	 9.957987e-01	 2.084285e-03	 1.033343e-02	 
 4.240609e-06	 9.958052e-01	 2.084285e-03	 9.026447e-03	 
 9.980968e-06	 9.957974e-01	 2.084285e-03	 1.102385e-02	 
 1.520438e-05	 9.958052e-01	 2.084285e-03	 1.146264e-02	 
 1.594743e-05	 9.958234e-01	 2.084285e-03	 1.346671e-02	 
 8.077427e-06	 9.958334e-01	 2.084285e-03	 1.581497e-02	 
 6.849033e-06	 9.957892e-01	 2.084285e-03	 3.623321e-02	 
 1.108903e-05	 9.956623e-01	 2.084285e-03	 8.797678e-02	 
 5.568475e-06	 9.953408e-01	 2.084285e-03	 1.976538e-01	 
 2.657301e-05	 9.945274e-01	 2.084285e-03	 3.529878e-01	 
 3.482618e-05	 9.938095e-01	 2.084285e-03	 5.300687e-01	 
 4.673260e-05	 9.915640e-01	 2.084285e-03	 6.813488e-01	 
 7.227350e-05	 5.571324e-01	 2.084285e-03	 8.149175e-01	 
 1.281034e-04	 2.021343e+00	 2.084285e-03	 8.263146e-01	 
 2.290998e-06	 1.814750e+00	 2.084285e-03	 9.031024e-01	 
 2.307379e-04	 2.452037e+00	 2.084285e-03	 8.929261e-01	 
 2.731239e-04	 3.945016e+00	 2.084285e-03	 9.382180e-01	 
 1.045708e-04	 4.824785e+00	 2.084285e-03	 9.027043e-01	 
 3.473246e-04	 1.059556e+01	 2.084285e-03	 9.750237e-01	 
 2.639211e-05	 9.957874e-01	 2.084285e-03	 4.640135e-03	 
 2.191317e-05	 9.958024e-01	 2.084285e-03	 4.640135e-03	 
 1.805430e-05	 9.957870e-01	 2.084285e-03	 4.640135e-03	 
 2.512005e-05	 9.957984e-01	 2.084285e-03	 4.640135e-03	 
 1.793984e-05	 9.957773e-01	 2.084285e-03	 4.640135e-03	 
 3.220830e-05	 9.957979e-01	 2.084285e-03	 4.365050e-03	 
 2.388299e-06	 9.957924e-01	 2.084285e-03	 4.640135e-03	 
 3.238198e-05	 9.958113e-01	 2.084285e-03	 4.640135e-03	 
 3.422140e-05	 9.957882e-01	 2.084285e-03	 4.640135e-03	 
 1.801940e-05	 9.957912e-01	 2.084285e-03	 5.009495e-03	 
 5.171835e-06	 9.957834e-01	 2.084285e-03	 4.640135e-03	 
 1.743056e-05	 9.957848e-01	 2.084285e-03	 6.786384e-03	 
 1.235083e-05	 9.957871e-01	 2.084285e-03	 4.755988e-03	 
 2.860151e-05	 9.957709e-01	 2.084285e-03	 5.063288e-03	 
 1.448990e-05	 9.957798e-01	 2.084285e-03	 4.820620e-03	 
 1.037847e-05	 9.957698e-01	 2.084285e-03	 5.889105e-03	 
 1.391269e-05	 9.957716e-01	 2.084285e-03	 7.220531e-03	 
 2.321957e-05	 9.957630e-01	 2.084285e-03	 6.098416e-03	 
 5.687019e-06	 9.957582e-01	 2.084285e-03	 7.271292e-03	 
 1.168307e-06	 9.957381e-01	 2.084285e-03	 6.996064e-03	 
 1.995425e-05	 9.957689e-01	 2.084285e-03	 8.490989e-03	 
 