1.449993e-01	 1.311557e-03	 5.008630e-01	 2.672711e-01	 4.765864e+04	 4.767360e+04	 1.495669e+01	 1	 9.541635e+01	 8.556754e-02	 8.579491e-02	 1.946768e+03	 8.555498e-02	 
 2.429055e-01	 -4.709510e-02	 4.986104e-01	 1.908171e-01	 5.036440e+04	 5.024960e+04	 1.147977e+02	 0	 1.914051e+01	 1.147748e-01	 1.150052e-01	 2.915430e+03	 1.147621e-01	 
 5.357011e-01	 -6.408578e-02	 1.856533e-01	 1.901345e-01	 1.053316e+05	 1.053683e+05	 3.666980e+01	 0	 2.045640e+02	 1.526723e-01	 1.528337e-01	 1.633777e+03	 1.491308e+02	 
 2.848685e-02	 8.909476e-02	 1.462026e-01	 5.455178e-01	 1.034161e+05	 1.007179e+05	 2.698231e+03	 1	 9.241394e+01	 1.907371e-01	 1.909354e-01	 1.236438e+04	 1.949255e-01	 
 1.390615e-01	 3.410419e-04	 2.906951e-01	 4.008054e-01	 5.599120e+04	 5.599550e+04	 4.297206e+00	 1	 4.412478e+01	 1.691279e-01	 1.693427e-01	 3.702581e+03	 1.691061e-01	 
 4.650590e-02	 -6.206377e-03	 6.084785e-01	 3.042756e-01	 4.743455e+04	 4.743950e+04	 4.954925e+00	 0	 2.328082e+01	 4.695251e-02	 4.718982e-02	 1.615392e+03	 4.694638e-02	 
 -8.855977e-02	 5.665111e-04	 1.256580e+00	 1.472859e-02	 7.417410e+04	 7.414970e+04	 2.439788e+01	 0	 3.464463e+02	 1.836046e-01	 5.552250e+02	 2.095152e+02	 3.754745e+02	 
 3.216488e-01	 -4.222812e-02	 4.907034e-01	 1.362811e-01	 5.195296e+04	 5.193780e+04	 1.516074e+01	 0	 3.557436e+01	 9.361072e-02	 9.383882e-02	 2.493860e+03	 9.359485e-02	 
 -1.210199e-01	 -7.116085e-03	 9.092779e-01	 3.574691e-01	 4.301108e+04	 4.271140e+04	 2.996779e+02	 0	 1.234947e+02	 1.388326e-01	 2.505894e+02	 2.366526e+02	 3.582364e+02	 
 -1.437367e-01	 -1.631543e-03	 1.359611e+00	 -3.345563e-02	 1.464943e+05	 1.464723e+05	 2.195583e+01	 0	 2.829802e+02	 1.809213e-01	 1.015920e+03	 7.224807e+02	 1.329164e+03	 
 -1.437367e-01	 -1.631543e-03	 1.359611e+00	 -3.345563e-02	 1.464943e+05	 1.464723e+05	 2.195583e+01	 0	 2.829802e+02	 1.809213e-01	 1.015920e+03	 7.224807e+02	 1.329164e+03	 
 -1.210199e-01	 -7.116085e-03	 9.092779e-01	 3.574691e-01	 4.301108e+04	 4.271140e+04	 2.996779e+02	 0	 1.234947e+02	 1.388326e-01	 2.505894e+02	 2.366526e+02	 3.582364e+02	 
 -1.210199e-01	 -7.116085e-03	 9.092779e-01	 3.574691e-01	 4.301108e+04	 4.271140e+04	 2.996779e+02	 0	 1.234947e+02	 1.388326e-01	 2.505894e+02	 2.366526e+02	 3.582364e+02	 
 -1.437367e-01	 -1.631543e-03	 1.359611e+00	 -3.345563e-02	 1.464943e+05	 1.464723e+05	 2.195583e+01	 0	 2.829802e+02	 1.809213e-01	 1.015920e+03	 7.224807e+02	 1.329164e+03	 
 9.547129e-02	 5.499930e-02	 1.642958e-01	 4.862076e-01	 1.016514e+05	 1.007179e+05	 9.334802e+02	 1	 7.769648e+01	 1.990690e-01	 1.992619e-01	 1.243540e+04	 1.990285e-01	 
 4.061096e-02	 6.801700e-02	 2.574474e-01	 4.663908e-01	 1.010048e+05	 1.007179e+05	 2.868763e+02	 1	 7.827424e+01	 1.675634e-01	 1.677752e-01	 1.002469e+04	 1.675668e-01	 
 -1.437367e-01	 -1.631543e-03	 1.359611e+00	 -3.345563e-02	 1.464943e+05	 1.464723e+05	 2.195583e+01	 0	 2.829802e+02	 1.809213e-01	 1.015920e+03	 7.224807e+02	 1.329164e+03	 
 1.386884e-01	 3.570554e-04	 2.912955e-01	 4.008566e-01	 5.599520e+04	 5.599550e+04	 2.950802e-01	 1	 4.980243e+01	 1.688414e-01	 1.690420e-01	 3.737347e+03	 1.688107e-01	 
 1.387241e-01	 3.571755e-04	 2.911823e-01	 4.008939e-01	 5.599575e+04	 5.599550e+04	 2.456278e-01	 1	 4.922404e+01	 1.688798e-01	 1.690829e-01	 3.734611e+03	 1.688498e-01	 
 -1.437367e-01	 -1.631543e-03	 1.359611e+00	 -3.345563e-02	 1.464943e+05	 1.464723e+05	 2.195583e+01	 0	 2.829802e+02	 1.809213e-01	 1.015920e+03	 7.224807e+02	 1.329164e+03	 
 3.216488e-01	 -4.222812e-02	 4.907034e-01	 1.362811e-01	 5.195296e+04	 5.193780e+04	 1.516074e+01	 0	 3.557436e+01	 9.361072e-02	 9.383882e-02	 2.493860e+03	 9.359485e-02	 
 3.216488e-01	 -4.222812e-02	 4.907034e-01	 1.362811e-01	 5.195296e+04	 5.193780e+04	 1.516074e+01	 0	 3.557436e+01	 9.361072e-02	 9.383882e-02	 2.493860e+03	 9.359485e-02	 
 -1.437367e-01	 -1.631543e-03	 1.359611e+00	 -3.345563e-02	 1.464943e+05	 1.464723e+05	 2.195583e+01	 0	 2.829802e+02	 1.809213e-01	 1.015920e+03	 7.224807e+02	 1.329164e+03	 
 1.386884e-01	 3.570554e-04	 2.912955e-01	 4.008566e-01	 5.599520e+04	 5.599550e+04	 2.950802e-01	 1	 4.980243e+01	 1.688414e-01	 1.690420e-01	 3.737347e+03	 1.688107e-01	 
 1.387054e-01	 3.571127e-04	 2.912415e-01	 4.008744e-01	 5.599546e+04	 5.599550e+04	 3.707847e-02	 1	 4.951009e+01	 1.688598e-01	 1.690615e-01	 3.736683e+03	 1.688293e-01	 
 -1.437367e-01	 -1.631543e-03	 1.359611e+00	 -3.345563e-02	 1.464943e+05	 1.464723e+05	 2.195583e+01	 0	 2.829802e+02	 1.809213e-01	 1.015920e+03	 7.224807e+02	 1.329164e+03	 
 3.216488e-01	 -4.222812e-02	 4.907034e-01	 1.362811e-01	 5.195296e+04	 5.193780e+04	 1.516074e+01	 0	 3.557436e+01	 9.361072e-02	 9.383882e-02	 2.493860e+03	 9.359485e-02	 
 3.216488e-01	 -4.222812e-02	 4.907034e-01	 1.362811e-01	 5.195296e+04	 5.193780e+04	 1.516074e+01	 0	 3.557436e+01	 9.361072e-02	 9.383882e-02	 2.493860e+03	 9.359485e-02	 
 -1.437367e-01	 -1.631543e-03	 1.359611e+00	 -3.345563e-02	 1.464943e+05	 1.464723e+05	 2.195583e+01	 0	 2.829802e+02	 1.809213e-01	 1.015920e+03	 7.224807e+02	 1.329164e+03	 
 4.650590e-02	 -6.206377e-03	 6.084785e-01	 3.042756e-01	 4.743455e+04	 4.743950e+04	 4.954925e+00	 0	 2.328082e+01	 4.695251e-02	 4.718982e-02	 1.615392e+03	 4.694638e-02	 
 4.650590e-02	 -6.206377e-03	 6.084785e-01	 3.042756e-01	 4.743455e+04	 4.743950e+04	 4.954925e+00	 0	 2.328082e+01	 4.695251e-02	 4.718982e-02	 1.615392e+03	 4.694638e-02	 
 -1.437367e-01	 -1.631543e-03	 1.359611e+00	 -3.345563e-02	 1.464943e+05	 1.464723e+05	 2.195583e+01	 0	 2.829802e+02	 1.809213e-01	 1.015920e+03	 7.224807e+02	 1.329164e+03	 
 5.357011e-01	 -6.408578e-02	 1.856533e-01	 1.901345e-01	 1.053316e+05	 1.053683e+05	 3.666980e+01	 0	 2.045640e+02	 1.526723e-01	 1.528337e-01	 1.633777e+03	 1.491308e+02	 
 5.357011e-01	 -6.408578e-02	 1.856533e-01	 1.901345e-01	 1.053316e+05	 1.053683e+05	 3.666980e+01	 0	 2.045640e+02	 1.526723e-01	 1.528337e-01	 1.633777e+03	 1.491308e+02	 
 -1.437367e-01	 -1.631543e-03	 1.359611e+00	 -3.345563e-02	 1.464943e+05	 1.464723e+05	 2.195583e+01	 0	 2.829802e+02	 1.809213e-01	 1.015920e+03	 7.224807e+02	 1.329164e+03	 
 5.357011e-01	 -6.408578e-02	 1.856533e-01	 1.901345e-01	 1.053316e+05	 1.053683e+05	 3.666980e+01	 0	 2.045640e+02	 1.526723e-01	 1.528337e-01	 1.633777e+03	 1.491308e+02	 
 5.357011e-01	 -6.408578e-02	 1.856533e-01	 1.901345e-01	 1.053316e+05	 1.053683e+05	 3.666980e+01	 0	 2.045640e+02	 1.526723e-01	 1.528337e-01	 1.633777e+03	 1.491308e+02	 
 -1.437367e-01	 -1.631543e-03	 1.359611e+00	 -3.345563e-02	 1.464943e+05	 1.464723e+05	 2.195583e+01	 0	 2.829802e+02	 1.809213e-01	 1.015920e+03	 7.224807e+02	 1.329164e+03	 
 -1.437367e-01	 -1.631543e-03	 1.359611e+00	 -3.345563e-02	 1.464943e+05	 1.464723e+05	 2.195583e+01	 0	 2.829802e+02	 1.809213e-01	 1.015920e+03	 7.224807e+02	 1.329164e+03	 
 -1.437367e-01	 -1.631543e-03	 1.359611e+00	 -3.345563e-02	 1.464943e+05	 1.464723e+05	 2.195583e+01	 0	 2.829802e+02	 1.809213e-01	 1.015920e+03	 7.224807e+02	 1.329164e+03	 
 