Condicionamento
3.363662e+03	 1	 0	 
 9.863436e+03	 1	 0	 
 1.549955e+02	 1	 0	 
 4.572380e+03	 1	 0	 
 5.058459e+03	 1	 0	 
 3.674744e+03	 1	 0	 
 3.470010e+03	 1	 0	 
 4.518113e+03	 1	 0	 
 3.165679e+03	 1	 0	 
 5.185342e+02	 1	 0	 
 5.185342e+02	 1	 1	 
 3.674744e+03	 1	 2	 
 3.674744e+03	 1	 3	 
 5.185342e+02	 2	 1	 
 3.165679e+03	 2	 2	 
 3.165679e+03	 2	 3	 
 5.185342e+02	 3	 1	 
 3.165679e+03	 3	 2	 
 3.165679e+03	 3	 3	 
 5.185342e+02	 4	 1	 
 9.863436e+03	 4	 2	 
 9.863436e+03	 4	 3	 
 5.185342e+02	 5	 1	 
 5.058459e+03	 5	 2	 
 5.058459e+03	 5	 3	 
 5.185342e+02	 6	 1	 
 3.674744e+03	 6	 2	 
 3.674744e+03	 6	 3	 
 5.185342e+02	 7	 1	 
 5.185342e+02	 7	 2	 
 5.185342e+02	 7	 3	 
 5.185342e+02	 8	 1	 
 3.470010e+03	 8	 2	 
 3.470010e+03	 8	 3	 
 5.185342e+02	 9	 1	 
 3.470010e+03	 9	 2	 
 3.470010e+03	 9	 3	 
 5.185342e+02	 10	 1	 
 5.185342e+02	 10	 2	 
 5.185342e+02	 10	 3	 
 