Condicionamento
1.812692e+03	 
 3.579680e+03	 
 5.844350e+03	 
 6.191179e+04	 
 7.346507e+03	 
 3.022652e+03	 
 2.616112e+04	 
 8.192549e+03	 
 1.953109e+04	 
 3.869248e+03	 
 2.300466e+03	 
 1.678352e+03	 
 2.178954e+03	 
 2.101576e+03	 
 3.963701e+03	 
 4.030688e+03	 
 2.300464e+03	 
 8.192549e+03	 
 8.192549e+03	 
 2.669266e+03	 
 3.612103e+03	 
 3.622715e+03	 
 2.184458e+03	 
 3.022652e+03	 
 3.022652e+03	 
 2.622183e+03	 
 2.599455e+03	 
 1.655595e+03	 
 2.595287e+03	 
 2.381112e+03	 
 1.734324e+03	 
 2.101576e+03	 
 3.022652e+03	 
 3.022652e+03	 
 2.480854e+03	 
 6.191179e+04	 
 6.191179e+04	 
 2.663302e+03	 
 8.192549e+03	 
 8.192549e+03	 
 