2.443654e-01	 6.055414e-01	 7.357648e-04	 1.276325e-01	 4.349079e+00	 
 2.443654e-01	 6.055414e-01	 7.357648e-04	 1.276325e-01	 4.349079e+00	 
 2.443654e-01	 6.055414e-01	 7.357648e-04	 1.276325e-01	 4.349079e+00	 
 2.443654e-01	 6.055414e-01	 7.357648e-04	 1.276325e-01	 4.349079e+00	 
 2.443654e-01	 6.055414e-01	 7.357648e-04	 1.276325e-01	 4.349079e+00	 
 2.443654e-01	 6.055414e-01	 7.357648e-04	 1.276325e-01	 4.349079e+00	 
 2.071994e-01	 5.971930e-01	 5.321095e-05	 1.588128e-01	 3.928028e+00	 
 2.071994e-01	 5.971930e-01	 5.321095e-05	 1.588128e-01	 3.928028e+00	 
 2.071994e-01	 5.971930e-01	 5.321095e-05	 1.588128e-01	 3.928028e+00	 
 2.071994e-01	 5.971930e-01	 5.321095e-05	 1.588128e-01	 3.928028e+00	 
 2.071994e-01	 5.971930e-01	 5.321095e-05	 1.588128e-01	 3.928028e+00	 
 2.071994e-01	 5.971930e-01	 5.321095e-05	 1.588128e-01	 3.928028e+00	 
 1.662066e-02	 8.655465e-01	 1.785514e-04	 1.456523e-01	 4.542297e+00	 
 1.662066e-02	 8.655465e-01	 1.785514e-04	 1.456523e-01	 4.542297e+00	 
 1.662066e-02	 8.655465e-01	 1.785514e-04	 1.456523e-01	 4.542297e+00	 
 1.662066e-02	 8.655465e-01	 1.785514e-04	 1.456523e-01	 4.542297e+00	 
 1.662066e-02	 8.655465e-01	 1.785514e-04	 1.456523e-01	 4.542297e+00	 
 1.662066e-02	 8.655465e-01	 1.785514e-04	 1.456523e-01	 4.542297e+00	 
 5.886484e-01	 3.566867e-01	 2.766951e-03	 1.457404e-02	 5.158073e+00	 
 5.886484e-01	 3.566867e-01	 2.766951e-03	 1.457404e-02	 5.158073e+00	 
 5.886484e-01	 3.566867e-01	 2.766951e-03	 1.457404e-02	 5.158073e+00	 
 5.886484e-01	 3.566867e-01	 2.766951e-03	 1.457404e-02	 5.158073e+00	 
 5.886484e-01	 3.566867e-01	 2.766951e-03	 1.457404e-02	 5.158073e+00	 
 5.886484e-01	 3.566867e-01	 2.766951e-03	 1.457404e-02	 5.158073e+00	 
 1.466077e-01	 4.237371e-01	 3.275933e-02	 2.827089e-01	 7.918796e+00	 
 1.466077e-01	 4.237371e-01	 3.275933e-02	 2.827089e-01	 7.918796e+00	 
 1.466077e-01	 4.237371e-01	 3.275933e-02	 2.827089e-01	 7.918796e+00	 
 1.466077e-01	 4.237371e-01	 3.275933e-02	 2.827089e-01	 7.918796e+00	 
 1.466077e-01	 4.237371e-01	 3.275933e-02	 2.827089e-01	 7.918796e+00	 
 1.466077e-01	 4.237371e-01	 3.275933e-02	 2.827089e-01	 7.918796e+00	 
 1.720878e-01	 6.616171e-01	 2.611863e-02	 1.330281e-01	 8.303008e+00	 
 1.720878e-01	 6.616171e-01	 2.611863e-02	 1.330281e-01	 8.303008e+00	 
 1.720878e-01	 6.616171e-01	 2.611863e-02	 1.330281e-01	 8.303008e+00	 
 1.720878e-01	 6.616171e-01	 2.611863e-02	 1.330281e-01	 8.303008e+00	 
 1.720878e-01	 6.616171e-01	 2.611863e-02	 1.330281e-01	 8.303008e+00	 
 1.720878e-01	 6.616171e-01	 2.611863e-02	 1.330281e-01	 8.303008e+00	 
 1.958214e-01	 5.975610e-01	 1.008197e-03	 1.665233e-01	 5.254390e+00	 
 1.958214e-01	 5.975610e-01	 1.008197e-03	 1.665233e-01	 5.254390e+00	 
 1.958214e-01	 5.975610e-01	 1.008197e-03	 1.665233e-01	 5.254390e+00	 
 1.958214e-01	 5.975610e-01	 1.008197e-03	 1.665233e-01	 5.254390e+00	 
 1.958214e-01	 5.975610e-01	 1.008197e-03	 1.665233e-01	 5.254390e+00	 
 1.958214e-01	 5.975610e-01	 1.008197e-03	 1.665233e-01	 5.254390e+00	 
 1.984813e-01	 5.963163e-01	 7.001710e-04	 1.655624e-01	 5.196322e+00	 
 1.984813e-01	 5.963163e-01	 7.001710e-04	 1.655624e-01	 5.196322e+00	 
 1.984813e-01	 5.963163e-01	 7.001710e-04	 1.655624e-01	 5.196322e+00	 
 1.984813e-01	 5.963163e-01	 7.001710e-04	 1.655624e-01	 5.196322e+00	 
 1.984813e-01	 5.963163e-01	 7.001710e-04	 1.655624e-01	 5.196322e+00	 
 1.984813e-01	 5.963163e-01	 7.001710e-04	 1.655624e-01	 5.196322e+00	 
 1.853984e-01	 6.134667e-01	 1.172971e-03	 1.662176e-01	 5.261136e+00	 
 1.853984e-01	 6.134667e-01	 1.172971e-03	 1.662176e-01	 5.261136e+00	 
 1.853984e-01	 6.134667e-01	 1.172971e-03	 1.662176e-01	 5.261136e+00	 
 1.853984e-01	 6.134667e-01	 1.172971e-03	 1.662176e-01	 5.261136e+00	 
 1.853984e-01	 6.134667e-01	 1.172971e-03	 1.662176e-01	 5.261136e+00	 
 1.853984e-01	 6.134667e-01	 1.172971e-03	 1.662176e-01	 5.261136e+00	 
 1.854220e-01	 6.134033e-01	 1.172253e-03	 1.662361e-01	 5.260316e+00	 
 1.854220e-01	 6.134033e-01	 1.172253e-03	 1.662361e-01	 5.260316e+00	 
 1.854220e-01	 6.134033e-01	 1.172253e-03	 1.662361e-01	 5.260316e+00	 
 1.854220e-01	 6.134033e-01	 1.172253e-03	 1.662361e-01	 5.260316e+00	 
 1.854220e-01	 6.134033e-01	 1.172253e-03	 1.662361e-01	 5.260316e+00	 
 1.854220e-01	 6.134033e-01	 1.172253e-03	 1.662361e-01	 5.260316e+00	 
 1.984813e-01	 5.963163e-01	 7.001710e-04	 1.655624e-01	 5.196322e+00	 
 1.984813e-01	 5.963163e-01	 7.001710e-04	 1.655624e-01	 5.196322e+00	 
 1.984813e-01	 5.963163e-01	 7.001710e-04	 1.655624e-01	 5.196322e+00	 
 1.984813e-01	 5.963163e-01	 7.001710e-04	 1.655624e-01	 5.196322e+00	 
 1.984813e-01	 5.963163e-01	 7.001710e-04	 1.655624e-01	 5.196322e+00	 
 1.984813e-01	 5.963163e-01	 7.001710e-04	 1.655624e-01	 5.196322e+00	 
 1.984813e-01	 5.963163e-01	 7.001710e-04	 1.655624e-01	 5.196322e+00	 
 1.984813e-01	 5.963163e-01	 7.001710e-04	 1.655624e-01	 5.196322e+00	 
 1.984813e-01	 5.963163e-01	 7.001710e-04	 1.655624e-01	 5.196322e+00	 
 1.984813e-01	 5.963163e-01	 7.001710e-04	 1.655624e-01	 5.196322e+00	 
 1.984813e-01	 5.963163e-01	 7.001710e-04	 1.655624e-01	 5.196322e+00	 
 1.984813e-01	 5.963163e-01	 7.001710e-04	 1.655624e-01	 5.196322e+00	 
 1.984813e-01	 5.963163e-01	 7.001710e-04	 1.655624e-01	 5.196322e+00	 
 1.984813e-01	 5.963163e-01	 7.001710e-04	 1.655624e-01	 5.196322e+00	 
 1.984813e-01	 5.963163e-01	 7.001710e-04	 1.655624e-01	 5.196322e+00	 
 1.984813e-01	 5.963163e-01	 7.001710e-04	 1.655624e-01	 5.196322e+00	 
 1.984813e-01	 5.963163e-01	 7.001710e-04	 1.655624e-01	 5.196322e+00	 
 1.984813e-01	 5.963163e-01	 7.001710e-04	 1.655624e-01	 5.196322e+00	 
 1.731471e-01	 6.579647e-01	 2.274940e-02	 1.357634e-01	 8.289808e+00	 
 1.731471e-01	 6.579647e-01	 2.274940e-02	 1.357634e-01	 8.289808e+00	 
 1.731471e-01	 6.579647e-01	 2.274940e-02	 1.357634e-01	 8.289808e+00	 
 1.731471e-01	 6.579647e-01	 2.274940e-02	 1.357634e-01	 8.289808e+00	 
 1.731471e-01	 6.579647e-01	 2.274940e-02	 1.357634e-01	 8.289808e+00	 
 1.731471e-01	 6.579647e-01	 2.274940e-02	 1.357634e-01	 8.289808e+00	 
 1.702264e-01	 6.531348e-01	 2.325748e-02	 1.410963e-01	 8.279254e+00	 
 1.702264e-01	 6.531348e-01	 2.325748e-02	 1.410963e-01	 8.279254e+00	 
 1.702264e-01	 6.531348e-01	 2.325748e-02	 1.410963e-01	 8.279254e+00	 
 1.702264e-01	 6.531348e-01	 2.325748e-02	 1.410963e-01	 8.279254e+00	 
 1.702264e-01	 6.531348e-01	 2.325748e-02	 1.410963e-01	 8.279254e+00	 
 1.702264e-01	 6.531348e-01	 2.325748e-02	 1.410963e-01	 8.279254e+00	 
 1.984813e-01	 5.963163e-01	 7.001710e-04	 1.655624e-01	 5.196322e+00	 
 1.984813e-01	 5.963163e-01	 7.001710e-04	 1.655624e-01	 5.196322e+00	 
 1.984813e-01	 5.963163e-01	 7.001710e-04	 1.655624e-01	 5.196322e+00	 
 1.984813e-01	 5.963163e-01	 7.001710e-04	 1.655624e-01	 5.196322e+00	 
 1.984813e-01	 5.963163e-01	 7.001710e-04	 1.655624e-01	 5.196322e+00	 
 1.984813e-01	 5.963163e-01	 7.001710e-04	 1.655624e-01	 5.196322e+00	 
 1.868606e-01	 6.117867e-01	 1.095187e-03	 1.660583e-01	 5.237139e+00	 
 1.868606e-01	 6.117867e-01	 1.095187e-03	 1.660583e-01	 5.237139e+00	 
 1.868606e-01	 6.117867e-01	 1.095187e-03	 1.660583e-01	 5.237139e+00	 
 1.868606e-01	 6.117867e-01	 1.095187e-03	 1.660583e-01	 5.237139e+00	 
 1.868606e-01	 6.117867e-01	 1.095187e-03	 1.660583e-01	 5.237139e+00	 
 1.868606e-01	 6.117867e-01	 1.095187e-03	 1.660583e-01	 5.237139e+00	 
 1.868190e-01	 6.117913e-01	 1.077427e-03	 1.660911e-01	 5.239711e+00	 
 1.868190e-01	 6.117913e-01	 1.077427e-03	 1.660911e-01	 5.239711e+00	 
 1.868190e-01	 6.117913e-01	 1.077427e-03	 1.660911e-01	 5.239711e+00	 
 1.868190e-01	 6.117913e-01	 1.077427e-03	 1.660911e-01	 5.239711e+00	 
 1.868190e-01	 6.117913e-01	 1.077427e-03	 1.660911e-01	 5.239711e+00	 
 1.868190e-01	 6.117913e-01	 1.077427e-03	 1.660911e-01	 5.239711e+00	 
 1.984813e-01	 5.963163e-01	 7.001710e-04	 1.655624e-01	 5.196322e+00	 
 1.984813e-01	 5.963163e-01	 7.001710e-04	 1.655624e-01	 5.196322e+00	 
 1.984813e-01	 5.963163e-01	 7.001710e-04	 1.655624e-01	 5.196322e+00	 
 1.984813e-01	 5.963163e-01	 7.001710e-04	 1.655624e-01	 5.196322e+00	 
 1.984813e-01	 5.963163e-01	 7.001710e-04	 1.655624e-01	 5.196322e+00	 
 1.984813e-01	 5.963163e-01	 7.001710e-04	 1.655624e-01	 5.196322e+00	 
 1.984813e-01	 5.963163e-01	 7.001710e-04	 1.655624e-01	 5.196322e+00	 
 1.984813e-01	 5.963163e-01	 7.001710e-04	 1.655624e-01	 5.196322e+00	 
 1.984813e-01	 5.963163e-01	 7.001710e-04	 1.655624e-01	 5.196322e+00	 
 1.984813e-01	 5.963163e-01	 7.001710e-04	 1.655624e-01	 5.196322e+00	 
 1.984813e-01	 5.963163e-01	 7.001710e-04	 1.655624e-01	 5.196322e+00	 
 1.984813e-01	 5.963163e-01	 7.001710e-04	 1.655624e-01	 5.196322e+00	 
 3.402891e-01	 4.493772e-01	 2.081240e-02	 1.332794e-01	 7.786508e+00	 
 3.402891e-01	 4.493772e-01	 2.081240e-02	 1.332794e-01	 7.786508e+00	 
 3.402891e-01	 4.493772e-01	 2.081240e-02	 1.332794e-01	 7.786508e+00	 
 3.402891e-01	 4.493772e-01	 2.081240e-02	 1.332794e-01	 7.786508e+00	 
 3.402891e-01	 4.493772e-01	 2.081240e-02	 1.332794e-01	 7.786508e+00	 
 3.402891e-01	 4.493772e-01	 2.081240e-02	 1.332794e-01	 7.786508e+00	 
 4.209903e-01	 4.840578e-01	 5.957576e-02	 2.714030e-02	 7.666086e+00	 
 4.209903e-01	 4.840578e-01	 5.957576e-02	 2.714030e-02	 7.666086e+00	 
 4.209903e-01	 4.840578e-01	 5.957576e-02	 2.714030e-02	 7.666086e+00	 
 4.209903e-01	 4.840578e-01	 5.957576e-02	 2.714030e-02	 7.666086e+00	 
 4.209903e-01	 4.840578e-01	 5.957576e-02	 2.714030e-02	 7.666086e+00	 
 4.209903e-01	 4.840578e-01	 5.957576e-02	 2.714030e-02	 7.666086e+00	 
 1.984813e-01	 5.963163e-01	 7.001710e-04	 1.655624e-01	 5.196322e+00	 
 1.984813e-01	 5.963163e-01	 7.001710e-04	 1.655624e-01	 5.196322e+00	 
 1.984813e-01	 5.963163e-01	 7.001710e-04	 1.655624e-01	 5.196322e+00	 
 1.984813e-01	 5.963163e-01	 7.001710e-04	 1.655624e-01	 5.196322e+00	 
 1.984813e-01	 5.963163e-01	 7.001710e-04	 1.655624e-01	 5.196322e+00	 
 1.984813e-01	 5.963163e-01	 7.001710e-04	 1.655624e-01	 5.196322e+00	 
 1.984813e-01	 5.963163e-01	 7.001710e-04	 1.655624e-01	 5.196322e+00	 
 1.984813e-01	 5.963163e-01	 7.001710e-04	 1.655624e-01	 5.196322e+00	 
 1.984813e-01	 5.963163e-01	 7.001710e-04	 1.655624e-01	 5.196322e+00	 
 1.984813e-01	 5.963163e-01	 7.001710e-04	 1.655624e-01	 5.196322e+00	 
 1.984813e-01	 5.963163e-01	 7.001710e-04	 1.655624e-01	 5.196322e+00	 
 1.984813e-01	 5.963163e-01	 7.001710e-04	 1.655624e-01	 5.196322e+00	 
 1.984813e-01	 5.963163e-01	 7.001710e-04	 1.655624e-01	 5.196322e+00	 
 1.984813e-01	 5.963163e-01	 7.001710e-04	 1.655624e-01	 5.196322e+00	 
 1.984813e-01	 5.963163e-01	 7.001710e-04	 1.655624e-01	 5.196322e+00	 
 1.984813e-01	 5.963163e-01	 7.001710e-04	 1.655624e-01	 5.196322e+00	 
 1.984813e-01	 5.963163e-01	 7.001710e-04	 1.655624e-01	 5.196322e+00	 
 1.984813e-01	 5.963163e-01	 7.001710e-04	 1.655624e-01	 5.196322e+00	 
 1.654815e-02	 8.655757e-01	 1.782443e-04	 1.456947e-01	 4.536354e+00	 
 1.654815e-02	 8.655757e-01	 1.782443e-04	 1.456947e-01	 4.536354e+00	 
 1.654815e-02	 8.655757e-01	 1.782443e-04	 1.456947e-01	 4.536354e+00	 
 1.654815e-02	 8.655757e-01	 1.782443e-04	 1.456947e-01	 4.536354e+00	 
 1.654815e-02	 8.655757e-01	 1.782443e-04	 1.456947e-01	 4.536354e+00	 
 1.654815e-02	 8.655757e-01	 1.782443e-04	 1.456947e-01	 4.536354e+00	 
 1.654863e-02	 8.655754e-01	 1.782452e-04	 1.456945e-01	 4.536379e+00	 
 1.654863e-02	 8.655754e-01	 1.782452e-04	 1.456945e-01	 4.536379e+00	 
 1.654863e-02	 8.655754e-01	 1.782452e-04	 1.456945e-01	 4.536379e+00	 
 1.654863e-02	 8.655754e-01	 1.782452e-04	 1.456945e-01	 4.536379e+00	 
 1.654863e-02	 8.655754e-01	 1.782452e-04	 1.456945e-01	 4.536379e+00	 
 1.654863e-02	 8.655754e-01	 1.782452e-04	 1.456945e-01	 4.536379e+00	 
 