2.121408e-01	 6.158764e-01	 4.591027e-03	 1.416909e-01	 2.594548e-02	 6.069168e+00	 
 2.399183e-01	 6.069677e-01	 1.267810e-03	 1.295726e-01	 2.251889e-02	 4.822863e+00	 
 2.427354e-01	 6.060642e-01	 9.307780e-04	 1.283436e-01	 2.217138e-02	 4.545936e+00	 
 2.436485e-01	 6.057713e-01	 8.215294e-04	 1.279453e-01	 2.205873e-02	 4.439571e+00	 
 2.440294e-01	 6.056492e-01	 7.759688e-04	 1.277791e-01	 2.201175e-02	 4.392305e+00	 
 2.442044e-01	 6.055930e-01	 7.550227e-04	 1.277027e-01	 2.199015e-02	 4.369965e+00	 
 2.442885e-01	 6.055661e-01	 7.449633e-04	 1.276661e-01	 2.197978e-02	 4.359097e+00	 
 2.443297e-01	 6.055529e-01	 7.400312e-04	 1.276481e-01	 2.197470e-02	 4.353734e+00	 
 2.443502e-01	 6.055463e-01	 7.375884e-04	 1.276392e-01	 2.197218e-02	 4.351070e+00	 
 2.443603e-01	 6.055430e-01	 7.363724e-04	 1.276347e-01	 2.197092e-02	 4.349742e+00	 
 2.443654e-01	 6.055414e-01	 7.357657e-04	 1.276325e-01	 2.197030e-02	 4.349079e+00	 
 2.447161e-01	 6.055311e-01	 7.320040e-04	 1.273867e-01	 2.187943e-02	 4.284726e+00	 
 2.446764e-01	 6.056484e-01	 7.299375e-04	 1.273527e-01	 2.183797e-02	 4.284555e+00	 
 2.446764e-01	 6.056484e-01	 7.299365e-04	 1.273527e-01	 2.183797e-02	 4.284554e+00	 
 2.446764e-01	 6.056484e-01	 7.299355e-04	 1.273527e-01	 2.183797e-02	 4.284553e+00	 
 2.446388e-01	 6.057592e-01	 7.279841e-04	 1.273206e-01	 2.179880e-02	 4.284658e+00	 
 1.720861e-01	 6.616190e-01	 2.611897e-02	 1.330280e-01	 7.535678e-03	 8.303008e+00	 
 1.747563e-01	 6.653169e-01	 2.558841e-02	 1.286500e-01	 6.063184e-03	 8.310879e+00	 
 1.566184e-01	 6.737754e-01	 2.865166e-02	 1.368625e-01	 4.371918e-03	 8.393789e+00	 
 1.608029e-01	 6.714070e-01	 2.870167e-02	 1.350970e-01	 4.267275e-03	 8.371578e+00	 
 1.606960e-01	 6.740678e-01	 1.403289e-02	 1.496320e-01	 1.744055e-03	 5.857613e+00	 
 2.006024e-01	 6.538992e-01	 2.695231e-02	 1.152533e-01	 3.557525e-03	 8.177160e+00	 
 2.349701e-01	 6.387168e-01	 2.876578e-02	 9.743998e-02	 3.436798e-04	 8.005113e+00	 
 1.699553e-01	 6.534225e-01	 2.330629e-02	 1.411041e-01	 2.787283e-04	 8.368274e+00	 
 