-2.735849e-01	 1.042573e+00	 1.794898e-04	 2.229245e-01	 2.540348e+01	 2.543054e+01	 2.705456e-02	 0	 2.837560e+02	 1.006573e-02	 8.971231e-03	 7.451271e-01	 1.350272e+00	 
 -2.735849e-01	 1.042573e+00	 1.794898e-04	 2.229245e-01	 2.540348e+01	 2.543054e+01	 2.705456e-02	 0	 2.837560e+02	 1.006573e-02	 8.971231e-03	 7.451271e-01	 1.350272e+00	 
 -2.735849e-01	 1.042573e+00	 1.794898e-04	 2.229245e-01	 2.540348e+01	 2.543054e+01	 2.705456e-02	 0	 2.837560e+02	 1.006573e-02	 8.971231e-03	 7.451271e-01	 1.350272e+00	 
 -2.735849e-01	 1.042573e+00	 1.794898e-04	 2.229245e-01	 2.540348e+01	 2.543054e+01	 2.705456e-02	 0	 2.837560e+02	 1.006573e-02	 8.971231e-03	 7.451271e-01	 1.350272e+00	 
 -2.735849e-01	 1.042573e+00	 1.794898e-04	 2.229245e-01	 2.540348e+01	 2.543054e+01	 2.705456e-02	 0	 2.837560e+02	 1.006573e-02	 8.971231e-03	 7.451271e-01	 1.350272e+00	 
 -2.735849e-01	 1.042573e+00	 1.794898e-04	 2.229245e-01	 2.540348e+01	 2.543054e+01	 2.705456e-02	 0	 2.837560e+02	 1.006573e-02	 8.971231e-03	 7.451271e-01	 1.350272e+00	 
 1.707698e-01	 7.508811e-01	 4.455979e-03	 9.727004e-02	 1.990387e+01	 1.996290e+01	 5.902516e-02	 1	 9.772944e+01	 3.321292e-02	 1.153140e-01	 4.082703e-01	 2.548318e-02	 
 1.707698e-01	 7.508811e-01	 4.455979e-03	 9.727004e-02	 1.990387e+01	 1.996290e+01	 5.902516e-02	 1	 9.772944e+01	 3.321292e-02	 1.153140e-01	 4.082703e-01	 2.548318e-02	 
 1.707698e-01	 7.508811e-01	 4.455979e-03	 9.727004e-02	 1.990387e+01	 1.996290e+01	 5.902516e-02	 1	 9.772944e+01	 3.321292e-02	 1.153140e-01	 4.082703e-01	 2.548318e-02	 
 1.707698e-01	 7.508811e-01	 4.455979e-03	 9.727004e-02	 1.990387e+01	 1.996290e+01	 5.902516e-02	 1	 9.772944e+01	 3.321292e-02	 1.153140e-01	 4.082703e-01	 2.548318e-02	 
 1.707698e-01	 7.508811e-01	 4.455979e-03	 9.727004e-02	 1.990387e+01	 1.996290e+01	 5.902516e-02	 1	 9.772944e+01	 3.321292e-02	 1.153140e-01	 4.082703e-01	 2.548318e-02	 
 1.707698e-01	 7.508811e-01	 4.455979e-03	 9.727004e-02	 1.990387e+01	 1.996290e+01	 5.902516e-02	 1	 9.772944e+01	 3.321292e-02	 1.153140e-01	 4.082703e-01	 2.548318e-02	 
 1.882997e-01	 6.881324e-01	 6.892991e-04	 1.317923e-01	 2.185872e+01	 2.192303e+01	 6.430985e-02	 1	 3.115202e+03	 8.550776e-02	 8.310102e-02	 1.053706e-01	 1.250030e-01	 
 1.882997e-01	 6.881324e-01	 6.892991e-04	 1.317923e-01	 2.185872e+01	 2.192303e+01	 6.430985e-02	 1	 3.115202e+03	 8.550776e-02	 8.310102e-02	 1.053706e-01	 1.250030e-01	 
 1.882997e-01	 6.881324e-01	 6.892991e-04	 1.317923e-01	 2.185872e+01	 2.192303e+01	 6.430985e-02	 1	 3.115202e+03	 8.550776e-02	 8.310102e-02	 1.053706e-01	 1.250030e-01	 
 1.882997e-01	 6.881324e-01	 6.892991e-04	 1.317923e-01	 2.185872e+01	 2.192303e+01	 6.430985e-02	 1	 3.115202e+03	 8.550776e-02	 8.310102e-02	 1.053706e-01	 1.250030e-01	 
 1.882997e-01	 6.881324e-01	 6.892991e-04	 1.317923e-01	 2.185872e+01	 2.192303e+01	 6.430985e-02	 1	 3.115202e+03	 8.550776e-02	 8.310102e-02	 1.053706e-01	 1.250030e-01	 
 1.882997e-01	 6.881324e-01	 6.892991e-04	 1.317923e-01	 2.185872e+01	 2.192303e+01	 6.430985e-02	 1	 3.115202e+03	 8.550776e-02	 8.310102e-02	 1.053706e-01	 1.250030e-01	 
 3.541223e-01	 6.458844e-01	 1.918413e-03	 2.630210e-02	 1.577985e+01	 1.581973e+01	 3.987972e-02	 1	 9.829368e+02	 3.833116e-02	 2.942085e-01	 5.879410e-01	 4.900168e-02	 
 3.541223e-01	 6.458844e-01	 1.918413e-03	 2.630210e-02	 1.577985e+01	 1.581973e+01	 3.987972e-02	 1	 9.829368e+02	 3.833116e-02	 2.942085e-01	 5.879410e-01	 4.900168e-02	 
 3.541223e-01	 6.458844e-01	 1.918413e-03	 2.630210e-02	 1.577985e+01	 1.581973e+01	 3.987972e-02	 1	 9.829368e+02	 3.833116e-02	 2.942085e-01	 5.879410e-01	 4.900168e-02	 
 3.541223e-01	 6.458844e-01	 1.918413e-03	 2.630210e-02	 1.577985e+01	 1.581973e+01	 3.987972e-02	 1	 9.829368e+02	 3.833116e-02	 2.942085e-01	 5.879410e-01	 4.900168e-02	 
 3.541223e-01	 6.458844e-01	 1.918413e-03	 2.630210e-02	 1.577985e+01	 1.581973e+01	 3.987972e-02	 1	 9.829368e+02	 3.833116e-02	 2.942085e-01	 5.879410e-01	 4.900168e-02	 
 3.541223e-01	 6.458844e-01	 1.918413e-03	 2.630210e-02	 1.577985e+01	 1.581973e+01	 3.987972e-02	 1	 9.829368e+02	 3.833116e-02	 2.942085e-01	 5.879410e-01	 4.900168e-02	 
 9.523090e-01	 5.996002e-01	 1.159055e-03	 -5.325630e-01	 7.722045e+00	 7.820538e+00	 9.849353e-02	 0	 2.954155e+03	 5.201912e-02	 2.017918e-01	 7.362201e-01	 4.570785e-02	 
 9.523090e-01	 5.996002e-01	 1.159055e-03	 -5.325630e-01	 7.722045e+00	 7.820538e+00	 9.849353e-02	 0	 2.954155e+03	 5.201912e-02	 2.017918e-01	 7.362201e-01	 4.570785e-02	 
 9.523090e-01	 5.996002e-01	 1.159055e-03	 -5.325630e-01	 7.722045e+00	 7.820538e+00	 9.849353e-02	 0	 2.954155e+03	 5.201912e-02	 2.017918e-01	 7.362201e-01	 4.570785e-02	 
 9.523090e-01	 5.996002e-01	 1.159055e-03	 -5.325630e-01	 7.722045e+00	 7.820538e+00	 9.849353e-02	 0	 2.954155e+03	 5.201912e-02	 2.017918e-01	 7.362201e-01	 4.570785e-02	 
 9.523090e-01	 5.996002e-01	 1.159055e-03	 -5.325630e-01	 7.722045e+00	 7.820538e+00	 9.849353e-02	 0	 2.954155e+03	 5.201912e-02	 2.017918e-01	 7.362201e-01	 4.570785e-02	 
 9.523090e-01	 5.996002e-01	 1.159055e-03	 -5.325630e-01	 7.722045e+00	 7.820538e+00	 9.849353e-02	 0	 2.954155e+03	 5.201912e-02	 2.017918e-01	 7.362201e-01	 4.570785e-02	 
 1.880616e-01	 7.027370e-01	 1.434341e-05	 1.441933e-01	 1.336590e+01	 1.336687e+01	 9.653371e-04	 1	 1.813992e+02	 4.214005e-02	 3.592320e-01	 6.514697e-01	 1.726796e-01	 
 1.880616e-01	 7.027370e-01	 1.434341e-05	 1.441933e-01	 1.336590e+01	 1.336687e+01	 9.653371e-04	 1	 1.813992e+02	 4.214005e-02	 3.592320e-01	 6.514697e-01	 1.726796e-01	 
 1.880616e-01	 7.027370e-01	 1.434341e-05	 1.441933e-01	 1.336590e+01	 1.336687e+01	 9.653371e-04	 1	 1.813992e+02	 4.214005e-02	 3.592320e-01	 6.514697e-01	 1.726796e-01	 
 1.880616e-01	 7.027370e-01	 1.434341e-05	 1.441933e-01	 1.336590e+01	 1.336687e+01	 9.653371e-04	 1	 1.813992e+02	 4.214005e-02	 3.592320e-01	 6.514697e-01	 1.726796e-01	 
 1.880616e-01	 7.027370e-01	 1.434341e-05	 1.441933e-01	 1.336590e+01	 1.336687e+01	 9.653371e-04	 1	 1.813992e+02	 4.214005e-02	 3.592320e-01	 6.514697e-01	 1.726796e-01	 
 1.880616e-01	 7.027370e-01	 1.434341e-05	 1.441933e-01	 1.336590e+01	 1.336687e+01	 9.653371e-04	 1	 1.813992e+02	 4.214005e-02	 3.592320e-01	 6.514697e-01	 1.726796e-01	 
 1.371644e-01	 7.348850e-01	 9.724826e-10	 1.279566e-01	 1.575326e+01	 1.575340e+01	 1.338589e-04	 1	 1.854520e+04	 1.418451e-04	 3.803560e-04	 2.182976e-01	 5.906197e-02	 
 1.371644e-01	 7.348850e-01	 9.724826e-10	 1.279566e-01	 1.575326e+01	 1.575340e+01	 1.338589e-04	 1	 1.854520e+04	 1.418451e-04	 3.803560e-04	 2.182976e-01	 5.906197e-02	 
 1.371644e-01	 7.348850e-01	 9.724826e-10	 1.279566e-01	 1.575326e+01	 1.575340e+01	 1.338589e-04	 1	 1.854520e+04	 1.418451e-04	 3.803560e-04	 2.182976e-01	 5.906197e-02	 
 1.371644e-01	 7.348850e-01	 9.724826e-10	 1.279566e-01	 1.575326e+01	 1.575340e+01	 1.338589e-04	 1	 1.854520e+04	 1.418451e-04	 3.803560e-04	 2.182976e-01	 5.906197e-02	 
 1.371644e-01	 7.348850e-01	 9.724826e-10	 1.279566e-01	 1.575326e+01	 1.575340e+01	 1.338589e-04	 1	 1.854520e+04	 1.418451e-04	 3.803560e-04	 2.182976e-01	 5.906197e-02	 
 1.371644e-01	 7.348850e-01	 9.724826e-10	 1.279566e-01	 1.575326e+01	 1.575340e+01	 1.338589e-04	 1	 1.854520e+04	 1.418451e-04	 3.803560e-04	 2.182976e-01	 5.906197e-02	 
 -1.335526e+00	 1.315938e+00	 6.421513e-04	 8.878789e-01	 1.719414e+01	 1.719513e+01	 9.866734e-04	 0	 5.423072e+02	 2.856136e-01	 2.508512e-01	 7.237116e-01	 6.822965e-01	 
 -1.335526e+00	 1.315938e+00	 6.421513e-04	 8.878789e-01	 1.719414e+01	 1.719513e+01	 9.866734e-04	 0	 5.423072e+02	 2.856136e-01	 2.508512e-01	 7.237116e-01	 6.822965e-01	 
 -1.335526e+00	 1.315938e+00	 6.421513e-04	 8.878789e-01	 1.719414e+01	 1.719513e+01	 9.866734e-04	 0	 5.423072e+02	 2.856136e-01	 2.508512e-01	 7.237116e-01	 6.822965e-01	 
 -1.335526e+00	 1.315938e+00	 6.421513e-04	 8.878789e-01	 1.719414e+01	 1.719513e+01	 9.866734e-04	 0	 5.423072e+02	 2.856136e-01	 2.508512e-01	 7.237116e-01	 6.822965e-01	 
 -1.335526e+00	 1.315938e+00	 6.421513e-04	 8.878789e-01	 1.719414e+01	 1.719513e+01	 9.866734e-04	 0	 5.423072e+02	 2.856136e-01	 2.508512e-01	 7.237116e-01	 6.822965e-01	 
 -1.335526e+00	 1.315938e+00	 6.421513e-04	 8.878789e-01	 1.719414e+01	 1.719513e+01	 9.866734e-04	 0	 5.423072e+02	 2.856136e-01	 2.508512e-01	 7.237116e-01	 6.822965e-01	 
 1.291464e-01	 6.137536e-01	 -1.375439e-04	 2.640311e-01	 2.549254e+01	 2.548197e+01	 1.056861e-02	 0	 1.340394e+03	 1.322077e-02	 3.434316e-02	 1.247704e-01	 2.496294e-01	 
 1.291464e-01	 6.137536e-01	 -1.375439e-04	 2.640311e-01	 2.549254e+01	 2.548197e+01	 1.056861e-02	 0	 1.340394e+03	 1.322077e-02	 3.434316e-02	 1.247704e-01	 2.496294e-01	 
 1.291464e-01	 6.137536e-01	 -1.375439e-04	 2.640311e-01	 2.549254e+01	 2.548197e+01	 1.056861e-02	 0	 1.340394e+03	 1.322077e-02	 3.434316e-02	 1.247704e-01	 2.496294e-01	 
 1.291464e-01	 6.137536e-01	 -1.375439e-04	 2.640311e-01	 2.549254e+01	 2.548197e+01	 1.056861e-02	 0	 1.340394e+03	 1.322077e-02	 3.434316e-02	 1.247704e-01	 2.496294e-01	 
 1.291464e-01	 6.137536e-01	 -1.375439e-04	 2.640311e-01	 2.549254e+01	 2.548197e+01	 1.056861e-02	 0	 1.340394e+03	 1.322077e-02	 3.434316e-02	 1.247704e-01	 2.496294e-01	 
 1.291464e-01	 6.137536e-01	 -1.375439e-04	 2.640311e-01	 2.549254e+01	 2.548197e+01	 1.056861e-02	 0	 1.340394e+03	 1.322077e-02	 3.434316e-02	 1.247704e-01	 2.496294e-01	 
 1.857170e-01	 6.184998e-01	 4.137940e-03	 1.926858e-01	 4.728755e+01	 4.727796e+01	 9.589409e-03	 1	 6.350994e+03	 1.428761e-02	 1.365430e-02	 2.724240e-02	 4.283445e-02	 
 1.857170e-01	 6.184998e-01	 4.137940e-03	 1.926858e-01	 4.728755e+01	 4.727796e+01	 9.589409e-03	 1	 6.350994e+03	 1.428761e-02	 1.365430e-02	 2.724240e-02	 4.283445e-02	 
 1.857170e-01	 6.184998e-01	 4.137940e-03	 1.926858e-01	 4.728755e+01	 4.727796e+01	 9.589409e-03	 1	 6.350994e+03	 1.428761e-02	 1.365430e-02	 2.724240e-02	 4.283445e-02	 
 1.857170e-01	 6.184998e-01	 4.137940e-03	 1.926858e-01	 4.728755e+01	 4.727796e+01	 9.589409e-03	 1	 6.350994e+03	 1.428761e-02	 1.365430e-02	 2.724240e-02	 4.283445e-02	 
 1.857170e-01	 6.184998e-01	 4.137940e-03	 1.926858e-01	 4.728755e+01	 4.727796e+01	 9.589409e-03	 1	 6.350994e+03	 1.428761e-02	 1.365430e-02	 2.724240e-02	 4.283445e-02	 
 1.857170e-01	 6.184998e-01	 4.137940e-03	 1.926858e-01	 4.728755e+01	 4.727796e+01	 9.589409e-03	 1	 6.350994e+03	 1.428761e-02	 1.365430e-02	 2.724240e-02	 4.283445e-02	 
 2.210583e-01	 5.030224e-01	 2.597366e-03	 2.643005e-01	 4.727787e+01	 4.727796e+01	 9.316229e-05	 1	 1.257472e+03	 3.321580e-02	 3.190606e-02	 5.393838e-02	 3.318875e-02	 
 2.210583e-01	 5.030224e-01	 2.597366e-03	 2.643005e-01	 4.727787e+01	 4.727796e+01	 9.316229e-05	 1	 1.257472e+03	 3.321580e-02	 3.190606e-02	 5.393838e-02	 3.318875e-02	 
 2.210583e-01	 5.030224e-01	 2.597366e-03	 2.643005e-01	 4.727787e+01	 4.727796e+01	 9.316229e-05	 1	 1.257472e+03	 3.321580e-02	 3.190606e-02	 5.393838e-02	 3.318875e-02	 
 2.210583e-01	 5.030224e-01	 2.597366e-03	 2.643005e-01	 4.727787e+01	 4.727796e+01	 9.316229e-05	 1	 1.257472e+03	 3.321580e-02	 3.190606e-02	 5.393838e-02	 3.318875e-02	 
 2.210583e-01	 5.030224e-01	 2.597366e-03	 2.643005e-01	 4.727787e+01	 4.727796e+01	 9.316229e-05	 1	 1.257472e+03	 3.321580e-02	 3.190606e-02	 5.393838e-02	 3.318875e-02	 
 2.210583e-01	 5.030224e-01	 2.597366e-03	 2.643005e-01	 4.727787e+01	 4.727796e+01	 9.316229e-05	 1	 1.257472e+03	 3.321580e-02	 3.190606e-02	 5.393838e-02	 3.318875e-02	 
 2.127353e-01	 6.817903e-01	 1.257132e-03	 1.163947e-01	 2.185973e+01	 2.192303e+01	 6.329969e-02	 1	 3.093974e+02	 2.812834e-02	 3.285164e-02	 5.808443e-02	 4.669408e-02	 
 2.127353e-01	 6.817903e-01	 1.257132e-03	 1.163947e-01	 2.185973e+01	 2.192303e+01	 6.329969e-02	 1	 3.093974e+02	 2.812834e-02	 3.285164e-02	 5.808443e-02	 4.669408e-02	 
 2.127353e-01	 6.817903e-01	 1.257132e-03	 1.163947e-01	 2.185973e+01	 2.192303e+01	 6.329969e-02	 1	 3.093974e+02	 2.812834e-02	 3.285164e-02	 5.808443e-02	 4.669408e-02	 
 2.127353e-01	 6.817903e-01	 1.257132e-03	 1.163947e-01	 2.185973e+01	 2.192303e+01	 6.329969e-02	 1	 3.093974e+02	 2.812834e-02	 3.285164e-02	 5.808443e-02	 4.669408e-02	 
 2.127353e-01	 6.817903e-01	 1.257132e-03	 1.163947e-01	 2.185973e+01	 2.192303e+01	 6.329969e-02	 1	 3.093974e+02	 2.812834e-02	 3.285164e-02	 5.808443e-02	 4.669408e-02	 
 2.127353e-01	 6.817903e-01	 1.257132e-03	 1.163947e-01	 2.185973e+01	 2.192303e+01	 6.329969e-02	 1	 3.093974e+02	 2.812834e-02	 3.285164e-02	 5.808443e-02	 4.669408e-02	 
 2.424730e-01	 6.816438e-01	 1.101240e-03	 9.344433e-02	 2.190044e+01	 2.192303e+01	 2.258958e-02	 1	 4.710670e+02	 6.634494e-02	 6.348331e-02	 1.781427e-01	 1.323099e-01	 
 2.424730e-01	 6.816438e-01	 1.101240e-03	 9.344433e-02	 2.190044e+01	 2.192303e+01	 2.258958e-02	 1	 4.710670e+02	 6.634494e-02	 6.348331e-02	 1.781427e-01	 1.323099e-01	 
 2.424730e-01	 6.816438e-01	 1.101240e-03	 9.344433e-02	 2.190044e+01	 2.192303e+01	 2.258958e-02	 1	 4.710670e+02	 6.634494e-02	 6.348331e-02	 1.781427e-01	 1.323099e-01	 
 2.424730e-01	 6.816438e-01	 1.101240e-03	 9.344433e-02	 2.190044e+01	 2.192303e+01	 2.258958e-02	 1	 4.710670e+02	 6.634494e-02	 6.348331e-02	 1.781427e-01	 1.323099e-01	 
 2.424730e-01	 6.816438e-01	 1.101240e-03	 9.344433e-02	 2.190044e+01	 2.192303e+01	 2.258958e-02	 1	 4.710670e+02	 6.634494e-02	 6.348331e-02	 1.781427e-01	 1.323099e-01	 
 2.424730e-01	 6.816438e-01	 1.101240e-03	 9.344433e-02	 2.190044e+01	 2.192303e+01	 2.258958e-02	 1	 4.710670e+02	 6.634494e-02	 6.348331e-02	 1.781427e-01	 1.323099e-01	 
 2.210583e-01	 5.030224e-01	 2.597366e-03	 2.643005e-01	 4.727787e+01	 4.727796e+01	 9.316229e-05	 1	 1.257472e+03	 3.321580e-02	 3.190606e-02	 5.393838e-02	 3.318875e-02	 
 2.210583e-01	 5.030224e-01	 2.597366e-03	 2.643005e-01	 4.727787e+01	 4.727796e+01	 9.316229e-05	 1	 1.257472e+03	 3.321580e-02	 3.190606e-02	 5.393838e-02	 3.318875e-02	 
 2.210583e-01	 5.030224e-01	 2.597366e-03	 2.643005e-01	 4.727787e+01	 4.727796e+01	 9.316229e-05	 1	 1.257472e+03	 3.321580e-02	 3.190606e-02	 5.393838e-02	 3.318875e-02	 
 2.210583e-01	 5.030224e-01	 2.597366e-03	 2.643005e-01	 4.727787e+01	 4.727796e+01	 9.316229e-05	 1	 1.257472e+03	 3.321580e-02	 3.190606e-02	 5.393838e-02	 3.318875e-02	 
 2.210583e-01	 5.030224e-01	 2.597366e-03	 2.643005e-01	 4.727787e+01	 4.727796e+01	 9.316229e-05	 1	 1.257472e+03	 3.321580e-02	 3.190606e-02	 5.393838e-02	 3.318875e-02	 
 2.210583e-01	 5.030224e-01	 2.597366e-03	 2.643005e-01	 4.727787e+01	 4.727796e+01	 9.316229e-05	 1	 1.257472e+03	 3.321580e-02	 3.190606e-02	 5.393838e-02	 3.318875e-02	 
 1.879506e-01	 7.023661e-01	 2.528358e-06	 1.447126e-01	 1.336650e+01	 1.336687e+01	 3.680536e-04	 1	 2.190683e+02	 4.183342e-02	 3.592333e-01	 5.818349e-01	 2.307787e-01	 
 1.879506e-01	 7.023661e-01	 2.528358e-06	 1.447126e-01	 1.336650e+01	 1.336687e+01	 3.680536e-04	 1	 2.190683e+02	 4.183342e-02	 3.592333e-01	 5.818349e-01	 2.307787e-01	 
 1.879506e-01	 7.023661e-01	 2.528358e-06	 1.447126e-01	 1.336650e+01	 1.336687e+01	 3.680536e-04	 1	 2.190683e+02	 4.183342e-02	 3.592333e-01	 5.818349e-01	 2.307787e-01	 
 1.879506e-01	 7.023661e-01	 2.528358e-06	 1.447126e-01	 1.336650e+01	 1.336687e+01	 3.680536e-04	 1	 2.190683e+02	 4.183342e-02	 3.592333e-01	 5.818349e-01	 2.307787e-01	 
 1.879506e-01	 7.023661e-01	 2.528358e-06	 1.447126e-01	 1.336650e+01	 1.336687e+01	 3.680536e-04	 1	 2.190683e+02	 4.183342e-02	 3.592333e-01	 5.818349e-01	 2.307787e-01	 
 1.879506e-01	 7.023661e-01	 2.528358e-06	 1.447126e-01	 1.336650e+01	 1.336687e+01	 3.680536e-04	 1	 2.190683e+02	 4.183342e-02	 3.592333e-01	 5.818349e-01	 2.307787e-01	 
 1.880006e-01	 7.022370e-01	 2.600722e-07	 1.447982e-01	 1.336665e+01	 1.336687e+01	 2.187927e-04	 1	 2.087401e+02	 4.177352e-02	 3.592335e-01	 5.887866e-01	 2.209477e-01	 
 1.880006e-01	 7.022370e-01	 2.600722e-07	 1.447982e-01	 1.336665e+01	 1.336687e+01	 2.187927e-04	 1	 2.087401e+02	 4.177352e-02	 3.592335e-01	 5.887866e-01	 2.209477e-01	 
 1.880006e-01	 7.022370e-01	 2.600722e-07	 1.447982e-01	 1.336665e+01	 1.336687e+01	 2.187927e-04	 1	 2.087401e+02	 4.177352e-02	 3.592335e-01	 5.887866e-01	 2.209477e-01	 
 1.880006e-01	 7.022370e-01	 2.600722e-07	 1.447982e-01	 1.336665e+01	 1.336687e+01	 2.187927e-04	 1	 2.087401e+02	 4.177352e-02	 3.592335e-01	 5.887866e-01	 2.209477e-01	 
 1.880006e-01	 7.022370e-01	 2.600722e-07	 1.447982e-01	 1.336665e+01	 1.336687e+01	 2.187927e-04	 1	 2.087401e+02	 4.177352e-02	 3.592335e-01	 5.887866e-01	 2.209477e-01	 
 1.880006e-01	 7.022370e-01	 2.600722e-07	 1.447982e-01	 1.336665e+01	 1.336687e+01	 2.187927e-04	 1	 2.087401e+02	 4.177352e-02	 3.592335e-01	 5.887866e-01	 2.209477e-01	 
 2.210583e-01	 5.030224e-01	 2.597366e-03	 2.643005e-01	 4.727787e+01	 4.727796e+01	 9.316229e-05	 1	 1.257472e+03	 3.321580e-02	 3.190606e-02	 5.393838e-02	 3.318875e-02	 
 2.210583e-01	 5.030224e-01	 2.597366e-03	 2.643005e-01	 4.727787e+01	 4.727796e+01	 9.316229e-05	 1	 1.257472e+03	 3.321580e-02	 3.190606e-02	 5.393838e-02	 3.318875e-02	 
 2.210583e-01	 5.030224e-01	 2.597366e-03	 2.643005e-01	 4.727787e+01	 4.727796e+01	 9.316229e-05	 1	 1.257472e+03	 3.321580e-02	 3.190606e-02	 5.393838e-02	 3.318875e-02	 
 2.210583e-01	 5.030224e-01	 2.597366e-03	 2.643005e-01	 4.727787e+01	 4.727796e+01	 9.316229e-05	 1	 1.257472e+03	 3.321580e-02	 3.190606e-02	 5.393838e-02	 3.318875e-02	 
 2.210583e-01	 5.030224e-01	 2.597366e-03	 2.643005e-01	 4.727787e+01	 4.727796e+01	 9.316229e-05	 1	 1.257472e+03	 3.321580e-02	 3.190606e-02	 5.393838e-02	 3.318875e-02	 
 2.210583e-01	 5.030224e-01	 2.597366e-03	 2.643005e-01	 4.727787e+01	 4.727796e+01	 9.316229e-05	 1	 1.257472e+03	 3.321580e-02	 3.190606e-02	 5.393838e-02	 3.318875e-02	 
 2.210583e-01	 5.030224e-01	 2.597366e-03	 2.643005e-01	 4.727787e+01	 4.727796e+01	 9.316229e-05	 1	 1.257472e+03	 3.321580e-02	 3.190606e-02	 5.393838e-02	 3.318875e-02	 
 2.210583e-01	 5.030224e-01	 2.597366e-03	 2.643005e-01	 4.727787e+01	 4.727796e+01	 9.316229e-05	 1	 1.257472e+03	 3.321580e-02	 3.190606e-02	 5.393838e-02	 3.318875e-02	 
 2.210583e-01	 5.030224e-01	 2.597366e-03	 2.643005e-01	 4.727787e+01	 4.727796e+01	 9.316229e-05	 1	 1.257472e+03	 3.321580e-02	 3.190606e-02	 5.393838e-02	 3.318875e-02	 
 2.210583e-01	 5.030224e-01	 2.597366e-03	 2.643005e-01	 4.727787e+01	 4.727796e+01	 9.316229e-05	 1	 1.257472e+03	 3.321580e-02	 3.190606e-02	 5.393838e-02	 3.318875e-02	 
 2.210583e-01	 5.030224e-01	 2.597366e-03	 2.643005e-01	 4.727787e+01	 4.727796e+01	 9.316229e-05	 1	 1.257472e+03	 3.321580e-02	 3.190606e-02	 5.393838e-02	 3.318875e-02	 
 2.210583e-01	 5.030224e-01	 2.597366e-03	 2.643005e-01	 4.727787e+01	 4.727796e+01	 9.316229e-05	 1	 1.257472e+03	 3.321580e-02	 3.190606e-02	 5.393838e-02	 3.318875e-02	 
 2.232132e-01	 4.831980e-01	 1.827169e-03	 2.808347e-01	 4.727820e+01	 4.727796e+01	 2.436365e-04	 1	 9.833479e+02	 3.437262e-02	 3.197944e-02	 6.164924e-02	 3.109769e-02	 
 2.232132e-01	 4.831980e-01	 1.827169e-03	 2.808347e-01	 4.727820e+01	 4.727796e+01	 2.436365e-04	 1	 9.833479e+02	 3.437262e-02	 3.197944e-02	 6.164924e-02	 3.109769e-02	 
 2.232132e-01	 4.831980e-01	 1.827169e-03	 2.808347e-01	 4.727820e+01	 4.727796e+01	 2.436365e-04	 1	 9.833479e+02	 3.437262e-02	 3.197944e-02	 6.164924e-02	 3.109769e-02	 
 2.232132e-01	 4.831980e-01	 1.827169e-03	 2.808347e-01	 4.727820e+01	 4.727796e+01	 2.436365e-04	 1	 9.833479e+02	 3.437262e-02	 3.197944e-02	 6.164924e-02	 3.109769e-02	 
 2.232132e-01	 4.831980e-01	 1.827169e-03	 2.808347e-01	 4.727820e+01	 4.727796e+01	 2.436365e-04	 1	 9.833479e+02	 3.437262e-02	 3.197944e-02	 6.164924e-02	 3.109769e-02	 
 2.232132e-01	 4.831980e-01	 1.827169e-03	 2.808347e-01	 4.727820e+01	 4.727796e+01	 2.436365e-04	 1	 9.833479e+02	 3.437262e-02	 3.197944e-02	 6.164924e-02	 3.109769e-02	 
 2.210583e-01	 5.030224e-01	 2.597366e-03	 2.643005e-01	 4.727787e+01	 4.727796e+01	 9.316229e-05	 1	 1.257472e+03	 3.321580e-02	 3.190606e-02	 5.393838e-02	 3.318875e-02	 
 2.210583e-01	 5.030224e-01	 2.597366e-03	 2.643005e-01	 4.727787e+01	 4.727796e+01	 9.316229e-05	 1	 1.257472e+03	 3.321580e-02	 3.190606e-02	 5.393838e-02	 3.318875e-02	 
 2.210583e-01	 5.030224e-01	 2.597366e-03	 2.643005e-01	 4.727787e+01	 4.727796e+01	 9.316229e-05	 1	 1.257472e+03	 3.321580e-02	 3.190606e-02	 5.393838e-02	 3.318875e-02	 
 2.210583e-01	 5.030224e-01	 2.597366e-03	 2.643005e-01	 4.727787e+01	 4.727796e+01	 9.316229e-05	 1	 1.257472e+03	 3.321580e-02	 3.190606e-02	 5.393838e-02	 3.318875e-02	 
 2.210583e-01	 5.030224e-01	 2.597366e-03	 2.643005e-01	 4.727787e+01	 4.727796e+01	 9.316229e-05	 1	 1.257472e+03	 3.321580e-02	 3.190606e-02	 5.393838e-02	 3.318875e-02	 
 2.210583e-01	 5.030224e-01	 2.597366e-03	 2.643005e-01	 4.727787e+01	 4.727796e+01	 9.316229e-05	 1	 1.257472e+03	 3.321580e-02	 3.190606e-02	 5.393838e-02	 3.318875e-02	 
 2.233063e-01	 5.469923e-01	 4.808118e-03	 2.204912e-01	 4.727834e+01	 4.727796e+01	 3.804546e-04	 1	 2.532443e+03	 2.737455e-02	 2.809669e-02	 4.378741e-02	 3.765694e-02	 
 2.233063e-01	 5.469923e-01	 4.808118e-03	 2.204912e-01	 4.727834e+01	 4.727796e+01	 3.804546e-04	 1	 2.532443e+03	 2.737455e-02	 2.809669e-02	 4.378741e-02	 3.765694e-02	 
 2.233063e-01	 5.469923e-01	 4.808118e-03	 2.204912e-01	 4.727834e+01	 4.727796e+01	 3.804546e-04	 1	 2.532443e+03	 2.737455e-02	 2.809669e-02	 4.378741e-02	 3.765694e-02	 
 2.233063e-01	 5.469923e-01	 4.808118e-03	 2.204912e-01	 4.727834e+01	 4.727796e+01	 3.804546e-04	 1	 2.532443e+03	 2.737455e-02	 2.809669e-02	 4.378741e-02	 3.765694e-02	 
 2.233063e-01	 5.469923e-01	 4.808118e-03	 2.204912e-01	 4.727834e+01	 4.727796e+01	 3.804546e-04	 1	 2.532443e+03	 2.737455e-02	 2.809669e-02	 4.378741e-02	 3.765694e-02	 
 2.233063e-01	 5.469923e-01	 4.808118e-03	 2.204912e-01	 4.727834e+01	 4.727796e+01	 3.804546e-04	 1	 2.532443e+03	 2.737455e-02	 2.809669e-02	 4.378741e-02	 3.765694e-02	 
 2.239579e-01	 5.443818e-01	 4.744846e-03	 2.222903e-01	 4.727879e+01	 4.727796e+01	 8.301487e-04	 1	 2.420935e+03	 2.775461e-02	 2.842082e-02	 4.423440e-02	 3.747041e-02	 
 2.239579e-01	 5.443818e-01	 4.744846e-03	 2.222903e-01	 4.727879e+01	 4.727796e+01	 8.301487e-04	 1	 2.420935e+03	 2.775461e-02	 2.842082e-02	 4.423440e-02	 3.747041e-02	 
 2.239579e-01	 5.443818e-01	 4.744846e-03	 2.222903e-01	 4.727879e+01	 4.727796e+01	 8.301487e-04	 1	 2.420935e+03	 2.775461e-02	 2.842082e-02	 4.423440e-02	 3.747041e-02	 
 2.239579e-01	 5.443818e-01	 4.744846e-03	 2.222903e-01	 4.727879e+01	 4.727796e+01	 8.301487e-04	 1	 2.420935e+03	 2.775461e-02	 2.842082e-02	 4.423440e-02	 3.747041e-02	 
 2.239579e-01	 5.443818e-01	 4.744846e-03	 2.222903e-01	 4.727879e+01	 4.727796e+01	 8.301487e-04	 1	 2.420935e+03	 2.775461e-02	 2.842082e-02	 4.423440e-02	 3.747041e-02	 
 2.239579e-01	 5.443818e-01	 4.744846e-03	 2.222903e-01	 4.727879e+01	 4.727796e+01	 8.301487e-04	 1	 2.420935e+03	 2.775461e-02	 2.842082e-02	 4.423440e-02	 3.747041e-02	 
 2.210583e-01	 5.030224e-01	 2.597366e-03	 2.643005e-01	 4.727787e+01	 4.727796e+01	 9.316229e-05	 1	 1.257472e+03	 3.321580e-02	 3.190606e-02	 5.393838e-02	 3.318875e-02	 
 2.210583e-01	 5.030224e-01	 2.597366e-03	 2.643005e-01	 4.727787e+01	 4.727796e+01	 9.316229e-05	 1	 1.257472e+03	 3.321580e-02	 3.190606e-02	 5.393838e-02	 3.318875e-02	 
 2.210583e-01	 5.030224e-01	 2.597366e-03	 2.643005e-01	 4.727787e+01	 4.727796e+01	 9.316229e-05	 1	 1.257472e+03	 3.321580e-02	 3.190606e-02	 5.393838e-02	 3.318875e-02	 
 2.210583e-01	 5.030224e-01	 2.597366e-03	 2.643005e-01	 4.727787e+01	 4.727796e+01	 9.316229e-05	 1	 1.257472e+03	 3.321580e-02	 3.190606e-02	 5.393838e-02	 3.318875e-02	 
 2.210583e-01	 5.030224e-01	 2.597366e-03	 2.643005e-01	 4.727787e+01	 4.727796e+01	 9.316229e-05	 1	 1.257472e+03	 3.321580e-02	 3.190606e-02	 5.393838e-02	 3.318875e-02	 
 2.210583e-01	 5.030224e-01	 2.597366e-03	 2.643005e-01	 4.727787e+01	 4.727796e+01	 9.316229e-05	 1	 1.257472e+03	 3.321580e-02	 3.190606e-02	 5.393838e-02	 3.318875e-02	 
 2.210583e-01	 5.030224e-01	 2.597366e-03	 2.643005e-01	 4.727787e+01	 4.727796e+01	 9.316229e-05	 1	 1.257472e+03	 3.321580e-02	 3.190606e-02	 5.393838e-02	 3.318875e-02	 
 2.210583e-01	 5.030224e-01	 2.597366e-03	 2.643005e-01	 4.727787e+01	 4.727796e+01	 9.316229e-05	 1	 1.257472e+03	 3.321580e-02	 3.190606e-02	 5.393838e-02	 3.318875e-02	 
 2.210583e-01	 5.030224e-01	 2.597366e-03	 2.643005e-01	 4.727787e+01	 4.727796e+01	 9.316229e-05	 1	 1.257472e+03	 3.321580e-02	 3.190606e-02	 5.393838e-02	 3.318875e-02	 
 2.210583e-01	 5.030224e-01	 2.597366e-03	 2.643005e-01	 4.727787e+01	 4.727796e+01	 9.316229e-05	 1	 1.257472e+03	 3.321580e-02	 3.190606e-02	 5.393838e-02	 3.318875e-02	 
 2.210583e-01	 5.030224e-01	 2.597366e-03	 2.643005e-01	 4.727787e+01	 4.727796e+01	 9.316229e-05	 1	 1.257472e+03	 3.321580e-02	 3.190606e-02	 5.393838e-02	 3.318875e-02	 
 2.210583e-01	 5.030224e-01	 2.597366e-03	 2.643005e-01	 4.727787e+01	 4.727796e+01	 9.316229e-05	 1	 1.257472e+03	 3.321580e-02	 3.190606e-02	 5.393838e-02	 3.318875e-02	 
 2.233063e-01	 5.469923e-01	 4.808118e-03	 2.204912e-01	 4.727834e+01	 4.727796e+01	 3.804546e-04	 1	 2.532443e+03	 2.737455e-02	 2.809669e-02	 4.378741e-02	 3.765694e-02	 
 2.233063e-01	 5.469923e-01	 4.808118e-03	 2.204912e-01	 4.727834e+01	 4.727796e+01	 3.804546e-04	 1	 2.532443e+03	 2.737455e-02	 2.809669e-02	 4.378741e-02	 3.765694e-02	 
 2.233063e-01	 5.469923e-01	 4.808118e-03	 2.204912e-01	 4.727834e+01	 4.727796e+01	 3.804546e-04	 1	 2.532443e+03	 2.737455e-02	 2.809669e-02	 4.378741e-02	 3.765694e-02	 
 2.233063e-01	 5.469923e-01	 4.808118e-03	 2.204912e-01	 4.727834e+01	 4.727796e+01	 3.804546e-04	 1	 2.532443e+03	 2.737455e-02	 2.809669e-02	 4.378741e-02	 3.765694e-02	 
 2.233063e-01	 5.469923e-01	 4.808118e-03	 2.204912e-01	 4.727834e+01	 4.727796e+01	 3.804546e-04	 1	 2.532443e+03	 2.737455e-02	 2.809669e-02	 4.378741e-02	 3.765694e-02	 
 2.233063e-01	 5.469923e-01	 4.808118e-03	 2.204912e-01	 4.727834e+01	 4.727796e+01	 3.804546e-04	 1	 2.532443e+03	 2.737455e-02	 2.809669e-02	 4.378741e-02	 3.765694e-02	 
 2.210583e-01	 5.030224e-01	 2.597366e-03	 2.643005e-01	 4.727787e+01	 4.727796e+01	 9.316229e-05	 1	 1.257472e+03	 3.321580e-02	 3.190606e-02	 5.393838e-02	 3.318875e-02	 
 2.210583e-01	 5.030224e-01	 2.597366e-03	 2.643005e-01	 4.727787e+01	 4.727796e+01	 9.316229e-05	 1	 1.257472e+03	 3.321580e-02	 3.190606e-02	 5.393838e-02	 3.318875e-02	 
 2.210583e-01	 5.030224e-01	 2.597366e-03	 2.643005e-01	 4.727787e+01	 4.727796e+01	 9.316229e-05	 1	 1.257472e+03	 3.321580e-02	 3.190606e-02	 5.393838e-02	 3.318875e-02	 
 2.210583e-01	 5.030224e-01	 2.597366e-03	 2.643005e-01	 4.727787e+01	 4.727796e+01	 9.316229e-05	 1	 1.257472e+03	 3.321580e-02	 3.190606e-02	 5.393838e-02	 3.318875e-02	 
 2.210583e-01	 5.030224e-01	 2.597366e-03	 2.643005e-01	 4.727787e+01	 4.727796e+01	 9.316229e-05	 1	 1.257472e+03	 3.321580e-02	 3.190606e-02	 5.393838e-02	 3.318875e-02	 
 2.210583e-01	 5.030224e-01	 2.597366e-03	 2.643005e-01	 4.727787e+01	 4.727796e+01	 9.316229e-05	 1	 1.257472e+03	 3.321580e-02	 3.190606e-02	 5.393838e-02	 3.318875e-02	 
 1.587092e-01	 7.795203e-01	 4.965737e-03	 8.295157e-02	 1.996156e+01	 1.996290e+01	 1.342854e-03	 1	 7.856949e+01	 3.732910e-02	 1.303312e-01	 5.004510e-01	 2.860078e-02	 
 1.587092e-01	 7.795203e-01	 4.965737e-03	 8.295157e-02	 1.996156e+01	 1.996290e+01	 1.342854e-03	 1	 7.856949e+01	 3.732910e-02	 1.303312e-01	 5.004510e-01	 2.860078e-02	 
 1.587092e-01	 7.795203e-01	 4.965737e-03	 8.295157e-02	 1.996156e+01	 1.996290e+01	 1.342854e-03	 1	 7.856949e+01	 3.732910e-02	 1.303312e-01	 5.004510e-01	 2.860078e-02	 
 1.587092e-01	 7.795203e-01	 4.965737e-03	 8.295157e-02	 1.996156e+01	 1.996290e+01	 1.342854e-03	 1	 7.856949e+01	 3.732910e-02	 1.303312e-01	 5.004510e-01	 2.860078e-02	 
 1.587092e-01	 7.795203e-01	 4.965737e-03	 8.295157e-02	 1.996156e+01	 1.996290e+01	 1.342854e-03	 1	 7.856949e+01	 3.732910e-02	 1.303312e-01	 5.004510e-01	 2.860078e-02	 
 1.587092e-01	 7.795203e-01	 4.965737e-03	 8.295157e-02	 1.996156e+01	 1.996290e+01	 1.342854e-03	 1	 7.856949e+01	 3.732910e-02	 1.303312e-01	 5.004510e-01	 2.860078e-02	 
 1.390776e-01	 7.902836e-01	 5.288241e-03	 9.002576e-02	 1.996254e+01	 1.996290e+01	 3.549920e-04	 1	 7.665188e+01	 3.475158e-02	 1.234086e-01	 3.967498e-01	 2.686975e-02	 
 1.390776e-01	 7.902836e-01	 5.288241e-03	 9.002576e-02	 1.996254e+01	 1.996290e+01	 3.549920e-04	 1	 7.665188e+01	 3.475158e-02	 1.234086e-01	 3.967498e-01	 2.686975e-02	 
 1.390776e-01	 7.902836e-01	 5.288241e-03	 9.002576e-02	 1.996254e+01	 1.996290e+01	 3.549920e-04	 1	 7.665188e+01	 3.475158e-02	 1.234086e-01	 3.967498e-01	 2.686975e-02	 
 1.390776e-01	 7.902836e-01	 5.288241e-03	 9.002576e-02	 1.996254e+01	 1.996290e+01	 3.549920e-04	 1	 7.665188e+01	 3.475158e-02	 1.234086e-01	 3.967498e-01	 2.686975e-02	 
 1.390776e-01	 7.902836e-01	 5.288241e-03	 9.002576e-02	 1.996254e+01	 1.996290e+01	 3.549920e-04	 1	 7.665188e+01	 3.475158e-02	 1.234086e-01	 3.967498e-01	 2.686975e-02	 
 1.390776e-01	 7.902836e-01	 5.288241e-03	 9.002576e-02	 1.996254e+01	 1.996290e+01	 3.549920e-04	 1	 7.665188e+01	 3.475158e-02	 1.234086e-01	 3.967498e-01	 2.686975e-02	 
 2.210583e-01	 5.030224e-01	 2.597366e-03	 2.643005e-01	 4.727787e+01	 4.727796e+01	 9.316229e-05	 1	 1.257472e+03	 3.321580e-02	 3.190606e-02	 5.393838e-02	 3.318875e-02	 
 2.210583e-01	 5.030224e-01	 2.597366e-03	 2.643005e-01	 4.727787e+01	 4.727796e+01	 9.316229e-05	 1	 1.257472e+03	 3.321580e-02	 3.190606e-02	 5.393838e-02	 3.318875e-02	 
 2.210583e-01	 5.030224e-01	 2.597366e-03	 2.643005e-01	 4.727787e+01	 4.727796e+01	 9.316229e-05	 1	 1.257472e+03	 3.321580e-02	 3.190606e-02	 5.393838e-02	 3.318875e-02	 
 2.210583e-01	 5.030224e-01	 2.597366e-03	 2.643005e-01	 4.727787e+01	 4.727796e+01	 9.316229e-05	 1	 1.257472e+03	 3.321580e-02	 3.190606e-02	 5.393838e-02	 3.318875e-02	 
 2.210583e-01	 5.030224e-01	 2.597366e-03	 2.643005e-01	 4.727787e+01	 4.727796e+01	 9.316229e-05	 1	 1.257472e+03	 3.321580e-02	 3.190606e-02	 5.393838e-02	 3.318875e-02	 
 2.210583e-01	 5.030224e-01	 2.597366e-03	 2.643005e-01	 4.727787e+01	 4.727796e+01	 9.316229e-05	 1	 1.257472e+03	 3.321580e-02	 3.190606e-02	 5.393838e-02	 3.318875e-02	 
 3.662088e-01	 6.383990e-01	 2.356957e-03	 2.115233e-02	 1.577233e+01	 1.581973e+01	 4.740151e-02	 1	 9.895524e+02	 3.867599e-02	 2.941638e-01	 5.823347e-01	 4.863800e-02	 
 3.662088e-01	 6.383990e-01	 2.356957e-03	 2.115233e-02	 1.577233e+01	 1.581973e+01	 4.740151e-02	 1	 9.895524e+02	 3.867599e-02	 2.941638e-01	 5.823347e-01	 4.863800e-02	 
 3.662088e-01	 6.383990e-01	 2.356957e-03	 2.115233e-02	 1.577233e+01	 1.581973e+01	 4.740151e-02	 1	 9.895524e+02	 3.867599e-02	 2.941638e-01	 5.823347e-01	 4.863800e-02	 
 3.662088e-01	 6.383990e-01	 2.356957e-03	 2.115233e-02	 1.577233e+01	 1.581973e+01	 4.740151e-02	 1	 9.895524e+02	 3.867599e-02	 2.941638e-01	 5.823347e-01	 4.863800e-02	 
 3.662088e-01	 6.383990e-01	 2.356957e-03	 2.115233e-02	 1.577233e+01	 1.581973e+01	 4.740151e-02	 1	 9.895524e+02	 3.867599e-02	 2.941638e-01	 5.823347e-01	 4.863800e-02	 
 3.662088e-01	 6.383990e-01	 2.356957e-03	 2.115233e-02	 1.577233e+01	 1.581973e+01	 4.740151e-02	 1	 9.895524e+02	 3.867599e-02	 2.941638e-01	 5.823347e-01	 4.863800e-02	 
 3.040006e-01	 6.743821e-01	 1.116511e-05	 5.012391e-02	 1.581748e+01	 1.581973e+01	 2.248603e-03	 1	 3.816607e+02	 3.660798e-02	 2.943956e-01	 6.015125e-01	 5.007357e-02	 
 3.040006e-01	 6.743821e-01	 1.116511e-05	 5.012391e-02	 1.581748e+01	 1.581973e+01	 2.248603e-03	 1	 3.816607e+02	 3.660798e-02	 2.943956e-01	 6.015125e-01	 5.007357e-02	 
 3.040006e-01	 6.743821e-01	 1.116511e-05	 5.012391e-02	 1.581748e+01	 1.581973e+01	 2.248603e-03	 1	 3.816607e+02	 3.660798e-02	 2.943956e-01	 6.015125e-01	 5.007357e-02	 
 3.040006e-01	 6.743821e-01	 1.116511e-05	 5.012391e-02	 1.581748e+01	 1.581973e+01	 2.248603e-03	 1	 3.816607e+02	 3.660798e-02	 2.943956e-01	 6.015125e-01	 5.007357e-02	 
 3.040006e-01	 6.743821e-01	 1.116511e-05	 5.012391e-02	 1.581748e+01	 1.581973e+01	 2.248603e-03	 1	 3.816607e+02	 3.660798e-02	 2.943956e-01	 6.015125e-01	 5.007357e-02	 
 3.040006e-01	 6.743821e-01	 1.116511e-05	 5.012391e-02	 1.581748e+01	 1.581973e+01	 2.248603e-03	 1	 3.816607e+02	 3.660798e-02	 2.943956e-01	 6.015125e-01	 5.007357e-02	 
 2.210583e-01	 5.030224e-01	 2.597366e-03	 2.643005e-01	 4.727787e+01	 4.727796e+01	 9.316229e-05	 1	 1.257472e+03	 3.321580e-02	 3.190606e-02	 5.393838e-02	 3.318875e-02	 
 2.210583e-01	 5.030224e-01	 2.597366e-03	 2.643005e-01	 4.727787e+01	 4.727796e+01	 9.316229e-05	 1	 1.257472e+03	 3.321580e-02	 3.190606e-02	 5.393838e-02	 3.318875e-02	 
 2.210583e-01	 5.030224e-01	 2.597366e-03	 2.643005e-01	 4.727787e+01	 4.727796e+01	 9.316229e-05	 1	 1.257472e+03	 3.321580e-02	 3.190606e-02	 5.393838e-02	 3.318875e-02	 
 2.210583e-01	 5.030224e-01	 2.597366e-03	 2.643005e-01	 4.727787e+01	 4.727796e+01	 9.316229e-05	 1	 1.257472e+03	 3.321580e-02	 3.190606e-02	 5.393838e-02	 3.318875e-02	 
 2.210583e-01	 5.030224e-01	 2.597366e-03	 2.643005e-01	 4.727787e+01	 4.727796e+01	 9.316229e-05	 1	 1.257472e+03	 3.321580e-02	 3.190606e-02	 5.393838e-02	 3.318875e-02	 
 2.210583e-01	 5.030224e-01	 2.597366e-03	 2.643005e-01	 4.727787e+01	 4.727796e+01	 9.316229e-05	 1	 1.257472e+03	 3.321580e-02	 3.190606e-02	 5.393838e-02	 3.318875e-02	 
 3.662088e-01	 6.383990e-01	 2.356957e-03	 2.115233e-02	 1.577233e+01	 1.581973e+01	 4.740151e-02	 1	 9.895524e+02	 3.867599e-02	 2.941638e-01	 5.823347e-01	 4.863800e-02	 
 3.662088e-01	 6.383990e-01	 2.356957e-03	 2.115233e-02	 1.577233e+01	 1.581973e+01	 4.740151e-02	 1	 9.895524e+02	 3.867599e-02	 2.941638e-01	 5.823347e-01	 4.863800e-02	 
 3.662088e-01	 6.383990e-01	 2.356957e-03	 2.115233e-02	 1.577233e+01	 1.581973e+01	 4.740151e-02	 1	 9.895524e+02	 3.867599e-02	 2.941638e-01	 5.823347e-01	 4.863800e-02	 
 3.662088e-01	 6.383990e-01	 2.356957e-03	 2.115233e-02	 1.577233e+01	 1.581973e+01	 4.740151e-02	 1	 9.895524e+02	 3.867599e-02	 2.941638e-01	 5.823347e-01	 4.863800e-02	 
 3.662088e-01	 6.383990e-01	 2.356957e-03	 2.115233e-02	 1.577233e+01	 1.581973e+01	 4.740151e-02	 1	 9.895524e+02	 3.867599e-02	 2.941638e-01	 5.823347e-01	 4.863800e-02	 
 3.662088e-01	 6.383990e-01	 2.356957e-03	 2.115233e-02	 1.577233e+01	 1.581973e+01	 4.740151e-02	 1	 9.895524e+02	 3.867599e-02	 2.941638e-01	 5.823347e-01	 4.863800e-02	 
 3.062188e-01	 6.732244e-01	 9.803586e-05	 4.897097e-02	 1.581557e+01	 1.581973e+01	 4.163606e-03	 1	 9.666486e+02	 3.667914e-02	 2.943888e-01	 6.122331e-01	 5.095720e-02	 
 3.062188e-01	 6.732244e-01	 9.803586e-05	 4.897097e-02	 1.581557e+01	 1.581973e+01	 4.163606e-03	 1	 9.666486e+02	 3.667914e-02	 2.943888e-01	 6.122331e-01	 5.095720e-02	 
 3.062188e-01	 6.732244e-01	 9.803586e-05	 4.897097e-02	 1.581557e+01	 1.581973e+01	 4.163606e-03	 1	 9.666486e+02	 3.667914e-02	 2.943888e-01	 6.122331e-01	 5.095720e-02	 
 3.062188e-01	 6.732244e-01	 9.803586e-05	 4.897097e-02	 1.581557e+01	 1.581973e+01	 4.163606e-03	 1	 9.666486e+02	 3.667914e-02	 2.943888e-01	 6.122331e-01	 5.095720e-02	 
 3.062188e-01	 6.732244e-01	 9.803586e-05	 4.897097e-02	 1.581557e+01	 1.581973e+01	 4.163606e-03	 1	 9.666486e+02	 3.667914e-02	 2.943888e-01	 6.122331e-01	 5.095720e-02	 
 3.062188e-01	 6.732244e-01	 9.803586e-05	 4.897097e-02	 1.581557e+01	 1.581973e+01	 4.163606e-03	 1	 9.666486e+02	 3.667914e-02	 2.943888e-01	 6.122331e-01	 5.095720e-02	 
 2.210583e-01	 5.030224e-01	 2.597366e-03	 2.643005e-01	 4.727787e+01	 4.727796e+01	 9.316229e-05	 1	 1.257472e+03	 3.321580e-02	 3.190606e-02	 5.393838e-02	 3.318875e-02	 
 2.210583e-01	 5.030224e-01	 2.597366e-03	 2.643005e-01	 4.727787e+01	 4.727796e+01	 9.316229e-05	 1	 1.257472e+03	 3.321580e-02	 3.190606e-02	 5.393838e-02	 3.318875e-02	 
 2.210583e-01	 5.030224e-01	 2.597366e-03	 2.643005e-01	 4.727787e+01	 4.727796e+01	 9.316229e-05	 1	 1.257472e+03	 3.321580e-02	 3.190606e-02	 5.393838e-02	 3.318875e-02	 
 2.210583e-01	 5.030224e-01	 2.597366e-03	 2.643005e-01	 4.727787e+01	 4.727796e+01	 9.316229e-05	 1	 1.257472e+03	 3.321580e-02	 3.190606e-02	 5.393838e-02	 3.318875e-02	 
 2.210583e-01	 5.030224e-01	 2.597366e-03	 2.643005e-01	 4.727787e+01	 4.727796e+01	 9.316229e-05	 1	 1.257472e+03	 3.321580e-02	 3.190606e-02	 5.393838e-02	 3.318875e-02	 
 2.210583e-01	 5.030224e-01	 2.597366e-03	 2.643005e-01	 4.727787e+01	 4.727796e+01	 9.316229e-05	 1	 1.257472e+03	 3.321580e-02	 3.190606e-02	 5.393838e-02	 3.318875e-02	 
 2.210583e-01	 5.030224e-01	 2.597366e-03	 2.643005e-01	 4.727787e+01	 4.727796e+01	 9.316229e-05	 1	 1.257472e+03	 3.321580e-02	 3.190606e-02	 5.393838e-02	 3.318875e-02	 
 2.210583e-01	 5.030224e-01	 2.597366e-03	 2.643005e-01	 4.727787e+01	 4.727796e+01	 9.316229e-05	 1	 1.257472e+03	 3.321580e-02	 3.190606e-02	 5.393838e-02	 3.318875e-02	 
 2.210583e-01	 5.030224e-01	 2.597366e-03	 2.643005e-01	 4.727787e+01	 4.727796e+01	 9.316229e-05	 1	 1.257472e+03	 3.321580e-02	 3.190606e-02	 5.393838e-02	 3.318875e-02	 
 2.210583e-01	 5.030224e-01	 2.597366e-03	 2.643005e-01	 4.727787e+01	 4.727796e+01	 9.316229e-05	 1	 1.257472e+03	 3.321580e-02	 3.190606e-02	 5.393838e-02	 3.318875e-02	 
 2.210583e-01	 5.030224e-01	 2.597366e-03	 2.643005e-01	 4.727787e+01	 4.727796e+01	 9.316229e-05	 1	 1.257472e+03	 3.321580e-02	 3.190606e-02	 5.393838e-02	 3.318875e-02	 
 2.210583e-01	 5.030224e-01	 2.597366e-03	 2.643005e-01	 4.727787e+01	 4.727796e+01	 9.316229e-05	 1	 1.257472e+03	 3.321580e-02	 3.190606e-02	 5.393838e-02	 3.318875e-02	 
 2.202969e-01	 4.783996e-01	 1.435736e-03	 2.883098e-01	 4.727872e+01	 4.727796e+01	 7.616855e-04	 1	 8.957815e+02	 3.456123e-02	 3.182477e-02	 6.481549e-02	 2.923568e-02	 
 2.202969e-01	 4.783996e-01	 1.435736e-03	 2.883098e-01	 4.727872e+01	 4.727796e+01	 7.616855e-04	 1	 8.957815e+02	 3.456123e-02	 3.182477e-02	 6.481549e-02	 2.923568e-02	 
 2.202969e-01	 4.783996e-01	 1.435736e-03	 2.883098e-01	 4.727872e+01	 4.727796e+01	 7.616855e-04	 1	 8.957815e+02	 3.456123e-02	 3.182477e-02	 6.481549e-02	 2.923568e-02	 
 2.202969e-01	 4.783996e-01	 1.435736e-03	 2.883098e-01	 4.727872e+01	 4.727796e+01	 7.616855e-04	 1	 8.957815e+02	 3.456123e-02	 3.182477e-02	 6.481549e-02	 2.923568e-02	 
 2.202969e-01	 4.783996e-01	 1.435736e-03	 2.883098e-01	 4.727872e+01	 4.727796e+01	 7.616855e-04	 1	 8.957815e+02	 3.456123e-02	 3.182477e-02	 6.481549e-02	 2.923568e-02	 
 2.202969e-01	 4.783996e-01	 1.435736e-03	 2.883098e-01	 4.727872e+01	 4.727796e+01	 7.616855e-04	 1	 8.957815e+02	 3.456123e-02	 3.182477e-02	 6.481549e-02	 2.923568e-02	 
 2.210583e-01	 5.030224e-01	 2.597366e-03	 2.643005e-01	 4.727787e+01	 4.727796e+01	 9.316229e-05	 1	 1.257472e+03	 3.321580e-02	 3.190606e-02	 5.393838e-02	 3.318875e-02	 
 2.210583e-01	 5.030224e-01	 2.597366e-03	 2.643005e-01	 4.727787e+01	 4.727796e+01	 9.316229e-05	 1	 1.257472e+03	 3.321580e-02	 3.190606e-02	 5.393838e-02	 3.318875e-02	 
 2.210583e-01	 5.030224e-01	 2.597366e-03	 2.643005e-01	 4.727787e+01	 4.727796e+01	 9.316229e-05	 1	 1.257472e+03	 3.321580e-02	 3.190606e-02	 5.393838e-02	 3.318875e-02	 
 2.210583e-01	 5.030224e-01	 2.597366e-03	 2.643005e-01	 4.727787e+01	 4.727796e+01	 9.316229e-05	 1	 1.257472e+03	 3.321580e-02	 3.190606e-02	 5.393838e-02	 3.318875e-02	 
 2.210583e-01	 5.030224e-01	 2.597366e-03	 2.643005e-01	 4.727787e+01	 4.727796e+01	 9.316229e-05	 1	 1.257472e+03	 3.321580e-02	 3.190606e-02	 5.393838e-02	 3.318875e-02	 
 2.210583e-01	 5.030224e-01	 2.597366e-03	 2.643005e-01	 4.727787e+01	 4.727796e+01	 9.316229e-05	 1	 1.257472e+03	 3.321580e-02	 3.190606e-02	 5.393838e-02	 3.318875e-02	 
 2.210583e-01	 5.030224e-01	 2.597366e-03	 2.643005e-01	 4.727787e+01	 4.727796e+01	 9.316229e-05	 1	 1.257472e+03	 3.321580e-02	 3.190606e-02	 5.393838e-02	 3.318875e-02	 
 2.210583e-01	 5.030224e-01	 2.597366e-03	 2.643005e-01	 4.727787e+01	 4.727796e+01	 9.316229e-05	 1	 1.257472e+03	 3.321580e-02	 3.190606e-02	 5.393838e-02	 3.318875e-02	 
 2.210583e-01	 5.030224e-01	 2.597366e-03	 2.643005e-01	 4.727787e+01	 4.727796e+01	 9.316229e-05	 1	 1.257472e+03	 3.321580e-02	 3.190606e-02	 5.393838e-02	 3.318875e-02	 
 2.210583e-01	 5.030224e-01	 2.597366e-03	 2.643005e-01	 4.727787e+01	 4.727796e+01	 9.316229e-05	 1	 1.257472e+03	 3.321580e-02	 3.190606e-02	 5.393838e-02	 3.318875e-02	 
 2.210583e-01	 5.030224e-01	 2.597366e-03	 2.643005e-01	 4.727787e+01	 4.727796e+01	 9.316229e-05	 1	 1.257472e+03	 3.321580e-02	 3.190606e-02	 5.393838e-02	 3.318875e-02	 
 2.210583e-01	 5.030224e-01	 2.597366e-03	 2.643005e-01	 4.727787e+01	 4.727796e+01	 9.316229e-05	 1	 1.257472e+03	 3.321580e-02	 3.190606e-02	 5.393838e-02	 3.318875e-02	 
 2.233063e-01	 5.469923e-01	 4.808118e-03	 2.204912e-01	 4.727834e+01	 4.727796e+01	 3.804546e-04	 1	 2.532443e+03	 2.737455e-02	 2.809669e-02	 4.378741e-02	 3.765694e-02	 
 2.233063e-01	 5.469923e-01	 4.808118e-03	 2.204912e-01	 4.727834e+01	 4.727796e+01	 3.804546e-04	 1	 2.532443e+03	 2.737455e-02	 2.809669e-02	 4.378741e-02	 3.765694e-02	 
 2.233063e-01	 5.469923e-01	 4.808118e-03	 2.204912e-01	 4.727834e+01	 4.727796e+01	 3.804546e-04	 1	 2.532443e+03	 2.737455e-02	 2.809669e-02	 4.378741e-02	 3.765694e-02	 
 2.233063e-01	 5.469923e-01	 4.808118e-03	 2.204912e-01	 4.727834e+01	 4.727796e+01	 3.804546e-04	 1	 2.532443e+03	 2.737455e-02	 2.809669e-02	 4.378741e-02	 3.765694e-02	 
 2.233063e-01	 5.469923e-01	 4.808118e-03	 2.204912e-01	 4.727834e+01	 4.727796e+01	 3.804546e-04	 1	 2.532443e+03	 2.737455e-02	 2.809669e-02	 4.378741e-02	 3.765694e-02	 
 2.233063e-01	 5.469923e-01	 4.808118e-03	 2.204912e-01	 4.727834e+01	 4.727796e+01	 3.804546e-04	 1	 2.532443e+03	 2.737455e-02	 2.809669e-02	 4.378741e-02	 3.765694e-02	 
 