9.363639e-03	 2.047365e-01	 5.344788e-01	 1.884841e-01	 6.617139e-01	 7.593178e+00	 
 9.775486e-03	 1.799905e-01	 5.476049e-01	 2.015587e-01	 5.185887e-01	 7.438580e+00	 
 9.338697e-03	 1.748695e-01	 5.441096e-01	 2.134211e-01	 4.635121e-01	 7.393235e+00	 
 9.066872e-03	 1.734057e-01	 5.413577e-01	 2.193929e-01	 4.404119e-01	 7.375169e+00	 
 8.924847e-03	 1.728767e-01	 5.398408e-01	 2.223203e-01	 4.298587e-01	 7.367065e+00	 
 8.852941e-03	 1.726556e-01	 5.390570e-01	 2.237641e-01	 4.248152e-01	 7.363224e+00	 
 8.816830e-03	 1.725551e-01	 5.386598e-01	 2.244807e-01	 4.223497e-01	 7.361353e+00	 
 8.798742e-03	 1.725073e-01	 5.384601e-01	 2.248375e-01	 4.211307e-01	 7.360430e+00	 
 8.789691e-03	 1.724840e-01	 5.383599e-01	 2.250156e-01	 4.205247e-01	 7.359972e+00	 
 8.785164e-03	 1.724724e-01	 5.383098e-01	 2.251045e-01	 4.202225e-01	 7.359744e+00	 
 8.782900e-03	 1.724667e-01	 5.382847e-01	 2.251490e-01	 4.200716e-01	 7.359630e+00	 
 8.781768e-03	 1.724639e-01	 5.382721e-01	 2.251712e-01	 4.199962e-01	 7.359573e+00	 
 8.781202e-03	 1.724624e-01	 5.382658e-01	 2.251823e-01	 4.199585e-01	 7.359544e+00	 
 8.780919e-03	 1.724617e-01	 5.382627e-01	 2.251879e-01	 4.199397e-01	 7.359530e+00	 
 8.780777e-03	 1.724614e-01	 5.382611e-01	 2.251906e-01	 4.199303e-01	 7.359523e+00	 
 8.764338e-03	 1.729079e-01	 5.380133e-01	 2.250395e-01	 4.183301e-01	 7.360105e+00	 
 8.759911e-03	 1.739452e-01	 5.391815e-01	 2.230755e-01	 4.155716e-01	 7.356764e+00	 
 9.327432e-03	 1.723127e-01	 5.410030e-01	 2.225827e-01	 3.636641e-01	 7.329234e+00	 
 9.303684e-03	 1.737868e-01	 5.418373e-01	 2.205578e-01	 3.600027e-01	 7.326794e+00	 
 9.303682e-03	 1.737868e-01	 5.418373e-01	 2.205579e-01	 3.600026e-01	 7.326794e+00	 
 9.876506e-03	 1.706393e-01	 5.405693e-01	 2.242622e-01	 3.168177e-01	 7.306261e+00	 
 1.092592e-03	 3.448285e-01	 3.538676e-01	 2.939136e-01	 1.090819e-01	 9.727854e+00	 
 3.609916e-05	 3.736864e-01	 3.166637e-01	 3.023916e-01	 2.295501e-02	 5.903378e+00	 
 9.455275e-05	 3.724063e-01	 3.173687e-01	 3.028032e-01	 2.251577e-02	 5.928954e+00	 
 1.235496e-04	 3.717721e-01	 3.176771e-01	 3.030478e-01	 2.221449e-02	 5.954729e+00	 
 1.378259e-04	 3.714600e-01	 3.178196e-01	 3.031775e-01	 2.204528e-02	 5.969884e+00	 
 1.448904e-04	 3.713056e-01	 3.178878e-01	 3.032440e-01	 2.195633e-02	 5.977902e+00	 
 1.484021e-04	 3.712289e-01	 3.179211e-01	 3.032776e-01	 2.191080e-02	 5.982007e+00	 
 1.501526e-04	 3.711906e-01	 3.179376e-01	 3.032945e-01	 2.188778e-02	 5.984081e+00	 
 1.510265e-04	 3.711715e-01	 3.179458e-01	 3.033029e-01	 2.187621e-02	 5.985124e+00	 
 1.514631e-04	 3.711620e-01	 3.179499e-01	 3.033072e-01	 2.187040e-02	 5.985647e+00	 
 1.516813e-04	 3.711572e-01	 3.179520e-01	 3.033093e-01	 2.186750e-02	 5.985908e+00	 
 1.517903e-04	 3.711548e-01	 3.179530e-01	 3.033103e-01	 2.186605e-02	 5.986039e+00	 
 1.518449e-04	 3.711536e-01	 3.179535e-01	 3.033109e-01	 2.186532e-02	 5.986105e+00	 
 1.518722e-04	 3.711530e-01	 3.179537e-01	 3.033111e-01	 2.186495e-02	 5.986137e+00	 
 1.518858e-04	 3.711527e-01	 3.179539e-01	 3.033113e-01	 2.186477e-02	 5.986154e+00	 
 1.518926e-04	 3.711526e-01	 3.179539e-01	 3.033113e-01	 2.186468e-02	 5.986162e+00	 
 3.911337e-05	 3.742589e-01	 3.098745e-01	 3.083342e-01	 2.103725e-02	 7.609321e+00	 
 5.882645e-05	 3.738688e-01	 3.098797e-01	 3.086440e-01	 2.074982e-02	 7.651770e+00	 
 6.809194e-05	 3.736816e-01	 3.098816e-01	 3.087962e-01	 2.062149e-02	 7.673148e+00	 
 7.257531e-05	 3.735901e-01	 3.098824e-01	 3.088713e-01	 2.056042e-02	 7.683914e+00	 
 7.477967e-05	 3.735449e-01	 3.098827e-01	 3.089087e-01	 2.053058e-02	 7.689322e+00	 
 7.587254e-05	 3.735224e-01	 3.098829e-01	 3.089273e-01	 2.051582e-02	 7.692032e+00	 
 7.641665e-05	 3.735112e-01	 3.098829e-01	 3.089366e-01	 2.050848e-02	 7.693389e+00	 
 7.668813e-05	 3.735056e-01	 3.098830e-01	 3.089412e-01	 2.050481e-02	 7.694068e+00	 
 7.682372e-05	 3.735028e-01	 3.098830e-01	 3.089435e-01	 2.050299e-02	 7.694408e+00	 
 7.689148e-05	 3.735014e-01	 3.098830e-01	 3.089447e-01	 2.050207e-02	 7.694577e+00	 
 7.692536e-05	 3.735007e-01	 3.098830e-01	 3.089453e-01	 2.050162e-02	 7.694662e+00	 
 7.694229e-05	 3.735004e-01	 3.098830e-01	 3.089456e-01	 2.050139e-02	 7.694705e+00	 
 7.695076e-05	 3.735002e-01	 3.098830e-01	 3.089457e-01	 2.050127e-02	 7.694726e+00	 
 7.695499e-05	 3.735001e-01	 3.098830e-01	 3.089458e-01	 2.050122e-02	 7.694737e+00	 
 4.886806e-05	 3.742874e-01	 3.093689e-01	 3.086951e-01	 1.883629e-02	 7.806854e+00	 
 4.889905e-05	 3.742868e-01	 3.093690e-01	 3.086955e-01	 1.883625e-02	 7.806925e+00	 
 