Condicionamento
1.945646e+02	 
 2.105548e+03	 
 1.778506e+02	 
 8.118160e+00	 
 8.130101e+01	 
 1.154297e+02	 
 3.539250e+01	 
 4.409936e+01	 
 7.741437e+01	 
 7.688873e+01	 
 8.642347e+01	 
 1.778506e+02	 
 1.778506e+02	 
 6.689227e+01	 
 8.130101e+01	 
 8.130101e+01	 
 7.393182e+01	 
 6.239873e+01	 
 4.493249e+01	 
 6.774742e+01	 
 7.947473e+01	 
 8.124470e+01	 
 7.498433e+01	 
 7.498433e+01	 
 7.038557e+01	 
 8.144153e+01	 
 8.130101e+01	 
 8.130101e+01	 
 7.950435e+01	 
 8.130101e+01	 
 8.130101e+01	 
 7.950435e+01	 
 6.660925e+01	 
 6.365062e+01	 
 6.865326e+01	 
 7.508498e+01	 
 7.508498e+01	 
 6.596542e+01	 
 1.778506e+02	 
 1.778506e+02	 
 