1.145578e-01	 8.762371e-01	 7.687416e-02	 -6.783441e-02	 9.201521e-02	 2.680562e-01	 1.760410e-01	 0	 4.850177e+02	 9.098824e-02	 9.026258e-02	 3.712530e-01	 5.041232e+00	 
 9.641509e-02	 -2.516187e+00	 4.328128e-01	 2.986865e+00	 1.944481e-01	 2.894813e-01	 9.503322e-02	 0	 1.190040e+03	 1.612891e-01	 2.078430e-01	 1.972108e-01	 1.882895e+00	 
 1.331880e-01	 -4.896795e+00	 4.465900e-01	 5.317217e+00	 1.656936e-01	 2.607603e-01	 9.506677e-02	 0	 1.778506e+02	 7.319122e-02	 9.687048e-02	 1.182980e-01	 6.384957e+00	 
 3.393609e-03	 5.888443e-01	 2.084925e-01	 1.985686e-01	 1.531921e-01	 1.497519e-01	 3.440238e-03	 1	 1.214416e+01	 4.153135e-02	 3.042583e-02	 4.850372e-02	 7.386881e-01	 
 -2.103474e-02	 5.708523e-01	 2.073935e-01	 2.427840e-01	 1.652889e-01	 1.500045e-01	 1.528449e-02	 0	 8.130101e+01	 1.402781e-03	 1.256096e-03	 2.624275e-03	 1.973876e-01	 
 1.867758e-01	 -3.779499e-02	 -4.590245e-03	 8.554413e-01	 2.293588e-01	 3.690458e-01	 1.396869e-01	 0	 1.035193e+02	 1.907571e-02	 2.516073e-01	 2.668787e-01	 1.711272e+00	 
 1.455043e-01	 9.756608e-01	 -1.523139e-01	 2.928086e-02	 1.688974e-01	 3.956156e-01	 2.267182e-01	 0	 4.371346e+01	 6.298057e-02	 2.985831e-01	 3.591395e-01	 9.337697e-01	 
 1.038391e-01	 9.556458e-01	 -8.775433e-02	 2.573688e-02	 1.374335e-01	 3.553570e-01	 2.179235e-01	 0	 6.430640e+01	 1.413000e-01	 1.763097e-01	 4.384475e-01	 3.258645e+00	 
 1.615720e-01	 3.592548e+00	 -1.097950e+00	 -1.656901e+00	 7.150659e-02	 2.276367e-01	 1.561301e-01	 0	 1.332052e+02	 1.355922e-01	 1.888153e-01	 3.699632e-01	 7.420215e+00	 
 2.961701e-02	 7.019711e-01	 1.800307e-01	 8.795240e-02	 1.247754e-01	 1.381926e-01	 1.341717e-02	 1	 1.947236e+01	 2.542254e-02	 3.404766e-02	 4.989039e-02	 5.532547e-01	 
 4.656537e-03	 6.955978e-01	 2.013447e-01	 9.821169e-02	 1.306193e-01	 1.381926e-01	 7.573301e-03	 1	 7.688873e+01	 3.067922e-02	 2.319823e-02	 4.357555e-02	 1.800397e+00	 
 1.331880e-01	 -4.896795e+00	 4.465900e-01	 5.317217e+00	 1.656936e-01	 2.607603e-01	 9.506677e-02	 0	 1.778506e+02	 7.319122e-02	 9.687048e-02	 1.182980e-01	 6.384957e+00	 
 1.331880e-01	 -4.896795e+00	 4.465900e-01	 5.317217e+00	 1.656936e-01	 2.607603e-01	 9.506677e-02	 0	 1.778506e+02	 7.319122e-02	 9.687048e-02	 1.182980e-01	 6.384957e+00	 
 4.656537e-03	 6.955978e-01	 2.013447e-01	 9.821169e-02	 1.306193e-01	 1.381926e-01	 7.573301e-03	 1	 7.688873e+01	 3.067922e-02	 2.319823e-02	 4.357555e-02	 1.800397e+00	 
 -2.103474e-02	 5.708523e-01	 2.073935e-01	 2.427840e-01	 1.652889e-01	 1.500045e-01	 1.528449e-02	 0	 8.130101e+01	 1.402781e-03	 1.256096e-03	 2.624275e-03	 1.973876e-01	 
 -2.103474e-02	 5.708523e-01	 2.073935e-01	 2.427840e-01	 1.652889e-01	 1.500045e-01	 1.528449e-02	 0	 8.130101e+01	 1.402781e-03	 1.256096e-03	 2.624275e-03	 1.973876e-01	 
 4.656537e-03	 6.955978e-01	 2.013447e-01	 9.821169e-02	 1.306193e-01	 1.381926e-01	 7.573301e-03	 1	 7.688873e+01	 3.067922e-02	 2.319823e-02	 4.357555e-02	 1.800397e+00	 
 5.164314e-03	 6.917377e-01	 2.047210e-01	 9.818053e-02	 1.311559e-01	 1.381926e-01	 7.036694e-03	 1	 7.393182e+01	 3.073372e-02	 2.331631e-02	 3.392332e-02	 1.737128e+00	 
 6.525363e-03	 6.885128e-01	 2.050241e-01	 9.971616e-02	 1.317617e-01	 1.381926e-01	 6.430915e-03	 1	 6.239873e+01	 3.087713e-02	 2.374595e-02	 2.672415e-02	 1.584709e+00	 
 4.656537e-03	 6.955978e-01	 2.013447e-01	 9.821169e-02	 1.306193e-01	 1.381926e-01	 7.573301e-03	 1	 7.688873e+01	 3.067922e-02	 2.319823e-02	 4.357555e-02	 1.800397e+00	 
 1.234098e-01	 1.083004e-03	 2.268838e-01	 6.485584e-01	 2.145606e-01	 2.894813e-01	 7.492067e-02	 1	 2.105548e+03	 1.643813e-01	 2.097572e-01	 1.992572e-01	 9.267800e-01	 
 2.089175e-01	 5.391304e-01	 1.445299e-01	 1.071213e-01	 2.848918e-01	 2.894813e-01	 4.589467e-03	 1	 7.947473e+01	 3.114673e-02	 2.542245e-01	 2.213660e-01	 1.565212e+00	 
 4.656537e-03	 6.955978e-01	 2.013447e-01	 9.821169e-02	 1.306193e-01	 1.381926e-01	 7.573301e-03	 1	 7.688873e+01	 3.067922e-02	 2.319823e-02	 4.357555e-02	 1.800397e+00	 
 4.656537e-03	 6.955978e-01	 2.013447e-01	 9.821169e-02	 1.306193e-01	 1.381926e-01	 7.573301e-03	 1	 7.688873e+01	 3.067922e-02	 2.319823e-02	 4.357555e-02	 1.800397e+00	 
 5.112194e-03	 6.917896e-01	 2.047642e-01	 9.813409e-02	 1.311451e-01	 1.381926e-01	 7.047488e-03	 1	 7.498433e+01	 3.075780e-02	 2.336519e-02	 3.400490e-02	 1.693268e+00	 
 4.656537e-03	 6.955978e-01	 2.013447e-01	 9.821169e-02	 1.306193e-01	 1.381926e-01	 7.573301e-03	 1	 7.688873e+01	 3.067922e-02	 2.319823e-02	 4.357555e-02	 1.800397e+00	 
 -2.103474e-02	 5.708523e-01	 2.073935e-01	 2.427840e-01	 1.652889e-01	 1.500045e-01	 1.528449e-02	 0	 8.130101e+01	 1.402781e-03	 1.256096e-03	 2.624275e-03	 1.973876e-01	 
 -2.103474e-02	 5.708523e-01	 2.073935e-01	 2.427840e-01	 1.652889e-01	 1.500045e-01	 1.528449e-02	 0	 8.130101e+01	 1.402781e-03	 1.256096e-03	 2.624275e-03	 1.973876e-01	 
 4.656537e-03	 6.955978e-01	 2.013447e-01	 9.821169e-02	 1.306193e-01	 1.381926e-01	 7.573301e-03	 1	 7.688873e+01	 3.067922e-02	 2.319823e-02	 4.357555e-02	 1.800397e+00	 
 -2.103474e-02	 5.708523e-01	 2.073935e-01	 2.427840e-01	 1.652889e-01	 1.500045e-01	 1.528449e-02	 0	 8.130101e+01	 1.402781e-03	 1.256096e-03	 2.624275e-03	 1.973876e-01	 
 -2.103474e-02	 5.708523e-01	 2.073935e-01	 2.427840e-01	 1.652889e-01	 1.500045e-01	 1.528449e-02	 0	 8.130101e+01	 1.402781e-03	 1.256096e-03	 2.624275e-03	 1.973876e-01	 
 4.656537e-03	 6.955978e-01	 2.013447e-01	 9.821169e-02	 1.306193e-01	 1.381926e-01	 7.573301e-03	 1	 7.688873e+01	 3.067922e-02	 2.319823e-02	 4.357555e-02	 1.800397e+00	 
 4.656537e-03	 6.955978e-01	 2.013447e-01	 9.821169e-02	 1.306193e-01	 1.381926e-01	 7.573301e-03	 1	 7.688873e+01	 3.067922e-02	 2.319823e-02	 4.357555e-02	 1.800397e+00	 
 5.985286e-03	 6.910147e-01	 2.048351e-01	 9.795362e-02	 1.311276e-01	 1.381926e-01	 7.064992e-03	 1	 6.660925e+01	 3.082750e-02	 2.356155e-02	 3.411385e-02	 1.657690e+00	 
 4.656537e-03	 6.955978e-01	 2.013447e-01	 9.821169e-02	 1.306193e-01	 1.381926e-01	 7.573301e-03	 1	 7.688873e+01	 3.067922e-02	 2.319823e-02	 4.357555e-02	 1.800397e+00	 
 6.657241e-02	 6.102362e-01	 1.466836e-01	 1.777080e-01	 1.132419e-01	 2.276367e-01	 1.143948e-01	 1	 7.741437e+01	 2.458283e-01	 1.780369e-01	 4.796729e-01	 2.345753e+01	 
 6.934716e-02	 5.906555e-01	 1.533689e-01	 1.878253e-01	 1.162813e-01	 2.276367e-01	 1.113554e-01	 1	 7.508498e+01	 2.460077e-01	 1.780407e-01	 4.825644e-01	 2.355345e+01	 
 4.656537e-03	 6.955978e-01	 2.013447e-01	 9.821169e-02	 1.306193e-01	 1.381926e-01	 7.573301e-03	 1	 7.688873e+01	 3.067922e-02	 2.319823e-02	 4.357555e-02	 1.800397e+00	 
 1.331880e-01	 -4.896795e+00	 4.465900e-01	 5.317217e+00	 1.656936e-01	 2.607603e-01	 9.506677e-02	 0	 1.778506e+02	 7.319122e-02	 9.687048e-02	 1.182980e-01	 6.384957e+00	 
 1.331880e-01	 -4.896795e+00	 4.465900e-01	 5.317217e+00	 1.656936e-01	 2.607603e-01	 9.506677e-02	 0	 1.778506e+02	 7.319122e-02	 9.687048e-02	 1.182980e-01	 6.384957e+00	 
 