s	 e	 nS	 nE	 p	 f
0	 0	 0	 0	 0	 0	 
 34	 51	 1140	 55	 1	 -1085	 
 34	 51	 1140	 57	 1	 -1083	 
 34	 51	 1140	 57	 1	 -1083	 
 34	 51	 1140	 54	 1	 -1086	 
 34	 51	 1140	 57	 1	 -1083	 
 34	 51	 1140	 53	 1	 -1087	 
 34	 51	 1140	 59	 1	 -1081	 
 34	 51	 1140	 60	 1	 -1080	 
 34	 51	 1140	 58	 1	 -1082	 
 34	 51	 1140	 53	 1	 -1087	 
 34	 51	 1140	 55	 1	 -1085	 
 34	 51	 1140	 56	 1	 -1084	 
 34	 51	 1140	 56	 1	 -1084	 
 34	 51	 1140	 53	 1	 -1087	 
 34	 51	 1140	 56	 1	 -1084	 
 34	 51	 1140	 59	 1	 -1081	 
 34	 51	 1140	 58	 1	 -1082	 
 34	 51	 1140	 60	 1	 -1080	 
 34	 51	 1140	 55	 1	 -1085	 
 34	 51	 1140	 59	 1	 -1081	 
 34	 51	 1140	 55	 1	 -1085	 
 34	 51	 1140	 52	 1	 -1088	 
 34	 51	 1140	 53	 1	 -1087	 
 34	 51	 1140	 54	 1	 -1086	 
 34	 51	 1140	 60	 1	 -1080	 
 34	 51	 1140	 53	 1	 -1087	 
 34	 51	 1140	 60	 1	 -1080	 
 34	 51	 1140	 57	 1	 -1083	 
 34	 51	 1140	 56	 1	 -1084	 
 34	 51	 1140	 59	 1	 -1081	 
 34	 51	 1140	 52	 1	 -1088	 
 34	 51	 1140	 55	 1	 -1085	 
 34	 51	 1140	 56	 1	 -1084	 
 34	 51	 1140	 56	 1	 -1084	 
 34	 51	 1140	 57	 1	 -1083	 
 34	 51	 1140	 60	 1	 -1080	 
 34	 51	 1140	 52	 1	 -1088	 
 34	 51	 1140	 57	 1	 -1083	 
 34	 51	 1140	 52	 1	 -1088	 
 34	 51	 1140	 55	 1	 -1085	 
 34	 51	 1140	 55	 1	 -1085	 
 34	 51	 1140	 58	 1	 -1082	 
 34	 51	 1140	 59	 1	 -1081	 
 34	 51	 1140	 57	 1	 -1083	 
 34	 51	 1140	 60	 1	 -1080	 
 34	 51	 1140	 59	 1	 -1081	 
 34	 51	 1140	 60	 1	 -1080	 
 34	 51	 1140	 55	 1	 -1085	 
 34	 51	 1140	 52	 1	 -1088	 
 34	 51	 1140	 58	 1	 -1082	 
 34	 51	 1140	 59	 1	 -1081	 
 34	 51	 1140	 60	 1	 -1080	 
 34	 51	 1140	 54	 1	 -1086	 
 34	 51	 1140	 58	 1	 -1082	 
 34	 51	 1140	 58	 1	 -1082	 
 34	 51	 1140	 56	 1	 -1084	 
 34	 51	 1140	 55	 1	 -1085	 
 34	 51	 1140	 52	 1	 -1088	 
 34	 51	 1140	 57	 1	 -1083	 
 34	 51	 1140	 57	 1	 -1083	 
 34	 51	 1140	 54	 1	 -1086	 
 34	 51	 1140	 56	 1	 -1084	 
 34	 51	 1140	 59	 1	 -1081	 
 34	 51	 1140	 60	 1	 -1080	 
 34	 51	 1140	 56	 1	 -1084	 
 34	 51	 1140	 60	 1	 -1080	 
 34	 51	 1140	 55	 1	 -1085	 
 34	 51	 1140	 52	 1	 -1088	 
 34	 51	 1140	 60	 1	 -1080	 
 34	 51	 1140	 52	 1	 -1088	 
 34	 51	 1140	 60	 1	 -1080	 
 34	 51	 1140	 60	 1	 -1080	 
 34	 51	 1140	 52	 1	 -1088	 
 34	 51	 1140	 53	 1	 -1087	 
 34	 51	 1140	 55	 1	 -1085	 
 34	 51	 1140	 53	 1	 -1087	 
 34	 51	 1140	 58	 1	 -1082	 
 34	 51	 1140	 59	 1	 -1081	 
 34	 51	 1140	 54	 1	 -1086	 
 34	 51	 1140	 53	 1	 -1087	 
 34	 51	 1140	 54	 1	 -1086	 
 34	 51	 1140	 52	 1	 -1088	 
 34	 51	 1140	 57	 1	 -1083	 
 34	 51	 1140	 54	 1	 -1086	 
 34	 51	 1140	 52	 1	 -1088	 
 34	 51	 1140	 60	 1	 -1080	 
 34	 51	 1140	 60	 1	 -1080	 
 34	 51	 1140	 60	 1	 -1080	 
 34	 51	 1140	 58	 1	 -1082	 
 34	 51	 1140	 58	 1	 -1082	 
 34	 51	 1140	 55	 1	 -1085	 
 34	 51	 1140	 55	 1	 -1085	 
 34	 51	 1140	 60	 1	 -1080	 
 34	 51	 1140	 58	 1	 -1082	 
 34	 51	 1140	 60	 1	 -1080	 
 34	 51	 1140	 55	 1	 -1085	 
 34	 51	 1140	 53	 1	 -1087	 
 34	 51	 1140	 52	 1	 -1088	 
 34	 51	 1140	 54	 1	 -1086	 
 0	 0	 0	 0	 0	 0	 
 0	 0	 0	 0	 0	 0	 
 31	 55	 1140	 63	 1	 -1077	 
 31	 55	 1140	 57	 1	 -1083	 
 31	 55	 1140	 63	 1	 -1077	 
 31	 55	 1140	 66	 1	 -1074	 
 31	 55	 1140	 61	 1	 -1079	 
 31	 55	 1140	 66	 1	 -1074	 
 31	 55	 1140	 56	 1	 -1084	 
 31	 55	 1140	 63	 1	 -1077	 
 31	 55	 1140	 63	 1	 -1077	 
 31	 55	 1140	 66	 1	 -1074	 
 31	 55	 1140	 56	 1	 -1084	 
 31	 55	 1140	 60	 1	 -1080	 
 31	 55	 1140	 63	 1	 -1077	 
 31	 55	 1140	 58	 1	 -1082	 
 31	 55	 1140	 62	 1	 -1078	 
 31	 55	 1140	 57	 1	 -1083	 
 31	 55	 1140	 66	 1	 -1074	 
 31	 55	 1140	 66	 1	 -1074	 
 31	 55	 1140	 65	 1	 -1075	 
 31	 55	 1140	 63	 1	 -1077	 
 31	 55	 1140	 56	 1	 -1084	 
 31	 55	 1140	 67	 1	 -1073	 
 31	 55	 1140	 66	 1	 -1074	 
 31	 55	 1140	 65	 1	 -1075	 
 31	 55	 1140	 66	 1	 -1074	 
 31	 55	 1140	 66	 1	 -1074	 
 31	 55	 1140	 57	 1	 -1083	 
 31	 55	 1140	 60	 1	 -1080	 
 31	 55	 1140	 56	 1	 -1084	 
 31	 55	 1140	 60	 1	 -1080	 
 31	 55	 1140	 64	 1	 -1076	 
 31	 55	 1140	 58	 1	 -1082	 
 31	 55	 1140	 60	 1	 -1080	 
 31	 55	 1140	 58	 1	 -1082	 
 31	 55	 1140	 60	 1	 -1080	 
 31	 55	 1140	 62	 1	 -1078	 
 31	 55	 1140	 66	 1	 -1074	 
 31	 55	 1140	 64	 1	 -1076	 
 31	 55	 1140	 56	 1	 -1084	 
 31	 55	 1140	 66	 1	 -1074	 
 31	 55	 1140	 56	 1	 -1084	 
 31	 55	 1140	 56	 1	 -1084	 
 31	 55	 1140	 57	 1	 -1083	 
 31	 55	 1140	 58	 1	 -1082	 
 31	 55	 1140	 59	 1	 -1081	 
 31	 55	 1140	 66	 1	 -1074	 
 31	 55	 1140	 65	 1	 -1075	 
 31	 55	 1140	 67	 1	 -1073	 
 31	 55	 1140	 57	 1	 -1083	 
 31	 55	 1140	 57	 1	 -1083	 
 31	 55	 1140	 59	 1	 -1081	 
 31	 55	 1140	 62	 1	 -1078	 
 31	 55	 1140	 59	 1	 -1081	 
 31	 55	 1140	 61	 1	 -1079	 
 31	 55	 1140	 62	 1	 -1078	 
 31	 55	 1140	 61	 1	 -1079	 
 31	 55	 1140	 65	 1	 -1075	 
 31	 55	 1140	 66	 1	 -1074	 
 31	 55	 1140	 63	 1	 -1077	 
 31	 55	 1140	 56	 1	 -1084	 
 31	 55	 1140	 58	 1	 -1082	 
 31	 55	 1140	 64	 1	 -1076	 
 31	 55	 1140	 63	 1	 -1077	 
 31	 55	 1140	 59	 1	 -1081	 
 31	 55	 1140	 66	 1	 -1074	 
 31	 55	 1140	 63	 1	 -1077	 
 31	 55	 1140	 67	 1	 -1073	 
 31	 55	 1140	 59	 1	 -1081	 
 31	 55	 1140	 57	 1	 -1083	 
 31	 55	 1140	 65	 1	 -1075	 
 31	 55	 1140	 58	 1	 -1082	 
 31	 55	 1140	 59	 1	 -1081	 
 31	 55	 1140	 57	 1	 -1083	 
 31	 55	 1140	 60	 1	 -1080	 
 31	 55	 1140	 60	 1	 -1080	 
 31	 55	 1140	 58	 1	 -1082	 
 31	 55	 1140	 68	 1	 -1072	 
 31	 55	 1140	 58	 1	 -1082	 
 31	 55	 1140	 59	 1	 -1081	 
 31	 55	 1140	 56	 1	 -1084	 
 31	 55	 1140	 67	 1	 -1073	 
 31	 55	 1140	 62	 1	 -1078	 
 31	 55	 1140	 65	 1	 -1075	 
 31	 55	 1140	 61	 1	 -1079	 
 31	 55	 1140	 67	 1	 -1073	 
 31	 55	 1140	 59	 1	 -1081	 
 31	 55	 1140	 63	 1	 -1077	 
 31	 55	 1140	 63	 1	 -1077	 
 31	 55	 1140	 62	 1	 -1078	 
 31	 55	 1140	 61	 1	 -1079	 
 31	 55	 1140	 67	 1	 -1073	 
 31	 55	 1140	 58	 1	 -1082	 
 31	 55	 1140	 67	 1	 -1073	 
 31	 55	 1140	 56	 1	 -1084	 
 31	 55	 1140	 62	 1	 -1078	 
 31	 55	 1140	 67	 1	 -1073	 
 31	 55	 1140	 68	 1	 -1072	 
 31	 55	 1140	 60	 1	 -1080	 
 31	 55	 1140	 58	 1	 -1082	 
 0	 0	 0	 0	 0	 0	 
 0	 0	 0	 0	 0	 0	 
 34	 51	 1140	 58	 1	 -1082	 
 34	 51	 1140	 57	 1	 -1083	 
 34	 51	 1140	 58	 1	 -1082	 
 34	 51	 1140	 59	 1	 -1081	 
 34	 51	 1140	 52	 1	 -1088	 
 34	 51	 1140	 60	 1	 -1080	 
 34	 51	 1140	 60	 1	 -1080	 
 34	 51	 1140	 57	 1	 -1083	 
 34	 51	 1140	 59	 1	 -1081	 
 34	 51	 1140	 53	 1	 -1087	 
 34	 51	 1140	 60	 1	 -1080	 
 34	 51	 1140	 58	 1	 -1082	 
 34	 51	 1140	 55	 1	 -1085	 
 34	 51	 1140	 57	 1	 -1083	 
 34	 51	 1140	 54	 1	 -1086	 
 34	 51	 1140	 58	 1	 -1082	 
 34	 51	 1140	 57	 1	 -1083	 
 34	 51	 1140	 57	 1	 -1083	 
 34	 51	 1140	 53	 1	 -1087	 
 34	 51	 1140	 60	 1	 -1080	 
 34	 51	 1140	 60	 1	 -1080	 
 34	 51	 1140	 59	 1	 -1081	 
 34	 51	 1140	 59	 1	 -1081	 
 34	 51	 1140	 60	 1	 -1080	 
 34	 51	 1140	 52	 1	 -1088	 
 34	 51	 1140	 56	 1	 -1084	 
 34	 51	 1140	 58	 1	 -1082	 
 34	 51	 1140	 52	 1	 -1088	 
 34	 51	 1140	 55	 1	 -1085	 
 34	 51	 1140	 57	 1	 -1083	 
 34	 51	 1140	 54	 1	 -1086	 
 34	 51	 1140	 55	 1	 -1085	 
 34	 51	 1140	 54	 1	 -1086	 
 34	 51	 1140	 57	 1	 -1083	 
 34	 51	 1140	 55	 1	 -1085	 
 34	 51	 1140	 60	 1	 -1080	 
 34	 51	 1140	 55	 1	 -1085	 
 34	 51	 1140	 55	 1	 -1085	 
 34	 51	 1140	 54	 1	 -1086	 
 34	 51	 1140	 57	 1	 -1083	 
 34	 51	 1140	 52	 1	 -1088	 
 34	 51	 1140	 52	 1	 -1088	 
 34	 51	 1140	 59	 1	 -1081	 
 34	 51	 1140	 55	 1	 -1085	 
 34	 51	 1140	 53	 1	 -1087	 
 34	 51	 1140	 53	 1	 -1087	 
 34	 51	 1140	 56	 1	 -1084	 
 34	 51	 1140	 57	 1	 -1083	 
 34	 51	 1140	 52	 1	 -1088	 
 34	 51	 1140	 56	 1	 -1084	 
 34	 51	 1140	 57	 1	 -1083	 
 34	 51	 1140	 56	 1	 -1084	 
 34	 51	 1140	 53	 1	 -1087	 
 34	 51	 1140	 59	 1	 -1081	 
 34	 51	 1140	 55	 1	 -1085	 
 34	 51	 1140	 54	 1	 -1086	 
 34	 51	 1140	 60	 1	 -1080	 
 34	 51	 1140	 59	 1	 -1081	 
 34	 51	 1140	 52	 1	 -1088	 
 34	 51	 1140	 54	 1	 -1086	 
 34	 51	 1140	 60	 1	 -1080	 
 34	 51	 1140	 57	 1	 -1083	 
 34	 51	 1140	 56	 1	 -1084	 
 34	 51	 1140	 54	 1	 -1086	 
 34	 51	 1140	 59	 1	 -1081	 
 34	 51	 1140	 55	 1	 -1085	 
 34	 51	 1140	 59	 1	 -1081	 
 34	 51	 1140	 54	 1	 -1086	 
 34	 51	 1140	 59	 1	 -1081	 
 34	 51	 1140	 57	 1	 -1083	 
 34	 51	 1140	 59	 1	 -1081	 
 34	 51	 1140	 52	 1	 -1088	 
 34	 51	 1140	 55	 1	 -1085	 
 34	 51	 1140	 60	 1	 -1080	 
 34	 51	 1140	 59	 1	 -1081	 
 34	 51	 1140	 56	 1	 -1084	 
 34	 51	 1140	 55	 1	 -1085	 
 34	 51	 1140	 56	 1	 -1084	 
 34	 51	 1140	 56	 1	 -1084	 
 34	 51	 1140	 57	 1	 -1083	 
 34	 51	 1140	 55	 1	 -1085	 
 34	 51	 1140	 60	 1	 -1080	 
 34	 51	 1140	 57	 1	 -1083	 
 34	 51	 1140	 57	 1	 -1083	 
 34	 51	 1140	 58	 1	 -1082	 
 34	 51	 1140	 60	 1	 -1080	 
 34	 51	 1140	 53	 1	 -1087	 
 34	 51	 1140	 60	 1	 -1080	 
 34	 51	 1140	 56	 1	 -1084	 
 34	 51	 1140	 52	 1	 -1088	 
 34	 51	 1140	 57	 1	 -1083	 
 34	 51	 1140	 57	 1	 -1083	 
 34	 51	 1140	 52	 1	 -1088	 
 34	 51	 1140	 60	 1	 -1080	 
 34	 51	 1140	 60	 1	 -1080	 
 34	 51	 1140	 56	 1	 -1084	 
 34	 51	 1140	 54	 1	 -1086	 
 34	 51	 1140	 53	 1	 -1087	 
 34	 51	 1140	 55	 1	 -1085	 
 0	 0	 0	 0	 0	 0	 
 0	 0	 0	 0	 0	 0	 
 30	 42	 1140	 46	 1	 -1094	 
 30	 42	 1140	 48	 1	 -1092	 
 30	 42	 1140	 45	 1	 -1095	 
 30	 42	 1140	 48	 1	 -1092	 
 30	 42	 1140	 43	 1	 -1097	 
 30	 42	 1140	 48	 1	 -1092	 
 30	 42	 1140	 48	 1	 -1092	 
 30	 42	 1140	 44	 1	 -1096	 
 30	 42	 1140	 45	 1	 -1095	 
 30	 42	 1140	 44	 1	 -1096	 
 30	 42	 1140	 43	 1	 -1097	 
 30	 42	 1140	 48	 1	 -1092	 
 30	 42	 1140	 46	 1	 -1094	 
 30	 42	 1140	 45	 1	 -1095	 
 30	 42	 1140	 46	 1	 -1094	 
 30	 42	 1140	 44	 1	 -1096	 
 30	 42	 1140	 47	 1	 -1093	 
 30	 42	 1140	 47	 1	 -1093	 
 30	 42	 1140	 48	 1	 -1092	 
 30	 42	 1140	 47	 1	 -1093	 
 30	 42	 1140	 43	 1	 -1097	 
 30	 42	 1140	 45	 1	 -1095	 
 30	 42	 1140	 45	 1	 -1095	 
 30	 42	 1140	 44	 1	 -1096	 
 30	 42	 1140	 48	 1	 -1092	 
 30	 42	 1140	 47	 1	 -1093	 
 30	 42	 1140	 46	 1	 -1094	 
 30	 42	 1140	 45	 1	 -1095	 
 30	 42	 1140	 45	 1	 -1095	 
 30	 42	 1140	 44	 1	 -1096	 
 30	 42	 1140	 46	 1	 -1094	 
 30	 42	 1140	 47	 1	 -1093	 
 30	 42	 1140	 44	 1	 -1096	 
 30	 42	 1140	 49	 1	 -1091	 
 30	 42	 1140	 45	 1	 -1095	 
 30	 42	 1140	 47	 1	 -1093	 
 30	 42	 1140	 49	 1	 -1091	 
 30	 42	 1140	 48	 1	 -1092	 
 30	 42	 1140	 47	 1	 -1093	 
 30	 42	 1140	 45	 1	 -1095	 
 30	 42	 1140	 45	 1	 -1095	 
 30	 42	 1140	 47	 1	 -1093	 
 30	 42	 1140	 47	 1	 -1093	 
 30	 42	 1140	 46	 1	 -1094	 
 30	 42	 1140	 45	 1	 -1095	 
 30	 42	 1140	 48	 1	 -1092	 
 30	 42	 1140	 47	 1	 -1093	 
 30	 42	 1140	 46	 1	 -1094	 
 30	 42	 1140	 45	 1	 -1095	 
 30	 42	 1140	 43	 1	 -1097	 
 30	 42	 1140	 44	 1	 -1096	 
 30	 42	 1140	 44	 1	 -1096	 
 30	 42	 1140	 43	 1	 -1097	 
 30	 42	 1140	 43	 1	 -1097	 
 30	 42	 1140	 48	 1	 -1092	 
 30	 42	 1140	 49	 1	 -1091	 
 30	 42	 1140	 45	 1	 -1095	 
 30	 42	 1140	 43	 1	 -1097	 
 30	 42	 1140	 48	 1	 -1092	 
 30	 42	 1140	 44	 1	 -1096	 
 30	 42	 1140	 49	 1	 -1091	 
 30	 42	 1140	 45	 1	 -1095	 
 30	 42	 1140	 44	 1	 -1096	 
 30	 42	 1140	 46	 1	 -1094	 
 30	 42	 1140	 43	 1	 -1097	 
 30	 42	 1140	 48	 1	 -1092	 
 30	 42	 1140	 46	 1	 -1094	 
 30	 42	 1140	 43	 1	 -1097	 
 30	 42	 1140	 45	 1	 -1095	 
 30	 42	 1140	 44	 1	 -1096	 
 30	 42	 1140	 48	 1	 -1092	 
 30	 42	 1140	 45	 1	 -1095	 
 30	 42	 1140	 45	 1	 -1095	 
 30	 42	 1140	 44	 1	 -1096	 
 30	 42	 1140	 45	 1	 -1095	 
 30	 42	 1140	 48	 1	 -1092	 
 30	 42	 1140	 44	 1	 -1096	 
 30	 42	 1140	 47	 1	 -1093	 
 30	 42	 1140	 46	 1	 -1094	 
 30	 42	 1140	 43	 1	 -1097	 
 30	 42	 1140	 46	 1	 -1094	 
 30	 42	 1140	 45	 1	 -1095	 
 30	 42	 1140	 48	 1	 -1092	 
 30	 42	 1140	 47	 1	 -1093	 
 30	 42	 1140	 48	 1	 -1092	 
 30	 42	 1140	 47	 1	 -1093	 
 30	 42	 1140	 45	 1	 -1095	 
 30	 42	 1140	 43	 1	 -1097	 
 30	 42	 1140	 48	 1	 -1092	 
 30	 42	 1140	 47	 1	 -1093	 
 30	 42	 1140	 48	 1	 -1092	 
 30	 42	 1140	 47	 1	 -1093	 
 30	 42	 1140	 43	 1	 -1097	 
 30	 42	 1140	 48	 1	 -1092	 
 30	 42	 1140	 46	 1	 -1094	 
 30	 42	 1140	 43	 1	 -1097	 
 30	 42	 1140	 43	 1	 -1097	 
 30	 42	 1140	 43	 1	 -1097	 
 30	 42	 1140	 43	 1	 -1097	 
 0	 0	 0	 0	 0	 0	 
 0	 0	 0	 0	 0	 0	 
 34	 51	 1140	 53	 1	 -1087	 
 34	 51	 1140	 59	 1	 -1081	 
 34	 51	 1140	 60	 1	 -1080	 
 34	 51	 1140	 52	 1	 -1088	 
 34	 51	 1140	 53	 1	 -1087	 
 34	 51	 1140	 60	 1	 -1080	 
 34	 51	 1140	 55	 1	 -1085	 
 34	 51	 1140	 60	 1	 -1080	 
 34	 51	 1140	 56	 1	 -1084	 
 34	 51	 1140	 55	 1	 -1085	 
 34	 51	 1140	 54	 1	 -1086	 
 34	 51	 1140	 60	 1	 -1080	 
 34	 51	 1140	 56	 1	 -1084	 
 34	 51	 1140	 58	 1	 -1082	 
 34	 51	 1140	 57	 1	 -1083	 
 34	 51	 1140	 58	 1	 -1082	 
 34	 51	 1140	 57	 1	 -1083	 
 34	 51	 1140	 57	 1	 -1083	 
 34	 51	 1140	 55	 1	 -1085	 
 34	 51	 1140	 52	 1	 -1088	 
 34	 51	 1140	 56	 1	 -1084	 
 34	 51	 1140	 52	 1	 -1088	 
 34	 51	 1140	 54	 1	 -1086	 
 34	 51	 1140	 58	 1	 -1082	 
 34	 51	 1140	 54	 1	 -1086	 
 34	 51	 1140	 55	 1	 -1085	 
 34	 51	 1140	 53	 1	 -1087	 
 34	 51	 1140	 53	 1	 -1087	 
 34	 51	 1140	 53	 1	 -1087	 
 34	 51	 1140	 60	 1	 -1080	 
 34	 51	 1140	 57	 1	 -1083	 
 34	 51	 1140	 60	 1	 -1080	 
 34	 51	 1140	 56	 1	 -1084	 
 34	 51	 1140	 58	 1	 -1082	 
 34	 51	 1140	 59	 1	 -1081	 
 34	 51	 1140	 59	 1	 -1081	 
 34	 51	 1140	 52	 1	 -1088	 
 34	 51	 1140	 52	 1	 -1088	 
 34	 51	 1140	 60	 1	 -1080	 
 34	 51	 1140	 53	 1	 -1087	 
 34	 51	 1140	 60	 1	 -1080	 
 34	 51	 1140	 56	 1	 -1084	 
 34	 51	 1140	 56	 1	 -1084	 
 34	 51	 1140	 54	 1	 -1086	 
 34	 51	 1140	 56	 1	 -1084	 
 34	 51	 1140	 53	 1	 -1087	 
 34	 51	 1140	 56	 1	 -1084	 
 34	 51	 1140	 58	 1	 -1082	 
 34	 51	 1140	 58	 1	 -1082	 
 34	 51	 1140	 54	 1	 -1086	 
 34	 51	 1140	 60	 1	 -1080	 
 34	 51	 1140	 55	 1	 -1085	 
 34	 51	 1140	 53	 1	 -1087	 
 34	 51	 1140	 55	 1	 -1085	 
 34	 51	 1140	 56	 1	 -1084	 
 34	 51	 1140	 55	 1	 -1085	 
 34	 51	 1140	 54	 1	 -1086	 
 34	 51	 1140	 54	 1	 -1086	 
 34	 51	 1140	 53	 1	 -1087	 
 34	 51	 1140	 52	 1	 -1088	 
 34	 51	 1140	 55	 1	 -1085	 
 34	 51	 1140	 59	 1	 -1081	 
 34	 51	 1140	 57	 1	 -1083	 
 34	 51	 1140	 60	 1	 -1080	 
 34	 51	 1140	 53	 1	 -1087	 
 34	 51	 1140	 56	 1	 -1084	 
 34	 51	 1140	 59	 1	 -1081	 
 34	 51	 1140	 56	 1	 -1084	 
 34	 51	 1140	 56	 1	 -1084	 
 34	 51	 1140	 56	 1	 -1084	 
 34	 51	 1140	 54	 1	 -1086	 
 34	 51	 1140	 60	 1	 -1080	 
 34	 51	 1140	 60	 1	 -1080	 
 34	 51	 1140	 55	 1	 -1085	 
 34	 51	 1140	 56	 1	 -1084	 
 34	 51	 1140	 52	 1	 -1088	 
 34	 51	 1140	 56	 1	 -1084	 
 34	 51	 1140	 58	 1	 -1082	 
 34	 51	 1140	 52	 1	 -1088	 
 34	 51	 1140	 53	 1	 -1087	 
 34	 51	 1140	 59	 1	 -1081	 
 34	 51	 1140	 58	 1	 -1082	 
 34	 51	 1140	 55	 1	 -1085	 
 34	 51	 1140	 60	 1	 -1080	 
 34	 51	 1140	 59	 1	 -1081	 
 34	 51	 1140	 56	 1	 -1084	 
 34	 51	 1140	 59	 1	 -1081	 
 34	 51	 1140	 60	 1	 -1080	 
 34	 51	 1140	 52	 1	 -1088	 
 34	 51	 1140	 58	 1	 -1082	 
 34	 51	 1140	 54	 1	 -1086	 
 34	 51	 1140	 54	 1	 -1086	 
 34	 51	 1140	 57	 1	 -1083	 
 34	 51	 1140	 57	 1	 -1083	 
 34	 51	 1140	 57	 1	 -1083	 
 34	 51	 1140	 60	 1	 -1080	 
 34	 51	 1140	 60	 1	 -1080	 
 34	 51	 1140	 53	 1	 -1087	 
 34	 51	 1140	 52	 1	 -1088	 
 0	 0	 0	 0	 0	 0	 
 0	 0	 0	 0	 0	 0	 
 13	 53	 1140	 73	 0	 -1067	 
 13	 53	 1140	 61	 0	 -1079	 
 13	 53	 1140	 72	 0	 -1068	 
 13	 53	 1140	 69	 0	 -1071	 
 13	 53	 1140	 59	 0	 -1081	 
 13	 53	 1140	 56	 0	 -1084	 
 13	 53	 1140	 59	 0	 -1081	 
 13	 53	 1140	 57	 0	 -1083	 
 13	 53	 1140	 68	 0	 -1072	 
 13	 53	 1140	 59	 0	 -1081	 
 13	 53	 1140	 65	 0	 -1075	 
 13	 53	 1140	 65	 0	 -1075	 
 13	 53	 1140	 63	 0	 -1077	 
 13	 53	 1140	 63	 0	 -1077	 
 13	 53	 1140	 66	 0	 -1074	 
 13	 53	 1140	 66	 0	 -1074	 
 13	 53	 1140	 67	 0	 -1073	 
 13	 53	 1140	 58	 0	 -1082	 
 13	 53	 1140	 62	 0	 -1078	 
 13	 53	 1140	 64	 0	 -1076	 
 13	 53	 1140	 57	 0	 -1083	 
 13	 53	 1140	 57	 0	 -1083	 
 13	 53	 1140	 66	 0	 -1074	 
 13	 53	 1140	 56	 0	 -1084	 
 13	 53	 1140	 61	 0	 -1079	 
 13	 53	 1140	 73	 0	 -1067	 
 13	 53	 1140	 62	 0	 -1078	 
 13	 53	 1140	 66	 0	 -1074	 
 13	 53	 1140	 61	 0	 -1079	 
 13	 53	 1140	 70	 0	 -1070	 
 13	 53	 1140	 71	 0	 -1069	 
 13	 53	 1140	 64	 0	 -1076	 
 13	 53	 1140	 67	 0	 -1073	 
 13	 53	 1140	 59	 0	 -1081	 
 13	 53	 1140	 73	 0	 -1067	 
 13	 53	 1140	 74	 0	 -1066	 
 13	 53	 1140	 74	 0	 -1066	 
 13	 53	 1140	 54	 0	 -1086	 
 13	 53	 1140	 57	 0	 -1083	 
 13	 53	 1140	 73	 0	 -1067	 
 13	 53	 1140	 65	 0	 -1075	 
 13	 53	 1140	 55	 0	 -1085	 
 13	 53	 1140	 57	 0	 -1083	 
 13	 53	 1140	 56	 0	 -1084	 
 13	 53	 1140	 63	 0	 -1077	 
 13	 53	 1140	 59	 0	 -1081	 
 13	 53	 1140	 66	 0	 -1074	 
 13	 53	 1140	 57	 0	 -1083	 
 13	 53	 1140	 57	 0	 -1083	 
 13	 53	 1140	 66	 0	 -1074	 
 13	 53	 1140	 65	 0	 -1075	 
 13	 53	 1140	 58	 0	 -1082	 
 13	 53	 1140	 60	 0	 -1080	 
 13	 53	 1140	 61	 0	 -1079	 
 13	 53	 1140	 71	 0	 -1069	 
 13	 53	 1140	 61	 0	 -1079	 
 13	 53	 1140	 59	 0	 -1081	 
 13	 53	 1140	 67	 0	 -1073	 
 13	 53	 1140	 58	 0	 -1082	 
 13	 53	 1140	 72	 0	 -1068	 
 13	 53	 1140	 74	 0	 -1066	 
 13	 53	 1140	 71	 0	 -1069	 
 13	 53	 1140	 55	 0	 -1085	 
 13	 53	 1140	 73	 0	 -1067	 
 13	 53	 1140	 56	 0	 -1084	 
 13	 53	 1140	 60	 0	 -1080	 
 13	 53	 1140	 67	 0	 -1073	 
 13	 53	 1140	 67	 0	 -1073	 
 13	 53	 1140	 55	 0	 -1085	 
 13	 53	 1140	 61	 0	 -1079	 
 13	 53	 1140	 60	 0	 -1080	 
 13	 53	 1140	 62	 0	 -1078	 
 13	 53	 1140	 62	 0	 -1078	 
 13	 53	 1140	 73	 0	 -1067	 
 13	 53	 1140	 58	 0	 -1082	 
 13	 53	 1140	 60	 0	 -1080	 
 13	 53	 1140	 72	 0	 -1068	 
 13	 53	 1140	 73	 0	 -1067	 
 13	 53	 1140	 72	 0	 -1068	 
 13	 53	 1140	 74	 0	 -1066	 
 13	 53	 1140	 69	 0	 -1071	 
 13	 53	 1140	 73	 0	 -1067	 
 13	 53	 1140	 71	 0	 -1069	 
 13	 53	 1140	 61	 0	 -1079	 
 13	 53	 1140	 69	 0	 -1071	 
 13	 53	 1140	 73	 0	 -1067	 
 13	 53	 1140	 60	 0	 -1080	 
 13	 53	 1140	 55	 0	 -1085	 
 13	 53	 1140	 73	 0	 -1067	 
 13	 53	 1140	 56	 0	 -1084	 
 13	 53	 1140	 60	 0	 -1080	 
 13	 53	 1140	 55	 0	 -1085	 
 13	 53	 1140	 69	 0	 -1071	 
 13	 53	 1140	 72	 0	 -1068	 
 13	 53	 1140	 70	 0	 -1070	 
 13	 53	 1140	 62	 0	 -1078	 
 13	 53	 1140	 64	 0	 -1076	 
 13	 53	 1140	 70	 0	 -1070	 
 13	 53	 1140	 61	 0	 -1079	 
 0	 0	 0	 0	 0	 0	 
 0	 0	 0	 0	 0	 0	 
 34	 51	 1140	 54	 1	 -1086	 
 34	 51	 1140	 52	 1	 -1088	 
 34	 51	 1140	 54	 1	 -1086	 
 34	 51	 1140	 53	 1	 -1087	 
 34	 51	 1140	 60	 1	 -1080	 
 34	 51	 1140	 58	 1	 -1082	 
 34	 51	 1140	 57	 1	 -1083	 
 34	 51	 1140	 54	 1	 -1086	 
 34	 51	 1140	 54	 1	 -1086	 
 34	 51	 1140	 58	 1	 -1082	 
 34	 51	 1140	 54	 1	 -1086	 
 34	 51	 1140	 59	 1	 -1081	 
 34	 51	 1140	 58	 1	 -1082	 
 34	 51	 1140	 54	 1	 -1086	 
 34	 51	 1140	 54	 1	 -1086	 
 34	 51	 1140	 59	 1	 -1081	 
 34	 51	 1140	 55	 1	 -1085	 
 34	 51	 1140	 56	 1	 -1084	 
 34	 51	 1140	 58	 1	 -1082	 
 34	 51	 1140	 59	 1	 -1081	 
 34	 51	 1140	 52	 1	 -1088	 
 34	 51	 1140	 58	 1	 -1082	 
 34	 51	 1140	 54	 1	 -1086	 
 34	 51	 1140	 52	 1	 -1088	 
 34	 51	 1140	 59	 1	 -1081	 
 34	 51	 1140	 54	 1	 -1086	 
 34	 51	 1140	 53	 1	 -1087	 
 34	 51	 1140	 55	 1	 -1085	 
 34	 51	 1140	 55	 1	 -1085	 
 34	 51	 1140	 59	 1	 -1081	 
 34	 51	 1140	 54	 1	 -1086	 
 34	 51	 1140	 52	 1	 -1088	 
 34	 51	 1140	 53	 1	 -1087	 
 34	 51	 1140	 55	 1	 -1085	 
 34	 51	 1140	 58	 1	 -1082	 
 34	 51	 1140	 59	 1	 -1081	 
 34	 51	 1140	 56	 1	 -1084	 
 34	 51	 1140	 56	 1	 -1084	 
 34	 51	 1140	 53	 1	 -1087	 
 34	 51	 1140	 55	 1	 -1085	 
 34	 51	 1140	 52	 1	 -1088	 
 34	 51	 1140	 59	 1	 -1081	 
 34	 51	 1140	 54	 1	 -1086	 
 34	 51	 1140	 57	 1	 -1083	 
 34	 51	 1140	 58	 1	 -1082	 
 34	 51	 1140	 53	 1	 -1087	 
 34	 51	 1140	 52	 1	 -1088	 
 34	 51	 1140	 55	 1	 -1085	 
 34	 51	 1140	 54	 1	 -1086	 
 34	 51	 1140	 54	 1	 -1086	 
 34	 51	 1140	 59	 1	 -1081	 
 34	 51	 1140	 57	 1	 -1083	 
 34	 51	 1140	 55	 1	 -1085	 
 34	 51	 1140	 53	 1	 -1087	 
 34	 51	 1140	 59	 1	 -1081	 
 34	 51	 1140	 57	 1	 -1083	 
 34	 51	 1140	 59	 1	 -1081	 
 34	 51	 1140	 60	 1	 -1080	 
 34	 51	 1140	 58	 1	 -1082	 
 34	 51	 1140	 56	 1	 -1084	 
 34	 51	 1140	 54	 1	 -1086	 
 34	 51	 1140	 52	 1	 -1088	 
 34	 51	 1140	 52	 1	 -1088	 
 34	 51	 1140	 54	 1	 -1086	 
 34	 51	 1140	 60	 1	 -1080	 
 34	 51	 1140	 60	 1	 -1080	 
 34	 51	 1140	 53	 1	 -1087	 
 34	 51	 1140	 55	 1	 -1085	 
 34	 51	 1140	 52	 1	 -1088	 
 34	 51	 1140	 53	 1	 -1087	 
 34	 51	 1140	 58	 1	 -1082	 
 34	 51	 1140	 60	 1	 -1080	 
 34	 51	 1140	 53	 1	 -1087	 
 34	 51	 1140	 59	 1	 -1081	 
 34	 51	 1140	 53	 1	 -1087	 
 34	 51	 1140	 54	 1	 -1086	 
 34	 51	 1140	 53	 1	 -1087	 
 34	 51	 1140	 53	 1	 -1087	 
 34	 51	 1140	 56	 1	 -1084	 
 34	 51	 1140	 53	 1	 -1087	 
 34	 51	 1140	 59	 1	 -1081	 
 34	 51	 1140	 52	 1	 -1088	 
 34	 51	 1140	 55	 1	 -1085	 
 34	 51	 1140	 54	 1	 -1086	 
 34	 51	 1140	 59	 1	 -1081	 
 34	 51	 1140	 55	 1	 -1085	 
 34	 51	 1140	 58	 1	 -1082	 
 34	 51	 1140	 59	 1	 -1081	 
 34	 51	 1140	 55	 1	 -1085	 
 34	 51	 1140	 52	 1	 -1088	 
 34	 51	 1140	 59	 1	 -1081	 
 34	 51	 1140	 60	 1	 -1080	 
 34	 51	 1140	 59	 1	 -1081	 
 34	 51	 1140	 60	 1	 -1080	 
 34	 51	 1140	 58	 1	 -1082	 
 34	 51	 1140	 56	 1	 -1084	 
 34	 51	 1140	 60	 1	 -1080	 
 34	 51	 1140	 57	 1	 -1083	 
 34	 51	 1140	 57	 1	 -1083	 
 0	 0	 0	 0	 0	 0	 
 0	 0	 0	 0	 0	 0	 
 31	 55	 1140	 57	 1	 -1083	 
 31	 55	 1140	 60	 1	 -1080	 
 31	 55	 1140	 67	 1	 -1073	 
 31	 55	 1140	 57	 1	 -1083	 
 31	 55	 1140	 57	 1	 -1083	 
 31	 55	 1140	 58	 1	 -1082	 
 31	 55	 1140	 58	 1	 -1082	 
 31	 55	 1140	 68	 1	 -1072	 
 31	 55	 1140	 64	 1	 -1076	 
 31	 55	 1140	 65	 1	 -1075	 
 31	 55	 1140	 63	 1	 -1077	 
 31	 55	 1140	 60	 1	 -1080	 
 31	 55	 1140	 59	 1	 -1081	 
 31	 55	 1140	 56	 1	 -1084	 
 31	 55	 1140	 59	 1	 -1081	 
 31	 55	 1140	 67	 1	 -1073	 
 31	 55	 1140	 68	 1	 -1072	 
 31	 55	 1140	 62	 1	 -1078	 
 31	 55	 1140	 66	 1	 -1074	 
 31	 55	 1140	 57	 1	 -1083	 
 31	 55	 1140	 57	 1	 -1083	 
 31	 55	 1140	 58	 1	 -1082	 
 31	 55	 1140	 66	 1	 -1074	 
 31	 55	 1140	 62	 1	 -1078	 
 31	 55	 1140	 58	 1	 -1082	 
 31	 55	 1140	 58	 1	 -1082	 
 31	 55	 1140	 63	 1	 -1077	 
 31	 55	 1140	 65	 1	 -1075	 
 31	 55	 1140	 62	 1	 -1078	 
 31	 55	 1140	 68	 1	 -1072	 
 31	 55	 1140	 60	 1	 -1080	 
 31	 55	 1140	 59	 1	 -1081	 
 31	 55	 1140	 61	 1	 -1079	 
 31	 55	 1140	 59	 1	 -1081	 
 31	 55	 1140	 58	 1	 -1082	 
 31	 55	 1140	 60	 1	 -1080	 
 31	 55	 1140	 57	 1	 -1083	 
 31	 55	 1140	 61	 1	 -1079	 
 31	 55	 1140	 61	 1	 -1079	 
 31	 55	 1140	 68	 1	 -1072	 
 31	 55	 1140	 65	 1	 -1075	 
 31	 55	 1140	 63	 1	 -1077	 
 31	 55	 1140	 67	 1	 -1073	 
 31	 55	 1140	 64	 1	 -1076	 
 31	 55	 1140	 67	 1	 -1073	 
 31	 55	 1140	 65	 1	 -1075	 
 31	 55	 1140	 63	 1	 -1077	 
 31	 55	 1140	 68	 1	 -1072	 
 31	 55	 1140	 60	 1	 -1080	 
 31	 55	 1140	 60	 1	 -1080	 
 31	 55	 1140	 64	 1	 -1076	 
 31	 55	 1140	 64	 1	 -1076	 
 31	 55	 1140	 66	 1	 -1074	 
 31	 55	 1140	 57	 1	 -1083	 
 31	 55	 1140	 60	 1	 -1080	 
 31	 55	 1140	 62	 1	 -1078	 
 31	 55	 1140	 58	 1	 -1082	 
 31	 55	 1140	 60	 1	 -1080	 
 31	 55	 1140	 67	 1	 -1073	 
 31	 55	 1140	 61	 1	 -1079	 
 31	 55	 1140	 64	 1	 -1076	 
 31	 55	 1140	 58	 1	 -1082	 
 31	 55	 1140	 67	 1	 -1073	 
 31	 55	 1140	 62	 1	 -1078	 
 31	 55	 1140	 60	 1	 -1080	 
 31	 55	 1140	 68	 1	 -1072	 
 31	 55	 1140	 59	 1	 -1081	 
 31	 55	 1140	 66	 1	 -1074	 
 31	 55	 1140	 64	 1	 -1076	 
 31	 55	 1140	 59	 1	 -1081	 
 31	 55	 1140	 61	 1	 -1079	 
 31	 55	 1140	 61	 1	 -1079	 
 31	 55	 1140	 57	 1	 -1083	 
 31	 55	 1140	 66	 1	 -1074	 
 31	 55	 1140	 60	 1	 -1080	 
 31	 55	 1140	 67	 1	 -1073	 
 31	 55	 1140	 58	 1	 -1082	 
 31	 55	 1140	 58	 1	 -1082	 
 31	 55	 1140	 57	 1	 -1083	 
 31	 55	 1140	 67	 1	 -1073	 
 31	 55	 1140	 60	 1	 -1080	 
 31	 55	 1140	 59	 1	 -1081	 
 31	 55	 1140	 59	 1	 -1081	 
 31	 55	 1140	 61	 1	 -1079	 
 31	 55	 1140	 63	 1	 -1077	 
 31	 55	 1140	 61	 1	 -1079	 
 31	 55	 1140	 64	 1	 -1076	 
 31	 55	 1140	 57	 1	 -1083	 
 31	 55	 1140	 64	 1	 -1076	 
 31	 55	 1140	 67	 1	 -1073	 
 31	 55	 1140	 66	 1	 -1074	 
 31	 55	 1140	 56	 1	 -1084	 
 31	 55	 1140	 58	 1	 -1082	 
 31	 55	 1140	 65	 1	 -1075	 
 31	 55	 1140	 60	 1	 -1080	 
 31	 55	 1140	 61	 1	 -1079	 
 31	 55	 1140	 57	 1	 -1083	 
 31	 55	 1140	 59	 1	 -1081	 
 31	 55	 1140	 60	 1	 -1080	 
 0	 0	 0	 0	 0	 0	 
 0	 0	 0	 0	 0	 0	 
 34	 51	 1140	 56	 1	 -1084	 
 34	 51	 1140	 57	 1	 -1083	 
 34	 51	 1140	 56	 1	 -1084	 
 34	 51	 1140	 59	 1	 -1081	 
 34	 51	 1140	 56	 1	 -1084	 
 34	 51	 1140	 59	 1	 -1081	 
 34	 51	 1140	 53	 1	 -1087	 
 34	 51	 1140	 58	 1	 -1082	 
 34	 51	 1140	 54	 1	 -1086	 
 34	 51	 1140	 55	 1	 -1085	 
 34	 51	 1140	 57	 1	 -1083	 
 34	 51	 1140	 59	 1	 -1081	 
 34	 51	 1140	 56	 1	 -1084	 
 34	 51	 1140	 57	 1	 -1083	 
 34	 51	 1140	 54	 1	 -1086	 
 34	 51	 1140	 54	 1	 -1086	 
 34	 51	 1140	 60	 1	 -1080	 
 34	 51	 1140	 53	 1	 -1087	 
 34	 51	 1140	 52	 1	 -1088	 
 34	 51	 1140	 54	 1	 -1086	 
 34	 51	 1140	 60	 1	 -1080	 
 34	 51	 1140	 58	 1	 -1082	 
 34	 51	 1140	 57	 1	 -1083	 
 34	 51	 1140	 59	 1	 -1081	 
 34	 51	 1140	 53	 1	 -1087	 
 34	 51	 1140	 57	 1	 -1083	 
 34	 51	 1140	 60	 1	 -1080	 
 34	 51	 1140	 53	 1	 -1087	 
 34	 51	 1140	 54	 1	 -1086	 
 34	 51	 1140	 55	 1	 -1085	 
 34	 51	 1140	 60	 1	 -1080	 
 34	 51	 1140	 53	 1	 -1087	 
 34	 51	 1140	 53	 1	 -1087	 
 34	 51	 1140	 53	 1	 -1087	 
 34	 51	 1140	 59	 1	 -1081	 
 34	 51	 1140	 55	 1	 -1085	 
 34	 51	 1140	 53	 1	 -1087	 
 34	 51	 1140	 56	 1	 -1084	 
 34	 51	 1140	 56	 1	 -1084	 
 34	 51	 1140	 52	 1	 -1088	 
 34	 51	 1140	 52	 1	 -1088	 
 34	 51	 1140	 57	 1	 -1083	 
 34	 51	 1140	 53	 1	 -1087	 
 34	 51	 1140	 55	 1	 -1085	 
 34	 51	 1140	 52	 1	 -1088	 
 34	 51	 1140	 52	 1	 -1088	 
 34	 51	 1140	 57	 1	 -1083	 
 34	 51	 1140	 60	 1	 -1080	 
 34	 51	 1140	 59	 1	 -1081	 
 34	 51	 1140	 60	 1	 -1080	 
 34	 51	 1140	 59	 1	 -1081	 
 34	 51	 1140	 60	 1	 -1080	 
 34	 51	 1140	 57	 1	 -1083	 
 34	 51	 1140	 54	 1	 -1086	 
 34	 51	 1140	 52	 1	 -1088	 
 34	 51	 1140	 52	 1	 -1088	 
 34	 51	 1140	 52	 1	 -1088	 
 34	 51	 1140	 54	 1	 -1086	 
 34	 51	 1140	 59	 1	 -1081	 
 34	 51	 1140	 52	 1	 -1088	 
 34	 51	 1140	 52	 1	 -1088	 
 34	 51	 1140	 53	 1	 -1087	 
 34	 51	 1140	 52	 1	 -1088	 
 34	 51	 1140	 59	 1	 -1081	 
 34	 51	 1140	 58	 1	 -1082	 
 34	 51	 1140	 58	 1	 -1082	 
 34	 51	 1140	 56	 1	 -1084	 
 34	 51	 1140	 55	 1	 -1085	 
 34	 51	 1140	 57	 1	 -1083	 
 34	 51	 1140	 58	 1	 -1082	 
 34	 51	 1140	 53	 1	 -1087	 
 34	 51	 1140	 52	 1	 -1088	 
 34	 51	 1140	 57	 1	 -1083	 
 34	 51	 1140	 55	 1	 -1085	 
 34	 51	 1140	 56	 1	 -1084	 
 34	 51	 1140	 53	 1	 -1087	 
 34	 51	 1140	 59	 1	 -1081	 
 34	 51	 1140	 54	 1	 -1086	 
 34	 51	 1140	 53	 1	 -1087	 
 34	 51	 1140	 55	 1	 -1085	 
 34	 51	 1140	 54	 1	 -1086	 
 34	 51	 1140	 55	 1	 -1085	 
 34	 51	 1140	 56	 1	 -1084	 
 34	 51	 1140	 52	 1	 -1088	 
 34	 51	 1140	 57	 1	 -1083	 
 34	 51	 1140	 58	 1	 -1082	 
 34	 51	 1140	 60	 1	 -1080	 
 34	 51	 1140	 56	 1	 -1084	 
 34	 51	 1140	 60	 1	 -1080	 
 34	 51	 1140	 56	 1	 -1084	 
 34	 51	 1140	 60	 1	 -1080	 
 34	 51	 1140	 60	 1	 -1080	 
 34	 51	 1140	 59	 1	 -1081	 
 34	 51	 1140	 58	 1	 -1082	 
 34	 51	 1140	 55	 1	 -1085	 
 34	 51	 1140	 54	 1	 -1086	 
 34	 51	 1140	 59	 1	 -1081	 
 34	 51	 1140	 56	 1	 -1084	 
 34	 51	 1140	 57	 1	 -1083	 
 0	 0	 0	 0	 0	 0	 
 0	 0	 0	 0	 0	 0	 
 19	 35	 1140	 42	 1	 -1098	 
 19	 35	 1140	 44	 1	 -1096	 
 19	 35	 1140	 42	 1	 -1098	 
 19	 35	 1140	 44	 1	 -1096	 
 19	 35	 1140	 40	 1	 -1100	 
 19	 35	 1140	 38	 1	 -1102	 
 19	 35	 1140	 43	 1	 -1097	 
 19	 35	 1140	 36	 1	 -1104	 
 19	 35	 1140	 39	 1	 -1101	 
 19	 35	 1140	 36	 1	 -1104	 
 19	 35	 1140	 41	 1	 -1099	 
 19	 35	 1140	 36	 1	 -1104	 
 19	 35	 1140	 36	 1	 -1104	 
 19	 35	 1140	 39	 1	 -1101	 
 19	 35	 1140	 40	 1	 -1100	 
 19	 35	 1140	 36	 1	 -1104	 
 19	 35	 1140	 40	 1	 -1100	 
 19	 35	 1140	 44	 1	 -1096	 
 19	 35	 1140	 39	 1	 -1101	 
 19	 35	 1140	 37	 1	 -1103	 
 19	 35	 1140	 39	 1	 -1101	 
 19	 35	 1140	 43	 1	 -1097	 
 19	 35	 1140	 42	 1	 -1098	 
 19	 35	 1140	 42	 1	 -1098	 
 19	 35	 1140	 39	 1	 -1101	 
 19	 35	 1140	 36	 1	 -1104	 
 19	 35	 1140	 39	 1	 -1101	 
 19	 35	 1140	 39	 1	 -1101	 
 19	 35	 1140	 38	 1	 -1102	 
 19	 35	 1140	 36	 1	 -1104	 
 19	 35	 1140	 36	 1	 -1104	 
 19	 35	 1140	 43	 1	 -1097	 
 19	 35	 1140	 42	 1	 -1098	 
 19	 35	 1140	 36	 1	 -1104	 
 19	 35	 1140	 43	 1	 -1097	 
 19	 35	 1140	 37	 1	 -1103	 
 19	 35	 1140	 43	 1	 -1097	 
 19	 35	 1140	 42	 1	 -1098	 
 19	 35	 1140	 42	 1	 -1098	 
 19	 35	 1140	 37	 1	 -1103	 
 19	 35	 1140	 37	 1	 -1103	 
 19	 35	 1140	 43	 1	 -1097	 
 19	 35	 1140	 36	 1	 -1104	 
 19	 35	 1140	 44	 1	 -1096	 
 19	 35	 1140	 36	 1	 -1104	 
 19	 35	 1140	 43	 1	 -1097	 
 19	 35	 1140	 38	 1	 -1102	 
 19	 35	 1140	 43	 1	 -1097	 
 19	 35	 1140	 37	 1	 -1103	 
 19	 35	 1140	 43	 1	 -1097	 
 19	 35	 1140	 38	 1	 -1102	 
 19	 35	 1140	 38	 1	 -1102	 
 19	 35	 1140	 41	 1	 -1099	 
 19	 35	 1140	 43	 1	 -1097	 
 19	 35	 1140	 39	 1	 -1101	 
 19	 35	 1140	 39	 1	 -1101	 
 19	 35	 1140	 39	 1	 -1101	 
 19	 35	 1140	 37	 1	 -1103	 
 19	 35	 1140	 44	 1	 -1096	 
 19	 35	 1140	 38	 1	 -1102	 
 19	 35	 1140	 36	 1	 -1104	 
 19	 35	 1140	 37	 1	 -1103	 
 19	 35	 1140	 38	 1	 -1102	 
 19	 35	 1140	 41	 1	 -1099	 
 19	 35	 1140	 36	 1	 -1104	 
 19	 35	 1140	 37	 1	 -1103	 
 19	 35	 1140	 40	 1	 -1100	 
 19	 35	 1140	 37	 1	 -1103	 
 19	 35	 1140	 39	 1	 -1101	 
 19	 35	 1140	 39	 1	 -1101	 
 19	 35	 1140	 43	 1	 -1097	 
 19	 35	 1140	 43	 1	 -1097	 
 19	 35	 1140	 42	 1	 -1098	 
 19	 35	 1140	 36	 1	 -1104	 
 19	 35	 1140	 41	 1	 -1099	 
 19	 35	 1140	 43	 1	 -1097	 
 19	 35	 1140	 37	 1	 -1103	 
 19	 35	 1140	 44	 1	 -1096	 
 19	 35	 1140	 43	 1	 -1097	 
 19	 35	 1140	 42	 1	 -1098	 
 19	 35	 1140	 36	 1	 -1104	 
 19	 35	 1140	 42	 1	 -1098	 
 19	 35	 1140	 39	 1	 -1101	 
 19	 35	 1140	 42	 1	 -1098	 
 19	 35	 1140	 37	 1	 -1103	 
 19	 35	 1140	 41	 1	 -1099	 
 19	 35	 1140	 43	 1	 -1097	 
 19	 35	 1140	 39	 1	 -1101	 
 19	 35	 1140	 42	 1	 -1098	 
 19	 35	 1140	 36	 1	 -1104	 
 19	 35	 1140	 39	 1	 -1101	 
 19	 35	 1140	 38	 1	 -1102	 
 19	 35	 1140	 43	 1	 -1097	 
 19	 35	 1140	 42	 1	 -1098	 
 19	 35	 1140	 38	 1	 -1102	 
 19	 35	 1140	 40	 1	 -1100	 
 19	 35	 1140	 41	 1	 -1099	 
 19	 35	 1140	 44	 1	 -1096	 
 19	 35	 1140	 42	 1	 -1098	 
 0	 0	 0	 0	 0	 0	 
 0	 0	 0	 0	 0	 0	 
 34	 51	 1140	 57	 1	 -1083	 
 34	 51	 1140	 56	 1	 -1084	 
 34	 51	 1140	 54	 1	 -1086	 
 34	 51	 1140	 58	 1	 -1082	 
 34	 51	 1140	 54	 1	 -1086	 
 34	 51	 1140	 59	 1	 -1081	 
 34	 51	 1140	 54	 1	 -1086	 
 34	 51	 1140	 59	 1	 -1081	 
 34	 51	 1140	 52	 1	 -1088	 
 34	 51	 1140	 55	 1	 -1085	 
 34	 51	 1140	 54	 1	 -1086	 
 34	 51	 1140	 58	 1	 -1082	 
 34	 51	 1140	 58	 1	 -1082	 
 34	 51	 1140	 55	 1	 -1085	 
 34	 51	 1140	 59	 1	 -1081	 
 34	 51	 1140	 53	 1	 -1087	 
 34	 51	 1140	 54	 1	 -1086	 
 34	 51	 1140	 57	 1	 -1083	 
 34	 51	 1140	 59	 1	 -1081	 
 34	 51	 1140	 52	 1	 -1088	 
 34	 51	 1140	 53	 1	 -1087	 
 34	 51	 1140	 59	 1	 -1081	 
 34	 51	 1140	 59	 1	 -1081	 
 34	 51	 1140	 53	 1	 -1087	 
 34	 51	 1140	 54	 1	 -1086	 
 34	 51	 1140	 57	 1	 -1083	 
 34	 51	 1140	 53	 1	 -1087	 
 34	 51	 1140	 55	 1	 -1085	 
 34	 51	 1140	 59	 1	 -1081	 
 34	 51	 1140	 52	 1	 -1088	 
 34	 51	 1140	 56	 1	 -1084	 
 34	 51	 1140	 53	 1	 -1087	 
 34	 51	 1140	 56	 1	 -1084	 
 34	 51	 1140	 52	 1	 -1088	 
 34	 51	 1140	 59	 1	 -1081	 
 34	 51	 1140	 57	 1	 -1083	 
 34	 51	 1140	 53	 1	 -1087	 
 34	 51	 1140	 55	 1	 -1085	 
 34	 51	 1140	 52	 1	 -1088	 
 34	 51	 1140	 58	 1	 -1082	 
 34	 51	 1140	 58	 1	 -1082	 
 34	 51	 1140	 54	 1	 -1086	 
 34	 51	 1140	 55	 1	 -1085	 
 34	 51	 1140	 59	 1	 -1081	 
 34	 51	 1140	 52	 1	 -1088	 
 34	 51	 1140	 53	 1	 -1087	 
 34	 51	 1140	 56	 1	 -1084	 
 34	 51	 1140	 60	 1	 -1080	 
 34	 51	 1140	 56	 1	 -1084	 
 34	 51	 1140	 56	 1	 -1084	 
 34	 51	 1140	 54	 1	 -1086	 
 34	 51	 1140	 52	 1	 -1088	 
 34	 51	 1140	 60	 1	 -1080	 
 34	 51	 1140	 53	 1	 -1087	 
 34	 51	 1140	 59	 1	 -1081	 
 34	 51	 1140	 52	 1	 -1088	 
 34	 51	 1140	 56	 1	 -1084	 
 34	 51	 1140	 54	 1	 -1086	 
 34	 51	 1140	 52	 1	 -1088	 
 34	 51	 1140	 52	 1	 -1088	 
 34	 51	 1140	 52	 1	 -1088	 
 34	 51	 1140	 54	 1	 -1086	 
 34	 51	 1140	 52	 1	 -1088	 
 34	 51	 1140	 54	 1	 -1086	 
 34	 51	 1140	 53	 1	 -1087	 
 34	 51	 1140	 55	 1	 -1085	 
 34	 51	 1140	 56	 1	 -1084	 
 34	 51	 1140	 54	 1	 -1086	 
 34	 51	 1140	 59	 1	 -1081	 
 34	 51	 1140	 52	 1	 -1088	 
 34	 51	 1140	 55	 1	 -1085	 
 34	 51	 1140	 58	 1	 -1082	 
 34	 51	 1140	 52	 1	 -1088	 
 34	 51	 1140	 58	 1	 -1082	 
 34	 51	 1140	 57	 1	 -1083	 
 34	 51	 1140	 59	 1	 -1081	 
 34	 51	 1140	 53	 1	 -1087	 
 34	 51	 1140	 53	 1	 -1087	 
 34	 51	 1140	 57	 1	 -1083	 
 34	 51	 1140	 58	 1	 -1082	 
 34	 51	 1140	 55	 1	 -1085	 
 34	 51	 1140	 53	 1	 -1087	 
 34	 51	 1140	 60	 1	 -1080	 
 34	 51	 1140	 59	 1	 -1081	 
 34	 51	 1140	 60	 1	 -1080	 
 34	 51	 1140	 52	 1	 -1088	 
 34	 51	 1140	 55	 1	 -1085	 
 34	 51	 1140	 53	 1	 -1087	 
 34	 51	 1140	 52	 1	 -1088	 
 34	 51	 1140	 53	 1	 -1087	 
 34	 51	 1140	 60	 1	 -1080	 
 34	 51	 1140	 58	 1	 -1082	 
 34	 51	 1140	 56	 1	 -1084	 
 34	 51	 1140	 60	 1	 -1080	 
 34	 51	 1140	 59	 1	 -1081	 
 34	 51	 1140	 53	 1	 -1087	 
 34	 51	 1140	 59	 1	 -1081	 
 34	 51	 1140	 60	 1	 -1080	 
 34	 51	 1140	 57	 1	 -1083	 
 0	 0	 0	 0	 0	 0	 
 0	 0	 0	 0	 0	 0	 
 30	 42	 1140	 48	 1	 -1092	 
 30	 42	 1140	 47	 1	 -1093	 
 30	 42	 1140	 45	 1	 -1095	 
 30	 42	 1140	 44	 1	 -1096	 
 30	 42	 1140	 45	 1	 -1095	 
 30	 42	 1140	 48	 1	 -1092	 
 30	 42	 1140	 43	 1	 -1097	 
 30	 42	 1140	 47	 1	 -1093	 
 30	 42	 1140	 44	 1	 -1096	 
 30	 42	 1140	 45	 1	 -1095	 
 30	 42	 1140	 48	 1	 -1092	 
 30	 42	 1140	 48	 1	 -1092	 
 30	 42	 1140	 45	 1	 -1095	 
 30	 42	 1140	 46	 1	 -1094	 
 30	 42	 1140	 46	 1	 -1094	 
 30	 42	 1140	 43	 1	 -1097	 
 30	 42	 1140	 47	 1	 -1093	 
 30	 42	 1140	 46	 1	 -1094	 
 30	 42	 1140	 43	 1	 -1097	 
 30	 42	 1140	 49	 1	 -1091	 
 30	 42	 1140	 48	 1	 -1092	 
 30	 42	 1140	 45	 1	 -1095	 
 30	 42	 1140	 46	 1	 -1094	 
 30	 42	 1140	 44	 1	 -1096	 
 30	 42	 1140	 44	 1	 -1096	 
 30	 42	 1140	 48	 1	 -1092	 
 30	 42	 1140	 44	 1	 -1096	 
 30	 42	 1140	 43	 1	 -1097	 
 30	 42	 1140	 47	 1	 -1093	 
 30	 42	 1140	 47	 1	 -1093	 
 30	 42	 1140	 46	 1	 -1094	 
 30	 42	 1140	 43	 1	 -1097	 
 30	 42	 1140	 46	 1	 -1094	 
 30	 42	 1140	 47	 1	 -1093	 
 30	 42	 1140	 45	 1	 -1095	 
 30	 42	 1140	 44	 1	 -1096	 
 30	 42	 1140	 48	 1	 -1092	 
 30	 42	 1140	 49	 1	 -1091	 
 30	 42	 1140	 49	 1	 -1091	 
 30	 42	 1140	 46	 1	 -1094	 
 30	 42	 1140	 48	 1	 -1092	 
 30	 42	 1140	 43	 1	 -1097	 
 30	 42	 1140	 48	 1	 -1092	 
 30	 42	 1140	 49	 1	 -1091	 
 30	 42	 1140	 48	 1	 -1092	 
 30	 42	 1140	 43	 1	 -1097	 
 30	 42	 1140	 46	 1	 -1094	 
 30	 42	 1140	 46	 1	 -1094	 
 30	 42	 1140	 45	 1	 -1095	 
 30	 42	 1140	 45	 1	 -1095	 
 30	 42	 1140	 46	 1	 -1094	 
 30	 42	 1140	 46	 1	 -1094	 
 30	 42	 1140	 43	 1	 -1097	 
 30	 42	 1140	 43	 1	 -1097	 
 30	 42	 1140	 49	 1	 -1091	 
 30	 42	 1140	 47	 1	 -1093	 
 30	 42	 1140	 45	 1	 -1095	 
 30	 42	 1140	 44	 1	 -1096	 
 30	 42	 1140	 45	 1	 -1095	 
 30	 42	 1140	 47	 1	 -1093	 
 30	 42	 1140	 48	 1	 -1092	 
 30	 42	 1140	 48	 1	 -1092	 
 30	 42	 1140	 45	 1	 -1095	 
 30	 42	 1140	 43	 1	 -1097	 
 30	 42	 1140	 43	 1	 -1097	 
 30	 42	 1140	 46	 1	 -1094	 
 30	 42	 1140	 47	 1	 -1093	 
 30	 42	 1140	 45	 1	 -1095	 
 30	 42	 1140	 46	 1	 -1094	 
 30	 42	 1140	 45	 1	 -1095	 
 30	 42	 1140	 44	 1	 -1096	 
 30	 42	 1140	 47	 1	 -1093	 
 30	 42	 1140	 46	 1	 -1094	 
 30	 42	 1140	 43	 1	 -1097	 
 30	 42	 1140	 45	 1	 -1095	 
 30	 42	 1140	 45	 1	 -1095	 
 30	 42	 1140	 49	 1	 -1091	 
 30	 42	 1140	 43	 1	 -1097	 
 30	 42	 1140	 49	 1	 -1091	 
 30	 42	 1140	 48	 1	 -1092	 
 30	 42	 1140	 48	 1	 -1092	 
 30	 42	 1140	 47	 1	 -1093	 
 30	 42	 1140	 47	 1	 -1093	 
 30	 42	 1140	 47	 1	 -1093	 
 30	 42	 1140	 47	 1	 -1093	 
 30	 42	 1140	 45	 1	 -1095	 
 30	 42	 1140	 43	 1	 -1097	 
 30	 42	 1140	 44	 1	 -1096	 
 30	 42	 1140	 45	 1	 -1095	 
 30	 42	 1140	 43	 1	 -1097	 
 30	 42	 1140	 46	 1	 -1094	 
 30	 42	 1140	 48	 1	 -1092	 
 30	 42	 1140	 43	 1	 -1097	 
 30	 42	 1140	 43	 1	 -1097	 
 30	 42	 1140	 43	 1	 -1097	 
 30	 42	 1140	 48	 1	 -1092	 
 30	 42	 1140	 48	 1	 -1092	 
 30	 42	 1140	 46	 1	 -1094	 
 30	 42	 1140	 44	 1	 -1096	 
 0	 0	 0	 0	 0	 0	 
 0	 0	 0	 0	 0	 0	 
 34	 51	 1140	 52	 1	 -1088	 
 34	 51	 1140	 53	 1	 -1087	 
 34	 51	 1140	 60	 1	 -1080	 
 34	 51	 1140	 60	 1	 -1080	 
 34	 51	 1140	 58	 1	 -1082	 
 34	 51	 1140	 60	 1	 -1080	 
 34	 51	 1140	 54	 1	 -1086	 
 34	 51	 1140	 57	 1	 -1083	 
 34	 51	 1140	 55	 1	 -1085	 
 34	 51	 1140	 52	 1	 -1088	 
 34	 51	 1140	 58	 1	 -1082	 
 34	 51	 1140	 60	 1	 -1080	 
 34	 51	 1140	 52	 1	 -1088	 
 34	 51	 1140	 52	 1	 -1088	 
 34	 51	 1140	 60	 1	 -1080	 
 34	 51	 1140	 59	 1	 -1081	 
 34	 51	 1140	 58	 1	 -1082	 
 34	 51	 1140	 56	 1	 -1084	 
 34	 51	 1140	 53	 1	 -1087	 
 34	 51	 1140	 59	 1	 -1081	 
 34	 51	 1140	 59	 1	 -1081	 
 34	 51	 1140	 54	 1	 -1086	 
 34	 51	 1140	 54	 1	 -1086	 
 34	 51	 1140	 57	 1	 -1083	 
 34	 51	 1140	 60	 1	 -1080	 
 34	 51	 1140	 60	 1	 -1080	 
 34	 51	 1140	 55	 1	 -1085	 
 34	 51	 1140	 59	 1	 -1081	 
 34	 51	 1140	 56	 1	 -1084	 
 34	 51	 1140	 54	 1	 -1086	 
 34	 51	 1140	 59	 1	 -1081	 
 34	 51	 1140	 57	 1	 -1083	 
 34	 51	 1140	 59	 1	 -1081	 
 34	 51	 1140	 57	 1	 -1083	 
 34	 51	 1140	 60	 1	 -1080	 
 34	 51	 1140	 59	 1	 -1081	 
 34	 51	 1140	 54	 1	 -1086	 
 34	 51	 1140	 52	 1	 -1088	 
 34	 51	 1140	 54	 1	 -1086	 
 34	 51	 1140	 58	 1	 -1082	 
 34	 51	 1140	 56	 1	 -1084	 
 34	 51	 1140	 58	 1	 -1082	 
 34	 51	 1140	 52	 1	 -1088	 
 34	 51	 1140	 52	 1	 -1088	 
 34	 51	 1140	 59	 1	 -1081	 
 34	 51	 1140	 57	 1	 -1083	 
 34	 51	 1140	 53	 1	 -1087	 
 34	 51	 1140	 55	 1	 -1085	 
 34	 51	 1140	 60	 1	 -1080	 
 34	 51	 1140	 53	 1	 -1087	 
 34	 51	 1140	 57	 1	 -1083	 
 34	 51	 1140	 54	 1	 -1086	 
 34	 51	 1140	 52	 1	 -1088	 
 34	 51	 1140	 60	 1	 -1080	 
 34	 51	 1140	 60	 1	 -1080	 
 34	 51	 1140	 60	 1	 -1080	 
 34	 51	 1140	 54	 1	 -1086	 
 34	 51	 1140	 52	 1	 -1088	 
 34	 51	 1140	 55	 1	 -1085	 
 34	 51	 1140	 53	 1	 -1087	 
 34	 51	 1140	 58	 1	 -1082	 
 34	 51	 1140	 52	 1	 -1088	 
 34	 51	 1140	 54	 1	 -1086	 
 34	 51	 1140	 52	 1	 -1088	 
 34	 51	 1140	 60	 1	 -1080	 
 34	 51	 1140	 54	 1	 -1086	 
 34	 51	 1140	 54	 1	 -1086	 
 34	 51	 1140	 53	 1	 -1087	 
 34	 51	 1140	 53	 1	 -1087	 
 34	 51	 1140	 55	 1	 -1085	 
 34	 51	 1140	 56	 1	 -1084	 
 34	 51	 1140	 53	 1	 -1087	 
 34	 51	 1140	 53	 1	 -1087	 
 34	 51	 1140	 57	 1	 -1083	 
 34	 51	 1140	 52	 1	 -1088	 
 34	 51	 1140	 52	 1	 -1088	 
 34	 51	 1140	 55	 1	 -1085	 
 34	 51	 1140	 56	 1	 -1084	 
 34	 51	 1140	 60	 1	 -1080	 
 34	 51	 1140	 52	 1	 -1088	 
 34	 51	 1140	 52	 1	 -1088	 
 34	 51	 1140	 56	 1	 -1084	 
 34	 51	 1140	 58	 1	 -1082	 
 34	 51	 1140	 52	 1	 -1088	 
 34	 51	 1140	 55	 1	 -1085	 
 34	 51	 1140	 55	 1	 -1085	 
 34	 51	 1140	 55	 1	 -1085	 
 34	 51	 1140	 53	 1	 -1087	 
 34	 51	 1140	 60	 1	 -1080	 
 34	 51	 1140	 56	 1	 -1084	 
 34	 51	 1140	 59	 1	 -1081	 
 34	 51	 1140	 60	 1	 -1080	 
 34	 51	 1140	 57	 1	 -1083	 
 34	 51	 1140	 53	 1	 -1087	 
 34	 51	 1140	 58	 1	 -1082	 
 34	 51	 1140	 60	 1	 -1080	 
 34	 51	 1140	 58	 1	 -1082	 
 34	 51	 1140	 55	 1	 -1085	 
 34	 51	 1140	 58	 1	 -1082	 
 0	 0	 0	 0	 0	 0	 
 0	 0	 0	 0	 0	 0	 
 19	 35	 1140	 39	 1	 -1101	 
 19	 35	 1140	 42	 1	 -1098	 
 19	 35	 1140	 36	 1	 -1104	 
 19	 35	 1140	 43	 1	 -1097	 
 19	 35	 1140	 38	 1	 -1102	 
 19	 35	 1140	 41	 1	 -1099	 
 19	 35	 1140	 42	 1	 -1098	 
 19	 35	 1140	 37	 1	 -1103	 
 19	 35	 1140	 41	 1	 -1099	 
 19	 35	 1140	 41	 1	 -1099	 
 19	 35	 1140	 41	 1	 -1099	 
 19	 35	 1140	 43	 1	 -1097	 
 19	 35	 1140	 38	 1	 -1102	 
 19	 35	 1140	 43	 1	 -1097	 
 19	 35	 1140	 41	 1	 -1099	 
 19	 35	 1140	 39	 1	 -1101	 
 19	 35	 1140	 42	 1	 -1098	 
 19	 35	 1140	 37	 1	 -1103	 
 19	 35	 1140	 41	 1	 -1099	 
 19	 35	 1140	 38	 1	 -1102	 
 19	 35	 1140	 43	 1	 -1097	 
 19	 35	 1140	 36	 1	 -1104	 
 19	 35	 1140	 40	 1	 -1100	 
 19	 35	 1140	 39	 1	 -1101	 
 19	 35	 1140	 43	 1	 -1097	 
 19	 35	 1140	 40	 1	 -1100	 
 19	 35	 1140	 43	 1	 -1097	 
 19	 35	 1140	 39	 1	 -1101	 
 19	 35	 1140	 41	 1	 -1099	 
 19	 35	 1140	 43	 1	 -1097	 
 19	 35	 1140	 36	 1	 -1104	 
 19	 35	 1140	 38	 1	 -1102	 
 19	 35	 1140	 36	 1	 -1104	 
 19	 35	 1140	 43	 1	 -1097	 
 19	 35	 1140	 38	 1	 -1102	 
 19	 35	 1140	 42	 1	 -1098	 
 19	 35	 1140	 43	 1	 -1097	 
 19	 35	 1140	 37	 1	 -1103	 
 19	 35	 1140	 44	 1	 -1096	 
 19	 35	 1140	 43	 1	 -1097	 
 19	 35	 1140	 38	 1	 -1102	 
 19	 35	 1140	 44	 1	 -1096	 
 19	 35	 1140	 41	 1	 -1099	 
 19	 35	 1140	 41	 1	 -1099	 
 19	 35	 1140	 39	 1	 -1101	 
 19	 35	 1140	 41	 1	 -1099	 
 19	 35	 1140	 39	 1	 -1101	 
 19	 35	 1140	 36	 1	 -1104	 
 19	 35	 1140	 39	 1	 -1101	 
 19	 35	 1140	 36	 1	 -1104	 
 19	 35	 1140	 43	 1	 -1097	 
 19	 35	 1140	 43	 1	 -1097	 
 19	 35	 1140	 42	 1	 -1098	 
 19	 35	 1140	 43	 1	 -1097	 
 19	 35	 1140	 43	 1	 -1097	 
 19	 35	 1140	 42	 1	 -1098	 
 19	 35	 1140	 42	 1	 -1098	 
 19	 35	 1140	 40	 1	 -1100	 
 19	 35	 1140	 37	 1	 -1103	 
 19	 35	 1140	 41	 1	 -1099	 
 19	 35	 1140	 41	 1	 -1099	 
 19	 35	 1140	 40	 1	 -1100	 
 19	 35	 1140	 36	 1	 -1104	 
 19	 35	 1140	 37	 1	 -1103	 
 19	 35	 1140	 41	 1	 -1099	 
 19	 35	 1140	 37	 1	 -1103	 
 19	 35	 1140	 42	 1	 -1098	 
 19	 35	 1140	 42	 1	 -1098	 
 19	 35	 1140	 41	 1	 -1099	 
 19	 35	 1140	 37	 1	 -1103	 
 19	 35	 1140	 40	 1	 -1100	 
 19	 35	 1140	 42	 1	 -1098	 
 19	 35	 1140	 41	 1	 -1099	 
 19	 35	 1140	 36	 1	 -1104	 
 19	 35	 1140	 44	 1	 -1096	 
 19	 35	 1140	 42	 1	 -1098	 
 19	 35	 1140	 42	 1	 -1098	 
 19	 35	 1140	 38	 1	 -1102	 
 19	 35	 1140	 41	 1	 -1099	 
 19	 35	 1140	 39	 1	 -1101	 
 19	 35	 1140	 43	 1	 -1097	 
 19	 35	 1140	 39	 1	 -1101	 
 19	 35	 1140	 43	 1	 -1097	 
 19	 35	 1140	 42	 1	 -1098	 
 19	 35	 1140	 42	 1	 -1098	 
 19	 35	 1140	 39	 1	 -1101	 
 19	 35	 1140	 36	 1	 -1104	 
 19	 35	 1140	 40	 1	 -1100	 
 19	 35	 1140	 36	 1	 -1104	 
 19	 35	 1140	 38	 1	 -1102	 
 19	 35	 1140	 40	 1	 -1100	 
 19	 35	 1140	 41	 1	 -1099	 
 19	 35	 1140	 44	 1	 -1096	 
 19	 35	 1140	 44	 1	 -1096	 
 19	 35	 1140	 41	 1	 -1099	 
 19	 35	 1140	 44	 1	 -1096	 
 19	 35	 1140	 41	 1	 -1099	 
 19	 35	 1140	 38	 1	 -1102	 
 19	 35	 1140	 40	 1	 -1100	 
 0	 0	 0	 0	 0	 0	 
 0	 0	 0	 0	 0	 0	 
 34	 51	 1140	 59	 1	 -1081	 
 34	 51	 1140	 53	 1	 -1087	 
 34	 51	 1140	 59	 1	 -1081	 
 34	 51	 1140	 54	 1	 -1086	 
 34	 51	 1140	 52	 1	 -1088	 
 34	 51	 1140	 53	 1	 -1087	 
 34	 51	 1140	 53	 1	 -1087	 
 34	 51	 1140	 56	 1	 -1084	 
 34	 51	 1140	 53	 1	 -1087	 
 34	 51	 1140	 55	 1	 -1085	 
 34	 51	 1140	 60	 1	 -1080	 
 34	 51	 1140	 57	 1	 -1083	 
 34	 51	 1140	 60	 1	 -1080	 
 34	 51	 1140	 58	 1	 -1082	 
 34	 51	 1140	 56	 1	 -1084	 
 34	 51	 1140	 60	 1	 -1080	 
 34	 51	 1140	 52	 1	 -1088	 
 34	 51	 1140	 56	 1	 -1084	 
 34	 51	 1140	 53	 1	 -1087	 
 34	 51	 1140	 58	 1	 -1082	 
 34	 51	 1140	 54	 1	 -1086	 
 34	 51	 1140	 56	 1	 -1084	 
 34	 51	 1140	 55	 1	 -1085	 
 34	 51	 1140	 60	 1	 -1080	 
 34	 51	 1140	 52	 1	 -1088	 
 34	 51	 1140	 59	 1	 -1081	 
 34	 51	 1140	 52	 1	 -1088	 
 34	 51	 1140	 58	 1	 -1082	 
 34	 51	 1140	 54	 1	 -1086	 
 34	 51	 1140	 52	 1	 -1088	 
 34	 51	 1140	 52	 1	 -1088	 
 34	 51	 1140	 58	 1	 -1082	 
 34	 51	 1140	 55	 1	 -1085	 
 34	 51	 1140	 58	 1	 -1082	 
 34	 51	 1140	 53	 1	 -1087	 
 34	 51	 1140	 59	 1	 -1081	 
 34	 51	 1140	 52	 1	 -1088	 
 34	 51	 1140	 60	 1	 -1080	 
 34	 51	 1140	 60	 1	 -1080	 
 34	 51	 1140	 52	 1	 -1088	 
 34	 51	 1140	 55	 1	 -1085	 
 34	 51	 1140	 60	 1	 -1080	 
 34	 51	 1140	 58	 1	 -1082	 
 34	 51	 1140	 52	 1	 -1088	 
 34	 51	 1140	 54	 1	 -1086	 
 34	 51	 1140	 59	 1	 -1081	 
 34	 51	 1140	 54	 1	 -1086	 
 34	 51	 1140	 55	 1	 -1085	 
 34	 51	 1140	 60	 1	 -1080	 
 34	 51	 1140	 57	 1	 -1083	 
 34	 51	 1140	 53	 1	 -1087	 
 34	 51	 1140	 54	 1	 -1086	 
 34	 51	 1140	 52	 1	 -1088	 
 34	 51	 1140	 52	 1	 -1088	 
 34	 51	 1140	 56	 1	 -1084	 
 34	 51	 1140	 58	 1	 -1082	 
 34	 51	 1140	 56	 1	 -1084	 
 34	 51	 1140	 55	 1	 -1085	 
 34	 51	 1140	 54	 1	 -1086	 
 34	 51	 1140	 56	 1	 -1084	 
 34	 51	 1140	 60	 1	 -1080	 
 34	 51	 1140	 54	 1	 -1086	 
 34	 51	 1140	 60	 1	 -1080	 
 34	 51	 1140	 60	 1	 -1080	 
 34	 51	 1140	 58	 1	 -1082	 
 34	 51	 1140	 56	 1	 -1084	 
 34	 51	 1140	 54	 1	 -1086	 
 34	 51	 1140	 53	 1	 -1087	 
 34	 51	 1140	 59	 1	 -1081	 
 34	 51	 1140	 59	 1	 -1081	 
 34	 51	 1140	 57	 1	 -1083	 
 34	 51	 1140	 58	 1	 -1082	 
 34	 51	 1140	 54	 1	 -1086	 
 34	 51	 1140	 52	 1	 -1088	 
 34	 51	 1140	 54	 1	 -1086	 
 34	 51	 1140	 60	 1	 -1080	 
 34	 51	 1140	 55	 1	 -1085	 
 34	 51	 1140	 60	 1	 -1080	 
 34	 51	 1140	 54	 1	 -1086	 
 34	 51	 1140	 60	 1	 -1080	 
 34	 51	 1140	 57	 1	 -1083	 
 34	 51	 1140	 55	 1	 -1085	 
 34	 51	 1140	 58	 1	 -1082	 
 34	 51	 1140	 56	 1	 -1084	 
 34	 51	 1140	 59	 1	 -1081	 
 34	 51	 1140	 55	 1	 -1085	 
 34	 51	 1140	 60	 1	 -1080	 
 34	 51	 1140	 56	 1	 -1084	 
 34	 51	 1140	 55	 1	 -1085	 
 34	 51	 1140	 55	 1	 -1085	 
 34	 51	 1140	 57	 1	 -1083	 
 34	 51	 1140	 60	 1	 -1080	 
 34	 51	 1140	 52	 1	 -1088	 
 34	 51	 1140	 52	 1	 -1088	 
 34	 51	 1140	 58	 1	 -1082	 
 34	 51	 1140	 56	 1	 -1084	 
 34	 51	 1140	 60	 1	 -1080	 
 34	 51	 1140	 59	 1	 -1081	 
 34	 51	 1140	 52	 1	 -1088	 
 0	 0	 0	 0	 0	 0	 
 0	 0	 0	 0	 0	 0	 
 19	 35	 1140	 42	 1	 -1098	 
 19	 35	 1140	 41	 1	 -1099	 
 19	 35	 1140	 43	 1	 -1097	 
 19	 35	 1140	 44	 1	 -1096	 
 19	 35	 1140	 37	 1	 -1103	 
 19	 35	 1140	 37	 1	 -1103	 
 19	 35	 1140	 39	 1	 -1101	 
 19	 35	 1140	 39	 1	 -1101	 
 19	 35	 1140	 39	 1	 -1101	 
 19	 35	 1140	 41	 1	 -1099	 
 19	 35	 1140	 37	 1	 -1103	 
 19	 35	 1140	 44	 1	 -1096	 
 19	 35	 1140	 40	 1	 -1100	 
 19	 35	 1140	 43	 1	 -1097	 
 19	 35	 1140	 36	 1	 -1104	 
 19	 35	 1140	 39	 1	 -1101	 
 19	 35	 1140	 42	 1	 -1098	 
 19	 35	 1140	 38	 1	 -1102	 
 19	 35	 1140	 38	 1	 -1102	 
 19	 35	 1140	 42	 1	 -1098	 
 19	 35	 1140	 42	 1	 -1098	 
 19	 35	 1140	 41	 1	 -1099	 
 19	 35	 1140	 39	 1	 -1101	 
 19	 35	 1140	 36	 1	 -1104	 
 19	 35	 1140	 41	 1	 -1099	 
 19	 35	 1140	 42	 1	 -1098	 
 19	 35	 1140	 39	 1	 -1101	 
 19	 35	 1140	 39	 1	 -1101	 
 19	 35	 1140	 37	 1	 -1103	 
 19	 35	 1140	 38	 1	 -1102	 
 19	 35	 1140	 39	 1	 -1101	 
 19	 35	 1140	 41	 1	 -1099	 
 19	 35	 1140	 39	 1	 -1101	 
 19	 35	 1140	 44	 1	 -1096	 
 19	 35	 1140	 39	 1	 -1101	 
 19	 35	 1140	 41	 1	 -1099	 
 19	 35	 1140	 41	 1	 -1099	 
 19	 35	 1140	 39	 1	 -1101	 
 19	 35	 1140	 38	 1	 -1102	 
 19	 35	 1140	 43	 1	 -1097	 
 19	 35	 1140	 40	 1	 -1100	 
 19	 35	 1140	 41	 1	 -1099	 
 19	 35	 1140	 38	 1	 -1102	 
 19	 35	 1140	 43	 1	 -1097	 
 19	 35	 1140	 40	 1	 -1100	 
 19	 35	 1140	 43	 1	 -1097	 
 19	 35	 1140	 38	 1	 -1102	 
 19	 35	 1140	 37	 1	 -1103	 
 19	 35	 1140	 41	 1	 -1099	 
 19	 35	 1140	 37	 1	 -1103	 
 19	 35	 1140	 40	 1	 -1100	 
 19	 35	 1140	 37	 1	 -1103	 
 19	 35	 1140	 38	 1	 -1102	 
 19	 35	 1140	 42	 1	 -1098	 
 19	 35	 1140	 40	 1	 -1100	 
 19	 35	 1140	 37	 1	 -1103	 
 19	 35	 1140	 40	 1	 -1100	 
 19	 35	 1140	 40	 1	 -1100	 
 19	 35	 1140	 39	 1	 -1101	 
 19	 35	 1140	 38	 1	 -1102	 
 19	 35	 1140	 41	 1	 -1099	 
 19	 35	 1140	 38	 1	 -1102	 
 19	 35	 1140	 41	 1	 -1099	 
 19	 35	 1140	 38	 1	 -1102	 
 19	 35	 1140	 41	 1	 -1099	 
 19	 35	 1140	 36	 1	 -1104	 
 19	 35	 1140	 38	 1	 -1102	 
 19	 35	 1140	 36	 1	 -1104	 
 19	 35	 1140	 42	 1	 -1098	 
 19	 35	 1140	 37	 1	 -1103	 
 19	 35	 1140	 38	 1	 -1102	 
 19	 35	 1140	 40	 1	 -1100	 
 19	 35	 1140	 39	 1	 -1101	 
 19	 35	 1140	 37	 1	 -1103	 
 19	 35	 1140	 38	 1	 -1102	 
 19	 35	 1140	 38	 1	 -1102	 
 19	 35	 1140	 39	 1	 -1101	 
 19	 35	 1140	 39	 1	 -1101	 
 19	 35	 1140	 43	 1	 -1097	 
 19	 35	 1140	 42	 1	 -1098	 
 19	 35	 1140	 39	 1	 -1101	 
 19	 35	 1140	 39	 1	 -1101	 
 19	 35	 1140	 42	 1	 -1098	 
 19	 35	 1140	 43	 1	 -1097	 
 19	 35	 1140	 38	 1	 -1102	 
 19	 35	 1140	 36	 1	 -1104	 
 19	 35	 1140	 41	 1	 -1099	 
 19	 35	 1140	 44	 1	 -1096	 
 19	 35	 1140	 43	 1	 -1097	 
 19	 35	 1140	 43	 1	 -1097	 
 19	 35	 1140	 44	 1	 -1096	 
 19	 35	 1140	 37	 1	 -1103	 
 19	 35	 1140	 43	 1	 -1097	 
 19	 35	 1140	 43	 1	 -1097	 
 19	 35	 1140	 37	 1	 -1103	 
 19	 35	 1140	 36	 1	 -1104	 
 19	 35	 1140	 44	 1	 -1096	 
 19	 35	 1140	 42	 1	 -1098	 
 19	 35	 1140	 42	 1	 -1098	 
 0	 0	 0	 0	 0	 0	 
 0	 0	 0	 0	 0	 0	 
 34	 51	 1140	 54	 1	 -1086	 
 34	 51	 1140	 55	 1	 -1085	 
 34	 51	 1140	 59	 1	 -1081	 
 34	 51	 1140	 53	 1	 -1087	 
 34	 51	 1140	 59	 1	 -1081	 
 34	 51	 1140	 56	 1	 -1084	 
 34	 51	 1140	 58	 1	 -1082	 
 34	 51	 1140	 60	 1	 -1080	 
 34	 51	 1140	 60	 1	 -1080	 
 34	 51	 1140	 58	 1	 -1082	 
 34	 51	 1140	 58	 1	 -1082	 
 34	 51	 1140	 55	 1	 -1085	 
 34	 51	 1140	 52	 1	 -1088	 
 34	 51	 1140	 57	 1	 -1083	 
 34	 51	 1140	 54	 1	 -1086	 
 34	 51	 1140	 52	 1	 -1088	 
 34	 51	 1140	 55	 1	 -1085	 
 34	 51	 1140	 55	 1	 -1085	 
 34	 51	 1140	 55	 1	 -1085	 
 34	 51	 1140	 58	 1	 -1082	 
 34	 51	 1140	 60	 1	 -1080	 
 34	 51	 1140	 54	 1	 -1086	 
 34	 51	 1140	 60	 1	 -1080	 
 34	 51	 1140	 52	 1	 -1088	 
 34	 51	 1140	 60	 1	 -1080	 
 34	 51	 1140	 55	 1	 -1085	 
 34	 51	 1140	 59	 1	 -1081	 
 34	 51	 1140	 60	 1	 -1080	 
 34	 51	 1140	 54	 1	 -1086	 
 34	 51	 1140	 60	 1	 -1080	 
 34	 51	 1140	 53	 1	 -1087	 
 34	 51	 1140	 55	 1	 -1085	 
 34	 51	 1140	 60	 1	 -1080	 
 34	 51	 1140	 54	 1	 -1086	 
 34	 51	 1140	 54	 1	 -1086	 
 34	 51	 1140	 55	 1	 -1085	 
 34	 51	 1140	 60	 1	 -1080	 
 34	 51	 1140	 60	 1	 -1080	 
 34	 51	 1140	 57	 1	 -1083	 
 34	 51	 1140	 57	 1	 -1083	 
 34	 51	 1140	 57	 1	 -1083	 
 34	 51	 1140	 54	 1	 -1086	 
 34	 51	 1140	 53	 1	 -1087	 
 34	 51	 1140	 57	 1	 -1083	 
 34	 51	 1140	 57	 1	 -1083	 
 34	 51	 1140	 58	 1	 -1082	 
 34	 51	 1140	 54	 1	 -1086	 
 34	 51	 1140	 54	 1	 -1086	 
 34	 51	 1140	 56	 1	 -1084	 
 34	 51	 1140	 54	 1	 -1086	 
 34	 51	 1140	 56	 1	 -1084	 
 34	 51	 1140	 57	 1	 -1083	 
 34	 51	 1140	 53	 1	 -1087	 
 34	 51	 1140	 56	 1	 -1084	 
 34	 51	 1140	 53	 1	 -1087	 
 34	 51	 1140	 60	 1	 -1080	 
 34	 51	 1140	 58	 1	 -1082	 
 34	 51	 1140	 55	 1	 -1085	 
 34	 51	 1140	 58	 1	 -1082	 
 34	 51	 1140	 54	 1	 -1086	 
 34	 51	 1140	 57	 1	 -1083	 
 34	 51	 1140	 52	 1	 -1088	 
 34	 51	 1140	 58	 1	 -1082	 
 34	 51	 1140	 54	 1	 -1086	 
 34	 51	 1140	 54	 1	 -1086	 
 34	 51	 1140	 56	 1	 -1084	 
 34	 51	 1140	 54	 1	 -1086	 
 34	 51	 1140	 59	 1	 -1081	 
 34	 51	 1140	 60	 1	 -1080	 
 34	 51	 1140	 52	 1	 -1088	 
 34	 51	 1140	 53	 1	 -1087	 
 34	 51	 1140	 60	 1	 -1080	 
 34	 51	 1140	 54	 1	 -1086	 
 34	 51	 1140	 59	 1	 -1081	 
 34	 51	 1140	 52	 1	 -1088	 
 34	 51	 1140	 57	 1	 -1083	 
 34	 51	 1140	 56	 1	 -1084	 
 34	 51	 1140	 58	 1	 -1082	 
 34	 51	 1140	 53	 1	 -1087	 
 34	 51	 1140	 52	 1	 -1088	 
 34	 51	 1140	 55	 1	 -1085	 
 34	 51	 1140	 54	 1	 -1086	 
 34	 51	 1140	 54	 1	 -1086	 
 34	 51	 1140	 59	 1	 -1081	 
 34	 51	 1140	 53	 1	 -1087	 
 34	 51	 1140	 58	 1	 -1082	 
 34	 51	 1140	 54	 1	 -1086	 
 34	 51	 1140	 59	 1	 -1081	 
 34	 51	 1140	 57	 1	 -1083	 
 34	 51	 1140	 56	 1	 -1084	 
 34	 51	 1140	 56	 1	 -1084	 
 34	 51	 1140	 54	 1	 -1086	 
 34	 51	 1140	 59	 1	 -1081	 
 34	 51	 1140	 60	 1	 -1080	 
 34	 51	 1140	 55	 1	 -1085	 
 34	 51	 1140	 60	 1	 -1080	 
 34	 51	 1140	 59	 1	 -1081	 
 34	 51	 1140	 58	 1	 -1082	 
 34	 51	 1140	 57	 1	 -1083	 
 0	 0	 0	 0	 0	 0	 
 0	 0	 0	 0	 0	 0	 
 19	 35	 1140	 38	 1	 -1102	 
 19	 35	 1140	 40	 1	 -1100	 
 19	 35	 1140	 41	 1	 -1099	 
 19	 35	 1140	 41	 1	 -1099	 
 19	 35	 1140	 42	 1	 -1098	 
 19	 35	 1140	 38	 1	 -1102	 
 19	 35	 1140	 39	 1	 -1101	 
 19	 35	 1140	 43	 1	 -1097	 
 19	 35	 1140	 37	 1	 -1103	 
 19	 35	 1140	 40	 1	 -1100	 
 19	 35	 1140	 37	 1	 -1103	 
 19	 35	 1140	 38	 1	 -1102	 
 19	 35	 1140	 39	 1	 -1101	 
 19	 35	 1140	 38	 1	 -1102	 
 19	 35	 1140	 42	 1	 -1098	 
 19	 35	 1140	 43	 1	 -1097	 
 19	 35	 1140	 44	 1	 -1096	 
 19	 35	 1140	 42	 1	 -1098	 
 19	 35	 1140	 38	 1	 -1102	 
 19	 35	 1140	 38	 1	 -1102	 
 19	 35	 1140	 41	 1	 -1099	 
 19	 35	 1140	 37	 1	 -1103	 
 19	 35	 1140	 41	 1	 -1099	 
 19	 35	 1140	 40	 1	 -1100	 
 19	 35	 1140	 38	 1	 -1102	 
 19	 35	 1140	 43	 1	 -1097	 
 19	 35	 1140	 41	 1	 -1099	 
 19	 35	 1140	 37	 1	 -1103	 
 19	 35	 1140	 36	 1	 -1104	 
 19	 35	 1140	 38	 1	 -1102	 
 19	 35	 1140	 37	 1	 -1103	 
 19	 35	 1140	 36	 1	 -1104	 
 19	 35	 1140	 39	 1	 -1101	 
 19	 35	 1140	 36	 1	 -1104	 
 19	 35	 1140	 44	 1	 -1096	 
 19	 35	 1140	 41	 1	 -1099	 
 19	 35	 1140	 40	 1	 -1100	 
 19	 35	 1140	 42	 1	 -1098	 
 19	 35	 1140	 40	 1	 -1100	 
 19	 35	 1140	 38	 1	 -1102	 
 19	 35	 1140	 40	 1	 -1100	 
 19	 35	 1140	 42	 1	 -1098	 
 19	 35	 1140	 41	 1	 -1099	 
 19	 35	 1140	 40	 1	 -1100	 
 19	 35	 1140	 36	 1	 -1104	 
 19	 35	 1140	 40	 1	 -1100	 
 19	 35	 1140	 37	 1	 -1103	 
 19	 35	 1140	 43	 1	 -1097	 
 19	 35	 1140	 42	 1	 -1098	 
 19	 35	 1140	 41	 1	 -1099	 
 19	 35	 1140	 36	 1	 -1104	 
 19	 35	 1140	 38	 1	 -1102	 
 19	 35	 1140	 36	 1	 -1104	 
 19	 35	 1140	 44	 1	 -1096	 
 19	 35	 1140	 38	 1	 -1102	 
 19	 35	 1140	 40	 1	 -1100	 
 19	 35	 1140	 39	 1	 -1101	 
 19	 35	 1140	 39	 1	 -1101	 
 19	 35	 1140	 44	 1	 -1096	 
 19	 35	 1140	 39	 1	 -1101	 
 19	 35	 1140	 39	 1	 -1101	 
 19	 35	 1140	 43	 1	 -1097	 
 19	 35	 1140	 38	 1	 -1102	 
 19	 35	 1140	 43	 1	 -1097	 
 19	 35	 1140	 42	 1	 -1098	 
 19	 35	 1140	 37	 1	 -1103	 
 19	 35	 1140	 41	 1	 -1099	 
 19	 35	 1140	 43	 1	 -1097	 
 19	 35	 1140	 39	 1	 -1101	 
 19	 35	 1140	 40	 1	 -1100	 
 19	 35	 1140	 42	 1	 -1098	 
 19	 35	 1140	 40	 1	 -1100	 
 19	 35	 1140	 43	 1	 -1097	 
 19	 35	 1140	 44	 1	 -1096	 
 19	 35	 1140	 42	 1	 -1098	 
 19	 35	 1140	 39	 1	 -1101	 
 19	 35	 1140	 40	 1	 -1100	 
 19	 35	 1140	 43	 1	 -1097	 
 19	 35	 1140	 42	 1	 -1098	 
 19	 35	 1140	 41	 1	 -1099	 
 19	 35	 1140	 37	 1	 -1103	 
 19	 35	 1140	 39	 1	 -1101	 
 19	 35	 1140	 36	 1	 -1104	 
 19	 35	 1140	 38	 1	 -1102	 
 19	 35	 1140	 43	 1	 -1097	 
 19	 35	 1140	 39	 1	 -1101	 
 19	 35	 1140	 37	 1	 -1103	 
 19	 35	 1140	 37	 1	 -1103	 
 19	 35	 1140	 36	 1	 -1104	 
 19	 35	 1140	 37	 1	 -1103	 
 19	 35	 1140	 39	 1	 -1101	 
 19	 35	 1140	 38	 1	 -1102	 
 19	 35	 1140	 38	 1	 -1102	 
 19	 35	 1140	 43	 1	 -1097	 
 19	 35	 1140	 36	 1	 -1104	 
 19	 35	 1140	 37	 1	 -1103	 
 19	 35	 1140	 36	 1	 -1104	 
 19	 35	 1140	 42	 1	 -1098	 
 19	 35	 1140	 42	 1	 -1098	 
 0	 0	 0	 0	 0	 0	 
 0	 0	 0	 0	 0	 0	 
 34	 51	 1140	 56	 1	 -1084	 
 34	 51	 1140	 54	 1	 -1086	 
 34	 51	 1140	 53	 1	 -1087	 
 34	 51	 1140	 52	 1	 -1088	 
 34	 51	 1140	 56	 1	 -1084	 
 34	 51	 1140	 56	 1	 -1084	 
 34	 51	 1140	 52	 1	 -1088	 
 34	 51	 1140	 58	 1	 -1082	 
 34	 51	 1140	 53	 1	 -1087	 
 34	 51	 1140	 58	 1	 -1082	 
 34	 51	 1140	 53	 1	 -1087	 
 34	 51	 1140	 59	 1	 -1081	 
 34	 51	 1140	 60	 1	 -1080	 
 34	 51	 1140	 52	 1	 -1088	 
 34	 51	 1140	 53	 1	 -1087	 
 34	 51	 1140	 54	 1	 -1086	 
 34	 51	 1140	 56	 1	 -1084	 
 34	 51	 1140	 55	 1	 -1085	 
 34	 51	 1140	 58	 1	 -1082	 
 34	 51	 1140	 60	 1	 -1080	 
 34	 51	 1140	 60	 1	 -1080	 
 34	 51	 1140	 52	 1	 -1088	 
 34	 51	 1140	 53	 1	 -1087	 
 34	 51	 1140	 52	 1	 -1088	 
 34	 51	 1140	 54	 1	 -1086	 
 34	 51	 1140	 60	 1	 -1080	 
 34	 51	 1140	 55	 1	 -1085	 
 34	 51	 1140	 55	 1	 -1085	 
 34	 51	 1140	 59	 1	 -1081	 
 34	 51	 1140	 57	 1	 -1083	 
 34	 51	 1140	 52	 1	 -1088	 
 34	 51	 1140	 52	 1	 -1088	 
 34	 51	 1140	 56	 1	 -1084	 
 34	 51	 1140	 59	 1	 -1081	 
 34	 51	 1140	 57	 1	 -1083	 
 34	 51	 1140	 58	 1	 -1082	 
 34	 51	 1140	 53	 1	 -1087	 
 34	 51	 1140	 54	 1	 -1086	 
 34	 51	 1140	 55	 1	 -1085	 
 34	 51	 1140	 58	 1	 -1082	 
 34	 51	 1140	 55	 1	 -1085	 
 34	 51	 1140	 58	 1	 -1082	 
 34	 51	 1140	 55	 1	 -1085	 
 34	 51	 1140	 55	 1	 -1085	 
 34	 51	 1140	 53	 1	 -1087	 
 34	 51	 1140	 58	 1	 -1082	 
 34	 51	 1140	 55	 1	 -1085	 
 34	 51	 1140	 57	 1	 -1083	 
 34	 51	 1140	 56	 1	 -1084	 
 34	 51	 1140	 60	 1	 -1080	 
 34	 51	 1140	 57	 1	 -1083	 
 34	 51	 1140	 59	 1	 -1081	 
 34	 51	 1140	 56	 1	 -1084	 
 34	 51	 1140	 56	 1	 -1084	 
 34	 51	 1140	 56	 1	 -1084	 
 34	 51	 1140	 59	 1	 -1081	 
 34	 51	 1140	 60	 1	 -1080	 
 34	 51	 1140	 53	 1	 -1087	 
 34	 51	 1140	 56	 1	 -1084	 
 34	 51	 1140	 54	 1	 -1086	 
 34	 51	 1140	 53	 1	 -1087	 
 34	 51	 1140	 58	 1	 -1082	 
 34	 51	 1140	 59	 1	 -1081	 
 34	 51	 1140	 52	 1	 -1088	 
 34	 51	 1140	 57	 1	 -1083	 
 34	 51	 1140	 58	 1	 -1082	 
 34	 51	 1140	 54	 1	 -1086	 
 34	 51	 1140	 55	 1	 -1085	 
 34	 51	 1140	 57	 1	 -1083	 
 34	 51	 1140	 56	 1	 -1084	 
 34	 51	 1140	 59	 1	 -1081	 
 34	 51	 1140	 55	 1	 -1085	 
 34	 51	 1140	 52	 1	 -1088	 
 34	 51	 1140	 59	 1	 -1081	 
 34	 51	 1140	 52	 1	 -1088	 
 34	 51	 1140	 57	 1	 -1083	 
 34	 51	 1140	 55	 1	 -1085	 
 34	 51	 1140	 54	 1	 -1086	 
 34	 51	 1140	 54	 1	 -1086	 
 34	 51	 1140	 55	 1	 -1085	 
 34	 51	 1140	 52	 1	 -1088	 
 34	 51	 1140	 60	 1	 -1080	 
 34	 51	 1140	 56	 1	 -1084	 
 34	 51	 1140	 60	 1	 -1080	 
 34	 51	 1140	 57	 1	 -1083	 
 34	 51	 1140	 56	 1	 -1084	 
 34	 51	 1140	 56	 1	 -1084	 
 34	 51	 1140	 57	 1	 -1083	 
 34	 51	 1140	 52	 1	 -1088	 
 34	 51	 1140	 54	 1	 -1086	 
 34	 51	 1140	 55	 1	 -1085	 
 34	 51	 1140	 54	 1	 -1086	 
 34	 51	 1140	 59	 1	 -1081	 
 34	 51	 1140	 54	 1	 -1086	 
 34	 51	 1140	 60	 1	 -1080	 
 34	 51	 1140	 60	 1	 -1080	 
 34	 51	 1140	 60	 1	 -1080	 
 34	 51	 1140	 54	 1	 -1086	 
 34	 51	 1140	 60	 1	 -1080	 
 0	 0	 0	 0	 0	 0	 
 0	 0	 0	 0	 0	 0	 
 38	 54	 1140	 62	 0	 -1078	 
 38	 54	 1140	 60	 0	 -1080	 
 38	 54	 1140	 55	 0	 -1085	 
 38	 54	 1140	 57	 0	 -1083	 
 38	 54	 1140	 56	 0	 -1084	 
 38	 54	 1140	 57	 0	 -1083	 
 38	 54	 1140	 56	 0	 -1084	 
 38	 54	 1140	 58	 0	 -1082	 
 38	 54	 1140	 58	 0	 -1082	 
 38	 54	 1140	 56	 0	 -1084	 
 38	 54	 1140	 58	 0	 -1082	 
 38	 54	 1140	 61	 0	 -1079	 
 38	 54	 1140	 60	 0	 -1080	 
 38	 54	 1140	 55	 0	 -1085	 
 38	 54	 1140	 59	 0	 -1081	 
 38	 54	 1140	 62	 0	 -1078	 
 38	 54	 1140	 56	 0	 -1084	 
 38	 54	 1140	 58	 0	 -1082	 
 38	 54	 1140	 57	 0	 -1083	 
 38	 54	 1140	 58	 0	 -1082	 
 38	 54	 1140	 60	 0	 -1080	 
 38	 54	 1140	 55	 0	 -1085	 
 38	 54	 1140	 60	 0	 -1080	 
 38	 54	 1140	 58	 0	 -1082	 
 38	 54	 1140	 61	 0	 -1079	 
 38	 54	 1140	 58	 0	 -1082	 
 38	 54	 1140	 59	 0	 -1081	 
 38	 54	 1140	 59	 0	 -1081	 
 38	 54	 1140	 62	 0	 -1078	 
 38	 54	 1140	 60	 0	 -1080	 
 38	 54	 1140	 63	 0	 -1077	 
 38	 54	 1140	 61	 0	 -1079	 
 38	 54	 1140	 63	 0	 -1077	 
 38	 54	 1140	 59	 0	 -1081	 
 38	 54	 1140	 59	 0	 -1081	 
 38	 54	 1140	 57	 0	 -1083	 
 38	 54	 1140	 60	 0	 -1080	 
 38	 54	 1140	 59	 0	 -1081	 
 38	 54	 1140	 56	 0	 -1084	 
 38	 54	 1140	 58	 0	 -1082	 
 38	 54	 1140	 62	 0	 -1078	 
 38	 54	 1140	 55	 0	 -1085	 
 38	 54	 1140	 63	 0	 -1077	 
 38	 54	 1140	 56	 0	 -1084	 
 38	 54	 1140	 57	 0	 -1083	 
 38	 54	 1140	 56	 0	 -1084	 
 38	 54	 1140	 62	 0	 -1078	 
 38	 54	 1140	 55	 0	 -1085	 
 38	 54	 1140	 60	 0	 -1080	 
 38	 54	 1140	 58	 0	 -1082	 
 38	 54	 1140	 59	 0	 -1081	 
 38	 54	 1140	 57	 0	 -1083	 
 38	 54	 1140	 63	 0	 -1077	 
 38	 54	 1140	 60	 0	 -1080	 
 38	 54	 1140	 55	 0	 -1085	 
 38	 54	 1140	 57	 0	 -1083	 
 38	 54	 1140	 58	 0	 -1082	 
 38	 54	 1140	 63	 0	 -1077	 
 38	 54	 1140	 62	 0	 -1078	 
 38	 54	 1140	 60	 0	 -1080	 
 38	 54	 1140	 59	 0	 -1081	 
 38	 54	 1140	 60	 0	 -1080	 
 38	 54	 1140	 60	 0	 -1080	 
 38	 54	 1140	 59	 0	 -1081	 
 38	 54	 1140	 61	 0	 -1079	 
 38	 54	 1140	 58	 0	 -1082	 
 38	 54	 1140	 58	 0	 -1082	 
 38	 54	 1140	 57	 0	 -1083	 
 38	 54	 1140	 57	 0	 -1083	 
 38	 54	 1140	 56	 0	 -1084	 
 38	 54	 1140	 56	 0	 -1084	 
 38	 54	 1140	 60	 0	 -1080	 
 38	 54	 1140	 61	 0	 -1079	 
 38	 54	 1140	 62	 0	 -1078	 
 38	 54	 1140	 55	 0	 -1085	 
 38	 54	 1140	 57	 0	 -1083	 
 38	 54	 1140	 55	 0	 -1085	 
 38	 54	 1140	 55	 0	 -1085	 
 38	 54	 1140	 61	 0	 -1079	 
 38	 54	 1140	 58	 0	 -1082	 
 38	 54	 1140	 56	 0	 -1084	 
 38	 54	 1140	 59	 0	 -1081	 
 38	 54	 1140	 60	 0	 -1080	 
 38	 54	 1140	 60	 0	 -1080	 
 38	 54	 1140	 59	 0	 -1081	 
 38	 54	 1140	 60	 0	 -1080	 
 38	 54	 1140	 58	 0	 -1082	 
 38	 54	 1140	 61	 0	 -1079	 
 38	 54	 1140	 61	 0	 -1079	 
 38	 54	 1140	 59	 0	 -1081	 
 38	 54	 1140	 59	 0	 -1081	 
 38	 54	 1140	 57	 0	 -1083	 
 38	 54	 1140	 60	 0	 -1080	 
 38	 54	 1140	 60	 0	 -1080	 
 38	 54	 1140	 60	 0	 -1080	 
 38	 54	 1140	 61	 0	 -1079	 
 38	 54	 1140	 61	 0	 -1079	 
 38	 54	 1140	 62	 0	 -1078	 
 38	 54	 1140	 58	 0	 -1082	 
 0	 0	 0	 0	 0	 0	 
 