s	 e	 integralPartic	 alturaRetang	 metadePartic	 maximaPartic	 minimoPArtic	 alturaPartic	 p	 comparativoMet
84	 113	 9.850862e+03	 3.283621e+02	 4.142094e+02	 8.283559e+02	 6.285714e-02	 6.623368e-01	 0	 1.261441e+00	 
 84	 113	 1.060085e+04	 3.533618e+02	 4.142094e+02	 8.283559e+02	 6.285714e-02	 6.623368e-01	 0	 1.172196e+00	 
 84	 113	 9.358414e+03	 3.119471e+02	 4.142094e+02	 8.283559e+02	 6.285714e-02	 6.623368e-01	 0	 1.327819e+00	 
 84	 113	 9.850862e+03	 3.283621e+02	 4.142094e+02	 8.283559e+02	 6.285714e-02	 6.623368e-01	 0	 1.261441e+00	 
 84	 113	 9.850862e+03	 3.283621e+02	 4.142094e+02	 8.283559e+02	 6.285714e-02	 6.623368e-01	 0	 1.261441e+00	 
 84	 113	 1.060085e+04	 3.533618e+02	 4.142094e+02	 8.283559e+02	 6.285714e-02	 6.623368e-01	 0	 1.172196e+00	 
 84	 113	 9.850862e+03	 3.283621e+02	 4.142094e+02	 8.283559e+02	 6.285714e-02	 6.623368e-01	 0	 1.261441e+00	 
 84	 113	 9.850862e+03	 3.283621e+02	 4.142094e+02	 8.283559e+02	 6.285714e-02	 6.623368e-01	 0	 1.261441e+00	 
 84	 113	 9.358414e+03	 3.119471e+02	 4.142094e+02	 8.283559e+02	 6.285714e-02	 6.623368e-01	 0	 1.327819e+00	 
 84	 113	 9.850862e+03	 3.283621e+02	 4.142094e+02	 8.283559e+02	 6.285714e-02	 6.623368e-01	 0	 1.261441e+00	 
 