minimo	maximo	maximTot	minimTot	
5.986354e-01	 1.167142e+04	 3.220000e+01	 2.407500e+03	 
 5.986354e-01	 1.167142e+04	 1.775100e+03	 2.857800e+03	 
 5.986354e-01	 1.167142e+04	 9.871000e+02	 2.092400e+03	 
 5.986354e-01	 1.167142e+04	 6.590000e+01	 8.620000e+01	 
 3.816735e+02	 1.299467e+04	 6.200000e+00	 2.384100e+03	 
 3.816735e+02	 1.299467e+04	 1.166900e+03	 2.092400e+03	 
 3.816735e+02	 1.299467e+04	 1.166900e+03	 1.566800e+03	 
 3.816735e+02	 1.299467e+04	 6.590000e+01	 8.620000e+01	 
 2.514649e-02	 6.453082e+03	 6.200000e+00	 1.085000e+02	 
 2.514649e-02	 6.453082e+03	 1.166900e+03	 2.516400e+03	 
 2.514649e-02	 6.453082e+03	 1.071200e+03	 2.092400e+03	 
 2.514649e-02	 6.453082e+03	 6.280000e+01	 7.910000e+01	 
 1.264707e+00	 7.181975e+03	 3.220000e+01	 2.636700e+03	 
 1.264707e+00	 7.181975e+03	 1.166900e+03	 1.576300e+03	 
 1.264707e+00	 7.181975e+03	 1.166900e+03	 2.092400e+03	 
 1.264707e+00	 7.181975e+03	 6.590000e+01	 8.620000e+01	 
 8.389424e-01	 9.388655e+03	 2.626000e+02	 2.835400e+03	 
 8.389424e-01	 9.388655e+03	 1.166900e+03	 2.002200e+03	 
 8.389424e-01	 9.388655e+03	 1.166900e+03	 1.446800e+03	 
 8.389424e-01	 9.388655e+03	 6.280000e+01	 7.540000e+01	 
 3.839045e+01	 2.401213e+04	 5.800000e+00	 2.150000e+01	 
 3.839045e+01	 2.401213e+04	 1.166900e+03	 2.857800e+03	 
 3.839045e+01	 2.401213e+04	 1.186300e+03	 2.092400e+03	 
 3.839045e+01	 2.401213e+04	 6.590000e+01	 8.270000e+01	 
 7.554010e+01	 2.253536e+04	 1.440000e+01	 4.740000e+01	 
 7.554010e+01	 2.253536e+04	 1.166900e+03	 2.092400e+03	 
 7.554010e+01	 2.253536e+04	 1.229200e+03	 2.092400e+03	 
 7.554010e+01	 2.253536e+04	 5.770000e+01	 8.270000e+01	 
 8.725156e-01	 8.137104e+03	 3.220000e+01	 2.835400e+03	 
 8.725156e-01	 8.137104e+03	 1.166900e+03	 2.002200e+03	 
 8.725156e-01	 8.137104e+03	 9.871000e+02	 2.021300e+03	 
 8.725156e-01	 8.137104e+03	 6.280000e+01	 8.620000e+01	 
 3.245847e+02	 1.525796e+04	 1.990000e+01	 2.732700e+03	 
 3.245847e+02	 1.525796e+04	 1.166900e+03	 2.092400e+03	 
 3.245847e+02	 1.525796e+04	 1.143800e+03	 2.092400e+03	 
 3.245847e+02	 1.525796e+04	 6.590000e+01	 8.270000e+01	 
 4.822120e-01	 8.290925e+03	 2.640000e+01	 2.005600e+03	 
 4.822120e-01	 8.290925e+03	 1.071200e+03	 2.848100e+03	 
 4.822120e-01	 8.290925e+03	 9.871000e+02	 2.092400e+03	 
 4.822120e-01	 8.290925e+03	 6.280000e+01	 7.550000e+01	 
 4.384821e+00	 7.906167e+03	 2.640000e+01	 2.005600e+03	 
 1.418180e-01	 7.906480e+03	 3.010000e+01	 2.005600e+03	 
 1.627771e+00	 7.906552e+03	 2.640000e+01	 2.005600e+03	 
 2.103973e-01	 7.906475e+03	 2.640000e+01	 2.005600e+03	 
 1.539533e+00	 7.906582e+03	 2.640000e+01	 2.005600e+03	 
 1.344882e+00	 7.906596e+03	 2.640000e+01	 2.005600e+03	 
 1.251497e+00	 7.906549e+03	 2.640000e+01	 2.005600e+03	 
 1.608955e+00	 7.912503e+03	 2.640000e+01	 2.384100e+03	 
 9.115768e-01	 7.904998e+03	 2.640000e+01	 2.407500e+03	 
 4.127657e+00	 7.897891e+03	 2.640000e+01	 2.636700e+03	 
 4.724886e+00	 8.683442e+03	 2.640000e+01	 2.600300e+03	 
 7.410420e+00	 1.573533e+04	 2.640000e+01	 2.732700e+03	 
 1.315601e+01	 4.205895e+04	 2.640000e+01	 2.627300e+03	 
 2.135064e+00	 1.579294e+04	 2.640000e+01	 2.835400e+03	 
 4.384821e+00	 7.906167e+03	 2.640000e+01	 2.005600e+03	 
 1.418180e-01	 7.906480e+03	 3.010000e+01	 2.005600e+03	 
 1.608955e+00	 7.912503e+03	 2.640000e+01	 2.384100e+03	 
 9.115768e-01	 7.904998e+03	 2.640000e+01	 2.407500e+03	 
 4.127657e+00	 7.897891e+03	 2.640000e+01	 2.636700e+03	 
 4.724886e+00	 8.683442e+03	 2.640000e+01	 2.600300e+03	 
 7.410420e+00	 1.573533e+04	 2.640000e+01	 2.732700e+03	 
 1.315601e+01	 4.205895e+04	 2.640000e+01	 2.627300e+03	 
 2.135064e+00	 1.579294e+04	 2.640000e+01	 2.835400e+03	 
 1.388017e+00	 7.906618e+03	 1.990000e+01	 2.005600e+03	 
 7.687190e-01	 7.906689e+03	 2.410000e+01	 2.005600e+03	 
 2.450175e+00	 7.907126e+03	 2.270000e+01	 2.005600e+03	 
 5.536990e+00	 7.906088e+03	 2.440000e+01	 2.005600e+03	 
 1.608955e+00	 7.912503e+03	 2.640000e+01	 2.384100e+03	 
 9.115768e-01	 7.904998e+03	 2.640000e+01	 2.407500e+03	 
 4.127657e+00	 7.897891e+03	 2.640000e+01	 2.636700e+03	 
 4.724886e+00	 8.683442e+03	 2.640000e+01	 2.600300e+03	 
 7.410420e+00	 1.573533e+04	 2.640000e+01	 2.732700e+03	 
 1.315601e+01	 4.205895e+04	 2.640000e+01	 2.627300e+03	 
 2.877544e+00	 7.908320e+03	 9.600000e+00	 2.005600e+03	 
 1.701942e+00	 7.908005e+03	 8.200000e+00	 2.005600e+03	 
 1.409456e-01	 7.908754e+03	 9.400000e+00	 2.005600e+03	 
 1.061762e+00	 7.908999e+03	 9.200000e+00	 2.005600e+03	 
 7.557037e-01	 7.909495e+03	 1.110000e+01	 2.005600e+03	 
 8.499324e-05	 7.909205e+03	 1.340000e+01	 2.005600e+03	 
 7.801393e-01	 7.909098e+03	 9.400000e+00	 2.005600e+03	 
 3.204027e-01	 7.909216e+03	 1.130000e+01	 2.005600e+03	 
 2.673525e-01	 7.909308e+03	 6.200000e+00	 2.005600e+03	 
 3.229286e+00	 7.910059e+03	 1.160000e+01	 2.005600e+03	 
 1.638287e+00	 7.909755e+03	 9.200000e+00	 2.005600e+03	 
 1.769728e+00	 7.910253e+03	 1.110000e+01	 2.005600e+03	 
 1.846557e+00	 7.909689e+03	 11	 2.005600e+03	 
 2.690841e+00	 7.909842e+03	 1.150000e+01	 2.005600e+03	 
 9.004623e-01	 7.909504e+03	 12	 2.005600e+03	 
 1.232144e+00	 7.909493e+03	 1.270000e+01	 2.005600e+03	 
 4.086221e-02	 7.909311e+03	 1.020000e+01	 2.005600e+03	 
 9.752887e-01	 7.908892e+03	 1.040000e+01	 2.005600e+03	 
 3.281872e+00	 7.909807e+03	 1.450000e+01	 2.005600e+03	 
 9.182342e-05	 7.908819e+03	 1.250000e+01	 2.005600e+03	 
 2.125859e+00	 7.909591e+03	 1.970000e+01	 2.005600e+03	 
 5.032881e-01	 7.909299e+03	 1.390000e+01	 2.005600e+03	 
 1.444008e-01	 7.908426e+03	 1.450000e+01	 2.005600e+03	 
 4.379336e+00	 7.908260e+03	 1.440000e+01	 2.005600e+03	 
 4.840492e-01	 7.908651e+03	 1.680000e+01	 2.005600e+03	 
 1.614288e+00	 7.907581e+03	 2.110000e+01	 2.005600e+03	 
 1.412049e+00	 7.907082e+03	 18	 2.005600e+03	 
 3.445917e-01	 7.907263e+03	 2.150000e+01	 2.005600e+03	 
 1.388017e+00	 7.906618e+03	 1.990000e+01	 2.005600e+03	 
 7.687190e-01	 7.906689e+03	 2.410000e+01	 2.005600e+03	 
 2.450175e+00	 7.907126e+03	 2.270000e+01	 2.005600e+03	 
 5.536990e+00	 7.906088e+03	 2.440000e+01	 2.005600e+03	 
 1.608955e+00	 7.912503e+03	 2.640000e+01	 2.384100e+03	 
 2.877544e+00	 7.908320e+03	 9.600000e+00	 2.005600e+03	 
 1.701942e+00	 7.908005e+03	 8.200000e+00	 2.005600e+03	 
 1.409456e-01	 7.908754e+03	 9.400000e+00	 2.005600e+03	 
 1.061762e+00	 7.908999e+03	 9.200000e+00	 2.005600e+03	 
 7.557037e-01	 7.909495e+03	 1.110000e+01	 2.005600e+03	 
 8.499324e-05	 7.909205e+03	 1.340000e+01	 2.005600e+03	 
 7.801393e-01	 7.909098e+03	 9.400000e+00	 2.005600e+03	 
 3.204027e-01	 7.909216e+03	 1.130000e+01	 2.005600e+03	 
 2.673525e-01	 7.909308e+03	 6.200000e+00	 2.005600e+03	 
 3.229286e+00	 7.910059e+03	 1.160000e+01	 2.005600e+03	 
 1.638287e+00	 7.909755e+03	 9.200000e+00	 2.005600e+03	 
 1.769728e+00	 7.910253e+03	 1.110000e+01	 2.005600e+03	 
 1.846557e+00	 7.909689e+03	 11	 2.005600e+03	 
 2.690841e+00	 7.909842e+03	 1.150000e+01	 2.005600e+03	 
 9.004623e-01	 7.909504e+03	 12	 2.005600e+03	 
 1.232144e+00	 7.909493e+03	 1.270000e+01	 2.005600e+03	 
 4.086221e-02	 7.909311e+03	 1.020000e+01	 2.005600e+03	 
 9.752887e-01	 7.908892e+03	 1.040000e+01	 2.005600e+03	 
 3.281872e+00	 7.909807e+03	 1.450000e+01	 2.005600e+03	 
 9.182342e-05	 7.908819e+03	 1.250000e+01	 2.005600e+03	 
 2.125859e+00	 7.909591e+03	 1.970000e+01	 2.005600e+03	 
 5.032881e-01	 7.909299e+03	 1.390000e+01	 2.005600e+03	 
 1.444008e-01	 7.908426e+03	 1.450000e+01	 2.005600e+03	 
 4.379336e+00	 7.908260e+03	 1.440000e+01	 2.005600e+03	 
 4.840492e-01	 7.908651e+03	 1.680000e+01	 2.005600e+03	 
 1.614288e+00	 7.907581e+03	 2.110000e+01	 2.005600e+03	 
 1.412049e+00	 7.907082e+03	 18	 2.005600e+03	 
 3.445917e-01	 7.907263e+03	 2.150000e+01	 2.005600e+03	 
 1.388017e+00	 7.906618e+03	 1.990000e+01	 2.005600e+03	 
 7.687190e-01	 7.906689e+03	 2.410000e+01	 2.005600e+03	 
 2.450175e+00	 7.907126e+03	 2.270000e+01	 2.005600e+03	 
 5.536990e+00	 7.906088e+03	 2.440000e+01	 2.005600e+03	 
 1.608955e+00	 7.912503e+03	 2.640000e+01	 2.384100e+03	 
 4.384821e+00	 7.906167e+03	 2.640000e+01	 2.005600e+03	 
 1.418180e-01	 7.906480e+03	 3.010000e+01	 2.005600e+03	 
 1.608955e+00	 7.912503e+03	 2.640000e+01	 2.384100e+03	 
 9.115768e-01	 7.904998e+03	 2.640000e+01	 2.407500e+03	 
 4.127657e+00	 7.897891e+03	 2.640000e+01	 2.636700e+03	 
 4.724886e+00	 8.683442e+03	 2.640000e+01	 2.600300e+03	 
 