5.698033e+03	 4.445830e+02	 5.435361e+03	 0	 0	 
 5.698033e+03	 4.445830e+02	 5.172688e+03	 0	 0	 
 5.698033e+03	 4.445830e+02	 4.910016e+03	 0	 0	 
 5.698033e+03	 4.445830e+02	 4.647343e+03	 0	 0	 
 5.698033e+03	 4.445830e+02	 4.384671e+03	 0	 0	 
 5.698033e+03	 4.445830e+02	 4.121998e+03	 0	 0	 
 5.698033e+03	 4.445830e+02	 3.859326e+03	 0	 0	 
 5.698033e+03	 4.445830e+02	 3.596653e+03	 0	 0	 
 5.698033e+03	 4.445830e+02	 3.333981e+03	 0	 0	 
 5.698033e+03	 4.445830e+02	 3.071308e+03	 0	 0	 
 5.698033e+03	 4.445830e+02	 2.808636e+03	 0	 0	 
 5.698033e+03	 4.445830e+02	 2.545963e+03	 0	 0	 
 5.698033e+03	 4.445830e+02	 2.283290e+03	 0	 0	 
 5.698033e+03	 4.445830e+02	 2.020618e+03	 0	 0	 
 5.698033e+03	 4.445830e+02	 1.757945e+03	 0	 0	 
 5.698033e+03	 4.445830e+02	 1.495273e+03	 0	 0	 
 5.698033e+03	 4.445830e+02	 1.232600e+03	 0	 0	 
 5.698033e+03	 4.445830e+02	 9.699280e+02	 0	 0	 
 5.698033e+03	 4.445830e+02	 7.072555e+02	 0	 0	 
 5.698033e+03	 4.445830e+02	 4.445830e+02	 0	 0	 
 5.698033e+03	 5.200347e+03	 5.673149e+03	 0	 0	 
 5.698033e+03	 5.200347e+03	 5.648264e+03	 0	 0	 
 5.698033e+03	 5.200347e+03	 5.623380e+03	 0	 0	 
 5.698033e+03	 5.200347e+03	 5.598496e+03	 0	 0	 
 5.698033e+03	 5.200347e+03	 5.573612e+03	 0	 0	 
 5.698033e+03	 5.200347e+03	 5.548727e+03	 0	 0	 
 5.698033e+03	 5.200347e+03	 5.523843e+03	 0	 0	 
 5.698033e+03	 5.200347e+03	 5.498959e+03	 0	 0	 
 5.698033e+03	 5.200347e+03	 5.474074e+03	 0	 0	 
 5.698033e+03	 5.200347e+03	 5.449190e+03	 0	 0	 
 5.698033e+03	 5.200347e+03	 5.424306e+03	 0	 0	 
 5.698033e+03	 5.200347e+03	 5.399421e+03	 0	 0	 
 5.698033e+03	 5.200347e+03	 5.374537e+03	 0	 0	 
 5.698033e+03	 5.200347e+03	 5.349653e+03	 0	 0	 
 5.698033e+03	 5.200347e+03	 5.324768e+03	 0	 0	 
 5.698033e+03	 5.200347e+03	 5.299884e+03	 0	 0	 
 5.698033e+03	 5.200347e+03	 5.275000e+03	 0	 0	 
 5.698033e+03	 5.200347e+03	 5.250116e+03	 0	 0	 
 5.698033e+03	 5.200347e+03	 5.225231e+03	 0	 0	 
 5.698033e+03	 5.200347e+03	 5.200347e+03	 0	 0	 
 5.698033e+03	 5.954551e+03	 5.685207e+03	 5.347090e-05	 2.831812e-07	 5.347090e-05	 
 5.698033e+03	 5.954551e+03	 5.672381e+03	 5.347090e-05	 2.831812e-07	 5.347090e-05	 
 5.698033e+03	 5.954551e+03	 5.659555e+03	 5.347090e-05	 2.831812e-07	 5.347090e-05	 
 5.698033e+03	 5.954551e+03	 5.646729e+03	 5.347090e-05	 2.831812e-07	 5.347090e-05	 
 5.698033e+03	 5.954551e+03	 5.633903e+03	 5.347090e-05	 2.831812e-07	 5.347090e-05	 
 5.698033e+03	 5.954551e+03	 5.621078e+03	 5.347090e-05	 2.831812e-07	 5.347090e-05	 
 5.698033e+03	 5.954551e+03	 5.608252e+03	 5.347090e-05	 2.831812e-07	 5.347090e-05	 
 5.698033e+03	 5.954551e+03	 5.595426e+03	 5.347090e-05	 2.831812e-07	 5.347090e-05	 
 5.698033e+03	 5.954551e+03	 5.582600e+03	 5.347090e-05	 2.831812e-07	 5.347090e-05	 
 5.698033e+03	 5.954551e+03	 5.569774e+03	 5.347090e-05	 2.831812e-07	 5.347090e-05	 
 5.698033e+03	 5.954551e+03	 5.556948e+03	 5.347090e-05	 2.831812e-07	 5.347090e-05	 
 5.698033e+03	 5.954551e+03	 5.544122e+03	 5.347090e-05	 2.831812e-07	 5.347090e-05	 
 5.698033e+03	 5.954551e+03	 5.531296e+03	 5.347090e-05	 2.831812e-07	 5.347090e-05	 
 5.698033e+03	 5.954551e+03	 5.518470e+03	 5.347090e-05	 2.831812e-07	 5.347090e-05	 
 5.698033e+03	 5.954551e+03	 5.505644e+03	 5.347090e-05	 2.831812e-07	 5.347090e-05	 
 5.698033e+03	 5.954551e+03	 5.492818e+03	 5.347090e-05	 2.831812e-07	 5.347090e-05	 
 5.698033e+03	 5.954551e+03	 5.479993e+03	 5.347090e-05	 2.831812e-07	 5.347090e-05	 
 5.698033e+03	 5.954551e+03	 5.467167e+03	 5.347090e-05	 2.831812e-07	 5.347090e-05	 
 5.698033e+03	 5.954551e+03	 5.454341e+03	 5.347090e-05	 2.831812e-07	 5.347090e-05	 
 5.698033e+03	 5.954551e+03	 5.441515e+03	 5.347090e-05	 2.831812e-07	 5.347090e-05	 
 5.698033e+03	 3.111292e+03	 5.568696e+03	 0	 0	 
 5.698033e+03	 3.111292e+03	 5.439359e+03	 0	 0	 
 5.698033e+03	 3.111292e+03	 5.310022e+03	 0	 0	 
 5.698033e+03	 3.111292e+03	 5.180685e+03	 0	 0	 
 5.698033e+03	 3.111292e+03	 5.051348e+03	 0	 0	 
 5.698033e+03	 3.111292e+03	 4.922011e+03	 0	 0	 
 5.698033e+03	 3.111292e+03	 4.792674e+03	 0	 0	 
 5.698033e+03	 3.111292e+03	 4.663337e+03	 0	 0	 
 5.698033e+03	 3.111292e+03	 4.534000e+03	 0	 0	 
 5.698033e+03	 3.111292e+03	 4.404662e+03	 0	 0	 
 5.698033e+03	 3.111292e+03	 4.275325e+03	 0	 0	 
 5.698033e+03	 3.111292e+03	 4.145988e+03	 0	 0	 
 5.698033e+03	 3.111292e+03	 4.016651e+03	 0	 0	 
 5.698033e+03	 3.111292e+03	 3.887314e+03	 0	 0	 
 5.698033e+03	 3.111292e+03	 3.757977e+03	 0	 0	 
 5.698033e+03	 3.111292e+03	 3.628640e+03	 0	 0	 
 5.698033e+03	 3.111292e+03	 3.499303e+03	 0	 0	 
 5.698033e+03	 3.111292e+03	 3.369966e+03	 0	 0	 
 5.698033e+03	 3.111292e+03	 3.240629e+03	 0	 0	 
 5.698033e+03	 3.111292e+03	 3.111292e+03	 0	 0	 
 5.698033e+03	 5.698033e+03	 5.698033e+03	 5.347090e-05	 5.347090e-05	 5.347090e-05	 
 5.698033e+03	 5.698033e+03	 5.698033e+03	 5.347090e-05	 5.347090e-05	 5.347090e-05	 
 5.698033e+03	 5.698033e+03	 5.698033e+03	 5.347090e-05	 5.347090e-05	 5.347090e-05	 
 5.698033e+03	 5.698033e+03	 5.698033e+03	 5.347090e-05	 5.347090e-05	 5.347090e-05	 
 5.698033e+03	 5.698033e+03	 5.698033e+03	 5.347090e-05	 5.347090e-05	 5.347090e-05	 
 5.698033e+03	 5.698033e+03	 5.698033e+03	 5.347090e-05	 5.347090e-05	 5.347090e-05	 
 5.698033e+03	 5.698033e+03	 5.698033e+03	 5.347090e-05	 5.347090e-05	 5.347090e-05	 
 5.698033e+03	 5.698033e+03	 5.698033e+03	 5.347090e-05	 5.347090e-05	 5.347090e-05	 
 5.698033e+03	 5.698033e+03	 5.698033e+03	 5.347090e-05	 5.347090e-05	 5.347090e-05	 
 5.698033e+03	 5.698033e+03	 5.698033e+03	 5.347090e-05	 5.347090e-05	 5.347090e-05	 
 5.698033e+03	 5.698033e+03	 5.698033e+03	 5.347090e-05	 5.347090e-05	 5.347090e-05	 
 5.698033e+03	 5.698033e+03	 5.698033e+03	 5.347090e-05	 5.347090e-05	 5.347090e-05	 
 5.698033e+03	 5.698033e+03	 5.698033e+03	 5.347090e-05	 5.347090e-05	 5.347090e-05	 
 5.698033e+03	 5.698033e+03	 5.698033e+03	 5.347090e-05	 5.347090e-05	 5.347090e-05	 
 5.698033e+03	 5.698033e+03	 5.698033e+03	 5.347090e-05	 5.347090e-05	 5.347090e-05	 
 5.698033e+03	 5.698033e+03	 5.698033e+03	 5.347090e-05	 5.347090e-05	 5.347090e-05	 
 5.698033e+03	 5.698033e+03	 5.698033e+03	 5.347090e-05	 5.347090e-05	 5.347090e-05	 
 5.698033e+03	 5.698033e+03	 5.698033e+03	 5.347090e-05	 5.347090e-05	 5.347090e-05	 
 5.698033e+03	 5.698033e+03	 5.698033e+03	 5.347090e-05	 5.347090e-05	 5.347090e-05	 
 5.698033e+03	 5.698033e+03	 5.698033e+03	 5.347090e-05	 5.347090e-05	 5.347090e-05	 
 5.698033e+03	 3.111292e+03	 5.568696e+03	 0	 0	 
 5.698033e+03	 3.111292e+03	 5.439359e+03	 0	 0	 
 5.698033e+03	 3.111292e+03	 5.310022e+03	 0	 0	 
 5.698033e+03	 3.111292e+03	 5.180685e+03	 0	 0	 
 5.698033e+03	 3.111292e+03	 5.051348e+03	 0	 0	 
 5.698033e+03	 3.111292e+03	 4.922011e+03	 0	 0	 
 5.698033e+03	 3.111292e+03	 4.792674e+03	 0	 0	 
 5.698033e+03	 3.111292e+03	 4.663337e+03	 0	 0	 
 5.698033e+03	 3.111292e+03	 4.534000e+03	 0	 0	 
 5.698033e+03	 3.111292e+03	 4.404662e+03	 0	 0	 
 5.698033e+03	 3.111292e+03	 4.275325e+03	 0	 0	 
 5.698033e+03	 3.111292e+03	 4.145988e+03	 0	 0	 
 5.698033e+03	 3.111292e+03	 4.016651e+03	 0	 0	 
 5.698033e+03	 3.111292e+03	 3.887314e+03	 0	 0	 
 5.698033e+03	 3.111292e+03	 3.757977e+03	 0	 0	 
 5.698033e+03	 3.111292e+03	 3.628640e+03	 0	 0	 
 5.698033e+03	 3.111292e+03	 3.499303e+03	 0	 0	 
 5.698033e+03	 3.111292e+03	 3.369966e+03	 0	 0	 
 5.698033e+03	 3.111292e+03	 3.240629e+03	 0	 0	 
 5.698033e+03	 3.111292e+03	 3.111292e+03	 0	 0	 
 5.698033e+03	 6.723748e-01	 5.413165e+03	 0	 0	 
 5.698033e+03	 6.723748e-01	 5.128297e+03	 0	 0	 
 5.698033e+03	 6.723748e-01	 4.843429e+03	 0	 0	 
 5.698033e+03	 6.723748e-01	 4.558561e+03	 0	 0	 
 5.698033e+03	 6.723748e-01	 4.273693e+03	 0	 0	 
 5.698033e+03	 6.723748e-01	 3.988825e+03	 0	 0	 
 5.698033e+03	 6.723748e-01	 3.703957e+03	 0	 0	 
 5.698033e+03	 6.723748e-01	 3.419089e+03	 0	 0	 
 5.698033e+03	 6.723748e-01	 3.134221e+03	 0	 0	 
 5.698033e+03	 6.723748e-01	 2.849353e+03	 0	 0	 
 5.698033e+03	 6.723748e-01	 2.564485e+03	 0	 0	 
 5.698033e+03	 6.723748e-01	 2.279617e+03	 0	 0	 
 5.698033e+03	 6.723748e-01	 1.994749e+03	 0	 0	 
 5.698033e+03	 6.723748e-01	 1.709881e+03	 0	 0	 
 5.698033e+03	 6.723748e-01	 1.425013e+03	 0	 0	 
 5.698033e+03	 6.723748e-01	 1.140145e+03	 0	 0	 
 5.698033e+03	 6.723748e-01	 8.552765e+02	 0	 0	 
 5.698033e+03	 6.723748e-01	 5.704084e+02	 0	 0	 
 5.698033e+03	 6.723748e-01	 2.855404e+02	 0	 0	 
 5.698033e+03	 6.723748e-01	 6.723748e-01	 0	 0	 
 5.698033e+03	 4.445830e+02	 5.435361e+03	 0	 0	 
 5.698033e+03	 4.445830e+02	 5.172688e+03	 0	 0	 
 5.698033e+03	 4.445830e+02	 4.910016e+03	 0	 0	 
 5.698033e+03	 4.445830e+02	 4.647343e+03	 0	 0	 
 5.698033e+03	 4.445830e+02	 4.384671e+03	 0	 0	 
 5.698033e+03	 4.445830e+02	 4.121998e+03	 0	 0	 
 5.698033e+03	 4.445830e+02	 3.859326e+03	 0	 0	 
 5.698033e+03	 4.445830e+02	 3.596653e+03	 0	 0	 
 5.698033e+03	 4.445830e+02	 3.333981e+03	 0	 0	 
 5.698033e+03	 4.445830e+02	 3.071308e+03	 0	 0	 
 5.698033e+03	 4.445830e+02	 2.808636e+03	 0	 0	 
 5.698033e+03	 4.445830e+02	 2.545963e+03	 0	 0	 
 5.698033e+03	 4.445830e+02	 2.283290e+03	 0	 0	 
 5.698033e+03	 4.445830e+02	 2.020618e+03	 0	 0	 
 5.698033e+03	 4.445830e+02	 1.757945e+03	 0	 0	 
 5.698033e+03	 4.445830e+02	 1.495273e+03	 0	 0	 
 5.698033e+03	 4.445830e+02	 1.232600e+03	 0	 0	 
 5.698033e+03	 4.445830e+02	 9.699280e+02	 0	 0	 
 5.698033e+03	 4.445830e+02	 7.072555e+02	 0	 0	 
 5.698033e+03	 4.445830e+02	 4.445830e+02	 0	 0	 
 5.698033e+03	 4.445830e+02	 5.435361e+03	 0	 0	 
 5.698033e+03	 4.445830e+02	 5.172688e+03	 0	 0	 
 5.698033e+03	 4.445830e+02	 4.910016e+03	 0	 0	 
 5.698033e+03	 4.445830e+02	 4.647343e+03	 0	 0	 
 5.698033e+03	 4.445830e+02	 4.384671e+03	 0	 0	 
 5.698033e+03	 4.445830e+02	 4.121998e+03	 0	 0	 
 5.698033e+03	 4.445830e+02	 3.859326e+03	 0	 0	 
 5.698033e+03	 4.445830e+02	 3.596653e+03	 0	 0	 
 5.698033e+03	 4.445830e+02	 3.333981e+03	 0	 0	 
 5.698033e+03	 4.445830e+02	 3.071308e+03	 0	 0	 
 5.698033e+03	 4.445830e+02	 2.808636e+03	 0	 0	 
 5.698033e+03	 4.445830e+02	 2.545963e+03	 0	 0	 
 5.698033e+03	 4.445830e+02	 2.283290e+03	 0	 0	 
 5.698033e+03	 4.445830e+02	 2.020618e+03	 0	 0	 
 5.698033e+03	 4.445830e+02	 1.757945e+03	 0	 0	 
 5.698033e+03	 4.445830e+02	 1.495273e+03	 0	 0	 
 5.698033e+03	 4.445830e+02	 1.232600e+03	 0	 0	 
 5.698033e+03	 4.445830e+02	 9.699280e+02	 0	 0	 
 5.698033e+03	 4.445830e+02	 7.072555e+02	 0	 0	 
 5.698033e+03	 4.445830e+02	 4.445830e+02	 0	 0	 
 5.698033e+03	 3.111292e+03	 5.568696e+03	 0	 0	 
 5.698033e+03	 3.111292e+03	 5.439359e+03	 0	 0	 
 5.698033e+03	 3.111292e+03	 5.310022e+03	 0	 0	 
 5.698033e+03	 3.111292e+03	 5.180685e+03	 0	 0	 
 5.698033e+03	 3.111292e+03	 5.051348e+03	 0	 0	 
 5.698033e+03	 3.111292e+03	 4.922011e+03	 0	 0	 
 5.698033e+03	 3.111292e+03	 4.792674e+03	 0	 0	 
 5.698033e+03	 3.111292e+03	 4.663337e+03	 0	 0	 
 5.698033e+03	 3.111292e+03	 4.534000e+03	 0	 0	 
 5.698033e+03	 3.111292e+03	 4.404662e+03	 0	 0	 
 5.698033e+03	 3.111292e+03	 4.275325e+03	 0	 0	 
 5.698033e+03	 3.111292e+03	 4.145988e+03	 0	 0	 
 5.698033e+03	 3.111292e+03	 4.016651e+03	 0	 0	 
 5.698033e+03	 3.111292e+03	 3.887314e+03	 0	 0	 
 5.698033e+03	 3.111292e+03	 3.757977e+03	 0	 0	 
 5.698033e+03	 3.111292e+03	 3.628640e+03	 0	 0	 
 5.698033e+03	 3.111292e+03	 3.499303e+03	 0	 0	 
 5.698033e+03	 3.111292e+03	 3.369966e+03	 0	 0	 
 5.698033e+03	 3.111292e+03	 3.240629e+03	 0	 0	 
 5.698033e+03	 3.111292e+03	 3.111292e+03	 0	 0	 
 