s	 e	 integralPartic	 alturaRetang	 metadePartic	 maximaPartic	 minimoPArtic	 alturaPartic	 p	 comparativoMet
338	 355	 3.167202e+04	 1.759556e+03	 1.313629e+03	 2.303523e+03	 3.237353e+02	 1.339462e+00	 1	 7.465685e-01	 
 322	 342	 2.441513e+04	 1.162625e+03	 1.313375e+03	 2.303523e+03	 3.232272e+02	 8.852193e-01	 0	 1.129664e+00	 
 331	 342	 2.377935e+04	 1.981612e+03	 1.315001e+03	 2.303523e+03	 3.264792e+02	 1.506928e+00	 1	 6.636017e-01	 
 302	 339	 3.681440e+04	 9.688001e+02	 1.320591e+03	 2.303523e+03	 3.376579e+02	 7.336112e-01	 0	 1.363120e+00	 
 340	 356	 1.470527e+04	 8.650160e+02	 1.316612e+03	 2.303523e+03	 3.296998e+02	 6.570016e-01	 0	 1.522066e+00	 
 312	 332	 4.104390e+04	 1.954471e+03	 1.326788e+03	 2.303523e+03	 3.500516e+02	 1.473085e+00	 1	 6.788472e-01	 
 300	 340	 2.992194e+04	 7.298034e+02	 1.321295e+03	 2.303523e+03	 3.390658e+02	 5.523396e-01	 0	 1.810480e+00	 
 319	 334	 1.827883e+04	 1.142427e+03	 1.321731e+03	 2.303523e+03	 3.399395e+02	 8.643412e-01	 0	 1.156951e+00	 
 349	 360	 1.656545e+04	 1.380454e+03	 1.330132e+03	 2.303523e+03	 3.567415e+02	 1.037832e+00	 1	 9.635473e-01	 
 322	 335	 3.017145e+04	 2.155103e+03	 1.319325e+03	 2.303523e+03	 3.351259e+02	 1.633490e+00	 1	 6.121863e-01	 
 1	 1	 1.000000e-05	 1.000000e-05	 1.000000e-05	 1.000000e-05	 1.000000e-05	 1.000000e-05	 1	 1.000000e-05	 
 1	 1	 1.000000e-05	 1.000000e-05	 1.000000e-05	 1.000000e-05	 1.000000e-05	 1.000000e-05	 1	 1.000000e-05	 
 1	 1	 1.000000e-05	 1.000000e-05	 1.000000e-05	 1.000000e-05	 1.000000e-05	 1.000000e-05	 1	 1.000000e-05	 
 1	 1	 1.000000e-05	 1.000000e-05	 1.000000e-05	 1.000000e-05	 1.000000e-05	 1.000000e-05	 1	 1.000000e-05	 
 1	 1	 1.000000e-05	 1.000000e-05	 1.000000e-05	 1.000000e-05	 1.000000e-05	 1.000000e-05	 1	 1.000000e-05	 
 1	 1	 1.000000e-05	 1.000000e-05	 1.000000e-05	 1.000000e-05	 1.000000e-05	 1.000000e-05	 1	 1.000000e-05	 
 1	 1	 1.000000e-05	 1.000000e-05	 1.000000e-05	 1.000000e-05	 1.000000e-05	 1.000000e-05	 1	 1.000000e-05	 
 1	 1	 1.000000e-05	 1.000000e-05	 1.000000e-05	 1.000000e-05	 1.000000e-05	 1.000000e-05	 1	 1.000000e-05	 
 1	 1	 1.000000e-05	 1.000000e-05	 1.000000e-05	 1.000000e-05	 1.000000e-05	 1.000000e-05	 1	 1.000000e-05	 
 1	 1	 1.000000e-05	 1.000000e-05	 1.000000e-05	 1.000000e-05	 1.000000e-05	 1.000000e-05	 1	 1.000000e-05	 
 