2.967574e-01	 1.041199e-02	 6.805729e-01	 1.225767e-02	 2.114223e+03	 1.131628e+01	 
 2.744482e-01	 7.601677e-03	 6.908431e-01	 2.710701e-02	 2.743675e+03	 1.130788e+01	 
 2.941843e-01	 2.714809e-03	 6.878278e-01	 1.527314e-02	 1.452236e+03	 1.182558e+01	 
 2.989398e-01	 7.783986e-03	 6.819517e-01	 1.132455e-02	 1.727234e+03	 1.138822e+01	 
 2.947535e-01	 3.001858e-03	 6.873883e-01	 1.485641e-02	 1.453547e+03	 1.178288e+01	 
 2.993759e-01	 4.279892e-03	 6.846951e-01	 1.164919e-02	 1.532165e+03	 1.168390e+01	 
 3.149137e-01	 1.108466e-02	 6.735328e-01	 4.688622e-04	 2.243188e+03	 1.136609e+01	 
 2.976868e-01	 2.658464e-03	 6.866356e-01	 1.301921e-02	 1.551854e+03	 1.195931e+01	 
 2.901553e-01	 1.019976e-02	 6.830739e-01	 1.657101e-02	 1.971965e+03	 1.126032e+01	 
 2.950678e-01	 5.130583e-03	 6.855122e-01	 1.428942e-02	 1.481463e+03	 1.149050e+01	 
 2.991876e-01	 7.359411e-03	 6.822142e-01	 1.123887e-02	 1.690042e+03	 1.141024e+01	 
 2.949287e-01	 2.078948e-03	 6.880932e-01	 1.489919e-02	 1.536801e+03	 1.202775e+01	 
 2.977262e-01	 3.410609e-03	 6.859989e-01	 1.286424e-02	 1.509526e+03	 1.179024e+01	 
 3.152781e-01	 8.703337e-03	 6.753691e-01	 6.494111e-04	 1.909117e+03	 1.145859e+01	 
 2.975525e-01	 1.879269e-03	 6.873218e-01	 1.324644e-02	 1.649922e+03	 1.218997e+01	 
 3.000441e-01	 4.233222e-03	 6.844973e-01	 1.122532e-02	 1.542813e+03	 1.170372e+01	 
 3.124641e-01	 9.091445e-03	 6.760563e-01	 2.388165e-03	 1.941053e+03	 1.143869e+01	 
 2.532614e-01	 4.198242e-03	 7.012214e-01	 4.131893e-02	 2.608473e+03	 1.134527e+01	 
 2.970088e-01	 1.804880e-03	 6.875773e-01	 1.360897e-02	 1.659240e+03	 1.221095e+01	 
 2.619243e-01	 9.495139e-03	 6.937337e-01	 3.484687e-02	 2.535674e+03	 1.126510e+01	 
 2.985456e-01	 2.319789e-03	 6.866046e-01	 1.253003e-02	 1.611412e+03	 1.208607e+01	 
 2.699081e-01	 7.316232e-03	 6.927072e-01	 3.006846e-02	 2.710719e+03	 1.131527e+01	 
 2.949465e-01	 2.930519e-03	 6.873793e-01	 1.474373e-02	 1.461509e+03	 1.180451e+01	 
 2.964369e-01	 2.798192e-03	 6.869628e-01	 1.380211e-02	 1.508981e+03	 1.188436e+01	 
 2.982044e-01	 3.712198e-03	 6.855797e-01	 1.250370e-02	 1.512597e+03	 1.174752e+01	 
 3.075509e-01	 4.976974e-03	 6.812012e-01	 6.270939e-03	 1.617980e+03	 1.169456e+01	 
 3.095420e-01	 5.670646e-03	 6.799189e-01	 4.868474e-03	 1.655431e+03	 1.163403e+01	 
 3.027714e-01	 3.806700e-03	 6.838711e-01	 9.550723e-03	 1.580615e+03	 1.183171e+01	 
 2.482985e-01	 6.299216e-03	 7.012416e-01	 4.416071e-02	 2.565367e+03	 1.130954e+01	 
 2.956001e-01	 3.997468e-03	 6.862630e-01	 1.413946e-02	 1.458694e+03	 1.163499e+01	 
 2.960730e-01	 8.260090e-03	 6.825721e-01	 1.309481e-02	 1.742498e+03	 1.133659e+01	 
 2.959829e-01	 8.315734e-03	 6.825582e-01	 1.314322e-02	 1.747842e+03	 1.133406e+01	 
 2.991289e-01	 5.806011e-03	 6.835182e-01	 1.154685e-02	 1.577757e+03	 1.151057e+01	 
 2.904938e-01	 1.090990e-02	 6.824057e-01	 1.619065e-02	 2.376690e+03	 1.130336e+01	 
 2.948601e-01	 2.144346e-03	 6.880630e-01	 1.493255e-02	 1.526052e+03	 1.200532e+01	 
 2.959803e-01	 2.811155e-03	 6.871133e-01	 1.409521e-02	 1.496838e+03	 1.186775e+01	 
 2.912099e-01	 1.093950e-02	 6.821159e-01	 1.573471e-02	 2.270453e+03	 1.129410e+01	 
 3.005860e-01	 2.864201e-03	 6.854275e-01	 1.112227e-02	 1.586270e+03	 1.197692e+01	 
 2.941355e-01	 2.291671e-03	 6.881964e-01	 1.537637e-02	 1.483506e+03	 1.193123e+01	 
 2.953252e-01	 4.185012e-03	 6.862046e-01	 1.428514e-02	 1.455759e+03	 1.160171e+01	 
 3.084130e-01	 5.637237e-03	 6.803484e-01	 5.601365e-03	 1.651992e+03	 1.164056e+01	 
 2.978991e-01	 2.333225e-03	 6.868257e-01	 1.294191e-02	 1.599397e+03	 1.206963e+01	 
 3.018307e-01	 4.700810e-03	 6.834757e-01	 9.992742e-03	 1.574167e+03	 1.167501e+01	 
 2.958280e-01	 2.457193e-03	 6.874612e-01	 1.425363e-02	 1.520386e+03	 1.195055e+01	 
 2.928963e-01	 8.542428e-03	 6.834621e-01	 1.509908e-02	 1.738782e+03	 1.129253e+01	 
 2.864477e-01	 1.108539e-02	 6.836829e-01	 1.878398e-02	 2.282208e+03	 1.127182e+01	 
 3.113862e-01	 1.177074e-02	 6.742219e-01	 2.621196e-03	 2.479100e+03	 1.132971e+01	 
 2.943494e-01	 6.584250e-03	 6.845635e-01	 1.450282e-02	 1.561997e+03	 1.137586e+01	 
 2.933713e-01	 9.993612e-03	 6.821060e-01	 1.452904e-02	 1.967735e+03	 1.128764e+01	 
 2.950598e-01	 4.711944e-03	 6.858618e-01	 1.436646e-02	 1.464610e+03	 1.153201e+01	 
 2.975235e-01	 1.064717e-02	 6.801140e-01	 1.171528e-02	 2.203981e+03	 1.132281e+01	 
 2.969509e-01	 2.216151e-03	 6.872619e-01	 1.357105e-02	 1.584865e+03	 1.206603e+01	 
 3.008765e-01	 8.338764e-03	 6.808110e-01	 9.973764e-03	 1.810406e+03	 1.138786e+01	 
 3.039929e-01	 6.919378e-03	 6.808776e-01	 8.210118e-03	 1.709729e+03	 1.149307e+01	 
 2.966267e-01	 2.203221e-03	 6.873886e-01	 1.378157e-02	 1.574409e+03	 1.205391e+01	 
 3.016087e-01	 4.911539e-03	 6.833813e-01	 1.009846e-02	 1.576629e+03	 1.164263e+01	 
 2.983775e-01	 3.297732e-03	 6.858623e-01	 1.246251e-02	 1.526438e+03	 1.182777e+01	 
 2.251401e-01	 2.656342e-03	 7.124837e-01	 5.971983e-02	 2.445069e+03	 1.135735e+01	 
 3.014141e-01	 6.116659e-03	 6.824541e-01	 1.001513e-02	 1.627121e+03	 1.151930e+01	 
 2.995586e-01	 9.708932e-03	 6.801538e-01	 1.057860e-02	 1.992223e+03	 1.134146e+01	 
 2.988677e-01	 3.013911e-03	 6.859213e-01	 1.219717e-02	 1.553305e+03	 1.191004e+01	 
 2.986424e-01	 3.437597e-03	 6.856526e-01	 1.226743e-02	 1.526969e+03	 1.180685e+01	 
 2.788162e-01	 1.079958e-02	 6.865948e-01	 2.378944e-02	 2.002692e+03	 1.118464e+01	 
 2.844097e-01	 1.103746e-02	 6.844540e-01	 2.009876e-02	 2.357838e+03	 1.127562e+01	 
 2.959119e-01	 3.100953e-03	 6.868968e-01	 1.409037e-02	 1.479467e+03	 1.180119e+01	 
 2.960284e-01	 3.410328e-03	 6.865988e-01	 1.396247e-02	 1.471999e+03	 1.174366e+01	 
 2.977821e-01	 3.859474e-03	 6.856067e-01	 1.275172e-02	 1.503121e+03	 1.171365e+01	 
 2.952254e-01	 2.770387e-03	 6.874138e-01	 1.459044e-02	 1.478322e+03	 1.185091e+01	 
 3.106385e-01	 6.064540e-03	 6.792028e-01	 4.094146e-03	 1.680722e+03	 1.160396e+01	 
 2.969325e-01	 1.876265e-03	 6.875463e-01	 1.364493e-02	 1.646821e+03	 1.218782e+01	 
 2.658085e-01	 1.127520e-02	 6.908387e-01	 3.207762e-02	 2.298403e+03	 1.119001e+01	 
 2.970828e-01	 1.629657e-03	 6.876954e-01	 1.359222e-02	 1.676802e+03	 1.225171e+01	 
 3.030766e-01	 4.142363e-03	 6.834867e-01	 9.294431e-03	 1.583380e+03	 1.178501e+01	 
 2.978268e-01	 7.344115e-03	 6.827073e-01	 1.212179e-02	 1.670917e+03	 1.139234e+01	 
 3.016723e-01	 4.036486e-03	 6.840777e-01	 1.021356e-02	 1.567948e+03	 1.177700e+01	 
 2.958928e-01	 3.903003e-03	 6.862379e-01	 1.396634e-02	 1.463864e+03	 1.165666e+01	 
 3.019109e-01	 7.132981e-03	 6.814390e-01	 9.517048e-03	 1.705198e+03	 1.145559e+01	 
 3.003136e-01	 6.057615e-03	 6.828917e-01	 1.073714e-02	 1.608411e+03	 1.150827e+01	 
 3.007114e-01	 4.364038e-03	 6.841522e-01	 1.077232e-02	 1.553922e+03	 1.169874e+01	 
 2.961719e-01	 2.119636e-03	 6.876196e-01	 1.408893e-02	 1.570485e+03	 1.206041e+01	 
 1.069948e-02	 1.688938e-05	 7.858383e-01	 2.034454e-01	 1.899841e+03	 1.110995e+01	 
 1.492111e-03	 2.904699e-03	 7.863488e-01	 2.092544e-01	 2.281993e+03	 1.130743e+01	 
 3.374525e-03	 3.691433e-04	 7.879624e-01	 2.082939e-01	 2.135526e+03	 1.176224e+01	 
 2.252180e-03	 2.956508e-04	 7.883859e-01	 2.090663e-01	 2.058325e+03	 1.170263e+01	 
 1.564541e-03	 1.398774e-04	 7.887407e-01	 2.095549e-01	 1.997997e+03	 1.167308e+01	 
 2.668320e-02	 1.784695e-03	 7.791825e-01	 1.923496e-01	 2.413486e+03	 1.122036e+01	 
 6.606817e-03	 3.004435e-03	 7.846101e-01	 2.057787e-01	 2.364834e+03	 1.128542e+01	 
 2.774088e-02	 2.466160e-03	 7.782574e-01	 1.915356e-01	 2.550724e+03	 1.125344e+01	 
 4.984938e-04	 2.920461e-04	 7.889509e-01	 2.102585e-01	 1.973259e+03	 1.162042e+01	 
 3.393113e-02	 1.673568e-03	 7.769437e-01	 1.874516e-01	 2.490913e+03	 1.122690e+01	 
 5.767498e-04	 4.746671e-04	 7.887682e-01	 2.101804e-01	 2.005630e+03	 1.161818e+01	 
 1.509607e-03	 7.337258e-04	 7.882451e-01	 2.095116e-01	 2.092357e+03	 1.165621e+01	 
 2.011349e-03	 5.255316e-04	 7.882644e-01	 2.091987e-01	 2.084623e+03	 1.168657e+01	 
 4.964529e-03	 2.851830e-03	 7.852706e-01	 2.069130e-01	 2.314265e+03	 1.127658e+01	 
 2.703562e-03	 1.385539e-04	 7.883768e-01	 2.087811e-01	 2.056440e+03	 1.172905e+01	 
 2.838035e-03	 3.056821e-03	 7.857840e-01	 2.083211e-01	 2.329045e+03	 1.131560e+01	 
 