s	 e	 integralPartic	 alturaRetang	 metadePartic	 maximaPartic	 minimoPArtic	 alturaPartic	 p	 comparativoMet
71	 97	 1.131240e+04	 4.189779e+02	 2.101009e+02	 4.201390e+02	 6.285714e-02	 1.994175e+00	 1	 5.014606e-01	 
 71	 97	 1.131240e+04	 4.189779e+02	 2.101009e+02	 4.201390e+02	 6.285714e-02	 1.994175e+00	 1	 5.014606e-01	 
 71	 97	 1.131240e+04	 4.189779e+02	 2.101009e+02	 4.201390e+02	 6.285714e-02	 1.994175e+00	 1	 5.014606e-01	 
 71	 97	 1.131240e+04	 4.189779e+02	 2.101009e+02	 4.201390e+02	 6.285714e-02	 1.994175e+00	 1	 5.014606e-01	 
 71	 97	 1.131240e+04	 4.189779e+02	 2.101009e+02	 4.201390e+02	 6.285714e-02	 1.994175e+00	 1	 5.014606e-01	 
 71	 97	 1.131240e+04	 4.189779e+02	 2.101009e+02	 4.201390e+02	 6.285714e-02	 1.994175e+00	 1	 5.014606e-01	 
 71	 97	 1.131240e+04	 4.189779e+02	 2.101009e+02	 4.201390e+02	 6.285714e-02	 1.994175e+00	 1	 5.014606e-01	 
 71	 97	 1.131240e+04	 4.189779e+02	 2.101009e+02	 4.201390e+02	 6.285714e-02	 1.994175e+00	 1	 5.014606e-01	 
 71	 97	 1.131240e+04	 4.189779e+02	 2.101009e+02	 4.201390e+02	 6.285714e-02	 1.994175e+00	 1	 5.014606e-01	 
 71	 97	 1.131240e+04	 4.189779e+02	 2.101009e+02	 4.201390e+02	 6.285714e-02	 1.994175e+00	 1	 5.014606e-01	 
 