3.210980e+00	 9.630655e+00	 6.456983e-02	 -8.112193e+00	 7.025359e+04	 7.025359e+04	 0	 
 3.210980e+00	 9.630655e+00	 6.456983e-02	 -8.112193e+00	 7.025359e+04	 7.025359e+04	 0	 
 3.210980e+00	 9.630655e+00	 6.456983e-02	 -8.112193e+00	 7.025359e+04	 7.025359e+04	 0	 
 3.210980e+00	 9.630655e+00	 6.456983e-02	 -8.112193e+00	 7.025359e+04	 7.025359e+04	 0	 
 3.210980e+00	 9.630655e+00	 6.456983e-02	 -8.112193e+00	 7.025359e+04	 7.025359e+04	 0	 
 3.210980e+00	 9.630655e+00	 6.456983e-02	 -8.112193e+00	 7.025359e+04	 7.025359e+04	 0	 
 1.425966e-01	 1.195074e-01	 -5.382372e-03	 5.117311e-01	 8.908770e+04	 8.908770e+04	 0	 
 1.425966e-01	 1.195074e-01	 -5.382372e-03	 5.117311e-01	 8.908770e+04	 8.908770e+04	 0	 
 1.425966e-01	 1.195074e-01	 -5.382372e-03	 5.117311e-01	 8.908770e+04	 8.908770e+04	 0	 
 1.425966e-01	 1.195074e-01	 -5.382372e-03	 5.117311e-01	 8.908770e+04	 8.908770e+04	 0	 
 1.425966e-01	 1.195074e-01	 -5.382372e-03	 5.117311e-01	 8.908770e+04	 8.908770e+04	 0	 
 1.425966e-01	 1.195074e-01	 -5.382372e-03	 5.117311e-01	 8.908770e+04	 8.908770e+04	 0	 
 1.817157e-01	 7.533755e-01	 1.289569e-04	 8.143918e-02	 5.647278e+04	 5.647375e+04	 1	 
 1.817157e-01	 7.533755e-01	 1.289569e-04	 8.143918e-02	 5.647278e+04	 5.647375e+04	 1	 
 1.817157e-01	 7.533755e-01	 1.289569e-04	 8.143918e-02	 5.647278e+04	 5.647375e+04	 1	 
 1.817157e-01	 7.533755e-01	 1.289569e-04	 8.143918e-02	 5.647278e+04	 5.647375e+04	 1	 
 1.817157e-01	 7.533755e-01	 1.289569e-04	 8.143918e-02	 5.647278e+04	 5.647375e+04	 1	 
 1.817157e-01	 7.533755e-01	 1.289569e-04	 8.143918e-02	 5.647278e+04	 5.647375e+04	 1	 
 2.579452e-02	 5.766014e-01	 -3.294501e-03	 3.215001e-01	 7.431238e+04	 7.431238e+04	 0	 
 2.579452e-02	 5.766014e-01	 -3.294501e-03	 3.215001e-01	 7.431238e+04	 7.431238e+04	 0	 
 2.579452e-02	 5.766014e-01	 -3.294501e-03	 3.215001e-01	 7.431238e+04	 7.431238e+04	 0	 
 2.579452e-02	 5.766014e-01	 -3.294501e-03	 3.215001e-01	 7.431238e+04	 7.431238e+04	 0	 
 2.579452e-02	 5.766014e-01	 -3.294501e-03	 3.215001e-01	 7.431238e+04	 7.431238e+04	 0	 
 2.579452e-02	 5.766014e-01	 -3.294501e-03	 3.215001e-01	 7.431238e+04	 7.431238e+04	 0	 
 2.606184e-01	 6.782092e-01	 1.815298e-04	 5.809689e-02	 7.595595e+04	 7.596235e+04	 1	 
 2.606184e-01	 6.782092e-01	 1.815298e-04	 5.809689e-02	 7.595595e+04	 7.596235e+04	 1	 
 2.606184e-01	 6.782092e-01	 1.815298e-04	 5.809689e-02	 7.595595e+04	 7.596235e+04	 1	 
 2.606184e-01	 6.782092e-01	 1.815298e-04	 5.809689e-02	 7.595595e+04	 7.596235e+04	 1	 
 2.606184e-01	 6.782092e-01	 1.815298e-04	 5.809689e-02	 7.595595e+04	 7.596235e+04	 1	 
 2.606184e-01	 6.782092e-01	 1.815298e-04	 5.809689e-02	 7.595595e+04	 7.596235e+04	 1	 
 1.627445e-01	 7.510813e-01	 6.372483e-04	 9.749000e-02	 8.415250e+04	 8.430624e+04	 1	 
 1.627445e-01	 7.510813e-01	 6.372483e-04	 9.749000e-02	 8.415250e+04	 8.430624e+04	 1	 
 1.627445e-01	 7.510813e-01	 6.372483e-04	 9.749000e-02	 8.415250e+04	 8.430624e+04	 1	 
 1.627445e-01	 7.510813e-01	 6.372483e-04	 9.749000e-02	 8.415250e+04	 8.430624e+04	 1	 
 1.627445e-01	 7.510813e-01	 6.372483e-04	 9.749000e-02	 8.415250e+04	 8.430624e+04	 1	 
 1.627445e-01	 7.510813e-01	 6.372483e-04	 9.749000e-02	 8.415250e+04	 8.430624e+04	 1	 
 2.286651e-01	 6.710119e-01	 7.646646e-03	 8.970329e-02	 1.413610e+05	 1.406941e+05	 1	 
 2.286651e-01	 6.710119e-01	 7.646646e-03	 8.970329e-02	 1.413610e+05	 1.406941e+05	 1	 
 2.286651e-01	 6.710119e-01	 7.646646e-03	 8.970329e-02	 1.413610e+05	 1.406941e+05	 1	 
 2.286651e-01	 6.710119e-01	 7.646646e-03	 8.970329e-02	 1.413610e+05	 1.406941e+05	 1	 
 2.286651e-01	 6.710119e-01	 7.646646e-03	 8.970329e-02	 1.413610e+05	 1.406941e+05	 1	 
 2.286651e-01	 6.710119e-01	 7.646646e-03	 8.970329e-02	 1.413610e+05	 1.406941e+05	 1	 
 2.827996e-01	 1.032282e-01	 -3.138843e-03	 3.973220e-01	 5.807374e+04	 5.807374e+04	 0	 
 2.827996e-01	 1.032282e-01	 -3.138843e-03	 3.973220e-01	 5.807374e+04	 5.807374e+04	 0	 
 2.827996e-01	 1.032282e-01	 -3.138843e-03	 3.973220e-01	 5.807374e+04	 5.807374e+04	 0	 
 2.827996e-01	 1.032282e-01	 -3.138843e-03	 3.973220e-01	 5.807374e+04	 5.807374e+04	 0	 
 2.827996e-01	 1.032282e-01	 -3.138843e-03	 3.973220e-01	 5.807374e+04	 5.807374e+04	 0	 
 2.827996e-01	 1.032282e-01	 -3.138843e-03	 3.973220e-01	 5.807374e+04	 5.807374e+04	 0	 
 1.790137e-01	 8.019062e-01	 5.338202e-04	 5.339196e-02	 6.788116e+04	 6.844109e+04	 1	 
 1.790137e-01	 8.019062e-01	 5.338202e-04	 5.339196e-02	 6.788116e+04	 6.844109e+04	 1	 
 1.790137e-01	 8.019062e-01	 5.338202e-04	 5.339196e-02	 6.788116e+04	 6.844109e+04	 1	 
 1.790137e-01	 8.019062e-01	 5.338202e-04	 5.339196e-02	 6.788116e+04	 6.844109e+04	 1	 
 1.790137e-01	 8.019062e-01	 5.338202e-04	 5.339196e-02	 6.788116e+04	 6.844109e+04	 1	 
 1.790137e-01	 8.019062e-01	 5.338202e-04	 5.339196e-02	 6.788116e+04	 6.844109e+04	 1	 
 1.976219e-01	 5.929149e-01	 -1.685783e-03	 1.672216e-01	 1.420310e+05	 1.420310e+05	 0	 
 1.976219e-01	 5.929149e-01	 -1.685783e-03	 1.672216e-01	 1.420310e+05	 1.420310e+05	 0	 
 1.976219e-01	 5.929149e-01	 -1.685783e-03	 1.672216e-01	 1.420310e+05	 1.420310e+05	 0	 
 1.976219e-01	 5.929149e-01	 -1.685783e-03	 1.672216e-01	 1.420310e+05	 1.420310e+05	 0	 
 1.976219e-01	 5.929149e-01	 -1.685783e-03	 1.672216e-01	 1.420310e+05	 1.420310e+05	 0	 
 1.976219e-01	 5.929149e-01	 -1.685783e-03	 1.672216e-01	 1.420310e+05	 1.420310e+05	 0	 
 1.976219e-01	 5.929149e-01	 -1.685783e-03	 1.672216e-01	 1.420310e+05	 1.420310e+05	 0	 
 1.976219e-01	 5.929149e-01	 -1.685783e-03	 1.672216e-01	 1.420310e+05	 1.420310e+05	 0	 
 1.976219e-01	 5.929149e-01	 -1.685783e-03	 1.672216e-01	 1.420310e+05	 1.420310e+05	 0	 
 1.976219e-01	 5.929149e-01	 -1.685783e-03	 1.672216e-01	 1.420310e+05	 1.420310e+05	 0	 
 1.976219e-01	 5.929149e-01	 -1.685783e-03	 1.672216e-01	 1.420310e+05	 1.420310e+05	 0	 
 1.976219e-01	 5.929149e-01	 -1.685783e-03	 1.672216e-01	 1.420310e+05	 1.420310e+05	 0	 
 2.607999e-01	 6.735015e-01	 1.536050e-04	 6.087630e-02	 7.595418e+04	 7.595594e+04	 1	 
 2.607999e-01	 6.735015e-01	 1.536050e-04	 6.087630e-02	 7.595418e+04	 7.595594e+04	 1	 
 2.607999e-01	 6.735015e-01	 1.536050e-04	 6.087630e-02	 7.595418e+04	 7.595594e+04	 1	 
 2.607999e-01	 6.735015e-01	 1.536050e-04	 6.087630e-02	 7.595418e+04	 7.595594e+04	 1	 
 2.607999e-01	 6.735015e-01	 1.536050e-04	 6.087630e-02	 7.595418e+04	 7.595594e+04	 1	 
 2.607999e-01	 6.735015e-01	 1.536050e-04	 6.087630e-02	 7.595418e+04	 7.595594e+04	 1	 
 2.609765e-01	 6.761368e-01	 1.235908e-04	 5.908453e-02	 7.595291e+04	 7.595406e+04	 1	 
 2.609765e-01	 6.761368e-01	 1.235908e-04	 5.908453e-02	 7.595291e+04	 7.595406e+04	 1	 
 2.609765e-01	 6.761368e-01	 1.235908e-04	 5.908453e-02	 7.595291e+04	 7.595406e+04	 1	 
 2.609765e-01	 6.761368e-01	 1.235908e-04	 5.908453e-02	 7.595291e+04	 7.595406e+04	 1	 
 2.609765e-01	 6.761368e-01	 1.235908e-04	 5.908453e-02	 7.595291e+04	 7.595406e+04	 1	 
 2.609765e-01	 6.761368e-01	 1.235908e-04	 5.908453e-02	 7.595291e+04	 7.595406e+04	 1	 
 1.976219e-01	 5.929149e-01	 -1.685783e-03	 1.672216e-01	 1.420310e+05	 1.420310e+05	 0	 
 1.976219e-01	 5.929149e-01	 -1.685783e-03	 1.672216e-01	 1.420310e+05	 1.420310e+05	 0	 
 1.976219e-01	 5.929149e-01	 -1.685783e-03	 1.672216e-01	 1.420310e+05	 1.420310e+05	 0	 
 1.976219e-01	 5.929149e-01	 -1.685783e-03	 1.672216e-01	 1.420310e+05	 1.420310e+05	 0	 
 1.976219e-01	 5.929149e-01	 -1.685783e-03	 1.672216e-01	 1.420310e+05	 1.420310e+05	 0	 
 1.976219e-01	 5.929149e-01	 -1.685783e-03	 1.672216e-01	 1.420310e+05	 1.420310e+05	 0	 
 1.833777e-01	 7.470889e-01	 1.071048e-04	 8.387965e-02	 5.647254e+04	 5.647285e+04	 1	 
 1.833777e-01	 7.470889e-01	 1.071048e-04	 8.387965e-02	 5.647254e+04	 5.647285e+04	 1	 
 1.833777e-01	 7.470889e-01	 1.071048e-04	 8.387965e-02	 5.647254e+04	 5.647285e+04	 1	 
 1.833777e-01	 7.470889e-01	 1.071048e-04	 8.387965e-02	 5.647254e+04	 5.647285e+04	 1	 
 1.833777e-01	 7.470889e-01	 1.071048e-04	 8.387965e-02	 5.647254e+04	 5.647285e+04	 1	 
 1.833777e-01	 7.470889e-01	 1.071048e-04	 8.387965e-02	 5.647254e+04	 5.647285e+04	 1	 
 1.833804e-01	 7.471135e-01	 1.058444e-04	 8.386195e-02	 5.647245e+04	 5.647249e+04	 1	 
 1.833804e-01	 7.471135e-01	 1.058444e-04	 8.386195e-02	 5.647245e+04	 5.647249e+04	 1	 
 1.833804e-01	 7.471135e-01	 1.058444e-04	 8.386195e-02	 5.647245e+04	 5.647249e+04	 1	 
 1.833804e-01	 7.471135e-01	 1.058444e-04	 8.386195e-02	 5.647245e+04	 5.647249e+04	 1	 
 1.833804e-01	 7.471135e-01	 1.058444e-04	 8.386195e-02	 5.647245e+04	 5.647249e+04	 1	 
 1.833804e-01	 7.471135e-01	 1.058444e-04	 8.386195e-02	 5.647245e+04	 5.647249e+04	 1	 
 1.976219e-01	 5.929149e-01	 -1.685783e-03	 1.672216e-01	 1.420310e+05	 1.420310e+05	 0	 
 1.976219e-01	 5.929149e-01	 -1.685783e-03	 1.672216e-01	 1.420310e+05	 1.420310e+05	 0	 
 1.976219e-01	 5.929149e-01	 -1.685783e-03	 1.672216e-01	 1.420310e+05	 1.420310e+05	 0	 
 1.976219e-01	 5.929149e-01	 -1.685783e-03	 1.672216e-01	 1.420310e+05	 1.420310e+05	 0	 
 1.976219e-01	 5.929149e-01	 -1.685783e-03	 1.672216e-01	 1.420310e+05	 1.420310e+05	 0	 
 1.976219e-01	 5.929149e-01	 -1.685783e-03	 1.672216e-01	 1.420310e+05	 1.420310e+05	 0	 
 2.827996e-01	 1.032282e-01	 -3.138843e-03	 3.973220e-01	 5.807374e+04	 5.807374e+04	 0	 
 2.827996e-01	 1.032282e-01	 -3.138843e-03	 3.973220e-01	 5.807374e+04	 5.807374e+04	 0	 
 2.827996e-01	 1.032282e-01	 -3.138843e-03	 3.973220e-01	 5.807374e+04	 5.807374e+04	 0	 
 2.827996e-01	 1.032282e-01	 -3.138843e-03	 3.973220e-01	 5.807374e+04	 5.807374e+04	 0	 
 2.827996e-01	 1.032282e-01	 -3.138843e-03	 3.973220e-01	 5.807374e+04	 5.807374e+04	 0	 
 2.827996e-01	 1.032282e-01	 -3.138843e-03	 3.973220e-01	 5.807374e+04	 5.807374e+04	 0	 
 2.827996e-01	 1.032282e-01	 -3.138843e-03	 3.973220e-01	 5.807374e+04	 5.807374e+04	 0	 
 2.827996e-01	 1.032282e-01	 -3.138843e-03	 3.973220e-01	 5.807374e+04	 5.807374e+04	 0	 
 2.827996e-01	 1.032282e-01	 -3.138843e-03	 3.973220e-01	 5.807374e+04	 5.807374e+04	 0	 
 2.827996e-01	 1.032282e-01	 -3.138843e-03	 3.973220e-01	 5.807374e+04	 5.807374e+04	 0	 
 2.827996e-01	 1.032282e-01	 -3.138843e-03	 3.973220e-01	 5.807374e+04	 5.807374e+04	 0	 
 2.827996e-01	 1.032282e-01	 -3.138843e-03	 3.973220e-01	 5.807374e+04	 5.807374e+04	 0	 
 1.976219e-01	 5.929149e-01	 -1.685783e-03	 1.672216e-01	 1.420310e+05	 1.420310e+05	 0	 
 1.976219e-01	 5.929149e-01	 -1.685783e-03	 1.672216e-01	 1.420310e+05	 1.420310e+05	 0	 
 1.976219e-01	 5.929149e-01	 -1.685783e-03	 1.672216e-01	 1.420310e+05	 1.420310e+05	 0	 
 1.976219e-01	 5.929149e-01	 -1.685783e-03	 1.672216e-01	 1.420310e+05	 1.420310e+05	 0	 
 1.976219e-01	 5.929149e-01	 -1.685783e-03	 1.672216e-01	 1.420310e+05	 1.420310e+05	 0	 
 1.976219e-01	 5.929149e-01	 -1.685783e-03	 1.672216e-01	 1.420310e+05	 1.420310e+05	 0	 
 2.177330e-01	 6.826293e-01	 2.821192e-03	 9.295954e-02	 1.410003e+05	 1.413255e+05	 1	 
 2.177330e-01	 6.826293e-01	 2.821192e-03	 9.295954e-02	 1.410003e+05	 1.413255e+05	 1	 
 2.177330e-01	 6.826293e-01	 2.821192e-03	 9.295954e-02	 1.410003e+05	 1.413255e+05	 1	 
 2.177330e-01	 6.826293e-01	 2.821192e-03	 9.295954e-02	 1.410003e+05	 1.413255e+05	 1	 
 2.177330e-01	 6.826293e-01	 2.821192e-03	 9.295954e-02	 1.410003e+05	 1.413255e+05	 1	 
 2.177330e-01	 6.826293e-01	 2.821192e-03	 9.295954e-02	 1.410003e+05	 1.413255e+05	 1	 
 2.195541e-01	 6.810543e-01	 2.345749e-03	 9.238019e-02	 1.409416e+05	 1.409882e+05	 1	 
 2.195541e-01	 6.810543e-01	 2.345749e-03	 9.238019e-02	 1.409416e+05	 1.409882e+05	 1	 
 2.195541e-01	 6.810543e-01	 2.345749e-03	 9.238019e-02	 1.409416e+05	 1.409882e+05	 1	 
 2.195541e-01	 6.810543e-01	 2.345749e-03	 9.238019e-02	 1.409416e+05	 1.409882e+05	 1	 
 2.195541e-01	 6.810543e-01	 2.345749e-03	 9.238019e-02	 1.409416e+05	 1.409882e+05	 1	 
 2.195541e-01	 6.810543e-01	 2.345749e-03	 9.238019e-02	 1.409416e+05	 1.409882e+05	 1	 
 1.976219e-01	 5.929149e-01	 -1.685783e-03	 1.672216e-01	 1.420310e+05	 1.420310e+05	 0	 
 1.976219e-01	 5.929149e-01	 -1.685783e-03	 1.672216e-01	 1.420310e+05	 1.420310e+05	 0	 
 1.976219e-01	 5.929149e-01	 -1.685783e-03	 1.672216e-01	 1.420310e+05	 1.420310e+05	 0	 
 1.976219e-01	 5.929149e-01	 -1.685783e-03	 1.672216e-01	 1.420310e+05	 1.420310e+05	 0	 
 1.976219e-01	 5.929149e-01	 -1.685783e-03	 1.672216e-01	 1.420310e+05	 1.420310e+05	 0	 
 1.976219e-01	 5.929149e-01	 -1.685783e-03	 1.672216e-01	 1.420310e+05	 1.420310e+05	 0	 
 2.579452e-02	 5.766014e-01	 -3.294501e-03	 3.215001e-01	 7.431238e+04	 7.431238e+04	 0	 
 2.579452e-02	 5.766014e-01	 -3.294501e-03	 3.215001e-01	 7.431238e+04	 7.431238e+04	 0	 
 2.579452e-02	 5.766014e-01	 -3.294501e-03	 3.215001e-01	 7.431238e+04	 7.431238e+04	 0	 
 2.579452e-02	 5.766014e-01	 -3.294501e-03	 3.215001e-01	 7.431238e+04	 7.431238e+04	 0	 
 2.579452e-02	 5.766014e-01	 -3.294501e-03	 3.215001e-01	 7.431238e+04	 7.431238e+04	 0	 
 2.579452e-02	 5.766014e-01	 -3.294501e-03	 3.215001e-01	 7.431238e+04	 7.431238e+04	 0	 
 2.579452e-02	 5.766014e-01	 -3.294501e-03	 3.215001e-01	 7.431238e+04	 7.431238e+04	 0	 
 2.579452e-02	 5.766014e-01	 -3.294501e-03	 3.215001e-01	 7.431238e+04	 7.431238e+04	 0	 
 2.579452e-02	 5.766014e-01	 -3.294501e-03	 3.215001e-01	 7.431238e+04	 7.431238e+04	 0	 
 2.579452e-02	 5.766014e-01	 -3.294501e-03	 3.215001e-01	 7.431238e+04	 7.431238e+04	 0	 
 2.579452e-02	 5.766014e-01	 -3.294501e-03	 3.215001e-01	 7.431238e+04	 7.431238e+04	 0	 
 2.579452e-02	 5.766014e-01	 -3.294501e-03	 3.215001e-01	 7.431238e+04	 7.431238e+04	 0	 
 1.976219e-01	 5.929149e-01	 -1.685783e-03	 1.672216e-01	 1.420310e+05	 1.420310e+05	 0	 
 1.976219e-01	 5.929149e-01	 -1.685783e-03	 1.672216e-01	 1.420310e+05	 1.420310e+05	 0	 
 1.976219e-01	 5.929149e-01	 -1.685783e-03	 1.672216e-01	 1.420310e+05	 1.420310e+05	 0	 
 1.976219e-01	 5.929149e-01	 -1.685783e-03	 1.672216e-01	 1.420310e+05	 1.420310e+05	 0	 
 1.976219e-01	 5.929149e-01	 -1.685783e-03	 1.672216e-01	 1.420310e+05	 1.420310e+05	 0	 
 1.976219e-01	 5.929149e-01	 -1.685783e-03	 1.672216e-01	 1.420310e+05	 1.420310e+05	 0	 
 1.924474e-01	 7.534332e-01	 3.193216e-04	 7.170951e-02	 6.787162e+04	 6.788112e+04	 1	 
 1.924474e-01	 7.534332e-01	 3.193216e-04	 7.170951e-02	 6.787162e+04	 6.788112e+04	 1	 
 1.924474e-01	 7.534332e-01	 3.193216e-04	 7.170951e-02	 6.787162e+04	 6.788112e+04	 1	 
 1.924474e-01	 7.534332e-01	 3.193216e-04	 7.170951e-02	 6.787162e+04	 6.788112e+04	 1	 
 1.924474e-01	 7.534332e-01	 3.193216e-04	 7.170951e-02	 6.787162e+04	 6.788112e+04	 1	 
 1.924474e-01	 7.534332e-01	 3.193216e-04	 7.170951e-02	 6.787162e+04	 6.788112e+04	 1	 
 1.949719e-01	 7.443232e-01	 2.737298e-04	 7.515222e-02	 6.786951e+04	 6.787254e+04	 1	 
 1.949719e-01	 7.443232e-01	 2.737298e-04	 7.515222e-02	 6.786951e+04	 6.787254e+04	 1	 
 1.949719e-01	 7.443232e-01	 2.737298e-04	 7.515222e-02	 6.786951e+04	 6.787254e+04	 1	 
 1.949719e-01	 7.443232e-01	 2.737298e-04	 7.515222e-02	 6.786951e+04	 6.787254e+04	 1	 
 1.949719e-01	 7.443232e-01	 2.737298e-04	 7.515222e-02	 6.786951e+04	 6.787254e+04	 1	 
 1.949719e-01	 7.443232e-01	 2.737298e-04	 7.515222e-02	 6.786951e+04	 6.787254e+04	 1	 
 1.976219e-01	 5.929149e-01	 -1.685783e-03	 1.672216e-01	 1.420310e+05	 1.420310e+05	 0	 
 1.976219e-01	 5.929149e-01	 -1.685783e-03	 1.672216e-01	 1.420310e+05	 1.420310e+05	 0	 
 1.976219e-01	 5.929149e-01	 -1.685783e-03	 1.672216e-01	 1.420310e+05	 1.420310e+05	 0	 
 1.976219e-01	 5.929149e-01	 -1.685783e-03	 1.672216e-01	 1.420310e+05	 1.420310e+05	 0	 
 1.976219e-01	 5.929149e-01	 -1.685783e-03	 1.672216e-01	 1.420310e+05	 1.420310e+05	 0	 
 1.976219e-01	 5.929149e-01	 -1.685783e-03	 1.672216e-01	 1.420310e+05	 1.420310e+05	 0	 
 1.976219e-01	 5.929149e-01	 -1.685783e-03	 1.672216e-01	 1.420310e+05	 1.420310e+05	 0	 
 1.976219e-01	 5.929149e-01	 -1.685783e-03	 1.672216e-01	 1.420310e+05	 1.420310e+05	 0	 
 1.976219e-01	 5.929149e-01	 -1.685783e-03	 1.672216e-01	 1.420310e+05	 1.420310e+05	 0	 
 1.976219e-01	 5.929149e-01	 -1.685783e-03	 1.672216e-01	 1.420310e+05	 1.420310e+05	 0	 
 1.976219e-01	 5.929149e-01	 -1.685783e-03	 1.672216e-01	 1.420310e+05	 1.420310e+05	 0	 
 1.976219e-01	 5.929149e-01	 -1.685783e-03	 1.672216e-01	 1.420310e+05	 1.420310e+05	 0	 
 1.976219e-01	 5.929149e-01	 -1.685783e-03	 1.672216e-01	 1.420310e+05	 1.420310e+05	 0	 
 1.976219e-01	 5.929149e-01	 -1.685783e-03	 1.672216e-01	 1.420310e+05	 1.420310e+05	 0	 
 1.976219e-01	 5.929149e-01	 -1.685783e-03	 1.672216e-01	 1.420310e+05	 1.420310e+05	 0	 
 1.976219e-01	 5.929149e-01	 -1.685783e-03	 1.672216e-01	 1.420310e+05	 1.420310e+05	 0	 
 1.976219e-01	 5.929149e-01	 -1.685783e-03	 1.672216e-01	 1.420310e+05	 1.420310e+05	 0	 
 1.976219e-01	 5.929149e-01	 -1.685783e-03	 1.672216e-01	 1.420310e+05	 1.420310e+05	 0	 
 1.976219e-01	 5.929149e-01	 -1.685783e-03	 1.672216e-01	 1.420310e+05	 1.420310e+05	 0	 
 1.976219e-01	 5.929149e-01	 -1.685783e-03	 1.672216e-01	 1.420310e+05	 1.420310e+05	 0	 
 1.976219e-01	 5.929149e-01	 -1.685783e-03	 1.672216e-01	 1.420310e+05	 1.420310e+05	 0	 
 1.976219e-01	 5.929149e-01	 -1.685783e-03	 1.672216e-01	 1.420310e+05	 1.420310e+05	 0	 
 1.976219e-01	 5.929149e-01	 -1.685783e-03	 1.672216e-01	 1.420310e+05	 1.420310e+05	 0	 
 1.976219e-01	 5.929149e-01	 -1.685783e-03	 1.672216e-01	 1.420310e+05	 1.420310e+05	 0	 
 1.976219e-01	 5.929149e-01	 -1.685783e-03	 1.672216e-01	 1.420310e+05	 1.420310e+05	 0	 
 1.976219e-01	 5.929149e-01	 -1.685783e-03	 1.672216e-01	 1.420310e+05	 1.420310e+05	 0	 
 1.976219e-01	 5.929149e-01	 -1.685783e-03	 1.672216e-01	 1.420310e+05	 1.420310e+05	 0	 
 1.976219e-01	 5.929149e-01	 -1.685783e-03	 1.672216e-01	 1.420310e+05	 1.420310e+05	 0	 
 1.976219e-01	 5.929149e-01	 -1.685783e-03	 1.672216e-01	 1.420310e+05	 1.420310e+05	 0	 
 1.976219e-01	 5.929149e-01	 -1.685783e-03	 1.672216e-01	 1.420310e+05	 1.420310e+05	 0	 
 1.976219e-01	 5.929149e-01	 -1.685783e-03	 1.672216e-01	 1.420310e+05	 1.420310e+05	 0	 
 1.976219e-01	 5.929149e-01	 -1.685783e-03	 1.672216e-01	 1.420310e+05	 1.420310e+05	 0	 
 1.976219e-01	 5.929149e-01	 -1.685783e-03	 1.672216e-01	 1.420310e+05	 1.420310e+05	 0	 
 1.976219e-01	 5.929149e-01	 -1.685783e-03	 1.672216e-01	 1.420310e+05	 1.420310e+05	 0	 
 1.976219e-01	 5.929149e-01	 -1.685783e-03	 1.672216e-01	 1.420310e+05	 1.420310e+05	 0	 
 1.976219e-01	 5.929149e-01	 -1.685783e-03	 1.672216e-01	 1.420310e+05	 1.420310e+05	 0	 
 1.976219e-01	 5.929149e-01	 -1.685783e-03	 1.672216e-01	 1.420310e+05	 1.420310e+05	 0	 
 1.976219e-01	 5.929149e-01	 -1.685783e-03	 1.672216e-01	 1.420310e+05	 1.420310e+05	 0	 
 1.976219e-01	 5.929149e-01	 -1.685783e-03	 1.672216e-01	 1.420310e+05	 1.420310e+05	 0	 
 1.976219e-01	 5.929149e-01	 -1.685783e-03	 1.672216e-01	 1.420310e+05	 1.420310e+05	 0	 
 1.976219e-01	 5.929149e-01	 -1.685783e-03	 1.672216e-01	 1.420310e+05	 1.420310e+05	 0	 
 1.976219e-01	 5.929149e-01	 -1.685783e-03	 1.672216e-01	 1.420310e+05	 1.420310e+05	 0	 
 2.579452e-02	 5.766014e-01	 -3.294501e-03	 3.215001e-01	 7.431238e+04	 7.431238e+04	 0	 
 2.579452e-02	 5.766014e-01	 -3.294501e-03	 3.215001e-01	 7.431238e+04	 7.431238e+04	 0	 
 2.579452e-02	 5.766014e-01	 -3.294501e-03	 3.215001e-01	 7.431238e+04	 7.431238e+04	 0	 
 2.579452e-02	 5.766014e-01	 -3.294501e-03	 3.215001e-01	 7.431238e+04	 7.431238e+04	 0	 
 2.579452e-02	 5.766014e-01	 -3.294501e-03	 3.215001e-01	 7.431238e+04	 7.431238e+04	 0	 
 2.579452e-02	 5.766014e-01	 -3.294501e-03	 3.215001e-01	 7.431238e+04	 7.431238e+04	 0	 
 2.579452e-02	 5.766014e-01	 -3.294501e-03	 3.215001e-01	 7.431238e+04	 7.431238e+04	 0	 
 2.579452e-02	 5.766014e-01	 -3.294501e-03	 3.215001e-01	 7.431238e+04	 7.431238e+04	 0	 
 2.579452e-02	 5.766014e-01	 -3.294501e-03	 3.215001e-01	 7.431238e+04	 7.431238e+04	 0	 
 2.579452e-02	 5.766014e-01	 -3.294501e-03	 3.215001e-01	 7.431238e+04	 7.431238e+04	 0	 
 2.579452e-02	 5.766014e-01	 -3.294501e-03	 3.215001e-01	 7.431238e+04	 7.431238e+04	 0	 
 2.579452e-02	 5.766014e-01	 -3.294501e-03	 3.215001e-01	 7.431238e+04	 7.431238e+04	 0	 
 1.976219e-01	 5.929149e-01	 -1.685783e-03	 1.672216e-01	 1.420310e+05	 1.420310e+05	 0	 
 1.976219e-01	 5.929149e-01	 -1.685783e-03	 1.672216e-01	 1.420310e+05	 1.420310e+05	 0	 
 1.976219e-01	 5.929149e-01	 -1.685783e-03	 1.672216e-01	 1.420310e+05	 1.420310e+05	 0	 
 1.976219e-01	 5.929149e-01	 -1.685783e-03	 1.672216e-01	 1.420310e+05	 1.420310e+05	 0	 
 1.976219e-01	 5.929149e-01	 -1.685783e-03	 1.672216e-01	 1.420310e+05	 1.420310e+05	 0	 
 1.976219e-01	 5.929149e-01	 -1.685783e-03	 1.672216e-01	 1.420310e+05	 1.420310e+05	 0	 
 1.833777e-01	 7.470889e-01	 1.071048e-04	 8.387965e-02	 5.647254e+04	 5.647285e+04	 1	 
 1.833777e-01	 7.470889e-01	 1.071048e-04	 8.387965e-02	 5.647254e+04	 5.647285e+04	 1	 
 1.833777e-01	 7.470889e-01	 1.071048e-04	 8.387965e-02	 5.647254e+04	 5.647285e+04	 1	 
 1.833777e-01	 7.470889e-01	 1.071048e-04	 8.387965e-02	 5.647254e+04	 5.647285e+04	 1	 
 1.833777e-01	 7.470889e-01	 1.071048e-04	 8.387965e-02	 5.647254e+04	 5.647285e+04	 1	 
 1.833777e-01	 7.470889e-01	 1.071048e-04	 8.387965e-02	 5.647254e+04	 5.647285e+04	 1	 
 1.830128e-01	 7.483845e-01	 1.115420e-04	 8.339412e-02	 5.647244e+04	 5.647248e+04	 1	 
 1.830128e-01	 7.483845e-01	 1.115420e-04	 8.339412e-02	 5.647244e+04	 5.647248e+04	 1	 
 1.830128e-01	 7.483845e-01	 1.115420e-04	 8.339412e-02	 5.647244e+04	 5.647248e+04	 1	 
 1.830128e-01	 7.483845e-01	 1.115420e-04	 8.339412e-02	 5.647244e+04	 5.647248e+04	 1	 
 1.830128e-01	 7.483845e-01	 1.115420e-04	 8.339412e-02	 5.647244e+04	 5.647248e+04	 1	 
 1.830128e-01	 7.483845e-01	 1.115420e-04	 8.339412e-02	 5.647244e+04	 5.647248e+04	 1	 
 