4.187364e-03	 3.745653e-01	 5.433114e-01	 2.582511e-02	 1.017539e+00	 6.956915e+00	 
 3.960904e-03	 4.453669e-01	 4.279145e-01	 7.437277e-02	 9.352423e-01	 6.793355e+00	 
 4.187364e-03	 3.745653e-01	 5.433114e-01	 2.582511e-02	 1.017539e+00	 6.956915e+00	 
 3.634200e-03	 4.415815e-01	 4.455608e-01	 6.392379e-02	 8.421635e-01	 6.788277e+00	 
 4.060238e-03	 4.465261e-01	 4.223568e-01	 7.772498e-02	 9.637302e-01	 6.794682e+00	 
 3.634200e-03	 4.415815e-01	 4.455608e-01	 6.392379e-02	 8.421635e-01	 6.788277e+00	 
 1.277020e-02	 4.792435e-01	 2.364817e-01	 2.359451e-01	 9.780119e-01	 6.318562e+00	 
 1.248211e-02	 4.818197e-01	 2.765464e-01	 1.964160e-01	 8.542451e-01	 6.281266e+00	 
 1.258046e-02	 4.770005e-01	 2.503609e-01	 2.257192e-01	 9.174498e-01	 6.302628e+00	 
 1.277020e-02	 4.792435e-01	 2.364817e-01	 2.359451e-01	 9.780119e-01	 6.318562e+00	 
 1.419763e-02	 5.072323e-01	 2.292818e-01	 2.112230e-01	 1.153626e+00	 6.324013e+00	 
 1.451167e-02	 3.855329e-01	 3.427979e-01	 2.128933e-01	 1.128596e+00	 6.469763e+00	 
 2.442524e-04	 4.630386e-01	 4.015595e-01	 1.104167e-01	 1.894729e-03	 6.169071e+00	 
 9.987684e-05	 4.657195e-01	 3.998022e-01	 1.100664e-01	 1.343517e-02	 6.199928e+00	 
 1.772454e-04	 4.642247e-01	 4.007485e-01	 1.102918e-01	 6.658432e-03	 6.192918e+00	 
 1.971644e-04	 4.639666e-01	 4.008547e-01	 1.103861e-01	 5.529776e-03	 6.174995e+00	 
 2.625622e-04	 4.630333e-01	 4.014238e-01	 1.105454e-01	 1.777352e-03	 6.137192e+00	 
 3.843050e-05	 4.668755e-01	 3.990502e-01	 1.099134e-01	 1.861385e-02	 6.163439e+00	 
 9.611158e-05	 4.658678e-01	 3.997109e-01	 1.100427e-01	 1.432032e-02	 6.183398e+00	 
 2.625622e-04	 4.630333e-01	 4.014238e-01	 1.105454e-01	 1.777352e-03	 6.137192e+00	 
 2.905726e-04	 4.622862e-01	 4.021522e-01	 1.104411e-01	 1.759766e-04	 6.158690e+00	 
 1.315831e-04	 4.651854e-01	 4.000444e-01	 1.102365e-01	 1.067813e-02	 6.184027e+00	 
 1.971644e-04	 4.639666e-01	 4.008547e-01	 1.103861e-01	 5.529776e-03	 6.174995e+00	 
 2.625622e-04	 4.630333e-01	 4.014238e-01	 1.105454e-01	 1.777352e-03	 6.137192e+00	 
 2.625622e-04	 4.630333e-01	 4.014238e-01	 1.105454e-01	 1.777352e-03	 6.137192e+00	 
 2.944758e-04	 4.622486e-01	 4.019012e-01	 1.106775e-01	 2.398745e-03	 6.138170e+00	 
 2.625622e-04	 4.630333e-01	 4.014238e-01	 1.105454e-01	 1.777352e-03	 6.137192e+00	 
 4.811078e-05	 4.666595e-01	 3.992395e-01	 1.098917e-01	 1.763891e-02	 6.194028e+00	 
 3.270440e-04	 4.613058e-01	 4.029048e-01	 1.104087e-01	 6.491115e-03	 6.143267e+00	 
 2.683928e-04	 4.627131e-01	 4.020005e-01	 1.102036e-01	 1.515455e-04	 6.144145e+00	 
 1.819139e-04	 4.641369e-01	 4.008818e-01	 1.102107e-01	 5.769557e-03	 6.183868e+00	 
 3.454338e-04	 4.606188e-01	 4.036893e-01	 1.102112e-01	 7.428862e-03	 6.165368e+00	 
 1.718305e-04	 4.644191e-01	 4.008238e-01	 1.100560e-01	 7.866037e-03	 6.180720e+00	 
 2.760533e-04	 4.627835e-01	 4.016471e-01	 1.104760e-01	 9.072877e-04	 6.116016e+00	 
 4.811078e-05	 4.666595e-01	 3.992395e-01	 1.098917e-01	 1.763891e-02	 6.194028e+00	 
 2.356053e-04	 4.632345e-01	 4.012657e-01	 1.105573e-01	 2.445508e-03	 6.170208e+00	 
 2.944758e-04	 4.622486e-01	 4.019012e-01	 1.106775e-01	 2.398745e-03	 6.138170e+00	 
 2.625622e-04	 4.630333e-01	 4.014238e-01	 1.105454e-01	 1.777352e-03	 6.137192e+00	 
 2.502851e-04	 4.630562e-01	 4.016824e-01	 1.102928e-01	 3.094875e-03	 6.164664e+00	 
 2.625622e-04	 4.630333e-01	 4.014238e-01	 1.105454e-01	 1.777352e-03	 6.137192e+00	 
 4.811078e-05	 4.666595e-01	 3.992395e-01	 1.098917e-01	 1.763891e-02	 6.194028e+00	 
 1.315831e-04	 4.651854e-01	 4.000444e-01	 1.102365e-01	 1.067813e-02	 6.184027e+00	 
 1.073825e-04	 4.656277e-01	 3.997790e-01	 1.101566e-01	 1.272514e-02	 6.186544e+00	 
 2.155563e-04	 4.640414e-01	 4.005963e-01	 1.105545e-01	 4.924701e-03	 6.118414e+00	 
 2.155563e-04	 4.640414e-01	 4.005963e-01	 1.105545e-01	 4.924701e-03	 6.118414e+00	 
 4.811078e-05	 4.666595e-01	 3.992395e-01	 1.098917e-01	 1.763891e-02	 6.194028e+00	 
 2.858380e-04	 4.620004e-01	 4.023776e-01	 1.104126e-01	 2.884254e-03	 6.170556e+00	 
 1.392920e-04	 4.649371e-01	 4.005164e-01	 1.099450e-01	 9.536457e-03	 6.194448e+00	 
 3.454338e-04	 4.606188e-01	 4.036893e-01	 1.102112e-01	 7.428862e-03	 6.165368e+00	 
 1.990943e-04	 4.637855e-01	 4.011234e-01	 1.102450e-01	 4.203730e-03	 6.182490e+00	 
 2.501552e-04	 4.627430e-01	 4.019284e-01	 1.102668e-01	 1.118332e-04	 6.176285e+00	 
 1.392920e-04	 4.649371e-01	 4.005164e-01	 1.099450e-01	 9.536457e-03	 6.194448e+00	 
 3.208881e-04	 4.614635e-01	 4.026970e-01	 1.105415e-01	 3.954789e-03	 6.158814e+00	 
 1.971644e-04	 4.639666e-01	 4.008547e-01	 1.103861e-01	 5.529776e-03	 6.174995e+00	 
 2.708627e-04	 4.625479e-01	 4.016405e-01	 1.107318e-01	 3.678839e-04	 6.165864e+00	 
 2.944758e-04	 4.622486e-01	 4.019012e-01	 1.106775e-01	 2.398745e-03	 6.138170e+00	 
 2.502851e-04	 4.630562e-01	 4.016824e-01	 1.102928e-01	 3.094875e-03	 6.164664e+00	 
 1.073825e-04	 4.656277e-01	 3.997790e-01	 1.101566e-01	 1.272514e-02	 6.186544e+00	 
 1.971644e-04	 4.639666e-01	 4.008547e-01	 1.103861e-01	 5.529776e-03	 6.174995e+00	 
 1.533152e-04	 4.647793e-01	 4.002920e-01	 1.103067e-01	 8.821817e-03	 6.181785e+00	 
 1.073825e-04	 4.656277e-01	 3.997790e-01	 1.101566e-01	 1.272514e-02	 6.186544e+00	 
 4.811078e-05	 4.666595e-01	 3.992395e-01	 1.098917e-01	 1.763891e-02	 6.194028e+00	 
 2.502851e-04	 4.630562e-01	 4.016824e-01	 1.102928e-01	 3.094875e-03	 6.164664e+00	 
 2.172439e-04	 4.635690e-01	 4.011139e-01	 1.104408e-01	 3.813939e-03	 6.172917e+00	 
 2.172439e-04	 4.635690e-01	 4.011139e-01	 1.104408e-01	 3.813939e-03	 6.172917e+00	 
 1.971644e-04	 4.639666e-01	 4.008547e-01	 1.103861e-01	 5.529776e-03	 6.174995e+00	 
 2.944758e-04	 4.622486e-01	 4.019012e-01	 1.106775e-01	 2.398745e-03	 6.138170e+00	 
 1.971644e-04	 4.639666e-01	 4.008547e-01	 1.103861e-01	 5.529776e-03	 6.174995e+00	 
 2.356053e-04	 4.632345e-01	 4.012657e-01	 1.105573e-01	 2.445508e-03	 6.170208e+00	 
 1.315831e-04	 4.651854e-01	 4.000444e-01	 1.102365e-01	 1.067813e-02	 6.184027e+00	 
 2.502851e-04	 4.630562e-01	 4.016824e-01	 1.102928e-01	 3.094875e-03	 6.164664e+00	 
 2.779679e-04	 4.631147e-01	 4.011405e-01	 1.107091e-01	 4.207509e-05	 6.085806e+00	 
 2.905726e-04	 4.622862e-01	 4.021522e-01	 1.104411e-01	 1.759766e-04	 6.158690e+00	 
 2.944758e-04	 4.622486e-01	 4.019012e-01	 1.106775e-01	 2.398745e-03	 6.138170e+00	 
 2.625622e-04	 4.630333e-01	 4.014238e-01	 1.105454e-01	 1.777352e-03	 6.137192e+00	 
 2.356053e-04	 4.632345e-01	 4.012657e-01	 1.105573e-01	 2.445508e-03	 6.170208e+00	 
 2.710153e-04	 4.624999e-01	 4.017493e-01	 1.106572e-01	 6.266697e-04	 6.166419e+00	 
 8.963136e-05	 4.659312e-01	 3.996927e-01	 1.100041e-01	 1.424334e-02	 6.188653e+00	 
 8.963136e-05	 4.659312e-01	 3.996927e-01	 1.100041e-01	 1.424334e-02	 6.188653e+00	 
 2.356053e-04	 4.632345e-01	 4.012657e-01	 1.105573e-01	 2.445508e-03	 6.170208e+00	 
 2.710153e-04	 4.624999e-01	 4.017493e-01	 1.106572e-01	 6.266697e-04	 6.166419e+00	 
 2.708627e-04	 4.625479e-01	 4.016405e-01	 1.107318e-01	 3.678839e-04	 6.165864e+00	 
 1.073825e-04	 4.656277e-01	 3.997790e-01	 1.101566e-01	 1.272514e-02	 6.186544e+00	 
 2.356053e-04	 4.632345e-01	 4.012657e-01	 1.105573e-01	 2.445508e-03	 6.170208e+00	 
 2.708627e-04	 4.625479e-01	 4.016405e-01	 1.107318e-01	 3.678839e-04	 6.165864e+00	 
 1.971644e-04	 4.639666e-01	 4.008547e-01	 1.103861e-01	 5.529776e-03	 6.174995e+00	 
 2.905726e-04	 4.622862e-01	 4.021522e-01	 1.104411e-01	 1.759766e-04	 6.158690e+00	 
 2.944758e-04	 4.622486e-01	 4.019012e-01	 1.106775e-01	 2.398745e-03	 6.138170e+00	 
 2.172439e-04	 4.635690e-01	 4.011139e-01	 1.104408e-01	 3.813939e-03	 6.172917e+00	 
 1.971644e-04	 4.639666e-01	 4.008547e-01	 1.103861e-01	 5.529776e-03	 6.174995e+00	 
 2.625622e-04	 4.630333e-01	 4.014238e-01	 1.105454e-01	 1.777352e-03	 6.137192e+00	 
 1.445643e-04	 4.650247e-01	 4.002104e-01	 1.102061e-01	 1.068298e-02	 6.177512e+00	 
 2.172439e-04	 4.635690e-01	 4.011139e-01	 1.104408e-01	 3.813939e-03	 6.172917e+00	 
 3.208881e-04	 4.614635e-01	 4.026970e-01	 1.105415e-01	 3.954789e-03	 6.158814e+00	 
 2.708627e-04	 4.625479e-01	 4.016405e-01	 1.107318e-01	 3.678839e-04	 6.165864e+00	 
 2.944758e-04	 4.622486e-01	 4.019012e-01	 1.106775e-01	 2.398745e-03	 6.138170e+00	 
 3.843050e-05	 4.668755e-01	 3.990502e-01	 1.099134e-01	 1.861385e-02	 6.163439e+00	 
 2.356053e-04	 4.632345e-01	 4.012657e-01	 1.105573e-01	 2.445508e-03	 6.170208e+00	 
 2.708627e-04	 4.625479e-01	 4.016405e-01	 1.107318e-01	 3.678839e-04	 6.165864e+00	 
 2.356053e-04	 4.632345e-01	 4.012657e-01	 1.105573e-01	 2.445508e-03	 6.170208e+00	 
 2.356053e-04	 4.632345e-01	 4.012657e-01	 1.105573e-01	 2.445508e-03	 6.170208e+00	 
 1.315831e-04	 4.651854e-01	 4.000444e-01	 1.102365e-01	 1.067813e-02	 6.184027e+00	 
 1.971644e-04	 4.639666e-01	 4.008547e-01	 1.103861e-01	 5.529776e-03	 6.174995e+00	 
 1.971644e-04	 4.639666e-01	 4.008547e-01	 1.103861e-01	 5.529776e-03	 6.174995e+00	 
 1.073825e-04	 4.656277e-01	 3.997790e-01	 1.101566e-01	 1.272514e-02	 6.186544e+00	 
 2.944758e-04	 4.622486e-01	 4.019012e-01	 1.106775e-01	 2.398745e-03	 6.138170e+00	 
 2.905726e-04	 4.622862e-01	 4.021522e-01	 1.104411e-01	 1.759766e-04	 6.158690e+00	 
 1.971644e-04	 4.639666e-01	 4.008547e-01	 1.103861e-01	 5.529776e-03	 6.174995e+00	 
 2.172439e-04	 4.635690e-01	 4.011139e-01	 1.104408e-01	 3.813939e-03	 6.172917e+00	 
 2.172439e-04	 4.635690e-01	 4.011139e-01	 1.104408e-01	 3.813939e-03	 6.172917e+00	 
 1.073825e-04	 4.656277e-01	 3.997790e-01	 1.101566e-01	 1.272514e-02	 6.186544e+00	 
 4.811078e-05	 4.666595e-01	 3.992395e-01	 1.098917e-01	 1.763891e-02	 6.194028e+00	 
 2.576193e-04	 4.625782e-01	 4.020487e-01	 1.102772e-01	 5.765025e-04	 6.175702e+00	 
 2.501552e-04	 4.627430e-01	 4.019284e-01	 1.102668e-01	 1.118332e-04	 6.176285e+00	 
 1.908379e-04	 4.639553e-01	 4.010063e-01	 1.102287e-01	 4.958214e-03	 6.183148e+00	 
 3.090856e-04	 4.619181e-01	 4.024887e-01	 1.103503e-01	 3.025753e-03	 6.137798e+00	 
 2.683928e-04	 4.627131e-01	 4.020005e-01	 1.102036e-01	 1.515455e-04	 6.144145e+00	 
 1.819139e-04	 4.641369e-01	 4.008818e-01	 1.102107e-01	 5.769557e-03	 6.183868e+00	 
 2.056091e-04	 4.636129e-01	 4.011867e-01	 1.103141e-01	 3.094143e-03	 6.184319e+00	 
 2.611621e-04	 4.624417e-01	 4.020737e-01	 1.103562e-01	 1.604123e-03	 6.177850e+00	 
 2.015554e-04	 4.636983e-01	 4.011284e-01	 1.103052e-01	 3.477406e-03	 6.184616e+00	 
 2.015554e-04	 4.636983e-01	 4.011284e-01	 1.103052e-01	 3.477406e-03	 6.184616e+00	 
 2.015554e-04	 4.636983e-01	 4.011284e-01	 1.103052e-01	 3.477406e-03	 6.184616e+00	 
 3.026876e-04	 4.617098e-01	 4.028956e-01	 1.101329e-01	 2.886922e-03	 6.167658e+00	 
 