Condicionamento
7.159729e+03	 1	 0	 
 5.810992e+04	 1	 0	 
 7.377854e+03	 1	 0	 
 3.927009e+03	 1	 0	 
 1.457125e+05	 1	 0	 
 1.675008e+04	 1	 0	 
 3.404383e+04	 1	 0	 
 3.051180e+03	 1	 0	 
 1.229096e+04	 1	 0	 
 9.672499e+03	 1	 0	 
 9.672499e+03	 1	 1	 
 1.457125e+05	 1	 2	 
 1.457125e+05	 1	 3	 
 9.672499e+03	 2	 1	 
 1.229096e+04	 2	 2	 
 1.229096e+04	 2	 3	 
 9.672499e+03	 3	 1	 
 9.672499e+03	 3	 2	 
 9.672499e+03	 3	 3	 
 9.672499e+03	 4	 1	 
 3.051180e+03	 4	 2	 
 3.051180e+03	 4	 3	 
 9.672499e+03	 5	 1	 
 5.810992e+04	 5	 2	 
 5.810992e+04	 5	 3	 
 9.672499e+03	 6	 1	 
 1.675008e+04	 6	 2	 
 1.675008e+04	 6	 3	 
 9.672499e+03	 7	 1	 
 3.404383e+04	 7	 2	 
 3.404383e+04	 7	 3	 
 9.672499e+03	 8	 1	 
 3.051180e+03	 8	 2	 
 3.051180e+03	 8	 3	 
 9.672499e+03	 9	 1	 
 5.810992e+04	 9	 2	 
 5.810992e+04	 9	 3	 
 9.672499e+03	 10	 1	 
 9.672499e+03	 10	 2	 
 9.672499e+03	 10	 3	 
 