s	 e	 integralPartic	 alturaRetang	 metadePartic	 maximaPartic	 minimoPArtic	 alturaPartic	 p	 comparativoMet
69	 103	 1.262269e+04	 3.606483e+02	 4.142094e+02	 8.283559e+02	 6.285714e-02	 8.706907e-01	 0	 1.148513e+00	 
 69	 103	 1.262269e+04	 3.606483e+02	 4.142094e+02	 8.283559e+02	 6.285714e-02	 8.706907e-01	 0	 1.148513e+00	 
 69	 103	 1.262269e+04	 3.606483e+02	 4.142094e+02	 8.283559e+02	 6.285714e-02	 8.706907e-01	 0	 1.148513e+00	 
 69	 103	 1.262269e+04	 3.606483e+02	 4.142094e+02	 8.283559e+02	 6.285714e-02	 8.706907e-01	 0	 1.148513e+00	 
 69	 103	 1.262269e+04	 3.606483e+02	 4.142094e+02	 8.283559e+02	 6.285714e-02	 8.706907e-01	 0	 1.148513e+00	 
 69	 103	 1.262269e+04	 3.606483e+02	 4.142094e+02	 8.283559e+02	 6.285714e-02	 8.706907e-01	 0	 1.148513e+00	 
 69	 103	 1.262269e+04	 3.606483e+02	 4.142094e+02	 8.283559e+02	 6.285714e-02	 8.706907e-01	 0	 1.148513e+00	 
 69	 103	 1.262269e+04	 3.606483e+02	 4.142094e+02	 8.283559e+02	 6.285714e-02	 8.706907e-01	 0	 1.148513e+00	 
 69	 103	 1.262269e+04	 3.606483e+02	 4.142094e+02	 8.283559e+02	 6.285714e-02	 8.706907e-01	 0	 1.148513e+00	 
 69	 103	 1.262269e+04	 3.606483e+02	 4.142094e+02	 8.283559e+02	 6.285714e-02	 8.706907e-01	 0	 1.148513e+00	 
 