3.444609e-01	 3.189567e-01	 3.354650e-01	 1.117378e-03	 2.191504e-01	 1.378961e+01	 
 3.259313e-01	 3.253603e-01	 3.477434e-01	 9.649654e-04	 2.701168e-02	 6.948154e+00	 
 3.297040e-01	 3.232195e-01	 3.460980e-01	 9.784351e-04	 3.371559e-02	 8.294771e+00	 
 3.289244e-01	 3.230746e-01	 3.469907e-01	 1.010241e-03	 2.722758e-02	 7.285642e+00	 
 3.264018e-01	 3.248570e-01	 3.477593e-01	 9.819240e-04	 1.625581e-02	 6.661651e+00	 
 3.263031e-01	 3.250219e-01	 3.476994e-01	 9.755283e-04	 1.492506e-02	 6.744527e+00	 
 3.277304e-01	 3.236190e-01	 3.476342e-01	 1.016389e-03	 2.248444e-02	 6.898634e+00	 
 3.251609e-01	 3.258612e-01	 3.480170e-01	 9.608326e-04	 2.466856e-03	 6.802158e+00	 
 3.218196e-01	 3.290919e-01	 3.482129e-01	 8.755535e-04	 1.875147e-02	 7.764892e+00	 
 3.265764e-01	 3.248246e-01	 3.476201e-01	 9.788775e-04	 1.816180e-02	 6.769145e+00	 
 3.275095e-01	 3.240374e-01	 3.474554e-01	 9.976667e-04	 2.384141e-02	 6.855993e+00	 
 3.262365e-01	 3.250680e-01	 3.477221e-01	 9.734391e-04	 2.199633e-02	 6.661037e+00	 
 3.260700e-01	 3.253079e-01	 3.476576e-01	 9.644210e-04	 2.980916e-02	 7.002886e+00	 
 3.262240e-01	 3.247548e-01	 3.480267e-01	 9.945282e-04	 1.061736e-02	 6.948524e+00	 
 3.261014e-01	 3.250953e-01	 3.478262e-01	 9.770255e-04	 1.283940e-02	 6.641281e+00	 
 3.281137e-01	 3.236828e-01	 3.472032e-01	 1.000280e-03	 3.083982e-02	 6.924479e+00	 
 3.256026e-01	 3.255647e-01	 3.478680e-01	 9.647440e-04	 7.286943e-03	 6.693668e+00	 
 3.288364e-01	 3.230160e-01	 3.471291e-01	 1.018439e-03	 3.219501e-02	 6.995421e+00	 
 3.237396e-01	 3.271794e-01	 3.481535e-01	 9.275836e-04	 1.832878e-02	 6.532862e+00	 
 3.241380e-01	 3.269212e-01	 3.480115e-01	 9.292896e-04	 7.266286e-03	 6.552663e+00	 
 3.272005e-01	 3.242402e-01	 3.475642e-01	 9.950389e-04	 2.067271e-02	 6.829722e+00	 
 3.250237e-01	 3.260685e-01	 3.479555e-01	 9.523411e-04	 3.477980e-03	 6.885915e+00	 
 