5.692991e+03	 5.692991e+03	 5.692991e+03	 5.533479e-09	 5.533479e-09	 5.533479e-09	 
 5.692991e+03	 5.692991e+03	 5.692991e+03	 5.533479e-09	 5.533479e-09	 5.533479e-09	 
 5.692991e+03	 5.692991e+03	 5.692991e+03	 5.533479e-09	 5.533479e-09	 5.533479e-09	 
 5.692991e+03	 5.692991e+03	 5.692991e+03	 5.533479e-09	 5.533479e-09	 5.533479e-09	 
 5.692991e+03	 5.692991e+03	 5.692991e+03	 5.533479e-09	 5.533479e-09	 5.533479e-09	 
 5.692991e+03	 5.692991e+03	 5.692991e+03	 5.533479e-09	 5.533479e-09	 5.533479e-09	 
 5.692991e+03	 5.692991e+03	 5.692991e+03	 5.533479e-09	 5.533479e-09	 5.533479e-09	 
 5.692991e+03	 5.692991e+03	 5.692991e+03	 5.533479e-09	 5.533479e-09	 5.533479e-09	 
 5.692991e+03	 5.692991e+03	 5.692991e+03	 5.533479e-09	 5.533479e-09	 5.533479e-09	 
 5.692991e+03	 5.692991e+03	 5.692991e+03	 5.533479e-09	 5.533479e-09	 5.533479e-09	 
 5.692991e+03	 5.692991e+03	 5.692991e+03	 5.533479e-09	 5.533479e-09	 5.533479e-09	 
 5.692991e+03	 5.692991e+03	 5.692991e+03	 5.533479e-09	 5.533479e-09	 5.533479e-09	 
 5.692991e+03	 5.692991e+03	 5.692991e+03	 5.533479e-09	 5.533479e-09	 5.533479e-09	 
 5.692991e+03	 5.692991e+03	 5.692991e+03	 5.533479e-09	 5.533479e-09	 5.533479e-09	 
 5.692991e+03	 5.692991e+03	 5.692991e+03	 5.533479e-09	 5.533479e-09	 5.533479e-09	 
 5.692991e+03	 5.692991e+03	 5.692991e+03	 5.533479e-09	 5.533479e-09	 5.533479e-09	 
 5.692991e+03	 5.692991e+03	 5.692991e+03	 5.533479e-09	 5.533479e-09	 5.533479e-09	 
 5.692991e+03	 5.692991e+03	 5.692991e+03	 5.533479e-09	 5.533479e-09	 5.533479e-09	 
 5.692991e+03	 5.692991e+03	 5.692991e+03	 5.533479e-09	 5.533479e-09	 5.533479e-09	 
 5.692991e+03	 5.692991e+03	 5.692991e+03	 5.533479e-09	 5.533479e-09	 5.533479e-09	 
 5.692991e+03	 5.692991e+03	 5.692991e+03	 5.533479e-09	 5.533479e-09	 5.533479e-09	 
 5.692991e+03	 5.692991e+03	 5.692991e+03	 5.533479e-09	 5.533479e-09	 5.533479e-09	 
 5.692991e+03	 5.692991e+03	 5.692991e+03	 5.533479e-09	 5.533479e-09	 5.533479e-09	 
 5.692991e+03	 5.692991e+03	 5.692991e+03	 5.533479e-09	 5.533479e-09	 5.533479e-09	 
 5.692991e+03	 5.692991e+03	 5.692991e+03	 5.533479e-09	 5.533479e-09	 5.533479e-09	 
 5.692991e+03	 5.692991e+03	 5.692991e+03	 5.533479e-09	 5.533479e-09	 5.533479e-09	 
 5.692991e+03	 5.692991e+03	 5.692991e+03	 5.533479e-09	 5.533479e-09	 5.533479e-09	 
 5.692991e+03	 5.692991e+03	 5.692991e+03	 5.533479e-09	 5.533479e-09	 5.533479e-09	 
 5.692991e+03	 5.692991e+03	 5.692991e+03	 5.533479e-09	 5.533479e-09	 5.533479e-09	 
 5.692991e+03	 5.692991e+03	 5.692991e+03	 5.533479e-09	 5.533479e-09	 5.533479e-09	 
 5.692991e+03	 5.692991e+03	 5.692991e+03	 5.533479e-09	 5.533479e-09	 5.533479e-09	 
 5.692991e+03	 5.692991e+03	 5.692991e+03	 5.533479e-09	 5.533479e-09	 5.533479e-09	 
 5.692991e+03	 5.692991e+03	 5.692991e+03	 5.533479e-09	 5.533479e-09	 5.533479e-09	 
 5.692991e+03	 5.692991e+03	 5.692991e+03	 5.533479e-09	 5.533479e-09	 5.533479e-09	 
 5.692991e+03	 5.692991e+03	 5.692991e+03	 5.533479e-09	 5.533479e-09	 5.533479e-09	 
 5.692991e+03	 5.692991e+03	 5.692991e+03	 5.533479e-09	 5.533479e-09	 5.533479e-09	 
 5.692991e+03	 5.692991e+03	 5.692991e+03	 5.533479e-09	 5.533479e-09	 5.533479e-09	 
 5.692991e+03	 5.692991e+03	 5.692991e+03	 5.533479e-09	 5.533479e-09	 5.533479e-09	 
 5.692991e+03	 5.692991e+03	 5.692991e+03	 5.533479e-09	 5.533479e-09	 5.533479e-09	 
 5.692991e+03	 5.692991e+03	 5.692991e+03	 5.533479e-09	 5.533479e-09	 5.533479e-09	 
 5.692991e+03	 7.314735e+03	 5.611904e+03	 5.533479e-09	 9.627745e-07	 5.533479e-09	 
 5.692991e+03	 7.314735e+03	 5.530817e+03	 5.533479e-09	 9.627745e-07	 5.533479e-09	 
 5.692991e+03	 7.314735e+03	 5.449729e+03	 5.533479e-09	 9.627745e-07	 5.533479e-09	 
 5.692991e+03	 7.314735e+03	 5.368642e+03	 5.533479e-09	 9.627745e-07	 5.533479e-09	 
 5.692991e+03	 7.314735e+03	 5.287555e+03	 5.533479e-09	 9.627745e-07	 5.533479e-09	 
 5.692991e+03	 7.314735e+03	 5.206468e+03	 5.533479e-09	 9.627745e-07	 5.533479e-09	 
 5.692991e+03	 7.314735e+03	 5.125381e+03	 5.533479e-09	 9.627745e-07	 5.533479e-09	 
 5.692991e+03	 7.314735e+03	 5.044293e+03	 5.533479e-09	 9.627745e-07	 5.533479e-09	 
 5.692991e+03	 7.314735e+03	 4.963206e+03	 5.533479e-09	 9.627745e-07	 5.533479e-09	 
 5.692991e+03	 7.314735e+03	 4.882119e+03	 5.533479e-09	 9.627745e-07	 5.533479e-09	 
 5.692991e+03	 7.314735e+03	 4.801032e+03	 5.533479e-09	 9.627745e-07	 5.533479e-09	 
 5.692991e+03	 7.314735e+03	 4.719945e+03	 5.533479e-09	 9.627745e-07	 5.533479e-09	 
 5.692991e+03	 7.314735e+03	 4.638857e+03	 5.533479e-09	 9.627745e-07	 5.533479e-09	 
 5.692991e+03	 7.314735e+03	 4.557770e+03	 5.533479e-09	 9.627745e-07	 5.533479e-09	 
 5.692991e+03	 7.314735e+03	 4.476683e+03	 5.533479e-09	 9.627745e-07	 5.533479e-09	 
 5.692991e+03	 7.314735e+03	 4.395596e+03	 5.533479e-09	 9.627745e-07	 5.533479e-09	 
 5.692991e+03	 7.314735e+03	 4.314508e+03	 5.533479e-09	 9.627745e-07	 5.533479e-09	 
 5.692991e+03	 7.314735e+03	 4.233421e+03	 5.533479e-09	 9.627745e-07	 5.533479e-09	 
 5.692991e+03	 7.314735e+03	 4.152334e+03	 5.533479e-09	 9.627745e-07	 5.533479e-09	 
 5.692991e+03	 7.314735e+03	 4.071247e+03	 5.533479e-09	 9.627745e-07	 5.533479e-09	 
 5.692991e+03	 4.644678e+01	 5.410664e+03	 0	 0	 
 5.692991e+03	 4.644678e+01	 5.128337e+03	 0	 0	 
 5.692991e+03	 4.644678e+01	 4.846009e+03	 0	 0	 
 5.692991e+03	 4.644678e+01	 4.563682e+03	 0	 0	 
 5.692991e+03	 4.644678e+01	 4.281355e+03	 0	 0	 
 5.692991e+03	 4.644678e+01	 3.999028e+03	 0	 0	 
 5.692991e+03	 4.644678e+01	 3.716701e+03	 0	 0	 
 5.692991e+03	 4.644678e+01	 3.434373e+03	 0	 0	 
 5.692991e+03	 4.644678e+01	 3.152046e+03	 0	 0	 
 5.692991e+03	 4.644678e+01	 2.869719e+03	 0	 0	 
 5.692991e+03	 4.644678e+01	 2.587392e+03	 0	 0	 
 5.692991e+03	 4.644678e+01	 2.305065e+03	 0	 0	 
 5.692991e+03	 4.644678e+01	 2.022737e+03	 0	 0	 
 5.692991e+03	 4.644678e+01	 1.740410e+03	 0	 0	 
 5.692991e+03	 4.644678e+01	 1.458083e+03	 0	 0	 
 5.692991e+03	 4.644678e+01	 1.175756e+03	 0	 0	 
 5.692991e+03	 4.644678e+01	 8.934284e+02	 0	 0	 
 5.692991e+03	 4.644678e+01	 6.111012e+02	 0	 0	 
 5.692991e+03	 4.644678e+01	 3.287740e+02	 0	 0	 
 5.692991e+03	 4.644678e+01	 4.644678e+01	 0	 0	 
 5.692991e+03	 5.692991e+03	 5.692991e+03	 5.533479e-09	 5.533479e-09	 5.533479e-09	 
 5.692991e+03	 5.692991e+03	 5.692991e+03	 5.533479e-09	 5.533479e-09	 5.533479e-09	 
 5.692991e+03	 5.692991e+03	 5.692991e+03	 5.533479e-09	 5.533479e-09	 5.533479e-09	 
 5.692991e+03	 5.692991e+03	 5.692991e+03	 5.533479e-09	 5.533479e-09	 5.533479e-09	 
 5.692991e+03	 5.692991e+03	 5.692991e+03	 5.533479e-09	 5.533479e-09	 5.533479e-09	 
 5.692991e+03	 5.692991e+03	 5.692991e+03	 5.533479e-09	 5.533479e-09	 5.533479e-09	 
 5.692991e+03	 5.692991e+03	 5.692991e+03	 5.533479e-09	 5.533479e-09	 5.533479e-09	 
 5.692991e+03	 5.692991e+03	 5.692991e+03	 5.533479e-09	 5.533479e-09	 5.533479e-09	 
 5.692991e+03	 5.692991e+03	 5.692991e+03	 5.533479e-09	 5.533479e-09	 5.533479e-09	 
 5.692991e+03	 5.692991e+03	 5.692991e+03	 5.533479e-09	 5.533479e-09	 5.533479e-09	 
 5.692991e+03	 5.692991e+03	 5.692991e+03	 5.533479e-09	 5.533479e-09	 5.533479e-09	 
 5.692991e+03	 5.692991e+03	 5.692991e+03	 5.533479e-09	 5.533479e-09	 5.533479e-09	 
 5.692991e+03	 5.692991e+03	 5.692991e+03	 5.533479e-09	 5.533479e-09	 5.533479e-09	 
 5.692991e+03	 5.692991e+03	 5.692991e+03	 5.533479e-09	 5.533479e-09	 5.533479e-09	 
 5.692991e+03	 5.692991e+03	 5.692991e+03	 5.533479e-09	 5.533479e-09	 5.533479e-09	 
 5.692991e+03	 5.692991e+03	 5.692991e+03	 5.533479e-09	 5.533479e-09	 5.533479e-09	 
 5.692991e+03	 5.692991e+03	 5.692991e+03	 5.533479e-09	 5.533479e-09	 5.533479e-09	 
 5.692991e+03	 5.692991e+03	 5.692991e+03	 5.533479e-09	 5.533479e-09	 5.533479e-09	 
 5.692991e+03	 5.692991e+03	 5.692991e+03	 5.533479e-09	 5.533479e-09	 5.533479e-09	 
 5.692991e+03	 5.692991e+03	 5.692991e+03	 5.533479e-09	 5.533479e-09	 5.533479e-09	 
 5.692991e+03	 1.314221e+03	 5.474053e+03	 0	 0	 
 5.692991e+03	 1.314221e+03	 5.255114e+03	 0	 0	 
 5.692991e+03	 1.314221e+03	 5.036176e+03	 0	 0	 
 5.692991e+03	 1.314221e+03	 4.817237e+03	 0	 0	 
 5.692991e+03	 1.314221e+03	 4.598299e+03	 0	 0	 
 5.692991e+03	 1.314221e+03	 4.379360e+03	 0	 0	 
 5.692991e+03	 1.314221e+03	 4.160422e+03	 0	 0	 
 5.692991e+03	 1.314221e+03	 3.941483e+03	 0	 0	 
 5.692991e+03	 1.314221e+03	 3.722545e+03	 0	 0	 
 5.692991e+03	 1.314221e+03	 3.503606e+03	 0	 0	 
 5.692991e+03	 1.314221e+03	 3.284668e+03	 0	 0	 
 5.692991e+03	 1.314221e+03	 3.065729e+03	 0	 0	 
 5.692991e+03	 1.314221e+03	 2.846791e+03	 0	 0	 
 5.692991e+03	 1.314221e+03	 2.627852e+03	 0	 0	 
 5.692991e+03	 1.314221e+03	 2.408914e+03	 0	 0	 
 5.692991e+03	 1.314221e+03	 2.189975e+03	 0	 0	 
 5.692991e+03	 1.314221e+03	 1.971037e+03	 0	 0	 
 5.692991e+03	 1.314221e+03	 1.752098e+03	 0	 0	 
 5.692991e+03	 1.314221e+03	 1.533160e+03	 0	 0	 
 5.692991e+03	 1.314221e+03	 1.314221e+03	 0	 0	 
 5.692991e+03	 3.529866e+03	 5.584835e+03	 0	 0	 
 5.692991e+03	 3.529866e+03	 5.476679e+03	 0	 0	 
 5.692991e+03	 3.529866e+03	 5.368522e+03	 0	 0	 
 5.692991e+03	 3.529866e+03	 5.260366e+03	 0	 0	 
 5.692991e+03	 3.529866e+03	 5.152210e+03	 0	 0	 
 5.692991e+03	 3.529866e+03	 5.044054e+03	 0	 0	 
 5.692991e+03	 3.529866e+03	 4.935897e+03	 0	 0	 
 5.692991e+03	 3.529866e+03	 4.827741e+03	 0	 0	 
 5.692991e+03	 3.529866e+03	 4.719585e+03	 0	 0	 
 5.692991e+03	 3.529866e+03	 4.611429e+03	 0	 0	 
 5.692991e+03	 3.529866e+03	 4.503272e+03	 0	 0	 
 5.692991e+03	 3.529866e+03	 4.395116e+03	 0	 0	 
 5.692991e+03	 3.529866e+03	 4.286960e+03	 0	 0	 
 5.692991e+03	 3.529866e+03	 4.178804e+03	 0	 0	 
 5.692991e+03	 3.529866e+03	 4.070647e+03	 0	 0	 
 5.692991e+03	 3.529866e+03	 3.962491e+03	 0	 0	 
 5.692991e+03	 3.529866e+03	 3.854335e+03	 0	 0	 
 5.692991e+03	 3.529866e+03	 3.746179e+03	 0	 0	 
 5.692991e+03	 3.529866e+03	 3.638022e+03	 0	 0	 
 5.692991e+03	 3.529866e+03	 3.529866e+03	 0	 0	 
 5.692991e+03	 4.468969e+03	 5.631790e+03	 0	 0	 
 5.692991e+03	 4.468969e+03	 5.570589e+03	 0	 0	 
 5.692991e+03	 4.468969e+03	 5.509388e+03	 0	 0	 
 5.692991e+03	 4.468969e+03	 5.448187e+03	 0	 0	 
 5.692991e+03	 4.468969e+03	 5.386986e+03	 0	 0	 
 5.692991e+03	 4.468969e+03	 5.325784e+03	 0	 0	 
 5.692991e+03	 4.468969e+03	 5.264583e+03	 0	 0	 
 5.692991e+03	 4.468969e+03	 5.203382e+03	 0	 0	 
 5.692991e+03	 4.468969e+03	 5.142181e+03	 0	 0	 
 5.692991e+03	 4.468969e+03	 5.080980e+03	 0	 0	 
 5.692991e+03	 4.468969e+03	 5.019779e+03	 0	 0	 
 5.692991e+03	 4.468969e+03	 4.958578e+03	 0	 0	 
 5.692991e+03	 4.468969e+03	 4.897377e+03	 0	 0	 
 5.692991e+03	 4.468969e+03	 4.836176e+03	 0	 0	 
 5.692991e+03	 4.468969e+03	 4.774975e+03	 0	 0	 
 5.692991e+03	 4.468969e+03	 4.713773e+03	 0	 0	 
 5.692991e+03	 4.468969e+03	 4.652572e+03	 0	 0	 
 5.692991e+03	 4.468969e+03	 4.591371e+03	 0	 0	 
 5.692991e+03	 4.468969e+03	 4.530170e+03	 0	 0	 
 5.692991e+03	 4.468969e+03	 4.468969e+03	 0	 0	 
 5.692991e+03	 2.068904e+03	 5.511787e+03	 0	 0	 
 5.692991e+03	 2.068904e+03	 5.330582e+03	 0	 0	 
 5.692991e+03	 2.068904e+03	 5.149378e+03	 0	 0	 
 5.692991e+03	 2.068904e+03	 4.968174e+03	 0	 0	 
 5.692991e+03	 2.068904e+03	 4.786969e+03	 0	 0	 
 5.692991e+03	 2.068904e+03	 4.605765e+03	 0	 0	 
 5.692991e+03	 2.068904e+03	 4.424561e+03	 0	 0	 
 5.692991e+03	 2.068904e+03	 4.243356e+03	 0	 0	 
 5.692991e+03	 2.068904e+03	 4.062152e+03	 0	 0	 
 5.692991e+03	 2.068904e+03	 3.880948e+03	 0	 0	 
 5.692991e+03	 2.068904e+03	 3.699743e+03	 0	 0	 
 5.692991e+03	 2.068904e+03	 3.518539e+03	 0	 0	 
 5.692991e+03	 2.068904e+03	 3.337335e+03	 0	 0	 
 5.692991e+03	 2.068904e+03	 3.156130e+03	 0	 0	 
 5.692991e+03	 2.068904e+03	 2.974926e+03	 0	 0	 
 5.692991e+03	 2.068904e+03	 2.793722e+03	 0	 0	 
 5.692991e+03	 2.068904e+03	 2.612517e+03	 0	 0	 
 5.692991e+03	 2.068904e+03	 2.431313e+03	 0	 0	 
 5.692991e+03	 2.068904e+03	 2.250108e+03	 0	 0	 
 5.692991e+03	 2.068904e+03	 2.068904e+03	 0	 0	 
 5.692991e+03	 5.692991e+03	 5.692991e+03	 5.533479e-09	 5.533479e-09	 5.533479e-09	 
 5.692991e+03	 5.692991e+03	 5.692991e+03	 5.533479e-09	 5.533479e-09	 5.533479e-09	 
 5.692991e+03	 5.692991e+03	 5.692991e+03	 5.533479e-09	 5.533479e-09	 5.533479e-09	 
 5.692991e+03	 5.692991e+03	 5.692991e+03	 5.533479e-09	 5.533479e-09	 5.533479e-09	 
 5.692991e+03	 5.692991e+03	 5.692991e+03	 5.533479e-09	 5.533479e-09	 5.533479e-09	 
 5.692991e+03	 5.692991e+03	 5.692991e+03	 5.533479e-09	 5.533479e-09	 5.533479e-09	 
 5.692991e+03	 5.692991e+03	 5.692991e+03	 5.533479e-09	 5.533479e-09	 5.533479e-09	 
 5.692991e+03	 5.692991e+03	 5.692991e+03	 5.533479e-09	 5.533479e-09	 5.533479e-09	 
 5.692991e+03	 5.692991e+03	 5.692991e+03	 5.533479e-09	 5.533479e-09	 5.533479e-09	 
 5.692991e+03	 5.692991e+03	 5.692991e+03	 5.533479e-09	 5.533479e-09	 5.533479e-09	 
 5.692991e+03	 5.692991e+03	 5.692991e+03	 5.533479e-09	 5.533479e-09	 5.533479e-09	 
 5.692991e+03	 5.692991e+03	 5.692991e+03	 5.533479e-09	 5.533479e-09	 5.533479e-09	 
 5.692991e+03	 5.692991e+03	 5.692991e+03	 5.533479e-09	 5.533479e-09	 5.533479e-09	 
 5.692991e+03	 5.692991e+03	 5.692991e+03	 5.533479e-09	 5.533479e-09	 5.533479e-09	 
 5.692991e+03	 5.692991e+03	 5.692991e+03	 5.533479e-09	 5.533479e-09	 5.533479e-09	 
 5.692991e+03	 5.692991e+03	 5.692991e+03	 5.533479e-09	 5.533479e-09	 5.533479e-09	 
 5.692991e+03	 5.692991e+03	 5.692991e+03	 5.533479e-09	 5.533479e-09	 5.533479e-09	 
 5.692991e+03	 5.692991e+03	 5.692991e+03	 5.533479e-09	 5.533479e-09	 5.533479e-09	 
 5.692991e+03	 5.692991e+03	 5.692991e+03	 5.533479e-09	 5.533479e-09	 5.533479e-09	 
 5.692991e+03	 5.692991e+03	 5.692991e+03	 5.533479e-09	 5.533479e-09	 5.533479e-09	 
 