s	 e	 integralPartic	 alturaRetang	 metadePartic	 maximaPartic	 minimoPArtic	 alturaPartic	 p	 comparativoMet
24	 51	 6.228880e+05	 2.224600e+04	 1.641042e+04	 3.282058e+04	 2.556557e-01	 1.355602e+00	 1	 7.376795e-01	 
 32	 53	 4.479394e+01	 2.036088e+00	 1.588990e+04	 3.177859e+04	 1.206454e+00	 5.351942e-01	 0	 7.804129e+03	 
 34	 58	 8.762394e+05	 3.504958e+04	 1.849707e+04	 3.699317e+04	 9.716906e-01	 1.894872e+00	 1	 5.277403e-01	 
 5	 25	 7.653045e+04	 3.644307e+03	 1.755416e+04	 3.510797e+04	 3.434672e-01	 2.076037e-01	 0	 4.816871e+00	 
 48	 60	 1.338755e+05	 1.029812e+04	 1.832166e+04	 3.664251e+04	 8.186162e-01	 5.620733e-01	 0	 1.779127e+00	 
 29	 41	 4.784870e+00	 3.680669e-01	 1.750333e+04	 3.500633e+04	 3.255865e-01	 3.442688e-01	 0	 4.755474e+04	 
 4	 55	 1.107284e+06	 2.129392e+04	 1.640257e+04	 3.280481e+04	 3.351864e-01	 1.366531e+00	 1	 7.702939e-01	 
 31	 49	 3.326975e+04	 1.751040e+03	 1.886339e+04	 3.772572e+04	 1.057456e+00	 9.282740e-02	 0	 1.077268e+01	 
 25	 47	 7.205201e+00	 3.132696e-01	 1.429109e+04	 2.858203e+04	 1.573339e-01	 3.589932e-01	 0	 4.561916e+04	 
 22	 49	 8.509932e+04	 3.039261e+03	 2.653317e+04	 5.306593e+04	 4.048027e-01	 9.163202e-01	 0	 8.730136e+00	 
 1	 1	 1.000000e-05	 1.000000e-05	 1.000000e-05	 1.000000e-05	 1.000000e-05	 1.000000e-05	 1	 1.000000e-05	 
 1	 1	 1.000000e-05	 1.000000e-05	 1.000000e-05	 1.000000e-05	 1.000000e-05	 1.000000e-05	 1	 1.000000e-05	 
 1	 1	 1.000000e-05	 1.000000e-05	 1.000000e-05	 1.000000e-05	 1.000000e-05	 1.000000e-05	 1	 1.000000e-05	 
 1	 1	 1.000000e-05	 1.000000e-05	 1.000000e-05	 1.000000e-05	 1.000000e-05	 1.000000e-05	 1	 1.000000e-05	 
 1	 1	 1.000000e-05	 1.000000e-05	 1.000000e-05	 1.000000e-05	 1.000000e-05	 1.000000e-05	 1	 1.000000e-05	 
 1	 1	 1.000000e-05	 1.000000e-05	 1.000000e-05	 1.000000e-05	 1.000000e-05	 1.000000e-05	 1	 1.000000e-05	 
 1	 1	 1.000000e-05	 1.000000e-05	 1.000000e-05	 1.000000e-05	 1.000000e-05	 1.000000e-05	 1	 1.000000e-05	 
 1	 1	 1.000000e-05	 1.000000e-05	 1.000000e-05	 1.000000e-05	 1.000000e-05	 1.000000e-05	 1	 1.000000e-05	 
 1	 1	 1.000000e-05	 1.000000e-05	 1.000000e-05	 1.000000e-05	 1.000000e-05	 1.000000e-05	 1	 1.000000e-05	 
 1	 1	 1.000000e-05	 1.000000e-05	 1.000000e-05	 1.000000e-05	 1.000000e-05	 1.000000e-05	 1	 1.000000e-05	 
 