Condicionamento
2.693620e+02	 1	 0	 
 1.842579e+03	 1	 0	 
 5.270278e+03	 1	 0	 
 1.840269e+04	 1	 0	 
 3.360350e+02	 1	 0	 
 3.774975e+02	 1	 0	 
 6.574609e+03	 1	 0	 
 2.944299e+01	 1	 0	 
 6.669808e+02	 1	 0	 
 3.141084e+04	 1	 0	 
 3.141084e+04	 1	 1	 
 3.360350e+02	 1	 2	 
 3.360350e+02	 1	 3	 
 3.141084e+04	 2	 1	 
 3.774975e+02	 2	 2	 
 3.774975e+02	 2	 3	 
 3.141084e+04	 3	 1	 
 2.944299e+01	 3	 2	 
 2.944299e+01	 3	 3	 
 3.141084e+04	 4	 1	 
 6.669808e+02	 4	 2	 
 6.669808e+02	 4	 3	 
 3.141084e+04	 5	 1	 
 3.774975e+02	 5	 2	 
 3.774975e+02	 5	 3	 
 3.141084e+04	 6	 1	 
 5.270278e+03	 6	 2	 
 5.270278e+03	 6	 3	 
 3.141084e+04	 7	 1	 
 3.360350e+02	 7	 2	 
 3.360350e+02	 7	 3	 
 3.141084e+04	 8	 1	 
 3.141084e+04	 8	 2	 
 3.141084e+04	 8	 3	 
 3.141084e+04	 9	 1	 
 1.840269e+04	 9	 2	 
 1.840269e+04	 9	 3	 
 3.141084e+04	 10	 1	 
 2.944299e+01	 10	 2	 
 2.944299e+01	 10	 3	 
 