s	 e	 integralPartic	 alturaRetang	 metadePartic	 maximaPartic	 minimoPArtic	 alturaPartic	 p	 comparativoMet
154	 168	 8.144342e+04	 5.429561e+03	 3.990878e+03	 7.979570e+03	 2.187136e+00	 1.360493e+00	 1	 7.350278e-01	 
 154	 168	 8.144342e+04	 5.429561e+03	 3.990878e+03	 7.979570e+03	 2.187136e+00	 1.360493e+00	 1	 7.350278e-01	 
 154	 168	 8.144342e+04	 5.429561e+03	 3.990878e+03	 7.979570e+03	 2.187136e+00	 1.360493e+00	 1	 7.350278e-01	 
 154	 168	 8.144342e+04	 5.429561e+03	 3.990878e+03	 7.979570e+03	 2.187136e+00	 1.360493e+00	 1	 7.350278e-01	 
 154	 168	 8.144342e+04	 5.429561e+03	 3.990878e+03	 7.979570e+03	 2.187136e+00	 1.360493e+00	 1	 7.350278e-01	 
 154	 168	 8.144342e+04	 5.429561e+03	 3.990878e+03	 7.979570e+03	 2.187136e+00	 1.360493e+00	 1	 7.350278e-01	 
 154	 168	 8.144342e+04	 5.429561e+03	 3.990878e+03	 7.979570e+03	 2.187136e+00	 1.360493e+00	 1	 7.350278e-01	 
 154	 168	 8.144342e+04	 5.429561e+03	 3.990878e+03	 7.979570e+03	 2.187136e+00	 1.360493e+00	 1	 7.350278e-01	 
 154	 168	 8.144342e+04	 5.429561e+03	 3.990878e+03	 7.979570e+03	 2.187136e+00	 1.360493e+00	 1	 7.350278e-01	 
 154	 168	 8.144342e+04	 5.429561e+03	 3.990878e+03	 7.979570e+03	 2.187136e+00	 1.360493e+00	 1	 7.350278e-01	 
 