s	 e	 integralPartic	 alturaRetang	 metadePartic	 maximaPartic	 minimoPArtic	 alturaPartic	 p	 comparativoMet
123	 140	 1.279786e+04	 7.109920e+02	 2.251169e+03	 4.497415e+03	 4.923666e+00	 2.273070e-01	 0	 3.166237e+00	 
 123	 140	 4.988363e+02	 2.771313e+01	 2.251169e+03	 4.497415e+03	 4.923666e+00	 2.273070e-01	 0	 8.123116e+01	 
 123	 140	 1.279786e+04	 7.109920e+02	 2.251169e+03	 4.497415e+03	 4.923666e+00	 2.273070e-01	 0	 3.166237e+00	 
 144	 180	 9.935712e+03	 2.685328e+02	 1.385916e+03	 2.771639e+03	 1.925958e-01	 9.870036e-02	 0	 5.161067e+00	 
 144	 180	 5.061243e+03	 1.367904e+02	 1.385916e+03	 2.771639e+03	 1.925958e-01	 9.870036e-02	 0	 1.013168e+01	 
 123	 140	 1.279786e+04	 7.109920e+02	 2.251169e+03	 4.497415e+03	 4.923666e+00	 2.273070e-01	 0	 3.166237e+00	 
 122	 179	 4.699745e+04	 8.103008e+02	 2.604305e+03	 4.497415e+03	 7.111952e+02	 3.111390e-01	 0	 3.213998e+00	 
 122	 179	 4.699745e+04	 8.103008e+02	 2.604305e+03	 4.497415e+03	 7.111952e+02	 3.111390e-01	 0	 3.213998e+00	 
 126	 142	 4.026896e+04	 2.368762e+03	 2.251169e+03	 4.497415e+03	 4.923666e+00	 1.052236e+00	 1	 9.503568e-01	 
 120	 142	 5.087460e+04	 2.211939e+03	 1.415102e+03	 2.771639e+03	 5.856644e+01	 1.563095e+00	 1	 6.397565e-01	 
 