1.481853e-03	 5.555437e-03	 7.807474e-01	 2.122153e-01	 3.246649e+01	 1.409405e+01	 
 3.619173e-04	 3.193150e-01	 3.777051e-01	 2.925741e-01	 2.280232e+01	 7.258575e+00	 
 6.637489e-04	 3.230666e-01	 3.934021e-01	 2.733964e-01	 2.278867e+01	 7.831121e+00	 
 1.137220e-03	 3.290152e-01	 4.182017e-01	 2.430864e-01	 2.276723e+01	 8.351359e+00	 
 1.764485e-03	 3.370029e-01	 4.513387e-01	 2.025624e-01	 2.273874e+01	 8.775406e+00	 
 2.430157e-03	 3.456199e-01	 4.868917e-01	 1.590594e-01	 2.270843e+01	 9.083265e+00	 
 2.989664e-03	 3.529676e-01	 5.170540e-01	 1.221303e-01	 2.268287e+01	 9.282253e+00	 
 3.375115e-03	 3.580870e-01	 5.379907e-01	 9.648611e-02	 2.266523e+01	 9.398929e+00	 
 3.606276e-03	 3.611804e-01	 5.506080e-01	 8.102687e-02	 2.265463e+01	 9.462818e+00	 
 3.733641e-03	 3.628930e-01	 5.575816e-01	 7.248085e-02	 2.264878e+01	 9.496366e+00	 
 3.800605e-03	 3.637958e-01	 5.612546e-01	 6.797910e-02	 2.264571e+01	 9.513575e+00	 
 3.834957e-03	 3.642596e-01	 5.631406e-01	 6.566748e-02	 2.264413e+01	 9.522292e+00	 
 3.851830e-03	 3.644988e-01	 5.640912e-01	 6.449760e-02	 2.264332e+01	 9.526680e+00	 
 4.804974e-05	 1.673357e-01	 3.925340e-01	 4.129027e-01	 1.480230e+01	 7.112015e+00	 
 9.752935e-05	 1.641307e-01	 4.091612e-01	 3.997822e-01	 1.479922e+01	 7.351761e+00	 
 2.010136e-04	 1.573740e-01	 4.438690e-01	 3.724603e-01	 1.479282e+01	 7.908547e+00	 
 4.281733e-04	 1.425736e-01	 5.199021e-01	 3.126039e-01	 1.477877e+01	 8.619366e+00	 
 9.838312e-04	 1.063812e-01	 7.049032e-01	 1.671329e-01	 1.474456e+01	 9.443103e+00	 
 