1.795085e-05	 3.066746e-01	 4.528244e-01	 2.419355e-01	 3.269677e+01	 1.409405e+01	 
 7.418785e-05	 2.987102e-01	 4.614622e-01	 2.395732e-01	 3.263501e+01	 1.475496e+01	 
 8.998588e-05	 2.956816e-01	 4.609613e-01	 2.420280e-01	 3.260831e+01	 1.385121e+01	 
 9.479262e-05	 2.944555e-01	 4.596530e-01	 2.439972e-01	 3.259643e+01	 1.359069e+01	 
 9.646896e-05	 2.939154e-01	 4.587667e-01	 2.451376e-01	 3.259089e+01	 1.348209e+01	 
 9.713329e-05	 2.936633e-01	 4.582700e-01	 2.457430e-01	 3.258821e+01	 1.343190e+01	 
 9.742311e-05	 2.935418e-01	 4.580088e-01	 2.460541e-01	 3.258690e+01	 1.340770e+01	 
 9.755759e-05	 2.934821e-01	 4.578750e-01	 2.462117e-01	 3.258625e+01	 1.339582e+01	 
 1.170982e-04	 3.101723e-01	 2.813074e-01	 4.022209e-01	 2.624051e+01	 6.155201e+00	 
 1.736100e-04	 3.035983e-01	 2.755505e-01	 4.142554e-01	 2.622202e+01	 6.127707e+00	 
 1.974450e-04	 3.005771e-01	 2.739768e-01	 4.187295e-01	 2.621539e+01	 6.120837e+00	 
 2.091217e-04	 2.990557e-01	 2.733518e-01	 4.208169e-01	 2.621233e+01	 6.119255e+00	 
 2.149518e-04	 2.982874e-01	 2.730708e-01	 4.218367e-01	 2.621084e+01	 6.118936e+00	 
 2.178669e-04	 2.979012e-01	 2.729377e-01	 4.223412e-01	 2.621011e+01	 6.118896e+00	 
 2.193246e-04	 2.977076e-01	 2.728730e-01	 4.225921e-01	 2.620974e+01	 6.118906e+00	 
 2.200535e-04	 2.976107e-01	 2.728412e-01	 4.227172e-01	 2.620956e+01	 6.118918e+00	 
 2.204180e-04	 2.975622e-01	 2.728253e-01	 4.227797e-01	 2.620947e+01	 6.118927e+00	 
 2.206002e-04	 2.975379e-01	 2.728175e-01	 4.228109e-01	 2.620942e+01	 6.118931e+00	 
 2.206913e-04	 2.975258e-01	 2.728135e-01	 4.228265e-01	 2.620940e+01	 6.118933e+00	 
 2.207369e-04	 2.975197e-01	 2.728116e-01	 4.228343e-01	 2.620939e+01	 6.118935e+00	 
 2.207597e-04	 2.975167e-01	 2.728106e-01	 4.228382e-01	 2.620938e+01	 6.118935e+00	 
 2.207711e-04	 2.975151e-01	 2.728101e-01	 4.228402e-01	 2.620938e+01	 6.118935e+00	 
 2.207719e-04	 2.975150e-01	 2.728101e-01	 4.228403e-01	 2.620938e+01	 6.118936e+00	 
 2.207729e-04	 2.975149e-01	 2.728100e-01	 4.228405e-01	 2.620938e+01	 6.118936e+00	 
 3.117848e-04	 3.076331e-01	 3.377098e-01	 3.407140e-01	 2.279007e+01	 7.258575e+00	 
 6.874257e-04	 3.077513e-01	 3.393811e-01	 3.373995e-01	 2.275986e+01	 7.831121e+00	 
 1.481825e-03	 3.086371e-01	 3.451041e-01	 3.277735e-01	 2.269692e+01	 8.351359e+00	 
 3.016209e-03	 3.140564e-01	 3.691209e-01	 2.937535e-01	 2.258147e+01	 8.775406e+00	 
 8.346035e-05	 2.355573e-01	 3.518991e-01	 3.883170e-01	 1.483262e+01	 7.112015e+00	 
 8.701368e-05	 2.348045e-01	 3.522120e-01	 3.886205e-01	 1.483082e+01	 7.351761e+00	 
 9.405667e-05	 2.333244e-01	 3.528233e-01	 3.892151e-01	 1.482718e+01	 7.908547e+00	 
 1.078284e-04	 2.304816e-01	 3.539810e-01	 3.903479e-01	 1.481981e+01	 8.619366e+00	 
 1.335973e-04	 2.253945e-01	 3.559776e-01	 3.923316e-01	 1.480484e+01	 9.443103e+00	 
 1.734306e-04	 2.187123e-01	 3.582031e-01	 3.947054e-01	 1.477572e+01	 1.049820e+01	 
 1.725055e-04	 2.264493e-01	 3.526314e-01	 3.902024e-01	 1.473798e+01	 1.331137e+01	 
 