s	 e	 integralPartic	 alturaRetang	 metadePartic	 maximaPartic	 minimoPArtic	 alturaPartic	 p	 comparativoMet
1	 34	 2.729523e+01	 8.028008e-01	 1.025747e+00	 2.051463e+00	 3.062873e-05	 7.826501e-01	 0	 1.277710e+00	 
 1	 45	 2.785530e+01	 6.190067e-01	 1.535263e+00	 3.070507e+00	 1.903060e-05	 1.612746e+00	 0	 2.480204e+00	 
 9	 53	 4.156270e+00	 9.236154e-02	 1.380806e+00	 2.761490e+00	 1.212701e-04	 6.688960e-02	 0	 1.495001e+01	 
 8	 27	 2.933948e+00	 1.466974e-01	 1.037147e+00	 2.074280e+00	 1.484264e-05	 1.414432e-01	 0	 7.069977e+00	 
 12	 41	 6.742619e-02	 2.247540e-03	 1.495224e+00	 2.990442e+00	 5.838652e-06	 7.695754e-01	 0	 6.652715e+02	 
 4	 54	 7.473631e+00	 1.465418e-01	 1.125870e+00	 2.251336e+00	 4.042674e-04	 1.369903e-01	 0	 7.682929e+00	 
 18	 55	 4.472270e+00	 1.176913e-01	 8.836089e-01	 1.767088e+00	 1.301936e-04	 3.494871e-02	 0	 7.507851e+00	 
 13	 51	 2.008130e+01	 5.149052e-01	 1.024837e+00	 2.049538e+00	 1.356515e-04	 1.057594e+00	 0	 1.990340e+00	 
 9	 54	 2.796246e+01	 6.078796e-01	 9.756476e-01	 1.951285e+00	 9.998948e-06	 6.230524e-01	 0	 1.605001e+00	 
 19	 46	 2.590333e+01	 9.251190e-01	 8.709933e-01	 1.741915e+00	 7.152824e-05	 1.062143e+00	 1	 9.414932e-01	 
 1	 1	 1.000000e-05	 1.000000e-05	 1.000000e-05	 1.000000e-05	 1.000000e-05	 1.000000e-05	 1	 1.000000e-05	 
 1	 1	 1.000000e-05	 1.000000e-05	 1.000000e-05	 1.000000e-05	 1.000000e-05	 1.000000e-05	 1	 1.000000e-05	 
 1	 1	 1.000000e-05	 1.000000e-05	 1.000000e-05	 1.000000e-05	 1.000000e-05	 1.000000e-05	 1	 1.000000e-05	 
 1	 1	 1.000000e-05	 1.000000e-05	 1.000000e-05	 1.000000e-05	 1.000000e-05	 1.000000e-05	 1	 1.000000e-05	 
 1	 1	 1.000000e-05	 1.000000e-05	 1.000000e-05	 1.000000e-05	 1.000000e-05	 1.000000e-05	 1	 1.000000e-05	 
 1	 1	 1.000000e-05	 1.000000e-05	 1.000000e-05	 1.000000e-05	 1.000000e-05	 1.000000e-05	 1	 1.000000e-05	 
 1	 1	 1.000000e-05	 1.000000e-05	 1.000000e-05	 1.000000e-05	 1.000000e-05	 1.000000e-05	 1	 1.000000e-05	 
 1	 1	 1.000000e-05	 1.000000e-05	 1.000000e-05	 1.000000e-05	 1.000000e-05	 1.000000e-05	 1	 1.000000e-05	 
 1	 1	 1.000000e-05	 1.000000e-05	 1.000000e-05	 1.000000e-05	 1.000000e-05	 1.000000e-05	 1	 1.000000e-05	 
 1	 1	 1.000000e-05	 1.000000e-05	 1.000000e-05	 1.000000e-05	 1.000000e-05	 1.000000e-05	 1	 1.000000e-05	 
 