2.962378e-01	 6.279939e-01	 8.199388e-03	 5.791012e-02	 1.111860e+05	 1.116709e+05	 1	 
 2.962378e-01	 6.279939e-01	 8.199388e-03	 5.791012e-02	 1.111860e+05	 1.116709e+05	 1	 
 2.962378e-01	 6.279939e-01	 8.199388e-03	 5.791012e-02	 1.111860e+05	 1.116709e+05	 1	 
 2.962378e-01	 6.279939e-01	 8.199388e-03	 5.791012e-02	 1.111860e+05	 1.116709e+05	 1	 
 2.962378e-01	 6.279939e-01	 8.199388e-03	 5.791012e-02	 1.111860e+05	 1.116709e+05	 1	 
 2.962378e-01	 6.279939e-01	 8.199388e-03	 5.791012e-02	 1.111860e+05	 1.116709e+05	 1	 
 1.627825e-01	 4.832565e-01	 -9.301897e-04	 2.650591e-01	 1.515983e+05	 1.515983e+05	 0	 
 1.627825e-01	 4.832565e-01	 -9.301897e-04	 2.650591e-01	 1.515983e+05	 1.515983e+05	 0	 
 1.627825e-01	 4.832565e-01	 -9.301897e-04	 2.650591e-01	 1.515983e+05	 1.515983e+05	 0	 
 1.627825e-01	 4.832565e-01	 -9.301897e-04	 2.650591e-01	 1.515983e+05	 1.515983e+05	 0	 
 1.627825e-01	 4.832565e-01	 -9.301897e-04	 2.650591e-01	 1.515983e+05	 1.515983e+05	 0	 
 1.627825e-01	 4.832565e-01	 -9.301897e-04	 2.650591e-01	 1.515983e+05	 1.515983e+05	 0	 
 1.947167e-01	 7.025564e-01	 8.460636e-03	 9.849458e-02	 1.470293e+05	 1.463850e+05	 1	 
 1.947167e-01	 7.025564e-01	 8.460636e-03	 9.849458e-02	 1.470293e+05	 1.463850e+05	 1	 
 1.947167e-01	 7.025564e-01	 8.460636e-03	 9.849458e-02	 1.470293e+05	 1.463850e+05	 1	 
 1.947167e-01	 7.025564e-01	 8.460636e-03	 9.849458e-02	 1.470293e+05	 1.463850e+05	 1	 
 1.947167e-01	 7.025564e-01	 8.460636e-03	 9.849458e-02	 1.470293e+05	 1.463850e+05	 1	 
 1.947167e-01	 7.025564e-01	 8.460636e-03	 9.849458e-02	 1.470293e+05	 1.463850e+05	 1	 
 2.011580e-01	 7.199483e-01	 1.671002e-04	 8.491386e-02	 6.083048e+04	 6.092049e+04	 1	 
 2.011580e-01	 7.199483e-01	 1.671002e-04	 8.491386e-02	 6.083048e+04	 6.092049e+04	 1	 
 2.011580e-01	 7.199483e-01	 1.671002e-04	 8.491386e-02	 6.083048e+04	 6.092049e+04	 1	 
 2.011580e-01	 7.199483e-01	 1.671002e-04	 8.491386e-02	 6.083048e+04	 6.092049e+04	 1	 
 2.011580e-01	 7.199483e-01	 1.671002e-04	 8.491386e-02	 6.083048e+04	 6.092049e+04	 1	 
 2.011580e-01	 7.199483e-01	 1.671002e-04	 8.491386e-02	 6.083048e+04	 6.092049e+04	 1	 
 2.811514e-01	 6.514616e-01	 1.437644e-04	 5.659807e-02	 7.360558e+04	 7.360750e+04	 1	 
 2.811514e-01	 6.514616e-01	 1.437644e-04	 5.659807e-02	 7.360558e+04	 7.360750e+04	 1	 
 2.811514e-01	 6.514616e-01	 1.437644e-04	 5.659807e-02	 7.360558e+04	 7.360750e+04	 1	 
 2.811514e-01	 6.514616e-01	 1.437644e-04	 5.659807e-02	 7.360558e+04	 7.360750e+04	 1	 
 2.811514e-01	 6.514616e-01	 1.437644e-04	 5.659807e-02	 7.360558e+04	 7.360750e+04	 1	 
 2.811514e-01	 6.514616e-01	 1.437644e-04	 5.659807e-02	 7.360558e+04	 7.360750e+04	 1	 
 1.847893e-01	 7.808208e-01	 3.920738e-04	 6.030542e-02	 1.616833e+05	 1.617400e+05	 1	 
 1.847893e-01	 7.808208e-01	 3.920738e-04	 6.030542e-02	 1.616833e+05	 1.617400e+05	 1	 
 1.847893e-01	 7.808208e-01	 3.920738e-04	 6.030542e-02	 1.616833e+05	 1.617400e+05	 1	 
 1.847893e-01	 7.808208e-01	 3.920738e-04	 6.030542e-02	 1.616833e+05	 1.617400e+05	 1	 
 1.847893e-01	 7.808208e-01	 3.920738e-04	 6.030542e-02	 1.616833e+05	 1.617400e+05	 1	 
 1.847893e-01	 7.808208e-01	 3.920738e-04	 6.030542e-02	 1.616833e+05	 1.617400e+05	 1	 
 1.129420e-01	 2.829585e+00	 1.013648e-02	 -1.155729e+00	 1.176347e+05	 1.176347e+05	 0	 
 1.129420e-01	 2.829585e+00	 1.013648e-02	 -1.155729e+00	 1.176347e+05	 1.176347e+05	 0	 
 1.129420e-01	 2.829585e+00	 1.013648e-02	 -1.155729e+00	 1.176347e+05	 1.176347e+05	 0	 
 1.129420e-01	 2.829585e+00	 1.013648e-02	 -1.155729e+00	 1.176347e+05	 1.176347e+05	 0	 
 1.129420e-01	 2.829585e+00	 1.013648e-02	 -1.155729e+00	 1.176347e+05	 1.176347e+05	 0	 
 1.129420e-01	 2.829585e+00	 1.013648e-02	 -1.155729e+00	 1.176347e+05	 1.176347e+05	 0	 
 2.200663e-01	 7.591128e-01	 4.796847e-04	 4.372487e-02	 9.148906e+04	 9.146338e+04	 1	 
 2.200663e-01	 7.591128e-01	 4.796847e-04	 4.372487e-02	 9.148906e+04	 9.146338e+04	 1	 
 2.200663e-01	 7.591128e-01	 4.796847e-04	 4.372487e-02	 9.148906e+04	 9.146338e+04	 1	 
 2.200663e-01	 7.591128e-01	 4.796847e-04	 4.372487e-02	 9.148906e+04	 9.146338e+04	 1	 
 2.200663e-01	 7.591128e-01	 4.796847e-04	 4.372487e-02	 9.148906e+04	 9.146338e+04	 1	 
 2.200663e-01	 7.591128e-01	 4.796847e-04	 4.372487e-02	 9.148906e+04	 9.146338e+04	 1	 
 2.256819e-01	 6.881197e-01	 2.416110e-04	 8.306939e-02	 7.175510e+04	 7.173696e+04	 1	 
 2.256819e-01	 6.881197e-01	 2.416110e-04	 8.306939e-02	 7.175510e+04	 7.173696e+04	 1	 
 2.256819e-01	 6.881197e-01	 2.416110e-04	 8.306939e-02	 7.175510e+04	 7.173696e+04	 1	 
 2.256819e-01	 6.881197e-01	 2.416110e-04	 8.306939e-02	 7.175510e+04	 7.173696e+04	 1	 
 2.256819e-01	 6.881197e-01	 2.416110e-04	 8.306939e-02	 7.175510e+04	 7.173696e+04	 1	 
 2.256819e-01	 6.881197e-01	 2.416110e-04	 8.306939e-02	 7.175510e+04	 7.173696e+04	 1	 
 2.110634e-01	 6.932815e-01	 1.567315e-04	 9.271866e-02	 1.070309e+05	 1.070476e+05	 1	 
 2.110634e-01	 6.932815e-01	 1.567315e-04	 9.271866e-02	 1.070309e+05	 1.070476e+05	 1	 
 2.110634e-01	 6.932815e-01	 1.567315e-04	 9.271866e-02	 1.070309e+05	 1.070476e+05	 1	 
 2.110634e-01	 6.932815e-01	 1.567315e-04	 9.271866e-02	 1.070309e+05	 1.070476e+05	 1	 
 2.110634e-01	 6.932815e-01	 1.567315e-04	 9.271866e-02	 1.070309e+05	 1.070476e+05	 1	 
 2.110634e-01	 6.932815e-01	 1.567315e-04	 9.271866e-02	 1.070309e+05	 1.070476e+05	 1	 
 2.114263e-01	 6.879690e-01	 9.521577e-05	 9.573011e-02	 1.070267e+05	 1.070312e+05	 1	 
 2.114263e-01	 6.879690e-01	 9.521577e-05	 9.573011e-02	 1.070267e+05	 1.070312e+05	 1	 
 2.114263e-01	 6.879690e-01	 9.521577e-05	 9.573011e-02	 1.070267e+05	 1.070312e+05	 1	 
 2.114263e-01	 6.879690e-01	 9.521577e-05	 9.573011e-02	 1.070267e+05	 1.070312e+05	 1	 
 2.114263e-01	 6.879690e-01	 9.521577e-05	 9.573011e-02	 1.070267e+05	 1.070312e+05	 1	 
 2.114263e-01	 6.879690e-01	 9.521577e-05	 9.573011e-02	 1.070267e+05	 1.070312e+05	 1	 
 2.114263e-01	 6.879690e-01	 9.521577e-05	 9.573011e-02	 1.070267e+05	 1.070312e+05	 1	 
 2.114263e-01	 6.879690e-01	 9.521577e-05	 9.573011e-02	 1.070267e+05	 1.070312e+05	 1	 
 2.114263e-01	 6.879690e-01	 9.521577e-05	 9.573011e-02	 1.070267e+05	 1.070312e+05	 1	 
 2.114263e-01	 6.879690e-01	 9.521577e-05	 9.573011e-02	 1.070267e+05	 1.070312e+05	 1	 
 2.114263e-01	 6.879690e-01	 9.521577e-05	 9.573011e-02	 1.070267e+05	 1.070312e+05	 1	 
 2.114263e-01	 6.879690e-01	 9.521577e-05	 9.573011e-02	 1.070267e+05	 1.070312e+05	 1	 
 2.117877e-01	 6.876934e-01	 9.597291e-05	 9.557982e-02	 1.070254e+05	 1.070267e+05	 1	 
 2.117877e-01	 6.876934e-01	 9.597291e-05	 9.557982e-02	 1.070254e+05	 1.070267e+05	 1	 
 2.117877e-01	 6.876934e-01	 9.597291e-05	 9.557982e-02	 1.070254e+05	 1.070267e+05	 1	 
 2.117877e-01	 6.876934e-01	 9.597291e-05	 9.557982e-02	 1.070254e+05	 1.070267e+05	 1	 
 2.117877e-01	 6.876934e-01	 9.597291e-05	 9.557982e-02	 1.070254e+05	 1.070267e+05	 1	 
 2.117877e-01	 6.876934e-01	 9.597291e-05	 9.557982e-02	 1.070254e+05	 1.070267e+05	 1	 
 2.114263e-01	 6.879690e-01	 9.521577e-05	 9.573011e-02	 1.070267e+05	 1.070312e+05	 1	 
 2.114263e-01	 6.879690e-01	 9.521577e-05	 9.573011e-02	 1.070267e+05	 1.070312e+05	 1	 
 2.114263e-01	 6.879690e-01	 9.521577e-05	 9.573011e-02	 1.070267e+05	 1.070312e+05	 1	 
 2.114263e-01	 6.879690e-01	 9.521577e-05	 9.573011e-02	 1.070267e+05	 1.070312e+05	 1	 
 2.114263e-01	 6.879690e-01	 9.521577e-05	 9.573011e-02	 1.070267e+05	 1.070312e+05	 1	 
 2.114263e-01	 6.879690e-01	 9.521577e-05	 9.573011e-02	 1.070267e+05	 1.070312e+05	 1	 
 2.265341e-01	 6.918807e-01	 8.110401e-05	 7.997611e-02	 7.174535e+04	 7.175134e+04	 1	 
 2.265341e-01	 6.918807e-01	 8.110401e-05	 7.997611e-02	 7.174535e+04	 7.175134e+04	 1	 
 2.265341e-01	 6.918807e-01	 8.110401e-05	 7.997611e-02	 7.174535e+04	 7.175134e+04	 1	 
 2.265341e-01	 6.918807e-01	 8.110401e-05	 7.997611e-02	 7.174535e+04	 7.175134e+04	 1	 
 2.265341e-01	 6.918807e-01	 8.110401e-05	 7.997611e-02	 7.174535e+04	 7.175134e+04	 1	 
 2.265341e-01	 6.918807e-01	 8.110401e-05	 7.997611e-02	 7.174535e+04	 7.175134e+04	 1	 
 2.253300e-01	 6.884408e-01	 5.279204e-05	 8.317974e-02	 7.174389e+04	 7.174540e+04	 1	 
 2.253300e-01	 6.884408e-01	 5.279204e-05	 8.317974e-02	 7.174389e+04	 7.174540e+04	 1	 
 2.253300e-01	 6.884408e-01	 5.279204e-05	 8.317974e-02	 7.174389e+04	 7.174540e+04	 1	 
 2.253300e-01	 6.884408e-01	 5.279204e-05	 8.317974e-02	 7.174389e+04	 7.174540e+04	 1	 
 2.253300e-01	 6.884408e-01	 5.279204e-05	 8.317974e-02	 7.174389e+04	 7.174540e+04	 1	 
 2.253300e-01	 6.884408e-01	 5.279204e-05	 8.317974e-02	 7.174389e+04	 7.174540e+04	 1	 
 2.114263e-01	 6.879690e-01	 9.521577e-05	 9.573011e-02	 1.070267e+05	 1.070312e+05	 1	 
 2.114263e-01	 6.879690e-01	 9.521577e-05	 9.573011e-02	 1.070267e+05	 1.070312e+05	 1	 
 2.114263e-01	 6.879690e-01	 9.521577e-05	 9.573011e-02	 1.070267e+05	 1.070312e+05	 1	 
 2.114263e-01	 6.879690e-01	 9.521577e-05	 9.573011e-02	 1.070267e+05	 1.070312e+05	 1	 
 2.114263e-01	 6.879690e-01	 9.521577e-05	 9.573011e-02	 1.070267e+05	 1.070312e+05	 1	 
 2.114263e-01	 6.879690e-01	 9.521577e-05	 9.573011e-02	 1.070267e+05	 1.070312e+05	 1	 
 1.627825e-01	 4.832565e-01	 -9.301897e-04	 2.650591e-01	 1.515983e+05	 1.515983e+05	 0	 
 1.627825e-01	 4.832565e-01	 -9.301897e-04	 2.650591e-01	 1.515983e+05	 1.515983e+05	 0	 
 1.627825e-01	 4.832565e-01	 -9.301897e-04	 2.650591e-01	 1.515983e+05	 1.515983e+05	 0	 
 1.627825e-01	 4.832565e-01	 -9.301897e-04	 2.650591e-01	 1.515983e+05	 1.515983e+05	 0	 
 1.627825e-01	 4.832565e-01	 -9.301897e-04	 2.650591e-01	 1.515983e+05	 1.515983e+05	 0	 
 1.627825e-01	 4.832565e-01	 -9.301897e-04	 2.650591e-01	 1.515983e+05	 1.515983e+05	 0	 
 1.627825e-01	 4.832565e-01	 -9.301897e-04	 2.650591e-01	 1.515983e+05	 1.515983e+05	 0	 
 1.627825e-01	 4.832565e-01	 -9.301897e-04	 2.650591e-01	 1.515983e+05	 1.515983e+05	 0	 
 1.627825e-01	 4.832565e-01	 -9.301897e-04	 2.650591e-01	 1.515983e+05	 1.515983e+05	 0	 
 1.627825e-01	 4.832565e-01	 -9.301897e-04	 2.650591e-01	 1.515983e+05	 1.515983e+05	 0	 
 1.627825e-01	 4.832565e-01	 -9.301897e-04	 2.650591e-01	 1.515983e+05	 1.515983e+05	 0	 
 1.627825e-01	 4.832565e-01	 -9.301897e-04	 2.650591e-01	 1.515983e+05	 1.515983e+05	 0	 
 2.114263e-01	 6.879690e-01	 9.521577e-05	 9.573011e-02	 1.070267e+05	 1.070312e+05	 1	 
 2.114263e-01	 6.879690e-01	 9.521577e-05	 9.573011e-02	 1.070267e+05	 1.070312e+05	 1	 
 2.114263e-01	 6.879690e-01	 9.521577e-05	 9.573011e-02	 1.070267e+05	 1.070312e+05	 1	 
 2.114263e-01	 6.879690e-01	 9.521577e-05	 9.573011e-02	 1.070267e+05	 1.070312e+05	 1	 
 2.114263e-01	 6.879690e-01	 9.521577e-05	 9.573011e-02	 1.070267e+05	 1.070312e+05	 1	 
 2.114263e-01	 6.879690e-01	 9.521577e-05	 9.573011e-02	 1.070267e+05	 1.070312e+05	 1	 
 2.809334e-01	 6.738265e-01	 1.940067e-04	 4.283505e-02	 7.360406e+04	 7.360522e+04	 1	 
 2.809334e-01	 6.738265e-01	 1.940067e-04	 4.283505e-02	 7.360406e+04	 7.360522e+04	 1	 
 2.809334e-01	 6.738265e-01	 1.940067e-04	 4.283505e-02	 7.360406e+04	 7.360522e+04	 1	 
 2.809334e-01	 6.738265e-01	 1.940067e-04	 4.283505e-02	 7.360406e+04	 7.360522e+04	 1	 
 2.809334e-01	 6.738265e-01	 1.940067e-04	 4.283505e-02	 7.360406e+04	 7.360522e+04	 1	 
 2.809334e-01	 6.738265e-01	 1.940067e-04	 4.283505e-02	 7.360406e+04	 7.360522e+04	 1	 
 2.833740e-01	 6.741723e-01	 2.071848e-04	 4.044697e-02	 7.360281e+04	 7.360404e+04	 1	 
 2.833740e-01	 6.741723e-01	 2.071848e-04	 4.044697e-02	 7.360281e+04	 7.360404e+04	 1	 
 2.833740e-01	 6.741723e-01	 2.071848e-04	 4.044697e-02	 7.360281e+04	 7.360404e+04	 1	 
 2.833740e-01	 6.741723e-01	 2.071848e-04	 4.044697e-02	 7.360281e+04	 7.360404e+04	 1	 
 2.833740e-01	 6.741723e-01	 2.071848e-04	 4.044697e-02	 7.360281e+04	 7.360404e+04	 1	 
 2.833740e-01	 6.741723e-01	 2.071848e-04	 4.044697e-02	 7.360281e+04	 7.360404e+04	 1	 
 2.114263e-01	 6.879690e-01	 9.521577e-05	 9.573011e-02	 1.070267e+05	 1.070312e+05	 1	 
 2.114263e-01	 6.879690e-01	 9.521577e-05	 9.573011e-02	 1.070267e+05	 1.070312e+05	 1	 
 2.114263e-01	 6.879690e-01	 9.521577e-05	 9.573011e-02	 1.070267e+05	 1.070312e+05	 1	 
 2.114263e-01	 6.879690e-01	 9.521577e-05	 9.573011e-02	 1.070267e+05	 1.070312e+05	 1	 
 2.114263e-01	 6.879690e-01	 9.521577e-05	 9.573011e-02	 1.070267e+05	 1.070312e+05	 1	 
 2.114263e-01	 6.879690e-01	 9.521577e-05	 9.573011e-02	 1.070267e+05	 1.070312e+05	 1	 
 2.035182e-01	 7.117920e-01	 1.072607e-04	 8.789501e-02	 6.082728e+04	 6.083065e+04	 1	 
 2.035182e-01	 7.117920e-01	 1.072607e-04	 8.789501e-02	 6.082728e+04	 6.083065e+04	 1	 
 2.035182e-01	 7.117920e-01	 1.072607e-04	 8.789501e-02	 6.082728e+04	 6.083065e+04	 1	 
 2.035182e-01	 7.117920e-01	 1.072607e-04	 8.789501e-02	 6.082728e+04	 6.083065e+04	 1	 
 2.035182e-01	 7.117920e-01	 1.072607e-04	 8.789501e-02	 6.082728e+04	 6.083065e+04	 1	 
 2.035182e-01	 7.117920e-01	 1.072607e-04	 8.789501e-02	 6.082728e+04	 6.083065e+04	 1	 
 2.019302e-01	 7.169234e-01	 7.739443e-05	 8.611175e-02	 6.082599e+04	 6.082729e+04	 1	 
 2.019302e-01	 7.169234e-01	 7.739443e-05	 8.611175e-02	 6.082599e+04	 6.082729e+04	 1	 
 2.019302e-01	 7.169234e-01	 7.739443e-05	 8.611175e-02	 6.082599e+04	 6.082729e+04	 1	 
 2.019302e-01	 7.169234e-01	 7.739443e-05	 8.611175e-02	 6.082599e+04	 6.082729e+04	 1	 
 2.019302e-01	 7.169234e-01	 7.739443e-05	 8.611175e-02	 6.082599e+04	 6.082729e+04	 1	 
 2.019302e-01	 7.169234e-01	 7.739443e-05	 8.611175e-02	 6.082599e+04	 6.082729e+04	 1	 
 2.114263e-01	 6.879690e-01	 9.521577e-05	 9.573011e-02	 1.070267e+05	 1.070312e+05	 1	 
 2.114263e-01	 6.879690e-01	 9.521577e-05	 9.573011e-02	 1.070267e+05	 1.070312e+05	 1	 
 2.114263e-01	 6.879690e-01	 9.521577e-05	 9.573011e-02	 1.070267e+05	 1.070312e+05	 1	 
 2.114263e-01	 6.879690e-01	 9.521577e-05	 9.573011e-02	 1.070267e+05	 1.070312e+05	 1	 
 2.114263e-01	 6.879690e-01	 9.521577e-05	 9.573011e-02	 1.070267e+05	 1.070312e+05	 1	 
 2.114263e-01	 6.879690e-01	 9.521577e-05	 9.573011e-02	 1.070267e+05	 1.070312e+05	 1	 
 2.118053e-01	 6.886287e-01	 9.432768e-05	 9.498096e-02	 1.070253e+05	 1.070266e+05	 1	 
 2.118053e-01	 6.886287e-01	 9.432768e-05	 9.498096e-02	 1.070253e+05	 1.070266e+05	 1	 
 2.118053e-01	 6.886287e-01	 9.432768e-05	 9.498096e-02	 1.070253e+05	 1.070266e+05	 1	 
 2.118053e-01	 6.886287e-01	 9.432768e-05	 9.498096e-02	 1.070253e+05	 1.070266e+05	 1	 
 2.118053e-01	 6.886287e-01	 9.432768e-05	 9.498096e-02	 1.070253e+05	 1.070266e+05	 1	 
 2.118053e-01	 6.886287e-01	 9.432768e-05	 9.498096e-02	 1.070253e+05	 1.070266e+05	 1	 
 2.116656e-01	 6.874225e-01	 7.997611e-05	 9.585765e-02	 1.070244e+05	 1.070251e+05	 1	 
 2.116656e-01	 6.874225e-01	 7.997611e-05	 9.585765e-02	 1.070244e+05	 1.070251e+05	 1	 
 2.116656e-01	 6.874225e-01	 7.997611e-05	 9.585765e-02	 1.070244e+05	 1.070251e+05	 1	 
 2.116656e-01	 6.874225e-01	 7.997611e-05	 9.585765e-02	 1.070244e+05	 1.070251e+05	 1	 
 2.116656e-01	 6.874225e-01	 7.997611e-05	 9.585765e-02	 1.070244e+05	 1.070251e+05	 1	 
 2.116656e-01	 6.874225e-01	 7.997611e-05	 9.585765e-02	 1.070244e+05	 1.070251e+05	 1	 
 2.114263e-01	 6.879690e-01	 9.521577e-05	 9.573011e-02	 1.070267e+05	 1.070312e+05	 1	 
 2.114263e-01	 6.879690e-01	 9.521577e-05	 9.573011e-02	 1.070267e+05	 1.070312e+05	 1	 
 2.114263e-01	 6.879690e-01	 9.521577e-05	 9.573011e-02	 1.070267e+05	 1.070312e+05	 1	 
 2.114263e-01	 6.879690e-01	 9.521577e-05	 9.573011e-02	 1.070267e+05	 1.070312e+05	 1	 
 2.114263e-01	 6.879690e-01	 9.521577e-05	 9.573011e-02	 1.070267e+05	 1.070312e+05	 1	 
 2.114263e-01	 6.879690e-01	 9.521577e-05	 9.573011e-02	 1.070267e+05	 1.070312e+05	 1	 
 2.035182e-01	 7.117920e-01	 1.072607e-04	 8.789501e-02	 6.082728e+04	 6.083065e+04	 1	 
 2.035182e-01	 7.117920e-01	 1.072607e-04	 8.789501e-02	 6.082728e+04	 6.083065e+04	 1	 
 2.035182e-01	 7.117920e-01	 1.072607e-04	 8.789501e-02	 6.082728e+04	 6.083065e+04	 1	 
 2.035182e-01	 7.117920e-01	 1.072607e-04	 8.789501e-02	 6.082728e+04	 6.083065e+04	 1	 
 2.035182e-01	 7.117920e-01	 1.072607e-04	 8.789501e-02	 6.082728e+04	 6.083065e+04	 1	 
 2.035182e-01	 7.117920e-01	 1.072607e-04	 8.789501e-02	 6.082728e+04	 6.083065e+04	 1	 
 2.017726e-01	 7.175059e-01	 7.481209e-05	 8.588907e-02	 6.082584e+04	 6.082679e+04	 1	 
 2.017726e-01	 7.175059e-01	 7.481209e-05	 8.588907e-02	 6.082584e+04	 6.082679e+04	 1	 
 2.017726e-01	 7.175059e-01	 7.481209e-05	 8.588907e-02	 6.082584e+04	 6.082679e+04	 1	 
 2.017726e-01	 7.175059e-01	 7.481209e-05	 8.588907e-02	 6.082584e+04	 6.082679e+04	 1	 
 2.017726e-01	 7.175059e-01	 7.481209e-05	 8.588907e-02	 6.082584e+04	 6.082679e+04	 1	 
 2.017726e-01	 7.175059e-01	 7.481209e-05	 8.588907e-02	 6.082584e+04	 6.082679e+04	 1	 
 2.114263e-01	 6.879690e-01	 9.521577e-05	 9.573011e-02	 1.070267e+05	 1.070312e+05	 1	 
 2.114263e-01	 6.879690e-01	 9.521577e-05	 9.573011e-02	 1.070267e+05	 1.070312e+05	 1	 
 2.114263e-01	 6.879690e-01	 9.521577e-05	 9.573011e-02	 1.070267e+05	 1.070312e+05	 1	 
 2.114263e-01	 6.879690e-01	 9.521577e-05	 9.573011e-02	 1.070267e+05	 1.070312e+05	 1	 
 2.114263e-01	 6.879690e-01	 9.521577e-05	 9.573011e-02	 1.070267e+05	 1.070312e+05	 1	 
 2.114263e-01	 6.879690e-01	 9.521577e-05	 9.573011e-02	 1.070267e+05	 1.070312e+05	 1	 
 2.197498e-01	 7.570397e-01	 4.466753e-04	 4.529866e-02	 9.148753e+04	 9.148884e+04	 1	 
 2.197498e-01	 7.570397e-01	 4.466753e-04	 4.529866e-02	 9.148753e+04	 9.148884e+04	 1	 
 2.197498e-01	 7.570397e-01	 4.466753e-04	 4.529866e-02	 9.148753e+04	 9.148884e+04	 1	 
 2.197498e-01	 7.570397e-01	 4.466753e-04	 4.529866e-02	 9.148753e+04	 9.148884e+04	 1	 
 2.197498e-01	 7.570397e-01	 4.466753e-04	 4.529866e-02	 9.148753e+04	 9.148884e+04	 1	 
 2.197498e-01	 7.570397e-01	 4.466753e-04	 4.529866e-02	 9.148753e+04	 9.148884e+04	 1	 
 2.197498e-01	 7.570390e-01	 4.466708e-04	 4.529913e-02	 9.148753e+04	 9.148835e+04	 1	 
 2.197498e-01	 7.570390e-01	 4.466708e-04	 4.529913e-02	 9.148753e+04	 9.148835e+04	 1	 
 2.197498e-01	 7.570390e-01	 4.466708e-04	 4.529913e-02	 9.148753e+04	 9.148835e+04	 1	 
 2.197498e-01	 7.570390e-01	 4.466708e-04	 4.529913e-02	 9.148753e+04	 9.148835e+04	 1	 
 2.197498e-01	 7.570390e-01	 4.466708e-04	 4.529913e-02	 9.148753e+04	 9.148835e+04	 1	 
 2.197498e-01	 7.570390e-01	 4.466708e-04	 4.529913e-02	 9.148753e+04	 9.148835e+04	 1	 
 2.114263e-01	 6.879690e-01	 9.521577e-05	 9.573011e-02	 1.070267e+05	 1.070312e+05	 1	 
 2.114263e-01	 6.879690e-01	 9.521577e-05	 9.573011e-02	 1.070267e+05	 1.070312e+05	 1	 
 2.114263e-01	 6.879690e-01	 9.521577e-05	 9.573011e-02	 1.070267e+05	 1.070312e+05	 1	 
 2.114263e-01	 6.879690e-01	 9.521577e-05	 9.573011e-02	 1.070267e+05	 1.070312e+05	 1	 
 2.114263e-01	 6.879690e-01	 9.521577e-05	 9.573011e-02	 1.070267e+05	 1.070312e+05	 1	 
 2.114263e-01	 6.879690e-01	 9.521577e-05	 9.573011e-02	 1.070267e+05	 1.070312e+05	 1	 
 2.097321e-01	 6.941830e-01	 1.847022e-03	 9.279410e-02	 1.465896e+05	 1.469402e+05	 1	 
 2.097321e-01	 6.941830e-01	 1.847022e-03	 9.279410e-02	 1.465896e+05	 1.469402e+05	 1	 
 2.097321e-01	 6.941830e-01	 1.847022e-03	 9.279410e-02	 1.465896e+05	 1.469402e+05	 1	 
 2.097321e-01	 6.941830e-01	 1.847022e-03	 9.279410e-02	 1.465896e+05	 1.469402e+05	 1	 
 2.097321e-01	 6.941830e-01	 1.847022e-03	 9.279410e-02	 1.465896e+05	 1.469402e+05	 1	 
 2.097321e-01	 6.941830e-01	 1.847022e-03	 9.279410e-02	 1.465896e+05	 1.469402e+05	 1	 
 2.124140e-01	 6.918401e-01	 1.728112e-03	 9.191547e-02	 1.465654e+05	 1.465989e+05	 1	 
 2.124140e-01	 6.918401e-01	 1.728112e-03	 9.191547e-02	 1.465654e+05	 1.465989e+05	 1	 
 2.124140e-01	 6.918401e-01	 1.728112e-03	 9.191547e-02	 1.465654e+05	 1.465989e+05	 1	 
 2.124140e-01	 6.918401e-01	 1.728112e-03	 9.191547e-02	 1.465654e+05	 1.465989e+05	 1	 
 2.124140e-01	 6.918401e-01	 1.728112e-03	 9.191547e-02	 1.465654e+05	 1.465989e+05	 1	 
 2.124140e-01	 6.918401e-01	 1.728112e-03	 9.191547e-02	 1.465654e+05	 1.465989e+05	 1	 
 2.114263e-01	 6.879690e-01	 9.521577e-05	 9.573011e-02	 1.070267e+05	 1.070312e+05	 1	 
 2.114263e-01	 6.879690e-01	 9.521577e-05	 9.573011e-02	 1.070267e+05	 1.070312e+05	 1	 
 2.114263e-01	 6.879690e-01	 9.521577e-05	 9.573011e-02	 1.070267e+05	 1.070312e+05	 1	 
 2.114263e-01	 6.879690e-01	 9.521577e-05	 9.573011e-02	 1.070267e+05	 1.070312e+05	 1	 
 2.114263e-01	 6.879690e-01	 9.521577e-05	 9.573011e-02	 1.070267e+05	 1.070312e+05	 1	 
 2.114263e-01	 6.879690e-01	 9.521577e-05	 9.573011e-02	 1.070267e+05	 1.070312e+05	 1	 
 2.117777e-01	 6.877011e-01	 9.595192e-05	 9.558399e-02	 1.070254e+05	 1.070268e+05	 1	 
 2.117777e-01	 6.877011e-01	 9.595192e-05	 9.558399e-02	 1.070254e+05	 1.070268e+05	 1	 
 2.117777e-01	 6.877011e-01	 9.595192e-05	 9.558399e-02	 1.070254e+05	 1.070268e+05	 1	 
 2.117777e-01	 6.877011e-01	 9.595192e-05	 9.558399e-02	 1.070254e+05	 1.070268e+05	 1	 
 2.117777e-01	 6.877011e-01	 9.595192e-05	 9.558399e-02	 1.070254e+05	 1.070268e+05	 1	 
 2.117777e-01	 6.877011e-01	 9.595192e-05	 9.558399e-02	 1.070254e+05	 1.070268e+05	 1	 
 2.115928e-01	 6.866553e-01	 8.102529e-05	 9.640089e-02	 1.070247e+05	 1.070256e+05	 1	 
 2.115928e-01	 6.866553e-01	 8.102529e-05	 9.640089e-02	 1.070247e+05	 1.070256e+05	 1	 
 2.115928e-01	 6.866553e-01	 8.102529e-05	 9.640089e-02	 1.070247e+05	 1.070256e+05	 1	 
 2.115928e-01	 6.866553e-01	 8.102529e-05	 9.640089e-02	 1.070247e+05	 1.070256e+05	 1	 
 2.115928e-01	 6.866553e-01	 8.102529e-05	 9.640089e-02	 1.070247e+05	 1.070256e+05	 1	 
 2.115928e-01	 6.866553e-01	 8.102529e-05	 9.640089e-02	 1.070247e+05	 1.070256e+05	 1	 
 