5.578272e-04	 1.832507e-01	 3.776917e-01	 3.939957e-01	 9.194718e-01	 8.865780e+00	 
 1.422797e-04	 1.857745e-01	 3.772593e-01	 3.935440e-01	 8.726325e-01	 8.855196e+00	 
 3.160202e-04	 2.882188e-01	 2.793883e-01	 4.185252e-01	 3.463497e-01	 5.894341e+00	 
 5.071187e-04	 2.724592e-01	 2.800840e-01	 4.309989e-01	 3.110735e-01	 5.867340e+00	 
 5.861515e-04	 2.663145e-01	 2.817339e-01	 4.343671e-01	 2.919794e-01	 5.865243e+00	 
 6.202926e-04	 2.637755e-01	 2.828214e-01	 4.353120e-01	 2.823292e-01	 5.867949e+00	 
 6.359337e-04	 2.626444e-01	 2.834203e-01	 4.356065e-01	 2.775176e-01	 5.870349e+00	 
 6.433910e-04	 2.621136e-01	 2.837321e-01	 4.357107e-01	 2.751203e-01	 5.871822e+00	 
 6.470284e-04	 2.618569e-01	 2.838909e-01	 4.357521e-01	 2.739244e-01	 5.872629e+00	 
 6.488243e-04	 2.617307e-01	 2.839710e-01	 4.357703e-01	 2.733272e-01	 5.873049e+00	 
 6.497165e-04	 2.616681e-01	 2.840112e-01	 4.357787e-01	 2.730287e-01	 5.873264e+00	 
 6.501612e-04	 2.616370e-01	 2.840314e-01	 4.357827e-01	 2.728796e-01	 5.873372e+00	 
 6.503832e-04	 2.616214e-01	 2.840415e-01	 4.357847e-01	 2.728050e-01	 5.873427e+00	 
 6.504941e-04	 2.616137e-01	 2.840465e-01	 4.357857e-01	 2.727677e-01	 5.873454e+00	 
 6.505495e-04	 2.616098e-01	 2.840491e-01	 4.357862e-01	 2.727491e-01	 5.873468e+00	 
 6.505772e-04	 2.616078e-01	 2.840503e-01	 4.357864e-01	 2.727398e-01	 5.873475e+00	 
 6.505911e-04	 2.616069e-01	 2.840509e-01	 4.357865e-01	 2.727351e-01	 5.873478e+00	 
 6.505941e-04	 2.616067e-01	 2.840511e-01	 4.357866e-01	 2.727341e-01	 5.873479e+00	 
 6.505945e-04	 2.616066e-01	 2.840511e-01	 4.357866e-01	 2.727340e-01	 5.873479e+00	 
 9.465023e-05	 3.343902e-01	 2.651464e-01	 3.911472e-01	 2.075706e-02	 5.408596e+00	 
 1.106438e-04	 3.334811e-01	 2.655082e-01	 3.916357e-01	 1.835446e-02	 6.141963e+00	 
 1.845679e-05	 3.394929e-01	 2.614242e-01	 3.895902e-01	 1.817016e-02	 5.650857e+00	 
 2.243162e-05	 3.393866e-01	 2.611946e-01	 3.898403e-01	 1.717998e-02	 5.620160e+00	 
 2.441977e-05	 3.393323e-01	 2.610823e-01	 3.899645e-01	 1.668368e-02	 5.607500e+00	 
 2.541400e-05	 3.393049e-01	 2.610269e-01	 3.900264e-01	 1.643522e-02	 5.602036e+00	 
 2.591115e-05	 3.392911e-01	 2.609993e-01	 3.900573e-01	 1.631090e-02	 5.599551e+00	 
 2.615974e-05	 3.392842e-01	 2.609855e-01	 3.900728e-01	 1.624873e-02	 5.598375e+00	 
 2.628404e-05	 3.392807e-01	 2.609786e-01	 3.900805e-01	 1.621763e-02	 5.597805e+00	 
 2.634619e-05	 3.392790e-01	 2.609752e-01	 3.900843e-01	 1.620208e-02	 5.597524e+00	 
 2.637726e-05	 3.392781e-01	 2.609735e-01	 3.900863e-01	 1.619431e-02	 5.597384e+00	 
 2.639280e-05	 3.392777e-01	 2.609726e-01	 3.900872e-01	 1.619042e-02	 5.597315e+00	 
 2.640057e-05	 3.392775e-01	 2.609722e-01	 3.900877e-01	 1.618848e-02	 5.597280e+00	 
 2.640446e-05	 3.392774e-01	 2.609720e-01	 3.900879e-01	 1.618751e-02	 5.597263e+00	 
 2.640640e-05	 3.392773e-01	 2.609719e-01	 3.900881e-01	 1.618702e-02	 5.597254e+00	 
 2.640737e-05	 3.392773e-01	 2.609718e-01	 3.900881e-01	 1.618678e-02	 5.597250e+00	 
 2.640785e-05	 3.392773e-01	 2.609718e-01	 3.900882e-01	 1.618665e-02	 5.597248e+00	 
 5.703418e-05	 3.359860e-01	 2.633618e-01	 3.911566e-01	 1.614197e-02	 5.777579e+00	 
 5.760951e-05	 3.359647e-01	 2.633219e-01	 3.912025e-01	 1.593688e-02	 5.775808e+00	 
 5.789719e-05	 3.359541e-01	 2.633020e-01	 3.912254e-01	 1.583429e-02	 5.775125e+00	 
 5.804104e-05	 3.359487e-01	 2.632921e-01	 3.912369e-01	 1.578299e-02	 5.774836e+00	 
 5.811297e-05	 3.359460e-01	 2.632871e-01	 3.912426e-01	 1.575734e-02	 5.774704e+00	 
 5.814894e-05	 3.359447e-01	 2.632846e-01	 3.912455e-01	 1.574451e-02	 5.774641e+00	 
 5.816692e-05	 3.359440e-01	 2.632834e-01	 3.912469e-01	 1.573809e-02	 5.774611e+00	 
 5.817592e-05	 3.359437e-01	 2.632828e-01	 3.912477e-01	 1.573488e-02	 5.774596e+00	 
 5.818041e-05	 3.359435e-01	 2.632825e-01	 3.912480e-01	 1.573328e-02	 5.774588e+00	 
 5.818266e-05	 3.359434e-01	 2.632823e-01	 3.912482e-01	 1.573248e-02	 5.774584e+00	 
 5.818378e-05	 3.359434e-01	 2.632823e-01	 3.912483e-01	 1.573208e-02	 5.774582e+00	 
 5.818435e-05	 3.359434e-01	 2.632822e-01	 3.912483e-01	 1.573188e-02	 5.774582e+00	 
 5.818463e-05	 3.359434e-01	 2.632822e-01	 3.912483e-01	 1.573178e-02	 5.774581e+00	 
 4.170609e-05	 3.374731e-01	 2.630300e-01	 3.899285e-01	 1.561874e-02	 5.769575e+00	 
 4.086458e-05	 3.375695e-01	 2.629891e-01	 3.898613e-01	 1.549889e-02	 5.768564e+00	 
 4.044414e-05	 3.376176e-01	 2.629686e-01	 3.898277e-01	 1.543921e-02	 5.768117e+00	 
 4.023399e-05	 3.376417e-01	 2.629584e-01	 3.898109e-01	 1.540944e-02	 5.767909e+00	 
 4.012894e-05	 3.376538e-01	 2.629533e-01	 3.898025e-01	 1.539457e-02	 5.767808e+00	 
 4.007641e-05	 3.376598e-01	 2.629507e-01	 3.897983e-01	 1.538714e-02	 5.767759e+00	 
 4.005015e-05	 3.376628e-01	 2.629495e-01	 3.897962e-01	 1.538343e-02	 5.767734e+00	 
 4.003701e-05	 3.376643e-01	 2.629488e-01	 3.897952e-01	 1.538157e-02	 5.767722e+00	 
 4.003045e-05	 3.376650e-01	 2.629485e-01	 3.897946e-01	 1.538064e-02	 5.767716e+00	 
 4.002716e-05	 3.376654e-01	 2.629484e-01	 3.897944e-01	 1.538018e-02	 5.767713e+00	 
 4.002552e-05	 3.376656e-01	 2.629483e-01	 3.897942e-01	 1.537994e-02	 5.767711e+00	 
 4.002470e-05	 3.376657e-01	 2.629482e-01	 3.897942e-01	 1.537983e-02	 5.767711e+00	 
 3.238318e-03	 3.060240e-01	 2.910158e-01	 3.888183e-01	 3.302366e-03	 5.401664e+00	 
 