Condicionamento
2.629730e+03	 1	 0	 
 1.368001e+02	 1	 0	 
 7.639546e+04	 1	 0	 
 6.386237e+03	 1	 0	 
 2.069948e+02	 1	 0	 
 1.387396e+02	 1	 0	 
 8.613222e+03	 1	 0	 
 9.996896e+03	 1	 0	 
 2.134546e+04	 1	 0	 
 2.743134e+03	 1	 0	 
 2.743134e+03	 1	 1	 
 1.368001e+02	 1	 2	 
 1.368001e+02	 1	 3	 
 2.743134e+03	 2	 1	 
 2.743134e+03	 2	 2	 
 2.743134e+03	 2	 3	 
 2.743134e+03	 3	 1	 
 1.387396e+02	 3	 2	 
 1.387396e+02	 3	 3	 
 2.743134e+03	 4	 1	 
 1.368001e+02	 4	 2	 
 1.368001e+02	 4	 3	 
 2.743134e+03	 5	 1	 
 8.613222e+03	 5	 2	 
 8.613222e+03	 5	 3	 
 2.743134e+03	 6	 1	 
 2.134546e+04	 6	 2	 
 2.134546e+04	 6	 3	 
 2.743134e+03	 7	 1	 
 8.613222e+03	 7	 2	 
 8.613222e+03	 7	 3	 
 2.743134e+03	 8	 1	 
 6.386237e+03	 8	 2	 
 6.386237e+03	 8	 3	 
 2.743134e+03	 9	 1	 
 7.639546e+04	 9	 2	 
 7.639546e+04	 9	 3	 
 2.743134e+03	 10	 1	 
 2.069948e+02	 10	 2	 
 2.069948e+02	 10	 3	 
 