s	 e	 integralPartic	 alturaRetang	 metadePartic	 maximaPartic	 minimoPArtic	 alturaPartic	 p	 comparativoMet
61	 112	 3.980403e+04	 7.654620e+02	 4.142094e+02	 8.283559e+02	 6.285714e-02	 1.848007e+00	 1	 5.411234e-01	 
 61	 112	 3.980403e+04	 7.654620e+02	 4.142094e+02	 8.283559e+02	 6.285714e-02	 1.848007e+00	 1	 5.411234e-01	 
 61	 112	 3.980403e+04	 7.654620e+02	 4.142094e+02	 8.283559e+02	 6.285714e-02	 1.848007e+00	 1	 5.411234e-01	 
 61	 112	 3.980403e+04	 7.654620e+02	 4.142094e+02	 8.283559e+02	 6.285714e-02	 1.848007e+00	 1	 5.411234e-01	 
 61	 112	 3.980403e+04	 7.654620e+02	 4.142094e+02	 8.283559e+02	 6.285714e-02	 1.848007e+00	 1	 5.411234e-01	 
 61	 112	 3.980403e+04	 7.654620e+02	 4.142094e+02	 8.283559e+02	 6.285714e-02	 1.848007e+00	 1	 5.411234e-01	 
 61	 112	 3.980403e+04	 7.654620e+02	 4.142094e+02	 8.283559e+02	 6.285714e-02	 1.848007e+00	 1	 5.411234e-01	 
 61	 112	 3.980403e+04	 7.654620e+02	 4.142094e+02	 8.283559e+02	 6.285714e-02	 1.848007e+00	 1	 5.411234e-01	 
 61	 112	 3.980403e+04	 7.654620e+02	 4.142094e+02	 8.283559e+02	 6.285714e-02	 1.848007e+00	 1	 5.411234e-01	 
 61	 112	 3.980403e+04	 7.654620e+02	 4.142094e+02	 8.283559e+02	 6.285714e-02	 1.848007e+00	 1	 5.411234e-01	 
 