minimo	maximo	maximTot	minimTot	
6.285714e-02	 8.283559e+02	 1.401442e+03	 1.694773e+03	 
 6.285714e-02	 8.283559e+02	 1.108778e+03	 1.571459e+03	 
 6.285714e-02	 8.283559e+02	 1.259192e+03	 1.510908e+03	 
 6.285714e-02	 8.283559e+02	 9.237288e-01	 1.269492e+00	 
 6.285714e-02	 8.283559e+02	 1.202219e+03	 1.461308e+03	 
 6.285714e-02	 8.283559e+02	 1.273051e+03	 1.439405e+03	 
 6.285714e-02	 8.283559e+02	 1.158900e+03	 1.288686e+03	 
 6.285714e-02	 8.283559e+02	 8.406780e-01	 8.949153e-01	 
 6.285714e-02	 8.283559e+02	 1.202219e+03	 1.825398e+03	 
 6.285714e-02	 8.283559e+02	 1.694773e+03	 1.825398e+03	 
 6.285714e-02	 8.283559e+02	 1.173769e+03	 1.571459e+03	 
 6.285714e-02	 8.283559e+02	 1.106780e+00	 1.394915e+00	 
 6.285714e-02	 8.283559e+02	 1.529598e+03	 1.825398e+03	 
 6.285714e-02	 8.283559e+02	 1.158900e+03	 1.483237e+03	 
 6.285714e-02	 8.283559e+02	 1.158900e+03	 1.365337e+03	 
 6.285714e-02	 8.283559e+02	 9.033898e-01	 1.013559e+00	 
 6.285714e-02	 8.283559e+02	 1.408310e+03	 1.590410e+03	 
 6.285714e-02	 8.283559e+02	 1.428051e+03	 1.825398e+03	 
 6.285714e-02	 8.283559e+02	 1.571459e+03	 1.825398e+03	 
 6.285714e-02	 8.283559e+02	 9.237288e-01	 1.477966e+00	 
 6.285714e-02	 8.283559e+02	 1.108778e+03	 1.694773e+03	 
 6.285714e-02	 8.283559e+02	 1.108778e+03	 1.349195e+03	 
 6.285714e-02	 8.283559e+02	 1.108778e+03	 1.230790e+03	 
 6.285714e-02	 8.283559e+02	 8.406780e-01	 9.033898e-01	 
 6.285714e-02	 8.283559e+02	 1.215637e+03	 1.602692e+03	 
 6.285714e-02	 8.283559e+02	 1.273051e+03	 1.538339e+03	 
 6.285714e-02	 8.283559e+02	 1.133081e+03	 1.332342e+03	 
 6.285714e-02	 8.283559e+02	 8.559322e-01	 9.728814e-01	 
 6.285714e-02	 8.283559e+02	 1.202219e+03	 1.825398e+03	 
 6.285714e-02	 8.283559e+02	 1.202219e+03	 1.748078e+03	 
 6.285714e-02	 8.283559e+02	 1.173769e+03	 1.349195e+03	 
 6.285714e-02	 8.283559e+02	 9.440678e-01	 1.269492e+00	 
 6.285714e-02	 8.283559e+02	 1.383847e+03	 1.825398e+03	 
 6.285714e-02	 8.283559e+02	 1.186949e+03	 1.571459e+03	 
 6.285714e-02	 8.283559e+02	 1.244308e+03	 1.538339e+03	 
 6.285714e-02	 8.283559e+02	 8.559322e-01	 9.830508e-01	 
 6.285714e-02	 8.283559e+02	 1.365337e+03	 1.825398e+03	 
 6.285714e-02	 8.283559e+02	 1.121239e+03	 1.273051e+03	 
 6.285714e-02	 8.283559e+02	 1.108778e+03	 1.244308e+03	 
 6.285714e-02	 8.283559e+02	 8.745763e-01	 9.728814e-01	 
 6.285714e-02	 8.283559e+02	 1.365337e+03	 1.825398e+03	 
 -1	 8.283559e+02	 1.365337e+03	 1.825398e+03	 
 -1	 8.283559e+02	 1.365337e+03	 1.825398e+03	 
 -1	 8.283559e+02	 1.365337e+03	 1.825398e+03	 
 -1	 8.283559e+02	 1.365337e+03	 1.825398e+03	 
 -1	 8.283559e+02	 1.365337e+03	 1.825398e+03	 
 -1	 8.283559e+02	 1.365337e+03	 1.825398e+03	 
 -1	 8.283559e+02	 1.365337e+03	 1.825398e+03	 
 -1	 8.283559e+02	 1.365337e+03	 1.825398e+03	 
 -1	 8.283559e+02	 1.365337e+03	 1.825398e+03	 
 -1	 8.283559e+02	 1.365337e+03	 1.825398e+03	 
 -1	 8.283559e+02	 1.365337e+03	 1.825398e+03	 
 -1	 8.283559e+02	 1.365337e+03	 1.825398e+03	 
 -1	 8.283559e+02	 1.365337e+03	 1.825398e+03	 
 -1	 8.283559e+02	 1.365337e+03	 1.825398e+03	 
 -1	 8.256441e+02	 1.365337e+03	 1.822715e+03	 
 -1	 8.283559e+02	 1.365337e+03	 1.825398e+03	 
 -1	 8.283559e+02	 1.365337e+03	 1.825398e+03	 
 -1	 8.283559e+02	 1.365337e+03	 1.825398e+03	 
 -1	 8.283559e+02	 1.365337e+03	 1.825398e+03	 
 -1	 8.283559e+02	 1.365337e+03	 1.825398e+03	 
 -1	 8.283559e+02	 1.365337e+03	 1.825398e+03	 
 -1	 8.283559e+02	 1.365337e+03	 1.825398e+03	 
 -1	 8.283559e+02	 1.365337e+03	 1.825398e+03	 
 -1	 8.283559e+02	 1.365337e+03	 1.825398e+03	 
 6.285714e-02	 8.283559e+02	 1.349195e+03	 1.825398e+03	 
 -1	 8.283559e+02	 1.332342e+03	 1.825398e+03	 
 -1	 8.283559e+02	 1.318053e+03	 1.825398e+03	 
 -1	 8.283559e+02	 1.302473e+03	 1.825398e+03	 
 -1	 8.283559e+02	 1.288686e+03	 1.825398e+03	 
 -1	 8.283559e+02	 1.273051e+03	 1.825398e+03	 
 -1	 8.283559e+02	 1.259192e+03	 1.825398e+03	 
 -1	 8.283559e+02	 1.244308e+03	 1.825398e+03	 
 -1	 8.283559e+02	 1.230790e+03	 1.825398e+03	 
 -1	 8.283559e+02	 1.215637e+03	 1.825398e+03	 
 6.285714e-02	 8.283559e+02	 1.365337e+03	 1.825398e+03	 
 6.285714e-02	 8.283559e+02	 1.349195e+03	 1.825398e+03	 
 -1	 8.283559e+02	 1.332342e+03	 1.825398e+03	 
 -1	 8.283559e+02	 1.318053e+03	 1.825398e+03	 
 -1	 8.283559e+02	 1.302473e+03	 1.825398e+03	 
 -1	 8.283559e+02	 1.288686e+03	 1.825398e+03	 
 -1	 8.283559e+02	 1.273051e+03	 1.825398e+03	 
 -1	 8.283559e+02	 1.259192e+03	 1.825398e+03	 
 -1	 8.283559e+02	 1.244308e+03	 1.825398e+03	 
 -1	 8.283559e+02	 1.230790e+03	 1.825398e+03	 
 -1	 8.283559e+02	 1.215637e+03	 1.825398e+03	 
 -1	 8.283559e+02	 1.202219e+03	 1.825398e+03	 
 6.285714e-02	 8.283559e+02	 1.365337e+03	 1.825398e+03	 
 -1	 8.283559e+02	 1.365337e+03	 1.825398e+03	 
 -1	 8.283559e+02	 1.365337e+03	 1.825398e+03	 
 -1	 8.283559e+02	 1.365337e+03	 1.825398e+03	 
 -1	 8.283559e+02	 1.365337e+03	 1.825398e+03	 
 -1	 8.283559e+02	 1.365337e+03	 1.825398e+03	 
 -1	 8.283559e+02	 1.365337e+03	 1.825398e+03	 
 -1	 8.283559e+02	 1.365337e+03	 1.825398e+03	 
 -1	 8.283559e+02	 1.365337e+03	 1.825398e+03	 
 -1	 8.283559e+02	 1.365337e+03	 1.825398e+03	 
 -1	 8.283559e+02	 1.365337e+03	 1.825398e+03	 
 -1	 8.283559e+02	 1.365337e+03	 1.825398e+03	 
 -1	 8.283559e+02	 1.365337e+03	 1.825398e+03	 
 -1	 8.283559e+02	 1.365337e+03	 1.825398e+03	 
 -1	 8.283559e+02	 1.365337e+03	 1.825398e+03	 
 -1	 8.256441e+02	 1.365337e+03	 1.822715e+03	 
 -1	 8.283559e+02	 1.365337e+03	 1.825398e+03	 
 -1	 8.283559e+02	 1.365337e+03	 1.825398e+03	 
 -1	 8.283559e+02	 1.365337e+03	 1.825398e+03	 
 -1	 8.283559e+02	 1.365337e+03	 1.825398e+03	 
 -1	 8.283559e+02	 1.365337e+03	 1.825398e+03	 
 -1	 8.283559e+02	 1.365337e+03	 1.825398e+03	 
 -1	 8.283559e+02	 1.365337e+03	 1.825398e+03	 
 -1	 8.283559e+02	 1.365337e+03	 1.825398e+03	 
 -1	 8.283559e+02	 1.365337e+03	 1.825398e+03	 
 6.285714e-02	 8.283559e+02	 1.349195e+03	 1.825398e+03	 
 -1	 8.283559e+02	 1.332342e+03	 1.825398e+03	 
 -1	 8.283559e+02	 1.318053e+03	 1.825398e+03	 
 -1	 8.283559e+02	 1.302473e+03	 1.825398e+03	 
 -1	 8.283559e+02	 1.288686e+03	 1.825398e+03	 
 -1	 8.283559e+02	 1.273051e+03	 1.825398e+03	 
 -1	 8.283559e+02	 1.259192e+03	 1.825398e+03	 
 -1	 8.283559e+02	 1.244308e+03	 1.825398e+03	 
 -1	 8.283559e+02	 1.230790e+03	 1.825398e+03	 
 -1	 8.283559e+02	 1.215637e+03	 1.825398e+03	 
 6.285714e-02	 8.283559e+02	 1.365337e+03	 1.825398e+03	 
 6.285714e-02	 8.283559e+02	 1.383847e+03	 1.825398e+03	 
 -1	 8.283559e+02	 1.365337e+03	 1.825398e+03	 
 -1	 8.283559e+02	 1.365337e+03	 1.825398e+03	 
 -1	 8.283559e+02	 1.365337e+03	 1.825398e+03	 
 -1	 8.283559e+02	 1.365337e+03	 1.825398e+03	 
 -1	 8.283559e+02	 1.365337e+03	 1.825398e+03	 
 -1	 8.283559e+02	 1.365337e+03	 1.825398e+03	 
 -1	 8.283559e+02	 1.365337e+03	 1.825398e+03	 
 -1	 8.283559e+02	 1.365337e+03	 1.825398e+03	 
 -1	 8.283559e+02	 1.365337e+03	 1.825398e+03	 
 -1	 8.256441e+02	 1.365337e+03	 1.822715e+03	 
 -1	 8.283559e+02	 1.365337e+03	 1.825398e+03	 
 -1	 8.283559e+02	 1.365337e+03	 1.825398e+03	 
 -1	 8.283559e+02	 1.365337e+03	 1.825398e+03	 
 -1	 8.283559e+02	 1.365337e+03	 1.825398e+03	 
 -1	 8.283559e+02	 1.365337e+03	 1.825398e+03	 
 -1	 8.283559e+02	 1.365337e+03	 1.825398e+03	 
 -1	 8.283559e+02	 1.365337e+03	 1.825398e+03	 
 -1	 8.283559e+02	 1.365337e+03	 1.825398e+03	 
 -1	 8.283559e+02	 1.365337e+03	 1.825398e+03	 
 -1	 8.283559e+02	 1.365337e+03	 1.825398e+03	 
 -1	 8.283559e+02	 1.365337e+03	 1.825398e+03	 
 -1	 8.283559e+02	 1.365337e+03	 1.825398e+03	 
 -1	 8.283559e+02	 1.365337e+03	 1.825398e+03	 
 -1	 8.283559e+02	 1.365337e+03	 1.825398e+03	 
 -1	 8.283559e+02	 1.365337e+03	 1.825398e+03	 
 -1	 8.283559e+02	 1.365337e+03	 1.825398e+03	 
 -1	 8.283559e+02	 1.365337e+03	 1.825398e+03	 
 -1	 8.283559e+02	 1.365337e+03	 1.825398e+03	 
 -1	 8.283559e+02	 1.365337e+03	 1.825398e+03	 
 6.285714e-02	 8.283559e+02	 1.383847e+03	 1.825398e+03	 
 -1	 8.283559e+02	 1.365337e+03	 1.825398e+03	 
 -1	 8.283559e+02	 1.365337e+03	 1.825398e+03	 
 -1	 8.283559e+02	 1.365337e+03	 1.825398e+03	 
 6.285714e-02	 8.283559e+02	 1.365337e+03	 1.825398e+03	 
 6.285714e-02	 8.283559e+02	 1.365337e+03	 1.825398e+03	 
 -1	 8.283559e+02	 1.365337e+03	 1.825398e+03	 
 -1	 8.283559e+02	 1.365337e+03	 1.825398e+03	 
 -1	 8.283559e+02	 1.365337e+03	 1.825398e+03	 
 -1	 8.283559e+02	 1.365337e+03	 1.825398e+03	 
 -1	 8.283559e+02	 1.365337e+03	 1.825398e+03	 
 -1	 8.283559e+02	 1.365337e+03	 1.825398e+03	 
 -1	 8.283559e+02	 1.365337e+03	 1.825398e+03	 
 -1	 8.283559e+02	 1.365337e+03	 1.825398e+03	 
 -1	 8.283559e+02	 1.365337e+03	 1.825398e+03	 
 -1	 8.283559e+02	 1.365337e+03	 1.825398e+03	 
 -1	 8.283559e+02	 1.365337e+03	 1.825398e+03	 
 -1	 8.283559e+02	 1.365337e+03	 1.825398e+03	 
 6.285714e-02	 8.283559e+02	 1.383847e+03	 1.825398e+03	 
 6.285714e-02	 8.283559e+02	 1.365337e+03	 1.825398e+03	 
 -1	 8.283559e+02	 1.365337e+03	 1.825398e+03	 
 -1	 8.283559e+02	 1.365337e+03	 1.825398e+03	 
 -1	 8.283559e+02	 1.365337e+03	 1.825398e+03	 
 -1	 8.283559e+02	 1.365337e+03	 1.825398e+03	 
 -1	 8.283559e+02	 1.365337e+03	 1.825398e+03	 
 -1	 8.283559e+02	 1.365337e+03	 1.825398e+03	 
 -1	 8.283559e+02	 1.365337e+03	 1.825398e+03	 
 -1	 8.283559e+02	 1.365337e+03	 1.825398e+03	 
 -1	 8.283559e+02	 1.365337e+03	 1.825398e+03	 
 -1	 8.283559e+02	 1.365337e+03	 1.825398e+03	 
 -1	 8.283559e+02	 1.365337e+03	 1.825398e+03	 
 -1	 8.283559e+02	 1.365337e+03	 1.825398e+03	 
 -1	 8.283559e+02	 1.365337e+03	 1.825398e+03	 
 -1	 8.283559e+02	 1.365337e+03	 1.825398e+03	 
 -1	 8.256441e+02	 1.365337e+03	 1.822715e+03	 
 -1	 8.283559e+02	 1.365337e+03	 1.825398e+03	 
 -1	 8.283559e+02	 1.365337e+03	 1.825398e+03	 
 -1	 8.283559e+02	 1.365337e+03	 1.825398e+03	 
 -1	 8.283559e+02	 1.365337e+03	 1.825398e+03	 
 -1	 8.283559e+02	 1.365337e+03	 1.825398e+03	 
 -1	 8.283559e+02	 1.365337e+03	 1.825398e+03	 
 -1	 8.283559e+02	 1.365337e+03	 1.825398e+03	 
 -1	 8.283559e+02	 1.365337e+03	 1.825398e+03	 
 -1	 8.283559e+02	 1.365337e+03	 1.825398e+03	 
 6.285714e-02	 8.283559e+02	 1.349195e+03	 1.825398e+03	 
 -1	 8.283559e+02	 1.332342e+03	 1.825398e+03	 
 -1	 8.283559e+02	 1.318053e+03	 1.825398e+03	 
 -1	 8.283559e+02	 1.302473e+03	 1.825398e+03	 
 -1	 8.283559e+02	 1.288686e+03	 1.825398e+03	 
 -1	 8.283559e+02	 1.273051e+03	 1.825398e+03	 
 -1	 8.283559e+02	 1.259192e+03	 1.825398e+03	 
 -1	 8.283559e+02	 1.244308e+03	 1.825398e+03	 
 -1	 8.283559e+02	 1.230790e+03	 1.825398e+03	 
 -1	 8.283559e+02	 1.215637e+03	 1.825398e+03	 
 