2.218230e-01	 8.204464e-01	 7.651474e-04	 3.536229e-03	 2.849352e+00	 8.728743e+00	 
 2.216252e-01	 8.144029e-01	 6.921547e-04	 7.519752e-03	 1.974430e+00	 8.680078e+00	 
 2.220934e-01	 8.236282e-01	 7.849053e-04	 1.318136e-03	 4.464744e+00	 8.751087e+00	 
 2.222268e-01	 8.251983e-01	 7.360446e-04	 2.235707e-04	 1.430317e+00	 8.766399e+00	 
 2.221847e-01	 8.244658e-01	 7.318904e-04	 7.193964e-04	 1.349566e+00	 8.760948e+00	 
 2.220934e-01	 8.236282e-01	 7.849053e-04	 1.318136e-03	 4.464744e+00	 8.751087e+00	 
 3.660964e-01	 6.072235e-01	 9.493966e-04	 1.007110e-02	 3.783308e+01	 7.719817e+00	 
 3.626188e-01	 5.784499e-01	 1.182859e-03	 3.102814e-02	 5.234808e+01	 7.046813e+00	 
 3.595146e-01	 5.778932e-01	 1.065347e-03	 3.409946e-02	 4.770803e+01	 6.957260e+00	 
 3.612052e-01	 5.946262e-01	 8.305034e-04	 2.220340e-02	 3.392638e+01	 7.399581e+00	 
 3.607136e-01	 5.816891e-01	 1.264378e-03	 3.065868e-02	 5.578178e+01	 7.081510e+00	 
 3.617143e-01	 5.794597e-01	 1.193109e-03	 3.119372e-02	 5.351846e+01	 7.048578e+00	 
 2.002572e-01	 6.878128e-01	 7.788687e-04	 1.050907e-01	 9.005385e+01	 8.923773e+00	 
 2.001141e-01	 6.879023e-01	 8.313093e-04	 1.051397e-01	 9.318882e+01	 8.928972e+00	 
 2.001756e-01	 6.878808e-01	 7.914361e-04	 1.051165e-01	 9.136580e+01	 8.927145e+00	 
 2.002100e-01	 6.878532e-01	 8.300805e-04	 1.051042e-01	 9.649940e+01	 8.925802e+00	 
 1.993059e-01	 6.885994e-01	 9.254458e-04	 1.053948e-01	 1.053496e+02	 8.962905e+00	 
 2.001419e-01	 6.879100e-01	 7.942848e-04	 1.051271e-01	 9.175020e+01	 8.928563e+00	 
 1.483257e-02	 1.088485e+00	 2.899016e-02	 1.157743e-03	 1.339680e+03	 7.237056e+00	 
 1.483257e-02	 1.088485e+00	 2.899016e-02	 1.157743e-03	 1.339680e+03	 7.237056e+00	 
 3.188458e-02	 1.033498e+00	 2.322156e-02	 2.293445e-02	 1.065503e+03	 7.194748e+00	 
 9.188097e-03	 1.080723e+00	 2.755821e-02	 1.108412e-02	 1.251527e+03	 7.226374e+00	 
 2.156916e-01	 6.913408e-01	 1.363020e-05	 8.997838e-02	 1.286259e+00	 6.506936e+00	 
 2.156909e-01	 6.913311e-01	 1.430737e-05	 8.998491e-02	 1.357717e+00	 6.512814e+00	 
 2.156916e-01	 6.913408e-01	 1.363020e-05	 8.997838e-02	 1.286259e+00	 6.506936e+00	 
 2.156916e-01	 6.913408e-01	 1.363020e-05	 8.997838e-02	 1.286259e+00	 6.506936e+00	 
 2.156947e-01	 6.913667e-01	 1.364098e-05	 8.995945e-02	 1.248283e+00	 6.492919e+00	 
 2.156916e-01	 6.913408e-01	 1.363020e-05	 8.997838e-02	 1.286259e+00	 6.506936e+00	 
 2.156254e-01	 6.913456e-01	 1.339481e-05	 9.003096e-02	 1.098251e+00	 6.527684e+00	 
 2.156149e-01	 6.913255e-01	 1.328466e-05	 9.005254e-02	 1.100735e+00	 6.543553e+00	 
 2.156318e-01	 6.913674e-01	 1.349827e-05	 9.001188e-02	 1.090906e+00	 6.513284e+00	 
 2.156322e-01	 6.913305e-01	 1.340673e-05	 9.003484e-02	 1.149853e+00	 6.533451e+00	 
 2.156113e-01	 6.913238e-01	 1.331672e-05	 9.005658e-02	 1.098068e+00	 6.546057e+00	 
 2.156144e-01	 6.913130e-01	 1.398471e-05	 9.006067e-02	 1.187766e+00	 6.551438e+00	 
 2.041137e-01	 6.844669e-01	 4.588054e-04	 1.038728e-01	 4.646348e+01	 8.769493e+00	 
 2.041248e-01	 6.844589e-01	 4.545540e-04	 1.038693e-01	 4.611407e+01	 8.769089e+00	 
 2.040039e-01	 6.845430e-01	 5.008492e-04	 1.039095e-01	 4.991666e+01	 8.773302e+00	 
 2.042372e-01	 6.843605e-01	 4.738729e-04	 1.038330e-01	 4.832996e+01	 8.764785e+00	 
 2.040136e-01	 6.845538e-01	 4.466142e-04	 1.039048e-01	 4.495285e+01	 8.773384e+00	 
 2.040039e-01	 6.845430e-01	 5.008492e-04	 1.039095e-01	 4.991666e+01	 8.773302e+00	 
 2.050443e-01	 6.836467e-01	 4.038035e-04	 1.035803e-01	 3.743845e+01	 8.737667e+00	 
 2.042983e-01	 6.953547e-01	 7.076257e-04	 9.685259e-02	 6.507609e+01	 9.291458e+00	 
 2.051782e-01	 6.835282e-01	 4.188179e-04	 1.035378e-01	 3.905966e+01	 8.732770e+00	 
 2.042983e-01	 6.953547e-01	 7.076257e-04	 9.685259e-02	 6.507609e+01	 9.291458e+00	 
 2.050839e-01	 6.836106e-01	 4.032437e-04	 1.035679e-01	 3.717390e+01	 8.736398e+00	 
 2.049069e-01	 6.837650e-01	 4.161194e-04	 1.036239e-01	 3.905274e+01	 8.742080e+00	 
 2.156144e-01	 6.913130e-01	 1.398471e-05	 9.006067e-02	 1.187766e+00	 6.551438e+00	 
 2.156322e-01	 6.913305e-01	 1.340673e-05	 9.003484e-02	 1.149853e+00	 6.533451e+00	 
 2.156320e-01	 6.913635e-01	 1.353428e-05	 9.001413e-02	 1.093128e+00	 6.515527e+00	 
 2.156144e-01	 6.913130e-01	 1.398471e-05	 9.006067e-02	 1.187766e+00	 6.551438e+00	 
 2.156254e-01	 6.913456e-01	 1.339481e-05	 9.003096e-02	 1.098251e+00	 6.527684e+00	 
 2.156322e-01	 6.913305e-01	 1.340673e-05	 9.003484e-02	 1.149853e+00	 6.533451e+00	 
 3.531430e-01	 5.772562e-01	 4.072263e-04	 4.008905e-02	 1.484458e+01	 6.838702e+00	 
 3.534681e-01	 5.769028e-01	 4.053332e-04	 4.002362e-02	 1.452452e+01	 6.835724e+00	 
 3.521306e-01	 5.732201e-01	 4.347771e-04	 4.348929e-02	 1.692021e+01	 6.755702e+00	 
 3.522522e-01	 5.724242e-01	 4.206114e-04	 4.387773e-02	 1.602927e+01	 6.747660e+00	 
 3.536702e-01	 5.771541e-01	 4.184320e-04	 3.968980e-02	 1.513739e+01	 6.843254e+00	 
 3.519328e-01	 5.735175e-01	 4.419889e-04	 4.346871e-02	 1.661147e+01	 6.759782e+00	 
 3.588307e-01	 6.101345e-01	 3.336333e-04	 1.463128e-02	 7.392731e+00	 7.688258e+00	 
 3.596125e-01	 6.125340e-01	 3.538541e-04	 1.244420e-02	 7.382143e+00	 7.741567e+00	 
 3.587376e-01	 6.145756e-01	 3.469617e-04	 1.193558e-02	 7.027784e+00	 7.767814e+00	 
 3.598822e-01	 6.135840e-01	 3.337135e-04	 1.156145e-02	 6.792770e+00	 7.761936e+00	 
 3.585244e-01	 6.095975e-01	 3.146324e-04	 1.523435e-02	 6.511776e+00	 7.675874e+00	 
 3.590429e-01	 6.102024e-01	 3.212797e-04	 1.440270e-02	 6.560529e+00	 7.693239e+00	 
 2.156228e-01	 6.913213e-01	 1.329345e-05	 9.004844e-02	 1.111970e+00	 6.543210e+00	 
 2.156423e-01	 6.913823e-01	 1.363935e-05	 8.999353e-02	 1.091948e+00	 6.502333e+00	 
 2.156187e-01	 6.913236e-01	 1.333833e-05	 9.005053e-02	 1.125587e+00	 6.542898e+00	 
 2.156322e-01	 6.913305e-01	 1.340673e-05	 9.003484e-02	 1.149853e+00	 6.533451e+00	 
 2.156214e-01	 6.913479e-01	 1.339134e-05	 9.003285e-02	 1.092963e+00	 6.527687e+00	 
 2.156322e-01	 6.913305e-01	 1.340673e-05	 9.003484e-02	 1.149853e+00	 6.533451e+00	 
 2.156295e-01	 6.913435e-01	 1.339940e-05	 9.002884e-02	 1.104059e+00	 6.527525e+00	 
 2.156144e-01	 6.913130e-01	 1.398471e-05	 9.006067e-02	 1.187766e+00	 6.551438e+00	 
 2.156187e-01	 6.913236e-01	 1.333833e-05	 9.005053e-02	 1.125587e+00	 6.542898e+00	 
 2.156166e-01	 6.913462e-01	 1.341803e-05	 9.003818e-02	 1.137290e+00	 6.529110e+00	 
 2.156144e-01	 6.913130e-01	 1.398471e-05	 9.006067e-02	 1.187766e+00	 6.551438e+00	 
 2.156357e-01	 6.913690e-01	 1.346887e-05	 9.000762e-02	 1.094635e+00	 6.511035e+00	 
 2.156971e-01	 6.915563e-01	 1.437874e-05	 8.983755e-02	 9.696250e-01	 6.443923e+00	 
 2.156971e-01	 6.915563e-01	 1.437874e-05	 8.983755e-02	 9.696250e-01	 6.443923e+00	 
 2.157077e-01	 6.915722e-01	 1.437847e-05	 8.981866e-02	 9.745545e-01	 6.442626e+00	 
 2.157006e-01	 6.915439e-01	 1.434168e-05	 8.984242e-02	 1.005479e+00	 6.443459e+00	 
 2.157002e-01	 6.915699e-01	 1.444067e-05	 8.982630e-02	 9.666411e-01	 6.443366e+00	 
 2.157006e-01	 6.915439e-01	 1.434168e-05	 8.984242e-02	 1.005479e+00	 6.443459e+00	 
 2.156149e-01	 6.913255e-01	 1.328466e-05	 9.005254e-02	 1.100735e+00	 6.543553e+00	 
 2.156187e-01	 6.913236e-01	 1.333833e-05	 9.005053e-02	 1.125587e+00	 6.542898e+00	 
 2.156144e-01	 6.913130e-01	 1.398471e-05	 9.006067e-02	 1.187766e+00	 6.551438e+00	 
 2.156226e-01	 6.913250e-01	 1.326002e-05	 9.004632e-02	 1.109740e+00	 6.540874e+00	 
 2.156322e-01	 6.913305e-01	 1.340673e-05	 9.003484e-02	 1.149853e+00	 6.533451e+00	 
 2.156144e-01	 6.913130e-01	 1.398471e-05	 9.006067e-02	 1.187766e+00	 6.551438e+00	 
 2.156144e-01	 6.913130e-01	 1.398471e-05	 9.006067e-02	 1.187766e+00	 6.551438e+00	 
 2.156187e-01	 6.913236e-01	 1.333833e-05	 9.005053e-02	 1.125587e+00	 6.542898e+00	 
 2.156187e-01	 6.913236e-01	 1.333833e-05	 9.005053e-02	 1.125587e+00	 6.542898e+00	 
 2.156322e-01	 6.913305e-01	 1.340673e-05	 9.003484e-02	 1.149853e+00	 6.533451e+00	 
 2.156357e-01	 6.913690e-01	 1.346887e-05	 9.000762e-02	 1.094635e+00	 6.511035e+00	 
 2.156228e-01	 6.913213e-01	 1.329345e-05	 9.004844e-02	 1.111970e+00	 6.543210e+00	 
 2.156150e-01	 6.913216e-01	 1.331998e-05	 9.005479e-02	 1.103066e+00	 6.546042e+00	 
 2.156188e-01	 6.913233e-01	 1.328852e-05	 9.005060e-02	 1.106098e+00	 6.543461e+00	 
 2.156359e-01	 6.913651e-01	 1.350247e-05	 9.000980e-02	 1.096637e+00	 6.513210e+00	 
 2.156256e-01	 6.913418e-01	 1.343072e-05	 9.003318e-02	 1.100595e+00	 6.530016e+00	 
 2.156077e-01	 6.913262e-01	 1.331449e-05	 9.005814e-02	 1.093544e+00	 6.545915e+00	 
 2.156149e-01	 6.913255e-01	 1.328466e-05	 9.005254e-02	 1.100735e+00	 6.543553e+00	 
 2.156144e-01	 6.913130e-01	 1.398471e-05	 9.006067e-02	 1.187766e+00	 6.551438e+00	 
 2.156144e-01	 6.913130e-01	 1.398471e-05	 9.006067e-02	 1.187766e+00	 6.551438e+00	 
 2.156187e-01	 6.913236e-01	 1.333833e-05	 9.005053e-02	 1.125587e+00	 6.542898e+00	 
 2.156186e-01	 6.913271e-01	 1.325553e-05	 9.004841e-02	 1.103994e+00	 6.541045e+00	 
 2.156217e-01	 6.913440e-01	 1.342678e-05	 9.003514e-02	 1.095174e+00	 6.530099e+00	 
 2.156144e-01	 6.913130e-01	 1.398471e-05	 9.006067e-02	 1.187766e+00	 6.551438e+00	 
 2.156895e-01	 6.915152e-01	 1.505438e-05	 8.986974e-02	 1.089653e+00	 6.447838e+00	 
 2.157096e-01	 6.915360e-01	 1.520480e-05	 8.983967e-02	 1.111194e+00	 6.442783e+00	 
 2.156895e-01	 6.915152e-01	 1.505438e-05	 8.986974e-02	 1.089653e+00	 6.447838e+00	 
 2.156920e-01	 6.915541e-01	 1.521933e-05	 8.984327e-02	 1.096907e+00	 6.442517e+00	 
 2.157014e-01	 6.915520e-01	 1.524358e-05	 8.983644e-02	 1.057993e+00	 6.443519e+00	 
 2.156980e-01	 6.915279e-01	 1.494358e-05	 8.985448e-02	 1.059790e+00	 6.445571e+00	 
 2.156254e-01	 6.913456e-01	 1.339481e-05	 9.003096e-02	 1.098251e+00	 6.527684e+00	 
 2.156322e-01	 6.913305e-01	 1.340673e-05	 9.003484e-02	 1.149853e+00	 6.533451e+00	 
 2.156144e-01	 6.913130e-01	 1.398471e-05	 9.006067e-02	 1.187766e+00	 6.551438e+00	 
 2.156166e-01	 6.913462e-01	 1.341803e-05	 9.003818e-02	 1.137290e+00	 6.529110e+00	 
 2.156166e-01	 6.913462e-01	 1.341803e-05	 9.003818e-02	 1.137290e+00	 6.529110e+00	 
 2.156187e-01	 6.913236e-01	 1.333833e-05	 9.005053e-02	 1.125587e+00	 6.542898e+00	 
 2.156214e-01	 6.913479e-01	 1.339134e-05	 9.003285e-02	 1.092963e+00	 6.527687e+00	 
 2.156144e-01	 6.913130e-01	 1.398471e-05	 9.006067e-02	 1.187766e+00	 6.551438e+00	 
 2.156318e-01	 6.913674e-01	 1.349827e-05	 9.001188e-02	 1.090906e+00	 6.513284e+00	 
 2.156179e-01	 6.913463e-01	 1.342392e-05	 9.003688e-02	 1.090253e+00	 6.530027e+00	 
 2.156423e-01	 6.913823e-01	 1.363935e-05	 8.999353e-02	 1.091948e+00	 6.502333e+00	 
 2.156186e-01	 6.913271e-01	 1.325553e-05	 9.004841e-02	 1.103994e+00	 6.541045e+00	 
 2.157053e-01	 6.915519e-01	 1.438757e-05	 8.983333e-02	 9.808684e-01	 6.443469e+00	 
 2.156897e-01	 6.915316e-01	 1.421386e-05	 8.985932e-02	 9.748954e-01	 6.446446e+00	 
 2.156897e-01	 6.915190e-01	 1.421274e-05	 8.986727e-02	 1.005315e+00	 6.447450e+00	 
 2.157089e-01	 6.915388e-01	 1.434750e-05	 8.983869e-02	 1.025270e+00	 6.442836e+00	 
 2.157089e-01	 6.915388e-01	 1.434750e-05	 8.983869e-02	 1.025270e+00	 6.442836e+00	 
 2.157089e-01	 6.915388e-01	 1.434750e-05	 8.983869e-02	 1.025270e+00	 6.442836e+00	 
 2.156320e-01	 6.913635e-01	 1.353428e-05	 9.001413e-02	 1.093128e+00	 6.515527e+00	 
 2.156186e-01	 6.913271e-01	 1.325553e-05	 9.004841e-02	 1.103994e+00	 6.541045e+00	 
 2.156187e-01	 6.913236e-01	 1.333833e-05	 9.005053e-02	 1.125587e+00	 6.542898e+00	 
 2.156293e-01	 6.913472e-01	 1.336586e-05	 9.002669e-02	 1.101939e+00	 6.525263e+00	 
 2.156144e-01	 6.913130e-01	 1.398471e-05	 9.006067e-02	 1.187766e+00	 6.551438e+00	 
 2.156166e-01	 6.913462e-01	 1.341803e-05	 9.003818e-02	 1.137290e+00	 6.529110e+00	 
 2.156111e-01	 6.913278e-01	 1.328185e-05	 9.005425e-02	 1.095866e+00	 6.543485e+00	 
 2.156189e-01	 6.913196e-01	 1.332429e-05	 9.005280e-02	 1.108555e+00	 6.545869e+00	 
 2.156186e-01	 6.913271e-01	 1.325553e-05	 9.004841e-02	 1.103994e+00	 6.541045e+00	 
 2.156166e-01	 6.913462e-01	 1.341803e-05	 9.003818e-02	 1.137290e+00	 6.529110e+00	 
 2.156256e-01	 6.913418e-01	 1.343072e-05	 9.003318e-02	 1.100595e+00	 6.530016e+00	 
 2.156186e-01	 6.913271e-01	 1.325553e-05	 9.004841e-02	 1.103994e+00	 6.541045e+00	 
 2.156186e-01	 6.913271e-01	 1.325553e-05	 9.004841e-02	 1.103994e+00	 6.541045e+00	 
 2.156322e-01	 6.913305e-01	 1.340673e-05	 9.003484e-02	 1.149853e+00	 6.533451e+00	 
 2.156214e-01	 6.913479e-01	 1.339134e-05	 9.003285e-02	 1.092963e+00	 6.527687e+00	 
 2.156144e-01	 6.913130e-01	 1.398471e-05	 9.006067e-02	 1.187766e+00	 6.551438e+00	 
 2.156320e-01	 6.913635e-01	 1.353428e-05	 9.001413e-02	 1.093128e+00	 6.515527e+00	 
 2.156187e-01	 6.913236e-01	 1.333833e-05	 9.005053e-02	 1.125587e+00	 6.542898e+00	 
 2.156951e-01	 6.915428e-01	 1.442485e-05	 8.984769e-02	 9.929432e-01	 6.444600e+00	 
 2.156950e-01	 6.915300e-01	 1.513266e-05	 8.985576e-02	 1.082471e+00	 6.445311e+00	 
 2.156986e-01	 6.915571e-01	 1.449060e-05	 8.983580e-02	 9.896966e-01	 6.443424e+00	 
 2.157106e-01	 6.915392e-01	 1.445819e-05	 8.983704e-02	 1.046277e+00	 6.442324e+00	 
 2.156985e-01	 6.915477e-01	 1.434982e-05	 8.984179e-02	 9.946387e-01	 6.443607e+00	 
 2.156989e-01	 6.915343e-01	 1.425198e-05	 8.984994e-02	 1.002496e+00	 6.444527e+00	 
 2.156187e-01	 6.913236e-01	 1.333833e-05	 9.005053e-02	 1.125587e+00	 6.542898e+00	 
 2.156256e-01	 6.913418e-01	 1.343072e-05	 9.003318e-02	 1.100595e+00	 6.530016e+00	 
 2.156166e-01	 6.913462e-01	 1.341803e-05	 9.003818e-02	 1.137290e+00	 6.529110e+00	 
 2.156187e-01	 6.913236e-01	 1.333833e-05	 9.005053e-02	 1.125587e+00	 6.542898e+00	 
 2.156322e-01	 6.913305e-01	 1.340673e-05	 9.003484e-02	 1.149853e+00	 6.533451e+00	 
 2.156254e-01	 6.913456e-01	 1.339481e-05	 9.003096e-02	 1.098251e+00	 6.527684e+00	 
 