3.008777e-01	 6.210050e-01	 4.291282e-03	 5.598000e-02	 2.056724e+02	 6.782544e+00	 
 2.717137e-01	 6.404422e-01	 3.623813e-03	 7.022679e-02	 1.209653e+02	 6.809760e+00	 
 2.642019e-01	 6.443527e-01	 2.922606e-03	 7.474568e-02	 9.419751e+01	 6.824161e+00	 
 2.609677e-01	 6.462206e-01	 2.687395e-03	 7.655392e-02	 8.343209e+01	 6.831564e+00	 
 2.593839e-01	 6.471917e-01	 2.579276e-03	 7.740193e-02	 7.821974e+01	 6.835317e+00	 
 2.585905e-01	 6.476955e-01	 2.525373e-03	 7.781596e-02	 7.560176e+01	 6.837206e+00	 
 2.581921e-01	 6.479534e-01	 2.498147e-03	 7.802086e-02	 7.428231e+01	 6.838154e+00	 
 2.581821e-01	 6.479599e-01	 2.497460e-03	 7.802599e-02	 7.424908e+01	 6.838178e+00	 
 2.580847e-01	 6.480234e-01	 2.490778e-03	 7.807572e-02	 7.392597e+01	 6.838410e+00	 
 2.580707e-01	 6.480326e-01	 2.489814e-03	 7.808288e-02	 7.387937e+01	 6.838443e+00	 
 4.256863e-01	 5.087876e-01	 8.069461e-03	 1.900121e-02	 2.187932e+01	 6.787804e+00	 
 