8.834135e+02	 8.834135e+02	 8.834135e+02	 2.693484e-05	 2.693484e-05	 2.693484e-05	 
 8.834135e+02	 8.834135e+02	 8.834135e+02	 2.693484e-05	 2.693484e-05	 2.693484e-05	 
 8.834135e+02	 8.834135e+02	 8.834135e+02	 2.693484e-05	 2.693484e-05	 2.693484e-05	 
 8.834135e+02	 8.834135e+02	 8.834135e+02	 2.693484e-05	 2.693484e-05	 2.693484e-05	 
 8.834135e+02	 8.834135e+02	 8.834135e+02	 2.693484e-05	 2.693484e-05	 2.693484e-05	 
 8.834135e+02	 8.834135e+02	 8.834135e+02	 2.693484e-05	 2.693484e-05	 2.693484e-05	 
 8.834135e+02	 8.834135e+02	 8.834135e+02	 2.693484e-05	 2.693484e-05	 2.693484e-05	 
 8.834135e+02	 8.834135e+02	 8.834135e+02	 2.693484e-05	 2.693484e-05	 2.693484e-05	 
 8.834135e+02	 8.834135e+02	 8.834135e+02	 2.693484e-05	 2.693484e-05	 2.693484e-05	 
 8.834135e+02	 8.834135e+02	 8.834135e+02	 2.693484e-05	 2.693484e-05	 2.693484e-05	 
 8.834135e+02	 8.834135e+02	 8.834135e+02	 2.693484e-05	 2.693484e-05	 2.693484e-05	 
 8.834135e+02	 8.834135e+02	 8.834135e+02	 2.693484e-05	 2.693484e-05	 2.693484e-05	 
 8.834135e+02	 8.834135e+02	 8.834135e+02	 2.693484e-05	 2.693484e-05	 2.693484e-05	 
 8.834135e+02	 8.834135e+02	 8.834135e+02	 2.693484e-05	 2.693484e-05	 2.693484e-05	 
 8.834135e+02	 8.834135e+02	 8.834135e+02	 2.693484e-05	 2.693484e-05	 2.693484e-05	 
 8.834135e+02	 8.834135e+02	 8.834135e+02	 2.693484e-05	 2.693484e-05	 2.693484e-05	 
 8.834135e+02	 8.834135e+02	 8.834135e+02	 2.693484e-05	 2.693484e-05	 2.693484e-05	 
 8.834135e+02	 8.834135e+02	 8.834135e+02	 2.693484e-05	 2.693484e-05	 2.693484e-05	 
 8.834135e+02	 8.834135e+02	 8.834135e+02	 2.693484e-05	 2.693484e-05	 2.693484e-05	 
 8.834135e+02	 8.834135e+02	 8.834135e+02	 2.693484e-05	 2.693484e-05	 2.693484e-05	 
 5.099316e+02	 6.213119e+02	 5.043625e+02	 2.693484e-05	 4.660797e-08	 2.693484e-05	 
 5.099316e+02	 5.099316e+02	 5.099316e+02	 2.693484e-05	 2.693484e-05	 2.693484e-05	 
 5.099316e+02	 5.099316e+02	 5.099316e+02	 2.693484e-05	 2.693484e-05	 2.693484e-05	 
 5.099316e+02	 5.099316e+02	 5.099316e+02	 2.693484e-05	 2.693484e-05	 2.693484e-05	 
 5.099316e+02	 5.099316e+02	 5.099316e+02	 2.693484e-05	 2.693484e-05	 2.693484e-05	 
 5.099316e+02	 5.099316e+02	 5.099316e+02	 2.693484e-05	 2.693484e-05	 2.693484e-05	 
 5.099316e+02	 5.099316e+02	 5.099316e+02	 2.693484e-05	 2.693484e-05	 2.693484e-05	 
 5.099316e+02	 5.099316e+02	 5.099316e+02	 2.693484e-05	 2.693484e-05	 2.693484e-05	 
 5.099316e+02	 5.099316e+02	 5.099316e+02	 2.693484e-05	 2.693484e-05	 2.693484e-05	 
 5.099316e+02	 5.099316e+02	 5.099316e+02	 2.693484e-05	 2.693484e-05	 2.693484e-05	 
 5.099316e+02	 5.099316e+02	 5.099316e+02	 2.693484e-05	 2.693484e-05	 2.693484e-05	 
 5.099316e+02	 5.099316e+02	 5.099316e+02	 2.693484e-05	 2.693484e-05	 2.693484e-05	 
 5.099316e+02	 5.099316e+02	 5.099316e+02	 2.693484e-05	 2.693484e-05	 2.693484e-05	 
 5.099316e+02	 5.099316e+02	 5.099316e+02	 2.693484e-05	 2.693484e-05	 2.693484e-05	 
 5.099316e+02	 5.099316e+02	 5.099316e+02	 2.693484e-05	 2.693484e-05	 2.693484e-05	 
 5.099316e+02	 5.099316e+02	 5.099316e+02	 2.693484e-05	 2.693484e-05	 2.693484e-05	 
 5.099316e+02	 5.099316e+02	 5.099316e+02	 2.693484e-05	 2.693484e-05	 2.693484e-05	 
 5.099316e+02	 5.099316e+02	 5.099316e+02	 2.693484e-05	 2.693484e-05	 2.693484e-05	 
 5.099316e+02	 5.099316e+02	 5.099316e+02	 2.693484e-05	 2.693484e-05	 2.693484e-05	 
 5.099316e+02	 5.099316e+02	 5.099316e+02	 2.693484e-05	 2.693484e-05	 2.693484e-05	 
 5.099316e+02	 5.099316e+02	 5.099316e+02	 2.693484e-05	 2.693484e-05	 2.693484e-05	 
 5.099316e+02	 6.213119e+02	 5.043625e+02	 2.693484e-05	 4.660797e-08	 2.693484e-05	 
 5.095594e+02	 5.353373e+02	 5.082705e+02	 2.693484e-05	 3.719943e-04	 2.693484e-05	 
 5.095594e+02	 5.353373e+02	 5.069817e+02	 2.693484e-05	 3.719943e-04	 2.693484e-05	 
 5.095594e+02	 5.353373e+02	 5.056928e+02	 2.693484e-05	 3.719943e-04	 2.693484e-05	 
 5.095594e+02	 5.353373e+02	 5.044039e+02	 2.693484e-05	 3.719943e-04	 2.693484e-05	 
 5.095594e+02	 5.353373e+02	 5.031150e+02	 2.693484e-05	 3.719943e-04	 2.693484e-05	 
 