s	 e	 integralPartic	 alturaRetang	 metadePartic	 maximaPartic	 minimoPArtic	 alturaPartic	 p	 comparativoMet
38	 59	 4.343332e+04	 1.974242e+03	 2.280448e+03	 4.559944e+03	 9.532113e-01	 8.657252e-01	 0	 1.155101e+00	 
 47	 59	 4.780680e+03	 3.677447e+02	 1.108509e+03	 2.214607e+03	 2.410512e+00	 7.325295e-01	 0	 3.014343e+00	 
 38	 59	 4.343332e+04	 1.974242e+03	 2.280448e+03	 4.559944e+03	 9.532113e-01	 8.657252e-01	 0	 1.155101e+00	 
 5	 34	 5.252379e+04	 1.750793e+03	 1.343933e+03	 2.680601e+03	 7.265179e+00	 1.338199e+00	 1	 7.676139e-01	 
 5	 54	 4.418134e+03	 8.836267e+01	 4.817035e+02	 9.631557e+02	 2.513338e-01	 9.799067e-02	 0	 5.451437e+00	 
 11	 36	 1.455443e-01	 5.597858e-03	 8.080655e+02	 1.616128e+03	 3.447595e-03	 1.815920e+00	 0	 1.443526e+05	 
 41	 53	 1.389184e+04	 1.068603e+03	 9.884203e+02	 1.976630e+03	 2.106618e-01	 1.081122e+00	 1	 9.249646e-01	 
 5	 54	 4.418134e+03	 8.836267e+01	 4.817035e+02	 9.631557e+02	 2.513338e-01	 9.799067e-02	 0	 5.451437e+00	 
 41	 53	 1.389184e+04	 1.068603e+03	 9.884203e+02	 1.976630e+03	 2.106618e-01	 1.081122e+00	 1	 9.249646e-01	 
 5	 54	 4.650006e+03	 9.300011e+01	 4.817035e+02	 9.631557e+02	 2.513338e-01	 9.799067e-02	 0	 5.179601e+00	 
 