6.119954e-03	 1.099853e-02	 1.073294e+00	 4.381627e-02	 3.615260e+02	 9.559022e+00	 
 6.069712e-03	 1.080369e-02	 1.079007e+00	 4.043036e-02	 3.582482e+02	 9.557792e+00	 
 6.119954e-03	 1.099853e-02	 1.073294e+00	 4.381627e-02	 3.615260e+02	 9.559022e+00	 
 6.114139e-03	 3.581312e-02	 1.051069e+00	 4.202461e-02	 3.611039e+02	 9.567965e+00	 
 6.549145e-03	 8.057702e-02	 1.008622e+00	 4.020249e-02	 3.885337e+02	 9.584402e+00	 
 6.334336e-03	 1.060198e-02	 1.084930e+00	 3.692012e-02	 3.769827e+02	 9.556239e+00	 
 4.395863e-02	 6.774759e-01	 1.610193e-01	 1.744140e-01	 3.447351e+03	 8.354012e+00	 
 4.395863e-02	 6.774759e-01	 1.610193e-01	 1.744140e-01	 3.447351e+03	 8.354012e+00	 
 4.627897e-02	 6.774611e-01	 1.611745e-01	 1.743263e-01	 3.677894e+03	 8.353172e+00	 
 4.688069e-02	 6.924620e-01	 1.439163e-01	 1.753374e-01	 3.712420e+03	 8.339668e+00	 
 4.395863e-02	 6.774759e-01	 1.610193e-01	 1.744140e-01	 3.447351e+03	 8.354012e+00	 
 4.376188e-02	 6.515446e-01	 1.901198e-01	 1.728609e-01	 3.441352e+03	 8.376936e+00	 
 4.048889e-02	 7.682457e-01	 2.037060e-01	 9.319382e-02	 4.772613e+03	 9.909993e+00	 
 4.018585e-02	 9.128381e-01	 2.600330e-02	 1.119145e-01	 4.784554e+03	 9.752391e+00	 
 4.048889e-02	 7.682457e-01	 2.037060e-01	 9.319382e-02	 4.772613e+03	 9.909993e+00	 
 3.695019e-02	 8.462526e-01	 8.576947e-02	 1.174280e-01	 4.394827e+03	 9.813150e+00	 
 3.884587e-02	 9.049103e-01	 3.877113e-02	 1.094188e-01	 4.653309e+03	 9.763329e+00	 
 5.498359e-02	 6.064881e-01	 4.448198e-01	 4.402251e-02	 6.415332e+03	 1.008365e+01	 
 5.119302e-02	 4.114444e-01	 4.765553e-01	 1.498002e-01	 4.133712e+03	 1.221556e+01	 
 4.874490e-02	 1.678194e-01	 7.625664e-01	 1.262397e-01	 3.946566e+03	 1.217559e+01	 
 5.119302e-02	 4.114444e-01	 4.765553e-01	 1.498002e-01	 4.133712e+03	 1.221556e+01	 
 5.119302e-02	 4.114444e-01	 4.765553e-01	 1.498002e-01	 4.133712e+03	 1.221556e+01	 
 5.824988e-02	 7.881708e-01	 3.349858e-02	 1.858550e-01	 4.626815e+03	 1.227498e+01	 
 4.779807e-02	 6.609183e-03	 9.508321e-01	 1.110838e-01	 3.865175e+03	 1.214845e+01	 
 3.981722e-02	 7.803109e-01	 1.860197e-01	 9.611905e-02	 4.613937e+03	 9.897053e+00	 
 5.791708e-02	 6.058044e-01	 4.458671e-01	 4.380235e-02	 6.838330e+03	 1.008375e+01	 
 4.313141e-02	 7.853581e-01	 1.763679e-01	 9.873657e-02	 5.069470e+03	 9.889125e+00	 
 5.498359e-02	 6.064881e-01	 4.448198e-01	 4.402251e-02	 6.415332e+03	 1.008365e+01	 
 5.498359e-02	 6.064881e-01	 4.448198e-01	 4.402251e-02	 6.415332e+03	 1.008365e+01	 
 5.791708e-02	 6.058044e-01	 4.458671e-01	 4.380235e-02	 6.838330e+03	 1.008375e+01	 
 6.245388e-02	 7.817880e-01	 2.448509e-01	 5.663431e-02	 7.460558e+03	 9.931331e+00	 
 4.229467e-02	 9.104710e-01	 3.567543e-02	 1.069955e-01	 5.008926e+03	 9.760379e+00	 
 4.926335e-02	 8.778581e-01	 8.892486e-02	 9.386037e-02	 5.860488e+03	 9.806681e+00	 
 6.100928e-02	 6.050839e-01	 4.469708e-01	 4.357036e-02	 7.284219e+03	 1.008396e+01	 
 5.418093e-02	 6.517318e-01	 3.776935e-01	 5.676448e-02	 6.286388e+03	 1.003886e+01	 
 5.791708e-02	 6.058044e-01	 4.458671e-01	 4.380235e-02	 6.838330e+03	 1.008375e+01	 
 6.830041e-03	 7.971385e-02	 1.015660e+00	 3.641966e-02	 4.084541e+02	 9.582542e+00	 
 6.334336e-03	 1.060198e-02	 1.084930e+00	 3.692012e-02	 3.769827e+02	 9.556239e+00	 
 6.830041e-03	 7.971385e-02	 1.015660e+00	 3.641966e-02	 4.084541e+02	 9.582542e+00	 
 7.663228e-03	 4.968030e-01	 5.513691e-01	 6.185520e-02	 4.511327e+02	 9.741638e+00	 
 6.334336e-03	 1.060198e-02	 1.084930e+00	 3.692012e-02	 3.769827e+02	 9.556239e+00	 
 6.334336e-03	 1.060198e-02	 1.084930e+00	 3.692012e-02	 3.769827e+02	 9.556239e+00	 
 6.380299e-03	 3.539380e-02	 1.057277e+00	 3.847512e-02	 3.799501e+02	 9.566326e+00	 
 6.830041e-03	 7.971385e-02	 1.015660e+00	 3.641966e-02	 4.084541e+02	 9.582542e+00	 
 6.334336e-03	 1.060198e-02	 1.084930e+00	 3.692012e-02	 3.769827e+02	 9.556239e+00	 
 6.779300e-03	 4.662571e-02	 1.052502e+00	 3.426051e-02	 3.954116e+02	 9.570273e+00	 
 6.389075e-03	 1.080374e-02	 1.079017e+00	 4.042459e-02	 3.805669e+02	 9.557511e+00	 
 6.389075e-03	 1.080374e-02	 1.079017e+00	 4.042459e-02	 3.805669e+02	 9.557511e+00	 
 6.314973e-02	 5.685065e-01	 4.948812e-01	 3.599355e-02	 7.404364e+03	 1.011706e+01	 
 4.015977e-02	 9.108198e-01	 3.511274e-02	 1.071254e-01	 4.700872e+03	 9.760449e+00	 
 4.850669e-02	 6.807184e-01	 3.343005e-01	 6.627003e-02	 5.646032e+03	 1.000815e+01	 
 5.974530e-02	 5.580378e-01	 5.173444e-01	 2.853314e-02	 6.870305e+03	 1.013126e+01	 
 6.235851e-02	 5.292721e-01	 5.631015e-01	 1.916518e-02	 7.361919e+03	 1.015759e+01	 
 5.250811e-02	 6.402382e-01	 3.949118e-01	 5.328659e-02	 6.024099e+03	 1.005123e+01	 
 4.708892e-02	 7.017919e-01	 3.032309e-01	 7.182273e-02	 5.390466e+03	 9.986843e+00	 
 4.288411e-02	 7.495535e-01	 2.320925e-01	 8.620558e-02	 4.898820e+03	 9.933886e+00	 
 4.708892e-02	 7.017919e-01	 3.032309e-01	 7.182273e-02	 5.390466e+03	 9.986843e+00	 
 4.708892e-02	 7.017919e-01	 3.032309e-01	 7.182273e-02	 5.390466e+03	 9.986843e+00	 
 6.541190e-02	 5.232149e-01	 5.657814e-01	 1.978648e-02	 7.543015e+03	 1.016175e+01	 
 5.530785e-02	 6.396068e-01	 3.958801e-01	 5.308225e-02	 6.427792e+03	 1.005120e+01	 
 