6.069712e-03	 1.080369e-02	 1.079007e+00	 4.043036e-02	 9.557792e+00	 
 6.069712e-03	 1.080369e-02	 1.079007e+00	 4.043036e-02	 9.557792e+00	 
 6.069712e-03	 1.080369e-02	 1.079007e+00	 4.043036e-02	 9.557792e+00	 
 6.069712e-03	 1.080369e-02	 1.079007e+00	 4.043036e-02	 9.557792e+00	 
 6.069712e-03	 1.080369e-02	 1.079007e+00	 4.043036e-02	 9.557792e+00	 
 6.069712e-03	 1.080369e-02	 1.079007e+00	 4.043036e-02	 9.557792e+00	 
 4.395863e-02	 6.774759e-01	 1.610193e-01	 1.744140e-01	 8.354012e+00	 
 4.395863e-02	 6.774759e-01	 1.610193e-01	 1.744140e-01	 8.354012e+00	 
 4.395863e-02	 6.774759e-01	 1.610193e-01	 1.744140e-01	 8.354012e+00	 
 4.395863e-02	 6.774759e-01	 1.610193e-01	 1.744140e-01	 8.354012e+00	 
 4.395863e-02	 6.774759e-01	 1.610193e-01	 1.744140e-01	 8.354012e+00	 
 4.395863e-02	 6.774759e-01	 1.610193e-01	 1.744140e-01	 8.354012e+00	 
 4.490450e-02	 7.171606e-01	 2.797352e-01	 7.795833e-02	 9.967709e+00	 
 4.490450e-02	 7.171606e-01	 2.797352e-01	 7.795833e-02	 9.967709e+00	 
 4.490450e-02	 7.171606e-01	 2.797352e-01	 7.795833e-02	 9.967709e+00	 
 4.490450e-02	 7.171606e-01	 2.797352e-01	 7.795833e-02	 9.967709e+00	 
 4.490450e-02	 7.171606e-01	 2.797352e-01	 7.795833e-02	 9.967709e+00	 
 4.490450e-02	 7.171606e-01	 2.797352e-01	 7.795833e-02	 9.967709e+00	 
 5.119302e-02	 4.114444e-01	 4.765553e-01	 1.498002e-01	 1.221556e+01	 
 5.119302e-02	 4.114444e-01	 4.765553e-01	 1.498002e-01	 1.221556e+01	 
 5.119302e-02	 4.114444e-01	 4.765553e-01	 1.498002e-01	 1.221556e+01	 
 5.119302e-02	 4.114444e-01	 4.765553e-01	 1.498002e-01	 1.221556e+01	 
 5.119302e-02	 4.114444e-01	 4.765553e-01	 1.498002e-01	 1.221556e+01	 
 5.119302e-02	 4.114444e-01	 4.765553e-01	 1.498002e-01	 1.221556e+01	 
 5.498359e-02	 6.064881e-01	 4.448198e-01	 4.402251e-02	 1.008365e+01	 
 5.498359e-02	 6.064881e-01	 4.448198e-01	 4.402251e-02	 1.008365e+01	 
 5.498359e-02	 6.064881e-01	 4.448198e-01	 4.402251e-02	 1.008365e+01	 
 5.498359e-02	 6.064881e-01	 4.448198e-01	 4.402251e-02	 1.008365e+01	 
 5.498359e-02	 6.064881e-01	 4.448198e-01	 4.402251e-02	 1.008365e+01	 
 5.498359e-02	 6.064881e-01	 4.448198e-01	 4.402251e-02	 1.008365e+01	 
 5.791708e-02	 6.058044e-01	 4.458671e-01	 4.380235e-02	 1.008375e+01	 
 5.791708e-02	 6.058044e-01	 4.458671e-01	 4.380235e-02	 1.008375e+01	 
 5.791708e-02	 6.058044e-01	 4.458671e-01	 4.380235e-02	 1.008375e+01	 
 5.791708e-02	 6.058044e-01	 4.458671e-01	 4.380235e-02	 1.008375e+01	 
 5.791708e-02	 6.058044e-01	 4.458671e-01	 4.380235e-02	 1.008375e+01	 
 5.791708e-02	 6.058044e-01	 4.458671e-01	 4.380235e-02	 1.008375e+01	 
 6.334336e-03	 1.060198e-02	 1.084930e+00	 3.692012e-02	 9.556239e+00	 
 6.334336e-03	 1.060198e-02	 1.084930e+00	 3.692012e-02	 9.556239e+00	 
 6.334336e-03	 1.060198e-02	 1.084930e+00	 3.692012e-02	 9.556239e+00	 
 6.334336e-03	 1.060198e-02	 1.084930e+00	 3.692012e-02	 9.556239e+00	 
 6.334336e-03	 1.060198e-02	 1.084930e+00	 3.692012e-02	 9.556239e+00	 
 6.334336e-03	 1.060198e-02	 1.084930e+00	 3.692012e-02	 9.556239e+00	 
 6.334336e-03	 1.060198e-02	 1.084930e+00	 3.692012e-02	 9.556239e+00	 
 6.334336e-03	 1.060198e-02	 1.084930e+00	 3.692012e-02	 9.556239e+00	 
 6.334336e-03	 1.060198e-02	 1.084930e+00	 3.692012e-02	 9.556239e+00	 
 6.334336e-03	 1.060198e-02	 1.084930e+00	 3.692012e-02	 9.556239e+00	 
 6.334336e-03	 1.060198e-02	 1.084930e+00	 3.692012e-02	 9.556239e+00	 
 6.334336e-03	 1.060198e-02	 1.084930e+00	 3.692012e-02	 9.556239e+00	 
 5.498359e-02	 6.064881e-01	 4.448198e-01	 4.402251e-02	 1.008365e+01	 
 5.498359e-02	 6.064881e-01	 4.448198e-01	 4.402251e-02	 1.008365e+01	 
 5.498359e-02	 6.064881e-01	 4.448198e-01	 4.402251e-02	 1.008365e+01	 
 5.498359e-02	 6.064881e-01	 4.448198e-01	 4.402251e-02	 1.008365e+01	 
 5.498359e-02	 6.064881e-01	 4.448198e-01	 4.402251e-02	 1.008365e+01	 
 5.498359e-02	 6.064881e-01	 4.448198e-01	 4.402251e-02	 1.008365e+01	 
 5.250811e-02	 6.402382e-01	 3.949118e-01	 5.328659e-02	 1.005123e+01	 
 5.250811e-02	 6.402382e-01	 3.949118e-01	 5.328659e-02	 1.005123e+01	 
 5.250811e-02	 6.402382e-01	 3.949118e-01	 5.328659e-02	 1.005123e+01	 
 5.250811e-02	 6.402382e-01	 3.949118e-01	 5.328659e-02	 1.005123e+01	 
 5.250811e-02	 6.402382e-01	 3.949118e-01	 5.328659e-02	 1.005123e+01	 
 5.250811e-02	 6.402382e-01	 3.949118e-01	 5.328659e-02	 1.005123e+01	 
 