1.880477e-03	 4.409916e-01	 4.149100e-01	 1.812814e-01	 1.190749e+03	 9.170112e+00	 
 4.257938e-04	 4.407469e-01	 4.123823e-01	 1.830964e-01	 1.175484e+03	 9.159979e+00	 
 7.657668e-03	 4.884409e-01	 4.380404e-01	 1.368737e-01	 8.396760e+00	 9.578810e+00	 
 8.141235e-03	 4.796652e-01	 4.286444e-01	 1.479937e-01	 4.479941e+00	 9.582929e+00	 
 8.228296e-03	 4.747092e-01	 4.235444e-01	 1.542069e-01	 4.425611e+00	 9.585067e+00	 
 8.272504e-03	 4.721792e-01	 4.209666e-01	 1.573630e-01	 4.397893e+00	 9.586156e+00	 
 8.294781e-03	 4.709008e-01	 4.196706e-01	 1.589536e-01	 4.383892e+00	 9.586706e+00	 
 8.305964e-03	 4.702582e-01	 4.190208e-01	 1.597522e-01	 4.376856e+00	 9.586982e+00	 
 8.311567e-03	 4.699360e-01	 4.186955e-01	 1.601523e-01	 4.373328e+00	 9.587121e+00	 
 8.314371e-03	 4.697747e-01	 4.185326e-01	 1.603526e-01	 4.371562e+00	 9.587190e+00	 
 5.167735e-02	 4.672241e-01	 4.113822e-01	 1.550219e-01	 1.331384e+00	 1.221556e+01	 
 