7.280594e-02	 -1.376898e+01	 6.086464e+00	 4.937541e+00	 4.742273e+04	 6.114050e+04	 1.371777e+04	 0	 4.173716e+03	 3.712054e+00	 3.688530e+00	 1.400146e+03	 1.349132e+03	 
 -2.440903e-03	 1.154476e+00	 6.115485e-02	 -3.720143e-02	 1.085356e+05	 1.079892e+05	 5.463817e+02	 0	 6.144088e+02	 1.761066e-01	 1.029260e+03	 1.318620e+03	 1.484166e+03	 
 -3.525192e-04	 2.935253e-01	 2.982595e-01	 3.380448e-01	 5.501175e+04	 5.479910e+04	 2.126498e+02	 0	 2.965511e+03	 7.068690e-02	 7.073852e-02	 3.115366e+02	 1.896485e+02	 
 -4.238671e-05	 1.592798e-01	 4.820689e-01	 3.124826e-01	 9.840738e+04	 9.837130e+04	 3.607831e+01	 0	 1.287437e+03	 4.623868e-02	 4.638318e-02	 2.093206e+03	 5.395487e+02	 
 -3.134195e-04	 4.234776e-01	 3.040916e-01	 2.586569e-01	 5.673186e+04	 5.646660e+04	 2.652630e+02	 0	 1.271089e+03	 1.410360e-02	 1.433241e-02	 2.177870e+02	 6.238641e+02	 
 -2.017992e-03	 7.308180e-01	 1.113205e-01	 1.751490e-01	 1.141831e+05	 1.136439e+05	 5.391771e+02	 0	 1.487169e+02	 1.527263e-02	 3.404335e+02	 6.313648e+02	 1.520238e+03	 
 -9.634101e-05	 3.064559e-01	 2.267551e-01	 3.778118e-01	 1.403236e+05	 1.402758e+05	 4.783766e+01	 0	 8.865284e+02	 8.917149e-02	 8.928551e-02	 1.026601e+03	 3.034122e+01	 
 -5.544015e-03	 6.129275e-01	 2.937964e-01	 1.474172e-01	 1.036366e+05	 1.024096e+05	 1.227031e+03	 0	 3.278017e+02	 4.860729e-02	 1.083996e+03	 8.759607e+02	 1.060624e+03	 
 -5.556117e-04	 4.352165e-01	 1.989316e-01	 3.185565e-01	 6.954446e+04	 6.914650e+04	 3.979595e+02	 0	 1.564937e+03	 4.786271e-02	 4.802331e-02	 1.405657e+03	 3.651765e+02	 
 1.451267e-04	 4.019495e-01	 5.636725e-01	 8.615937e-02	 4.745425e+04	 4.747060e+04	 1.635402e+01	 1	 3.799966e+02	 5.202446e-02	 4.693095e+01	 2.326406e+02	 4.780508e+02	 
 1.449189e-04	 4.023614e-01	 5.664510e-01	 8.418450e-02	 4.746265e+04	 4.747060e+04	 7.951067e+00	 1	 2.825161e+02	 5.323558e-02	 4.798884e+01	 2.725856e+02	 3.555659e+02	 
 -2.440903e-03	 1.154476e+00	 6.115485e-02	 -3.720143e-02	 1.085356e+05	 1.079892e+05	 5.463817e+02	 0	 6.144088e+02	 1.761066e-01	 1.029260e+03	 1.318620e+03	 1.484166e+03	 
 -2.440903e-03	 1.154476e+00	 6.115485e-02	 -3.720143e-02	 1.085356e+05	 1.079892e+05	 5.463817e+02	 0	 6.144088e+02	 1.761066e-01	 1.029260e+03	 1.318620e+03	 1.484166e+03	 
 1.449189e-04	 4.023614e-01	 5.664510e-01	 8.418450e-02	 4.746265e+04	 4.747060e+04	 7.951067e+00	 1	 2.825161e+02	 5.323558e-02	 4.798884e+01	 2.725856e+02	 3.555659e+02	 
 1.073611e-02	 1.757129e-01	 8.591157e-01	 4.578025e-02	 1.366276e+05	 1.402758e+05	 3.648216e+03	 1	 2.286768e+04	 9.292976e-02	 1.482246e+02	 5.336624e+02	 1.794569e+03	 
 1.073611e-02	 1.757129e-01	 8.591157e-01	 4.578025e-02	 1.366276e+05	 1.402758e+05	 3.648216e+03	 1	 2.286768e+04	 9.292976e-02	 1.482246e+02	 5.336624e+02	 1.794569e+03	 
 1.449189e-04	 4.023614e-01	 5.664510e-01	 8.418450e-02	 4.746265e+04	 4.747060e+04	 7.951067e+00	 1	 2.825161e+02	 5.323558e-02	 4.798884e+01	 2.725856e+02	 3.555659e+02	 
 -2.440903e-03	 1.154476e+00	 6.115485e-02	 -3.720143e-02	 1.085356e+05	 1.079892e+05	 5.463817e+02	 0	 6.144088e+02	 1.761066e-01	 1.029260e+03	 1.318620e+03	 1.484166e+03	 
 -2.440903e-03	 1.154476e+00	 6.115485e-02	 -3.720143e-02	 1.085356e+05	 1.079892e+05	 5.463817e+02	 0	 6.144088e+02	 1.761066e-01	 1.029260e+03	 1.318620e+03	 1.484166e+03	 
 1.449189e-04	 4.023614e-01	 5.664510e-01	 8.418450e-02	 4.746265e+04	 4.747060e+04	 7.951067e+00	 1	 2.825161e+02	 5.323558e-02	 4.798884e+01	 2.725856e+02	 3.555659e+02	 
 1.449189e-04	 4.023614e-01	 5.664510e-01	 8.418450e-02	 4.746265e+04	 4.747060e+04	 7.951067e+00	 1	 2.825161e+02	 5.323558e-02	 4.798884e+01	 2.725856e+02	 3.555659e+02	 
 5.896597e-04	 3.880679e-01	 5.642020e-01	 9.484426e-02	 4.746717e+04	 4.747060e+04	 3.434310e+00	 1	 2.800426e+02	 4.781392e-02	 4.324120e+01	 1.552395e+02	 2.108990e+02	 
 1.449189e-04	 4.023614e-01	 5.664510e-01	 8.418450e-02	 4.746265e+04	 4.747060e+04	 7.951067e+00	 1	 2.825161e+02	 5.323558e-02	 4.798884e+01	 2.725856e+02	 3.555659e+02	 
 1.073611e-02	 1.757129e-01	 8.591157e-01	 4.578025e-02	 1.366276e+05	 1.402758e+05	 3.648216e+03	 1	 2.286768e+04	 9.292976e-02	 1.482246e+02	 5.336624e+02	 1.794569e+03	 
 1.073611e-02	 1.757129e-01	 8.591157e-01	 4.578025e-02	 1.366276e+05	 1.402758e+05	 3.648216e+03	 1	 2.286768e+04	 9.292976e-02	 1.482246e+02	 5.336624e+02	 1.794569e+03	 
 1.449189e-04	 4.023614e-01	 5.664510e-01	 8.418450e-02	 4.746265e+04	 4.747060e+04	 7.951067e+00	 1	 2.825161e+02	 5.323558e-02	 4.798884e+01	 2.725856e+02	 3.555659e+02	 
 -3.134195e-04	 4.234776e-01	 3.040916e-01	 2.586569e-01	 5.673186e+04	 5.646660e+04	 2.652630e+02	 0	 1.271089e+03	 1.410360e-02	 1.433241e-02	 2.177870e+02	 6.238641e+02	 
 -3.134195e-04	 4.234776e-01	 3.040916e-01	 2.586569e-01	 5.673186e+04	 5.646660e+04	 2.652630e+02	 0	 1.271089e+03	 1.410360e-02	 1.433241e-02	 2.177870e+02	 6.238641e+02	 
 1.449189e-04	 4.023614e-01	 5.664510e-01	 8.418450e-02	 4.746265e+04	 4.747060e+04	 7.951067e+00	 1	 2.825161e+02	 5.323558e-02	 4.798884e+01	 2.725856e+02	 3.555659e+02	 
 1.073611e-02	 1.757129e-01	 8.591157e-01	 4.578025e-02	 1.366276e+05	 1.402758e+05	 3.648216e+03	 1	 2.286768e+04	 9.292976e-02	 1.482246e+02	 5.336624e+02	 1.794569e+03	 
 1.073611e-02	 1.757129e-01	 8.591157e-01	 4.578025e-02	 1.366276e+05	 1.402758e+05	 3.648216e+03	 1	 2.286768e+04	 9.292976e-02	 1.482246e+02	 5.336624e+02	 1.794569e+03	 
 1.449189e-04	 4.023614e-01	 5.664510e-01	 8.418450e-02	 4.746265e+04	 4.747060e+04	 7.951067e+00	 1	 2.825161e+02	 5.323558e-02	 4.798884e+01	 2.725856e+02	 3.555659e+02	 
 -3.525192e-04	 2.935253e-01	 2.982595e-01	 3.380448e-01	 5.501175e+04	 5.479910e+04	 2.126498e+02	 0	 2.965511e+03	 7.068690e-02	 7.073852e-02	 3.115366e+02	 1.896485e+02	 
 -3.525192e-04	 2.935253e-01	 2.982595e-01	 3.380448e-01	 5.501175e+04	 5.479910e+04	 2.126498e+02	 0	 2.965511e+03	 7.068690e-02	 7.073852e-02	 3.115366e+02	 1.896485e+02	 
 1.449189e-04	 4.023614e-01	 5.664510e-01	 8.418450e-02	 4.746265e+04	 4.747060e+04	 7.951067e+00	 1	 2.825161e+02	 5.323558e-02	 4.798884e+01	 2.725856e+02	 3.555659e+02	 
 1.073611e-02	 1.757129e-01	 8.591157e-01	 4.578025e-02	 1.366276e+05	 1.402758e+05	 3.648216e+03	 1	 2.286768e+04	 9.292976e-02	 1.482246e+02	 5.336624e+02	 1.794569e+03	 
 1.073611e-02	 1.757129e-01	 8.591157e-01	 4.578025e-02	 1.366276e+05	 1.402758e+05	 3.648216e+03	 1	 2.286768e+04	 9.292976e-02	 1.482246e+02	 5.336624e+02	 1.794569e+03	 
 1.449189e-04	 4.023614e-01	 5.664510e-01	 8.418450e-02	 4.746265e+04	 4.747060e+04	 7.951067e+00	 1	 2.825161e+02	 5.323558e-02	 4.798884e+01	 2.725856e+02	 3.555659e+02	 
 5.881075e-04	 3.899312e-01	 5.643986e-01	 9.352208e-02	 4.746981e+04	 4.747060e+04	 7.916923e-01	 1	 2.689949e+02	 4.854824e-02	 4.388606e+01	 1.646153e+02	 1.973817e+02	 
 5.873055e-04	 3.856681e-01	 5.622272e-01	 9.774949e-02	 4.746801e+04	 4.747060e+04	 2.593768e+00	 1	 2.931131e+02	 4.634558e-02	 4.195005e+01	 1.276265e+02	 1.981293e+02	 
 