3.414914e-01	 1.507426e-07	 5.213483e-01	 1.356065e-01	 2.278157e+01	 2.278497e+01	 3.405771e-03	 1	 5.087934e+03	 7.006773e-03	 6.179663e-03	 3.734021e-02	 3.493655e-02	 
 3.414914e-01	 1.507426e-07	 5.213483e-01	 1.356065e-01	 2.278157e+01	 2.278497e+01	 3.405771e-03	 1	 5.087934e+03	 7.006773e-03	 6.179663e-03	 3.734021e-02	 3.493655e-02	 
 3.414914e-01	 1.507426e-07	 5.213483e-01	 1.356065e-01	 2.278157e+01	 2.278497e+01	 3.405771e-03	 1	 5.087934e+03	 7.006773e-03	 6.179663e-03	 3.734021e-02	 3.493655e-02	 
 3.414914e-01	 1.507426e-07	 5.213483e-01	 1.356065e-01	 2.278157e+01	 2.278497e+01	 3.405771e-03	 1	 5.087934e+03	 7.006773e-03	 6.179663e-03	 3.734021e-02	 3.493655e-02	 
 3.414914e-01	 1.507426e-07	 5.213483e-01	 1.356065e-01	 2.278157e+01	 2.278497e+01	 3.405771e-03	 1	 5.087934e+03	 7.006773e-03	 6.179663e-03	 3.734021e-02	 3.493655e-02	 
 3.414914e-01	 1.507426e-07	 5.213483e-01	 1.356065e-01	 2.278157e+01	 2.278497e+01	 3.405771e-03	 1	 5.087934e+03	 7.006773e-03	 6.179663e-03	 3.734021e-02	 3.493655e-02	 
 -1.664920e+00	 -2.482794e-04	 1.382553e+00	 1.283058e+00	 4.058729e+01	 4.058411e+01	 3.177124e-03	 0	 2.679896e+04	 1.416039e-02	 6.498150e-02	 3.056595e-01	 3.764633e-01	 
 -1.664920e+00	 -2.482794e-04	 1.382553e+00	 1.283058e+00	 4.058729e+01	 4.058411e+01	 3.177124e-03	 0	 2.679896e+04	 1.416039e-02	 6.498150e-02	 3.056595e-01	 3.764633e-01	 
 -1.664920e+00	 -2.482794e-04	 1.382553e+00	 1.283058e+00	 4.058729e+01	 4.058411e+01	 3.177124e-03	 0	 2.679896e+04	 1.416039e-02	 6.498150e-02	 3.056595e-01	 3.764633e-01	 
 -1.664920e+00	 -2.482794e-04	 1.382553e+00	 1.283058e+00	 4.058729e+01	 4.058411e+01	 3.177124e-03	 0	 2.679896e+04	 1.416039e-02	 6.498150e-02	 3.056595e-01	 3.764633e-01	 
 -1.664920e+00	 -2.482794e-04	 1.382553e+00	 1.283058e+00	 4.058729e+01	 4.058411e+01	 3.177124e-03	 0	 2.679896e+04	 1.416039e-02	 6.498150e-02	 3.056595e-01	 3.764633e-01	 
 -1.664920e+00	 -2.482794e-04	 1.382553e+00	 1.283058e+00	 4.058729e+01	 4.058411e+01	 3.177124e-03	 0	 2.679896e+04	 1.416039e-02	 6.498150e-02	 3.056595e-01	 3.764633e-01	 
 3.593717e-01	 1.035613e-04	 2.839597e-02	 5.594816e-01	 3.932987e+01	 3.932895e+01	 9.234709e-04	 1	 3.570763e+02	 8.527180e-02	 7.500368e-02	 2.134054e-01	 1.168130e-01	 
 3.593717e-01	 1.035613e-04	 2.839597e-02	 5.594816e-01	 3.932987e+01	 3.932895e+01	 9.234709e-04	 1	 3.570763e+02	 8.527180e-02	 7.500368e-02	 2.134054e-01	 1.168130e-01	 
 3.593717e-01	 1.035613e-04	 2.839597e-02	 5.594816e-01	 3.932987e+01	 3.932895e+01	 9.234709e-04	 1	 3.570763e+02	 8.527180e-02	 7.500368e-02	 2.134054e-01	 1.168130e-01	 
 3.593717e-01	 1.035613e-04	 2.839597e-02	 5.594816e-01	 3.932987e+01	 3.932895e+01	 9.234709e-04	 1	 3.570763e+02	 8.527180e-02	 7.500368e-02	 2.134054e-01	 1.168130e-01	 
 3.593717e-01	 1.035613e-04	 2.839597e-02	 5.594816e-01	 3.932987e+01	 3.932895e+01	 9.234709e-04	 1	 3.570763e+02	 8.527180e-02	 7.500368e-02	 2.134054e-01	 1.168130e-01	 
 3.593717e-01	 1.035613e-04	 2.839597e-02	 5.594816e-01	 3.932987e+01	 3.932895e+01	 9.234709e-04	 1	 3.570763e+02	 8.527180e-02	 7.500368e-02	 2.134054e-01	 1.168130e-01	 
 4.473375e-01	 9.741008e-05	 4.067959e-01	 1.081286e-01	 2.638596e+01	 2.638203e+01	 3.933094e-03	 1	 4.698758e+01	 4.181174e-02	 3.784002e-02	 8.546164e-01	 3.782254e-02	 
 4.473375e-01	 9.741008e-05	 4.067959e-01	 1.081286e-01	 2.638596e+01	 2.638203e+01	 3.933094e-03	 1	 4.698758e+01	 4.181174e-02	 3.784002e-02	 8.546164e-01	 3.782254e-02	 
 4.473375e-01	 9.741008e-05	 4.067959e-01	 1.081286e-01	 2.638596e+01	 2.638203e+01	 3.933094e-03	 1	 4.698758e+01	 4.181174e-02	 3.784002e-02	 8.546164e-01	 3.782254e-02	 
 4.473375e-01	 9.741008e-05	 4.067959e-01	 1.081286e-01	 2.638596e+01	 2.638203e+01	 3.933094e-03	 1	 4.698758e+01	 4.181174e-02	 3.784002e-02	 8.546164e-01	 3.782254e-02	 
 4.473375e-01	 9.741008e-05	 4.067959e-01	 1.081286e-01	 2.638596e+01	 2.638203e+01	 3.933094e-03	 1	 4.698758e+01	 4.181174e-02	 3.784002e-02	 8.546164e-01	 3.782254e-02	 
 4.473375e-01	 9.741008e-05	 4.067959e-01	 1.081286e-01	 2.638596e+01	 2.638203e+01	 3.933094e-03	 1	 4.698758e+01	 4.181174e-02	 3.784002e-02	 8.546164e-01	 3.782254e-02	 
 6.254659e-01	 1.599567e-04	 2.577842e-01	 8.283081e-02	 2.900819e+01	 2.900319e+01	 4.996692e-03	 1	 1.135181e+02	 3.969543e-02	 3.417970e-02	 7.664552e-01	 3.549643e-02	 
 6.254659e-01	 1.599567e-04	 2.577842e-01	 8.283081e-02	 2.900819e+01	 2.900319e+01	 4.996692e-03	 1	 1.135181e+02	 3.969543e-02	 3.417970e-02	 7.664552e-01	 3.549643e-02	 
 6.254659e-01	 1.599567e-04	 2.577842e-01	 8.283081e-02	 2.900819e+01	 2.900319e+01	 4.996692e-03	 1	 1.135181e+02	 3.969543e-02	 3.417970e-02	 7.664552e-01	 3.549643e-02	 
 6.254659e-01	 1.599567e-04	 2.577842e-01	 8.283081e-02	 2.900819e+01	 2.900319e+01	 4.996692e-03	 1	 1.135181e+02	 3.969543e-02	 3.417970e-02	 7.664552e-01	 3.549643e-02	 
 6.254659e-01	 1.599567e-04	 2.577842e-01	 8.283081e-02	 2.900819e+01	 2.900319e+01	 4.996692e-03	 1	 1.135181e+02	 3.969543e-02	 3.417970e-02	 7.664552e-01	 3.549643e-02	 
 6.254659e-01	 1.599567e-04	 2.577842e-01	 8.283081e-02	 2.900819e+01	 2.900319e+01	 4.996692e-03	 1	 1.135181e+02	 3.969543e-02	 3.417970e-02	 7.664552e-01	 3.549643e-02	 
 2.448679e-01	 -1.914221e-02	 9.062243e-01	 -1.308368e-01	 2.906292e+01	 2.888167e+01	 1.812496e-01	 0	 4.161604e+03	 2.935826e-03	 2.590599e-03	 1.370341e-01	 6.877063e-02	 
 2.448679e-01	 -1.914221e-02	 9.062243e-01	 -1.308368e-01	 2.906292e+01	 2.888167e+01	 1.812496e-01	 0	 4.161604e+03	 2.935826e-03	 2.590599e-03	 1.370341e-01	 6.877063e-02	 
 2.448679e-01	 -1.914221e-02	 9.062243e-01	 -1.308368e-01	 2.906292e+01	 2.888167e+01	 1.812496e-01	 0	 4.161604e+03	 2.935826e-03	 2.590599e-03	 1.370341e-01	 6.877063e-02	 
 2.448679e-01	 -1.914221e-02	 9.062243e-01	 -1.308368e-01	 2.906292e+01	 2.888167e+01	 1.812496e-01	 0	 4.161604e+03	 2.935826e-03	 2.590599e-03	 1.370341e-01	 6.877063e-02	 
 2.448679e-01	 -1.914221e-02	 9.062243e-01	 -1.308368e-01	 2.906292e+01	 2.888167e+01	 1.812496e-01	 0	 4.161604e+03	 2.935826e-03	 2.590599e-03	 1.370341e-01	 6.877063e-02	 
 2.448679e-01	 -1.914221e-02	 9.062243e-01	 -1.308368e-01	 2.906292e+01	 2.888167e+01	 1.812496e-01	 0	 4.161604e+03	 2.935826e-03	 2.590599e-03	 1.370341e-01	 6.877063e-02	 
 5.108951e-01	 -1.465963e-04	 6.968553e-01	 -2.076060e-01	 3.465209e+01	 3.464798e+01	 4.108163e-03	 0	 4.117954e+04	 6.484412e-05	 3.082153e-04	 3.811798e-01	 1.211604e-01	 
 5.108951e-01	 -1.465963e-04	 6.968553e-01	 -2.076060e-01	 3.465209e+01	 3.464798e+01	 4.108163e-03	 0	 4.117954e+04	 6.484412e-05	 3.082153e-04	 3.811798e-01	 1.211604e-01	 
 5.108951e-01	 -1.465963e-04	 6.968553e-01	 -2.076060e-01	 3.465209e+01	 3.464798e+01	 4.108163e-03	 0	 4.117954e+04	 6.484412e-05	 3.082153e-04	 3.811798e-01	 1.211604e-01	 
 5.108951e-01	 -1.465963e-04	 6.968553e-01	 -2.076060e-01	 3.465209e+01	 3.464798e+01	 4.108163e-03	 0	 4.117954e+04	 6.484412e-05	 3.082153e-04	 3.811798e-01	 1.211604e-01	 
 5.108951e-01	 -1.465963e-04	 6.968553e-01	 -2.076060e-01	 3.465209e+01	 3.464798e+01	 4.108163e-03	 0	 4.117954e+04	 6.484412e-05	 3.082153e-04	 3.811798e-01	 1.211604e-01	 
 5.108951e-01	 -1.465963e-04	 6.968553e-01	 -2.076060e-01	 3.465209e+01	 3.464798e+01	 4.108163e-03	 0	 4.117954e+04	 6.484412e-05	 3.082153e-04	 3.811798e-01	 1.211604e-01	 
 4.177473e-01	 3.411667e-02	 3.604198e-01	 1.754734e-01	 2.189087e+01	 2.161128e+01	 2.795871e-01	 1	 1.910841e+03	 3.293033e-02	 4.327134e-02	 3.863915e-01	 6.199395e-02	 
 4.177473e-01	 3.411667e-02	 3.604198e-01	 1.754734e-01	 2.189087e+01	 2.161128e+01	 2.795871e-01	 1	 1.910841e+03	 3.293033e-02	 4.327134e-02	 3.863915e-01	 6.199395e-02	 
 4.177473e-01	 3.411667e-02	 3.604198e-01	 1.754734e-01	 2.189087e+01	 2.161128e+01	 2.795871e-01	 1	 1.910841e+03	 3.293033e-02	 4.327134e-02	 3.863915e-01	 6.199395e-02	 
 4.177473e-01	 3.411667e-02	 3.604198e-01	 1.754734e-01	 2.189087e+01	 2.161128e+01	 2.795871e-01	 1	 1.910841e+03	 3.293033e-02	 4.327134e-02	 3.863915e-01	 6.199395e-02	 
 4.177473e-01	 3.411667e-02	 3.604198e-01	 1.754734e-01	 2.189087e+01	 2.161128e+01	 2.795871e-01	 1	 1.910841e+03	 3.293033e-02	 4.327134e-02	 3.863915e-01	 6.199395e-02	 
 4.177473e-01	 3.411667e-02	 3.604198e-01	 1.754734e-01	 2.189087e+01	 2.161128e+01	 2.795871e-01	 1	 1.910841e+03	 3.293033e-02	 4.327134e-02	 3.863915e-01	 6.199395e-02	 
 6.202695e-01	 -1.835849e-04	 5.662515e-01	 -1.798132e-01	 1.329043e+01	 1.328954e+01	 8.881043e-04	 0	 1.443700e+02	 8.442907e-03	 9.053578e-02	 9.038527e-02	 7.010591e-03	 
 6.202695e-01	 -1.835849e-04	 5.662515e-01	 -1.798132e-01	 1.329043e+01	 1.328954e+01	 8.881043e-04	 0	 1.443700e+02	 8.442907e-03	 9.053578e-02	 9.038527e-02	 7.010591e-03	 
 6.202695e-01	 -1.835849e-04	 5.662515e-01	 -1.798132e-01	 1.329043e+01	 1.328954e+01	 8.881043e-04	 0	 1.443700e+02	 8.442907e-03	 9.053578e-02	 9.038527e-02	 7.010591e-03	 
 6.202695e-01	 -1.835849e-04	 5.662515e-01	 -1.798132e-01	 1.329043e+01	 1.328954e+01	 8.881043e-04	 0	 1.443700e+02	 8.442907e-03	 9.053578e-02	 9.038527e-02	 7.010591e-03	 
 6.202695e-01	 -1.835849e-04	 5.662515e-01	 -1.798132e-01	 1.329043e+01	 1.328954e+01	 8.881043e-04	 0	 1.443700e+02	 8.442907e-03	 9.053578e-02	 9.038527e-02	 7.010591e-03	 
 6.202695e-01	 -1.835849e-04	 5.662515e-01	 -1.798132e-01	 1.329043e+01	 1.328954e+01	 8.881043e-04	 0	 1.443700e+02	 8.442907e-03	 9.053578e-02	 9.038527e-02	 7.010591e-03	 
 6.805205e-02	 -1.644875e-04	 4.540397e-01	 4.780723e-01	 1.471963e+01	 1.471846e+01	 1.172311e-03	 0	 1.731793e+05	 5.214657e-04	 6.295263e-04	 8.646904e-04	 2.840792e-02	 
 6.805205e-02	 -1.644875e-04	 4.540397e-01	 4.780723e-01	 1.471963e+01	 1.471846e+01	 1.172311e-03	 0	 1.731793e+05	 5.214657e-04	 6.295263e-04	 8.646904e-04	 2.840792e-02	 
 6.805205e-02	 -1.644875e-04	 4.540397e-01	 4.780723e-01	 1.471963e+01	 1.471846e+01	 1.172311e-03	 0	 1.731793e+05	 5.214657e-04	 6.295263e-04	 8.646904e-04	 2.840792e-02	 
 6.805205e-02	 -1.644875e-04	 4.540397e-01	 4.780723e-01	 1.471963e+01	 1.471846e+01	 1.172311e-03	 0	 1.731793e+05	 5.214657e-04	 6.295263e-04	 8.646904e-04	 2.840792e-02	 
 6.805205e-02	 -1.644875e-04	 4.540397e-01	 4.780723e-01	 1.471963e+01	 1.471846e+01	 1.172311e-03	 0	 1.731793e+05	 5.214657e-04	 6.295263e-04	 8.646904e-04	 2.840792e-02	 
 6.805205e-02	 -1.644875e-04	 4.540397e-01	 4.780723e-01	 1.471963e+01	 1.471846e+01	 1.172311e-03	 0	 1.731793e+05	 5.214657e-04	 6.295263e-04	 8.646904e-04	 2.840792e-02	 
 6.805205e-02	 -1.644875e-04	 4.540397e-01	 4.780723e-01	 1.471963e+01	 1.471846e+01	 1.172311e-03	 0	 1.731793e+05	 5.214657e-04	 6.295263e-04	 8.646904e-04	 2.840792e-02	 
 6.805205e-02	 -1.644875e-04	 4.540397e-01	 4.780723e-01	 1.471963e+01	 1.471846e+01	 1.172311e-03	 0	 1.731793e+05	 5.214657e-04	 6.295263e-04	 8.646904e-04	 2.840792e-02	 
 6.805205e-02	 -1.644875e-04	 4.540397e-01	 4.780723e-01	 1.471963e+01	 1.471846e+01	 1.172311e-03	 0	 1.731793e+05	 5.214657e-04	 6.295263e-04	 8.646904e-04	 2.840792e-02	 
 6.805205e-02	 -1.644875e-04	 4.540397e-01	 4.780723e-01	 1.471963e+01	 1.471846e+01	 1.172311e-03	 0	 1.731793e+05	 5.214657e-04	 6.295263e-04	 8.646904e-04	 2.840792e-02	 
 6.805205e-02	 -1.644875e-04	 4.540397e-01	 4.780723e-01	 1.471963e+01	 1.471846e+01	 1.172311e-03	 0	 1.731793e+05	 5.214657e-04	 6.295263e-04	 8.646904e-04	 2.840792e-02	 
 6.805205e-02	 -1.644875e-04	 4.540397e-01	 4.780723e-01	 1.471963e+01	 1.471846e+01	 1.172311e-03	 0	 1.731793e+05	 5.214657e-04	 6.295263e-04	 8.646904e-04	 2.840792e-02	 
 2.448679e-01	 -1.914221e-02	 9.062243e-01	 -1.308368e-01	 2.906292e+01	 2.888167e+01	 1.812496e-01	 0	 4.161604e+03	 2.935826e-03	 2.590599e-03	 1.370341e-01	 6.877063e-02	 
 2.448679e-01	 -1.914221e-02	 9.062243e-01	 -1.308368e-01	 2.906292e+01	 2.888167e+01	 1.812496e-01	 0	 4.161604e+03	 2.935826e-03	 2.590599e-03	 1.370341e-01	 6.877063e-02	 
 2.448679e-01	 -1.914221e-02	 9.062243e-01	 -1.308368e-01	 2.906292e+01	 2.888167e+01	 1.812496e-01	 0	 4.161604e+03	 2.935826e-03	 2.590599e-03	 1.370341e-01	 6.877063e-02	 
 2.448679e-01	 -1.914221e-02	 9.062243e-01	 -1.308368e-01	 2.906292e+01	 2.888167e+01	 1.812496e-01	 0	 4.161604e+03	 2.935826e-03	 2.590599e-03	 1.370341e-01	 6.877063e-02	 
 2.448679e-01	 -1.914221e-02	 9.062243e-01	 -1.308368e-01	 2.906292e+01	 2.888167e+01	 1.812496e-01	 0	 4.161604e+03	 2.935826e-03	 2.590599e-03	 1.370341e-01	 6.877063e-02	 
 2.448679e-01	 -1.914221e-02	 9.062243e-01	 -1.308368e-01	 2.906292e+01	 2.888167e+01	 1.812496e-01	 0	 4.161604e+03	 2.935826e-03	 2.590599e-03	 1.370341e-01	 6.877063e-02	 
 2.448679e-01	 -1.914221e-02	 9.062243e-01	 -1.308368e-01	 2.906292e+01	 2.888167e+01	 1.812496e-01	 0	 4.161604e+03	 2.935826e-03	 2.590599e-03	 1.370341e-01	 6.877063e-02	 
 2.448679e-01	 -1.914221e-02	 9.062243e-01	 -1.308368e-01	 2.906292e+01	 2.888167e+01	 1.812496e-01	 0	 4.161604e+03	 2.935826e-03	 2.590599e-03	 1.370341e-01	 6.877063e-02	 
 2.448679e-01	 -1.914221e-02	 9.062243e-01	 -1.308368e-01	 2.906292e+01	 2.888167e+01	 1.812496e-01	 0	 4.161604e+03	 2.935826e-03	 2.590599e-03	 1.370341e-01	 6.877063e-02	 
 2.448679e-01	 -1.914221e-02	 9.062243e-01	 -1.308368e-01	 2.906292e+01	 2.888167e+01	 1.812496e-01	 0	 4.161604e+03	 2.935826e-03	 2.590599e-03	 1.370341e-01	 6.877063e-02	 
 2.448679e-01	 -1.914221e-02	 9.062243e-01	 -1.308368e-01	 2.906292e+01	 2.888167e+01	 1.812496e-01	 0	 4.161604e+03	 2.935826e-03	 2.590599e-03	 1.370341e-01	 6.877063e-02	 
 2.448679e-01	 -1.914221e-02	 9.062243e-01	 -1.308368e-01	 2.906292e+01	 2.888167e+01	 1.812496e-01	 0	 4.161604e+03	 2.935826e-03	 2.590599e-03	 1.370341e-01	 6.877063e-02	 
 6.805205e-02	 -1.644875e-04	 4.540397e-01	 4.780723e-01	 1.471963e+01	 1.471846e+01	 1.172311e-03	 0	 1.731793e+05	 5.214657e-04	 6.295263e-04	 8.646904e-04	 2.840792e-02	 
 6.805205e-02	 -1.644875e-04	 4.540397e-01	 4.780723e-01	 1.471963e+01	 1.471846e+01	 1.172311e-03	 0	 1.731793e+05	 5.214657e-04	 6.295263e-04	 8.646904e-04	 2.840792e-02	 
 6.805205e-02	 -1.644875e-04	 4.540397e-01	 4.780723e-01	 1.471963e+01	 1.471846e+01	 1.172311e-03	 0	 1.731793e+05	 5.214657e-04	 6.295263e-04	 8.646904e-04	 2.840792e-02	 
 6.805205e-02	 -1.644875e-04	 4.540397e-01	 4.780723e-01	 1.471963e+01	 1.471846e+01	 1.172311e-03	 0	 1.731793e+05	 5.214657e-04	 6.295263e-04	 8.646904e-04	 2.840792e-02	 
 6.805205e-02	 -1.644875e-04	 4.540397e-01	 4.780723e-01	 1.471963e+01	 1.471846e+01	 1.172311e-03	 0	 1.731793e+05	 5.214657e-04	 6.295263e-04	 8.646904e-04	 2.840792e-02	 
 6.805205e-02	 -1.644875e-04	 4.540397e-01	 4.780723e-01	 1.471963e+01	 1.471846e+01	 1.172311e-03	 0	 1.731793e+05	 5.214657e-04	 6.295263e-04	 8.646904e-04	 2.840792e-02	 
 2.565502e-01	 9.097730e-04	 2.149524e-01	 4.880310e-01	 2.161860e+01	 2.161128e+01	 7.315881e-03	 1	 1.768543e+03	 5.382447e-02	 4.541188e-02	 4.329315e-01	 6.436187e-02	 
 2.565502e-01	 9.097730e-04	 2.149524e-01	 4.880310e-01	 2.161860e+01	 2.161128e+01	 7.315881e-03	 1	 1.768543e+03	 5.382447e-02	 4.541188e-02	 4.329315e-01	 6.436187e-02	 
 2.565502e-01	 9.097730e-04	 2.149524e-01	 4.880310e-01	 2.161860e+01	 2.161128e+01	 7.315881e-03	 1	 1.768543e+03	 5.382447e-02	 4.541188e-02	 4.329315e-01	 6.436187e-02	 
 2.565502e-01	 9.097730e-04	 2.149524e-01	 4.880310e-01	 2.161860e+01	 2.161128e+01	 7.315881e-03	 1	 1.768543e+03	 5.382447e-02	 4.541188e-02	 4.329315e-01	 6.436187e-02	 
 2.565502e-01	 9.097730e-04	 2.149524e-01	 4.880310e-01	 2.161860e+01	 2.161128e+01	 7.315881e-03	 1	 1.768543e+03	 5.382447e-02	 4.541188e-02	 4.329315e-01	 6.436187e-02	 
 2.565502e-01	 9.097730e-04	 2.149524e-01	 4.880310e-01	 2.161860e+01	 2.161128e+01	 7.315881e-03	 1	 1.768543e+03	 5.382447e-02	 4.541188e-02	 4.329315e-01	 6.436187e-02	 
 3.431879e-01	 1.060852e-03	 2.032976e-01	 4.132880e-01	 2.161340e+01	 2.161128e+01	 2.124969e-03	 1	 1.919822e+03	 5.455434e-02	 4.536448e-02	 4.034716e-01	 1.042390e-01	 
 3.431879e-01	 1.060852e-03	 2.032976e-01	 4.132880e-01	 2.161340e+01	 2.161128e+01	 2.124969e-03	 1	 1.919822e+03	 5.455434e-02	 4.536448e-02	 4.034716e-01	 1.042390e-01	 
 3.431879e-01	 1.060852e-03	 2.032976e-01	 4.132880e-01	 2.161340e+01	 2.161128e+01	 2.124969e-03	 1	 1.919822e+03	 5.455434e-02	 4.536448e-02	 4.034716e-01	 1.042390e-01	 
 3.431879e-01	 1.060852e-03	 2.032976e-01	 4.132880e-01	 2.161340e+01	 2.161128e+01	 2.124969e-03	 1	 1.919822e+03	 5.455434e-02	 4.536448e-02	 4.034716e-01	 1.042390e-01	 
 3.431879e-01	 1.060852e-03	 2.032976e-01	 4.132880e-01	 2.161340e+01	 2.161128e+01	 2.124969e-03	 1	 1.919822e+03	 5.455434e-02	 4.536448e-02	 4.034716e-01	 1.042390e-01	 
 3.431879e-01	 1.060852e-03	 2.032976e-01	 4.132880e-01	 2.161340e+01	 2.161128e+01	 2.124969e-03	 1	 1.919822e+03	 5.455434e-02	 4.536448e-02	 4.034716e-01	 1.042390e-01	 
 6.805205e-02	 -1.644875e-04	 4.540397e-01	 4.780723e-01	 1.471963e+01	 1.471846e+01	 1.172311e-03	 0	 1.731793e+05	 5.214657e-04	 6.295263e-04	 8.646904e-04	 2.840792e-02	 
 6.805205e-02	 -1.644875e-04	 4.540397e-01	 4.780723e-01	 1.471963e+01	 1.471846e+01	 1.172311e-03	 0	 1.731793e+05	 5.214657e-04	 6.295263e-04	 8.646904e-04	 2.840792e-02	 
 6.805205e-02	 -1.644875e-04	 4.540397e-01	 4.780723e-01	 1.471963e+01	 1.471846e+01	 1.172311e-03	 0	 1.731793e+05	 5.214657e-04	 6.295263e-04	 8.646904e-04	 2.840792e-02	 
 6.805205e-02	 -1.644875e-04	 4.540397e-01	 4.780723e-01	 1.471963e+01	 1.471846e+01	 1.172311e-03	 0	 1.731793e+05	 5.214657e-04	 6.295263e-04	 8.646904e-04	 2.840792e-02	 
 6.805205e-02	 -1.644875e-04	 4.540397e-01	 4.780723e-01	 1.471963e+01	 1.471846e+01	 1.172311e-03	 0	 1.731793e+05	 5.214657e-04	 6.295263e-04	 8.646904e-04	 2.840792e-02	 
 6.805205e-02	 -1.644875e-04	 4.540397e-01	 4.780723e-01	 1.471963e+01	 1.471846e+01	 1.172311e-03	 0	 1.731793e+05	 5.214657e-04	 6.295263e-04	 8.646904e-04	 2.840792e-02	 
 -1.664920e+00	 -2.482794e-04	 1.382553e+00	 1.283058e+00	 4.058729e+01	 4.058411e+01	 3.177124e-03	 0	 2.679896e+04	 1.416039e-02	 6.498150e-02	 3.056595e-01	 3.764633e-01	 
 -1.664920e+00	 -2.482794e-04	 1.382553e+00	 1.283058e+00	 4.058729e+01	 4.058411e+01	 3.177124e-03	 0	 2.679896e+04	 1.416039e-02	 6.498150e-02	 3.056595e-01	 3.764633e-01	 
 -1.664920e+00	 -2.482794e-04	 1.382553e+00	 1.283058e+00	 4.058729e+01	 4.058411e+01	 3.177124e-03	 0	 2.679896e+04	 1.416039e-02	 6.498150e-02	 3.056595e-01	 3.764633e-01	 
 -1.664920e+00	 -2.482794e-04	 1.382553e+00	 1.283058e+00	 4.058729e+01	 4.058411e+01	 3.177124e-03	 0	 2.679896e+04	 1.416039e-02	 6.498150e-02	 3.056595e-01	 3.764633e-01	 
 -1.664920e+00	 -2.482794e-04	 1.382553e+00	 1.283058e+00	 4.058729e+01	 4.058411e+01	 3.177124e-03	 0	 2.679896e+04	 1.416039e-02	 6.498150e-02	 3.056595e-01	 3.764633e-01	 
 -1.664920e+00	 -2.482794e-04	 1.382553e+00	 1.283058e+00	 4.058729e+01	 4.058411e+01	 3.177124e-03	 0	 2.679896e+04	 1.416039e-02	 6.498150e-02	 3.056595e-01	 3.764633e-01	 
 -1.664920e+00	 -2.482794e-04	 1.382553e+00	 1.283058e+00	 4.058729e+01	 4.058411e+01	 3.177124e-03	 0	 2.679896e+04	 1.416039e-02	 6.498150e-02	 3.056595e-01	 3.764633e-01	 
 -1.664920e+00	 -2.482794e-04	 1.382553e+00	 1.283058e+00	 4.058729e+01	 4.058411e+01	 3.177124e-03	 0	 2.679896e+04	 1.416039e-02	 6.498150e-02	 3.056595e-01	 3.764633e-01	 
 -1.664920e+00	 -2.482794e-04	 1.382553e+00	 1.283058e+00	 4.058729e+01	 4.058411e+01	 3.177124e-03	 0	 2.679896e+04	 1.416039e-02	 6.498150e-02	 3.056595e-01	 3.764633e-01	 
 -1.664920e+00	 -2.482794e-04	 1.382553e+00	 1.283058e+00	 4.058729e+01	 4.058411e+01	 3.177124e-03	 0	 2.679896e+04	 1.416039e-02	 6.498150e-02	 3.056595e-01	 3.764633e-01	 
 -1.664920e+00	 -2.482794e-04	 1.382553e+00	 1.283058e+00	 4.058729e+01	 4.058411e+01	 3.177124e-03	 0	 2.679896e+04	 1.416039e-02	 6.498150e-02	 3.056595e-01	 3.764633e-01	 
 -1.664920e+00	 -2.482794e-04	 1.382553e+00	 1.283058e+00	 4.058729e+01	 4.058411e+01	 3.177124e-03	 0	 2.679896e+04	 1.416039e-02	 6.498150e-02	 3.056595e-01	 3.764633e-01	 
 6.805205e-02	 -1.644875e-04	 4.540397e-01	 4.780723e-01	 1.471963e+01	 1.471846e+01	 1.172311e-03	 0	 1.731793e+05	 5.214657e-04	 6.295263e-04	 8.646904e-04	 2.840792e-02	 
 6.805205e-02	 -1.644875e-04	 4.540397e-01	 4.780723e-01	 1.471963e+01	 1.471846e+01	 1.172311e-03	 0	 1.731793e+05	 5.214657e-04	 6.295263e-04	 8.646904e-04	 2.840792e-02	 
 6.805205e-02	 -1.644875e-04	 4.540397e-01	 4.780723e-01	 1.471963e+01	 1.471846e+01	 1.172311e-03	 0	 1.731793e+05	 5.214657e-04	 6.295263e-04	 8.646904e-04	 2.840792e-02	 
 6.805205e-02	 -1.644875e-04	 4.540397e-01	 4.780723e-01	 1.471963e+01	 1.471846e+01	 1.172311e-03	 0	 1.731793e+05	 5.214657e-04	 6.295263e-04	 8.646904e-04	 2.840792e-02	 
 6.805205e-02	 -1.644875e-04	 4.540397e-01	 4.780723e-01	 1.471963e+01	 1.471846e+01	 1.172311e-03	 0	 1.731793e+05	 5.214657e-04	 6.295263e-04	 8.646904e-04	 2.840792e-02	 
 6.805205e-02	 -1.644875e-04	 4.540397e-01	 4.780723e-01	 1.471963e+01	 1.471846e+01	 1.172311e-03	 0	 1.731793e+05	 5.214657e-04	 6.295263e-04	 8.646904e-04	 2.840792e-02	 
 6.805205e-02	 -1.644875e-04	 4.540397e-01	 4.780723e-01	 1.471963e+01	 1.471846e+01	 1.172311e-03	 0	 1.731793e+05	 5.214657e-04	 6.295263e-04	 8.646904e-04	 2.840792e-02	 
 6.805205e-02	 -1.644875e-04	 4.540397e-01	 4.780723e-01	 1.471963e+01	 1.471846e+01	 1.172311e-03	 0	 1.731793e+05	 5.214657e-04	 6.295263e-04	 8.646904e-04	 2.840792e-02	 
 6.805205e-02	 -1.644875e-04	 4.540397e-01	 4.780723e-01	 1.471963e+01	 1.471846e+01	 1.172311e-03	 0	 1.731793e+05	 5.214657e-04	 6.295263e-04	 8.646904e-04	 2.840792e-02	 
 6.805205e-02	 -1.644875e-04	 4.540397e-01	 4.780723e-01	 1.471963e+01	 1.471846e+01	 1.172311e-03	 0	 1.731793e+05	 5.214657e-04	 6.295263e-04	 8.646904e-04	 2.840792e-02	 
 6.805205e-02	 -1.644875e-04	 4.540397e-01	 4.780723e-01	 1.471963e+01	 1.471846e+01	 1.172311e-03	 0	 1.731793e+05	 5.214657e-04	 6.295263e-04	 8.646904e-04	 2.840792e-02	 
 6.805205e-02	 -1.644875e-04	 4.540397e-01	 4.780723e-01	 1.471963e+01	 1.471846e+01	 1.172311e-03	 0	 1.731793e+05	 5.214657e-04	 6.295263e-04	 8.646904e-04	 2.840792e-02	 
 6.805205e-02	 -1.644875e-04	 4.540397e-01	 4.780723e-01	 1.471963e+01	 1.471846e+01	 1.172311e-03	 0	 1.731793e+05	 5.214657e-04	 6.295263e-04	 8.646904e-04	 2.840792e-02	 
 6.805205e-02	 -1.644875e-04	 4.540397e-01	 4.780723e-01	 1.471963e+01	 1.471846e+01	 1.172311e-03	 0	 1.731793e+05	 5.214657e-04	 6.295263e-04	 8.646904e-04	 2.840792e-02	 
 6.805205e-02	 -1.644875e-04	 4.540397e-01	 4.780723e-01	 1.471963e+01	 1.471846e+01	 1.172311e-03	 0	 1.731793e+05	 5.214657e-04	 6.295263e-04	 8.646904e-04	 2.840792e-02	 
 6.805205e-02	 -1.644875e-04	 4.540397e-01	 4.780723e-01	 1.471963e+01	 1.471846e+01	 1.172311e-03	 0	 1.731793e+05	 5.214657e-04	 6.295263e-04	 8.646904e-04	 2.840792e-02	 
 6.805205e-02	 -1.644875e-04	 4.540397e-01	 4.780723e-01	 1.471963e+01	 1.471846e+01	 1.172311e-03	 0	 1.731793e+05	 5.214657e-04	 6.295263e-04	 8.646904e-04	 2.840792e-02	 
 6.805205e-02	 -1.644875e-04	 4.540397e-01	 4.780723e-01	 1.471963e+01	 1.471846e+01	 1.172311e-03	 0	 1.731793e+05	 5.214657e-04	 6.295263e-04	 8.646904e-04	 2.840792e-02	 
 6.805205e-02	 -1.644875e-04	 4.540397e-01	 4.780723e-01	 1.471963e+01	 1.471846e+01	 1.172311e-03	 0	 1.731793e+05	 5.214657e-04	 6.295263e-04	 8.646904e-04	 2.840792e-02	 
 6.805205e-02	 -1.644875e-04	 4.540397e-01	 4.780723e-01	 1.471963e+01	 1.471846e+01	 1.172311e-03	 0	 1.731793e+05	 5.214657e-04	 6.295263e-04	 8.646904e-04	 2.840792e-02	 
 6.805205e-02	 -1.644875e-04	 4.540397e-01	 4.780723e-01	 1.471963e+01	 1.471846e+01	 1.172311e-03	 0	 1.731793e+05	 5.214657e-04	 6.295263e-04	 8.646904e-04	 2.840792e-02	 
 6.805205e-02	 -1.644875e-04	 4.540397e-01	 4.780723e-01	 1.471963e+01	 1.471846e+01	 1.172311e-03	 0	 1.731793e+05	 5.214657e-04	 6.295263e-04	 8.646904e-04	 2.840792e-02	 
 6.805205e-02	 -1.644875e-04	 4.540397e-01	 4.780723e-01	 1.471963e+01	 1.471846e+01	 1.172311e-03	 0	 1.731793e+05	 5.214657e-04	 6.295263e-04	 8.646904e-04	 2.840792e-02	 
 6.805205e-02	 -1.644875e-04	 4.540397e-01	 4.780723e-01	 1.471963e+01	 1.471846e+01	 1.172311e-03	 0	 1.731793e+05	 5.214657e-04	 6.295263e-04	 8.646904e-04	 2.840792e-02	 
 2.448679e-01	 -1.914221e-02	 9.062243e-01	 -1.308368e-01	 2.906292e+01	 2.888167e+01	 1.812496e-01	 0	 4.161604e+03	 2.935826e-03	 2.590599e-03	 1.370341e-01	 6.877063e-02	 
 2.448679e-01	 -1.914221e-02	 9.062243e-01	 -1.308368e-01	 2.906292e+01	 2.888167e+01	 1.812496e-01	 0	 4.161604e+03	 2.935826e-03	 2.590599e-03	 1.370341e-01	 6.877063e-02	 
 2.448679e-01	 -1.914221e-02	 9.062243e-01	 -1.308368e-01	 2.906292e+01	 2.888167e+01	 1.812496e-01	 0	 4.161604e+03	 2.935826e-03	 2.590599e-03	 1.370341e-01	 6.877063e-02	 
 2.448679e-01	 -1.914221e-02	 9.062243e-01	 -1.308368e-01	 2.906292e+01	 2.888167e+01	 1.812496e-01	 0	 4.161604e+03	 2.935826e-03	 2.590599e-03	 1.370341e-01	 6.877063e-02	 
 2.448679e-01	 -1.914221e-02	 9.062243e-01	 -1.308368e-01	 2.906292e+01	 2.888167e+01	 1.812496e-01	 0	 4.161604e+03	 2.935826e-03	 2.590599e-03	 1.370341e-01	 6.877063e-02	 
 2.448679e-01	 -1.914221e-02	 9.062243e-01	 -1.308368e-01	 2.906292e+01	 2.888167e+01	 1.812496e-01	 0	 4.161604e+03	 2.935826e-03	 2.590599e-03	 1.370341e-01	 6.877063e-02	 
 2.448679e-01	 -1.914221e-02	 9.062243e-01	 -1.308368e-01	 2.906292e+01	 2.888167e+01	 1.812496e-01	 0	 4.161604e+03	 2.935826e-03	 2.590599e-03	 1.370341e-01	 6.877063e-02	 
 2.448679e-01	 -1.914221e-02	 9.062243e-01	 -1.308368e-01	 2.906292e+01	 2.888167e+01	 1.812496e-01	 0	 4.161604e+03	 2.935826e-03	 2.590599e-03	 1.370341e-01	 6.877063e-02	 
 2.448679e-01	 -1.914221e-02	 9.062243e-01	 -1.308368e-01	 2.906292e+01	 2.888167e+01	 1.812496e-01	 0	 4.161604e+03	 2.935826e-03	 2.590599e-03	 1.370341e-01	 6.877063e-02	 
 2.448679e-01	 -1.914221e-02	 9.062243e-01	 -1.308368e-01	 2.906292e+01	 2.888167e+01	 1.812496e-01	 0	 4.161604e+03	 2.935826e-03	 2.590599e-03	 1.370341e-01	 6.877063e-02	 
 2.448679e-01	 -1.914221e-02	 9.062243e-01	 -1.308368e-01	 2.906292e+01	 2.888167e+01	 1.812496e-01	 0	 4.161604e+03	 2.935826e-03	 2.590599e-03	 1.370341e-01	 6.877063e-02	 
 2.448679e-01	 -1.914221e-02	 9.062243e-01	 -1.308368e-01	 2.906292e+01	 2.888167e+01	 1.812496e-01	 0	 4.161604e+03	 2.935826e-03	 2.590599e-03	 1.370341e-01	 6.877063e-02	 
 6.805205e-02	 -1.644875e-04	 4.540397e-01	 4.780723e-01	 1.471963e+01	 1.471846e+01	 1.172311e-03	 0	 1.731793e+05	 5.214657e-04	 6.295263e-04	 8.646904e-04	 2.840792e-02	 
 6.805205e-02	 -1.644875e-04	 4.540397e-01	 4.780723e-01	 1.471963e+01	 1.471846e+01	 1.172311e-03	 0	 1.731793e+05	 5.214657e-04	 6.295263e-04	 8.646904e-04	 2.840792e-02	 
 6.805205e-02	 -1.644875e-04	 4.540397e-01	 4.780723e-01	 1.471963e+01	 1.471846e+01	 1.172311e-03	 0	 1.731793e+05	 5.214657e-04	 6.295263e-04	 8.646904e-04	 2.840792e-02	 
 6.805205e-02	 -1.644875e-04	 4.540397e-01	 4.780723e-01	 1.471963e+01	 1.471846e+01	 1.172311e-03	 0	 1.731793e+05	 5.214657e-04	 6.295263e-04	 8.646904e-04	 2.840792e-02	 
 6.805205e-02	 -1.644875e-04	 4.540397e-01	 4.780723e-01	 1.471963e+01	 1.471846e+01	 1.172311e-03	 0	 1.731793e+05	 5.214657e-04	 6.295263e-04	 8.646904e-04	 2.840792e-02	 
 6.805205e-02	 -1.644875e-04	 4.540397e-01	 4.780723e-01	 1.471963e+01	 1.471846e+01	 1.172311e-03	 0	 1.731793e+05	 5.214657e-04	 6.295263e-04	 8.646904e-04	 2.840792e-02	 
 4.479103e-01	 1.361586e-04	 4.067968e-01	 1.075256e-01	 2.638560e+01	 2.638203e+01	 3.572413e-03	 1	 6.906738e+01	 4.200220e-02	 3.784310e-02	 8.543182e-01	 3.801515e-02	 
 4.479103e-01	 1.361586e-04	 4.067968e-01	 1.075256e-01	 2.638560e+01	 2.638203e+01	 3.572413e-03	 1	 6.906738e+01	 4.200220e-02	 3.784310e-02	 8.543182e-01	 3.801515e-02	 
 4.479103e-01	 1.361586e-04	 4.067968e-01	 1.075256e-01	 2.638560e+01	 2.638203e+01	 3.572413e-03	 1	 6.906738e+01	 4.200220e-02	 3.784310e-02	 8.543182e-01	 3.801515e-02	 
 4.479103e-01	 1.361586e-04	 4.067968e-01	 1.075256e-01	 2.638560e+01	 2.638203e+01	 3.572413e-03	 1	 6.906738e+01	 4.200220e-02	 3.784310e-02	 8.543182e-01	 3.801515e-02	 
 4.479103e-01	 1.361586e-04	 4.067968e-01	 1.075256e-01	 2.638560e+01	 2.638203e+01	 3.572413e-03	 1	 6.906738e+01	 4.200220e-02	 3.784310e-02	 8.543182e-01	 3.801515e-02	 
 4.479103e-01	 1.361586e-04	 4.067968e-01	 1.075256e-01	 2.638560e+01	 2.638203e+01	 3.572413e-03	 1	 6.906738e+01	 4.200220e-02	 3.784310e-02	 8.543182e-01	 3.801515e-02	 
 4.609216e-01	 2.860477e-03	 4.099670e-01	 8.902165e-02	 2.638177e+01	 2.638203e+01	 2.638562e-04	 1	 2.234064e+02	 4.457190e-02	 3.788982e-02	 8.177166e-01	 3.807804e-02	 
 4.609216e-01	 2.860477e-03	 4.099670e-01	 8.902165e-02	 2.638177e+01	 2.638203e+01	 2.638562e-04	 1	 2.234064e+02	 4.457190e-02	 3.788982e-02	 8.177166e-01	 3.807804e-02	 
 4.609216e-01	 2.860477e-03	 4.099670e-01	 8.902165e-02	 2.638177e+01	 2.638203e+01	 2.638562e-04	 1	 2.234064e+02	 4.457190e-02	 3.788982e-02	 8.177166e-01	 3.807804e-02	 
 4.609216e-01	 2.860477e-03	 4.099670e-01	 8.902165e-02	 2.638177e+01	 2.638203e+01	 2.638562e-04	 1	 2.234064e+02	 4.457190e-02	 3.788982e-02	 8.177166e-01	 3.807804e-02	 
 4.609216e-01	 2.860477e-03	 4.099670e-01	 8.902165e-02	 2.638177e+01	 2.638203e+01	 2.638562e-04	 1	 2.234064e+02	 4.457190e-02	 3.788982e-02	 8.177166e-01	 3.807804e-02	 
 4.609216e-01	 2.860477e-03	 4.099670e-01	 8.902165e-02	 2.638177e+01	 2.638203e+01	 2.638562e-04	 1	 2.234064e+02	 4.457190e-02	 3.788982e-02	 8.177166e-01	 3.807804e-02	 
 6.805205e-02	 -1.644875e-04	 4.540397e-01	 4.780723e-01	 1.471963e+01	 1.471846e+01	 1.172311e-03	 0	 1.731793e+05	 5.214657e-04	 6.295263e-04	 8.646904e-04	 2.840792e-02	 
 6.805205e-02	 -1.644875e-04	 4.540397e-01	 4.780723e-01	 1.471963e+01	 1.471846e+01	 1.172311e-03	 0	 1.731793e+05	 5.214657e-04	 6.295263e-04	 8.646904e-04	 2.840792e-02	 
 6.805205e-02	 -1.644875e-04	 4.540397e-01	 4.780723e-01	 1.471963e+01	 1.471846e+01	 1.172311e-03	 0	 1.731793e+05	 5.214657e-04	 6.295263e-04	 8.646904e-04	 2.840792e-02	 
 6.805205e-02	 -1.644875e-04	 4.540397e-01	 4.780723e-01	 1.471963e+01	 1.471846e+01	 1.172311e-03	 0	 1.731793e+05	 5.214657e-04	 6.295263e-04	 8.646904e-04	 2.840792e-02	 
 6.805205e-02	 -1.644875e-04	 4.540397e-01	 4.780723e-01	 1.471963e+01	 1.471846e+01	 1.172311e-03	 0	 1.731793e+05	 5.214657e-04	 6.295263e-04	 8.646904e-04	 2.840792e-02	 
 6.805205e-02	 -1.644875e-04	 4.540397e-01	 4.780723e-01	 1.471963e+01	 1.471846e+01	 1.172311e-03	 0	 1.731793e+05	 5.214657e-04	 6.295263e-04	 8.646904e-04	 2.840792e-02	 
 6.805205e-02	 -1.644875e-04	 4.540397e-01	 4.780723e-01	 1.471963e+01	 1.471846e+01	 1.172311e-03	 0	 1.731793e+05	 5.214657e-04	 6.295263e-04	 8.646904e-04	 2.840792e-02	 
 6.805205e-02	 -1.644875e-04	 4.540397e-01	 4.780723e-01	 1.471963e+01	 1.471846e+01	 1.172311e-03	 0	 1.731793e+05	 5.214657e-04	 6.295263e-04	 8.646904e-04	 2.840792e-02	 
 6.805205e-02	 -1.644875e-04	 4.540397e-01	 4.780723e-01	 1.471963e+01	 1.471846e+01	 1.172311e-03	 0	 1.731793e+05	 5.214657e-04	 6.295263e-04	 8.646904e-04	 2.840792e-02	 
 6.805205e-02	 -1.644875e-04	 4.540397e-01	 4.780723e-01	 1.471963e+01	 1.471846e+01	 1.172311e-03	 0	 1.731793e+05	 5.214657e-04	 6.295263e-04	 8.646904e-04	 2.840792e-02	 
 6.805205e-02	 -1.644875e-04	 4.540397e-01	 4.780723e-01	 1.471963e+01	 1.471846e+01	 1.172311e-03	 0	 1.731793e+05	 5.214657e-04	 6.295263e-04	 8.646904e-04	 2.840792e-02	 
 6.805205e-02	 -1.644875e-04	 4.540397e-01	 4.780723e-01	 1.471963e+01	 1.471846e+01	 1.172311e-03	 0	 1.731793e+05	 5.214657e-04	 6.295263e-04	 8.646904e-04	 2.840792e-02	 
 6.805205e-02	 -1.644875e-04	 4.540397e-01	 4.780723e-01	 1.471963e+01	 1.471846e+01	 1.172311e-03	 0	 1.731793e+05	 5.214657e-04	 6.295263e-04	 8.646904e-04	 2.840792e-02	 
 6.805205e-02	 -1.644875e-04	 4.540397e-01	 4.780723e-01	 1.471963e+01	 1.471846e+01	 1.172311e-03	 0	 1.731793e+05	 5.214657e-04	 6.295263e-04	 8.646904e-04	 2.840792e-02	 
 6.805205e-02	 -1.644875e-04	 4.540397e-01	 4.780723e-01	 1.471963e+01	 1.471846e+01	 1.172311e-03	 0	 1.731793e+05	 5.214657e-04	 6.295263e-04	 8.646904e-04	 2.840792e-02	 
 6.805205e-02	 -1.644875e-04	 4.540397e-01	 4.780723e-01	 1.471963e+01	 1.471846e+01	 1.172311e-03	 0	 1.731793e+05	 5.214657e-04	 6.295263e-04	 8.646904e-04	 2.840792e-02	 
 6.805205e-02	 -1.644875e-04	 4.540397e-01	 4.780723e-01	 1.471963e+01	 1.471846e+01	 1.172311e-03	 0	 1.731793e+05	 5.214657e-04	 6.295263e-04	 8.646904e-04	 2.840792e-02	 
 6.805205e-02	 -1.644875e-04	 4.540397e-01	 4.780723e-01	 1.471963e+01	 1.471846e+01	 1.172311e-03	 0	 1.731793e+05	 5.214657e-04	 6.295263e-04	 8.646904e-04	 2.840792e-02	 
 6.805205e-02	 -1.644875e-04	 4.540397e-01	 4.780723e-01	 1.471963e+01	 1.471846e+01	 1.172311e-03	 0	 1.731793e+05	 5.214657e-04	 6.295263e-04	 8.646904e-04	 2.840792e-02	 
 6.805205e-02	 -1.644875e-04	 4.540397e-01	 4.780723e-01	 1.471963e+01	 1.471846e+01	 1.172311e-03	 0	 1.731793e+05	 5.214657e-04	 6.295263e-04	 8.646904e-04	 2.840792e-02	 
 6.805205e-02	 -1.644875e-04	 4.540397e-01	 4.780723e-01	 1.471963e+01	 1.471846e+01	 1.172311e-03	 0	 1.731793e+05	 5.214657e-04	 6.295263e-04	 8.646904e-04	 2.840792e-02	 
 6.805205e-02	 -1.644875e-04	 4.540397e-01	 4.780723e-01	 1.471963e+01	 1.471846e+01	 1.172311e-03	 0	 1.731793e+05	 5.214657e-04	 6.295263e-04	 8.646904e-04	 2.840792e-02	 
 6.805205e-02	 -1.644875e-04	 4.540397e-01	 4.780723e-01	 1.471963e+01	 1.471846e+01	 1.172311e-03	 0	 1.731793e+05	 5.214657e-04	 6.295263e-04	 8.646904e-04	 2.840792e-02	 
 6.805205e-02	 -1.644875e-04	 4.540397e-01	 4.780723e-01	 1.471963e+01	 1.471846e+01	 1.172311e-03	 0	 1.731793e+05	 5.214657e-04	 6.295263e-04	 8.646904e-04	 2.840792e-02	 
 6.202695e-01	 -1.835849e-04	 5.662515e-01	 -1.798132e-01	 1.329043e+01	 1.328954e+01	 8.881043e-04	 0	 1.443700e+02	 8.442907e-03	 9.053578e-02	 9.038527e-02	 7.010591e-03	 
 6.202695e-01	 -1.835849e-04	 5.662515e-01	 -1.798132e-01	 1.329043e+01	 1.328954e+01	 8.881043e-04	 0	 1.443700e+02	 8.442907e-03	 9.053578e-02	 9.038527e-02	 7.010591e-03	 
 6.202695e-01	 -1.835849e-04	 5.662515e-01	 -1.798132e-01	 1.329043e+01	 1.328954e+01	 8.881043e-04	 0	 1.443700e+02	 8.442907e-03	 9.053578e-02	 9.038527e-02	 7.010591e-03	 
 6.202695e-01	 -1.835849e-04	 5.662515e-01	 -1.798132e-01	 1.329043e+01	 1.328954e+01	 8.881043e-04	 0	 1.443700e+02	 8.442907e-03	 9.053578e-02	 9.038527e-02	 7.010591e-03	 
 6.202695e-01	 -1.835849e-04	 5.662515e-01	 -1.798132e-01	 1.329043e+01	 1.328954e+01	 8.881043e-04	 0	 1.443700e+02	 8.442907e-03	 9.053578e-02	 9.038527e-02	 7.010591e-03	 
 6.202695e-01	 -1.835849e-04	 5.662515e-01	 -1.798132e-01	 1.329043e+01	 1.328954e+01	 8.881043e-04	 0	 1.443700e+02	 8.442907e-03	 9.053578e-02	 9.038527e-02	 7.010591e-03	 
 6.202695e-01	 -1.835849e-04	 5.662515e-01	 -1.798132e-01	 1.329043e+01	 1.328954e+01	 8.881043e-04	 0	 1.443700e+02	 8.442907e-03	 9.053578e-02	 9.038527e-02	 7.010591e-03	 
 6.202695e-01	 -1.835849e-04	 5.662515e-01	 -1.798132e-01	 1.329043e+01	 1.328954e+01	 8.881043e-04	 0	 1.443700e+02	 8.442907e-03	 9.053578e-02	 9.038527e-02	 7.010591e-03	 
 6.202695e-01	 -1.835849e-04	 5.662515e-01	 -1.798132e-01	 1.329043e+01	 1.328954e+01	 8.881043e-04	 0	 1.443700e+02	 8.442907e-03	 9.053578e-02	 9.038527e-02	 7.010591e-03	 
 6.202695e-01	 -1.835849e-04	 5.662515e-01	 -1.798132e-01	 1.329043e+01	 1.328954e+01	 8.881043e-04	 0	 1.443700e+02	 8.442907e-03	 9.053578e-02	 9.038527e-02	 7.010591e-03	 
 6.202695e-01	 -1.835849e-04	 5.662515e-01	 -1.798132e-01	 1.329043e+01	 1.328954e+01	 8.881043e-04	 0	 1.443700e+02	 8.442907e-03	 9.053578e-02	 9.038527e-02	 7.010591e-03	 
 6.202695e-01	 -1.835849e-04	 5.662515e-01	 -1.798132e-01	 1.329043e+01	 1.328954e+01	 8.881043e-04	 0	 1.443700e+02	 8.442907e-03	 9.053578e-02	 9.038527e-02	 7.010591e-03	 
 6.805205e-02	 -1.644875e-04	 4.540397e-01	 4.780723e-01	 1.471963e+01	 1.471846e+01	 1.172311e-03	 0	 1.731793e+05	 5.214657e-04	 6.295263e-04	 8.646904e-04	 2.840792e-02	 
 6.805205e-02	 -1.644875e-04	 4.540397e-01	 4.780723e-01	 1.471963e+01	 1.471846e+01	 1.172311e-03	 0	 1.731793e+05	 5.214657e-04	 6.295263e-04	 8.646904e-04	 2.840792e-02	 
 6.805205e-02	 -1.644875e-04	 4.540397e-01	 4.780723e-01	 1.471963e+01	 1.471846e+01	 1.172311e-03	 0	 1.731793e+05	 5.214657e-04	 6.295263e-04	 8.646904e-04	 2.840792e-02	 
 6.805205e-02	 -1.644875e-04	 4.540397e-01	 4.780723e-01	 1.471963e+01	 1.471846e+01	 1.172311e-03	 0	 1.731793e+05	 5.214657e-04	 6.295263e-04	 8.646904e-04	 2.840792e-02	 
 6.805205e-02	 -1.644875e-04	 4.540397e-01	 4.780723e-01	 1.471963e+01	 1.471846e+01	 1.172311e-03	 0	 1.731793e+05	 5.214657e-04	 6.295263e-04	 8.646904e-04	 2.840792e-02	 
 6.805205e-02	 -1.644875e-04	 4.540397e-01	 4.780723e-01	 1.471963e+01	 1.471846e+01	 1.172311e-03	 0	 1.731793e+05	 5.214657e-04	 6.295263e-04	 8.646904e-04	 2.840792e-02	 
 2.565502e-01	 9.097730e-04	 2.149524e-01	 4.880310e-01	 2.161860e+01	 2.161128e+01	 7.315881e-03	 1	 1.768543e+03	 5.382447e-02	 4.541188e-02	 4.329315e-01	 6.436187e-02	 
 2.565502e-01	 9.097730e-04	 2.149524e-01	 4.880310e-01	 2.161860e+01	 2.161128e+01	 7.315881e-03	 1	 1.768543e+03	 5.382447e-02	 4.541188e-02	 4.329315e-01	 6.436187e-02	 
 2.565502e-01	 9.097730e-04	 2.149524e-01	 4.880310e-01	 2.161860e+01	 2.161128e+01	 7.315881e-03	 1	 1.768543e+03	 5.382447e-02	 4.541188e-02	 4.329315e-01	 6.436187e-02	 
 2.565502e-01	 9.097730e-04	 2.149524e-01	 4.880310e-01	 2.161860e+01	 2.161128e+01	 7.315881e-03	 1	 1.768543e+03	 5.382447e-02	 4.541188e-02	 4.329315e-01	 6.436187e-02	 
 2.565502e-01	 9.097730e-04	 2.149524e-01	 4.880310e-01	 2.161860e+01	 2.161128e+01	 7.315881e-03	 1	 1.768543e+03	 5.382447e-02	 4.541188e-02	 4.329315e-01	 6.436187e-02	 
 2.565502e-01	 9.097730e-04	 2.149524e-01	 4.880310e-01	 2.161860e+01	 2.161128e+01	 7.315881e-03	 1	 1.768543e+03	 5.382447e-02	 4.541188e-02	 4.329315e-01	 6.436187e-02	 
 2.570634e-01	 4.264751e-04	 2.122885e-01	 4.902736e-01	 2.161458e+01	 2.161128e+01	 3.296018e-03	 1	 1.773529e+03	 5.266407e-02	 4.547385e-02	 4.567238e-01	 6.279786e-02	 
 2.570634e-01	 4.264751e-04	 2.122885e-01	 4.902736e-01	 2.161458e+01	 2.161128e+01	 3.296018e-03	 1	 1.773529e+03	 5.266407e-02	 4.547385e-02	 4.567238e-01	 6.279786e-02	 
 2.570634e-01	 4.264751e-04	 2.122885e-01	 4.902736e-01	 2.161458e+01	 2.161128e+01	 3.296018e-03	 1	 1.773529e+03	 5.266407e-02	 4.547385e-02	 4.567238e-01	 6.279786e-02	 
 2.570634e-01	 4.264751e-04	 2.122885e-01	 4.902736e-01	 2.161458e+01	 2.161128e+01	 3.296018e-03	 1	 1.773529e+03	 5.266407e-02	 4.547385e-02	 4.567238e-01	 6.279786e-02	 
 2.570634e-01	 4.264751e-04	 2.122885e-01	 4.902736e-01	 2.161458e+01	 2.161128e+01	 3.296018e-03	 1	 1.773529e+03	 5.266407e-02	 4.547385e-02	 4.567238e-01	 6.279786e-02	 
 2.570634e-01	 4.264751e-04	 2.122885e-01	 4.902736e-01	 2.161458e+01	 2.161128e+01	 3.296018e-03	 1	 1.773529e+03	 5.266407e-02	 4.547385e-02	 4.567238e-01	 6.279786e-02	 
 6.805205e-02	 -1.644875e-04	 4.540397e-01	 4.780723e-01	 1.471963e+01	 1.471846e+01	 1.172311e-03	 0	 1.731793e+05	 5.214657e-04	 6.295263e-04	 8.646904e-04	 2.840792e-02	 
 6.805205e-02	 -1.644875e-04	 4.540397e-01	 4.780723e-01	 1.471963e+01	 1.471846e+01	 1.172311e-03	 0	 1.731793e+05	 5.214657e-04	 6.295263e-04	 8.646904e-04	 2.840792e-02	 
 6.805205e-02	 -1.644875e-04	 4.540397e-01	 4.780723e-01	 1.471963e+01	 1.471846e+01	 1.172311e-03	 0	 1.731793e+05	 5.214657e-04	 6.295263e-04	 8.646904e-04	 2.840792e-02	 
 6.805205e-02	 -1.644875e-04	 4.540397e-01	 4.780723e-01	 1.471963e+01	 1.471846e+01	 1.172311e-03	 0	 1.731793e+05	 5.214657e-04	 6.295263e-04	 8.646904e-04	 2.840792e-02	 
 6.805205e-02	 -1.644875e-04	 4.540397e-01	 4.780723e-01	 1.471963e+01	 1.471846e+01	 1.172311e-03	 0	 1.731793e+05	 5.214657e-04	 6.295263e-04	 8.646904e-04	 2.840792e-02	 
 6.805205e-02	 -1.644875e-04	 4.540397e-01	 4.780723e-01	 1.471963e+01	 1.471846e+01	 1.172311e-03	 0	 1.731793e+05	 5.214657e-04	 6.295263e-04	 8.646904e-04	 2.840792e-02	 
 3.593713e-01	 1.064941e-04	 2.836793e-02	 5.595072e-01	 3.932996e+01	 3.932895e+01	 1.012872e-03	 1	 3.570110e+02	 8.528039e-02	 7.500360e-02	 2.134028e-01	 1.168129e-01	 
 3.593713e-01	 1.064941e-04	 2.836793e-02	 5.595072e-01	 3.932996e+01	 3.932895e+01	 1.012872e-03	 1	 3.570110e+02	 8.528039e-02	 7.500360e-02	 2.134028e-01	 1.168129e-01	 
 3.593713e-01	 1.064941e-04	 2.836793e-02	 5.595072e-01	 3.932996e+01	 3.932895e+01	 1.012872e-03	 1	 3.570110e+02	 8.528039e-02	 7.500360e-02	 2.134028e-01	 1.168129e-01	 
 3.593713e-01	 1.064941e-04	 2.836793e-02	 5.595072e-01	 3.932996e+01	 3.932895e+01	 1.012872e-03	 1	 3.570110e+02	 8.528039e-02	 7.500360e-02	 2.134028e-01	 1.168129e-01	 
 3.593713e-01	 1.064941e-04	 2.836793e-02	 5.595072e-01	 3.932996e+01	 3.932895e+01	 1.012872e-03	 1	 3.570110e+02	 8.528039e-02	 7.500360e-02	 2.134028e-01	 1.168129e-01	 
 3.593713e-01	 1.064941e-04	 2.836793e-02	 5.595072e-01	 3.932996e+01	 3.932895e+01	 1.012872e-03	 1	 3.570110e+02	 8.528039e-02	 7.500360e-02	 2.134028e-01	 1.168129e-01	 
 3.594052e-01	 5.239571e-05	 2.888202e-02	 5.590120e-01	 3.932828e+01	 3.932895e+01	 6.665658e-04	 1	 3.567509e+02	 8.512139e-02	 7.501172e-02	 2.137257e-01	 1.168744e-01	 
 3.594052e-01	 5.239571e-05	 2.888202e-02	 5.590120e-01	 3.932828e+01	 3.932895e+01	 6.665658e-04	 1	 3.567509e+02	 8.512139e-02	 7.501172e-02	 2.137257e-01	 1.168744e-01	 
 3.594052e-01	 5.239571e-05	 2.888202e-02	 5.590120e-01	 3.932828e+01	 3.932895e+01	 6.665658e-04	 1	 3.567509e+02	 8.512139e-02	 7.501172e-02	 2.137257e-01	 1.168744e-01	 
 3.594052e-01	 5.239571e-05	 2.888202e-02	 5.590120e-01	 3.932828e+01	 3.932895e+01	 6.665658e-04	 1	 3.567509e+02	 8.512139e-02	 7.501172e-02	 2.137257e-01	 1.168744e-01	 
 3.594052e-01	 5.239571e-05	 2.888202e-02	 5.590120e-01	 3.932828e+01	 3.932895e+01	 6.665658e-04	 1	 3.567509e+02	 8.512139e-02	 7.501172e-02	 2.137257e-01	 1.168744e-01	 
 3.594052e-01	 5.239571e-05	 2.888202e-02	 5.590120e-01	 3.932828e+01	 3.932895e+01	 6.665658e-04	 1	 3.567509e+02	 8.512139e-02	 7.501172e-02	 2.137257e-01	 1.168744e-01	 
 