3.414914e-01	 1.507426e-07	 5.213483e-01	 1.356065e-01	 2.278157e+01	 2.278259e+01	 1	 
 3.414914e-01	 1.507426e-07	 5.213483e-01	 1.356065e-01	 2.278157e+01	 2.278259e+01	 1	 
 3.414914e-01	 1.507426e-07	 5.213483e-01	 1.356065e-01	 2.278157e+01	 2.278259e+01	 1	 
 3.414914e-01	 1.507426e-07	 5.213483e-01	 1.356065e-01	 2.278157e+01	 2.278259e+01	 1	 
 3.414914e-01	 1.507426e-07	 5.213483e-01	 1.356065e-01	 2.278157e+01	 2.278259e+01	 1	 
 3.414914e-01	 1.507426e-07	 5.213483e-01	 1.356065e-01	 2.278157e+01	 2.278259e+01	 1	 
 -1.664920e+00	 -2.482794e-04	 1.382553e+00	 1.283058e+00	 4.058729e+01	 4.058729e+01	 0	 
 -1.664920e+00	 -2.482794e-04	 1.382553e+00	 1.283058e+00	 4.058729e+01	 4.058729e+01	 0	 
 -1.664920e+00	 -2.482794e-04	 1.382553e+00	 1.283058e+00	 4.058729e+01	 4.058729e+01	 0	 
 -1.664920e+00	 -2.482794e-04	 1.382553e+00	 1.283058e+00	 4.058729e+01	 4.058729e+01	 0	 
 -1.664920e+00	 -2.482794e-04	 1.382553e+00	 1.283058e+00	 4.058729e+01	 4.058729e+01	 0	 
 -1.664920e+00	 -2.482794e-04	 1.382553e+00	 1.283058e+00	 4.058729e+01	 4.058729e+01	 0	 
 3.593717e-01	 1.035613e-04	 2.839597e-02	 5.594816e-01	 3.932987e+01	 3.941078e+01	 1	 
 3.593717e-01	 1.035613e-04	 2.839597e-02	 5.594816e-01	 3.932987e+01	 3.941078e+01	 1	 
 3.593717e-01	 1.035613e-04	 2.839597e-02	 5.594816e-01	 3.932987e+01	 3.941078e+01	 1	 
 3.593717e-01	 1.035613e-04	 2.839597e-02	 5.594816e-01	 3.932987e+01	 3.941078e+01	 1	 
 3.593717e-01	 1.035613e-04	 2.839597e-02	 5.594816e-01	 3.932987e+01	 3.941078e+01	 1	 
 3.593717e-01	 1.035613e-04	 2.839597e-02	 5.594816e-01	 3.932987e+01	 3.941078e+01	 1	 
 4.473375e-01	 9.741008e-05	 4.067959e-01	 1.081286e-01	 2.638596e+01	 2.639463e+01	 1	 
 4.473375e-01	 9.741008e-05	 4.067959e-01	 1.081286e-01	 2.638596e+01	 2.639463e+01	 1	 
 4.473375e-01	 9.741008e-05	 4.067959e-01	 1.081286e-01	 2.638596e+01	 2.639463e+01	 1	 
 4.473375e-01	 9.741008e-05	 4.067959e-01	 1.081286e-01	 2.638596e+01	 2.639463e+01	 1	 
 4.473375e-01	 9.741008e-05	 4.067959e-01	 1.081286e-01	 2.638596e+01	 2.639463e+01	 1	 
 4.473375e-01	 9.741008e-05	 4.067959e-01	 1.081286e-01	 2.638596e+01	 2.639463e+01	 1	 
 6.254659e-01	 1.599567e-04	 2.577842e-01	 8.283081e-02	 2.900819e+01	 2.901015e+01	 1	 
 6.254659e-01	 1.599567e-04	 2.577842e-01	 8.283081e-02	 2.900819e+01	 2.901015e+01	 1	 
 6.254659e-01	 1.599567e-04	 2.577842e-01	 8.283081e-02	 2.900819e+01	 2.901015e+01	 1	 
 6.254659e-01	 1.599567e-04	 2.577842e-01	 8.283081e-02	 2.900819e+01	 2.901015e+01	 1	 
 6.254659e-01	 1.599567e-04	 2.577842e-01	 8.283081e-02	 2.900819e+01	 2.901015e+01	 1	 
 6.254659e-01	 1.599567e-04	 2.577842e-01	 8.283081e-02	 2.900819e+01	 2.901015e+01	 1	 
 2.448679e-01	 -1.914221e-02	 9.062243e-01	 -1.308368e-01	 2.906292e+01	 2.906292e+01	 0	 
 2.448679e-01	 -1.914221e-02	 9.062243e-01	 -1.308368e-01	 2.906292e+01	 2.906292e+01	 0	 
 2.448679e-01	 -1.914221e-02	 9.062243e-01	 -1.308368e-01	 2.906292e+01	 2.906292e+01	 0	 
 2.448679e-01	 -1.914221e-02	 9.062243e-01	 -1.308368e-01	 2.906292e+01	 2.906292e+01	 0	 
 2.448679e-01	 -1.914221e-02	 9.062243e-01	 -1.308368e-01	 2.906292e+01	 2.906292e+01	 0	 
 2.448679e-01	 -1.914221e-02	 9.062243e-01	 -1.308368e-01	 2.906292e+01	 2.906292e+01	 0	 
 5.108951e-01	 -1.465963e-04	 6.968553e-01	 -2.076060e-01	 3.465209e+01	 3.465209e+01	 0	 
 5.108951e-01	 -1.465963e-04	 6.968553e-01	 -2.076060e-01	 3.465209e+01	 3.465209e+01	 0	 
 5.108951e-01	 -1.465963e-04	 6.968553e-01	 -2.076060e-01	 3.465209e+01	 3.465209e+01	 0	 
 5.108951e-01	 -1.465963e-04	 6.968553e-01	 -2.076060e-01	 3.465209e+01	 3.465209e+01	 0	 
 5.108951e-01	 -1.465963e-04	 6.968553e-01	 -2.076060e-01	 3.465209e+01	 3.465209e+01	 0	 
 5.108951e-01	 -1.465963e-04	 6.968553e-01	 -2.076060e-01	 3.465209e+01	 3.465209e+01	 0	 
 4.177473e-01	 3.411667e-02	 3.604198e-01	 1.754734e-01	 2.189087e+01	 2.160720e+01	 1	 
 4.177473e-01	 3.411667e-02	 3.604198e-01	 1.754734e-01	 2.189087e+01	 2.160720e+01	 1	 
 4.177473e-01	 3.411667e-02	 3.604198e-01	 1.754734e-01	 2.189087e+01	 2.160720e+01	 1	 
 4.177473e-01	 3.411667e-02	 3.604198e-01	 1.754734e-01	 2.189087e+01	 2.160720e+01	 1	 
 4.177473e-01	 3.411667e-02	 3.604198e-01	 1.754734e-01	 2.189087e+01	 2.160720e+01	 1	 
 4.177473e-01	 3.411667e-02	 3.604198e-01	 1.754734e-01	 2.189087e+01	 2.160720e+01	 1	 
 6.202695e-01	 -1.835849e-04	 5.662515e-01	 -1.798132e-01	 1.329043e+01	 1.329043e+01	 0	 
 6.202695e-01	 -1.835849e-04	 5.662515e-01	 -1.798132e-01	 1.329043e+01	 1.329043e+01	 0	 
 6.202695e-01	 -1.835849e-04	 5.662515e-01	 -1.798132e-01	 1.329043e+01	 1.329043e+01	 0	 
 6.202695e-01	 -1.835849e-04	 5.662515e-01	 -1.798132e-01	 1.329043e+01	 1.329043e+01	 0	 
 6.202695e-01	 -1.835849e-04	 5.662515e-01	 -1.798132e-01	 1.329043e+01	 1.329043e+01	 0	 
 6.202695e-01	 -1.835849e-04	 5.662515e-01	 -1.798132e-01	 1.329043e+01	 1.329043e+01	 0	 
 6.805205e-02	 -1.644875e-04	 4.540397e-01	 4.780723e-01	 1.471963e+01	 1.471963e+01	 0	 
 6.805205e-02	 -1.644875e-04	 4.540397e-01	 4.780723e-01	 1.471963e+01	 1.471963e+01	 0	 
 6.805205e-02	 -1.644875e-04	 4.540397e-01	 4.780723e-01	 1.471963e+01	 1.471963e+01	 0	 
 6.805205e-02	 -1.644875e-04	 4.540397e-01	 4.780723e-01	 1.471963e+01	 1.471963e+01	 0	 
 6.805205e-02	 -1.644875e-04	 4.540397e-01	 4.780723e-01	 1.471963e+01	 1.471963e+01	 0	 
 6.805205e-02	 -1.644875e-04	 4.540397e-01	 4.780723e-01	 1.471963e+01	 1.471963e+01	 0	 
 6.805205e-02	 -1.644875e-04	 4.540397e-01	 4.780723e-01	 1.471963e+01	 1.471963e+01	 0	 
 6.805205e-02	 -1.644875e-04	 4.540397e-01	 4.780723e-01	 1.471963e+01	 1.471963e+01	 0	 
 6.805205e-02	 -1.644875e-04	 4.540397e-01	 4.780723e-01	 1.471963e+01	 1.471963e+01	 0	 
 6.805205e-02	 -1.644875e-04	 4.540397e-01	 4.780723e-01	 1.471963e+01	 1.471963e+01	 0	 
 6.805205e-02	 -1.644875e-04	 4.540397e-01	 4.780723e-01	 1.471963e+01	 1.471963e+01	 0	 
 6.805205e-02	 -1.644875e-04	 4.540397e-01	 4.780723e-01	 1.471963e+01	 1.471963e+01	 0	 
 2.448679e-01	 -1.914221e-02	 9.062243e-01	 -1.308368e-01	 2.906292e+01	 2.906292e+01	 0	 
 2.448679e-01	 -1.914221e-02	 9.062243e-01	 -1.308368e-01	 2.906292e+01	 2.906292e+01	 0	 
 2.448679e-01	 -1.914221e-02	 9.062243e-01	 -1.308368e-01	 2.906292e+01	 2.906292e+01	 0	 
 2.448679e-01	 -1.914221e-02	 9.062243e-01	 -1.308368e-01	 2.906292e+01	 2.906292e+01	 0	 
 2.448679e-01	 -1.914221e-02	 9.062243e-01	 -1.308368e-01	 2.906292e+01	 2.906292e+01	 0	 
 2.448679e-01	 -1.914221e-02	 9.062243e-01	 -1.308368e-01	 2.906292e+01	 2.906292e+01	 0	 
 2.448679e-01	 -1.914221e-02	 9.062243e-01	 -1.308368e-01	 2.906292e+01	 2.906292e+01	 0	 
 2.448679e-01	 -1.914221e-02	 9.062243e-01	 -1.308368e-01	 2.906292e+01	 2.906292e+01	 0	 
 2.448679e-01	 -1.914221e-02	 9.062243e-01	 -1.308368e-01	 2.906292e+01	 2.906292e+01	 0	 
 2.448679e-01	 -1.914221e-02	 9.062243e-01	 -1.308368e-01	 2.906292e+01	 2.906292e+01	 0	 
 2.448679e-01	 -1.914221e-02	 9.062243e-01	 -1.308368e-01	 2.906292e+01	 2.906292e+01	 0	 
 2.448679e-01	 -1.914221e-02	 9.062243e-01	 -1.308368e-01	 2.906292e+01	 2.906292e+01	 0	 
 6.805205e-02	 -1.644875e-04	 4.540397e-01	 4.780723e-01	 1.471963e+01	 1.471963e+01	 0	 
 6.805205e-02	 -1.644875e-04	 4.540397e-01	 4.780723e-01	 1.471963e+01	 1.471963e+01	 0	 
 6.805205e-02	 -1.644875e-04	 4.540397e-01	 4.780723e-01	 1.471963e+01	 1.471963e+01	 0	 
 6.805205e-02	 -1.644875e-04	 4.540397e-01	 4.780723e-01	 1.471963e+01	 1.471963e+01	 0	 
 6.805205e-02	 -1.644875e-04	 4.540397e-01	 4.780723e-01	 1.471963e+01	 1.471963e+01	 0	 
 6.805205e-02	 -1.644875e-04	 4.540397e-01	 4.780723e-01	 1.471963e+01	 1.471963e+01	 0	 
 2.565502e-01	 9.097730e-04	 2.149524e-01	 4.880310e-01	 2.161860e+01	 2.189087e+01	 1	 
 2.565502e-01	 9.097730e-04	 2.149524e-01	 4.880310e-01	 2.161860e+01	 2.189087e+01	 1	 
 2.565502e-01	 9.097730e-04	 2.149524e-01	 4.880310e-01	 2.161860e+01	 2.189087e+01	 1	 
 2.565502e-01	 9.097730e-04	 2.149524e-01	 4.880310e-01	 2.161860e+01	 2.189087e+01	 1	 
 2.565502e-01	 9.097730e-04	 2.149524e-01	 4.880310e-01	 2.161860e+01	 2.189087e+01	 1	 
 2.565502e-01	 9.097730e-04	 2.149524e-01	 4.880310e-01	 2.161860e+01	 2.189087e+01	 1	 
 3.431879e-01	 1.060852e-03	 2.032976e-01	 4.132880e-01	 2.161340e+01	 2.161720e+01	 1	 
 3.431879e-01	 1.060852e-03	 2.032976e-01	 4.132880e-01	 2.161340e+01	 2.161720e+01	 1	 
 3.431879e-01	 1.060852e-03	 2.032976e-01	 4.132880e-01	 2.161340e+01	 2.161720e+01	 1	 
 3.431879e-01	 1.060852e-03	 2.032976e-01	 4.132880e-01	 2.161340e+01	 2.161720e+01	 1	 
 3.431879e-01	 1.060852e-03	 2.032976e-01	 4.132880e-01	 2.161340e+01	 2.161720e+01	 1	 
 3.431879e-01	 1.060852e-03	 2.032976e-01	 4.132880e-01	 2.161340e+01	 2.161720e+01	 1	 
 6.805205e-02	 -1.644875e-04	 4.540397e-01	 4.780723e-01	 1.471963e+01	 1.471963e+01	 0	 
 6.805205e-02	 -1.644875e-04	 4.540397e-01	 4.780723e-01	 1.471963e+01	 1.471963e+01	 0	 
 6.805205e-02	 -1.644875e-04	 4.540397e-01	 4.780723e-01	 1.471963e+01	 1.471963e+01	 0	 
 6.805205e-02	 -1.644875e-04	 4.540397e-01	 4.780723e-01	 1.471963e+01	 1.471963e+01	 0	 
 6.805205e-02	 -1.644875e-04	 4.540397e-01	 4.780723e-01	 1.471963e+01	 1.471963e+01	 0	 
 6.805205e-02	 -1.644875e-04	 4.540397e-01	 4.780723e-01	 1.471963e+01	 1.471963e+01	 0	 
 -1.664920e+00	 -2.482794e-04	 1.382553e+00	 1.283058e+00	 4.058729e+01	 4.058729e+01	 0	 
 -1.664920e+00	 -2.482794e-04	 1.382553e+00	 1.283058e+00	 4.058729e+01	 4.058729e+01	 0	 
 -1.664920e+00	 -2.482794e-04	 1.382553e+00	 1.283058e+00	 4.058729e+01	 4.058729e+01	 0	 
 -1.664920e+00	 -2.482794e-04	 1.382553e+00	 1.283058e+00	 4.058729e+01	 4.058729e+01	 0	 
 -1.664920e+00	 -2.482794e-04	 1.382553e+00	 1.283058e+00	 4.058729e+01	 4.058729e+01	 0	 
 -1.664920e+00	 -2.482794e-04	 1.382553e+00	 1.283058e+00	 4.058729e+01	 4.058729e+01	 0	 
 -1.664920e+00	 -2.482794e-04	 1.382553e+00	 1.283058e+00	 4.058729e+01	 4.058729e+01	 0	 
 -1.664920e+00	 -2.482794e-04	 1.382553e+00	 1.283058e+00	 4.058729e+01	 4.058729e+01	 0	 
 -1.664920e+00	 -2.482794e-04	 1.382553e+00	 1.283058e+00	 4.058729e+01	 4.058729e+01	 0	 
 -1.664920e+00	 -2.482794e-04	 1.382553e+00	 1.283058e+00	 4.058729e+01	 4.058729e+01	 0	 
 -1.664920e+00	 -2.482794e-04	 1.382553e+00	 1.283058e+00	 4.058729e+01	 4.058729e+01	 0	 
 -1.664920e+00	 -2.482794e-04	 1.382553e+00	 1.283058e+00	 4.058729e+01	 4.058729e+01	 0	 
 6.805205e-02	 -1.644875e-04	 4.540397e-01	 4.780723e-01	 1.471963e+01	 1.471963e+01	 0	 
 6.805205e-02	 -1.644875e-04	 4.540397e-01	 4.780723e-01	 1.471963e+01	 1.471963e+01	 0	 
 6.805205e-02	 -1.644875e-04	 4.540397e-01	 4.780723e-01	 1.471963e+01	 1.471963e+01	 0	 
 6.805205e-02	 -1.644875e-04	 4.540397e-01	 4.780723e-01	 1.471963e+01	 1.471963e+01	 0	 
 6.805205e-02	 -1.644875e-04	 4.540397e-01	 4.780723e-01	 1.471963e+01	 1.471963e+01	 0	 
 6.805205e-02	 -1.644875e-04	 4.540397e-01	 4.780723e-01	 1.471963e+01	 1.471963e+01	 0	 
 6.805205e-02	 -1.644875e-04	 4.540397e-01	 4.780723e-01	 1.471963e+01	 1.471963e+01	 0	 
 6.805205e-02	 -1.644875e-04	 4.540397e-01	 4.780723e-01	 1.471963e+01	 1.471963e+01	 0	 
 6.805205e-02	 -1.644875e-04	 4.540397e-01	 4.780723e-01	 1.471963e+01	 1.471963e+01	 0	 
 6.805205e-02	 -1.644875e-04	 4.540397e-01	 4.780723e-01	 1.471963e+01	 1.471963e+01	 0	 
 6.805205e-02	 -1.644875e-04	 4.540397e-01	 4.780723e-01	 1.471963e+01	 1.471963e+01	 0	 
 6.805205e-02	 -1.644875e-04	 4.540397e-01	 4.780723e-01	 1.471963e+01	 1.471963e+01	 0	 
 6.805205e-02	 -1.644875e-04	 4.540397e-01	 4.780723e-01	 1.471963e+01	 1.471963e+01	 0	 
 6.805205e-02	 -1.644875e-04	 4.540397e-01	 4.780723e-01	 1.471963e+01	 1.471963e+01	 0	 
 6.805205e-02	 -1.644875e-04	 4.540397e-01	 4.780723e-01	 1.471963e+01	 1.471963e+01	 0	 
 6.805205e-02	 -1.644875e-04	 4.540397e-01	 4.780723e-01	 1.471963e+01	 1.471963e+01	 0	 
 6.805205e-02	 -1.644875e-04	 4.540397e-01	 4.780723e-01	 1.471963e+01	 1.471963e+01	 0	 
 6.805205e-02	 -1.644875e-04	 4.540397e-01	 4.780723e-01	 1.471963e+01	 1.471963e+01	 0	 
 6.805205e-02	 -1.644875e-04	 4.540397e-01	 4.780723e-01	 1.471963e+01	 1.471963e+01	 0	 
 6.805205e-02	 -1.644875e-04	 4.540397e-01	 4.780723e-01	 1.471963e+01	 1.471963e+01	 0	 
 6.805205e-02	 -1.644875e-04	 4.540397e-01	 4.780723e-01	 1.471963e+01	 1.471963e+01	 0	 
 6.805205e-02	 -1.644875e-04	 4.540397e-01	 4.780723e-01	 1.471963e+01	 1.471963e+01	 0	 
 6.805205e-02	 -1.644875e-04	 4.540397e-01	 4.780723e-01	 1.471963e+01	 1.471963e+01	 0	 
 6.805205e-02	 -1.644875e-04	 4.540397e-01	 4.780723e-01	 1.471963e+01	 1.471963e+01	 0	 
 2.448679e-01	 -1.914221e-02	 9.062243e-01	 -1.308368e-01	 2.906292e+01	 2.906292e+01	 0	 
 2.448679e-01	 -1.914221e-02	 9.062243e-01	 -1.308368e-01	 2.906292e+01	 2.906292e+01	 0	 
 2.448679e-01	 -1.914221e-02	 9.062243e-01	 -1.308368e-01	 2.906292e+01	 2.906292e+01	 0	 
 2.448679e-01	 -1.914221e-02	 9.062243e-01	 -1.308368e-01	 2.906292e+01	 2.906292e+01	 0	 
 2.448679e-01	 -1.914221e-02	 9.062243e-01	 -1.308368e-01	 2.906292e+01	 2.906292e+01	 0	 
 2.448679e-01	 -1.914221e-02	 9.062243e-01	 -1.308368e-01	 2.906292e+01	 2.906292e+01	 0	 
 2.448679e-01	 -1.914221e-02	 9.062243e-01	 -1.308368e-01	 2.906292e+01	 2.906292e+01	 0	 
 2.448679e-01	 -1.914221e-02	 9.062243e-01	 -1.308368e-01	 2.906292e+01	 2.906292e+01	 0	 
 2.448679e-01	 -1.914221e-02	 9.062243e-01	 -1.308368e-01	 2.906292e+01	 2.906292e+01	 0	 
 2.448679e-01	 -1.914221e-02	 9.062243e-01	 -1.308368e-01	 2.906292e+01	 2.906292e+01	 0	 
 2.448679e-01	 -1.914221e-02	 9.062243e-01	 -1.308368e-01	 2.906292e+01	 2.906292e+01	 0	 
 2.448679e-01	 -1.914221e-02	 9.062243e-01	 -1.308368e-01	 2.906292e+01	 2.906292e+01	 0	 
 6.805205e-02	 -1.644875e-04	 4.540397e-01	 4.780723e-01	 1.471963e+01	 1.471963e+01	 0	 
 6.805205e-02	 -1.644875e-04	 4.540397e-01	 4.780723e-01	 1.471963e+01	 1.471963e+01	 0	 
 6.805205e-02	 -1.644875e-04	 4.540397e-01	 4.780723e-01	 1.471963e+01	 1.471963e+01	 0	 
 6.805205e-02	 -1.644875e-04	 4.540397e-01	 4.780723e-01	 1.471963e+01	 1.471963e+01	 0	 
 6.805205e-02	 -1.644875e-04	 4.540397e-01	 4.780723e-01	 1.471963e+01	 1.471963e+01	 0	 
 6.805205e-02	 -1.644875e-04	 4.540397e-01	 4.780723e-01	 1.471963e+01	 1.471963e+01	 0	 
 4.479103e-01	 1.361586e-04	 4.067968e-01	 1.075256e-01	 2.638560e+01	 2.638621e+01	 1	 
 4.479103e-01	 1.361586e-04	 4.067968e-01	 1.075256e-01	 2.638560e+01	 2.638621e+01	 1	 
 4.479103e-01	 1.361586e-04	 4.067968e-01	 1.075256e-01	 2.638560e+01	 2.638621e+01	 1	 
 4.479103e-01	 1.361586e-04	 4.067968e-01	 1.075256e-01	 2.638560e+01	 2.638621e+01	 1	 
 4.479103e-01	 1.361586e-04	 4.067968e-01	 1.075256e-01	 2.638560e+01	 2.638621e+01	 1	 
 4.479103e-01	 1.361586e-04	 4.067968e-01	 1.075256e-01	 2.638560e+01	 2.638621e+01	 1	 
 4.609216e-01	 2.860477e-03	 4.099670e-01	 8.902165e-02	 2.638177e+01	 2.638556e+01	 1	 
 4.609216e-01	 2.860477e-03	 4.099670e-01	 8.902165e-02	 2.638177e+01	 2.638556e+01	 1	 
 4.609216e-01	 2.860477e-03	 4.099670e-01	 8.902165e-02	 2.638177e+01	 2.638556e+01	 1	 
 4.609216e-01	 2.860477e-03	 4.099670e-01	 8.902165e-02	 2.638177e+01	 2.638556e+01	 1	 
 4.609216e-01	 2.860477e-03	 4.099670e-01	 8.902165e-02	 2.638177e+01	 2.638556e+01	 1	 
 4.609216e-01	 2.860477e-03	 4.099670e-01	 8.902165e-02	 2.638177e+01	 2.638556e+01	 1	 
 6.805205e-02	 -1.644875e-04	 4.540397e-01	 4.780723e-01	 1.471963e+01	 1.471963e+01	 0	 
 6.805205e-02	 -1.644875e-04	 4.540397e-01	 4.780723e-01	 1.471963e+01	 1.471963e+01	 0	 
 6.805205e-02	 -1.644875e-04	 4.540397e-01	 4.780723e-01	 1.471963e+01	 1.471963e+01	 0	 
 6.805205e-02	 -1.644875e-04	 4.540397e-01	 4.780723e-01	 1.471963e+01	 1.471963e+01	 0	 
 6.805205e-02	 -1.644875e-04	 4.540397e-01	 4.780723e-01	 1.471963e+01	 1.471963e+01	 0	 
 6.805205e-02	 -1.644875e-04	 4.540397e-01	 4.780723e-01	 1.471963e+01	 1.471963e+01	 0	 
 6.805205e-02	 -1.644875e-04	 4.540397e-01	 4.780723e-01	 1.471963e+01	 1.471963e+01	 0	 
 6.805205e-02	 -1.644875e-04	 4.540397e-01	 4.780723e-01	 1.471963e+01	 1.471963e+01	 0	 
 6.805205e-02	 -1.644875e-04	 4.540397e-01	 4.780723e-01	 1.471963e+01	 1.471963e+01	 0	 
 6.805205e-02	 -1.644875e-04	 4.540397e-01	 4.780723e-01	 1.471963e+01	 1.471963e+01	 0	 
 6.805205e-02	 -1.644875e-04	 4.540397e-01	 4.780723e-01	 1.471963e+01	 1.471963e+01	 0	 
 6.805205e-02	 -1.644875e-04	 4.540397e-01	 4.780723e-01	 1.471963e+01	 1.471963e+01	 0	 
 6.805205e-02	 -1.644875e-04	 4.540397e-01	 4.780723e-01	 1.471963e+01	 1.471963e+01	 0	 
 6.805205e-02	 -1.644875e-04	 4.540397e-01	 4.780723e-01	 1.471963e+01	 1.471963e+01	 0	 
 6.805205e-02	 -1.644875e-04	 4.540397e-01	 4.780723e-01	 1.471963e+01	 1.471963e+01	 0	 
 6.805205e-02	 -1.644875e-04	 4.540397e-01	 4.780723e-01	 1.471963e+01	 1.471963e+01	 0	 
 6.805205e-02	 -1.644875e-04	 4.540397e-01	 4.780723e-01	 1.471963e+01	 1.471963e+01	 0	 
 6.805205e-02	 -1.644875e-04	 4.540397e-01	 4.780723e-01	 1.471963e+01	 1.471963e+01	 0	 
 6.805205e-02	 -1.644875e-04	 4.540397e-01	 4.780723e-01	 1.471963e+01	 1.471963e+01	 0	 
 6.805205e-02	 -1.644875e-04	 4.540397e-01	 4.780723e-01	 1.471963e+01	 1.471963e+01	 0	 
 6.805205e-02	 -1.644875e-04	 4.540397e-01	 4.780723e-01	 1.471963e+01	 1.471963e+01	 0	 
 6.805205e-02	 -1.644875e-04	 4.540397e-01	 4.780723e-01	 1.471963e+01	 1.471963e+01	 0	 
 6.805205e-02	 -1.644875e-04	 4.540397e-01	 4.780723e-01	 1.471963e+01	 1.471963e+01	 0	 
 6.805205e-02	 -1.644875e-04	 4.540397e-01	 4.780723e-01	 1.471963e+01	 1.471963e+01	 0	 
 6.202695e-01	 -1.835849e-04	 5.662515e-01	 -1.798132e-01	 1.329043e+01	 1.329043e+01	 0	 
 6.202695e-01	 -1.835849e-04	 5.662515e-01	 -1.798132e-01	 1.329043e+01	 1.329043e+01	 0	 
 6.202695e-01	 -1.835849e-04	 5.662515e-01	 -1.798132e-01	 1.329043e+01	 1.329043e+01	 0	 
 6.202695e-01	 -1.835849e-04	 5.662515e-01	 -1.798132e-01	 1.329043e+01	 1.329043e+01	 0	 
 6.202695e-01	 -1.835849e-04	 5.662515e-01	 -1.798132e-01	 1.329043e+01	 1.329043e+01	 0	 
 6.202695e-01	 -1.835849e-04	 5.662515e-01	 -1.798132e-01	 1.329043e+01	 1.329043e+01	 0	 
 6.202695e-01	 -1.835849e-04	 5.662515e-01	 -1.798132e-01	 1.329043e+01	 1.329043e+01	 0	 
 6.202695e-01	 -1.835849e-04	 5.662515e-01	 -1.798132e-01	 1.329043e+01	 1.329043e+01	 0	 
 6.202695e-01	 -1.835849e-04	 5.662515e-01	 -1.798132e-01	 1.329043e+01	 1.329043e+01	 0	 
 6.202695e-01	 -1.835849e-04	 5.662515e-01	 -1.798132e-01	 1.329043e+01	 1.329043e+01	 0	 
 6.202695e-01	 -1.835849e-04	 5.662515e-01	 -1.798132e-01	 1.329043e+01	 1.329043e+01	 0	 
 6.202695e-01	 -1.835849e-04	 5.662515e-01	 -1.798132e-01	 1.329043e+01	 1.329043e+01	 0	 
 6.805205e-02	 -1.644875e-04	 4.540397e-01	 4.780723e-01	 1.471963e+01	 1.471963e+01	 0	 
 6.805205e-02	 -1.644875e-04	 4.540397e-01	 4.780723e-01	 1.471963e+01	 1.471963e+01	 0	 
 6.805205e-02	 -1.644875e-04	 4.540397e-01	 4.780723e-01	 1.471963e+01	 1.471963e+01	 0	 
 6.805205e-02	 -1.644875e-04	 4.540397e-01	 4.780723e-01	 1.471963e+01	 1.471963e+01	 0	 
 6.805205e-02	 -1.644875e-04	 4.540397e-01	 4.780723e-01	 1.471963e+01	 1.471963e+01	 0	 
 6.805205e-02	 -1.644875e-04	 4.540397e-01	 4.780723e-01	 1.471963e+01	 1.471963e+01	 0	 
 2.565502e-01	 9.097730e-04	 2.149524e-01	 4.880310e-01	 2.161860e+01	 2.189087e+01	 1	 
 2.565502e-01	 9.097730e-04	 2.149524e-01	 4.880310e-01	 2.161860e+01	 2.189087e+01	 1	 
 2.565502e-01	 9.097730e-04	 2.149524e-01	 4.880310e-01	 2.161860e+01	 2.189087e+01	 1	 
 2.565502e-01	 9.097730e-04	 2.149524e-01	 4.880310e-01	 2.161860e+01	 2.189087e+01	 1	 
 2.565502e-01	 9.097730e-04	 2.149524e-01	 4.880310e-01	 2.161860e+01	 2.189087e+01	 1	 
 2.565502e-01	 9.097730e-04	 2.149524e-01	 4.880310e-01	 2.161860e+01	 2.189087e+01	 1	 
 2.570634e-01	 4.264751e-04	 2.122885e-01	 4.902736e-01	 2.161458e+01	 2.161860e+01	 1	 
 2.570634e-01	 4.264751e-04	 2.122885e-01	 4.902736e-01	 2.161458e+01	 2.161860e+01	 1	 
 2.570634e-01	 4.264751e-04	 2.122885e-01	 4.902736e-01	 2.161458e+01	 2.161860e+01	 1	 
 2.570634e-01	 4.264751e-04	 2.122885e-01	 4.902736e-01	 2.161458e+01	 2.161860e+01	 1	 
 2.570634e-01	 4.264751e-04	 2.122885e-01	 4.902736e-01	 2.161458e+01	 2.161860e+01	 1	 
 2.570634e-01	 4.264751e-04	 2.122885e-01	 4.902736e-01	 2.161458e+01	 2.161860e+01	 1	 
 6.805205e-02	 -1.644875e-04	 4.540397e-01	 4.780723e-01	 1.471963e+01	 1.471963e+01	 0	 
 6.805205e-02	 -1.644875e-04	 4.540397e-01	 4.780723e-01	 1.471963e+01	 1.471963e+01	 0	 
 6.805205e-02	 -1.644875e-04	 4.540397e-01	 4.780723e-01	 1.471963e+01	 1.471963e+01	 0	 
 6.805205e-02	 -1.644875e-04	 4.540397e-01	 4.780723e-01	 1.471963e+01	 1.471963e+01	 0	 
 6.805205e-02	 -1.644875e-04	 4.540397e-01	 4.780723e-01	 1.471963e+01	 1.471963e+01	 0	 
 6.805205e-02	 -1.644875e-04	 4.540397e-01	 4.780723e-01	 1.471963e+01	 1.471963e+01	 0	 
 3.593713e-01	 1.064941e-04	 2.836793e-02	 5.595072e-01	 3.932996e+01	 3.939418e+01	 1	 
 3.593713e-01	 1.064941e-04	 2.836793e-02	 5.595072e-01	 3.932996e+01	 3.939418e+01	 1	 
 3.593713e-01	 1.064941e-04	 2.836793e-02	 5.595072e-01	 3.932996e+01	 3.939418e+01	 1	 
 3.593713e-01	 1.064941e-04	 2.836793e-02	 5.595072e-01	 3.932996e+01	 3.939418e+01	 1	 
 3.593713e-01	 1.064941e-04	 2.836793e-02	 5.595072e-01	 3.932996e+01	 3.939418e+01	 1	 
 3.593713e-01	 1.064941e-04	 2.836793e-02	 5.595072e-01	 3.932996e+01	 3.939418e+01	 1	 
 3.594052e-01	 5.239571e-05	 2.888202e-02	 5.590120e-01	 3.932828e+01	 3.933051e+01	 1	 
 3.594052e-01	 5.239571e-05	 2.888202e-02	 5.590120e-01	 3.932828e+01	 3.933051e+01	 1	 
 3.594052e-01	 5.239571e-05	 2.888202e-02	 5.590120e-01	 3.932828e+01	 3.933051e+01	 1	 
 3.594052e-01	 5.239571e-05	 2.888202e-02	 5.590120e-01	 3.932828e+01	 3.933051e+01	 1	 
 3.594052e-01	 5.239571e-05	 2.888202e-02	 5.590120e-01	 3.932828e+01	 3.933051e+01	 1	 
 3.594052e-01	 5.239571e-05	 2.888202e-02	 5.590120e-01	 3.932828e+01	 3.933051e+01	 1	 
 