4.430511e+03	 4.430511e+03	 4.430511e+03	 6.837797e-08	 6.837797e-08	 6.837797e-08	 
 4.430511e+03	 4.430511e+03	 4.430511e+03	 6.837797e-08	 6.837797e-08	 6.837797e-08	 
 4.430511e+03	 4.430511e+03	 4.430511e+03	 6.837797e-08	 6.837797e-08	 6.837797e-08	 
 4.430511e+03	 4.430511e+03	 4.430511e+03	 6.837797e-08	 6.837797e-08	 6.837797e-08	 
 4.430511e+03	 4.430511e+03	 4.430511e+03	 6.837797e-08	 6.837797e-08	 6.837797e-08	 
 4.430511e+03	 4.430511e+03	 4.430511e+03	 6.837797e-08	 6.837797e-08	 6.837797e-08	 
 4.430511e+03	 4.430511e+03	 4.430511e+03	 6.837797e-08	 6.837797e-08	 6.837797e-08	 
 4.430511e+03	 4.430511e+03	 4.430511e+03	 6.837797e-08	 6.837797e-08	 6.837797e-08	 
 4.430511e+03	 4.430511e+03	 4.430511e+03	 6.837797e-08	 6.837797e-08	 6.837797e-08	 
 4.430511e+03	 4.430511e+03	 4.430511e+03	 6.837797e-08	 6.837797e-08	 6.837797e-08	 
 4.430511e+03	 4.430511e+03	 4.430511e+03	 6.837797e-08	 6.837797e-08	 6.837797e-08	 
 4.430511e+03	 4.430511e+03	 4.430511e+03	 6.837797e-08	 6.837797e-08	 6.837797e-08	 
 4.430511e+03	 4.430511e+03	 4.430511e+03	 6.837797e-08	 6.837797e-08	 6.837797e-08	 
 4.430511e+03	 4.430511e+03	 4.430511e+03	 6.837797e-08	 6.837797e-08	 6.837797e-08	 
 4.430511e+03	 4.430511e+03	 4.430511e+03	 6.837797e-08	 6.837797e-08	 6.837797e-08	 
 4.430511e+03	 4.430511e+03	 4.430511e+03	 6.837797e-08	 6.837797e-08	 6.837797e-08	 
 4.430511e+03	 4.430511e+03	 4.430511e+03	 6.837797e-08	 6.837797e-08	 6.837797e-08	 
 4.430511e+03	 4.430511e+03	 4.430511e+03	 6.837797e-08	 6.837797e-08	 6.837797e-08	 
 4.430511e+03	 4.430511e+03	 4.430511e+03	 6.837797e-08	 6.837797e-08	 6.837797e-08	 
 4.430511e+03	 4.430511e+03	 4.430511e+03	 6.837797e-08	 6.837797e-08	 6.837797e-08	 
 4.663671e+03	 3.110124e+03	 4.585994e+03	 0	 0	 
 4.663671e+03	 3.110124e+03	 4.508316e+03	 0	 0	 
 4.663671e+03	 3.110124e+03	 4.430639e+03	 0	 0	 
 4.663671e+03	 3.110124e+03	 4.352962e+03	 0	 0	 
 4.663671e+03	 3.110124e+03	 4.275284e+03	 0	 0	 
 4.663671e+03	 3.110124e+03	 4.197607e+03	 0	 0	 
 4.663671e+03	 3.110124e+03	 4.119930e+03	 0	 0	 
 4.663671e+03	 3.110124e+03	 4.042252e+03	 0	 0	 
 4.663671e+03	 3.110124e+03	 3.964575e+03	 0	 0	 
 4.663671e+03	 3.110124e+03	 3.886897e+03	 0	 0	 
 4.663671e+03	 3.110124e+03	 3.809220e+03	 0	 0	 
 4.663671e+03	 3.110124e+03	 3.731543e+03	 0	 0	 
 4.663671e+03	 3.110124e+03	 3.653865e+03	 0	 0	 
 4.663671e+03	 3.110124e+03	 3.576188e+03	 0	 0	 
 4.663671e+03	 3.110124e+03	 3.498511e+03	 0	 0	 
 4.663671e+03	 3.110124e+03	 3.420833e+03	 0	 0	 
 4.663671e+03	 3.110124e+03	 3.343156e+03	 0	 0	 
 4.663671e+03	 3.110124e+03	 3.265479e+03	 0	 0	 
 4.663671e+03	 3.110124e+03	 3.187801e+03	 0	 0	 
 4.663671e+03	 3.110124e+03	 3.110124e+03	 0	 0	 
 4.430511e+03	 6.688366e+03	 4.317618e+03	 6.837797e-08	 6.455812e-04	 6.837797e-08	 
 4.430511e+03	 6.688366e+03	 4.204725e+03	 6.837797e-08	 6.455812e-04	 6.837797e-08	 
 4.430511e+03	 6.688366e+03	 4.091833e+03	 6.837797e-08	 6.455812e-04	 6.837797e-08	 
 4.430511e+03	 6.688366e+03	 3.978940e+03	 6.837797e-08	 6.455812e-04	 6.837797e-08	 
 4.430511e+03	 6.688366e+03	 3.866047e+03	 6.837797e-08	 6.455812e-04	 6.837797e-08	 
 4.430511e+03	 6.688366e+03	 3.753154e+03	 6.837797e-08	 6.455812e-04	 6.837797e-08	 
 4.430511e+03	 6.688366e+03	 3.640262e+03	 6.837797e-08	 6.455812e-04	 6.837797e-08	 
 4.430511e+03	 6.688366e+03	 3.527369e+03	 6.837797e-08	 6.455812e-04	 6.837797e-08	 
 4.430511e+03	 6.688366e+03	 3.414476e+03	 6.837797e-08	 6.455812e-04	 6.837797e-08	 
 4.430511e+03	 6.688366e+03	 3.301583e+03	 6.837797e-08	 6.455812e-04	 6.837797e-08	 
 4.430511e+03	 6.688366e+03	 3.188691e+03	 6.837797e-08	 6.455812e-04	 6.837797e-08	 
 4.430511e+03	 6.688366e+03	 3.075798e+03	 6.837797e-08	 6.455812e-04	 6.837797e-08	 
 4.430511e+03	 6.688366e+03	 2.962905e+03	 6.837797e-08	 6.455812e-04	 6.837797e-08	 
 4.430511e+03	 6.688366e+03	 2.850013e+03	 6.837797e-08	 6.455812e-04	 6.837797e-08	 
 4.430511e+03	 6.688366e+03	 2.737120e+03	 6.837797e-08	 6.455812e-04	 6.837797e-08	 
 4.430511e+03	 6.688366e+03	 2.624227e+03	 6.837797e-08	 6.455812e-04	 6.837797e-08	 
 4.430511e+03	 6.688366e+03	 2.511334e+03	 6.837797e-08	 6.455812e-04	 6.837797e-08	 
 4.430511e+03	 6.688366e+03	 2.398442e+03	 6.837797e-08	 6.455812e-04	 6.837797e-08	 
 4.430511e+03	 6.688366e+03	 2.285549e+03	 6.837797e-08	 6.455812e-04	 6.837797e-08	 
 4.430511e+03	 6.688366e+03	 2.172656e+03	 6.837797e-08	 6.455812e-04	 6.837797e-08	 
 4.663671e+03	 1.420360e-01	 4.430495e+03	 0	 0	 
 4.663671e+03	 1.420360e-01	 4.197318e+03	 0	 0	 
 4.663671e+03	 1.420360e-01	 3.964142e+03	 0	 0	 
 4.663671e+03	 1.420360e-01	 3.730965e+03	 0	 0	 
 4.663671e+03	 1.420360e-01	 3.497789e+03	 0	 0	 
 4.663671e+03	 1.420360e-01	 3.264612e+03	 0	 0	 
 4.663671e+03	 1.420360e-01	 3.031436e+03	 0	 0	 
 4.663671e+03	 1.420360e-01	 2.798259e+03	 0	 0	 
 4.663671e+03	 1.420360e-01	 2.565083e+03	 0	 0	 
 4.663671e+03	 1.420360e-01	 2.331907e+03	 0	 0	 
 4.663671e+03	 1.420360e-01	 2.098730e+03	 0	 0	 
 4.663671e+03	 1.420360e-01	 1.865554e+03	 0	 0	 
 4.663671e+03	 1.420360e-01	 1.632377e+03	 0	 0	 
 4.663671e+03	 1.420360e-01	 1.399201e+03	 0	 0	 
 4.663671e+03	 1.420360e-01	 1.166024e+03	 0	 0	 
 4.663671e+03	 1.420360e-01	 9.328478e+02	 0	 0	 
 4.663671e+03	 1.420360e-01	 6.996714e+02	 0	 0	 
 4.663671e+03	 1.420360e-01	 4.664949e+02	 0	 0	 
 4.663671e+03	 1.420360e-01	 2.333185e+02	 0	 0	 
 4.663671e+03	 3.546097e+03	 4.607792e+03	 0	 0	 
 4.663671e+03	 3.546097e+03	 4.551914e+03	 0	 0	 
 4.663671e+03	 3.546097e+03	 4.496035e+03	 0	 0	 
 4.663671e+03	 3.546097e+03	 4.440156e+03	 0	 0	 
 4.663671e+03	 3.546097e+03	 4.384277e+03	 0	 0	 
 4.663671e+03	 3.546097e+03	 4.328399e+03	 0	 0	 
 4.663671e+03	 3.546097e+03	 4.272520e+03	 0	 0	 
 4.663671e+03	 3.546097e+03	 4.216641e+03	 0	 0	 
 4.663671e+03	 3.546097e+03	 4.160763e+03	 0	 0	 
 4.663671e+03	 3.546097e+03	 4.104884e+03	 0	 0	 
 4.663671e+03	 3.546097e+03	 4.049005e+03	 0	 0	 
 4.663671e+03	 3.546097e+03	 3.993126e+03	 0	 0	 
 4.663671e+03	 3.546097e+03	 3.937248e+03	 0	 0	 
 4.663671e+03	 3.546097e+03	 3.881369e+03	 0	 0	 
 4.663671e+03	 3.546097e+03	 3.825490e+03	 0	 0	 
 4.663671e+03	 3.546097e+03	 3.769611e+03	 0	 0	 
 4.663671e+03	 3.546097e+03	 3.713733e+03	 0	 0	 
 4.663671e+03	 3.546097e+03	 3.657854e+03	 0	 0	 
 4.663671e+03	 3.546097e+03	 3.601975e+03	 0	 0	 
 4.663671e+03	 3.546097e+03	 3.546097e+03	 0	 0	 
 4.663671e+03	 4.663671e+03	 4.663671e+03	 6.837797e-08	 6.837797e-08	 6.837797e-08	 
 4.663671e+03	 4.663671e+03	 4.663671e+03	 6.837797e-08	 6.837797e-08	 6.837797e-08	 
 4.663671e+03	 4.663671e+03	 4.663671e+03	 6.837797e-08	 6.837797e-08	 6.837797e-08	 
 4.663671e+03	 4.663671e+03	 4.663671e+03	 6.837797e-08	 6.837797e-08	 6.837797e-08	 
 4.663671e+03	 4.663671e+03	 4.663671e+03	 6.837797e-08	 6.837797e-08	 6.837797e-08	 
 4.663671e+03	 4.663671e+03	 4.663671e+03	 6.837797e-08	 6.837797e-08	 6.837797e-08	 
 4.663671e+03	 4.663671e+03	 4.663671e+03	 6.837797e-08	 6.837797e-08	 6.837797e-08	 
 4.663671e+03	 4.663671e+03	 4.663671e+03	 6.837797e-08	 6.837797e-08	 6.837797e-08	 
 4.663671e+03	 4.663671e+03	 4.663671e+03	 6.837797e-08	 6.837797e-08	 6.837797e-08	 
 4.663671e+03	 4.663671e+03	 4.663671e+03	 6.837797e-08	 6.837797e-08	 6.837797e-08	 
 4.663671e+03	 4.663671e+03	 4.663671e+03	 6.837797e-08	 6.837797e-08	 6.837797e-08	 
 4.663671e+03	 4.663671e+03	 4.663671e+03	 6.837797e-08	 6.837797e-08	 6.837797e-08	 
 4.663671e+03	 4.663671e+03	 4.663671e+03	 6.837797e-08	 6.837797e-08	 6.837797e-08	 
 4.663671e+03	 4.663671e+03	 4.663671e+03	 6.837797e-08	 6.837797e-08	 6.837797e-08	 
 4.663671e+03	 4.663671e+03	 4.663671e+03	 6.837797e-08	 6.837797e-08	 6.837797e-08	 
 4.663671e+03	 4.663671e+03	 4.663671e+03	 6.837797e-08	 6.837797e-08	 6.837797e-08	 
 4.663671e+03	 4.663671e+03	 4.663671e+03	 6.837797e-08	 6.837797e-08	 6.837797e-08	 
 4.663671e+03	 4.663671e+03	 4.663671e+03	 6.837797e-08	 6.837797e-08	 6.837797e-08	 
 4.663671e+03	 4.663671e+03	 4.663671e+03	 6.837797e-08	 6.837797e-08	 6.837797e-08	 
 4.663671e+03	 4.663671e+03	 4.663671e+03	 6.837797e-08	 6.837797e-08	 6.837797e-08	 
 4.663671e+03	 6.688366e+03	 4.562436e+03	 6.837797e-08	 6.455812e-04	 6.837797e-08	 
 4.663671e+03	 6.688366e+03	 4.461202e+03	 6.837797e-08	 6.455812e-04	 6.837797e-08	 
 4.663671e+03	 6.688366e+03	 4.359967e+03	 6.837797e-08	 6.455812e-04	 6.837797e-08	 
 4.663671e+03	 6.688366e+03	 4.258732e+03	 6.837797e-08	 6.455812e-04	 6.837797e-08	 
 4.663671e+03	 6.688366e+03	 4.157497e+03	 6.837797e-08	 6.455812e-04	 6.837797e-08	 
 4.663671e+03	 6.688366e+03	 4.056263e+03	 6.837797e-08	 6.455812e-04	 6.837797e-08	 
 4.663671e+03	 6.688366e+03	 3.955028e+03	 6.837797e-08	 6.455812e-04	 6.837797e-08	 
 4.663671e+03	 6.688366e+03	 3.853793e+03	 6.837797e-08	 6.455812e-04	 6.837797e-08	 
 4.663671e+03	 6.688366e+03	 3.752559e+03	 6.837797e-08	 6.455812e-04	 6.837797e-08	 
 4.663671e+03	 6.688366e+03	 3.651324e+03	 6.837797e-08	 6.455812e-04	 6.837797e-08	 
 4.663671e+03	 6.688366e+03	 3.550089e+03	 6.837797e-08	 6.455812e-04	 6.837797e-08	 
 4.663671e+03	 6.688366e+03	 3.448854e+03	 6.837797e-08	 6.455812e-04	 6.837797e-08	 
 4.663671e+03	 6.688366e+03	 3.347620e+03	 6.837797e-08	 6.455812e-04	 6.837797e-08	 
 4.663671e+03	 6.688366e+03	 3.246385e+03	 6.837797e-08	 6.455812e-04	 6.837797e-08	 
 4.663671e+03	 6.688366e+03	 3.145150e+03	 6.837797e-08	 6.455812e-04	 6.837797e-08	 
 4.663671e+03	 6.688366e+03	 3.043915e+03	 6.837797e-08	 6.455812e-04	 6.837797e-08	 
 4.663671e+03	 6.688366e+03	 2.942681e+03	 6.837797e-08	 6.455812e-04	 6.837797e-08	 
 4.663671e+03	 6.688366e+03	 2.841446e+03	 6.837797e-08	 6.455812e-04	 6.837797e-08	 
 4.663671e+03	 6.688366e+03	 2.740211e+03	 6.837797e-08	 6.455812e-04	 6.837797e-08	 
 4.663671e+03	 6.688366e+03	 2.638977e+03	 6.837797e-08	 6.455812e-04	 6.837797e-08	 
 5.444671e+03	 3.110124e+03	 5.327944e+03	 0	 0	 
 5.444671e+03	 3.110124e+03	 5.211216e+03	 0	 0	 
 5.444671e+03	 3.110124e+03	 5.094489e+03	 0	 0	 
 5.444671e+03	 3.110124e+03	 4.977762e+03	 0	 0	 
 5.444671e+03	 3.110124e+03	 4.861034e+03	 0	 0	 
 5.444671e+03	 3.110124e+03	 4.744307e+03	 0	 0	 
 5.444671e+03	 3.110124e+03	 4.627580e+03	 0	 0	 
 5.444671e+03	 3.110124e+03	 4.510852e+03	 0	 0	 
 5.444671e+03	 3.110124e+03	 4.394125e+03	 0	 0	 
 5.444671e+03	 3.110124e+03	 4.277398e+03	 0	 0	 
 5.444671e+03	 3.110124e+03	 4.160670e+03	 0	 0	 
 5.444671e+03	 3.110124e+03	 4.043943e+03	 0	 0	 
 5.444671e+03	 3.110124e+03	 3.927215e+03	 0	 0	 
 5.444671e+03	 3.110124e+03	 3.810488e+03	 0	 0	 
 5.444671e+03	 3.110124e+03	 3.693761e+03	 0	 0	 
 5.444671e+03	 3.110124e+03	 3.577033e+03	 0	 0	 
 5.444671e+03	 3.110124e+03	 3.460306e+03	 0	 0	 
 5.444671e+03	 3.110124e+03	 3.343579e+03	 0	 0	 
 5.444671e+03	 3.110124e+03	 3.226851e+03	 0	 0	 
 5.444671e+03	 3.110124e+03	 3.110124e+03	 0	 0	 
 4.663671e+03	 4.663671e+03	 4.663671e+03	 6.837797e-08	 6.837797e-08	 6.837797e-08	 
 4.663671e+03	 4.663671e+03	 4.663671e+03	 6.837797e-08	 6.837797e-08	 6.837797e-08	 
 4.663671e+03	 4.663671e+03	 4.663671e+03	 6.837797e-08	 6.837797e-08	 6.837797e-08	 
 4.663671e+03	 4.663671e+03	 4.663671e+03	 6.837797e-08	 6.837797e-08	 6.837797e-08	 
 4.663671e+03	 4.663671e+03	 4.663671e+03	 6.837797e-08	 6.837797e-08	 6.837797e-08	 
 4.663671e+03	 4.663671e+03	 4.663671e+03	 6.837797e-08	 6.837797e-08	 6.837797e-08	 
 4.663671e+03	 4.663671e+03	 4.663671e+03	 6.837797e-08	 6.837797e-08	 6.837797e-08	 
 4.663671e+03	 4.663671e+03	 4.663671e+03	 6.837797e-08	 6.837797e-08	 6.837797e-08	 
 4.663671e+03	 4.663671e+03	 4.663671e+03	 6.837797e-08	 6.837797e-08	 6.837797e-08	 
 4.663671e+03	 4.663671e+03	 4.663671e+03	 6.837797e-08	 6.837797e-08	 6.837797e-08	 
 4.663671e+03	 4.663671e+03	 4.663671e+03	 6.837797e-08	 6.837797e-08	 6.837797e-08	 
 4.663671e+03	 4.663671e+03	 4.663671e+03	 6.837797e-08	 6.837797e-08	 6.837797e-08	 
 4.663671e+03	 4.663671e+03	 4.663671e+03	 6.837797e-08	 6.837797e-08	 6.837797e-08	 
 4.663671e+03	 4.663671e+03	 4.663671e+03	 6.837797e-08	 6.837797e-08	 6.837797e-08	 
 4.663671e+03	 4.663671e+03	 4.663671e+03	 6.837797e-08	 6.837797e-08	 6.837797e-08	 
 4.663671e+03	 4.663671e+03	 4.663671e+03	 6.837797e-08	 6.837797e-08	 6.837797e-08	 
 4.663671e+03	 4.663671e+03	 4.663671e+03	 6.837797e-08	 6.837797e-08	 6.837797e-08	 
 4.663671e+03	 4.663671e+03	 4.663671e+03	 6.837797e-08	 6.837797e-08	 6.837797e-08	 
 4.663671e+03	 4.663671e+03	 4.663671e+03	 6.837797e-08	 6.837797e-08	 6.837797e-08	 
 4.663671e+03	 4.663671e+03	 4.663671e+03	 6.837797e-08	 6.837797e-08	 6.837797e-08	 
 4.663671e+03	 4.663671e+03	 4.663671e+03	 6.837797e-08	 6.837797e-08	 6.837797e-08	 
 4.663671e+03	 4.663671e+03	 4.663671e+03	 6.837797e-08	 6.837797e-08	 6.837797e-08	 
 4.663671e+03	 4.663671e+03	 4.663671e+03	 6.837797e-08	 6.837797e-08	 6.837797e-08	 
 4.663671e+03	 4.663671e+03	 4.663671e+03	 6.837797e-08	 6.837797e-08	 6.837797e-08	 
 4.663671e+03	 4.663671e+03	 4.663671e+03	 6.837797e-08	 6.837797e-08	 6.837797e-08	 
 4.663671e+03	 4.663671e+03	 4.663671e+03	 6.837797e-08	 6.837797e-08	 6.837797e-08	 
 4.663671e+03	 4.663671e+03	 4.663671e+03	 6.837797e-08	 6.837797e-08	 6.837797e-08	 
 4.663671e+03	 4.663671e+03	 4.663671e+03	 6.837797e-08	 6.837797e-08	 6.837797e-08	 
 4.663671e+03	 4.663671e+03	 4.663671e+03	 6.837797e-08	 6.837797e-08	 6.837797e-08	 
 4.663671e+03	 4.663671e+03	 4.663671e+03	 6.837797e-08	 6.837797e-08	 6.837797e-08	 
 4.663671e+03	 4.663671e+03	 4.663671e+03	 6.837797e-08	 6.837797e-08	 6.837797e-08	 
 4.663671e+03	 4.663671e+03	 4.663671e+03	 6.837797e-08	 6.837797e-08	 6.837797e-08	 
 4.663671e+03	 4.663671e+03	 4.663671e+03	 6.837797e-08	 6.837797e-08	 6.837797e-08	 
 4.663671e+03	 4.663671e+03	 4.663671e+03	 6.837797e-08	 6.837797e-08	 6.837797e-08	 
 4.663671e+03	 4.663671e+03	 4.663671e+03	 6.837797e-08	 6.837797e-08	 6.837797e-08	 
 4.663671e+03	 4.663671e+03	 4.663671e+03	 6.837797e-08	 6.837797e-08	 6.837797e-08	 
 4.663671e+03	 4.663671e+03	 4.663671e+03	 6.837797e-08	 6.837797e-08	 6.837797e-08	 
 4.663671e+03	 4.663671e+03	 4.663671e+03	 6.837797e-08	 6.837797e-08	 6.837797e-08	 
 4.663671e+03	 4.663671e+03	 4.663671e+03	 6.837797e-08	 6.837797e-08	 6.837797e-08	 
 4.663671e+03	 4.663671e+03	 4.663671e+03	 6.837797e-08	 6.837797e-08	 6.837797e-08	 
 