minimo	maximo	maximTot	minimTot	
9.773348e+00	 7.979570e+03	 5.757000e+02	 1268	 
 6.200885e+01	 7.979570e+03	 1.020000e+01	 2.626000e+02	 
 5.200803e+02	 4.497415e+03	 1.166900e+03	 1.990000e+03	 
 3.704400e+02	 4.497415e+03	 1.166900e+03	 1.922500e+03	 
 4.647175e+00	 7.979570e+03	 5.757000e+02	 1268	 
 8.580906e+02	 7.979570e+03	 1.990000e+01	 2.407500e+03	 
 5.499027e+02	 7.979570e+03	 1.166900e+03	 2.092400e+03	 
 5.815117e+02	 9.111960e+03	 1.467300e+03	 2.848100e+03	 
 4.454261e+02	 4.497415e+03	 5.757000e+02	 6.795000e+02	 
 5.334615e+02	 7.979570e+03	 6.200000e+00	 2.407500e+03	 
 8.027748e+02	 7.979570e+03	 1.166900e+03	 2.092400e+03	 
 6.007069e+02	 4.497415e+03	 1.166900e+03	 2.002200e+03	 
 5.578050e+02	 7.979570e+03	 686	 1.397500e+03	 
 1.241834e+01	 4.497415e+03	 6.200000e+00	 1.450000e+01	 
 1.335547e+01	 9.217697e+03	 1.166900e+03	 1.922500e+03	 
 4.812601e+02	 4.497415e+03	 1.166900e+03	 2.848100e+03	 
 1.063549e+03	 7.979570e+03	 7.106000e+02	 9.253000e+02	 
 1.735889e+02	 7.979570e+03	 18	 5.885000e+02	 
 5.947345e+02	 4.497415e+03	 1.289600e+03	 1.658900e+03	 
 4.185506e+02	 4.497415e+03	 1.166900e+03	 2.516400e+03	 
 1.468877e+02	 7.979570e+03	 6.381000e+02	 1.290300e+03	 
 2.486970e+01	 4.497415e+03	 6.200000e+00	 3.010000e+01	 
 6.052185e+02	 7.979570e+03	 9.871000e+02	 2.092400e+03	 
 4.245229e+02	 4.497415e+03	 1.071200e+03	 2.092400e+03	 
 4.275091e+02	 4.497415e+03	 5.757000e+02	 6.795000e+02	 
 4.991325e+02	 7.979570e+03	 6.200000e+00	 2.407500e+03	 
 7.158500e+02	 7.979570e+03	 1.166900e+03	 2.092400e+03	 
 6.843192e+02	 4.497415e+03	 1.181500e+03	 1.795400e+03	 
 9.179192e+00	 7.979570e+03	 5.757000e+02	 1.397500e+03	 
 3.549230e+01	 4.497415e+03	 1.390000e+01	 4.740000e+01	 
 8.718181e+01	 1.056583e+04	 1.528300e+03	 2.857800e+03	 
 7.158500e+02	 7.979570e+03	 1.166900e+03	 2.092400e+03	 
 4.812601e+02	 4.497415e+03	 5.757000e+02	 9.253000e+02	 
 2.055442e+01	 4.497410e+03	 5.800000e+00	 2.150000e+01	 
 9.134064e+02	 7.979570e+03	 1.187900e+03	 2.092400e+03	 
 3.704400e+02	 4.497415e+03	 1.166900e+03	 1.922500e+03	 
 4.723016e+02	 4.497415e+03	 5.757000e+02	 6.897000e+02	 
 3.973772e+02	 7.979570e+03	 2.270000e+01	 1.043500e+03	 
 9.134064e+02	 7.979570e+03	 1.166900e+03	 2.092400e+03	 
 4.543846e+02	 4.509750e+03	 1.071200e+03	 2.092400e+03	 
 4.663293e+02	 4.497415e+03	 5.757000e+02	 6.897000e+02	 
 4.693155e+02	 4.497415e+03	 5.757000e+02	 6.897000e+02	 
 4.723016e+02	 4.497415e+03	 5.757000e+02	 6.801000e+02	 
 4.633431e+02	 4.497415e+03	 5.757000e+02	 6.897000e+02	 
 4.633431e+02	 4.497415e+03	 5.757000e+02	 6.897000e+02	 
 4.633431e+02	 4.497415e+03	 5.757000e+02	 6.897000e+02	 
 4.633431e+02	 4.497415e+03	 5.757000e+02	 6.897000e+02	 
 4.633431e+02	 4.497415e+03	 5.757000e+02	 6.897000e+02	 
 4.663293e+02	 4.497415e+03	 5.757000e+02	 6.897000e+02	 
 4.663293e+02	 4.497415e+03	 5.757000e+02	 6.897000e+02	 
 4.663293e+02	 4.497415e+03	 5.757000e+02	 6.897000e+02	 
 4.693155e+02	 4.497415e+03	 5.757000e+02	 6.897000e+02	 
 4.723016e+02	 4.497415e+03	 5.757000e+02	 6.801000e+02	 
 4.723016e+02	 4.497415e+03	 5.757000e+02	 6.897000e+02	 
 4.693155e+02	 4.497415e+03	 5.757000e+02	 6.897000e+02	 
 4.663293e+02	 4.497415e+03	 5.757000e+02	 6.897000e+02	 
 4.693155e+02	 4.497415e+03	 5.757000e+02	 6.897000e+02	 
 4.693155e+02	 4.497415e+03	 5.757000e+02	 6.897000e+02	 
 4.693155e+02	 4.497415e+03	 5.757000e+02	 6.897000e+02	 
 4.723016e+02	 4.497415e+03	 5.757000e+02	 6.897000e+02	 
 4.723016e+02	 4.497415e+03	 5.757000e+02	 6.897000e+02	 
 4.723016e+02	 4.497415e+03	 5.757000e+02	 6.897000e+02	 
 4.752878e+02	 4.497415e+03	 5.757000e+02	 6.897000e+02	 
 4.723016e+02	 4.497415e+03	 5.757000e+02	 6.897000e+02	 
 4.723016e+02	 4.497415e+03	 5.757000e+02	 6.897000e+02	 
 4.723016e+02	 4.497415e+03	 6.002000e+02	 6.897000e+02	 
 4.723016e+02	 4.497415e+03	 5.757000e+02	 6.897000e+02	 
 4.693155e+02	 4.497415e+03	 5.757000e+02	 6.897000e+02	 
 4.812601e+02	 4.497415e+03	 5.757000e+02	 6.897000e+02	 
 4.752878e+02	 4.497415e+03	 5.757000e+02	 6.897000e+02	 
 4.582748e+02	 4.497415e+03	 5.757000e+02	 8.838000e+02	 
 4.836842e+02	 4.497415e+03	 5.757000e+02	 9.253000e+02	 
 4.872325e+02	 4.497415e+03	 5.757000e+02	 8.677000e+02	 
 4.872325e+02	 4.497415e+03	 5.757000e+02	 9.112000e+02	 
 4.902186e+02	 4.497415e+03	 5.757000e+02	 8.412000e+02	 
 4.842463e+02	 4.497415e+03	 5.757000e+02	 8.662000e+02	 
 4.812601e+02	 4.497415e+03	 5.757000e+02	 8.072000e+02	 
 4.752878e+02	 4.497415e+03	 5.757000e+02	 843	 
 4.723016e+02	 4.497415e+03	 5.757000e+02	 7.808000e+02	 
 4.723016e+02	 4.497415e+03	 5.757000e+02	 7.905000e+02	 
 4.723016e+02	 4.497415e+03	 5.757000e+02	 7.404000e+02	 
 4.723016e+02	 4.497415e+03	 5.757000e+02	 7.621000e+02	 
 4.723016e+02	 4.497415e+03	 5.757000e+02	 7.364000e+02	 
 4.752878e+02	 4.497415e+03	 5.757000e+02	 7.106000e+02	 
 4.836842e+02	 4.497415e+03	 5.757000e+02	 9.253000e+02	 
 4.872325e+02	 4.497415e+03	 5.757000e+02	 8.677000e+02	 
 4.872325e+02	 4.497415e+03	 5.757000e+02	 9.112000e+02	 
 4.902186e+02	 4.497415e+03	 5.757000e+02	 8.412000e+02	 
 4.842463e+02	 4.497415e+03	 5.757000e+02	 8.662000e+02	 
 4.812601e+02	 4.497415e+03	 5.757000e+02	 8.072000e+02	 
 4.752878e+02	 4.497415e+03	 5.757000e+02	 843	 
 4.723016e+02	 4.497415e+03	 5.757000e+02	 7.808000e+02	 
 4.723016e+02	 4.497415e+03	 5.757000e+02	 7.905000e+02	 
 4.723016e+02	 4.497415e+03	 5.757000e+02	 7.404000e+02	 
 4.723016e+02	 4.497415e+03	 5.757000e+02	 7.621000e+02	 
 4.723016e+02	 4.497415e+03	 5.757000e+02	 7.364000e+02	 
 4.752878e+02	 4.497415e+03	 5.757000e+02	 7.106000e+02	 
 4.723016e+02	 4.497415e+03	 5.757000e+02	 7.082000e+02	 
 4.752878e+02	 4.497415e+03	 5.757000e+02	 7.008000e+02	 
 4.752878e+02	 4.497415e+03	 5.757000e+02	 6.897000e+02	 
 4.633431e+02	 4.497415e+03	 5.757000e+02	 6.897000e+02	 
 4.633431e+02	 4.497415e+03	 5.757000e+02	 6.897000e+02	 
 4.633431e+02	 4.497415e+03	 5.757000e+02	 6.897000e+02	 
 4.633431e+02	 4.497415e+03	 5.757000e+02	 6.897000e+02	 
 4.633431e+02	 4.497415e+03	 5.757000e+02	 6.897000e+02	 
 4.663293e+02	 4.497415e+03	 5.757000e+02	 6.897000e+02	 
 4.663293e+02	 4.497415e+03	 5.757000e+02	 6.897000e+02	 
 4.663293e+02	 4.497415e+03	 5.757000e+02	 6.897000e+02	 
 4.693155e+02	 4.497415e+03	 5.757000e+02	 7.284000e+02	 
 4.663293e+02	 4.497415e+03	 5.757000e+02	 7.377000e+02	 
 4.633431e+02	 4.497415e+03	 5.757000e+02	 8.184000e+02	 
 4.633431e+02	 4.497415e+03	 5.757000e+02	 6.897000e+02	 
 4.633431e+02	 4.497415e+03	 5.757000e+02	 6.897000e+02	 
 4.633431e+02	 4.497415e+03	 5.757000e+02	 6.897000e+02	 
 4.633431e+02	 4.497415e+03	 5.757000e+02	 6.897000e+02	 
 4.633431e+02	 4.497415e+03	 5.757000e+02	 6.897000e+02	 
 4.663293e+02	 4.497415e+03	 5.757000e+02	 6.897000e+02	 
 4.663293e+02	 4.497415e+03	 5.757000e+02	 6.897000e+02	 
 4.663293e+02	 4.497415e+03	 5.757000e+02	 6.897000e+02	 
 4.693155e+02	 4.497415e+03	 5.757000e+02	 7.284000e+02	 
 4.663293e+02	 4.497415e+03	 5.757000e+02	 7.377000e+02	 
 4.633431e+02	 4.497415e+03	 5.757000e+02	 8.184000e+02	 
 4.543846e+02	 4.497415e+03	 5.757000e+02	 9.272000e+02	 
 4.484123e+02	 4.497415e+03	 5.757000e+02	 1.029200e+03	 
 4.394538e+02	 4.497415e+03	 5.757000e+02	 1.081700e+03	 
 4.275091e+02	 4.497415e+03	 5.757000e+02	 1268	 
 4.663293e+02	 4.497415e+03	 5.757000e+02	 6.897000e+02	 
 4.693155e+02	 4.497415e+03	 5.757000e+02	 6.897000e+02	 
 4.723016e+02	 4.497415e+03	 5.757000e+02	 6.801000e+02	 
 4.633431e+02	 4.497415e+03	 5.757000e+02	 6.897000e+02	 
 4.633431e+02	 4.497415e+03	 5.757000e+02	 6.897000e+02	 
 4.633431e+02	 4.497415e+03	 5.757000e+02	 6.897000e+02	 
 4.663293e+02	 4.497415e+03	 5.757000e+02	 6.897000e+02	 
 4.693155e+02	 4.497415e+03	 5.757000e+02	 6.897000e+02	 
 4.723016e+02	 4.497415e+03	 5.757000e+02	 6.801000e+02	 
 4.723016e+02	 4.497415e+03	 5.757000e+02	 6.897000e+02	 
 4.693155e+02	 4.497415e+03	 5.757000e+02	 6.897000e+02	 
 4.663293e+02	 4.497415e+03	 5.757000e+02	 6.897000e+02	 
 4.693155e+02	 4.497415e+03	 5.757000e+02	 6.897000e+02	 
 4.693155e+02	 4.497415e+03	 5.757000e+02	 6.897000e+02	 
 4.693155e+02	 4.497415e+03	 5.757000e+02	 6.897000e+02	 
 4.723016e+02	 4.497415e+03	 5.757000e+02	 6.897000e+02	 
 4.723016e+02	 4.497415e+03	 5.757000e+02	 6.897000e+02	 
 4.723016e+02	 4.497415e+03	 5.757000e+02	 6.897000e+02	 
 4.752878e+02	 4.497415e+03	 5.757000e+02	 6.897000e+02	 
 4.723016e+02	 4.497415e+03	 5.757000e+02	 6.897000e+02	 
 4.723016e+02	 4.497415e+03	 5.757000e+02	 6.897000e+02	 
 4.723016e+02	 4.497415e+03	 6.002000e+02	 6.897000e+02	 
 4.723016e+02	 4.497415e+03	 5.757000e+02	 6.897000e+02	 
 4.693155e+02	 4.497415e+03	 5.757000e+02	 6.897000e+02	 
 4.812601e+02	 4.497415e+03	 5.757000e+02	 6.897000e+02	 
 4.752878e+02	 4.497415e+03	 5.757000e+02	 6.897000e+02	 
 4.582748e+02	 4.497415e+03	 5.757000e+02	 8.838000e+02	 
 4.836842e+02	 4.497415e+03	 5.757000e+02	 9.253000e+02	 
 4.872325e+02	 4.497415e+03	 5.757000e+02	 8.677000e+02	 
 4.872325e+02	 4.497415e+03	 5.757000e+02	 9.112000e+02	 
 4.902186e+02	 4.497415e+03	 5.757000e+02	 8.412000e+02	 
 4.842463e+02	 4.497415e+03	 5.757000e+02	 8.662000e+02	 
 4.812601e+02	 4.497415e+03	 5.757000e+02	 8.072000e+02	 
 4.752878e+02	 4.497415e+03	 5.757000e+02	 843	 
 4.723016e+02	 4.497415e+03	 5.757000e+02	 7.808000e+02	 
 4.723016e+02	 4.497415e+03	 5.757000e+02	 7.905000e+02	 
 4.723016e+02	 4.497415e+03	 5.757000e+02	 7.404000e+02	 
 4.723016e+02	 4.497415e+03	 5.757000e+02	 7.621000e+02	 
 4.723016e+02	 4.497415e+03	 5.757000e+02	 7.364000e+02	 
 4.752878e+02	 4.497415e+03	 5.757000e+02	 7.106000e+02	 
 4.663293e+02	 4.497415e+03	 5.757000e+02	 6.897000e+02	 
 4.693155e+02	 4.497415e+03	 5.757000e+02	 6.897000e+02	 
 4.723016e+02	 4.497415e+03	 5.757000e+02	 6.801000e+02	 
 4.633431e+02	 4.497415e+03	 5.757000e+02	 6.897000e+02	 
 4.633431e+02	 4.497415e+03	 5.757000e+02	 6.897000e+02	 
 4.633431e+02	 4.497415e+03	 5.757000e+02	 6.897000e+02	 
 4.633431e+02	 4.497415e+03	 5.757000e+02	 6.897000e+02	 
 4.633431e+02	 4.497415e+03	 5.757000e+02	 6.897000e+02	 
 4.663293e+02	 4.497415e+03	 5.757000e+02	 6.897000e+02	 
 4.663293e+02	 4.497415e+03	 5.757000e+02	 6.897000e+02	 
 4.663293e+02	 4.497415e+03	 5.757000e+02	 6.897000e+02	 
 4.693155e+02	 4.497415e+03	 5.757000e+02	 6.897000e+02	 
 4.723016e+02	 4.497415e+03	 5.757000e+02	 6.801000e+02	 
 4.633431e+02	 4.497415e+03	 5.757000e+02	 6.897000e+02	 
 4.633431e+02	 4.497415e+03	 5.757000e+02	 6.897000e+02	 
 4.633431e+02	 4.497415e+03	 5.757000e+02	 6.897000e+02	 
 4.663293e+02	 4.497415e+03	 5.757000e+02	 6.897000e+02	 
 4.693155e+02	 4.497415e+03	 5.757000e+02	 6.897000e+02	 
 4.723016e+02	 4.497415e+03	 5.757000e+02	 6.801000e+02	 
 4.723016e+02	 4.497415e+03	 5.757000e+02	 6.897000e+02	 
 4.693155e+02	 4.497415e+03	 5.757000e+02	 6.897000e+02	 
 4.663293e+02	 4.497415e+03	 5.757000e+02	 6.897000e+02	 
 4.693155e+02	 4.497415e+03	 5.757000e+02	 6.897000e+02	 
 4.693155e+02	 4.497415e+03	 5.757000e+02	 6.897000e+02	 
 4.693155e+02	 4.497415e+03	 5.757000e+02	 6.897000e+02	 
 4.723016e+02	 4.497415e+03	 5.757000e+02	 6.897000e+02	 
 4.723016e+02	 4.497415e+03	 5.757000e+02	 6.897000e+02	 
 4.723016e+02	 4.497415e+03	 5.757000e+02	 6.897000e+02	 
 4.752878e+02	 4.497415e+03	 5.757000e+02	 6.897000e+02	 
 4.723016e+02	 4.497415e+03	 5.757000e+02	 6.897000e+02	 
 4.723016e+02	 4.497415e+03	 5.757000e+02	 6.897000e+02	 
 4.723016e+02	 4.497415e+03	 6.002000e+02	 6.897000e+02	 
 4.723016e+02	 4.497415e+03	 5.757000e+02	 6.897000e+02	 
 4.693155e+02	 4.497415e+03	 5.757000e+02	 6.897000e+02	 
 4.812601e+02	 4.497415e+03	 5.757000e+02	 6.897000e+02	 
 4.752878e+02	 4.497415e+03	 5.757000e+02	 6.897000e+02	 
 4.582748e+02	 4.497415e+03	 5.757000e+02	 8.838000e+02	 
 4.836842e+02	 4.497415e+03	 5.757000e+02	 9.253000e+02	 
 4.872325e+02	 4.497415e+03	 5.757000e+02	 8.677000e+02	 
 4.872325e+02	 4.497415e+03	 5.757000e+02	 9.112000e+02	 
 4.902186e+02	 4.497415e+03	 5.757000e+02	 8.412000e+02	 
 4.842463e+02	 4.497415e+03	 5.757000e+02	 8.662000e+02	 
 4.812601e+02	 4.497415e+03	 5.757000e+02	 8.072000e+02	 
 4.752878e+02	 4.497415e+03	 5.757000e+02	 843	 
 4.723016e+02	 4.497415e+03	 5.757000e+02	 7.808000e+02	 
 4.723016e+02	 4.497415e+03	 5.757000e+02	 7.905000e+02	 
 4.723016e+02	 4.497415e+03	 5.757000e+02	 7.404000e+02	 
 4.723016e+02	 4.497415e+03	 5.757000e+02	 7.621000e+02	 
 4.723016e+02	 4.497415e+03	 5.757000e+02	 7.364000e+02	 
 4.752878e+02	 4.497415e+03	 5.757000e+02	 7.106000e+02	 
 