s	 e	 integralPartic	 alturaRetang	 metadePartic	 maximaPartic	 minimoPArtic	 alturaPartic	 p	 comparativoMet
60	 108	 1.492608e+04	 3.046140e+02	 4.142094e+02	 8.283559e+02	 6.285714e-02	 7.354106e-01	 0	 1.359785e+00	 
 77	 95	 7.235732e+03	 3.808280e+02	 4.142094e+02	 8.283559e+02	 6.285714e-02	 9.194093e-01	 0	 1.087655e+00	 
 87	 109	 7.757504e+03	 3.372828e+02	 4.142094e+02	 8.283559e+02	 6.285714e-02	 8.142809e-01	 0	 1.228077e+00	 
 70	 80	 3.872851e+03	 3.520774e+02	 4.142094e+02	 8.283559e+02	 6.285714e-02	 8.499986e-01	 0	 1.176473e+00	 
 69	 81	 1.027686e+04	 7.905273e+02	 4.142094e+02	 8.283559e+02	 6.285714e-02	 1.908521e+00	 1	 5.239659e-01	 
 67	 102	 2.335986e+04	 6.488849e+02	 4.142094e+02	 8.283559e+02	 6.285714e-02	 1.566562e+00	 1	 6.383403e-01	 
 72	 94	 1.135801e+04	 4.938263e+02	 4.142094e+02	 8.283559e+02	 6.285714e-02	 1.192214e+00	 1	 8.387754e-01	 
 77	 87	 2.054869e+03	 1.868062e+02	 4.142094e+02	 8.283559e+02	 6.285714e-02	 4.509947e-01	 0	 2.217321e+00	 
 69	 107	 1.800598e+04	 4.616917e+02	 4.142094e+02	 8.283559e+02	 6.285714e-02	 1.114634e+00	 1	 8.971558e-01	 
 66	 83	 1.332226e+04	 7.401256e+02	 4.142094e+02	 8.283559e+02	 6.285714e-02	 1.786839e+00	 1	 5.596475e-01	 
 1	 1	 1.000000e-05	 1.000000e-05	 1.000000e-05	 1.000000e-05	 1.000000e-05	 1.000000e-05	 1	 1.000000e-05	 
 1	 1	 1.000000e-05	 1.000000e-05	 1.000000e-05	 1.000000e-05	 1.000000e-05	 1.000000e-05	 1	 1.000000e-05	 
 1	 1	 1.000000e-05	 1.000000e-05	 1.000000e-05	 1.000000e-05	 1.000000e-05	 1.000000e-05	 1	 1.000000e-05	 
 1	 1	 1.000000e-05	 1.000000e-05	 1.000000e-05	 1.000000e-05	 1.000000e-05	 1.000000e-05	 1	 1.000000e-05	 
 1	 1	 1.000000e-05	 1.000000e-05	 1.000000e-05	 1.000000e-05	 1.000000e-05	 1.000000e-05	 1	 1.000000e-05	 
 1	 1	 1.000000e-05	 1.000000e-05	 1.000000e-05	 1.000000e-05	 1.000000e-05	 1.000000e-05	 1	 1.000000e-05	 
 1	 1	 1.000000e-05	 1.000000e-05	 1.000000e-05	 1.000000e-05	 1.000000e-05	 1.000000e-05	 1	 1.000000e-05	 
 1	 1	 1.000000e-05	 1.000000e-05	 1.000000e-05	 1.000000e-05	 1.000000e-05	 1.000000e-05	 1	 1.000000e-05	 
 1	 1	 1.000000e-05	 1.000000e-05	 1.000000e-05	 1.000000e-05	 1.000000e-05	 1.000000e-05	 1	 1.000000e-05	 
 1	 1	 1.000000e-05	 1.000000e-05	 1.000000e-05	 1.000000e-05	 1.000000e-05	 1.000000e-05	 1	 1.000000e-05	 
 