s	 e	 integralPartic	 alturaRetang	 metadePartic	 maximaPartic	 minimoPArtic	 alturaPartic	 p	 comparativoMet
43	 53	 9.355350e+00	 8.504864e-01	 1.204985e+00	 2.409968e+00	 6.410560e-07	 4.905170e-01	 0	 1.416818e+00	 
 43	 53	 7.502115e+00	 6.820105e-01	 1.204985e+00	 2.409968e+00	 6.410560e-07	 4.905170e-01	 0	 1.766812e+00	 
 43	 53	 7.502115e+00	 6.820105e-01	 1.204985e+00	 2.409968e+00	 6.410560e-07	 4.905170e-01	 0	 1.766812e+00	 
 43	 53	 7.502115e+00	 6.820105e-01	 1.204985e+00	 2.409968e+00	 6.410560e-07	 4.905170e-01	 0	 1.766812e+00	 
 43	 53	 8.452492e+00	 7.684084e-01	 1.204985e+00	 2.409968e+00	 6.410560e-07	 4.905170e-01	 0	 1.568156e+00	 
 43	 53	 7.502115e+00	 6.820105e-01	 1.204985e+00	 2.409968e+00	 6.410560e-07	 4.905170e-01	 0	 1.766812e+00	 
 43	 53	 7.502115e+00	 6.820105e-01	 1.204985e+00	 2.409968e+00	 6.410560e-07	 4.905170e-01	 0	 1.766812e+00	 
 43	 53	 7.127010e+00	 6.479100e-01	 1.204985e+00	 2.409968e+00	 6.410560e-07	 4.905170e-01	 0	 1.859802e+00	 
 43	 53	 7.502115e+00	 6.820105e-01	 1.204985e+00	 2.409968e+00	 6.410560e-07	 4.905170e-01	 0	 1.766812e+00	 
 43	 53	 7.127010e+00	 6.479100e-01	 1.204985e+00	 2.409968e+00	 6.410560e-07	 4.905170e-01	 0	 1.859802e+00	 
 