3.269720e+02	 3.269720e+02	 3.269720e+02	 1.564978e-06	 1.564978e-06	 1.564978e-06	 
 3.269720e+02	 3.269720e+02	 3.269720e+02	 1.564978e-06	 1.564978e-06	 1.564978e-06	 
 3.269720e+02	 3.269720e+02	 3.269720e+02	 1.564978e-06	 1.564978e-06	 1.564978e-06	 
 3.269720e+02	 3.269720e+02	 3.269720e+02	 1.564978e-06	 1.564978e-06	 1.564978e-06	 
 3.269720e+02	 3.269720e+02	 3.269720e+02	 1.564978e-06	 1.564978e-06	 1.564978e-06	 
 3.269720e+02	 3.269720e+02	 3.269720e+02	 1.564978e-06	 1.564978e-06	 1.564978e-06	 
 3.269720e+02	 3.269720e+02	 3.269720e+02	 1.564978e-06	 1.564978e-06	 1.564978e-06	 
 3.269720e+02	 3.269720e+02	 3.269720e+02	 1.564978e-06	 1.564978e-06	 1.564978e-06	 
 3.269720e+02	 3.269720e+02	 3.269720e+02	 1.564978e-06	 1.564978e-06	 1.564978e-06	 
 3.269720e+02	 3.269720e+02	 3.269720e+02	 1.564978e-06	 1.564978e-06	 1.564978e-06	 
 3.269720e+02	 3.269720e+02	 3.269720e+02	 1.564978e-06	 1.564978e-06	 1.564978e-06	 
 3.269720e+02	 3.269720e+02	 3.269720e+02	 1.564978e-06	 1.564978e-06	 1.564978e-06	 
 3.269720e+02	 3.269720e+02	 3.269720e+02	 1.564978e-06	 1.564978e-06	 1.564978e-06	 
 3.269720e+02	 3.269720e+02	 3.269720e+02	 1.564978e-06	 1.564978e-06	 1.564978e-06	 
 3.269720e+02	 3.269720e+02	 3.269720e+02	 1.564978e-06	 1.564978e-06	 1.564978e-06	 
 3.269720e+02	 3.269720e+02	 3.269720e+02	 1.564978e-06	 1.564978e-06	 1.564978e-06	 
 3.269720e+02	 3.269720e+02	 3.269720e+02	 1.564978e-06	 1.564978e-06	 1.564978e-06	 
 3.269720e+02	 3.269720e+02	 3.269720e+02	 1.564978e-06	 1.564978e-06	 1.564978e-06	 
 3.269720e+02	 3.269720e+02	 3.269720e+02	 1.564978e-06	 1.564978e-06	 1.564978e-06	 
 3.269720e+02	 3.269720e+02	 3.269720e+02	 1.564978e-06	 1.564978e-06	 1.564978e-06	 
 3.269720e+02	 7.917029e+02	 3.037355e+02	 1.564978e-06	 1.196335e-03	 1.564978e-06	 
 3.269720e+02	 7.917029e+02	 2.804989e+02	 1.564978e-06	 1.196335e-03	 1.564978e-06	 
 3.269720e+02	 7.917029e+02	 2.572624e+02	 1.564978e-06	 1.196335e-03	 1.564978e-06	 
 3.269720e+02	 7.917029e+02	 2.340259e+02	 1.564978e-06	 1.196335e-03	 1.564978e-06	 
 3.269720e+02	 7.917029e+02	 2.107893e+02	 1.564978e-06	 1.196335e-03	 1.564978e-06	 
 3.269720e+02	 7.917029e+02	 1.875528e+02	 1.564978e-06	 1.196335e-03	 1.564978e-06	 
 3.269720e+02	 7.917029e+02	 1.643162e+02	 1.564978e-06	 1.196335e-03	 1.564978e-06	 
 3.269720e+02	 7.917029e+02	 1.410797e+02	 1.564978e-06	 1.196335e-03	 1.564978e-06	 
 3.269720e+02	 7.917029e+02	 1.178431e+02	 1.564978e-06	 1.196335e-03	 1.564978e-06	 
 3.269720e+02	 7.917029e+02	 9.460660e+01	 1.564978e-06	 1.196335e-03	 1.564978e-06	 
 3.269720e+02	 7.917029e+02	 7.137006e+01	 1.564978e-06	 1.196335e-03	 1.564978e-06	 
 3.269720e+02	 7.917029e+02	 4.813351e+01	 1.564978e-06	 1.196335e-03	 1.564978e-06	 
 3.269720e+02	 7.917029e+02	 2.489697e+01	 1.564978e-06	 1.196335e-03	 1.564978e-06	 
 3.269720e+02	 7.917029e+02	 1.660428e+00	 1.564978e-06	 1.196335e-03	 1.564978e-06	 
 3.269720e+02	 1.406763e-01	 3.106305e+02	 0	 0	 
 3.269720e+02	 1.406763e-01	 2.942889e+02	 0	 0	 
 3.269720e+02	 1.406763e-01	 2.779473e+02	 0	 0	 
 3.269720e+02	 1.406763e-01	 2.616058e+02	 0	 0	 
 3.269720e+02	 1.406763e-01	 2.452642e+02	 0	 0	 
 3.269720e+02	 1.406763e-01	 2.289226e+02	 0	 0	 
 3.269720e+02	 1.406763e-01	 2.125811e+02	 0	 0	 
 3.269720e+02	 1.406763e-01	 1.962395e+02	 0	 0	 
 3.269720e+02	 1.406763e-01	 1.798979e+02	 0	 0	 
 3.269720e+02	 1.406763e-01	 1.635564e+02	 0	 0	 
 3.269720e+02	 1.406763e-01	 1.472148e+02	 0	 0	 
 3.269720e+02	 1.406763e-01	 1.308732e+02	 0	 0	 
 3.269720e+02	 1.406763e-01	 1.145317e+02	 0	 0	 
 3.269720e+02	 1.406763e-01	 9.819008e+01	 0	 0	 
 3.269720e+02	 1.406763e-01	 8.184851e+01	 0	 0	 
 3.269720e+02	 1.406763e-01	 6.550695e+01	 0	 0	 
 3.269720e+02	 1.406763e-01	 4.916538e+01	 0	 0	 
 3.269720e+02	 1.406763e-01	 3.282381e+01	 0	 0	 
 3.269720e+02	 1.406763e-01	 1.648224e+01	 0	 0	 
 3.269720e+02	 1.527732e-01	 3.106311e+02	 0	 0	 
 3.269720e+02	 1.527732e-01	 2.942901e+02	 0	 0	 
 3.269720e+02	 1.527732e-01	 2.779491e+02	 0	 0	 
 3.269720e+02	 1.527732e-01	 2.616082e+02	 0	 0	 
 3.269720e+02	 1.527732e-01	 2.452672e+02	 0	 0	 
 3.269720e+02	 1.527732e-01	 2.289263e+02	 0	 0	 
 3.269720e+02	 1.527732e-01	 2.125853e+02	 0	 0	 
 3.269720e+02	 1.527732e-01	 1.962443e+02	 0	 0	 
 3.269720e+02	 1.527732e-01	 1.799034e+02	 0	 0	 
 3.269720e+02	 1.527732e-01	 1.635624e+02	 0	 0	 
 3.269720e+02	 1.527732e-01	 1.472214e+02	 0	 0	 
 3.269720e+02	 1.527732e-01	 1.308805e+02	 0	 0	 
 3.269720e+02	 1.527732e-01	 1.145395e+02	 0	 0	 
 3.269720e+02	 1.527732e-01	 9.819855e+01	 0	 0	 
 3.269720e+02	 1.527732e-01	 8.185759e+01	 0	 0	 
 3.269720e+02	 1.527732e-01	 6.551662e+01	 0	 0	 
 3.269720e+02	 1.527732e-01	 4.917566e+01	 0	 0	 
 3.269720e+02	 1.527732e-01	 3.283470e+01	 0	 0	 
 3.269720e+02	 1.527732e-01	 1.649374e+01	 0	 0	 
 3.269720e+02	 1.406763e-01	 3.106305e+02	 0	 0	 
 3.269720e+02	 1.406763e-01	 2.942889e+02	 0	 0	 
 3.269720e+02	 1.406763e-01	 2.779473e+02	 0	 0	 
 3.269720e+02	 1.406763e-01	 2.616058e+02	 0	 0	 
 3.269720e+02	 1.406763e-01	 2.452642e+02	 0	 0	 
 3.269720e+02	 1.406763e-01	 2.289226e+02	 0	 0	 
 3.269720e+02	 1.406763e-01	 2.125811e+02	 0	 0	 
 3.269720e+02	 1.406763e-01	 1.962395e+02	 0	 0	 
 3.269720e+02	 1.406763e-01	 1.798979e+02	 0	 0	 
 3.269720e+02	 1.406763e-01	 1.635564e+02	 0	 0	 
 3.269720e+02	 1.406763e-01	 1.472148e+02	 0	 0	 
 3.269720e+02	 1.406763e-01	 1.308732e+02	 0	 0	 
 3.269720e+02	 1.406763e-01	 1.145317e+02	 0	 0	 
 3.269720e+02	 1.406763e-01	 9.819008e+01	 0	 0	 
 3.269720e+02	 1.406763e-01	 8.184851e+01	 0	 0	 
 3.269720e+02	 1.406763e-01	 6.550695e+01	 0	 0	 
 3.269720e+02	 1.406763e-01	 4.916538e+01	 0	 0	 
 3.269720e+02	 1.406763e-01	 3.282381e+01	 0	 0	 
 3.269720e+02	 1.406763e-01	 1.648224e+01	 0	 0	 
 3.269720e+02	 8.241407e+02	 3.021136e+02	 1.564978e-06	 2.577399e-05	 1.564978e-06	 
 3.269720e+02	 8.241407e+02	 2.772552e+02	 1.564978e-06	 2.577399e-05	 1.564978e-06	 
 3.269720e+02	 8.241407e+02	 2.523967e+02	 1.564978e-06	 2.577399e-05	 1.564978e-06	 
 3.269720e+02	 8.241407e+02	 2.275383e+02	 1.564978e-06	 2.577399e-05	 1.564978e-06	 
 3.269720e+02	 8.241407e+02	 2.026799e+02	 1.564978e-06	 2.577399e-05	 1.564978e-06	 
 3.269720e+02	 8.241407e+02	 1.778214e+02	 1.564978e-06	 2.577399e-05	 1.564978e-06	 
 3.269720e+02	 8.241407e+02	 1.529630e+02	 1.564978e-06	 2.577399e-05	 1.564978e-06	 
 3.269720e+02	 8.241407e+02	 1.281046e+02	 1.564978e-06	 2.577399e-05	 1.564978e-06	 
 3.269720e+02	 8.241407e+02	 1.032461e+02	 1.564978e-06	 2.577399e-05	 1.564978e-06	 
 3.269720e+02	 8.241407e+02	 7.838772e+01	 1.564978e-06	 2.577399e-05	 1.564978e-06	 
 3.269720e+02	 8.241407e+02	 5.352929e+01	 1.564978e-06	 2.577399e-05	 1.564978e-06	 
 3.269720e+02	 8.241407e+02	 2.867085e+01	 1.564978e-06	 2.577399e-05	 1.564978e-06	 
 3.269720e+02	 8.241407e+02	 3.812424e+00	 1.564978e-06	 2.577399e-05	 1.564978e-06	 
 