Condicionamento
4.446294e+04	 1	 0	 
 3.960774e+04	 1	 0	 
 2.294925e+04	 1	 0	 
 2.736964e+04	 1	 0	 
 2.845764e+04	 1	 0	 
 6.995733e+04	 1	 0	 
 1.343871e+05	 1	 0	 
 1.934046e+04	 1	 0	 
 3.454835e+04	 1	 0	 
 8.911931e+04	 1	 0	 
 8.911931e+04	 1	 1	 
 1.934046e+04	 1	 2	 
 1.934046e+04	 1	 3	 
 8.911931e+04	 2	 1	 
 3.454835e+04	 2	 2	 
 3.454835e+04	 2	 3	 
 8.911931e+04	 3	 1	 
 8.911931e+04	 3	 2	 
 8.911931e+04	 3	 3	 
 8.911931e+04	 4	 1	 
 2.736964e+04	 4	 2	 
 2.736964e+04	 4	 3	 
 8.911931e+04	 5	 1	 
 8.911931e+04	 5	 2	 
 8.911931e+04	 5	 3	 
 8.911931e+04	 6	 1	 
 2.736964e+04	 6	 2	 
 2.736964e+04	 6	 3	 
 8.911931e+04	 7	 1	 
 2.294925e+04	 7	 2	 
 2.294925e+04	 7	 3	 
 8.911931e+04	 8	 1	 
 8.911931e+04	 8	 2	 
 8.911931e+04	 8	 3	 
 8.911931e+04	 9	 1	 
 6.995733e+04	 9	 2	 
 6.995733e+04	 9	 3	 
 8.911931e+04	 10	 1	 
 2.736964e+04	 10	 2	 
 2.736964e+04	 10	 3	 
 