s	 e	 integralPartic	 alturaRetang	 metadePartic	 maximaPartic	 minimoPArtic	 alturaPartic	 p	 comparativoMet
33	 51	 2.119665e+01	 1.115613e+00	 6.806833e-01	 1.361365e+00	 1.793013e-06	 1.638961e+00	 1	 6.101427e-01	 
 33	 51	 2.119665e+01	 1.115613e+00	 6.806833e-01	 1.361365e+00	 1.793013e-06	 1.638961e+00	 1	 6.101427e-01	 
 33	 51	 2.119665e+01	 1.115613e+00	 6.806833e-01	 1.361365e+00	 1.793013e-06	 1.638961e+00	 1	 6.101427e-01	 
 33	 51	 2.119665e+01	 1.115613e+00	 6.806833e-01	 1.361365e+00	 1.793013e-06	 1.638961e+00	 1	 6.101427e-01	 
 33	 51	 2.119665e+01	 1.115613e+00	 6.806833e-01	 1.361365e+00	 1.793013e-06	 1.638961e+00	 1	 6.101427e-01	 
 33	 51	 2.119665e+01	 1.115613e+00	 6.806833e-01	 1.361365e+00	 1.793013e-06	 1.638961e+00	 1	 6.101427e-01	 
 33	 51	 2.119665e+01	 1.115613e+00	 6.806833e-01	 1.361365e+00	 1.793013e-06	 1.638961e+00	 1	 6.101427e-01	 
 33	 51	 2.119665e+01	 1.115613e+00	 6.806833e-01	 1.361365e+00	 1.793013e-06	 1.638961e+00	 1	 6.101427e-01	 
 33	 51	 2.119665e+01	 1.115613e+00	 6.806833e-01	 1.361365e+00	 1.793013e-06	 1.638961e+00	 1	 6.101427e-01	 
 33	 51	 2.119665e+01	 1.115613e+00	 6.806833e-01	 1.361365e+00	 1.793013e-06	 1.638961e+00	 1	 6.101427e-01	 
 