Condicionamento
1.057931e+03	 1	 0	 
 9.396253e+01	 1	 0	 
 2.169412e+02	 1	 0	 
 2.245274e+02	 1	 0	 
 1.784412e+02	 1	 0	 
 6.468452e+03	 1	 0	 
 1.079312e+02	 1	 0	 
 5.356445e+01	 1	 0	 
 2.712762e+03	 1	 0	 
 5.753882e+03	 1	 0	 
 5.753882e+03	 1	 1	 
 2.169412e+02	 1	 2	 
 2.169412e+02	 1	 3	 
 5.753882e+03	 2	 1	 
 2.169412e+02	 2	 2	 
 2.169412e+02	 2	 3	 
 5.753882e+03	 3	 1	 
 9.396253e+01	 3	 2	 
 9.396253e+01	 3	 3	 
 5.753882e+03	 4	 1	 
 5.753882e+03	 4	 2	 
 5.753882e+03	 4	 3	 
 5.753882e+03	 5	 1	 
 1.784412e+02	 5	 2	 
 1.784412e+02	 5	 3	 
 5.753882e+03	 6	 1	 
 5.753882e+03	 6	 2	 
 5.753882e+03	 6	 3	 
 5.753882e+03	 7	 1	 
 1.784412e+02	 7	 2	 
 1.784412e+02	 7	 3	 
 5.753882e+03	 8	 1	 
 1.079312e+02	 8	 2	 
 1.079312e+02	 8	 3	 
 5.753882e+03	 9	 1	 
 5.356445e+01	 9	 2	 
 5.356445e+01	 9	 3	 
 5.753882e+03	 10	 1	 
 9.396253e+01	 10	 2	 
 9.396253e+01	 10	 3	 
 