s	 e	 nS	 nE	 p	 f
0	 0	 0	 0	 0	 0	 
 169	 180	 166	 180	 1	 14	 
 169	 180	 165	 180	 1	 15	 
 169	 180	 167	 180	 1	 13	 
 169	 180	 170	 179	 1	 9	 
 169	 180	 165	 180	 1	 15	 
 169	 180	 164	 180	 1	 16	 
 169	 180	 170	 179	 1	 9	 
 169	 180	 166	 180	 1	 14	 
 169	 180	 164	 180	 1	 16	 
 169	 180	 163	 180	 1	 17	 
 169	 180	 170	 179	 1	 9	 
 169	 180	 170	 179	 1	 9	 
 169	 180	 170	 179	 1	 9	 
 169	 180	 164	 180	 1	 16	 
 169	 180	 168	 180	 1	 12	 
 169	 180	 164	 180	 1	 16	 
 169	 180	 170	 179	 1	 9	 
 169	 180	 170	 179	 1	 9	 
 169	 180	 167	 180	 1	 13	 
 169	 180	 165	 180	 1	 15	 
 169	 180	 168	 180	 1	 12	 
 169	 180	 170	 179	 1	 9	 
 169	 180	 167	 180	 1	 13	 
 169	 180	 165	 180	 1	 15	 
 169	 180	 170	 179	 1	 9	 
 169	 180	 170	 179	 1	 9	 
 169	 180	 170	 179	 1	 9	 
 169	 180	 164	 180	 1	 16	 
 169	 180	 170	 179	 1	 9	 
 169	 180	 164	 180	 1	 16	 
 169	 180	 167	 180	 1	 13	 
 169	 180	 170	 179	 1	 9	 
 169	 180	 166	 180	 1	 14	 
 169	 180	 170	 179	 1	 9	 
 169	 180	 170	 179	 1	 9	 
 169	 180	 165	 180	 1	 15	 
 169	 180	 167	 180	 1	 13	 
 169	 180	 163	 180	 1	 17	 
 169	 180	 164	 180	 1	 16	 
 169	 180	 170	 179	 1	 9	 
 169	 180	 166	 180	 1	 14	 
 169	 180	 170	 179	 1	 9	 
 169	 180	 170	 179	 1	 9	 
 169	 180	 165	 180	 1	 15	 
 169	 180	 164	 180	 1	 16	 
 169	 180	 170	 179	 1	 9	 
 169	 180	 170	 179	 1	 9	 
 169	 180	 168	 180	 1	 12	 
 169	 180	 170	 179	 1	 9	 
 169	 180	 164	 180	 1	 16	 
 169	 180	 163	 180	 1	 17	 
 169	 180	 163	 180	 1	 17	 
 169	 180	 164	 180	 1	 16	 
 169	 180	 170	 179	 1	 9	 
 169	 180	 163	 180	 1	 17	 
 169	 180	 164	 180	 1	 16	 
 169	 180	 167	 180	 1	 13	 
 169	 180	 170	 179	 1	 9	 
 169	 180	 163	 180	 1	 17	 
 169	 180	 170	 179	 1	 9	 
 169	 180	 164	 180	 1	 16	 
 169	 180	 167	 180	 1	 13	 
 169	 180	 170	 179	 1	 9	 
 169	 180	 170	 179	 1	 9	 
 169	 180	 170	 179	 1	 9	 
 169	 180	 167	 180	 1	 13	 
 169	 180	 164	 180	 1	 16	 
 169	 180	 165	 180	 1	 15	 
 169	 180	 170	 179	 1	 9	 
 169	 180	 166	 180	 1	 14	 
 169	 180	 170	 179	 1	 9	 
 169	 180	 166	 180	 1	 14	 
 169	 180	 168	 180	 1	 12	 
 169	 180	 164	 180	 1	 16	 
 169	 180	 165	 180	 1	 15	 
 169	 180	 166	 180	 1	 14	 
 169	 180	 170	 179	 1	 9	 
 169	 180	 167	 180	 1	 13	 
 169	 180	 170	 179	 1	 9	 
 169	 180	 168	 180	 1	 12	 
 169	 180	 170	 179	 1	 9	 
 169	 180	 170	 179	 1	 9	 
 169	 180	 168	 180	 1	 12	 
 169	 180	 170	 179	 1	 9	 
 169	 180	 168	 180	 1	 12	 
 169	 180	 170	 179	 1	 9	 
 169	 180	 170	 179	 1	 9	 
 169	 180	 168	 180	 1	 12	 
 169	 180	 166	 180	 1	 14	 
 169	 180	 170	 179	 1	 9	 
 169	 180	 165	 180	 1	 15	 
 169	 180	 170	 179	 1	 9	 
 169	 180	 170	 179	 1	 9	 
 169	 180	 168	 180	 1	 12	 
 169	 180	 168	 180	 1	 12	 
 169	 180	 170	 179	 1	 9	 
 169	 180	 165	 180	 1	 15	 
 169	 180	 166	 180	 1	 14	 
 169	 180	 166	 180	 1	 14	 
 0	 0	 0	 0	 0	 0	 
 0	 0	 0	 0	 0	 0	 
 140	 162	 130	 172	 1	 42	 
 140	 162	 137	 165	 1	 28	 
 140	 162	 146	 156	 1	 10	 
 140	 162	 129	 173	 1	 44	 
 140	 162	 142	 160	 1	 18	 
 140	 162	 142	 160	 1	 18	 
 140	 162	 131	 171	 1	 40	 
 140	 162	 137	 165	 1	 28	 
 140	 162	 130	 172	 1	 42	 
 140	 162	 146	 156	 1	 10	 
 140	 162	 146	 156	 1	 10	 
 140	 162	 146	 156	 1	 10	 
 140	 162	 138	 164	 1	 26	 
 140	 162	 146	 156	 1	 10	 
 140	 162	 142	 160	 1	 18	 
 140	 162	 141	 161	 1	 20	 
 140	 162	 144	 158	 1	 14	 
 140	 162	 129	 173	 1	 44	 
 140	 162	 137	 165	 1	 28	 
 140	 162	 139	 163	 1	 24	 
 140	 162	 146	 156	 1	 10	 
 140	 162	 130	 172	 1	 42	 
 140	 162	 136	 166	 1	 30	 
 140	 162	 136	 166	 1	 30	 
 140	 162	 143	 159	 1	 16	 
 140	 162	 143	 159	 1	 16	 
 140	 162	 146	 156	 1	 10	 
 140	 162	 146	 156	 1	 10	 
 140	 162	 131	 171	 1	 40	 
 140	 162	 135	 167	 1	 32	 
 140	 162	 146	 156	 1	 10	 
 140	 162	 134	 168	 1	 34	 
 140	 162	 134	 168	 1	 34	 
 140	 162	 145	 157	 1	 12	 
 140	 162	 146	 156	 1	 10	 
 140	 162	 146	 156	 1	 10	 
 140	 162	 146	 156	 1	 10	 
 140	 162	 134	 168	 1	 34	 
 140	 162	 146	 156	 1	 10	 
 140	 162	 144	 158	 1	 14	 
 140	 162	 146	 156	 1	 10	 
 140	 162	 138	 164	 1	 26	 
 140	 162	 145	 157	 1	 12	 
 140	 162	 136	 166	 1	 30	 
 140	 162	 146	 156	 1	 10	 
 140	 162	 144	 158	 1	 14	 
 140	 162	 134	 168	 1	 34	 
 140	 162	 146	 156	 1	 10	 
 140	 162	 144	 158	 1	 14	 
 140	 162	 146	 156	 1	 10	 
 140	 162	 146	 156	 1	 10	 
 140	 162	 142	 160	 1	 18	 
 140	 162	 130	 172	 1	 42	 
 140	 162	 146	 156	 1	 10	 
 140	 162	 145	 157	 1	 12	 
 140	 162	 146	 156	 1	 10	 
 140	 162	 132	 170	 1	 38	 
 140	 162	 146	 156	 1	 10	 
 140	 162	 146	 156	 1	 10	 
 140	 162	 146	 156	 1	 10	 
 140	 162	 146	 156	 1	 10	 
 140	 162	 146	 156	 1	 10	 
 140	 162	 134	 168	 1	 34	 
 140	 162	 146	 156	 1	 10	 
 140	 162	 146	 156	 1	 10	 
 140	 162	 146	 156	 1	 10	 
 140	 162	 146	 156	 1	 10	 
 140	 162	 146	 156	 1	 10	 
 140	 162	 136	 166	 1	 30	 
 140	 162	 146	 156	 1	 10	 
 140	 162	 129	 173	 1	 44	 
 140	 162	 146	 156	 1	 10	 
 140	 162	 142	 160	 1	 18	 
 140	 162	 131	 171	 1	 40	 
 140	 162	 146	 156	 1	 10	 
 140	 162	 137	 165	 1	 28	 
 140	 162	 135	 167	 1	 32	 
 140	 162	 146	 156	 1	 10	 
 140	 162	 136	 166	 1	 30	 
 140	 162	 138	 164	 1	 26	 
 140	 162	 139	 163	 1	 24	 
 140	 162	 146	 156	 1	 10	 
 140	 162	 130	 172	 1	 42	 
 140	 162	 128	 174	 1	 46	 
 140	 162	 141	 161	 1	 20	 
 140	 162	 146	 156	 1	 10	 
 140	 162	 146	 156	 1	 10	 
 140	 162	 146	 156	 1	 10	 
 140	 162	 146	 156	 1	 10	 
 140	 162	 134	 168	 1	 34	 
 140	 162	 146	 156	 1	 10	 
 140	 162	 139	 163	 1	 24	 
 140	 162	 136	 166	 1	 30	 
 140	 162	 134	 168	 1	 34	 
 140	 162	 133	 169	 1	 36	 
 140	 162	 134	 168	 1	 34	 
 140	 162	 144	 158	 1	 14	 
 140	 162	 146	 156	 1	 10	 
 140	 162	 131	 171	 1	 40	 
 0	 0	 0	 0	 0	 0	 
 0	 0	 0	 0	 0	 0	 
 169	 180	 167	 180	 1	 13	 
 169	 180	 167	 180	 1	 13	 
 169	 180	 165	 180	 1	 15	 
 169	 180	 170	 179	 1	 9	 
 169	 180	 170	 179	 1	 9	 
 169	 180	 170	 179	 1	 9	 
 169	 180	 170	 179	 1	 9	 
 169	 180	 170	 179	 1	 9	 
 169	 180	 168	 180	 1	 12	 
 169	 180	 170	 179	 1	 9	 
 169	 180	 170	 179	 1	 9	 
 169	 180	 167	 180	 1	 13	 
 169	 180	 170	 179	 1	 9	 
 169	 180	 170	 179	 1	 9	 
 169	 180	 170	 179	 1	 9	 
 169	 180	 167	 180	 1	 13	 
 169	 180	 168	 180	 1	 12	 
 169	 180	 170	 179	 1	 9	 
 169	 180	 170	 179	 1	 9	 
 169	 180	 163	 180	 1	 17	 
 169	 180	 166	 180	 1	 14	 
 169	 180	 168	 180	 1	 12	 
 169	 180	 170	 179	 1	 9	 
 169	 180	 170	 179	 1	 9	 
 169	 180	 163	 180	 1	 17	 
 169	 180	 170	 179	 1	 9	 
 169	 180	 163	 180	 1	 17	 
 169	 180	 164	 180	 1	 16	 
 169	 180	 170	 179	 1	 9	 
 169	 180	 170	 179	 1	 9	 
 169	 180	 170	 179	 1	 9	 
 169	 180	 170	 179	 1	 9	 
 169	 180	 170	 179	 1	 9	 
 169	 180	 164	 180	 1	 16	 
 169	 180	 166	 180	 1	 14	 
 169	 180	 170	 179	 1	 9	 
 169	 180	 170	 179	 1	 9	 
 169	 180	 163	 180	 1	 17	 
 169	 180	 168	 180	 1	 12	 
 169	 180	 170	 179	 1	 9	 
 169	 180	 167	 180	 1	 13	 
 169	 180	 170	 179	 1	 9	 
 169	 180	 170	 179	 1	 9	 
 169	 180	 166	 180	 1	 14	 
 169	 180	 170	 179	 1	 9	 
 169	 180	 170	 179	 1	 9	 
 169	 180	 163	 180	 1	 17	 
 169	 180	 166	 180	 1	 14	 
 169	 180	 167	 180	 1	 13	 
 169	 180	 170	 179	 1	 9	 
 169	 180	 170	 179	 1	 9	 
 169	 180	 170	 179	 1	 9	 
 169	 180	 170	 179	 1	 9	 
 169	 180	 170	 179	 1	 9	 
 169	 180	 170	 179	 1	 9	 
 169	 180	 170	 179	 1	 9	 
 169	 180	 170	 179	 1	 9	 
 169	 180	 166	 180	 1	 14	 
 169	 180	 170	 179	 1	 9	 
 169	 180	 170	 179	 1	 9	 
 169	 180	 170	 179	 1	 9	 
 169	 180	 170	 179	 1	 9	 
 169	 180	 170	 179	 1	 9	 
 169	 180	 165	 180	 1	 15	 
 169	 180	 168	 180	 1	 12	 
 169	 180	 170	 179	 1	 9	 
 169	 180	 163	 180	 1	 17	 
 169	 180	 170	 179	 1	 9	 
 169	 180	 170	 179	 1	 9	 
 169	 180	 166	 180	 1	 14	 
 169	 180	 170	 179	 1	 9	 
 169	 180	 170	 179	 1	 9	 
 169	 180	 170	 179	 1	 9	 
 169	 180	 166	 180	 1	 14	 
 169	 180	 163	 180	 1	 17	 
 169	 180	 167	 180	 1	 13	 
 169	 180	 165	 180	 1	 15	 
 169	 180	 166	 180	 1	 14	 
 169	 180	 168	 180	 1	 12	 
 169	 180	 170	 179	 1	 9	 
 169	 180	 166	 180	 1	 14	 
 169	 180	 166	 180	 1	 14	 
 169	 180	 167	 180	 1	 13	 
 169	 180	 170	 179	 1	 9	 
 169	 180	 163	 180	 1	 17	 
 169	 180	 167	 180	 1	 13	 
 169	 180	 170	 179	 1	 9	 
 169	 180	 170	 179	 1	 9	 
 169	 180	 170	 179	 1	 9	 
 169	 180	 170	 179	 1	 9	 
 169	 180	 170	 179	 1	 9	 
 169	 180	 164	 180	 1	 16	 
 169	 180	 170	 179	 1	 9	 
 169	 180	 167	 180	 1	 13	 
 169	 180	 170	 179	 1	 9	 
 169	 180	 170	 179	 1	 9	 
 169	 180	 166	 180	 1	 14	 
 169	 180	 170	 179	 1	 9	 
 169	 180	 170	 179	 1	 9	 
 0	 0	 0	 0	 0	 0	 
 0	 0	 0	 0	 0	 0	 
 140	 162	 137	 165	 1	 28	 
 140	 162	 133	 169	 1	 36	 
 140	 162	 141	 161	 1	 20	 
 140	 162	 146	 156	 1	 10	 
 140	 162	 144	 158	 1	 14	 
 140	 162	 146	 156	 1	 10	 
 140	 162	 146	 156	 1	 10	 
 140	 162	 146	 156	 1	 10	 
 140	 162	 133	 169	 1	 36	 
 140	 162	 138	 164	 1	 26	 
 140	 162	 138	 164	 1	 26	 
 140	 162	 146	 156	 1	 10	 
 140	 162	 141	 161	 1	 20	 
 140	 162	 146	 156	 1	 10	 
 140	 162	 134	 168	 1	 34	 
 140	 162	 129	 173	 1	 44	 
 140	 162	 134	 168	 1	 34	 
 140	 162	 146	 156	 1	 10	 
 140	 162	 128	 174	 1	 46	 
 140	 162	 135	 167	 1	 32	 
 140	 162	 146	 156	 1	 10	 
 140	 162	 128	 174	 1	 46	 
 140	 162	 138	 164	 1	 26	 
 140	 162	 136	 166	 1	 30	 
 140	 162	 141	 161	 1	 20	 
 140	 162	 139	 163	 1	 24	 
 140	 162	 133	 169	 1	 36	 
 140	 162	 143	 159	 1	 16	 
 140	 162	 135	 167	 1	 32	 
 140	 162	 142	 160	 1	 18	 
 140	 162	 139	 163	 1	 24	 
 140	 162	 146	 156	 1	 10	 
 140	 162	 146	 156	 1	 10	 
 140	 162	 134	 168	 1	 34	 
 140	 162	 146	 156	 1	 10	 
 140	 162	 139	 163	 1	 24	 
 140	 162	 146	 156	 1	 10	 
 140	 162	 141	 161	 1	 20	 
 140	 162	 146	 156	 1	 10	 
 140	 162	 141	 161	 1	 20	 
 140	 162	 146	 156	 1	 10	 
 140	 162	 146	 156	 1	 10	 
 140	 162	 146	 156	 1	 10	 
 140	 162	 138	 164	 1	 26	 
 140	 162	 146	 156	 1	 10	 
 140	 162	 132	 170	 1	 38	 
 140	 162	 134	 168	 1	 34	 
 140	 162	 130	 172	 1	 42	 
 140	 162	 146	 156	 1	 10	 
 140	 162	 134	 168	 1	 34	 
 140	 162	 135	 167	 1	 32	 
 140	 162	 146	 156	 1	 10	 
 140	 162	 146	 156	 1	 10	 
 140	 162	 131	 171	 1	 40	 
 140	 162	 132	 170	 1	 38	 
 140	 162	 131	 171	 1	 40	 
 140	 162	 131	 171	 1	 40	 
 140	 162	 130	 172	 1	 42	 
 140	 162	 134	 168	 1	 34	 
 140	 162	 144	 158	 1	 14	 
 140	 162	 145	 157	 1	 12	 
 140	 162	 144	 158	 1	 14	 
 140	 162	 132	 170	 1	 38	 
 140	 162	 137	 165	 1	 28	 
 140	 162	 146	 156	 1	 10	 
 140	 162	 144	 158	 1	 14	 
 140	 162	 136	 166	 1	 30	 
 140	 162	 132	 170	 1	 38	 
 140	 162	 144	 158	 1	 14	 
 140	 162	 132	 170	 1	 38	 
 140	 162	 136	 166	 1	 30	 
 140	 162	 130	 172	 1	 42	 
 140	 162	 139	 163	 1	 24	 
 140	 162	 141	 161	 1	 20	 
 140	 162	 143	 159	 1	 16	 
 140	 162	 146	 156	 1	 10	 
 140	 162	 142	 160	 1	 18	 
 140	 162	 133	 169	 1	 36	 
 140	 162	 144	 158	 1	 14	 
 140	 162	 136	 166	 1	 30	 
 140	 162	 141	 161	 1	 20	 
 140	 162	 129	 173	 1	 44	 
 140	 162	 135	 167	 1	 32	 
 140	 162	 146	 156	 1	 10	 
 140	 162	 130	 172	 1	 42	 
 140	 162	 146	 156	 1	 10	 
 140	 162	 146	 156	 1	 10	 
 140	 162	 144	 158	 1	 14	 
 140	 162	 135	 167	 1	 32	 
 140	 162	 146	 156	 1	 10	 
 140	 162	 129	 173	 1	 44	 
 140	 162	 146	 156	 1	 10	 
 140	 162	 129	 173	 1	 44	 
 140	 162	 145	 157	 1	 12	 
 140	 162	 142	 160	 1	 18	 
 140	 162	 139	 163	 1	 24	 
 140	 162	 144	 158	 1	 14	 
 140	 162	 128	 174	 1	 46	 
 140	 162	 145	 157	 1	 12	 
 0	 0	 0	 0	 0	 0	 
 0	 0	 0	 0	 0	 0	 
 169	 180	 170	 179	 1	 9	 
 169	 180	 170	 179	 1	 9	 
 169	 180	 166	 180	 1	 14	 
 169	 180	 170	 179	 1	 9	 
 169	 180	 167	 180	 1	 13	 
 169	 180	 170	 179	 1	 9	 
 169	 180	 164	 180	 1	 16	 
 169	 180	 170	 179	 1	 9	 
 169	 180	 170	 179	 1	 9	 
 169	 180	 170	 179	 1	 9	 
 169	 180	 164	 180	 1	 16	 
 169	 180	 170	 179	 1	 9	 
 169	 180	 170	 179	 1	 9	 
 169	 180	 163	 180	 1	 17	 
 169	 180	 170	 179	 1	 9	 
 169	 180	 164	 180	 1	 16	 
 169	 180	 170	 179	 1	 9	 
 169	 180	 170	 179	 1	 9	 
 169	 180	 170	 179	 1	 9	 
 169	 180	 170	 179	 1	 9	 
 169	 180	 165	 180	 1	 15	 
 169	 180	 170	 179	 1	 9	 
 169	 180	 170	 179	 1	 9	 
 169	 180	 170	 179	 1	 9	 
 169	 180	 167	 180	 1	 13	 
 169	 180	 167	 180	 1	 13	 
 169	 180	 166	 180	 1	 14	 
 169	 180	 168	 180	 1	 12	 
 169	 180	 170	 179	 1	 9	 
 169	 180	 170	 179	 1	 9	 
 169	 180	 170	 179	 1	 9	 
 169	 180	 170	 179	 1	 9	 
 169	 180	 164	 180	 1	 16	 
 169	 180	 165	 180	 1	 15	 
 169	 180	 170	 179	 1	 9	 
 169	 180	 170	 179	 1	 9	 
 169	 180	 170	 179	 1	 9	 
 169	 180	 168	 180	 1	 12	 
 169	 180	 170	 179	 1	 9	 
 169	 180	 170	 179	 1	 9	 
 169	 180	 164	 180	 1	 16	 
 169	 180	 168	 180	 1	 12	 
 169	 180	 166	 180	 1	 14	 
 169	 180	 163	 180	 1	 17	 
 169	 180	 168	 180	 1	 12	 
 169	 180	 170	 179	 1	 9	 
 169	 180	 170	 179	 1	 9	 
 169	 180	 163	 180	 1	 17	 
 169	 180	 166	 180	 1	 14	 
 169	 180	 165	 180	 1	 15	 
 169	 180	 170	 179	 1	 9	 
 169	 180	 167	 180	 1	 13	 
 169	 180	 164	 180	 1	 16	 
 169	 180	 163	 180	 1	 17	 
 169	 180	 164	 180	 1	 16	 
 169	 180	 168	 180	 1	 12	 
 169	 180	 170	 179	 1	 9	 
 169	 180	 170	 179	 1	 9	 
 169	 180	 170	 179	 1	 9	 
 169	 180	 170	 179	 1	 9	 
 169	 180	 163	 180	 1	 17	 
 169	 180	 170	 179	 1	 9	 
 169	 180	 166	 180	 1	 14	 
 169	 180	 167	 180	 1	 13	 
 169	 180	 163	 180	 1	 17	 
 169	 180	 166	 180	 1	 14	 
 169	 180	 170	 179	 1	 9	 
 169	 180	 170	 179	 1	 9	 
 169	 180	 170	 179	 1	 9	 
 169	 180	 170	 179	 1	 9	 
 169	 180	 165	 180	 1	 15	 
 169	 180	 163	 180	 1	 17	 
 169	 180	 170	 179	 1	 9	 
 169	 180	 166	 180	 1	 14	 
 169	 180	 170	 179	 1	 9	 
 169	 180	 163	 180	 1	 17	 
 169	 180	 165	 180	 1	 15	 
 169	 180	 164	 180	 1	 16	 
 169	 180	 170	 179	 1	 9	 
 169	 180	 170	 179	 1	 9	 
 169	 180	 163	 180	 1	 17	 
 169	 180	 165	 180	 1	 15	 
 169	 180	 165	 180	 1	 15	 
 169	 180	 168	 180	 1	 12	 
 169	 180	 170	 179	 1	 9	 
 169	 180	 168	 180	 1	 12	 
 169	 180	 163	 180	 1	 17	 
 169	 180	 168	 180	 1	 12	 
 169	 180	 163	 180	 1	 17	 
 169	 180	 170	 179	 1	 9	 
 169	 180	 170	 179	 1	 9	 
 169	 180	 167	 180	 1	 13	 
 169	 180	 166	 180	 1	 14	 
 169	 180	 170	 179	 1	 9	 
 169	 180	 170	 179	 1	 9	 
 169	 180	 170	 179	 1	 9	 
 169	 180	 170	 179	 1	 9	 
 169	 180	 170	 179	 1	 9	 
 169	 180	 164	 180	 1	 16	 
 0	 0	 0	 0	 0	 0	 
 0	 0	 0	 0	 0	 0	 
 147	 163	 142	 168	 0	 26	 
 147	 163	 140	 170	 0	 30	 
 147	 163	 143	 167	 0	 24	 
 147	 163	 150	 160	 0	 10	 
 147	 163	 142	 168	 0	 26	 
 147	 163	 149	 161	 0	 12	 
 147	 163	 139	 171	 0	 32	 
 147	 163	 150	 160	 0	 10	 
 147	 163	 150	 160	 0	 10	 
 147	 163	 150	 160	 0	 10	 
 147	 163	 141	 169	 0	 28	 
 147	 163	 149	 161	 0	 12	 
 147	 163	 138	 172	 0	 34	 
 147	 163	 150	 160	 0	 10	 
 147	 163	 150	 160	 0	 10	 
 147	 163	 142	 168	 0	 26	 
 147	 163	 144	 166	 0	 22	 
 147	 163	 141	 169	 0	 28	 
 147	 163	 143	 167	 0	 24	 
 147	 163	 146	 164	 0	 18	 
 147	 163	 150	 160	 0	 10	 
 147	 163	 138	 172	 0	 34	 
 147	 163	 142	 168	 0	 26	 
 147	 163	 145	 165	 0	 20	 
 147	 163	 141	 169	 0	 28	 
 147	 163	 150	 160	 0	 10	 
 147	 163	 140	 170	 0	 30	 
 147	 163	 150	 160	 0	 10	 
 147	 163	 150	 160	 0	 10	 
 147	 163	 149	 161	 0	 12	 
 147	 163	 150	 160	 0	 10	 
 147	 163	 142	 168	 0	 26	 
 147	 163	 148	 162	 0	 14	 
 147	 163	 150	 160	 0	 10	 
 147	 163	 150	 160	 0	 10	 
 147	 163	 150	 160	 0	 10	 
 147	 163	 139	 171	 0	 32	 
 147	 163	 146	 164	 0	 18	 
 147	 163	 148	 162	 0	 14	 
 147	 163	 144	 166	 0	 22	 
 147	 163	 144	 166	 0	 22	 
 147	 163	 150	 160	 0	 10	 
 147	 163	 138	 172	 0	 34	 
 147	 163	 150	 160	 0	 10	 
 147	 163	 150	 160	 0	 10	 
 147	 163	 146	 164	 0	 18	 
 147	 163	 139	 171	 0	 32	 
 147	 163	 150	 160	 0	 10	 
 147	 163	 143	 167	 0	 24	 
 147	 163	 144	 166	 0	 22	 
 147	 163	 150	 160	 0	 10	 
 147	 163	 139	 171	 0	 32	 
 147	 163	 139	 171	 0	 32	 
 147	 163	 145	 165	 0	 20	 
 147	 163	 138	 172	 0	 34	 
 147	 163	 150	 160	 0	 10	 
 147	 163	 150	 160	 0	 10	 
 147	 163	 148	 162	 0	 14	 
 147	 163	 139	 171	 0	 32	 
 147	 163	 149	 161	 0	 12	 
 147	 163	 150	 160	 0	 10	 
 147	 163	 150	 160	 0	 10	 
 147	 163	 146	 164	 0	 18	 
 147	 163	 143	 167	 0	 24	 
 147	 163	 144	 166	 0	 22	 
 147	 163	 142	 168	 0	 26	 
 147	 163	 143	 167	 0	 24	 
 147	 163	 150	 160	 0	 10	 
 147	 163	 149	 161	 0	 12	 
 147	 163	 149	 161	 0	 12	 
 147	 163	 150	 160	 0	 10	 
 147	 163	 150	 160	 0	 10	 
 147	 163	 150	 160	 0	 10	 
 147	 163	 150	 160	 0	 10	 
 147	 163	 143	 167	 0	 24	 
 147	 163	 144	 166	 0	 22	 
 147	 163	 144	 166	 0	 22	 
 147	 163	 146	 164	 0	 18	 
 147	 163	 141	 169	 0	 28	 
 147	 163	 149	 161	 0	 12	 
 147	 163	 148	 162	 0	 14	 
 147	 163	 143	 167	 0	 24	 
 147	 163	 150	 160	 0	 10	 
 147	 163	 143	 167	 0	 24	 
 147	 163	 141	 169	 0	 28	 
 147	 163	 145	 165	 0	 20	 
 147	 163	 142	 168	 0	 26	 
 147	 163	 150	 160	 0	 10	 
 147	 163	 145	 165	 0	 20	 
 147	 163	 144	 166	 0	 22	 
 147	 163	 149	 161	 0	 12	 
 147	 163	 150	 160	 0	 10	 
 147	 163	 150	 160	 0	 10	 
 147	 163	 139	 171	 0	 32	 
 147	 163	 150	 160	 0	 10	 
 147	 163	 150	 160	 0	 10	 
 147	 163	 139	 171	 0	 32	 
 147	 163	 148	 162	 0	 14	 
 147	 163	 148	 162	 0	 14	 
 0	 0	 0	 0	 0	 0	 
 0	 0	 0	 0	 0	 0	 
 169	 180	 170	 179	 1	 9	 
 169	 180	 164	 180	 1	 16	 
 169	 180	 170	 179	 1	 9	 
 169	 180	 164	 180	 1	 16	 
 169	 180	 166	 180	 1	 14	 
 169	 180	 164	 180	 1	 16	 
 169	 180	 170	 179	 1	 9	 
 169	 180	 164	 180	 1	 16	 
 169	 180	 170	 179	 1	 9	 
 169	 180	 168	 180	 1	 12	 
 169	 180	 166	 180	 1	 14	 
 169	 180	 170	 179	 1	 9	 
 169	 180	 165	 180	 1	 15	 
 169	 180	 165	 180	 1	 15	 
 169	 180	 170	 179	 1	 9	 
 169	 180	 164	 180	 1	 16	 
 169	 180	 170	 179	 1	 9	 
 169	 180	 170	 179	 1	 9	 
 169	 180	 170	 179	 1	 9	 
 169	 180	 170	 179	 1	 9	 
 169	 180	 170	 179	 1	 9	 
 169	 180	 170	 179	 1	 9	 
 169	 180	 167	 180	 1	 13	 
 169	 180	 170	 179	 1	 9	 
 169	 180	 170	 179	 1	 9	 
 169	 180	 170	 179	 1	 9	 
 169	 180	 170	 179	 1	 9	 
 169	 180	 166	 180	 1	 14	 
 169	 180	 166	 180	 1	 14	 
 169	 180	 167	 180	 1	 13	 
 169	 180	 170	 179	 1	 9	 
 169	 180	 167	 180	 1	 13	 
 169	 180	 170	 179	 1	 9	 
 169	 180	 165	 180	 1	 15	 
 169	 180	 170	 179	 1	 9	 
 169	 180	 170	 179	 1	 9	 
 169	 180	 163	 180	 1	 17	 
 169	 180	 170	 179	 1	 9	 
 169	 180	 170	 179	 1	 9	 
 169	 180	 167	 180	 1	 13	 
 169	 180	 167	 180	 1	 13	 
 169	 180	 170	 179	 1	 9	 
 169	 180	 170	 179	 1	 9	 
 169	 180	 170	 179	 1	 9	 
 169	 180	 168	 180	 1	 12	 
 169	 180	 170	 179	 1	 9	 
 169	 180	 168	 180	 1	 12	 
 169	 180	 170	 179	 1	 9	 
 169	 180	 170	 179	 1	 9	 
 169	 180	 170	 179	 1	 9	 
 169	 180	 170	 179	 1	 9	 
 169	 180	 166	 180	 1	 14	 
 169	 180	 166	 180	 1	 14	 
 169	 180	 170	 179	 1	 9	 
 169	 180	 170	 179	 1	 9	 
 169	 180	 170	 179	 1	 9	 
 169	 180	 164	 180	 1	 16	 
 169	 180	 170	 179	 1	 9	 
 169	 180	 166	 180	 1	 14	 
 169	 180	 170	 179	 1	 9	 
 169	 180	 168	 180	 1	 12	 
 169	 180	 170	 179	 1	 9	 
 169	 180	 168	 180	 1	 12	 
 169	 180	 163	 180	 1	 17	 
 169	 180	 170	 179	 1	 9	 
 169	 180	 163	 180	 1	 17	 
 169	 180	 164	 180	 1	 16	 
 169	 180	 163	 180	 1	 17	 
 169	 180	 170	 179	 1	 9	 
 169	 180	 170	 179	 1	 9	 
 169	 180	 166	 180	 1	 14	 
 169	 180	 170	 179	 1	 9	 
 169	 180	 164	 180	 1	 16	 
 169	 180	 165	 180	 1	 15	 
 169	 180	 170	 179	 1	 9	 
 169	 180	 166	 180	 1	 14	 
 169	 180	 167	 180	 1	 13	 
 169	 180	 166	 180	 1	 14	 
 169	 180	 170	 179	 1	 9	 
 169	 180	 163	 180	 1	 17	 
 169	 180	 164	 180	 1	 16	 
 169	 180	 170	 179	 1	 9	 
 169	 180	 170	 179	 1	 9	 
 169	 180	 168	 180	 1	 12	 
 169	 180	 166	 180	 1	 14	 
 169	 180	 167	 180	 1	 13	 
 169	 180	 170	 179	 1	 9	 
 169	 180	 168	 180	 1	 12	 
 169	 180	 164	 180	 1	 16	 
 169	 180	 167	 180	 1	 13	 
 169	 180	 170	 179	 1	 9	 
 169	 180	 170	 179	 1	 9	 
 169	 180	 170	 179	 1	 9	 
 169	 180	 165	 180	 1	 15	 
 169	 180	 164	 180	 1	 16	 
 169	 180	 170	 179	 1	 9	 
 169	 180	 168	 180	 1	 12	 
 169	 180	 170	 179	 1	 9	 
 169	 180	 170	 179	 1	 9	 
 0	 0	 0	 0	 0	 0	 
 0	 0	 0	 0	 0	 0	 
 169	 180	 168	 180	 1	 12	 
 169	 180	 170	 179	 1	 9	 
 169	 180	 170	 179	 1	 9	 
 169	 180	 170	 179	 1	 9	 
 169	 180	 163	 180	 1	 17	 
 169	 180	 164	 180	 1	 16	 
 169	 180	 170	 179	 1	 9	 
 169	 180	 170	 179	 1	 9	 
 169	 180	 166	 180	 1	 14	 
 169	 180	 166	 180	 1	 14	 
 169	 180	 166	 180	 1	 14	 
 169	 180	 170	 179	 1	 9	 
 169	 180	 166	 180	 1	 14	 
 169	 180	 170	 179	 1	 9	 
 169	 180	 166	 180	 1	 14	 
 169	 180	 170	 179	 1	 9	 
 169	 180	 170	 179	 1	 9	 
 169	 180	 167	 180	 1	 13	 
 169	 180	 170	 179	 1	 9	 
 169	 180	 168	 180	 1	 12	 
 169	 180	 166	 180	 1	 14	 
 169	 180	 170	 179	 1	 9	 
 169	 180	 168	 180	 1	 12	 
 169	 180	 170	 179	 1	 9	 
 169	 180	 165	 180	 1	 15	 
 169	 180	 163	 180	 1	 17	 
 169	 180	 163	 180	 1	 17	 
 169	 180	 168	 180	 1	 12	 
 169	 180	 170	 179	 1	 9	 
 169	 180	 163	 180	 1	 17	 
 169	 180	 170	 179	 1	 9	 
 169	 180	 166	 180	 1	 14	 
 169	 180	 170	 179	 1	 9	 
 169	 180	 170	 179	 1	 9	 
 169	 180	 170	 179	 1	 9	 
 169	 180	 168	 180	 1	 12	 
 169	 180	 170	 179	 1	 9	 
 169	 180	 165	 180	 1	 15	 
 169	 180	 165	 180	 1	 15	 
 169	 180	 167	 180	 1	 13	 
 169	 180	 170	 179	 1	 9	 
 169	 180	 164	 180	 1	 16	 
 169	 180	 170	 179	 1	 9	 
 169	 180	 165	 180	 1	 15	 
 169	 180	 163	 180	 1	 17	 
 169	 180	 167	 180	 1	 13	 
 169	 180	 166	 180	 1	 14	 
 169	 180	 170	 179	 1	 9	 
 169	 180	 170	 179	 1	 9	 
 169	 180	 167	 180	 1	 13	 
 169	 180	 170	 179	 1	 9	 
 169	 180	 170	 179	 1	 9	 
 169	 180	 167	 180	 1	 13	 
 169	 180	 168	 180	 1	 12	 
 169	 180	 165	 180	 1	 15	 
 169	 180	 170	 179	 1	 9	 
 169	 180	 163	 180	 1	 17	 
 169	 180	 170	 179	 1	 9	 
 169	 180	 164	 180	 1	 16	 
 169	 180	 170	 179	 1	 9	 
 169	 180	 170	 179	 1	 9	 
 169	 180	 164	 180	 1	 16	 
 169	 180	 163	 180	 1	 17	 
 169	 180	 170	 179	 1	 9	 
 169	 180	 170	 179	 1	 9	 
 169	 180	 164	 180	 1	 16	 
 169	 180	 170	 179	 1	 9	 
 169	 180	 170	 179	 1	 9	 
 169	 180	 170	 179	 1	 9	 
 169	 180	 170	 179	 1	 9	 
 169	 180	 170	 179	 1	 9	 
 169	 180	 170	 179	 1	 9	 
 169	 180	 167	 180	 1	 13	 
 169	 180	 168	 180	 1	 12	 
 169	 180	 170	 179	 1	 9	 
 169	 180	 170	 179	 1	 9	 
 169	 180	 167	 180	 1	 13	 
 169	 180	 163	 180	 1	 17	 
 169	 180	 170	 179	 1	 9	 
 169	 180	 163	 180	 1	 17	 
 169	 180	 165	 180	 1	 15	 
 169	 180	 167	 180	 1	 13	 
 169	 180	 170	 179	 1	 9	 
 169	 180	 170	 179	 1	 9	 
 169	 180	 170	 179	 1	 9	 
 169	 180	 163	 180	 1	 17	 
 169	 180	 168	 180	 1	 12	 
 169	 180	 170	 179	 1	 9	 
 169	 180	 163	 180	 1	 17	 
 169	 180	 170	 179	 1	 9	 
 169	 180	 170	 179	 1	 9	 
 169	 180	 165	 180	 1	 15	 
 169	 180	 170	 179	 1	 9	 
 169	 180	 164	 180	 1	 16	 
 169	 180	 167	 180	 1	 13	 
 169	 180	 170	 179	 1	 9	 
 169	 180	 164	 180	 1	 16	 
 169	 180	 170	 179	 1	 9	 
 169	 180	 164	 180	 1	 16	 
 0	 0	 0	 0	 0	 0	 
 0	 0	 0	 0	 0	 0	 
 169	 180	 170	 179	 1	 9	 
 169	 180	 164	 180	 1	 16	 
 169	 180	 170	 179	 1	 9	 
 169	 180	 170	 179	 1	 9	 
 169	 180	 170	 179	 1	 9	 
 169	 180	 163	 180	 1	 17	 
 169	 180	 165	 180	 1	 15	 
 169	 180	 170	 179	 1	 9	 
 169	 180	 164	 180	 1	 16	 
 169	 180	 168	 180	 1	 12	 
 169	 180	 165	 180	 1	 15	 
 169	 180	 165	 180	 1	 15	 
 169	 180	 168	 180	 1	 12	 
 169	 180	 170	 179	 1	 9	 
 169	 180	 165	 180	 1	 15	 
 169	 180	 164	 180	 1	 16	 
 169	 180	 170	 179	 1	 9	 
 169	 180	 166	 180	 1	 14	 
 169	 180	 170	 179	 1	 9	 
 169	 180	 170	 179	 1	 9	 
 169	 180	 170	 179	 1	 9	 
 169	 180	 170	 179	 1	 9	 
 169	 180	 163	 180	 1	 17	 
 169	 180	 170	 179	 1	 9	 
 169	 180	 170	 179	 1	 9	 
 169	 180	 170	 179	 1	 9	 
 169	 180	 165	 180	 1	 15	 
 169	 180	 163	 180	 1	 17	 
 169	 180	 170	 179	 1	 9	 
 169	 180	 170	 179	 1	 9	 
 169	 180	 170	 179	 1	 9	 
 169	 180	 170	 179	 1	 9	 
 169	 180	 170	 179	 1	 9	 
 169	 180	 168	 180	 1	 12	 
 169	 180	 166	 180	 1	 14	 
 169	 180	 165	 180	 1	 15	 
 169	 180	 170	 179	 1	 9	 
 169	 180	 170	 179	 1	 9	 
 169	 180	 170	 179	 1	 9	 
 169	 180	 170	 179	 1	 9	 
 169	 180	 163	 180	 1	 17	 
 169	 180	 163	 180	 1	 17	 
 169	 180	 164	 180	 1	 16	 
 169	 180	 167	 180	 1	 13	 
 169	 180	 164	 180	 1	 16	 
 169	 180	 167	 180	 1	 13	 
 169	 180	 170	 179	 1	 9	 
 169	 180	 170	 179	 1	 9	 
 169	 180	 166	 180	 1	 14	 
 169	 180	 168	 180	 1	 12	 
 169	 180	 170	 179	 1	 9	 
 169	 180	 164	 180	 1	 16	 
 169	 180	 167	 180	 1	 13	 
 169	 180	 170	 179	 1	 9	 
 169	 180	 170	 179	 1	 9	 
 169	 180	 170	 179	 1	 9	 
 169	 180	 170	 179	 1	 9	 
 169	 180	 170	 179	 1	 9	 
 169	 180	 166	 180	 1	 14	 
 169	 180	 166	 180	 1	 14	 
 169	 180	 164	 180	 1	 16	 
 169	 180	 168	 180	 1	 12	 
 169	 180	 163	 180	 1	 17	 
 169	 180	 167	 180	 1	 13	 
 169	 180	 170	 179	 1	 9	 
 169	 180	 170	 179	 1	 9	 
 169	 180	 170	 179	 1	 9	 
 169	 180	 166	 180	 1	 14	 
 169	 180	 163	 180	 1	 17	 
 169	 180	 166	 180	 1	 14	 
 169	 180	 170	 179	 1	 9	 
 169	 180	 170	 179	 1	 9	 
 169	 180	 170	 179	 1	 9	 
 169	 180	 170	 179	 1	 9	 
 169	 180	 166	 180	 1	 14	 
 169	 180	 164	 180	 1	 16	 
 169	 180	 170	 179	 1	 9	 
 169	 180	 167	 180	 1	 13	 
 169	 180	 170	 179	 1	 9	 
 169	 180	 170	 179	 1	 9	 
 169	 180	 168	 180	 1	 12	 
 169	 180	 165	 180	 1	 15	 
 169	 180	 167	 180	 1	 13	 
 169	 180	 166	 180	 1	 14	 
 169	 180	 170	 179	 1	 9	 
 169	 180	 170	 179	 1	 9	 
 169	 180	 166	 180	 1	 14	 
 169	 180	 170	 179	 1	 9	 
 169	 180	 166	 180	 1	 14	 
 169	 180	 170	 179	 1	 9	 
 169	 180	 164	 180	 1	 16	 
 169	 180	 170	 179	 1	 9	 
 169	 180	 164	 180	 1	 16	 
 169	 180	 164	 180	 1	 16	 
 169	 180	 163	 180	 1	 17	 
 169	 180	 170	 179	 1	 9	 
 169	 180	 170	 179	 1	 9	 
 169	 180	 170	 179	 1	 9	 
 169	 180	 170	 179	 1	 9	 
 0	 0	 0	 0	 0	 0	 
 0	 0	 0	 0	 0	 0	 
 136	 167	 132	 171	 0	 39	 
 136	 167	 121	 180	 0	 59	 
 136	 167	 141	 162	 0	 21	 
 136	 167	 142	 161	 0	 19	 
 136	 167	 141	 162	 0	 21	 
 136	 167	 144	 159	 0	 15	 
 136	 167	 147	 156	 0	 9	 
 136	 167	 142	 161	 0	 19	 
 136	 167	 145	 158	 0	 13	 
 136	 167	 122	 180	 0	 58	 
 136	 167	 127	 176	 0	 49	 
 136	 167	 141	 162	 0	 21	 
 136	 167	 140	 163	 0	 23	 
 136	 167	 125	 178	 0	 53	 
 136	 167	 133	 170	 0	 37	 
 136	 167	 121	 180	 0	 59	 
 136	 167	 128	 175	 0	 47	 
 136	 167	 125	 178	 0	 53	 
 136	 167	 147	 156	 0	 9	 
 136	 167	 133	 170	 0	 37	 
 136	 167	 131	 172	 0	 41	 
 136	 167	 121	 180	 0	 59	 
 136	 167	 147	 156	 0	 9	 
 136	 167	 134	 169	 0	 35	 
 136	 167	 144	 159	 0	 15	 
 136	 167	 133	 170	 0	 37	 
 136	 167	 120	 180	 0	 60	 
 136	 167	 137	 166	 0	 29	 
 136	 167	 133	 170	 0	 37	 
 136	 167	 126	 177	 0	 51	 
 136	 167	 120	 180	 0	 60	 
 136	 167	 125	 178	 0	 53	 
 136	 167	 147	 156	 0	 9	 
 136	 167	 126	 177	 0	 51	 
 136	 167	 139	 164	 0	 25	 
 136	 167	 122	 180	 0	 58	 
 136	 167	 132	 171	 0	 39	 
 136	 167	 123	 180	 0	 57	 
 136	 167	 130	 173	 0	 43	 
 136	 167	 144	 159	 0	 15	 
 136	 167	 133	 170	 0	 37	 
 136	 167	 131	 172	 0	 41	 
 136	 167	 144	 159	 0	 15	 
 136	 167	 133	 170	 0	 37	 
 136	 167	 147	 156	 0	 9	 
 136	 167	 132	 171	 0	 39	 
 136	 167	 146	 157	 0	 11	 
 136	 167	 139	 164	 0	 25	 
 136	 167	 135	 168	 0	 33	 
 136	 167	 135	 168	 0	 33	 
 136	 167	 141	 162	 0	 21	 
 136	 167	 147	 156	 0	 9	 
 136	 167	 121	 180	 0	 59	 
 136	 167	 147	 156	 0	 9	 
 136	 167	 124	 179	 0	 55	 
 136	 167	 129	 174	 0	 45	 
 136	 167	 145	 158	 0	 13	 
 136	 167	 138	 165	 0	 27	 
 136	 167	 120	 180	 0	 60	 
 136	 167	 129	 174	 0	 45	 
 136	 167	 124	 179	 0	 55	 
 136	 167	 125	 178	 0	 53	 
 136	 167	 126	 177	 0	 51	 
 136	 167	 125	 178	 0	 53	 
 136	 167	 134	 169	 0	 35	 
 136	 167	 147	 156	 0	 9	 
 136	 167	 123	 180	 0	 57	 
 136	 167	 132	 171	 0	 39	 
 136	 167	 131	 172	 0	 41	 
 136	 167	 147	 156	 0	 9	 
 136	 167	 143	 160	 0	 17	 
 136	 167	 138	 165	 0	 27	 
 136	 167	 130	 173	 0	 43	 
 136	 167	 141	 162	 0	 21	 
 136	 167	 142	 161	 0	 19	 
 136	 167	 138	 165	 0	 27	 
 136	 167	 121	 180	 0	 59	 
 136	 167	 137	 166	 0	 29	 
 136	 167	 120	 180	 0	 60	 
 136	 167	 144	 159	 0	 15	 
 136	 167	 135	 168	 0	 33	 
 136	 167	 142	 161	 0	 19	 
 136	 167	 147	 156	 0	 9	 
 136	 167	 134	 169	 0	 35	 
 136	 167	 147	 156	 0	 9	 
 136	 167	 140	 163	 0	 23	 
 136	 167	 141	 162	 0	 21	 
 136	 167	 120	 180	 0	 60	 
 136	 167	 143	 160	 0	 17	 
 136	 167	 138	 165	 0	 27	 
 136	 167	 123	 180	 0	 57	 
 136	 167	 141	 162	 0	 21	 
 136	 167	 130	 173	 0	 43	 
 136	 167	 125	 178	 0	 53	 
 136	 167	 147	 156	 0	 9	 
 136	 167	 125	 178	 0	 53	 
 136	 167	 141	 162	 0	 21	 
 136	 167	 145	 158	 0	 13	 
 136	 167	 147	 156	 0	 9	 
 0	 0	 0	 0	 0	 0	 
 0	 0	 0	 0	 0	 0	 
 169	 180	 170	 179	 1	 9	 
 169	 180	 167	 180	 1	 13	 
 169	 180	 170	 179	 1	 9	 
 169	 180	 164	 180	 1	 16	 
 169	 180	 170	 179	 1	 9	 
 169	 180	 170	 179	 1	 9	 
 169	 180	 163	 180	 1	 17	 
 169	 180	 170	 179	 1	 9	 
 169	 180	 170	 179	 1	 9	 
 169	 180	 170	 179	 1	 9	 
 169	 180	 164	 180	 1	 16	 
 169	 180	 170	 179	 1	 9	 
 169	 180	 167	 180	 1	 13	 
 169	 180	 168	 180	 1	 12	 
 169	 180	 170	 179	 1	 9	 
 169	 180	 164	 180	 1	 16	 
 169	 180	 167	 180	 1	 13	 
 169	 180	 168	 180	 1	 12	 
 169	 180	 166	 180	 1	 14	 
 169	 180	 166	 180	 1	 14	 
 169	 180	 163	 180	 1	 17	 
 169	 180	 167	 180	 1	 13	 
 169	 180	 165	 180	 1	 15	 
 169	 180	 166	 180	 1	 14	 
 169	 180	 170	 179	 1	 9	 
 169	 180	 170	 179	 1	 9	 
 169	 180	 163	 180	 1	 17	 
 169	 180	 166	 180	 1	 14	 
 169	 180	 170	 179	 1	 9	 
 169	 180	 170	 179	 1	 9	 
 169	 180	 165	 180	 1	 15	 
 169	 180	 170	 179	 1	 9	 
 169	 180	 170	 179	 1	 9	 
 169	 180	 165	 180	 1	 15	 
 169	 180	 165	 180	 1	 15	 
 169	 180	 170	 179	 1	 9	 
 169	 180	 168	 180	 1	 12	 
 169	 180	 164	 180	 1	 16	 
 169	 180	 167	 180	 1	 13	 
 169	 180	 170	 179	 1	 9	 
 169	 180	 170	 179	 1	 9	 
 169	 180	 165	 180	 1	 15	 
 169	 180	 170	 179	 1	 9	 
 169	 180	 164	 180	 1	 16	 
 169	 180	 164	 180	 1	 16	 
 169	 180	 170	 179	 1	 9	 
 169	 180	 168	 180	 1	 12	 
 169	 180	 168	 180	 1	 12	 
 169	 180	 168	 180	 1	 12	 
 169	 180	 167	 180	 1	 13	 
 169	 180	 170	 179	 1	 9	 
 169	 180	 170	 179	 1	 9	 
 169	 180	 170	 179	 1	 9	 
 169	 180	 170	 179	 1	 9	 
 169	 180	 165	 180	 1	 15	 
 169	 180	 166	 180	 1	 14	 
 169	 180	 163	 180	 1	 17	 
 169	 180	 167	 180	 1	 13	 
 169	 180	 165	 180	 1	 15	 
 169	 180	 163	 180	 1	 17	 
 169	 180	 164	 180	 1	 16	 
 169	 180	 170	 179	 1	 9	 
 169	 180	 170	 179	 1	 9	 
 169	 180	 170	 179	 1	 9	 
 169	 180	 170	 179	 1	 9	 
 169	 180	 170	 179	 1	 9	 
 169	 180	 170	 179	 1	 9	 
 169	 180	 164	 180	 1	 16	 
 169	 180	 165	 180	 1	 15	 
 169	 180	 167	 180	 1	 13	 
 169	 180	 167	 180	 1	 13	 
 169	 180	 164	 180	 1	 16	 
 169	 180	 163	 180	 1	 17	 
 169	 180	 170	 179	 1	 9	 
 169	 180	 170	 179	 1	 9	 
 169	 180	 165	 180	 1	 15	 
 169	 180	 170	 179	 1	 9	 
 169	 180	 170	 179	 1	 9	 
 169	 180	 163	 180	 1	 17	 
 169	 180	 164	 180	 1	 16	 
 169	 180	 170	 179	 1	 9	 
 169	 180	 170	 179	 1	 9	 
 169	 180	 168	 180	 1	 12	 
 169	 180	 170	 179	 1	 9	 
 169	 180	 163	 180	 1	 17	 
 169	 180	 168	 180	 1	 12	 
 169	 180	 164	 180	 1	 16	 
 169	 180	 166	 180	 1	 14	 
 169	 180	 170	 179	 1	 9	 
 169	 180	 170	 179	 1	 9	 
 169	 180	 170	 179	 1	 9	 
 169	 180	 166	 180	 1	 14	 
 169	 180	 167	 180	 1	 13	 
 169	 180	 163	 180	 1	 17	 
 169	 180	 167	 180	 1	 13	 
 169	 180	 170	 179	 1	 9	 
 169	 180	 170	 179	 1	 9	 
 169	 180	 168	 180	 1	 12	 
 169	 180	 170	 179	 1	 9	 
 0	 0	 0	 0	 0	 0	 
 0	 0	 0	 0	 0	 0	 
 169	 180	 167	 180	 1	 13	 
 169	 180	 163	 180	 1	 17	 
 169	 180	 167	 180	 1	 13	 
 169	 180	 170	 179	 1	 9	 
 169	 180	 167	 180	 1	 13	 
 169	 180	 165	 180	 1	 15	 
 169	 180	 164	 180	 1	 16	 
 169	 180	 170	 179	 1	 9	 
 169	 180	 164	 180	 1	 16	 
 169	 180	 170	 179	 1	 9	 
 169	 180	 170	 179	 1	 9	 
 169	 180	 164	 180	 1	 16	 
 169	 180	 166	 180	 1	 14	 
 169	 180	 166	 180	 1	 14	 
 169	 180	 170	 179	 1	 9	 
 169	 180	 165	 180	 1	 15	 
 169	 180	 166	 180	 1	 14	 
 169	 180	 165	 180	 1	 15	 
 169	 180	 167	 180	 1	 13	 
 169	 180	 170	 179	 1	 9	 
 169	 180	 170	 179	 1	 9	 
 169	 180	 170	 179	 1	 9	 
 169	 180	 168	 180	 1	 12	 
 169	 180	 170	 179	 1	 9	 
 169	 180	 170	 179	 1	 9	 
 169	 180	 167	 180	 1	 13	 
 169	 180	 170	 179	 1	 9	 
 169	 180	 166	 180	 1	 14	 
 169	 180	 170	 179	 1	 9	 
 169	 180	 166	 180	 1	 14	 
 169	 180	 168	 180	 1	 12	 
 169	 180	 167	 180	 1	 13	 
 169	 180	 168	 180	 1	 12	 
 169	 180	 165	 180	 1	 15	 
 169	 180	 170	 179	 1	 9	 
 169	 180	 167	 180	 1	 13	 
 169	 180	 163	 180	 1	 17	 
 169	 180	 170	 179	 1	 9	 
 169	 180	 166	 180	 1	 14	 
 169	 180	 170	 179	 1	 9	 
 169	 180	 166	 180	 1	 14	 
 169	 180	 164	 180	 1	 16	 
 169	 180	 170	 179	 1	 9	 
 169	 180	 168	 180	 1	 12	 
 169	 180	 170	 179	 1	 9	 
 169	 180	 170	 179	 1	 9	 
 169	 180	 170	 179	 1	 9	 
 169	 180	 166	 180	 1	 14	 
 169	 180	 170	 179	 1	 9	 
 169	 180	 170	 179	 1	 9	 
 169	 180	 170	 179	 1	 9	 
 169	 180	 167	 180	 1	 13	 
 169	 180	 167	 180	 1	 13	 
 169	 180	 163	 180	 1	 17	 
 169	 180	 170	 179	 1	 9	 
 169	 180	 170	 179	 1	 9	 
 169	 180	 165	 180	 1	 15	 
 169	 180	 165	 180	 1	 15	 
 169	 180	 167	 180	 1	 13	 
 169	 180	 163	 180	 1	 17	 
 169	 180	 170	 179	 1	 9	 
 169	 180	 170	 179	 1	 9	 
 169	 180	 170	 179	 1	 9	 
 169	 180	 170	 179	 1	 9	 
 169	 180	 170	 179	 1	 9	 
 169	 180	 170	 179	 1	 9	 
 169	 180	 164	 180	 1	 16	 
 169	 180	 168	 180	 1	 12	 
 169	 180	 170	 179	 1	 9	 
 169	 180	 163	 180	 1	 17	 
 169	 180	 170	 179	 1	 9	 
 169	 180	 170	 179	 1	 9	 
 169	 180	 165	 180	 1	 15	 
 169	 180	 163	 180	 1	 17	 
 169	 180	 168	 180	 1	 12	 
 169	 180	 170	 179	 1	 9	 
 169	 180	 170	 179	 1	 9	 
 169	 180	 170	 179	 1	 9	 
 169	 180	 166	 180	 1	 14	 
 169	 180	 170	 179	 1	 9	 
 169	 180	 170	 179	 1	 9	 
 169	 180	 167	 180	 1	 13	 
 169	 180	 170	 179	 1	 9	 
 169	 180	 167	 180	 1	 13	 
 169	 180	 170	 179	 1	 9	 
 169	 180	 167	 180	 1	 13	 
 169	 180	 170	 179	 1	 9	 
 169	 180	 168	 180	 1	 12	 
 169	 180	 167	 180	 1	 13	 
 169	 180	 164	 180	 1	 16	 
 169	 180	 170	 179	 1	 9	 
 169	 180	 170	 179	 1	 9	 
 169	 180	 163	 180	 1	 17	 
 169	 180	 165	 180	 1	 15	 
 169	 180	 170	 179	 1	 9	 
 169	 180	 163	 180	 1	 17	 
 169	 180	 170	 179	 1	 9	 
 169	 180	 168	 180	 1	 12	 
 169	 180	 165	 180	 1	 15	 
 0	 0	 0	 0	 0	 0	 
 0	 0	 0	 0	 0	 0	 
 169	 180	 167	 180	 1	 13	 
 169	 180	 168	 180	 1	 12	 
 169	 180	 170	 179	 1	 9	 
 169	 180	 166	 180	 1	 14	 
 169	 180	 163	 180	 1	 17	 
 169	 180	 170	 179	 1	 9	 
 169	 180	 165	 180	 1	 15	 
 169	 180	 170	 179	 1	 9	 
 169	 180	 167	 180	 1	 13	 
 169	 180	 165	 180	 1	 15	 
 169	 180	 167	 180	 1	 13	 
 169	 180	 170	 179	 1	 9	 
 169	 180	 170	 179	 1	 9	 
 169	 180	 170	 179	 1	 9	 
 169	 180	 170	 179	 1	 9	 
 169	 180	 164	 180	 1	 16	 
 169	 180	 164	 180	 1	 16	 
 169	 180	 164	 180	 1	 16	 
 169	 180	 170	 179	 1	 9	 
 169	 180	 170	 179	 1	 9	 
 169	 180	 170	 179	 1	 9	 
 169	 180	 163	 180	 1	 17	 
 169	 180	 170	 179	 1	 9	 
 169	 180	 163	 180	 1	 17	 
 169	 180	 170	 179	 1	 9	 
 169	 180	 170	 179	 1	 9	 
 169	 180	 170	 179	 1	 9	 
 169	 180	 170	 179	 1	 9	 
 169	 180	 165	 180	 1	 15	 
 169	 180	 170	 179	 1	 9	 
 169	 180	 163	 180	 1	 17	 
 169	 180	 170	 179	 1	 9	 
 169	 180	 170	 179	 1	 9	 
 169	 180	 165	 180	 1	 15	 
 169	 180	 163	 180	 1	 17	 
 169	 180	 168	 180	 1	 12	 
 169	 180	 170	 179	 1	 9	 
 169	 180	 170	 179	 1	 9	 
 169	 180	 170	 179	 1	 9	 
 169	 180	 170	 179	 1	 9	 
 169	 180	 170	 179	 1	 9	 
 169	 180	 170	 179	 1	 9	 
 169	 180	 170	 179	 1	 9	 
 169	 180	 168	 180	 1	 12	 
 169	 180	 170	 179	 1	 9	 
 169	 180	 168	 180	 1	 12	 
 169	 180	 163	 180	 1	 17	 
 169	 180	 170	 179	 1	 9	 
 169	 180	 170	 179	 1	 9	 
 169	 180	 165	 180	 1	 15	 
 169	 180	 170	 179	 1	 9	 
 169	 180	 168	 180	 1	 12	 
 169	 180	 165	 180	 1	 15	 
 169	 180	 170	 179	 1	 9	 
 169	 180	 170	 179	 1	 9	 
 169	 180	 164	 180	 1	 16	 
 169	 180	 170	 179	 1	 9	 
 169	 180	 170	 179	 1	 9	 
 169	 180	 167	 180	 1	 13	 
 169	 180	 170	 179	 1	 9	 
 169	 180	 166	 180	 1	 14	 
 169	 180	 163	 180	 1	 17	 
 169	 180	 167	 180	 1	 13	 
 169	 180	 170	 179	 1	 9	 
 169	 180	 168	 180	 1	 12	 
 169	 180	 170	 179	 1	 9	 
 169	 180	 170	 179	 1	 9	 
 169	 180	 168	 180	 1	 12	 
 169	 180	 168	 180	 1	 12	 
 169	 180	 170	 179	 1	 9	 
 169	 180	 165	 180	 1	 15	 
 169	 180	 166	 180	 1	 14	 
 169	 180	 170	 179	 1	 9	 
 169	 180	 170	 179	 1	 9	 
 169	 180	 166	 180	 1	 14	 
 169	 180	 170	 179	 1	 9	 
 169	 180	 167	 180	 1	 13	 
 169	 180	 164	 180	 1	 16	 
 169	 180	 170	 179	 1	 9	 
 169	 180	 165	 180	 1	 15	 
 169	 180	 165	 180	 1	 15	 
 169	 180	 166	 180	 1	 14	 
 169	 180	 164	 180	 1	 16	 
 169	 180	 170	 179	 1	 9	 
 169	 180	 167	 180	 1	 13	 
 169	 180	 168	 180	 1	 12	 
 169	 180	 170	 179	 1	 9	 
 169	 180	 165	 180	 1	 15	 
 169	 180	 165	 180	 1	 15	 
 169	 180	 163	 180	 1	 17	 
 169	 180	 166	 180	 1	 14	 
 169	 180	 165	 180	 1	 15	 
 169	 180	 170	 179	 1	 9	 
 169	 180	 170	 179	 1	 9	 
 169	 180	 170	 179	 1	 9	 
 169	 180	 170	 179	 1	 9	 
 169	 180	 170	 179	 1	 9	 
 169	 180	 168	 180	 1	 12	 
 169	 180	 170	 179	 1	 9	 
 0	 0	 0	 0	 0	 0	 
 0	 0	 0	 0	 0	 0	 
 136	 167	 129	 174	 0	 45	 
 136	 167	 147	 156	 0	 9	 
 136	 167	 120	 180	 0	 60	 
 136	 167	 138	 165	 0	 27	 
 136	 167	 131	 172	 0	 41	 
 136	 167	 133	 170	 0	 37	 
 136	 167	 143	 160	 0	 17	 
 136	 167	 122	 180	 0	 58	 
 136	 167	 121	 180	 0	 59	 
 136	 167	 146	 157	 0	 11	 
 136	 167	 147	 156	 0	 9	 
 136	 167	 147	 156	 0	 9	 
 136	 167	 147	 156	 0	 9	 
 136	 167	 122	 180	 0	 58	 
 136	 167	 129	 174	 0	 45	 
 136	 167	 121	 180	 0	 59	 
 136	 167	 138	 165	 0	 27	 
 136	 167	 147	 156	 0	 9	 
 136	 167	 131	 172	 0	 41	 
 136	 167	 145	 158	 0	 13	 
 136	 167	 126	 177	 0	 51	 
 136	 167	 121	 180	 0	 59	 
 136	 167	 147	 156	 0	 9	 
 136	 167	 145	 158	 0	 13	 
 136	 167	 129	 174	 0	 45	 
 136	 167	 128	 175	 0	 47	 
 136	 167	 143	 160	 0	 17	 
 136	 167	 131	 172	 0	 41	 
 136	 167	 138	 165	 0	 27	 
 136	 167	 147	 156	 0	 9	 
 136	 167	 146	 157	 0	 11	 
 136	 167	 135	 168	 0	 33	 
 136	 167	 132	 171	 0	 39	 
 136	 167	 147	 156	 0	 9	 
 136	 167	 121	 180	 0	 59	 
 136	 167	 137	 166	 0	 29	 
 136	 167	 140	 163	 0	 23	 
 136	 167	 146	 157	 0	 11	 
 136	 167	 120	 180	 0	 60	 
 136	 167	 120	 180	 0	 60	 
 136	 167	 147	 156	 0	 9	 
 136	 167	 139	 164	 0	 25	 
 136	 167	 147	 156	 0	 9	 
 136	 167	 147	 156	 0	 9	 
 136	 167	 121	 180	 0	 59	 
 136	 167	 143	 160	 0	 17	 
 136	 167	 147	 156	 0	 9	 
 136	 167	 120	 180	 0	 60	 
 136	 167	 142	 161	 0	 19	 
 136	 167	 133	 170	 0	 37	 
 136	 167	 146	 157	 0	 11	 
 136	 167	 138	 165	 0	 27	 
 136	 167	 124	 179	 0	 55	 
 136	 167	 145	 158	 0	 13	 
 136	 167	 144	 159	 0	 15	 
 136	 167	 134	 169	 0	 35	 
 136	 167	 147	 156	 0	 9	 
 136	 167	 128	 175	 0	 47	 
 136	 167	 129	 174	 0	 45	 
 136	 167	 129	 174	 0	 45	 
 136	 167	 147	 156	 0	 9	 
 136	 167	 129	 174	 0	 45	 
 136	 167	 147	 156	 0	 9	 
 136	 167	 121	 180	 0	 59	 
 136	 167	 132	 171	 0	 39	 
 136	 167	 135	 168	 0	 33	 
 136	 167	 147	 156	 0	 9	 
 136	 167	 147	 156	 0	 9	 
 136	 167	 147	 156	 0	 9	 
 136	 167	 133	 170	 0	 37	 
 136	 167	 147	 156	 0	 9	 
 136	 167	 130	 173	 0	 43	 
 136	 167	 132	 171	 0	 39	 
 136	 167	 123	 180	 0	 57	 
 136	 167	 147	 156	 0	 9	 
 136	 167	 147	 156	 0	 9	 
 136	 167	 144	 159	 0	 15	 
 136	 167	 147	 156	 0	 9	 
 136	 167	 130	 173	 0	 43	 
 136	 167	 133	 170	 0	 37	 
 136	 167	 144	 159	 0	 15	 
 136	 167	 140	 163	 0	 23	 
 136	 167	 121	 180	 0	 59	 
 136	 167	 122	 180	 0	 58	 
 136	 167	 128	 175	 0	 47	 
 136	 167	 129	 174	 0	 45	 
 136	 167	 120	 180	 0	 60	 
 136	 167	 134	 169	 0	 35	 
 136	 167	 144	 159	 0	 15	 
 136	 167	 126	 177	 0	 51	 
 136	 167	 147	 156	 0	 9	 
 136	 167	 126	 177	 0	 51	 
 136	 167	 140	 163	 0	 23	 
 136	 167	 147	 156	 0	 9	 
 136	 167	 143	 160	 0	 17	 
 136	 167	 147	 156	 0	 9	 
 136	 167	 145	 158	 0	 13	 
 136	 167	 146	 157	 0	 11	 
 136	 167	 146	 157	 0	 11	 
 0	 0	 0	 0	 0	 0	 
 0	 0	 0	 0	 0	 0	 
 169	 180	 163	 180	 1	 17	 
 169	 180	 166	 180	 1	 14	 
 169	 180	 170	 179	 1	 9	 
 169	 180	 170	 179	 1	 9	 
 169	 180	 167	 180	 1	 13	 
 169	 180	 170	 179	 1	 9	 
 169	 180	 170	 179	 1	 9	 
 169	 180	 165	 180	 1	 15	 
 169	 180	 165	 180	 1	 15	 
 169	 180	 163	 180	 1	 17	 
 169	 180	 170	 179	 1	 9	 
 169	 180	 170	 179	 1	 9	 
 169	 180	 163	 180	 1	 17	 
 169	 180	 168	 180	 1	 12	 
 169	 180	 170	 179	 1	 9	 
 169	 180	 164	 180	 1	 16	 
 169	 180	 164	 180	 1	 16	 
 169	 180	 167	 180	 1	 13	 
 169	 180	 170	 179	 1	 9	 
 169	 180	 167	 180	 1	 13	 
 169	 180	 167	 180	 1	 13	 
 169	 180	 168	 180	 1	 12	 
 169	 180	 167	 180	 1	 13	 
 169	 180	 164	 180	 1	 16	 
 169	 180	 170	 179	 1	 9	 
 169	 180	 170	 179	 1	 9	 
 169	 180	 170	 179	 1	 9	 
 169	 180	 170	 179	 1	 9	 
 169	 180	 164	 180	 1	 16	 
 169	 180	 165	 180	 1	 15	 
 169	 180	 170	 179	 1	 9	 
 169	 180	 166	 180	 1	 14	 
 169	 180	 166	 180	 1	 14	 
 169	 180	 166	 180	 1	 14	 
 169	 180	 170	 179	 1	 9	 
 169	 180	 170	 179	 1	 9	 
 169	 180	 163	 180	 1	 17	 
 169	 180	 170	 179	 1	 9	 
 169	 180	 170	 179	 1	 9	 
 169	 180	 164	 180	 1	 16	 
 169	 180	 163	 180	 1	 17	 
 169	 180	 170	 179	 1	 9	 
 169	 180	 170	 179	 1	 9	 
 169	 180	 163	 180	 1	 17	 
 169	 180	 165	 180	 1	 15	 
 169	 180	 164	 180	 1	 16	 
 169	 180	 166	 180	 1	 14	 
 169	 180	 170	 179	 1	 9	 
 169	 180	 170	 179	 1	 9	 
 169	 180	 170	 179	 1	 9	 
 169	 180	 170	 179	 1	 9	 
 169	 180	 166	 180	 1	 14	 
 169	 180	 165	 180	 1	 15	 
 169	 180	 163	 180	 1	 17	 
 169	 180	 170	 179	 1	 9	 
 169	 180	 170	 179	 1	 9	 
 169	 180	 164	 180	 1	 16	 
 169	 180	 170	 179	 1	 9	 
 169	 180	 170	 179	 1	 9	 
 169	 180	 170	 179	 1	 9	 
 169	 180	 164	 180	 1	 16	 
 169	 180	 168	 180	 1	 12	 
 169	 180	 170	 179	 1	 9	 
 169	 180	 170	 179	 1	 9	 
 169	 180	 166	 180	 1	 14	 
 169	 180	 170	 179	 1	 9	 
 169	 180	 164	 180	 1	 16	 
 169	 180	 170	 179	 1	 9	 
 169	 180	 170	 179	 1	 9	 
 169	 180	 168	 180	 1	 12	 
 169	 180	 170	 179	 1	 9	 
 169	 180	 166	 180	 1	 14	 
 169	 180	 164	 180	 1	 16	 
 169	 180	 164	 180	 1	 16	 
 169	 180	 167	 180	 1	 13	 
 169	 180	 170	 179	 1	 9	 
 169	 180	 163	 180	 1	 17	 
 169	 180	 170	 179	 1	 9	 
 169	 180	 165	 180	 1	 15	 
 169	 180	 170	 179	 1	 9	 
 169	 180	 166	 180	 1	 14	 
 169	 180	 167	 180	 1	 13	 
 169	 180	 168	 180	 1	 12	 
 169	 180	 170	 179	 1	 9	 
 169	 180	 164	 180	 1	 16	 
 169	 180	 170	 179	 1	 9	 
 169	 180	 170	 179	 1	 9	 
 169	 180	 167	 180	 1	 13	 
 169	 180	 170	 179	 1	 9	 
 169	 180	 170	 179	 1	 9	 
 169	 180	 170	 179	 1	 9	 
 169	 180	 167	 180	 1	 13	 
 169	 180	 170	 179	 1	 9	 
 169	 180	 164	 180	 1	 16	 
 169	 180	 170	 179	 1	 9	 
 169	 180	 170	 179	 1	 9	 
 169	 180	 163	 180	 1	 17	 
 169	 180	 170	 179	 1	 9	 
 169	 180	 164	 180	 1	 16	 
 0	 0	 0	 0	 0	 0	 
 0	 0	 0	 0	 0	 0	 
 139	 167	 131	 175	 1	 44	 
 139	 167	 148	 158	 1	 10	 
 139	 167	 138	 168	 1	 30	 
 139	 167	 130	 176	 1	 46	 
 139	 167	 129	 177	 1	 48	 
 139	 167	 128	 178	 1	 50	 
 139	 167	 148	 158	 1	 10	 
 139	 167	 148	 158	 1	 10	 
 139	 167	 132	 174	 1	 42	 
 139	 167	 143	 163	 1	 20	 
 139	 167	 148	 158	 1	 10	 
 139	 167	 148	 158	 1	 10	 
 139	 167	 146	 160	 1	 14	 
 139	 167	 132	 174	 1	 42	 
 139	 167	 125	 180	 1	 55	 
 139	 167	 131	 175	 1	 44	 
 139	 167	 126	 180	 1	 54	 
 139	 167	 137	 169	 1	 32	 
 139	 167	 148	 158	 1	 10	 
 139	 167	 141	 165	 1	 24	 
 139	 167	 143	 163	 1	 20	 
 139	 167	 148	 158	 1	 10	 
 139	 167	 128	 178	 1	 50	 
 139	 167	 141	 165	 1	 24	 
 139	 167	 138	 168	 1	 30	 
 139	 167	 134	 172	 1	 38	 
 139	 167	 134	 172	 1	 38	 
 139	 167	 140	 166	 1	 26	 
 139	 167	 138	 168	 1	 30	 
 139	 167	 147	 159	 1	 12	 
 139	 167	 136	 170	 1	 34	 
 139	 167	 129	 177	 1	 48	 
 139	 167	 148	 158	 1	 10	 
 139	 167	 141	 165	 1	 24	 
 139	 167	 145	 161	 1	 16	 
 139	 167	 134	 172	 1	 38	 
 139	 167	 136	 170	 1	 34	 
 139	 167	 143	 163	 1	 20	 
 139	 167	 138	 168	 1	 30	 
 139	 167	 148	 158	 1	 10	 
 139	 167	 148	 158	 1	 10	 
 139	 167	 129	 177	 1	 48	 
 139	 167	 133	 173	 1	 40	 
 139	 167	 135	 171	 1	 36	 
 139	 167	 144	 162	 1	 18	 
 139	 167	 138	 168	 1	 30	 
 139	 167	 135	 171	 1	 36	 
 139	 167	 141	 165	 1	 24	 
 139	 167	 126	 180	 1	 54	 
 139	 167	 141	 165	 1	 24	 
 139	 167	 148	 158	 1	 10	 
 139	 167	 148	 158	 1	 10	 
 139	 167	 137	 169	 1	 32	 
 139	 167	 134	 172	 1	 38	 
 139	 167	 135	 171	 1	 36	 
 139	 167	 141	 165	 1	 24	 
 139	 167	 131	 175	 1	 44	 
 139	 167	 148	 158	 1	 10	 
 139	 167	 148	 158	 1	 10	 
 139	 167	 133	 173	 1	 40	 
 139	 167	 148	 158	 1	 10	 
 139	 167	 148	 158	 1	 10	 
 139	 167	 134	 172	 1	 38	 
 139	 167	 126	 180	 1	 54	 
 139	 167	 130	 176	 1	 46	 
 139	 167	 125	 180	 1	 55	 
 139	 167	 124	 180	 1	 56	 
 139	 167	 142	 164	 1	 22	 
 139	 167	 145	 161	 1	 16	 
 139	 167	 148	 158	 1	 10	 
 139	 167	 146	 160	 1	 14	 
 139	 167	 127	 179	 1	 52	 
 139	 167	 148	 158	 1	 10	 
 139	 167	 128	 178	 1	 50	 
 139	 167	 130	 176	 1	 46	 
 139	 167	 140	 166	 1	 26	 
 139	 167	 124	 180	 1	 56	 
 139	 167	 124	 180	 1	 56	 
 139	 167	 135	 171	 1	 36	 
 139	 167	 135	 171	 1	 36	 
 139	 167	 138	 168	 1	 30	 
 139	 167	 148	 158	 1	 10	 
 139	 167	 135	 171	 1	 36	 
 139	 167	 132	 174	 1	 42	 
 139	 167	 148	 158	 1	 10	 
 139	 167	 138	 168	 1	 30	 
 139	 167	 128	 178	 1	 50	 
 139	 167	 125	 180	 1	 55	 
 139	 167	 148	 158	 1	 10	 
 139	 167	 137	 169	 1	 32	 
 139	 167	 146	 160	 1	 14	 
 139	 167	 148	 158	 1	 10	 
 139	 167	 148	 158	 1	 10	 
 139	 167	 145	 161	 1	 16	 
 139	 167	 144	 162	 1	 18	 
 139	 167	 135	 171	 1	 36	 
 139	 167	 127	 179	 1	 52	 
 139	 167	 147	 159	 1	 12	 
 139	 167	 148	 158	 1	 10	 
 0	 0	 0	 0	 0	 0	 
 0	 0	 0	 0	 0	 0	 
 169	 180	 170	 179	 1	 9	 
 169	 180	 168	 180	 1	 12	 
 169	 180	 165	 180	 1	 15	 
 169	 180	 170	 179	 1	 9	 
 169	 180	 168	 180	 1	 12	 
 169	 180	 167	 180	 1	 13	 
 169	 180	 167	 180	 1	 13	 
 169	 180	 166	 180	 1	 14	 
 169	 180	 167	 180	 1	 13	 
 169	 180	 167	 180	 1	 13	 
 169	 180	 170	 179	 1	 9	 
 169	 180	 164	 180	 1	 16	 
 169	 180	 170	 179	 1	 9	 
 169	 180	 163	 180	 1	 17	 
 169	 180	 170	 179	 1	 9	 
 169	 180	 165	 180	 1	 15	 
 169	 180	 170	 179	 1	 9	 
 169	 180	 164	 180	 1	 16	 
 169	 180	 166	 180	 1	 14	 
 169	 180	 168	 180	 1	 12	 
 169	 180	 166	 180	 1	 14	 
 169	 180	 170	 179	 1	 9	 
 169	 180	 170	 179	 1	 9	 
 169	 180	 165	 180	 1	 15	 
 169	 180	 167	 180	 1	 13	 
 169	 180	 163	 180	 1	 17	 
 169	 180	 170	 179	 1	 9	 
 169	 180	 170	 179	 1	 9	 
 169	 180	 170	 179	 1	 9	 
 169	 180	 167	 180	 1	 13	 
 169	 180	 170	 179	 1	 9	 
 169	 180	 170	 179	 1	 9	 
 169	 180	 167	 180	 1	 13	 
 169	 180	 170	 179	 1	 9	 
 169	 180	 170	 179	 1	 9	 
 169	 180	 165	 180	 1	 15	 
 169	 180	 166	 180	 1	 14	 
 169	 180	 163	 180	 1	 17	 
 169	 180	 164	 180	 1	 16	 
 169	 180	 170	 179	 1	 9	 
 169	 180	 170	 179	 1	 9	 
 169	 180	 167	 180	 1	 13	 
 169	 180	 166	 180	 1	 14	 
 169	 180	 166	 180	 1	 14	 
 169	 180	 167	 180	 1	 13	 
 169	 180	 166	 180	 1	 14	 
 169	 180	 170	 179	 1	 9	 
 169	 180	 167	 180	 1	 13	 
 169	 180	 170	 179	 1	 9	 
 169	 180	 163	 180	 1	 17	 
 169	 180	 168	 180	 1	 12	 
 169	 180	 165	 180	 1	 15	 
 169	 180	 170	 179	 1	 9	 
 169	 180	 168	 180	 1	 12	 
 169	 180	 170	 179	 1	 9	 
 169	 180	 168	 180	 1	 12	 
 169	 180	 170	 179	 1	 9	 
 169	 180	 167	 180	 1	 13	 
 169	 180	 170	 179	 1	 9	 
 169	 180	 165	 180	 1	 15	 
 169	 180	 170	 179	 1	 9	 
 169	 180	 164	 180	 1	 16	 
 169	 180	 163	 180	 1	 17	 
 169	 180	 166	 180	 1	 14	 
 169	 180	 170	 179	 1	 9	 
 169	 180	 170	 179	 1	 9	 
 169	 180	 170	 179	 1	 9	 
 169	 180	 170	 179	 1	 9	 
 169	 180	 167	 180	 1	 13	 
 169	 180	 168	 180	 1	 12	 
 169	 180	 170	 179	 1	 9	 
 169	 180	 170	 179	 1	 9	 
 169	 180	 170	 179	 1	 9	 
 169	 180	 170	 179	 1	 9	 
 169	 180	 170	 179	 1	 9	 
 169	 180	 163	 180	 1	 17	 
 169	 180	 164	 180	 1	 16	 
 169	 180	 166	 180	 1	 14	 
 169	 180	 170	 179	 1	 9	 
 169	 180	 168	 180	 1	 12	 
 169	 180	 170	 179	 1	 9	 
 169	 180	 168	 180	 1	 12	 
 169	 180	 164	 180	 1	 16	 
 169	 180	 170	 179	 1	 9	 
 169	 180	 170	 179	 1	 9	 
 169	 180	 166	 180	 1	 14	 
 169	 180	 165	 180	 1	 15	 
 169	 180	 170	 179	 1	 9	 
 169	 180	 163	 180	 1	 17	 
 169	 180	 170	 179	 1	 9	 
 169	 180	 170	 179	 1	 9	 
 169	 180	 170	 179	 1	 9	 
 169	 180	 170	 179	 1	 9	 
 169	 180	 170	 179	 1	 9	 
 169	 180	 170	 179	 1	 9	 
 169	 180	 165	 180	 1	 15	 
 169	 180	 170	 179	 1	 9	 
 169	 180	 163	 180	 1	 17	 
 169	 180	 164	 180	 1	 16	 
 0	 0	 0	 0	 0	 0	 
 0	 0	 0	 0	 0	 0	 
 164	 177	 161	 180	 1	 19	 
 164	 177	 163	 178	 1	 15	 
 164	 177	 162	 179	 1	 17	 
 164	 177	 163	 178	 1	 15	 
 164	 177	 166	 175	 1	 9	 
 164	 177	 166	 175	 1	 9	 
 164	 177	 161	 180	 1	 19	 
 164	 177	 157	 180	 1	 23	 
 164	 177	 158	 180	 1	 22	 
 164	 177	 166	 175	 1	 9	 
 164	 177	 166	 175	 1	 9	 
 164	 177	 166	 175	 1	 9	 
 164	 177	 166	 175	 1	 9	 
 164	 177	 166	 175	 1	 9	 
 164	 177	 162	 179	 1	 17	 
 164	 177	 157	 180	 1	 23	 
 164	 177	 166	 175	 1	 9	 
 164	 177	 165	 176	 1	 11	 
 164	 177	 165	 176	 1	 11	 
 164	 177	 166	 175	 1	 9	 
 164	 177	 166	 175	 1	 9	 
 164	 177	 160	 180	 1	 20	 
 164	 177	 165	 176	 1	 11	 
 164	 177	 166	 175	 1	 9	 
 164	 177	 165	 176	 1	 11	 
 164	 177	 163	 178	 1	 15	 
 164	 177	 166	 175	 1	 9	 
 164	 177	 166	 175	 1	 9	 
 164	 177	 163	 178	 1	 15	 
 164	 177	 157	 180	 1	 23	 
 164	 177	 157	 180	 1	 23	 
 164	 177	 161	 180	 1	 19	 
 164	 177	 166	 175	 1	 9	 
 164	 177	 161	 180	 1	 19	 
 164	 177	 161	 180	 1	 19	 
 164	 177	 159	 180	 1	 21	 
 164	 177	 160	 180	 1	 20	 
 164	 177	 160	 180	 1	 20	 
 164	 177	 165	 176	 1	 11	 
 164	 177	 160	 180	 1	 20	 
 164	 177	 166	 175	 1	 9	 
 164	 177	 158	 180	 1	 22	 
 164	 177	 166	 175	 1	 9	 
 164	 177	 166	 175	 1	 9	 
 164	 177	 158	 180	 1	 22	 
 164	 177	 160	 180	 1	 20	 
 164	 177	 166	 175	 1	 9	 
 164	 177	 165	 176	 1	 11	 
 164	 177	 162	 179	 1	 17	 
 164	 177	 166	 175	 1	 9	 
 164	 177	 166	 175	 1	 9	 
 164	 177	 161	 180	 1	 19	 
 164	 177	 161	 180	 1	 19	 
 164	 177	 159	 180	 1	 21	 
 164	 177	 165	 176	 1	 11	 
 164	 177	 160	 180	 1	 20	 
 164	 177	 157	 180	 1	 23	 
 164	 177	 161	 180	 1	 19	 
 164	 177	 166	 175	 1	 9	 
 164	 177	 161	 180	 1	 19	 
 164	 177	 157	 180	 1	 23	 
 164	 177	 165	 176	 1	 11	 
 164	 177	 165	 176	 1	 11	 
 164	 177	 166	 175	 1	 9	 
 164	 177	 158	 180	 1	 22	 
 164	 177	 159	 180	 1	 21	 
 164	 177	 166	 175	 1	 9	 
 164	 177	 163	 178	 1	 15	 
 164	 177	 159	 180	 1	 21	 
 164	 177	 166	 175	 1	 9	 
 164	 177	 159	 180	 1	 21	 
 164	 177	 166	 175	 1	 9	 
 164	 177	 166	 175	 1	 9	 
 164	 177	 166	 175	 1	 9	 
 164	 177	 166	 175	 1	 9	 
 164	 177	 166	 175	 1	 9	 
 164	 177	 160	 180	 1	 20	 
 164	 177	 166	 175	 1	 9	 
 164	 177	 166	 175	 1	 9	 
 164	 177	 166	 175	 1	 9	 
 164	 177	 162	 179	 1	 17	 
 164	 177	 158	 180	 1	 22	 
 164	 177	 160	 180	 1	 20	 
 164	 177	 161	 180	 1	 19	 
 164	 177	 166	 175	 1	 9	 
 164	 177	 163	 178	 1	 15	 
 164	 177	 158	 180	 1	 22	 
 164	 177	 157	 180	 1	 23	 
 164	 177	 166	 175	 1	 9	 
 164	 177	 163	 178	 1	 15	 
 164	 177	 166	 175	 1	 9	 
 164	 177	 158	 180	 1	 22	 
 164	 177	 159	 180	 1	 21	 
 164	 177	 160	 180	 1	 20	 
 164	 177	 166	 175	 1	 9	 
 164	 177	 161	 180	 1	 19	 
 164	 177	 166	 175	 1	 9	 
 164	 177	 166	 175	 1	 9	 
 164	 177	 158	 180	 1	 22	 
 0	 0	 0	 0	 0	 0	 
 0	 0	 0	 0	 0	 0	 
 169	 180	 168	 180	 1	 12	 
 169	 180	 166	 180	 1	 14	 
 169	 180	 166	 180	 1	 14	 
 169	 180	 168	 180	 1	 12	 
 169	 180	 170	 179	 1	 9	 
 169	 180	 163	 180	 1	 17	 
 169	 180	 170	 179	 1	 9	 
 169	 180	 170	 179	 1	 9	 
 169	 180	 167	 180	 1	 13	 
 169	 180	 168	 180	 1	 12	 
 169	 180	 168	 180	 1	 12	 
 169	 180	 167	 180	 1	 13	 
 169	 180	 170	 179	 1	 9	 
 169	 180	 166	 180	 1	 14	 
 169	 180	 167	 180	 1	 13	 
 169	 180	 166	 180	 1	 14	 
 169	 180	 164	 180	 1	 16	 
 169	 180	 163	 180	 1	 17	 
 169	 180	 165	 180	 1	 15	 
 169	 180	 170	 179	 1	 9	 
 169	 180	 163	 180	 1	 17	 
 169	 180	 170	 179	 1	 9	 
 169	 180	 165	 180	 1	 15	 
 169	 180	 170	 179	 1	 9	 
 169	 180	 163	 180	 1	 17	 
 169	 180	 170	 179	 1	 9	 
 169	 180	 164	 180	 1	 16	 
 169	 180	 170	 179	 1	 9	 
 169	 180	 170	 179	 1	 9	 
 169	 180	 167	 180	 1	 13	 
 169	 180	 165	 180	 1	 15	 
 169	 180	 164	 180	 1	 16	 
 169	 180	 170	 179	 1	 9	 
 169	 180	 164	 180	 1	 16	 
 169	 180	 170	 179	 1	 9	 
 169	 180	 168	 180	 1	 12	 
 169	 180	 170	 179	 1	 9	 
 169	 180	 170	 179	 1	 9	 
 169	 180	 166	 180	 1	 14	 
 169	 180	 170	 179	 1	 9	 
 169	 180	 168	 180	 1	 12	 
 169	 180	 170	 179	 1	 9	 
 169	 180	 168	 180	 1	 12	 
 169	 180	 163	 180	 1	 17	 
 169	 180	 170	 179	 1	 9	 
 169	 180	 170	 179	 1	 9	 
 169	 180	 170	 179	 1	 9	 
 169	 180	 170	 179	 1	 9	 
 169	 180	 163	 180	 1	 17	 
 169	 180	 170	 179	 1	 9	 
 169	 180	 167	 180	 1	 13	 
 169	 180	 170	 179	 1	 9	 
 169	 180	 164	 180	 1	 16	 
 169	 180	 165	 180	 1	 15	 
 169	 180	 170	 179	 1	 9	 
 169	 180	 170	 179	 1	 9	 
 169	 180	 166	 180	 1	 14	 
 169	 180	 166	 180	 1	 14	 
 169	 180	 170	 179	 1	 9	 
 169	 180	 170	 179	 1	 9	 
 169	 180	 164	 180	 1	 16	 
 169	 180	 166	 180	 1	 14	 
 169	 180	 168	 180	 1	 12	 
 169	 180	 170	 179	 1	 9	 
 169	 180	 170	 179	 1	 9	 
 169	 180	 163	 180	 1	 17	 
 169	 180	 167	 180	 1	 13	 
 169	 180	 170	 179	 1	 9	 
 169	 180	 166	 180	 1	 14	 
 169	 180	 170	 179	 1	 9	 
 169	 180	 166	 180	 1	 14	 
 169	 180	 170	 179	 1	 9	 
 169	 180	 168	 180	 1	 12	 
 169	 180	 163	 180	 1	 17	 
 169	 180	 170	 179	 1	 9	 
 169	 180	 170	 179	 1	 9	 
 169	 180	 170	 179	 1	 9	 
 169	 180	 167	 180	 1	 13	 
 169	 180	 164	 180	 1	 16	 
 169	 180	 170	 179	 1	 9	 
 169	 180	 166	 180	 1	 14	 
 169	 180	 170	 179	 1	 9	 
 169	 180	 170	 179	 1	 9	 
 169	 180	 164	 180	 1	 16	 
 169	 180	 170	 179	 1	 9	 
 169	 180	 165	 180	 1	 15	 
 169	 180	 170	 179	 1	 9	 
 169	 180	 168	 180	 1	 12	 
 169	 180	 170	 179	 1	 9	 
 169	 180	 170	 179	 1	 9	 
 169	 180	 170	 179	 1	 9	 
 169	 180	 170	 179	 1	 9	 
 169	 180	 167	 180	 1	 13	 
 169	 180	 170	 179	 1	 9	 
 169	 180	 170	 179	 1	 9	 
 169	 180	 164	 180	 1	 16	 
 169	 180	 165	 180	 1	 15	 
 169	 180	 170	 179	 1	 9	 
 169	 180	 170	 179	 1	 9	 
 0	 0	 0	 0	 0	 0	 
 0	 0	 0	 0	 0	 0	 
 147	 163	 150	 160	 0	 10	 
 147	 163	 142	 168	 0	 26	 
 147	 163	 143	 167	 0	 24	 
 147	 163	 150	 160	 0	 10	 
 147	 163	 144	 166	 0	 22	 
 147	 163	 150	 160	 0	 10	 
 147	 163	 150	 160	 0	 10	 
 147	 163	 150	 160	 0	 10	 
 147	 163	 149	 161	 0	 12	 
 147	 163	 145	 165	 0	 20	 
 147	 163	 150	 160	 0	 10	 
 147	 163	 140	 170	 0	 30	 
 147	 163	 150	 160	 0	 10	 
 147	 163	 143	 167	 0	 24	 
 147	 163	 150	 160	 0	 10	 
 147	 163	 150	 160	 0	 10	 
 147	 163	 143	 167	 0	 24	 
 147	 163	 150	 160	 0	 10	 
 147	 163	 150	 160	 0	 10	 
 147	 163	 150	 160	 0	 10	 
 147	 163	 140	 170	 0	 30	 
 147	 163	 143	 167	 0	 24	 
 147	 163	 150	 160	 0	 10	 
 147	 163	 150	 160	 0	 10	 
 147	 163	 138	 172	 0	 34	 
 147	 163	 150	 160	 0	 10	 
 147	 163	 142	 168	 0	 26	 
 147	 163	 143	 167	 0	 24	 
 147	 163	 150	 160	 0	 10	 
 147	 163	 139	 171	 0	 32	 
 147	 163	 149	 161	 0	 12	 
 147	 163	 146	 164	 0	 18	 
 147	 163	 150	 160	 0	 10	 
 147	 163	 148	 162	 0	 14	 
 147	 163	 139	 171	 0	 32	 
 147	 163	 145	 165	 0	 20	 
 147	 163	 145	 165	 0	 20	 
 147	 163	 143	 167	 0	 24	 
 147	 163	 143	 167	 0	 24	 
 147	 163	 148	 162	 0	 14	 
 147	 163	 140	 170	 0	 30	 
 147	 163	 150	 160	 0	 10	 
 147	 163	 150	 160	 0	 10	 
 147	 163	 146	 164	 0	 18	 
 147	 163	 150	 160	 0	 10	 
 147	 163	 141	 169	 0	 28	 
 147	 163	 150	 160	 0	 10	 
 147	 163	 140	 170	 0	 30	 
 147	 163	 150	 160	 0	 10	 
 147	 163	 139	 171	 0	 32	 
 147	 163	 149	 161	 0	 12	 
 147	 163	 139	 171	 0	 32	 
 147	 163	 150	 160	 0	 10	 
 147	 163	 150	 160	 0	 10	 
 147	 163	 145	 165	 0	 20	 
 147	 163	 145	 165	 0	 20	 
 147	 163	 149	 161	 0	 12	 
 147	 163	 141	 169	 0	 28	 
 147	 163	 146	 164	 0	 18	 
 147	 163	 150	 160	 0	 10	 
 147	 163	 146	 164	 0	 18	 
 147	 163	 144	 166	 0	 22	 
 147	 163	 140	 170	 0	 30	 
 147	 163	 148	 162	 0	 14	 
 147	 163	 150	 160	 0	 10	 
 147	 163	 146	 164	 0	 18	 
 147	 163	 141	 169	 0	 28	 
 147	 163	 150	 160	 0	 10	 
 147	 163	 148	 162	 0	 14	 
 147	 163	 143	 167	 0	 24	 
 147	 163	 150	 160	 0	 10	 
 147	 163	 150	 160	 0	 10	 
 147	 163	 141	 169	 0	 28	 
 147	 163	 150	 160	 0	 10	 
 147	 163	 150	 160	 0	 10	 
 147	 163	 150	 160	 0	 10	 
 147	 163	 150	 160	 0	 10	 
 147	 163	 150	 160	 0	 10	 
 147	 163	 150	 160	 0	 10	 
 147	 163	 140	 170	 0	 30	 
 147	 163	 149	 161	 0	 12	 
 147	 163	 150	 160	 0	 10	 
 147	 163	 141	 169	 0	 28	 
 147	 163	 146	 164	 0	 18	 
 147	 163	 148	 162	 0	 14	 
 147	 163	 146	 164	 0	 18	 
 147	 163	 142	 168	 0	 26	 
 147	 163	 146	 164	 0	 18	 
 147	 163	 148	 162	 0	 14	 
 147	 163	 143	 167	 0	 24	 
 147	 163	 150	 160	 0	 10	 
 147	 163	 150	 160	 0	 10	 
 147	 163	 149	 161	 0	 12	 
 147	 163	 145	 165	 0	 20	 
 147	 163	 138	 172	 0	 34	 
 147	 163	 148	 162	 0	 14	 
 147	 163	 142	 168	 0	 26	 
 147	 163	 145	 165	 0	 20	 
 147	 163	 142	 168	 0	 26	 
 0	 0	 0	 0	 0	 0	 
 