s	 e	 integralPartic	 alturaRetang	 metadePartic	 maximaPartic	 minimoPArtic	 alturaPartic	 p	 comparativoMet
71	 90	 5.545109e+03	 2.772555e+02	 2.101009e+02	 4.201390e+02	 6.285714e-02	 1.319630e+00	 1	 7.577882e-01	 
 63	 76	 3.880218e+03	 2.771584e+02	 2.101009e+02	 4.201390e+02	 6.285714e-02	 1.319168e+00	 1	 7.580536e-01	 
 70	 105	 1.294271e+04	 3.595196e+02	 2.101009e+02	 4.201390e+02	 6.285714e-02	 1.711176e+00	 1	 5.843935e-01	 
 60	 94	 1.002944e+04	 2.865553e+02	 2.101009e+02	 4.201390e+02	 6.285714e-02	 1.363894e+00	 1	 7.331949e-01	 
 83	 102	 1.300932e+03	 6.504662e+01	 2.101009e+02	 4.201390e+02	 6.285714e-02	 3.095970e-01	 0	 3.230005e+00	 
 76	 114	 3.592285e+03	 9.210988e+01	 2.101009e+02	 4.201390e+02	 6.285714e-02	 4.384078e-01	 0	 2.280981e+00	 
 80	 111	 2.374340e+03	 7.419814e+01	 2.101009e+02	 4.201390e+02	 6.285714e-02	 3.531547e-01	 0	 2.831620e+00	 
 65	 94	 4.411669e+03	 1.470556e+02	 2.101009e+02	 4.201390e+02	 6.285714e-02	 6.999285e-01	 0	 1.428717e+00	 
 72	 101	 1.846560e+03	 6.155198e+01	 2.101009e+02	 4.201390e+02	 6.285714e-02	 2.929639e-01	 0	 3.413390e+00	 
 70	 85	 3.593011e+03	 2.245632e+02	 2.101009e+02	 4.201390e+02	 6.285714e-02	 1.068835e+00	 1	 9.355983e-01	 
 1	 1	 1.000000e-05	 1.000000e-05	 1.000000e-05	 1.000000e-05	 1.000000e-05	 1.000000e-05	 1	 1.000000e-05	 
 1	 1	 1.000000e-05	 1.000000e-05	 1.000000e-05	 1.000000e-05	 1.000000e-05	 1.000000e-05	 1	 1.000000e-05	 
 1	 1	 1.000000e-05	 1.000000e-05	 1.000000e-05	 1.000000e-05	 1.000000e-05	 1.000000e-05	 1	 1.000000e-05	 
 1	 1	 1.000000e-05	 1.000000e-05	 1.000000e-05	 1.000000e-05	 1.000000e-05	 1.000000e-05	 1	 1.000000e-05	 
 1	 1	 1.000000e-05	 1.000000e-05	 1.000000e-05	 1.000000e-05	 1.000000e-05	 1.000000e-05	 1	 1.000000e-05	 
 1	 1	 1.000000e-05	 1.000000e-05	 1.000000e-05	 1.000000e-05	 1.000000e-05	 1.000000e-05	 1	 1.000000e-05	 
 1	 1	 1.000000e-05	 1.000000e-05	 1.000000e-05	 1.000000e-05	 1.000000e-05	 1.000000e-05	 1	 1.000000e-05	 
 1	 1	 1.000000e-05	 1.000000e-05	 1.000000e-05	 1.000000e-05	 1.000000e-05	 1.000000e-05	 1	 1.000000e-05	 
 1	 1	 1.000000e-05	 1.000000e-05	 1.000000e-05	 1.000000e-05	 1.000000e-05	 1.000000e-05	 1	 1.000000e-05	 
 1	 1	 1.000000e-05	 1.000000e-05	 1.000000e-05	 1.000000e-05	 1.000000e-05	 1.000000e-05	 1	 1.000000e-05	 
 