2.950396e-03	 7.867828e-01	 2.081579e-01	 7.827599e-02	 5.657664e+00	 
 2.950396e-03	 7.867828e-01	 2.081579e-01	 7.827599e-02	 5.657664e+00	 
 2.950396e-03	 7.867828e-01	 2.081579e-01	 7.827599e-02	 5.657664e+00	 
 2.950396e-03	 7.867828e-01	 2.081579e-01	 7.827599e-02	 5.657664e+00	 
 2.950396e-03	 7.867828e-01	 2.081579e-01	 7.827599e-02	 5.657664e+00	 
 2.950396e-03	 7.867828e-01	 2.081579e-01	 7.827599e-02	 5.657664e+00	 
 5.594439e-03	 4.982793e-02	 4.333077e-01	 3.979620e-01	 9.438643e+00	 
 5.594439e-03	 4.982793e-02	 4.333077e-01	 3.979620e-01	 9.438643e+00	 
 5.594439e-03	 4.982793e-02	 4.333077e-01	 3.979620e-01	 9.438643e+00	 
 5.594439e-03	 4.982793e-02	 4.333077e-01	 3.979620e-01	 9.438643e+00	 
 5.594439e-03	 4.982793e-02	 4.333077e-01	 3.979620e-01	 9.438643e+00	 
 5.594439e-03	 4.982793e-02	 4.333077e-01	 3.979620e-01	 9.438643e+00	 
 4.011310e-03	 7.414711e-01	 1.599217e-01	 1.259205e-01	 4.890235e+00	 
 4.011310e-03	 7.414711e-01	 1.599217e-01	 1.259205e-01	 4.890235e+00	 
 4.011310e-03	 7.414711e-01	 1.599217e-01	 1.259205e-01	 4.890235e+00	 
 4.011310e-03	 7.414711e-01	 1.599217e-01	 1.259205e-01	 4.890235e+00	 
 4.011310e-03	 7.414711e-01	 1.599217e-01	 1.259205e-01	 4.890235e+00	 
 4.011310e-03	 7.414711e-01	 1.599217e-01	 1.259205e-01	 4.890235e+00	 
 6.818140e-03	 2.523885e-02	 4.103528e-01	 4.255690e-01	 9.308249e+00	 
 6.818140e-03	 2.523885e-02	 4.103528e-01	 4.255690e-01	 9.308249e+00	 
 6.818140e-03	 2.523885e-02	 4.103528e-01	 4.255690e-01	 9.308249e+00	 
 6.818140e-03	 2.523885e-02	 4.103528e-01	 4.255690e-01	 9.308249e+00	 
 6.818140e-03	 2.523885e-02	 4.103528e-01	 4.255690e-01	 9.308249e+00	 
 6.818140e-03	 2.523885e-02	 4.103528e-01	 4.255690e-01	 9.308249e+00	 
 5.975657e-03	 2.248631e-02	 4.173597e-01	 4.244750e-01	 9.349009e+00	 
 5.975657e-03	 2.248631e-02	 4.173597e-01	 4.244750e-01	 9.349009e+00	 
 5.975657e-03	 2.248631e-02	 4.173597e-01	 4.244750e-01	 9.349009e+00	 
 5.975657e-03	 2.248631e-02	 4.173597e-01	 4.244750e-01	 9.349009e+00	 
 5.975657e-03	 2.248631e-02	 4.173597e-01	 4.244750e-01	 9.349009e+00	 
 5.975657e-03	 2.248631e-02	 4.173597e-01	 4.244750e-01	 9.349009e+00	 
 6.818140e-03	 2.523885e-02	 4.103528e-01	 4.255690e-01	 9.308249e+00	 
 6.818140e-03	 2.523885e-02	 4.103528e-01	 4.255690e-01	 9.308249e+00	 
 6.818140e-03	 2.523885e-02	 4.103528e-01	 4.255690e-01	 9.308249e+00	 
 6.818140e-03	 2.523885e-02	 4.103528e-01	 4.255690e-01	 9.308249e+00	 
 6.818140e-03	 2.523885e-02	 4.103528e-01	 4.255690e-01	 9.308249e+00	 
 6.818140e-03	 2.523885e-02	 4.103528e-01	 4.255690e-01	 9.308249e+00	 
 5.921006e-03	 2.457854e-02	 4.204874e-01	 4.213525e-01	 9.354157e+00	 
 5.921006e-03	 2.457854e-02	 4.204874e-01	 4.213525e-01	 9.354157e+00	 
 5.921006e-03	 2.457854e-02	 4.204874e-01	 4.213525e-01	 9.354157e+00	 
 5.921006e-03	 2.457854e-02	 4.204874e-01	 4.213525e-01	 9.354157e+00	 
 5.921006e-03	 2.457854e-02	 4.204874e-01	 4.213525e-01	 9.354157e+00	 
 5.921006e-03	 2.457854e-02	 4.204874e-01	 4.213525e-01	 9.354157e+00	 
 3.313402e-03	 7.094424e-01	 1.913427e-01	 1.267486e-01	 4.805768e+00	 
 3.313402e-03	 7.094424e-01	 1.913427e-01	 1.267486e-01	 4.805768e+00	 
 3.313402e-03	 7.094424e-01	 1.913427e-01	 1.267486e-01	 4.805768e+00	 
 3.313402e-03	 7.094424e-01	 1.913427e-01	 1.267486e-01	 4.805768e+00	 
 3.313402e-03	 7.094424e-01	 1.913427e-01	 1.267486e-01	 4.805768e+00	 
 3.313402e-03	 7.094424e-01	 1.913427e-01	 1.267486e-01	 4.805768e+00	 
 3.209039e-03	 6.568679e-01	 2.095830e-01	 1.497283e-01	 4.748086e+00	 
 3.209039e-03	 6.568679e-01	 2.095830e-01	 1.497283e-01	 4.748086e+00	 
 3.209039e-03	 6.568679e-01	 2.095830e-01	 1.497283e-01	 4.748086e+00	 
 3.209039e-03	 6.568679e-01	 2.095830e-01	 1.497283e-01	 4.748086e+00	 
 3.209039e-03	 6.568679e-01	 2.095830e-01	 1.497283e-01	 4.748086e+00	 
 3.209039e-03	 6.568679e-01	 2.095830e-01	 1.497283e-01	 4.748086e+00	 
 3.313402e-03	 7.094424e-01	 1.913427e-01	 1.267486e-01	 4.805768e+00	 
 3.313402e-03	 7.094424e-01	 1.913427e-01	 1.267486e-01	 4.805768e+00	 
 3.313402e-03	 7.094424e-01	 1.913427e-01	 1.267486e-01	 4.805768e+00	 
 3.313402e-03	 7.094424e-01	 1.913427e-01	 1.267486e-01	 4.805768e+00	 
 3.313402e-03	 7.094424e-01	 1.913427e-01	 1.267486e-01	 4.805768e+00	 
 3.313402e-03	 7.094424e-01	 1.913427e-01	 1.267486e-01	 4.805768e+00	 
 3.325282e-03	 6.574199e-01	 2.072398e-01	 1.507316e-01	 4.749684e+00	 
 3.325282e-03	 6.574199e-01	 2.072398e-01	 1.507316e-01	 4.749684e+00	 
 3.325282e-03	 6.574199e-01	 2.072398e-01	 1.507316e-01	 4.749684e+00	 
 3.325282e-03	 6.574199e-01	 2.072398e-01	 1.507316e-01	 4.749684e+00	 
 3.325282e-03	 6.574199e-01	 2.072398e-01	 1.507316e-01	 4.749684e+00	 
 3.325282e-03	 6.574199e-01	 2.072398e-01	 1.507316e-01	 4.749684e+00	 
 3.313402e-03	 7.094424e-01	 1.913427e-01	 1.267486e-01	 4.805768e+00	 
 3.313402e-03	 7.094424e-01	 1.913427e-01	 1.267486e-01	 4.805768e+00	 
 3.313402e-03	 7.094424e-01	 1.913427e-01	 1.267486e-01	 4.805768e+00	 
 3.313402e-03	 7.094424e-01	 1.913427e-01	 1.267486e-01	 4.805768e+00	 
 3.313402e-03	 7.094424e-01	 1.913427e-01	 1.267486e-01	 4.805768e+00	 
 3.313402e-03	 7.094424e-01	 1.913427e-01	 1.267486e-01	 4.805768e+00	 
 3.406650e-03	 6.562548e-01	 2.098998e-01	 1.497917e-01	 4.717974e+00	 
 3.406650e-03	 6.562548e-01	 2.098998e-01	 1.497917e-01	 4.717974e+00	 
 3.406650e-03	 6.562548e-01	 2.098998e-01	 1.497917e-01	 4.717974e+00	 
 3.406650e-03	 6.562548e-01	 2.098998e-01	 1.497917e-01	 4.717974e+00	 
 3.406650e-03	 6.562548e-01	 2.098998e-01	 1.497917e-01	 4.717974e+00	 
 3.406650e-03	 6.562548e-01	 2.098998e-01	 1.497917e-01	 4.717974e+00	 
 6.818140e-03	 2.523885e-02	 4.103528e-01	 4.255690e-01	 9.308249e+00	 
 6.818140e-03	 2.523885e-02	 4.103528e-01	 4.255690e-01	 9.308249e+00	 
 6.818140e-03	 2.523885e-02	 4.103528e-01	 4.255690e-01	 9.308249e+00	 
 6.818140e-03	 2.523885e-02	 4.103528e-01	 4.255690e-01	 9.308249e+00	 
 6.818140e-03	 2.523885e-02	 4.103528e-01	 4.255690e-01	 9.308249e+00	 
 6.818140e-03	 2.523885e-02	 4.103528e-01	 4.255690e-01	 9.308249e+00	 
 5.709862e-03	 7.016793e-03	 4.296314e-01	 4.274115e-01	 9.330932e+00	 
 5.709862e-03	 7.016793e-03	 4.296314e-01	 4.274115e-01	 9.330932e+00	 
 5.709862e-03	 7.016793e-03	 4.296314e-01	 4.274115e-01	 9.330932e+00	 
 5.709862e-03	 7.016793e-03	 4.296314e-01	 4.274115e-01	 9.330932e+00	 
 5.709862e-03	 7.016793e-03	 4.296314e-01	 4.274115e-01	 9.330932e+00	 
 5.709862e-03	 7.016793e-03	 4.296314e-01	 4.274115e-01	 9.330932e+00	 
 