3.315986e-03	 8.663034e-01	 1.207562e-03	 1.446338e-01	 2.576036e+01	 2.585663e+01	 9.627176e-02	 1	 9.108979e+02	 3.603439e-02	 1.372265e-01	 2.408927e-01	 2.622203e-01	 
 3.315986e-03	 8.663034e-01	 1.207562e-03	 1.446338e-01	 2.576036e+01	 2.585663e+01	 9.627176e-02	 1	 9.108979e+02	 3.603439e-02	 1.372265e-01	 2.408927e-01	 2.622203e-01	 
 3.315986e-03	 8.663034e-01	 1.207562e-03	 1.446338e-01	 2.576036e+01	 2.585663e+01	 9.627176e-02	 1	 9.108979e+02	 3.603439e-02	 1.372265e-01	 2.408927e-01	 2.622203e-01	 
 3.315986e-03	 8.663034e-01	 1.207562e-03	 1.446338e-01	 2.576036e+01	 2.585663e+01	 9.627176e-02	 1	 9.108979e+02	 3.603439e-02	 1.372265e-01	 2.408927e-01	 2.622203e-01	 
 3.315986e-03	 8.663034e-01	 1.207562e-03	 1.446338e-01	 2.576036e+01	 2.585663e+01	 9.627176e-02	 1	 9.108979e+02	 3.603439e-02	 1.372265e-01	 2.408927e-01	 2.622203e-01	 
 3.315986e-03	 8.663034e-01	 1.207562e-03	 1.446338e-01	 2.576036e+01	 2.585663e+01	 9.627176e-02	 1	 9.108979e+02	 3.603439e-02	 1.372265e-01	 2.408927e-01	 2.622203e-01	 
 3.241379e-01	 5.498198e-01	 2.913276e-05	 1.407354e-01	 3.595348e+01	 3.595633e+01	 2.848616e-03	 1	 1.254453e+03	 1.729768e-02	 3.450312e-01	 4.258502e-01	 9.177967e-02	 
 3.241379e-01	 5.498198e-01	 2.913276e-05	 1.407354e-01	 3.595348e+01	 3.595633e+01	 2.848616e-03	 1	 1.254453e+03	 1.729768e-02	 3.450312e-01	 4.258502e-01	 9.177967e-02	 
 3.241379e-01	 5.498198e-01	 2.913276e-05	 1.407354e-01	 3.595348e+01	 3.595633e+01	 2.848616e-03	 1	 1.254453e+03	 1.729768e-02	 3.450312e-01	 4.258502e-01	 9.177967e-02	 
 3.241379e-01	 5.498198e-01	 2.913276e-05	 1.407354e-01	 3.595348e+01	 3.595633e+01	 2.848616e-03	 1	 1.254453e+03	 1.729768e-02	 3.450312e-01	 4.258502e-01	 9.177967e-02	 
 3.241379e-01	 5.498198e-01	 2.913276e-05	 1.407354e-01	 3.595348e+01	 3.595633e+01	 2.848616e-03	 1	 1.254453e+03	 1.729768e-02	 3.450312e-01	 4.258502e-01	 9.177967e-02	 
 3.241379e-01	 5.498198e-01	 2.913276e-05	 1.407354e-01	 3.595348e+01	 3.595633e+01	 2.848616e-03	 1	 1.254453e+03	 1.729768e-02	 3.450312e-01	 4.258502e-01	 9.177967e-02	 
 2.446304e-01	 6.843973e-01	 1.697002e-07	 9.500255e-02	 1.899872e+01	 1.900947e+01	 1.075213e-02	 1	 2.043482e+03	 1.039084e-01	 9.386691e-02	 1.943005e-01	 1.206267e-01	 
 2.446304e-01	 6.843973e-01	 1.697002e-07	 9.500255e-02	 1.899872e+01	 1.900947e+01	 1.075213e-02	 1	 2.043482e+03	 1.039084e-01	 9.386691e-02	 1.943005e-01	 1.206267e-01	 
 2.446304e-01	 6.843973e-01	 1.697002e-07	 9.500255e-02	 1.899872e+01	 1.900947e+01	 1.075213e-02	 1	 2.043482e+03	 1.039084e-01	 9.386691e-02	 1.943005e-01	 1.206267e-01	 
 2.446304e-01	 6.843973e-01	 1.697002e-07	 9.500255e-02	 1.899872e+01	 1.900947e+01	 1.075213e-02	 1	 2.043482e+03	 1.039084e-01	 9.386691e-02	 1.943005e-01	 1.206267e-01	 
 2.446304e-01	 6.843973e-01	 1.697002e-07	 9.500255e-02	 1.899872e+01	 1.900947e+01	 1.075213e-02	 1	 2.043482e+03	 1.039084e-01	 9.386691e-02	 1.943005e-01	 1.206267e-01	 
 2.446304e-01	 6.843973e-01	 1.697002e-07	 9.500255e-02	 1.899872e+01	 1.900947e+01	 1.075213e-02	 1	 2.043482e+03	 1.039084e-01	 9.386691e-02	 1.943005e-01	 1.206267e-01	 
 1.475109e-01	 6.356712e-01	 2.713459e-04	 2.178073e-01	 2.934280e+01	 2.934375e+01	 9.493624e-04	 1	 1.490788e+02	 1.900800e-03	 2.255878e-02	 3.446548e-02	 1.674041e-03	 
 1.475109e-01	 6.356712e-01	 2.713459e-04	 2.178073e-01	 2.934280e+01	 2.934375e+01	 9.493624e-04	 1	 1.490788e+02	 1.900800e-03	 2.255878e-02	 3.446548e-02	 1.674041e-03	 
 1.475109e-01	 6.356712e-01	 2.713459e-04	 2.178073e-01	 2.934280e+01	 2.934375e+01	 9.493624e-04	 1	 1.490788e+02	 1.900800e-03	 2.255878e-02	 3.446548e-02	 1.674041e-03	 
 1.475109e-01	 6.356712e-01	 2.713459e-04	 2.178073e-01	 2.934280e+01	 2.934375e+01	 9.493624e-04	 1	 1.490788e+02	 1.900800e-03	 2.255878e-02	 3.446548e-02	 1.674041e-03	 
 1.475109e-01	 6.356712e-01	 2.713459e-04	 2.178073e-01	 2.934280e+01	 2.934375e+01	 9.493624e-04	 1	 1.490788e+02	 1.900800e-03	 2.255878e-02	 3.446548e-02	 1.674041e-03	 
 1.475109e-01	 6.356712e-01	 2.713459e-04	 2.178073e-01	 2.934280e+01	 2.934375e+01	 9.493624e-04	 1	 1.490788e+02	 1.900800e-03	 2.255878e-02	 3.446548e-02	 1.674041e-03	 
 1.600993e-01	 7.328105e-01	 2.861712e-03	 1.274619e-01	 1.840798e+01	 1.844705e+01	 3.907474e-02	 1	 1.948651e+02	 5.043401e-02	 1.819683e-01	 1.410269e-01	 5.300677e-02	 
 1.600993e-01	 7.328105e-01	 2.861712e-03	 1.274619e-01	 1.840798e+01	 1.844705e+01	 3.907474e-02	 1	 1.948651e+02	 5.043401e-02	 1.819683e-01	 1.410269e-01	 5.300677e-02	 
 1.600993e-01	 7.328105e-01	 2.861712e-03	 1.274619e-01	 1.840798e+01	 1.844705e+01	 3.907474e-02	 1	 1.948651e+02	 5.043401e-02	 1.819683e-01	 1.410269e-01	 5.300677e-02	 
 1.600993e-01	 7.328105e-01	 2.861712e-03	 1.274619e-01	 1.840798e+01	 1.844705e+01	 3.907474e-02	 1	 1.948651e+02	 5.043401e-02	 1.819683e-01	 1.410269e-01	 5.300677e-02	 
 1.600993e-01	 7.328105e-01	 2.861712e-03	 1.274619e-01	 1.840798e+01	 1.844705e+01	 3.907474e-02	 1	 1.948651e+02	 5.043401e-02	 1.819683e-01	 1.410269e-01	 5.300677e-02	 
 1.600993e-01	 7.328105e-01	 2.861712e-03	 1.274619e-01	 1.840798e+01	 1.844705e+01	 3.907474e-02	 1	 1.948651e+02	 5.043401e-02	 1.819683e-01	 1.410269e-01	 5.300677e-02	 
 2.042308e-01	 7.340000e-01	 1.369721e-04	 9.104021e-02	 1.777131e+01	 1.777546e+01	 4.154154e-03	 1	 5.151197e+01	 3.866449e-02	 2.878100e-01	 3.373748e-01	 3.045425e-02	 
 2.042308e-01	 7.340000e-01	 1.369721e-04	 9.104021e-02	 1.777131e+01	 1.777546e+01	 4.154154e-03	 1	 5.151197e+01	 3.866449e-02	 2.878100e-01	 3.373748e-01	 3.045425e-02	 
 2.042308e-01	 7.340000e-01	 1.369721e-04	 9.104021e-02	 1.777131e+01	 1.777546e+01	 4.154154e-03	 1	 5.151197e+01	 3.866449e-02	 2.878100e-01	 3.373748e-01	 3.045425e-02	 
 2.042308e-01	 7.340000e-01	 1.369721e-04	 9.104021e-02	 1.777131e+01	 1.777546e+01	 4.154154e-03	 1	 5.151197e+01	 3.866449e-02	 2.878100e-01	 3.373748e-01	 3.045425e-02	 
 2.042308e-01	 7.340000e-01	 1.369721e-04	 9.104021e-02	 1.777131e+01	 1.777546e+01	 4.154154e-03	 1	 5.151197e+01	 3.866449e-02	 2.878100e-01	 3.373748e-01	 3.045425e-02	 
 2.042308e-01	 7.340000e-01	 1.369721e-04	 9.104021e-02	 1.777131e+01	 1.777546e+01	 4.154154e-03	 1	 5.151197e+01	 3.866449e-02	 2.878100e-01	 3.373748e-01	 3.045425e-02	 
 3.094187e-01	 6.883633e-01	 6.760934e-04	 2.875863e-02	 1.793449e+01	 1.795733e+01	 2.283558e-02	 1	 1.736731e+02	 6.039588e-02	 9.133024e-02	 1.636095e-01	 1.158013e-01	 
 3.094187e-01	 6.883633e-01	 6.760934e-04	 2.875863e-02	 1.793449e+01	 1.795733e+01	 2.283558e-02	 1	 1.736731e+02	 6.039588e-02	 9.133024e-02	 1.636095e-01	 1.158013e-01	 
 3.094187e-01	 6.883633e-01	 6.760934e-04	 2.875863e-02	 1.793449e+01	 1.795733e+01	 2.283558e-02	 1	 1.736731e+02	 6.039588e-02	 9.133024e-02	 1.636095e-01	 1.158013e-01	 
 3.094187e-01	 6.883633e-01	 6.760934e-04	 2.875863e-02	 1.793449e+01	 1.795733e+01	 2.283558e-02	 1	 1.736731e+02	 6.039588e-02	 9.133024e-02	 1.636095e-01	 1.158013e-01	 
 3.094187e-01	 6.883633e-01	 6.760934e-04	 2.875863e-02	 1.793449e+01	 1.795733e+01	 2.283558e-02	 1	 1.736731e+02	 6.039588e-02	 9.133024e-02	 1.636095e-01	 1.158013e-01	 
 3.094187e-01	 6.883633e-01	 6.760934e-04	 2.875863e-02	 1.793449e+01	 1.795733e+01	 2.283558e-02	 1	 1.736731e+02	 6.039588e-02	 9.133024e-02	 1.636095e-01	 1.158013e-01	 
 1.990251e-01	 6.721167e-01	 -2.176010e-05	 1.288811e-01	 1.000666e+01	 1.000423e+01	 2.424651e-03	 0	 8.371487e+03	 2.699654e-05	 2.981523e-04	 1.704379e-01	 1.460110e-01	 
 1.990251e-01	 6.721167e-01	 -2.176010e-05	 1.288811e-01	 1.000666e+01	 1.000423e+01	 2.424651e-03	 0	 8.371487e+03	 2.699654e-05	 2.981523e-04	 1.704379e-01	 1.460110e-01	 
 1.990251e-01	 6.721167e-01	 -2.176010e-05	 1.288811e-01	 1.000666e+01	 1.000423e+01	 2.424651e-03	 0	 8.371487e+03	 2.699654e-05	 2.981523e-04	 1.704379e-01	 1.460110e-01	 
 1.990251e-01	 6.721167e-01	 -2.176010e-05	 1.288811e-01	 1.000666e+01	 1.000423e+01	 2.424651e-03	 0	 8.371487e+03	 2.699654e-05	 2.981523e-04	 1.704379e-01	 1.460110e-01	 
 1.990251e-01	 6.721167e-01	 -2.176010e-05	 1.288811e-01	 1.000666e+01	 1.000423e+01	 2.424651e-03	 0	 8.371487e+03	 2.699654e-05	 2.981523e-04	 1.704379e-01	 1.460110e-01	 
 1.990251e-01	 6.721167e-01	 -2.176010e-05	 1.288811e-01	 1.000666e+01	 1.000423e+01	 2.424651e-03	 0	 8.371487e+03	 2.699654e-05	 2.981523e-04	 1.704379e-01	 1.460110e-01	 
 2.262214e-01	 5.787748e-01	 6.334314e-05	 1.985998e-01	 1.253976e+01	 1.254263e+01	 2.873155e-03	 1	 8.833483e+01	 5.315418e-03	 2.755965e-02	 4.142893e-02	 4.374039e-02	 
 2.262214e-01	 5.787748e-01	 6.334314e-05	 1.985998e-01	 1.253976e+01	 1.254263e+01	 2.873155e-03	 1	 8.833483e+01	 5.315418e-03	 2.755965e-02	 4.142893e-02	 4.374039e-02	 
 2.262214e-01	 5.787748e-01	 6.334314e-05	 1.985998e-01	 1.253976e+01	 1.254263e+01	 2.873155e-03	 1	 8.833483e+01	 5.315418e-03	 2.755965e-02	 4.142893e-02	 4.374039e-02	 
 2.262214e-01	 5.787748e-01	 6.334314e-05	 1.985998e-01	 1.253976e+01	 1.254263e+01	 2.873155e-03	 1	 8.833483e+01	 5.315418e-03	 2.755965e-02	 4.142893e-02	 4.374039e-02	 
 2.262214e-01	 5.787748e-01	 6.334314e-05	 1.985998e-01	 1.253976e+01	 1.254263e+01	 2.873155e-03	 1	 8.833483e+01	 5.315418e-03	 2.755965e-02	 4.142893e-02	 4.374039e-02	 
 2.262214e-01	 5.787748e-01	 6.334314e-05	 1.985998e-01	 1.253976e+01	 1.254263e+01	 2.873155e-03	 1	 8.833483e+01	 5.315418e-03	 2.755965e-02	 4.142893e-02	 4.374039e-02	 
 9.064978e-02	 7.710447e-01	 5.660104e-04	 1.592755e-01	 1.723554e+01	 1.727240e+01	 3.686148e-02	 1	 3.894609e+02	 3.456607e-02	 1.979489e-01	 4.123148e-01	 7.212727e-02	 
 9.064978e-02	 7.710447e-01	 5.660104e-04	 1.592755e-01	 1.723554e+01	 1.727240e+01	 3.686148e-02	 1	 3.894609e+02	 3.456607e-02	 1.979489e-01	 4.123148e-01	 7.212727e-02	 
 9.064978e-02	 7.710447e-01	 5.660104e-04	 1.592755e-01	 1.723554e+01	 1.727240e+01	 3.686148e-02	 1	 3.894609e+02	 3.456607e-02	 1.979489e-01	 4.123148e-01	 7.212727e-02	 
 9.064978e-02	 7.710447e-01	 5.660104e-04	 1.592755e-01	 1.723554e+01	 1.727240e+01	 3.686148e-02	 1	 3.894609e+02	 3.456607e-02	 1.979489e-01	 4.123148e-01	 7.212727e-02	 
 9.064978e-02	 7.710447e-01	 5.660104e-04	 1.592755e-01	 1.723554e+01	 1.727240e+01	 3.686148e-02	 1	 3.894609e+02	 3.456607e-02	 1.979489e-01	 4.123148e-01	 7.212727e-02	 
 9.064978e-02	 7.710447e-01	 5.660104e-04	 1.592755e-01	 1.723554e+01	 1.727240e+01	 3.686148e-02	 1	 3.894609e+02	 3.456607e-02	 1.979489e-01	 4.123148e-01	 7.212727e-02	 
 7.530761e-02	 7.790008e-01	 4.126540e-04	 1.671068e-01	 1.725577e+01	 1.727240e+01	 1.663008e-02	 1	 3.384180e+02	 4.044564e-02	 1.543040e-01	 2.418511e-01	 6.598604e-02	 
 7.530761e-02	 7.790008e-01	 4.126540e-04	 1.671068e-01	 1.725577e+01	 1.727240e+01	 1.663008e-02	 1	 3.384180e+02	 4.044564e-02	 1.543040e-01	 2.418511e-01	 6.598604e-02	 
 7.530761e-02	 7.790008e-01	 4.126540e-04	 1.671068e-01	 1.725577e+01	 1.727240e+01	 1.663008e-02	 1	 3.384180e+02	 4.044564e-02	 1.543040e-01	 2.418511e-01	 6.598604e-02	 
 7.530761e-02	 7.790008e-01	 4.126540e-04	 1.671068e-01	 1.725577e+01	 1.727240e+01	 1.663008e-02	 1	 3.384180e+02	 4.044564e-02	 1.543040e-01	 2.418511e-01	 6.598604e-02	 
 7.530761e-02	 7.790008e-01	 4.126540e-04	 1.671068e-01	 1.725577e+01	 1.727240e+01	 1.663008e-02	 1	 3.384180e+02	 4.044564e-02	 1.543040e-01	 2.418511e-01	 6.598604e-02	 
 7.530761e-02	 7.790008e-01	 4.126540e-04	 1.671068e-01	 1.725577e+01	 1.727240e+01	 1.663008e-02	 1	 3.384180e+02	 4.044564e-02	 1.543040e-01	 2.418511e-01	 6.598604e-02	 
 2.037657e-01	 7.340599e-01	 8.567298e-05	 9.150915e-02	 1.777207e+01	 1.777546e+01	 3.394664e-03	 1	 6.031334e+01	 3.856427e-02	 2.876804e-01	 3.139492e-01	 3.055259e-02	 
 2.037657e-01	 7.340599e-01	 8.567298e-05	 9.150915e-02	 1.777207e+01	 1.777546e+01	 3.394664e-03	 1	 6.031334e+01	 3.856427e-02	 2.876804e-01	 3.139492e-01	 3.055259e-02	 
 2.037657e-01	 7.340599e-01	 8.567298e-05	 9.150915e-02	 1.777207e+01	 1.777546e+01	 3.394664e-03	 1	 6.031334e+01	 3.856427e-02	 2.876804e-01	 3.139492e-01	 3.055259e-02	 
 2.037657e-01	 7.340599e-01	 8.567298e-05	 9.150915e-02	 1.777207e+01	 1.777546e+01	 3.394664e-03	 1	 6.031334e+01	 3.856427e-02	 2.876804e-01	 3.139492e-01	 3.055259e-02	 
 2.037657e-01	 7.340599e-01	 8.567298e-05	 9.150915e-02	 1.777207e+01	 1.777546e+01	 3.394664e-03	 1	 6.031334e+01	 3.856427e-02	 2.876804e-01	 3.139492e-01	 3.055259e-02	 
 2.037657e-01	 7.340599e-01	 8.567298e-05	 9.150915e-02	 1.777207e+01	 1.777546e+01	 3.394664e-03	 1	 6.031334e+01	 3.856427e-02	 2.876804e-01	 3.139492e-01	 3.055259e-02	 
 1.919432e-01	 7.350197e-01	 1.258991e-03	 1.005324e-01	 1.777693e+01	 1.777546e+01	 1.474367e-03	 1	 1.022936e+02	 4.082813e-02	 2.912611e-01	 3.002303e-01	 3.070152e-02	 
 1.919432e-01	 7.350197e-01	 1.258991e-03	 1.005324e-01	 1.777693e+01	 1.777546e+01	 1.474367e-03	 1	 1.022936e+02	 4.082813e-02	 2.912611e-01	 3.002303e-01	 3.070152e-02	 
 1.919432e-01	 7.350197e-01	 1.258991e-03	 1.005324e-01	 1.777693e+01	 1.777546e+01	 1.474367e-03	 1	 1.022936e+02	 4.082813e-02	 2.912611e-01	 3.002303e-01	 3.070152e-02	 
 1.919432e-01	 7.350197e-01	 1.258991e-03	 1.005324e-01	 1.777693e+01	 1.777546e+01	 1.474367e-03	 1	 1.022936e+02	 4.082813e-02	 2.912611e-01	 3.002303e-01	 3.070152e-02	 
 1.919432e-01	 7.350197e-01	 1.258991e-03	 1.005324e-01	 1.777693e+01	 1.777546e+01	 1.474367e-03	 1	 1.022936e+02	 4.082813e-02	 2.912611e-01	 3.002303e-01	 3.070152e-02	 
 1.919432e-01	 7.350197e-01	 1.258991e-03	 1.005324e-01	 1.777693e+01	 1.777546e+01	 1.474367e-03	 1	 1.022936e+02	 4.082813e-02	 2.912611e-01	 3.002303e-01	 3.070152e-02	 
 7.530761e-02	 7.790008e-01	 4.126540e-04	 1.671068e-01	 1.725577e+01	 1.727240e+01	 1.663008e-02	 1	 3.384180e+02	 4.044564e-02	 1.543040e-01	 2.418511e-01	 6.598604e-02	 
 7.530761e-02	 7.790008e-01	 4.126540e-04	 1.671068e-01	 1.725577e+01	 1.727240e+01	 1.663008e-02	 1	 3.384180e+02	 4.044564e-02	 1.543040e-01	 2.418511e-01	 6.598604e-02	 
 7.530761e-02	 7.790008e-01	 4.126540e-04	 1.671068e-01	 1.725577e+01	 1.727240e+01	 1.663008e-02	 1	 3.384180e+02	 4.044564e-02	 1.543040e-01	 2.418511e-01	 6.598604e-02	 
 7.530761e-02	 7.790008e-01	 4.126540e-04	 1.671068e-01	 1.725577e+01	 1.727240e+01	 1.663008e-02	 1	 3.384180e+02	 4.044564e-02	 1.543040e-01	 2.418511e-01	 6.598604e-02	 
 7.530761e-02	 7.790008e-01	 4.126540e-04	 1.671068e-01	 1.725577e+01	 1.727240e+01	 1.663008e-02	 1	 3.384180e+02	 4.044564e-02	 1.543040e-01	 2.418511e-01	 6.598604e-02	 
 7.530761e-02	 7.790008e-01	 4.126540e-04	 1.671068e-01	 1.725577e+01	 1.727240e+01	 1.663008e-02	 1	 3.384180e+02	 4.044564e-02	 1.543040e-01	 2.418511e-01	 6.598604e-02	 
 2.255456e-01	 5.774086e-01	 7.180609e-05	 2.005537e-01	 1.254102e+01	 1.254263e+01	 1.608078e-03	 1	 6.004986e+01	 4.917767e-03	 2.488954e-02	 3.810201e-02	 3.761556e-03	 
 2.255456e-01	 5.774086e-01	 7.180609e-05	 2.005537e-01	 1.254102e+01	 1.254263e+01	 1.608078e-03	 1	 6.004986e+01	 4.917767e-03	 2.488954e-02	 3.810201e-02	 3.761556e-03	 
 2.255456e-01	 5.774086e-01	 7.180609e-05	 2.005537e-01	 1.254102e+01	 1.254263e+01	 1.608078e-03	 1	 6.004986e+01	 4.917767e-03	 2.488954e-02	 3.810201e-02	 3.761556e-03	 
 2.255456e-01	 5.774086e-01	 7.180609e-05	 2.005537e-01	 1.254102e+01	 1.254263e+01	 1.608078e-03	 1	 6.004986e+01	 4.917767e-03	 2.488954e-02	 3.810201e-02	 3.761556e-03	 
 2.255456e-01	 5.774086e-01	 7.180609e-05	 2.005537e-01	 1.254102e+01	 1.254263e+01	 1.608078e-03	 1	 6.004986e+01	 4.917767e-03	 2.488954e-02	 3.810201e-02	 3.761556e-03	 
 2.255456e-01	 5.774086e-01	 7.180609e-05	 2.005537e-01	 1.254102e+01	 1.254263e+01	 1.608078e-03	 1	 6.004986e+01	 4.917767e-03	 2.488954e-02	 3.810201e-02	 3.761556e-03	 
 2.236600e-01	 5.782674e-01	 2.863983e-04	 2.013648e-01	 1.254240e+01	 1.254263e+01	 2.330682e-04	 1	 6.084247e+01	 4.913354e-03	 2.482737e-02	 3.385519e-02	 3.760322e-03	 
 2.236600e-01	 5.782674e-01	 2.863983e-04	 2.013648e-01	 1.254240e+01	 1.254263e+01	 2.330682e-04	 1	 6.084247e+01	 4.913354e-03	 2.482737e-02	 3.385519e-02	 3.760322e-03	 
 2.236600e-01	 5.782674e-01	 2.863983e-04	 2.013648e-01	 1.254240e+01	 1.254263e+01	 2.330682e-04	 1	 6.084247e+01	 4.913354e-03	 2.482737e-02	 3.385519e-02	 3.760322e-03	 
 2.236600e-01	 5.782674e-01	 2.863983e-04	 2.013648e-01	 1.254240e+01	 1.254263e+01	 2.330682e-04	 1	 6.084247e+01	 4.913354e-03	 2.482737e-02	 3.385519e-02	 3.760322e-03	 
 2.236600e-01	 5.782674e-01	 2.863983e-04	 2.013648e-01	 1.254240e+01	 1.254263e+01	 2.330682e-04	 1	 6.084247e+01	 4.913354e-03	 2.482737e-02	 3.385519e-02	 3.760322e-03	 
 2.236600e-01	 5.782674e-01	 2.863983e-04	 2.013648e-01	 1.254240e+01	 1.254263e+01	 2.330682e-04	 1	 6.084247e+01	 4.913354e-03	 2.482737e-02	 3.385519e-02	 3.760322e-03	 
 7.530761e-02	 7.790008e-01	 4.126540e-04	 1.671068e-01	 1.725577e+01	 1.727240e+01	 1.663008e-02	 1	 3.384180e+02	 4.044564e-02	 1.543040e-01	 2.418511e-01	 6.598604e-02	 
 7.530761e-02	 7.790008e-01	 4.126540e-04	 1.671068e-01	 1.725577e+01	 1.727240e+01	 1.663008e-02	 1	 3.384180e+02	 4.044564e-02	 1.543040e-01	 2.418511e-01	 6.598604e-02	 
 7.530761e-02	 7.790008e-01	 4.126540e-04	 1.671068e-01	 1.725577e+01	 1.727240e+01	 1.663008e-02	 1	 3.384180e+02	 4.044564e-02	 1.543040e-01	 2.418511e-01	 6.598604e-02	 
 7.530761e-02	 7.790008e-01	 4.126540e-04	 1.671068e-01	 1.725577e+01	 1.727240e+01	 1.663008e-02	 1	 3.384180e+02	 4.044564e-02	 1.543040e-01	 2.418511e-01	 6.598604e-02	 
 7.530761e-02	 7.790008e-01	 4.126540e-04	 1.671068e-01	 1.725577e+01	 1.727240e+01	 1.663008e-02	 1	 3.384180e+02	 4.044564e-02	 1.543040e-01	 2.418511e-01	 6.598604e-02	 
 7.530761e-02	 7.790008e-01	 4.126540e-04	 1.671068e-01	 1.725577e+01	 1.727240e+01	 1.663008e-02	 1	 3.384180e+02	 4.044564e-02	 1.543040e-01	 2.418511e-01	 6.598604e-02	 
 2.255456e-01	 5.774086e-01	 7.180609e-05	 2.005537e-01	 1.254102e+01	 1.254263e+01	 1.608078e-03	 1	 6.004986e+01	 4.917767e-03	 2.488954e-02	 3.810201e-02	 3.761556e-03	 
 2.255456e-01	 5.774086e-01	 7.180609e-05	 2.005537e-01	 1.254102e+01	 1.254263e+01	 1.608078e-03	 1	 6.004986e+01	 4.917767e-03	 2.488954e-02	 3.810201e-02	 3.761556e-03	 
 2.255456e-01	 5.774086e-01	 7.180609e-05	 2.005537e-01	 1.254102e+01	 1.254263e+01	 1.608078e-03	 1	 6.004986e+01	 4.917767e-03	 2.488954e-02	 3.810201e-02	 3.761556e-03	 
 2.255456e-01	 5.774086e-01	 7.180609e-05	 2.005537e-01	 1.254102e+01	 1.254263e+01	 1.608078e-03	 1	 6.004986e+01	 4.917767e-03	 2.488954e-02	 3.810201e-02	 3.761556e-03	 
 2.255456e-01	 5.774086e-01	 7.180609e-05	 2.005537e-01	 1.254102e+01	 1.254263e+01	 1.608078e-03	 1	 6.004986e+01	 4.917767e-03	 2.488954e-02	 3.810201e-02	 3.761556e-03	 
 2.255456e-01	 5.774086e-01	 7.180609e-05	 2.005537e-01	 1.254102e+01	 1.254263e+01	 1.608078e-03	 1	 6.004986e+01	 4.917767e-03	 2.488954e-02	 3.810201e-02	 3.761556e-03	 
 2.237666e-01	 5.783345e-01	 2.791775e-04	 2.012562e-01	 1.254297e+01	 1.254263e+01	 3.372199e-04	 1	 6.182138e+01	 5.184645e-03	 2.735476e-02	 3.498032e-02	 3.836489e-03	 
 2.237666e-01	 5.783345e-01	 2.791775e-04	 2.012562e-01	 1.254297e+01	 1.254263e+01	 3.372199e-04	 1	 6.182138e+01	 5.184645e-03	 2.735476e-02	 3.498032e-02	 3.836489e-03	 
 2.237666e-01	 5.783345e-01	 2.791775e-04	 2.012562e-01	 1.254297e+01	 1.254263e+01	 3.372199e-04	 1	 6.182138e+01	 5.184645e-03	 2.735476e-02	 3.498032e-02	 3.836489e-03	 
 2.237666e-01	 5.783345e-01	 2.791775e-04	 2.012562e-01	 1.254297e+01	 1.254263e+01	 3.372199e-04	 1	 6.182138e+01	 5.184645e-03	 2.735476e-02	 3.498032e-02	 3.836489e-03	 
 2.237666e-01	 5.783345e-01	 2.791775e-04	 2.012562e-01	 1.254297e+01	 1.254263e+01	 3.372199e-04	 1	 6.182138e+01	 5.184645e-03	 2.735476e-02	 3.498032e-02	 3.836489e-03	 
 2.237666e-01	 5.783345e-01	 2.791775e-04	 2.012562e-01	 1.254297e+01	 1.254263e+01	 3.372199e-04	 1	 6.182138e+01	 5.184645e-03	 2.735476e-02	 3.498032e-02	 3.836489e-03	 
 7.530761e-02	 7.790008e-01	 4.126540e-04	 1.671068e-01	 1.725577e+01	 1.727240e+01	 1.663008e-02	 1	 3.384180e+02	 4.044564e-02	 1.543040e-01	 2.418511e-01	 6.598604e-02	 
 7.530761e-02	 7.790008e-01	 4.126540e-04	 1.671068e-01	 1.725577e+01	 1.727240e+01	 1.663008e-02	 1	 3.384180e+02	 4.044564e-02	 1.543040e-01	 2.418511e-01	 6.598604e-02	 
 7.530761e-02	 7.790008e-01	 4.126540e-04	 1.671068e-01	 1.725577e+01	 1.727240e+01	 1.663008e-02	 1	 3.384180e+02	 4.044564e-02	 1.543040e-01	 2.418511e-01	 6.598604e-02	 
 7.530761e-02	 7.790008e-01	 4.126540e-04	 1.671068e-01	 1.725577e+01	 1.727240e+01	 1.663008e-02	 1	 3.384180e+02	 4.044564e-02	 1.543040e-01	 2.418511e-01	 6.598604e-02	 
 7.530761e-02	 7.790008e-01	 4.126540e-04	 1.671068e-01	 1.725577e+01	 1.727240e+01	 1.663008e-02	 1	 3.384180e+02	 4.044564e-02	 1.543040e-01	 2.418511e-01	 6.598604e-02	 
 7.530761e-02	 7.790008e-01	 4.126540e-04	 1.671068e-01	 1.725577e+01	 1.727240e+01	 1.663008e-02	 1	 3.384180e+02	 4.044564e-02	 1.543040e-01	 2.418511e-01	 6.598604e-02	 
 3.257259e-01	 5.476084e-01	 1.410540e-06	 1.413762e-01	 3.595510e+01	 3.595633e+01	 1.227912e-03	 1	 1.225842e+03	 1.750707e-02	 3.152178e-01	 4.194756e-01	 9.187074e-02	 
 3.257259e-01	 5.476084e-01	 1.410540e-06	 1.413762e-01	 3.595510e+01	 3.595633e+01	 1.227912e-03	 1	 1.225842e+03	 1.750707e-02	 3.152178e-01	 4.194756e-01	 9.187074e-02	 
 3.257259e-01	 5.476084e-01	 1.410540e-06	 1.413762e-01	 3.595510e+01	 3.595633e+01	 1.227912e-03	 1	 1.225842e+03	 1.750707e-02	 3.152178e-01	 4.194756e-01	 9.187074e-02	 
 3.257259e-01	 5.476084e-01	 1.410540e-06	 1.413762e-01	 3.595510e+01	 3.595633e+01	 1.227912e-03	 1	 1.225842e+03	 1.750707e-02	 3.152178e-01	 4.194756e-01	 9.187074e-02	 
 3.257259e-01	 5.476084e-01	 1.410540e-06	 1.413762e-01	 3.595510e+01	 3.595633e+01	 1.227912e-03	 1	 1.225842e+03	 1.750707e-02	 3.152178e-01	 4.194756e-01	 9.187074e-02	 
 3.257259e-01	 5.476084e-01	 1.410540e-06	 1.413762e-01	 3.595510e+01	 3.595633e+01	 1.227912e-03	 1	 1.225842e+03	 1.750707e-02	 3.152178e-01	 4.194756e-01	 9.187074e-02	 
 3.256456e-01	 5.477220e-01	 2.877953e-06	 1.413421e-01	 3.595502e+01	 3.595633e+01	 1.305811e-03	 1	 1.079014e+03	 1.749355e-02	 3.170760e-01	 4.172974e-01	 9.287731e-02	 
 3.256456e-01	 5.477220e-01	 2.877953e-06	 1.413421e-01	 3.595502e+01	 3.595633e+01	 1.305811e-03	 1	 1.079014e+03	 1.749355e-02	 3.170760e-01	 4.172974e-01	 9.287731e-02	 
 3.256456e-01	 5.477220e-01	 2.877953e-06	 1.413421e-01	 3.595502e+01	 3.595633e+01	 1.305811e-03	 1	 1.079014e+03	 1.749355e-02	 3.170760e-01	 4.172974e-01	 9.287731e-02	 
 3.256456e-01	 5.477220e-01	 2.877953e-06	 1.413421e-01	 3.595502e+01	 3.595633e+01	 1.305811e-03	 1	 1.079014e+03	 1.749355e-02	 3.170760e-01	 4.172974e-01	 9.287731e-02	 
 3.256456e-01	 5.477220e-01	 2.877953e-06	 1.413421e-01	 3.595502e+01	 3.595633e+01	 1.305811e-03	 1	 1.079014e+03	 1.749355e-02	 3.170760e-01	 4.172974e-01	 9.287731e-02	 
 3.256456e-01	 5.477220e-01	 2.877953e-06	 1.413421e-01	 3.595502e+01	 3.595633e+01	 1.305811e-03	 1	 1.079014e+03	 1.749355e-02	 3.170760e-01	 4.172974e-01	 9.287731e-02	 
 7.530761e-02	 7.790008e-01	 4.126540e-04	 1.671068e-01	 1.725577e+01	 1.727240e+01	 1.663008e-02	 1	 3.384180e+02	 4.044564e-02	 1.543040e-01	 2.418511e-01	 6.598604e-02	 
 7.530761e-02	 7.790008e-01	 4.126540e-04	 1.671068e-01	 1.725577e+01	 1.727240e+01	 1.663008e-02	 1	 3.384180e+02	 4.044564e-02	 1.543040e-01	 2.418511e-01	 6.598604e-02	 
 7.530761e-02	 7.790008e-01	 4.126540e-04	 1.671068e-01	 1.725577e+01	 1.727240e+01	 1.663008e-02	 1	 3.384180e+02	 4.044564e-02	 1.543040e-01	 2.418511e-01	 6.598604e-02	 
 7.530761e-02	 7.790008e-01	 4.126540e-04	 1.671068e-01	 1.725577e+01	 1.727240e+01	 1.663008e-02	 1	 3.384180e+02	 4.044564e-02	 1.543040e-01	 2.418511e-01	 6.598604e-02	 
 7.530761e-02	 7.790008e-01	 4.126540e-04	 1.671068e-01	 1.725577e+01	 1.727240e+01	 1.663008e-02	 1	 3.384180e+02	 4.044564e-02	 1.543040e-01	 2.418511e-01	 6.598604e-02	 
 7.530761e-02	 7.790008e-01	 4.126540e-04	 1.671068e-01	 1.725577e+01	 1.727240e+01	 1.663008e-02	 1	 3.384180e+02	 4.044564e-02	 1.543040e-01	 2.418511e-01	 6.598604e-02	 
 1.973572e-01	 7.428964e-01	 2.875673e-04	 9.001573e-02	 1.844311e+01	 1.844705e+01	 3.935635e-03	 1	 8.889067e+01	 4.916691e-02	 1.872506e-01	 1.946140e-01	 4.085380e-02	 
 1.973572e-01	 7.428964e-01	 2.875673e-04	 9.001573e-02	 1.844311e+01	 1.844705e+01	 3.935635e-03	 1	 8.889067e+01	 4.916691e-02	 1.872506e-01	 1.946140e-01	 4.085380e-02	 
 1.973572e-01	 7.428964e-01	 2.875673e-04	 9.001573e-02	 1.844311e+01	 1.844705e+01	 3.935635e-03	 1	 8.889067e+01	 4.916691e-02	 1.872506e-01	 1.946140e-01	 4.085380e-02	 
 1.973572e-01	 7.428964e-01	 2.875673e-04	 9.001573e-02	 1.844311e+01	 1.844705e+01	 3.935635e-03	 1	 8.889067e+01	 4.916691e-02	 1.872506e-01	 1.946140e-01	 4.085380e-02	 
 1.973572e-01	 7.428964e-01	 2.875673e-04	 9.001573e-02	 1.844311e+01	 1.844705e+01	 3.935635e-03	 1	 8.889067e+01	 4.916691e-02	 1.872506e-01	 1.946140e-01	 4.085380e-02	 
 1.973572e-01	 7.428964e-01	 2.875673e-04	 9.001573e-02	 1.844311e+01	 1.844705e+01	 3.935635e-03	 1	 8.889067e+01	 4.916691e-02	 1.872506e-01	 1.946140e-01	 4.085380e-02	 
 1.910714e-01	 7.421973e-01	 9.590579e-04	 9.569881e-02	 1.844708e+01	 1.844705e+01	 2.608051e-05	 1	 9.798401e+01	 5.129656e-02	 1.862225e-01	 1.895814e-01	 4.142009e-02	 
 1.910714e-01	 7.421973e-01	 9.590579e-04	 9.569881e-02	 1.844708e+01	 1.844705e+01	 2.608051e-05	 1	 9.798401e+01	 5.129656e-02	 1.862225e-01	 1.895814e-01	 4.142009e-02	 
 1.910714e-01	 7.421973e-01	 9.590579e-04	 9.569881e-02	 1.844708e+01	 1.844705e+01	 2.608051e-05	 1	 9.798401e+01	 5.129656e-02	 1.862225e-01	 1.895814e-01	 4.142009e-02	 
 1.910714e-01	 7.421973e-01	 9.590579e-04	 9.569881e-02	 1.844708e+01	 1.844705e+01	 2.608051e-05	 1	 9.798401e+01	 5.129656e-02	 1.862225e-01	 1.895814e-01	 4.142009e-02	 
 1.910714e-01	 7.421973e-01	 9.590579e-04	 9.569881e-02	 1.844708e+01	 1.844705e+01	 2.608051e-05	 1	 9.798401e+01	 5.129656e-02	 1.862225e-01	 1.895814e-01	 4.142009e-02	 
 1.910714e-01	 7.421973e-01	 9.590579e-04	 9.569881e-02	 1.844708e+01	 1.844705e+01	 2.608051e-05	 1	 9.798401e+01	 5.129656e-02	 1.862225e-01	 1.895814e-01	 4.142009e-02	 
 7.530761e-02	 7.790008e-01	 4.126540e-04	 1.671068e-01	 1.725577e+01	 1.727240e+01	 1.663008e-02	 1	 3.384180e+02	 4.044564e-02	 1.543040e-01	 2.418511e-01	 6.598604e-02	 
 7.530761e-02	 7.790008e-01	 4.126540e-04	 1.671068e-01	 1.725577e+01	 1.727240e+01	 1.663008e-02	 1	 3.384180e+02	 4.044564e-02	 1.543040e-01	 2.418511e-01	 6.598604e-02	 
 7.530761e-02	 7.790008e-01	 4.126540e-04	 1.671068e-01	 1.725577e+01	 1.727240e+01	 1.663008e-02	 1	 3.384180e+02	 4.044564e-02	 1.543040e-01	 2.418511e-01	 6.598604e-02	 
 7.530761e-02	 7.790008e-01	 4.126540e-04	 1.671068e-01	 1.725577e+01	 1.727240e+01	 1.663008e-02	 1	 3.384180e+02	 4.044564e-02	 1.543040e-01	 2.418511e-01	 6.598604e-02	 
 7.530761e-02	 7.790008e-01	 4.126540e-04	 1.671068e-01	 1.725577e+01	 1.727240e+01	 1.663008e-02	 1	 3.384180e+02	 4.044564e-02	 1.543040e-01	 2.418511e-01	 6.598604e-02	 
 7.530761e-02	 7.790008e-01	 4.126540e-04	 1.671068e-01	 1.725577e+01	 1.727240e+01	 1.663008e-02	 1	 3.384180e+02	 4.044564e-02	 1.543040e-01	 2.418511e-01	 6.598604e-02	 
 2.037657e-01	 7.340599e-01	 8.567298e-05	 9.150915e-02	 1.777207e+01	 1.777546e+01	 3.394664e-03	 1	 6.031334e+01	 3.856427e-02	 2.876804e-01	 3.139492e-01	 3.055259e-02	 
 2.037657e-01	 7.340599e-01	 8.567298e-05	 9.150915e-02	 1.777207e+01	 1.777546e+01	 3.394664e-03	 1	 6.031334e+01	 3.856427e-02	 2.876804e-01	 3.139492e-01	 3.055259e-02	 
 2.037657e-01	 7.340599e-01	 8.567298e-05	 9.150915e-02	 1.777207e+01	 1.777546e+01	 3.394664e-03	 1	 6.031334e+01	 3.856427e-02	 2.876804e-01	 3.139492e-01	 3.055259e-02	 
 2.037657e-01	 7.340599e-01	 8.567298e-05	 9.150915e-02	 1.777207e+01	 1.777546e+01	 3.394664e-03	 1	 6.031334e+01	 3.856427e-02	 2.876804e-01	 3.139492e-01	 3.055259e-02	 
 2.037657e-01	 7.340599e-01	 8.567298e-05	 9.150915e-02	 1.777207e+01	 1.777546e+01	 3.394664e-03	 1	 6.031334e+01	 3.856427e-02	 2.876804e-01	 3.139492e-01	 3.055259e-02	 
 2.037657e-01	 7.340599e-01	 8.567298e-05	 9.150915e-02	 1.777207e+01	 1.777546e+01	 3.394664e-03	 1	 6.031334e+01	 3.856427e-02	 2.876804e-01	 3.139492e-01	 3.055259e-02	 
 1.942206e-01	 7.344412e-01	 1.130406e-03	 9.891215e-02	 1.777333e+01	 1.777546e+01	 2.132917e-03	 1	 8.947945e+01	 4.091380e-02	 2.914409e-01	 3.008843e-01	 3.073367e-02	 
 1.942206e-01	 7.344412e-01	 1.130406e-03	 9.891215e-02	 1.777333e+01	 1.777546e+01	 2.132917e-03	 1	 8.947945e+01	 4.091380e-02	 2.914409e-01	 3.008843e-01	 3.073367e-02	 
 1.942206e-01	 7.344412e-01	 1.130406e-03	 9.891215e-02	 1.777333e+01	 1.777546e+01	 2.132917e-03	 1	 8.947945e+01	 4.091380e-02	 2.914409e-01	 3.008843e-01	 3.073367e-02	 
 1.942206e-01	 7.344412e-01	 1.130406e-03	 9.891215e-02	 1.777333e+01	 1.777546e+01	 2.132917e-03	 1	 8.947945e+01	 4.091380e-02	 2.914409e-01	 3.008843e-01	 3.073367e-02	 
 1.942206e-01	 7.344412e-01	 1.130406e-03	 9.891215e-02	 1.777333e+01	 1.777546e+01	 2.132917e-03	 1	 8.947945e+01	 4.091380e-02	 2.914409e-01	 3.008843e-01	 3.073367e-02	 
 1.942206e-01	 7.344412e-01	 1.130406e-03	 9.891215e-02	 1.777333e+01	 1.777546e+01	 2.132917e-03	 1	 8.947945e+01	 4.091380e-02	 2.914409e-01	 3.008843e-01	 3.073367e-02	 
 7.530761e-02	 7.790008e-01	 4.126540e-04	 1.671068e-01	 1.725577e+01	 1.727240e+01	 1.663008e-02	 1	 3.384180e+02	 4.044564e-02	 1.543040e-01	 2.418511e-01	 6.598604e-02	 
 7.530761e-02	 7.790008e-01	 4.126540e-04	 1.671068e-01	 1.725577e+01	 1.727240e+01	 1.663008e-02	 1	 3.384180e+02	 4.044564e-02	 1.543040e-01	 2.418511e-01	 6.598604e-02	 
 7.530761e-02	 7.790008e-01	 4.126540e-04	 1.671068e-01	 1.725577e+01	 1.727240e+01	 1.663008e-02	 1	 3.384180e+02	 4.044564e-02	 1.543040e-01	 2.418511e-01	 6.598604e-02	 
 7.530761e-02	 7.790008e-01	 4.126540e-04	 1.671068e-01	 1.725577e+01	 1.727240e+01	 1.663008e-02	 1	 3.384180e+02	 4.044564e-02	 1.543040e-01	 2.418511e-01	 6.598604e-02	 
 7.530761e-02	 7.790008e-01	 4.126540e-04	 1.671068e-01	 1.725577e+01	 1.727240e+01	 1.663008e-02	 1	 3.384180e+02	 4.044564e-02	 1.543040e-01	 2.418511e-01	 6.598604e-02	 
 7.530761e-02	 7.790008e-01	 4.126540e-04	 1.671068e-01	 1.725577e+01	 1.727240e+01	 1.663008e-02	 1	 3.384180e+02	 4.044564e-02	 1.543040e-01	 2.418511e-01	 6.598604e-02	 
 6.080905e-02	 7.833998e-01	 4.406101e-04	 1.764590e-01	 1.726409e+01	 1.727240e+01	 8.311323e-03	 1	 1.734285e+02	 3.184323e-02	 1.903250e-01	 2.782454e-01	 2.406960e-02	 
 6.080905e-02	 7.833998e-01	 4.406101e-04	 1.764590e-01	 1.726409e+01	 1.727240e+01	 8.311323e-03	 1	 1.734285e+02	 3.184323e-02	 1.903250e-01	 2.782454e-01	 2.406960e-02	 
 6.080905e-02	 7.833998e-01	 4.406101e-04	 1.764590e-01	 1.726409e+01	 1.727240e+01	 8.311323e-03	 1	 1.734285e+02	 3.184323e-02	 1.903250e-01	 2.782454e-01	 2.406960e-02	 
 6.080905e-02	 7.833998e-01	 4.406101e-04	 1.764590e-01	 1.726409e+01	 1.727240e+01	 8.311323e-03	 1	 1.734285e+02	 3.184323e-02	 1.903250e-01	 2.782454e-01	 2.406960e-02	 
 6.080905e-02	 7.833998e-01	 4.406101e-04	 1.764590e-01	 1.726409e+01	 1.727240e+01	 8.311323e-03	 1	 1.734285e+02	 3.184323e-02	 1.903250e-01	 2.782454e-01	 2.406960e-02	 
 6.080905e-02	 7.833998e-01	 4.406101e-04	 1.764590e-01	 1.726409e+01	 1.727240e+01	 8.311323e-03	 1	 1.734285e+02	 3.184323e-02	 1.903250e-01	 2.782454e-01	 2.406960e-02	 
 5.438319e-02	 7.865954e-01	 8.916213e-04	 1.791137e-01	 1.726820e+01	 1.727240e+01	 4.207301e-03	 1	 9.239520e+01	 3.118976e-02	 1.843199e-01	 1.798129e-01	 2.549025e-02	 
 5.438319e-02	 7.865954e-01	 8.916213e-04	 1.791137e-01	 1.726820e+01	 1.727240e+01	 4.207301e-03	 1	 9.239520e+01	 3.118976e-02	 1.843199e-01	 1.798129e-01	 2.549025e-02	 
 5.438319e-02	 7.865954e-01	 8.916213e-04	 1.791137e-01	 1.726820e+01	 1.727240e+01	 4.207301e-03	 1	 9.239520e+01	 3.118976e-02	 1.843199e-01	 1.798129e-01	 2.549025e-02	 
 5.438319e-02	 7.865954e-01	 8.916213e-04	 1.791137e-01	 1.726820e+01	 1.727240e+01	 4.207301e-03	 1	 9.239520e+01	 3.118976e-02	 1.843199e-01	 1.798129e-01	 2.549025e-02	 
 5.438319e-02	 7.865954e-01	 8.916213e-04	 1.791137e-01	 1.726820e+01	 1.727240e+01	 4.207301e-03	 1	 9.239520e+01	 3.118976e-02	 1.843199e-01	 1.798129e-01	 2.549025e-02	 
 5.438319e-02	 7.865954e-01	 8.916213e-04	 1.791137e-01	 1.726820e+01	 1.727240e+01	 4.207301e-03	 1	 9.239520e+01	 3.118976e-02	 1.843199e-01	 1.798129e-01	 2.549025e-02	 
 7.530761e-02	 7.790008e-01	 4.126540e-04	 1.671068e-01	 1.725577e+01	 1.727240e+01	 1.663008e-02	 1	 3.384180e+02	 4.044564e-02	 1.543040e-01	 2.418511e-01	 6.598604e-02	 
 7.530761e-02	 7.790008e-01	 4.126540e-04	 1.671068e-01	 1.725577e+01	 1.727240e+01	 1.663008e-02	 1	 3.384180e+02	 4.044564e-02	 1.543040e-01	 2.418511e-01	 6.598604e-02	 
 7.530761e-02	 7.790008e-01	 4.126540e-04	 1.671068e-01	 1.725577e+01	 1.727240e+01	 1.663008e-02	 1	 3.384180e+02	 4.044564e-02	 1.543040e-01	 2.418511e-01	 6.598604e-02	 
 7.530761e-02	 7.790008e-01	 4.126540e-04	 1.671068e-01	 1.725577e+01	 1.727240e+01	 1.663008e-02	 1	 3.384180e+02	 4.044564e-02	 1.543040e-01	 2.418511e-01	 6.598604e-02	 
 7.530761e-02	 7.790008e-01	 4.126540e-04	 1.671068e-01	 1.725577e+01	 1.727240e+01	 1.663008e-02	 1	 3.384180e+02	 4.044564e-02	 1.543040e-01	 2.418511e-01	 6.598604e-02	 
 7.530761e-02	 7.790008e-01	 4.126540e-04	 1.671068e-01	 1.725577e+01	 1.727240e+01	 1.663008e-02	 1	 3.384180e+02	 4.044564e-02	 1.543040e-01	 2.418511e-01	 6.598604e-02	 
 3.159220e-01	 6.875555e-01	 2.180231e-04	 2.535442e-02	 1.795105e+01	 1.795733e+01	 6.277802e-03	 1	 1.733986e+02	 5.830737e-02	 9.184109e-02	 2.059666e-01	 1.214678e-01	 
 3.159220e-01	 6.875555e-01	 2.180231e-04	 2.535442e-02	 1.795105e+01	 1.795733e+01	 6.277802e-03	 1	 1.733986e+02	 5.830737e-02	 9.184109e-02	 2.059666e-01	 1.214678e-01	 
 3.159220e-01	 6.875555e-01	 2.180231e-04	 2.535442e-02	 1.795105e+01	 1.795733e+01	 6.277802e-03	 1	 1.733986e+02	 5.830737e-02	 9.184109e-02	 2.059666e-01	 1.214678e-01	 
 3.159220e-01	 6.875555e-01	 2.180231e-04	 2.535442e-02	 1.795105e+01	 1.795733e+01	 6.277802e-03	 1	 1.733986e+02	 5.830737e-02	 9.184109e-02	 2.059666e-01	 1.214678e-01	 
 3.159220e-01	 6.875555e-01	 2.180231e-04	 2.535442e-02	 1.795105e+01	 1.795733e+01	 6.277802e-03	 1	 1.733986e+02	 5.830737e-02	 9.184109e-02	 2.059666e-01	 1.214678e-01	 
 3.159220e-01	 6.875555e-01	 2.180231e-04	 2.535442e-02	 1.795105e+01	 1.795733e+01	 6.277802e-03	 1	 1.733986e+02	 5.830737e-02	 9.184109e-02	 2.059666e-01	 1.214678e-01	 
 3.147639e-01	 6.880206e-01	 2.506938e-05	 2.650444e-02	 1.795945e+01	 1.795733e+01	 2.117361e-03	 1	 1.680911e+02	 5.662027e-02	 9.202757e-02	 2.157200e-01	 1.211381e-01	 
 3.147639e-01	 6.880206e-01	 2.506938e-05	 2.650444e-02	 1.795945e+01	 1.795733e+01	 2.117361e-03	 1	 1.680911e+02	 5.662027e-02	 9.202757e-02	 2.157200e-01	 1.211381e-01	 
 3.147639e-01	 6.880206e-01	 2.506938e-05	 2.650444e-02	 1.795945e+01	 1.795733e+01	 2.117361e-03	 1	 1.680911e+02	 5.662027e-02	 9.202757e-02	 2.157200e-01	 1.211381e-01	 
 3.147639e-01	 6.880206e-01	 2.506938e-05	 2.650444e-02	 1.795945e+01	 1.795733e+01	 2.117361e-03	 1	 1.680911e+02	 5.662027e-02	 9.202757e-02	 2.157200e-01	 1.211381e-01	 
 3.147639e-01	 6.880206e-01	 2.506938e-05	 2.650444e-02	 1.795945e+01	 1.795733e+01	 2.117361e-03	 1	 1.680911e+02	 5.662027e-02	 9.202757e-02	 2.157200e-01	 1.211381e-01	 
 3.147639e-01	 6.880206e-01	 2.506938e-05	 2.650444e-02	 1.795945e+01	 1.795733e+01	 2.117361e-03	 1	 1.680911e+02	 5.662027e-02	 9.202757e-02	 2.157200e-01	 1.211381e-01	 
 7.530761e-02	 7.790008e-01	 4.126540e-04	 1.671068e-01	 1.725577e+01	 1.727240e+01	 1.663008e-02	 1	 3.384180e+02	 4.044564e-02	 1.543040e-01	 2.418511e-01	 6.598604e-02	 
 7.530761e-02	 7.790008e-01	 4.126540e-04	 1.671068e-01	 1.725577e+01	 1.727240e+01	 1.663008e-02	 1	 3.384180e+02	 4.044564e-02	 1.543040e-01	 2.418511e-01	 6.598604e-02	 
 7.530761e-02	 7.790008e-01	 4.126540e-04	 1.671068e-01	 1.725577e+01	 1.727240e+01	 1.663008e-02	 1	 3.384180e+02	 4.044564e-02	 1.543040e-01	 2.418511e-01	 6.598604e-02	 
 7.530761e-02	 7.790008e-01	 4.126540e-04	 1.671068e-01	 1.725577e+01	 1.727240e+01	 1.663008e-02	 1	 3.384180e+02	 4.044564e-02	 1.543040e-01	 2.418511e-01	 6.598604e-02	 
 7.530761e-02	 7.790008e-01	 4.126540e-04	 1.671068e-01	 1.725577e+01	 1.727240e+01	 1.663008e-02	 1	 3.384180e+02	 4.044564e-02	 1.543040e-01	 2.418511e-01	 6.598604e-02	 
 7.530761e-02	 7.790008e-01	 4.126540e-04	 1.671068e-01	 1.725577e+01	 1.727240e+01	 1.663008e-02	 1	 3.384180e+02	 4.044564e-02	 1.543040e-01	 2.418511e-01	 6.598604e-02	 
 3.159220e-01	 6.875555e-01	 2.180231e-04	 2.535442e-02	 1.795105e+01	 1.795733e+01	 6.277802e-03	 1	 1.733986e+02	 5.830737e-02	 9.184109e-02	 2.059666e-01	 1.214678e-01	 
 3.159220e-01	 6.875555e-01	 2.180231e-04	 2.535442e-02	 1.795105e+01	 1.795733e+01	 6.277802e-03	 1	 1.733986e+02	 5.830737e-02	 9.184109e-02	 2.059666e-01	 1.214678e-01	 
 3.159220e-01	 6.875555e-01	 2.180231e-04	 2.535442e-02	 1.795105e+01	 1.795733e+01	 6.277802e-03	 1	 1.733986e+02	 5.830737e-02	 9.184109e-02	 2.059666e-01	 1.214678e-01	 
 3.159220e-01	 6.875555e-01	 2.180231e-04	 2.535442e-02	 1.795105e+01	 1.795733e+01	 6.277802e-03	 1	 1.733986e+02	 5.830737e-02	 9.184109e-02	 2.059666e-01	 1.214678e-01	 
 3.159220e-01	 6.875555e-01	 2.180231e-04	 2.535442e-02	 1.795105e+01	 1.795733e+01	 6.277802e-03	 1	 1.733986e+02	 5.830737e-02	 9.184109e-02	 2.059666e-01	 1.214678e-01	 
 3.159220e-01	 6.875555e-01	 2.180231e-04	 2.535442e-02	 1.795105e+01	 1.795733e+01	 6.277802e-03	 1	 1.733986e+02	 5.830737e-02	 9.184109e-02	 2.059666e-01	 1.214678e-01	 
 3.149754e-01	 6.879394e-01	 3.726377e-05	 2.635133e-02	 1.795868e+01	 1.795733e+01	 1.347258e-03	 1	 1.895740e+02	 5.675069e-02	 9.201479e-02	 2.199687e-01	 1.236063e-01	 
 3.149754e-01	 6.879394e-01	 3.726377e-05	 2.635133e-02	 1.795868e+01	 1.795733e+01	 1.347258e-03	 1	 1.895740e+02	 5.675069e-02	 9.201479e-02	 2.199687e-01	 1.236063e-01	 
 3.149754e-01	 6.879394e-01	 3.726377e-05	 2.635133e-02	 1.795868e+01	 1.795733e+01	 1.347258e-03	 1	 1.895740e+02	 5.675069e-02	 9.201479e-02	 2.199687e-01	 1.236063e-01	 
 3.149754e-01	 6.879394e-01	 3.726377e-05	 2.635133e-02	 1.795868e+01	 1.795733e+01	 1.347258e-03	 1	 1.895740e+02	 5.675069e-02	 9.201479e-02	 2.199687e-01	 1.236063e-01	 
 3.149754e-01	 6.879394e-01	 3.726377e-05	 2.635133e-02	 1.795868e+01	 1.795733e+01	 1.347258e-03	 1	 1.895740e+02	 5.675069e-02	 9.201479e-02	 2.199687e-01	 1.236063e-01	 
 3.149754e-01	 6.879394e-01	 3.726377e-05	 2.635133e-02	 1.795868e+01	 1.795733e+01	 1.347258e-03	 1	 1.895740e+02	 5.675069e-02	 9.201479e-02	 2.199687e-01	 1.236063e-01	 
 7.530761e-02	 7.790008e-01	 4.126540e-04	 1.671068e-01	 1.725577e+01	 1.727240e+01	 1.663008e-02	 1	 3.384180e+02	 4.044564e-02	 1.543040e-01	 2.418511e-01	 6.598604e-02	 
 7.530761e-02	 7.790008e-01	 4.126540e-04	 1.671068e-01	 1.725577e+01	 1.727240e+01	 1.663008e-02	 1	 3.384180e+02	 4.044564e-02	 1.543040e-01	 2.418511e-01	 6.598604e-02	 
 7.530761e-02	 7.790008e-01	 4.126540e-04	 1.671068e-01	 1.725577e+01	 1.727240e+01	 1.663008e-02	 1	 3.384180e+02	 4.044564e-02	 1.543040e-01	 2.418511e-01	 6.598604e-02	 
 7.530761e-02	 7.790008e-01	 4.126540e-04	 1.671068e-01	 1.725577e+01	 1.727240e+01	 1.663008e-02	 1	 3.384180e+02	 4.044564e-02	 1.543040e-01	 2.418511e-01	 6.598604e-02	 
 7.530761e-02	 7.790008e-01	 4.126540e-04	 1.671068e-01	 1.725577e+01	 1.727240e+01	 1.663008e-02	 1	 3.384180e+02	 4.044564e-02	 1.543040e-01	 2.418511e-01	 6.598604e-02	 
 7.530761e-02	 7.790008e-01	 4.126540e-04	 1.671068e-01	 1.725577e+01	 1.727240e+01	 1.663008e-02	 1	 3.384180e+02	 4.044564e-02	 1.543040e-01	 2.418511e-01	 6.598604e-02	 
 7.530761e-02	 7.790008e-01	 4.126540e-04	 1.671068e-01	 1.725577e+01	 1.727240e+01	 1.663008e-02	 1	 3.384180e+02	 4.044564e-02	 1.543040e-01	 2.418511e-01	 6.598604e-02	 
 7.530761e-02	 7.790008e-01	 4.126540e-04	 1.671068e-01	 1.725577e+01	 1.727240e+01	 1.663008e-02	 1	 3.384180e+02	 4.044564e-02	 1.543040e-01	 2.418511e-01	 6.598604e-02	 
 7.530761e-02	 7.790008e-01	 4.126540e-04	 1.671068e-01	 1.725577e+01	 1.727240e+01	 1.663008e-02	 1	 3.384180e+02	 4.044564e-02	 1.543040e-01	 2.418511e-01	 6.598604e-02	 
 7.530761e-02	 7.790008e-01	 4.126540e-04	 1.671068e-01	 1.725577e+01	 1.727240e+01	 1.663008e-02	 1	 3.384180e+02	 4.044564e-02	 1.543040e-01	 2.418511e-01	 6.598604e-02	 
 7.530761e-02	 7.790008e-01	 4.126540e-04	 1.671068e-01	 1.725577e+01	 1.727240e+01	 1.663008e-02	 1	 3.384180e+02	 4.044564e-02	 1.543040e-01	 2.418511e-01	 6.598604e-02	 
 7.530761e-02	 7.790008e-01	 4.126540e-04	 1.671068e-01	 1.725577e+01	 1.727240e+01	 1.663008e-02	 1	 3.384180e+02	 4.044564e-02	 1.543040e-01	 2.418511e-01	 6.598604e-02	 
 6.098780e-02	 7.833446e-01	 4.050966e-04	 1.763460e-01	 1.726335e+01	 1.727240e+01	 9.053636e-03	 1	 1.895510e+02	 3.170899e-02	 1.892237e-01	 2.929164e-01	 2.402028e-02	 
 6.098780e-02	 7.833446e-01	 4.050966e-04	 1.763460e-01	 1.726335e+01	 1.727240e+01	 9.053636e-03	 1	 1.895510e+02	 3.170899e-02	 1.892237e-01	 2.929164e-01	 2.402028e-02	 
 6.098780e-02	 7.833446e-01	 4.050966e-04	 1.763460e-01	 1.726335e+01	 1.727240e+01	 9.053636e-03	 1	 1.895510e+02	 3.170899e-02	 1.892237e-01	 2.929164e-01	 2.402028e-02	 
 6.098780e-02	 7.833446e-01	 4.050966e-04	 1.763460e-01	 1.726335e+01	 1.727240e+01	 9.053636e-03	 1	 1.895510e+02	 3.170899e-02	 1.892237e-01	 2.929164e-01	 2.402028e-02	 
 6.098780e-02	 7.833446e-01	 4.050966e-04	 1.763460e-01	 1.726335e+01	 1.727240e+01	 9.053636e-03	 1	 1.895510e+02	 3.170899e-02	 1.892237e-01	 2.929164e-01	 2.402028e-02	 
 6.098780e-02	 7.833446e-01	 4.050966e-04	 1.763460e-01	 1.726335e+01	 1.727240e+01	 9.053636e-03	 1	 1.895510e+02	 3.170899e-02	 1.892237e-01	 2.929164e-01	 2.402028e-02	 
 