1.408872e+03	 1.408872e+03	 1.408872e+03	 9.219093e-07	 9.219093e-07	 9.219093e-07	 
 1.408872e+03	 1.408872e+03	 1.408872e+03	 9.219093e-07	 9.219093e-07	 9.219093e-07	 
 1.408872e+03	 1.408872e+03	 1.408872e+03	 9.219093e-07	 9.219093e-07	 9.219093e-07	 
 1.408872e+03	 1.408872e+03	 1.408872e+03	 9.219093e-07	 9.219093e-07	 9.219093e-07	 
 1.408872e+03	 1.408872e+03	 1.408872e+03	 9.219093e-07	 9.219093e-07	 9.219093e-07	 
 1.408872e+03	 1.408872e+03	 1.408872e+03	 9.219093e-07	 9.219093e-07	 9.219093e-07	 
 1.408872e+03	 1.408872e+03	 1.408872e+03	 9.219093e-07	 9.219093e-07	 9.219093e-07	 
 1.408872e+03	 1.408872e+03	 1.408872e+03	 9.219093e-07	 9.219093e-07	 9.219093e-07	 
 1.408872e+03	 1.408872e+03	 1.408872e+03	 9.219093e-07	 9.219093e-07	 9.219093e-07	 
 1.408872e+03	 1.408872e+03	 1.408872e+03	 9.219093e-07	 9.219093e-07	 9.219093e-07	 
 1.408872e+03	 1.408872e+03	 1.408872e+03	 9.219093e-07	 9.219093e-07	 9.219093e-07	 
 1.408872e+03	 1.408872e+03	 1.408872e+03	 9.219093e-07	 9.219093e-07	 9.219093e-07	 
 1.408872e+03	 1.408872e+03	 1.408872e+03	 9.219093e-07	 9.219093e-07	 9.219093e-07	 
 1.408872e+03	 1.408872e+03	 1.408872e+03	 9.219093e-07	 9.219093e-07	 9.219093e-07	 
 1.408872e+03	 1.408872e+03	 1.408872e+03	 9.219093e-07	 9.219093e-07	 9.219093e-07	 
 1.408872e+03	 1.408872e+03	 1.408872e+03	 9.219093e-07	 9.219093e-07	 9.219093e-07	 
 1.408872e+03	 1.408872e+03	 1.408872e+03	 9.219093e-07	 9.219093e-07	 9.219093e-07	 
 1.408872e+03	 1.408872e+03	 1.408872e+03	 9.219093e-07	 9.219093e-07	 9.219093e-07	 
 1.408872e+03	 1.408872e+03	 1.408872e+03	 9.219093e-07	 9.219093e-07	 9.219093e-07	 
 1.408872e+03	 1.408872e+03	 1.408872e+03	 9.219093e-07	 9.219093e-07	 9.219093e-07	 
 1.408872e+03	 1.372767e+03	 1.407067e+03	 0	 0	 
 1.408872e+03	 1.372767e+03	 1.405261e+03	 0	 0	 
 1.408872e+03	 1.372767e+03	 1.403456e+03	 0	 0	 
 1.408872e+03	 1.372767e+03	 1.401651e+03	 0	 0	 
 1.408872e+03	 1.372767e+03	 1.399846e+03	 0	 0	 
 1.408872e+03	 1.372767e+03	 1.398040e+03	 0	 0	 
 1.408872e+03	 1.372767e+03	 1.396235e+03	 0	 0	 
 1.408872e+03	 1.372767e+03	 1.394430e+03	 0	 0	 
 1.408872e+03	 1.372767e+03	 1.392625e+03	 0	 0	 
 1.408872e+03	 1.372767e+03	 1.390819e+03	 0	 0	 
 1.408872e+03	 1.372767e+03	 1.389014e+03	 0	 0	 
 1.408872e+03	 1.372767e+03	 1.387209e+03	 0	 0	 
 1.408872e+03	 1.372767e+03	 1.385404e+03	 0	 0	 
 1.408872e+03	 1.372767e+03	 1.383598e+03	 0	 0	 
 1.408872e+03	 1.372767e+03	 1.381793e+03	 0	 0	 
 1.408872e+03	 1.372767e+03	 1.379988e+03	 0	 0	 
 1.408872e+03	 1.372767e+03	 1.378183e+03	 0	 0	 
 1.408872e+03	 1.372767e+03	 1.376377e+03	 0	 0	 
 1.408872e+03	 1.372767e+03	 1.374572e+03	 0	 0	 
 1.408872e+03	 1.372767e+03	 1.372767e+03	 0	 0	 
 1.408872e+03	 1.291928e+03	 1.403025e+03	 0	 0	 
 1.408872e+03	 1.291928e+03	 1.397177e+03	 0	 0	 
 1.408872e+03	 1.291928e+03	 1.391330e+03	 0	 0	 
 1.408872e+03	 1.291928e+03	 1.385483e+03	 0	 0	 
 1.408872e+03	 1.291928e+03	 1.379636e+03	 0	 0	 
 1.408872e+03	 1.291928e+03	 1.373789e+03	 0	 0	 
 1.408872e+03	 1.291928e+03	 1.367941e+03	 0	 0	 
 1.408872e+03	 1.291928e+03	 1.362094e+03	 0	 0	 
 1.408872e+03	 1.291928e+03	 1.356247e+03	 0	 0	 
 1.408872e+03	 1.291928e+03	 1.350400e+03	 0	 0	 
 1.408872e+03	 1.291928e+03	 1.344553e+03	 0	 0	 
 1.408872e+03	 1.291928e+03	 1.338705e+03	 0	 0	 
 1.408872e+03	 1.291928e+03	 1.332858e+03	 0	 0	 
 1.408872e+03	 1.291928e+03	 1.327011e+03	 0	 0	 
 1.408872e+03	 1.291928e+03	 1.321164e+03	 0	 0	 
 1.408872e+03	 1.291928e+03	 1.315317e+03	 0	 0	 
 1.408872e+03	 1.291928e+03	 1.309470e+03	 0	 0	 
 1.408872e+03	 1.291928e+03	 1.303622e+03	 0	 0	 
 1.408872e+03	 1.291928e+03	 1.297775e+03	 0	 0	 
 1.408872e+03	 1.291928e+03	 1.291928e+03	 0	 0	 
 1.408872e+03	 1.291928e+03	 1.403025e+03	 0	 0	 
 1.408872e+03	 1.291928e+03	 1.397177e+03	 0	 0	 
 1.408872e+03	 1.291928e+03	 1.391330e+03	 0	 0	 
 1.408872e+03	 1.291928e+03	 1.385483e+03	 0	 0	 
 1.408872e+03	 1.291928e+03	 1.379636e+03	 0	 0	 
 1.408872e+03	 1.291928e+03	 1.373789e+03	 0	 0	 
 1.408872e+03	 1.291928e+03	 1.367941e+03	 0	 0	 
 1.408872e+03	 1.291928e+03	 1.362094e+03	 0	 0	 
 1.408872e+03	 1.291928e+03	 1.356247e+03	 0	 0	 
 1.408872e+03	 1.291928e+03	 1.350400e+03	 0	 0	 
 1.408872e+03	 1.291928e+03	 1.344553e+03	 0	 0	 
 1.408872e+03	 1.291928e+03	 1.338705e+03	 0	 0	 
 1.408872e+03	 1.291928e+03	 1.332858e+03	 0	 0	 
 1.408872e+03	 1.291928e+03	 1.327011e+03	 0	 0	 
 1.408872e+03	 1.291928e+03	 1.321164e+03	 0	 0	 
 1.408872e+03	 1.291928e+03	 1.315317e+03	 0	 0	 
 1.408872e+03	 1.291928e+03	 1.309470e+03	 0	 0	 
 1.408872e+03	 1.291928e+03	 1.303622e+03	 0	 0	 
 1.408872e+03	 1.291928e+03	 1.297775e+03	 0	 0	 
 1.408872e+03	 1.291928e+03	 1.291928e+03	 0	 0	 
 1.408872e+03	 1.372767e+03	 1.407067e+03	 0	 0	 
 1.408872e+03	 1.372767e+03	 1.405261e+03	 0	 0	 
 1.408872e+03	 1.372767e+03	 1.403456e+03	 0	 0	 
 1.408872e+03	 1.372767e+03	 1.401651e+03	 0	 0	 
 1.408872e+03	 1.372767e+03	 1.399846e+03	 0	 0	 
 1.408872e+03	 1.372767e+03	 1.398040e+03	 0	 0	 
 1.408872e+03	 1.372767e+03	 1.396235e+03	 0	 0	 
 1.408872e+03	 1.372767e+03	 1.394430e+03	 0	 0	 
 1.408872e+03	 1.372767e+03	 1.392625e+03	 0	 0	 
 1.408872e+03	 1.372767e+03	 1.390819e+03	 0	 0	 
 1.408872e+03	 1.372767e+03	 1.389014e+03	 0	 0	 
 1.408872e+03	 1.372767e+03	 1.387209e+03	 0	 0	 
 1.408872e+03	 1.372767e+03	 1.385404e+03	 0	 0	 
 1.408872e+03	 1.372767e+03	 1.383598e+03	 0	 0	 
 1.408872e+03	 1.372767e+03	 1.381793e+03	 0	 0	 
 1.408872e+03	 1.372767e+03	 1.379988e+03	 0	 0	 
 1.408872e+03	 1.372767e+03	 1.378183e+03	 0	 0	 
 1.408872e+03	 1.372767e+03	 1.376377e+03	 0	 0	 
 1.408872e+03	 1.372767e+03	 1.374572e+03	 0	 0	 
 1.408872e+03	 1.372767e+03	 1.372767e+03	 0	 0	 
 1.408872e+03	 1.832888e+03	 1.387671e+03	 9.219093e-07	 6.341933e-04	 9.219093e-07	 
 1.408872e+03	 1.832888e+03	 1.366470e+03	 9.219093e-07	 6.341933e-04	 9.219093e-07	 
 1.408872e+03	 1.832888e+03	 1.345269e+03	 9.219093e-07	 6.341933e-04	 9.219093e-07	 
 1.408872e+03	 1.832888e+03	 1.324069e+03	 9.219093e-07	 6.341933e-04	 9.219093e-07	 
 1.408872e+03	 1.832888e+03	 1.302868e+03	 9.219093e-07	 6.341933e-04	 9.219093e-07	 
 1.408872e+03	 1.832888e+03	 1.281667e+03	 9.219093e-07	 6.341933e-04	 9.219093e-07	 
 1.408872e+03	 1.832888e+03	 1.260466e+03	 9.219093e-07	 6.341933e-04	 9.219093e-07	 
 1.408872e+03	 1.832888e+03	 1.239265e+03	 9.219093e-07	 6.341933e-04	 9.219093e-07	 
 1.408872e+03	 1.832888e+03	 1.218064e+03	 9.219093e-07	 6.341933e-04	 9.219093e-07	 
 1.408872e+03	 1.832888e+03	 1.196864e+03	 9.219093e-07	 6.341933e-04	 9.219093e-07	 
 1.408872e+03	 1.832888e+03	 1.175663e+03	 9.219093e-07	 6.341933e-04	 9.219093e-07	 
 1.408872e+03	 1.832888e+03	 1.154462e+03	 9.219093e-07	 6.341933e-04	 9.219093e-07	 
 1.408872e+03	 1.832888e+03	 1.133261e+03	 9.219093e-07	 6.341933e-04	 9.219093e-07	 
 1.408872e+03	 1.832888e+03	 1.112060e+03	 9.219093e-07	 6.341933e-04	 9.219093e-07	 
 1.408872e+03	 1.832888e+03	 1.090860e+03	 9.219093e-07	 6.341933e-04	 9.219093e-07	 
 1.408872e+03	 1.832888e+03	 1.069659e+03	 9.219093e-07	 6.341933e-04	 9.219093e-07	 
 1.408872e+03	 1.832888e+03	 1.048458e+03	 9.219093e-07	 6.341933e-04	 9.219093e-07	 
 1.408872e+03	 1.832888e+03	 1.027257e+03	 9.219093e-07	 6.341933e-04	 9.219093e-07	 
 1.408872e+03	 1.832888e+03	 1.006056e+03	 9.219093e-07	 6.341933e-04	 9.219093e-07	 
 1.408872e+03	 1.832888e+03	 9.848556e+02	 9.219093e-07	 6.341933e-04	 9.219093e-07	 
 1.408872e+03	 5.378039e+02	 1.365318e+03	 0	 0	 
 1.408872e+03	 5.378039e+02	 1.321765e+03	 0	 0	 
 1.408872e+03	 5.378039e+02	 1.278212e+03	 0	 0	 
 1.408872e+03	 5.378039e+02	 1.234658e+03	 0	 0	 
 1.408872e+03	 5.378039e+02	 1.191105e+03	 0	 0	 
 1.408872e+03	 5.378039e+02	 1.147551e+03	 0	 0	 
 1.408872e+03	 5.378039e+02	 1.103998e+03	 0	 0	 
 1.408872e+03	 5.378039e+02	 1.060445e+03	 0	 0	 
 1.408872e+03	 5.378039e+02	 1.016891e+03	 0	 0	 
 1.408872e+03	 5.378039e+02	 9.733378e+02	 0	 0	 
 1.408872e+03	 5.378039e+02	 9.297844e+02	 0	 0	 
 1.408872e+03	 5.378039e+02	 8.862311e+02	 0	 0	 
 1.408872e+03	 5.378039e+02	 8.426777e+02	 0	 0	 
 1.408872e+03	 5.378039e+02	 7.991243e+02	 0	 0	 
 1.408872e+03	 5.378039e+02	 7.555709e+02	 0	 0	 
 1.408872e+03	 5.378039e+02	 7.120175e+02	 0	 0	 
 1.408872e+03	 5.378039e+02	 6.684641e+02	 0	 0	 
 1.408872e+03	 5.378039e+02	 6.249107e+02	 0	 0	 
 1.408872e+03	 5.378039e+02	 5.813573e+02	 0	 0	 
 1.408872e+03	 5.378039e+02	 5.378039e+02	 0	 0	 
 1.408872e+03	 1.832888e+03	 1.387671e+03	 9.219093e-07	 6.341933e-04	 9.219093e-07	 
 1.408872e+03	 1.832888e+03	 1.366470e+03	 9.219093e-07	 6.341933e-04	 9.219093e-07	 
 1.408872e+03	 1.832888e+03	 1.345269e+03	 9.219093e-07	 6.341933e-04	 9.219093e-07	 
 1.408872e+03	 1.832888e+03	 1.324069e+03	 9.219093e-07	 6.341933e-04	 9.219093e-07	 
 1.408872e+03	 1.832888e+03	 1.302868e+03	 9.219093e-07	 6.341933e-04	 9.219093e-07	 
 1.408872e+03	 1.832888e+03	 1.281667e+03	 9.219093e-07	 6.341933e-04	 9.219093e-07	 
 1.408872e+03	 1.832888e+03	 1.260466e+03	 9.219093e-07	 6.341933e-04	 9.219093e-07	 
 1.408872e+03	 1.832888e+03	 1.239265e+03	 9.219093e-07	 6.341933e-04	 9.219093e-07	 
 1.408872e+03	 1.832888e+03	 1.218064e+03	 9.219093e-07	 6.341933e-04	 9.219093e-07	 
 1.408872e+03	 1.832888e+03	 1.196864e+03	 9.219093e-07	 6.341933e-04	 9.219093e-07	 
 1.408872e+03	 1.832888e+03	 1.175663e+03	 9.219093e-07	 6.341933e-04	 9.219093e-07	 
 1.408872e+03	 1.832888e+03	 1.154462e+03	 9.219093e-07	 6.341933e-04	 9.219093e-07	 
 1.408872e+03	 1.832888e+03	 1.133261e+03	 9.219093e-07	 6.341933e-04	 9.219093e-07	 
 1.408872e+03	 1.832888e+03	 1.112060e+03	 9.219093e-07	 6.341933e-04	 9.219093e-07	 
 1.408872e+03	 1.832888e+03	 1.090860e+03	 9.219093e-07	 6.341933e-04	 9.219093e-07	 
 1.408872e+03	 1.832888e+03	 1.069659e+03	 9.219093e-07	 6.341933e-04	 9.219093e-07	 
 1.408872e+03	 1.832888e+03	 1.048458e+03	 9.219093e-07	 6.341933e-04	 9.219093e-07	 
 1.408872e+03	 1.832888e+03	 1.027257e+03	 9.219093e-07	 6.341933e-04	 9.219093e-07	 
 1.408872e+03	 1.832888e+03	 1.006056e+03	 9.219093e-07	 6.341933e-04	 9.219093e-07	 
 1.408872e+03	 1.832888e+03	 9.848556e+02	 9.219093e-07	 6.341933e-04	 9.219093e-07	 
 1.408872e+03	 1.832888e+03	 1.387671e+03	 9.219093e-07	 6.341933e-04	 9.219093e-07	 
 1.408872e+03	 1.832888e+03	 1.366470e+03	 9.219093e-07	 6.341933e-04	 9.219093e-07	 
 1.408872e+03	 1.832888e+03	 1.345269e+03	 9.219093e-07	 6.341933e-04	 9.219093e-07	 
 1.408872e+03	 1.832888e+03	 1.324069e+03	 9.219093e-07	 6.341933e-04	 9.219093e-07	 
 1.408872e+03	 1.832888e+03	 1.302868e+03	 9.219093e-07	 6.341933e-04	 9.219093e-07	 
 1.408872e+03	 1.832888e+03	 1.281667e+03	 9.219093e-07	 6.341933e-04	 9.219093e-07	 
 1.408872e+03	 1.832888e+03	 1.260466e+03	 9.219093e-07	 6.341933e-04	 9.219093e-07	 
 1.408872e+03	 1.832888e+03	 1.239265e+03	 9.219093e-07	 6.341933e-04	 9.219093e-07	 
 1.408872e+03	 1.832888e+03	 1.218064e+03	 9.219093e-07	 6.341933e-04	 9.219093e-07	 
 1.408872e+03	 1.832888e+03	 1.196864e+03	 9.219093e-07	 6.341933e-04	 9.219093e-07	 
 1.408872e+03	 1.832888e+03	 1.175663e+03	 9.219093e-07	 6.341933e-04	 9.219093e-07	 
 1.408872e+03	 1.832888e+03	 1.154462e+03	 9.219093e-07	 6.341933e-04	 9.219093e-07	 
 1.408872e+03	 1.832888e+03	 1.133261e+03	 9.219093e-07	 6.341933e-04	 9.219093e-07	 
 1.408872e+03	 1.832888e+03	 1.112060e+03	 9.219093e-07	 6.341933e-04	 9.219093e-07	 
 1.408872e+03	 1.832888e+03	 1.090860e+03	 9.219093e-07	 6.341933e-04	 9.219093e-07	 
 1.408872e+03	 1.832888e+03	 1.069659e+03	 9.219093e-07	 6.341933e-04	 9.219093e-07	 
 1.408872e+03	 1.832888e+03	 1.048458e+03	 9.219093e-07	 6.341933e-04	 9.219093e-07	 
 1.408872e+03	 1.832888e+03	 1.027257e+03	 9.219093e-07	 6.341933e-04	 9.219093e-07	 
 1.408872e+03	 1.832888e+03	 1.006056e+03	 9.219093e-07	 6.341933e-04	 9.219093e-07	 
 1.408872e+03	 1.832888e+03	 9.848556e+02	 9.219093e-07	 6.341933e-04	 9.219093e-07	 
 1.408872e+03	 1.832888e+03	 1.387671e+03	 9.219093e-07	 6.341933e-04	 9.219093e-07	 
 1.408872e+03	 1.832888e+03	 1.366470e+03	 9.219093e-07	 6.341933e-04	 9.219093e-07	 
 1.408872e+03	 1.832888e+03	 1.345269e+03	 9.219093e-07	 6.341933e-04	 9.219093e-07	 
 1.408872e+03	 1.832888e+03	 1.324069e+03	 9.219093e-07	 6.341933e-04	 9.219093e-07	 
 1.408872e+03	 1.832888e+03	 1.302868e+03	 9.219093e-07	 6.341933e-04	 9.219093e-07	 
 1.408872e+03	 1.832888e+03	 1.281667e+03	 9.219093e-07	 6.341933e-04	 9.219093e-07	 
 1.408872e+03	 1.832888e+03	 1.260466e+03	 9.219093e-07	 6.341933e-04	 9.219093e-07	 
 1.408872e+03	 1.832888e+03	 1.239265e+03	 9.219093e-07	 6.341933e-04	 9.219093e-07	 
 1.408872e+03	 1.832888e+03	 1.218064e+03	 9.219093e-07	 6.341933e-04	 9.219093e-07	 
 1.408872e+03	 1.832888e+03	 1.196864e+03	 9.219093e-07	 6.341933e-04	 9.219093e-07	 
 1.408872e+03	 1.832888e+03	 1.175663e+03	 9.219093e-07	 6.341933e-04	 9.219093e-07	 
 1.408872e+03	 1.832888e+03	 1.154462e+03	 9.219093e-07	 6.341933e-04	 9.219093e-07	 
 1.408872e+03	 1.832888e+03	 1.133261e+03	 9.219093e-07	 6.341933e-04	 9.219093e-07	 
 1.408872e+03	 1.832888e+03	 1.112060e+03	 9.219093e-07	 6.341933e-04	 9.219093e-07	 
 1.408872e+03	 1.832888e+03	 1.090860e+03	 9.219093e-07	 6.341933e-04	 9.219093e-07	 
 1.408872e+03	 1.832888e+03	 1.069659e+03	 9.219093e-07	 6.341933e-04	 9.219093e-07	 
 1.408872e+03	 1.832888e+03	 1.048458e+03	 9.219093e-07	 6.341933e-04	 9.219093e-07	 
 1.408872e+03	 1.832888e+03	 1.027257e+03	 9.219093e-07	 6.341933e-04	 9.219093e-07	 
 1.408872e+03	 1.832888e+03	 1.006056e+03	 9.219093e-07	 6.341933e-04	 9.219093e-07	 
 1.408872e+03	 1.832888e+03	 9.848556e+02	 9.219093e-07	 6.341933e-04	 9.219093e-07	 
 