-6.443420e-01	 1.542265e-03	 4.466776e-01	 9.928568e-01	 9.026304e+04	 9.026304e+04	 0	 
 -6.443420e-01	 1.542265e-03	 4.466776e-01	 9.928568e-01	 9.026304e+04	 9.026304e+04	 0	 
 -6.443420e-01	 1.542265e-03	 4.466776e-01	 9.928568e-01	 9.026304e+04	 9.026304e+04	 0	 
 -6.443420e-01	 1.542265e-03	 4.466776e-01	 9.928568e-01	 9.026304e+04	 9.026304e+04	 0	 
 -6.443420e-01	 1.542265e-03	 4.466776e-01	 9.928568e-01	 9.026304e+04	 9.026304e+04	 0	 
 -6.443420e-01	 1.542265e-03	 4.466776e-01	 9.928568e-01	 9.026304e+04	 9.026304e+04	 0	 
 -5.559530e-01	 1.047569e-04	 7.201812e-01	 7.257222e-01	 1.214112e+05	 1.214112e+05	 0	 
 -5.559530e-01	 1.047569e-04	 7.201812e-01	 7.257222e-01	 1.214112e+05	 1.214112e+05	 0	 
 -5.559530e-01	 1.047569e-04	 7.201812e-01	 7.257222e-01	 1.214112e+05	 1.214112e+05	 0	 
 -5.559530e-01	 1.047569e-04	 7.201812e-01	 7.257222e-01	 1.214112e+05	 1.214112e+05	 0	 
 -5.559530e-01	 1.047569e-04	 7.201812e-01	 7.257222e-01	 1.214112e+05	 1.214112e+05	 0	 
 -5.559530e-01	 1.047569e-04	 7.201812e-01	 7.257222e-01	 1.214112e+05	 1.214112e+05	 0	 
 -8.901819e-02	 -2.757971e-02	 3.092910e-01	 6.159022e-01	 8.875709e+04	 8.875709e+04	 0	 
 -8.901819e-02	 -2.757971e-02	 3.092910e-01	 6.159022e-01	 8.875709e+04	 8.875709e+04	 0	 
 -8.901819e-02	 -2.757971e-02	 3.092910e-01	 6.159022e-01	 8.875709e+04	 8.875709e+04	 0	 
 -8.901819e-02	 -2.757971e-02	 3.092910e-01	 6.159022e-01	 8.875709e+04	 8.875709e+04	 0	 
 -8.901819e-02	 -2.757971e-02	 3.092910e-01	 6.159022e-01	 8.875709e+04	 8.875709e+04	 0	 
 -8.901819e-02	 -2.757971e-02	 3.092910e-01	 6.159022e-01	 8.875709e+04	 8.875709e+04	 0	 
 3.358487e-01	 -3.125948e-02	 4.235574e-01	 1.758051e-01	 1.000507e+05	 1.000507e+05	 0	 
 3.358487e-01	 -3.125948e-02	 4.235574e-01	 1.758051e-01	 1.000507e+05	 1.000507e+05	 0	 
 3.358487e-01	 -3.125948e-02	 4.235574e-01	 1.758051e-01	 1.000507e+05	 1.000507e+05	 0	 
 3.358487e-01	 -3.125948e-02	 4.235574e-01	 1.758051e-01	 1.000507e+05	 1.000507e+05	 0	 
 3.358487e-01	 -3.125948e-02	 4.235574e-01	 1.758051e-01	 1.000507e+05	 1.000507e+05	 0	 
 3.358487e-01	 -3.125948e-02	 4.235574e-01	 1.758051e-01	 1.000507e+05	 1.000507e+05	 0	 
 5.332550e-01	 8.502669e-03	 1.336681e+00	 -5.879195e-01	 6.419610e+04	 6.419610e+04	 0	 
 5.332550e-01	 8.502669e-03	 1.336681e+00	 -5.879195e-01	 6.419610e+04	 6.419610e+04	 0	 
 5.332550e-01	 8.502669e-03	 1.336681e+00	 -5.879195e-01	 6.419610e+04	 6.419610e+04	 0	 
 5.332550e-01	 8.502669e-03	 1.336681e+00	 -5.879195e-01	 6.419610e+04	 6.419610e+04	 0	 
 5.332550e-01	 8.502669e-03	 1.336681e+00	 -5.879195e-01	 6.419610e+04	 6.419610e+04	 0	 
 5.332550e-01	 8.502669e-03	 1.336681e+00	 -5.879195e-01	 6.419610e+04	 6.419610e+04	 0	 
 -3.713225e-01	 -2.010992e-02	 4.674339e-01	 7.559458e-01	 6.230420e+04	 6.230420e+04	 0	 
 -3.713225e-01	 -2.010992e-02	 4.674339e-01	 7.559458e-01	 6.230420e+04	 6.230420e+04	 0	 
 -3.713225e-01	 -2.010992e-02	 4.674339e-01	 7.559458e-01	 6.230420e+04	 6.230420e+04	 0	 
 -3.713225e-01	 -2.010992e-02	 4.674339e-01	 7.559458e-01	 6.230420e+04	 6.230420e+04	 0	 
 -3.713225e-01	 -2.010992e-02	 4.674339e-01	 7.559458e-01	 6.230420e+04	 6.230420e+04	 0	 
 -3.713225e-01	 -2.010992e-02	 4.674339e-01	 7.559458e-01	 6.230420e+04	 6.230420e+04	 0	 
 -3.866782e-01	 -4.614124e-04	 4.036639e-01	 7.869568e-01	 6.654957e+04	 6.654957e+04	 0	 
 -3.866782e-01	 -4.614124e-04	 4.036639e-01	 7.869568e-01	 6.654957e+04	 6.654957e+04	 0	 
 -3.866782e-01	 -4.614124e-04	 4.036639e-01	 7.869568e-01	 6.654957e+04	 6.654957e+04	 0	 
 -3.866782e-01	 -4.614124e-04	 4.036639e-01	 7.869568e-01	 6.654957e+04	 6.654957e+04	 0	 
 -3.866782e-01	 -4.614124e-04	 4.036639e-01	 7.869568e-01	 6.654957e+04	 6.654957e+04	 0	 
 -3.866782e-01	 -4.614124e-04	 4.036639e-01	 7.869568e-01	 6.654957e+04	 6.654957e+04	 0	 
 4.159592e-02	 -1.702175e-02	 4.223200e-03	 6.671363e-01	 1.069445e+05	 1.069445e+05	 0	 
 4.159592e-02	 -1.702175e-02	 4.223200e-03	 6.671363e-01	 1.069445e+05	 1.069445e+05	 0	 
 4.159592e-02	 -1.702175e-02	 4.223200e-03	 6.671363e-01	 1.069445e+05	 1.069445e+05	 0	 
 4.159592e-02	 -1.702175e-02	 4.223200e-03	 6.671363e-01	 1.069445e+05	 1.069445e+05	 0	 
 4.159592e-02	 -1.702175e-02	 4.223200e-03	 6.671363e-01	 1.069445e+05	 1.069445e+05	 0	 
 4.159592e-02	 -1.702175e-02	 4.223200e-03	 6.671363e-01	 1.069445e+05	 1.069445e+05	 0	 
 3.438826e-01	 -1.358657e-02	 7.589488e-01	 -5.218403e-02	 9.409685e+04	 9.409685e+04	 0	 
 3.438826e-01	 -1.358657e-02	 7.589488e-01	 -5.218403e-02	 9.409685e+04	 9.409685e+04	 0	 
 3.438826e-01	 -1.358657e-02	 7.589488e-01	 -5.218403e-02	 9.409685e+04	 9.409685e+04	 0	 
 3.438826e-01	 -1.358657e-02	 7.589488e-01	 -5.218403e-02	 9.409685e+04	 9.409685e+04	 0	 
 3.438826e-01	 -1.358657e-02	 7.589488e-01	 -5.218403e-02	 9.409685e+04	 9.409685e+04	 0	 
 3.438826e-01	 -1.358657e-02	 7.589488e-01	 -5.218403e-02	 9.409685e+04	 9.409685e+04	 0	 
 2.204771e-01	 -7.733119e-03	 8.154911e-01	 1.930921e-02	 1.225530e+05	 1.225530e+05	 0	 
 2.204771e-01	 -7.733119e-03	 8.154911e-01	 1.930921e-02	 1.225530e+05	 1.225530e+05	 0	 
 2.204771e-01	 -7.733119e-03	 8.154911e-01	 1.930921e-02	 1.225530e+05	 1.225530e+05	 0	 
 2.204771e-01	 -7.733119e-03	 8.154911e-01	 1.930921e-02	 1.225530e+05	 1.225530e+05	 0	 
 2.204771e-01	 -7.733119e-03	 8.154911e-01	 1.930921e-02	 1.225530e+05	 1.225530e+05	 0	 
 2.204771e-01	 -7.733119e-03	 8.154911e-01	 1.930921e-02	 1.225530e+05	 1.225530e+05	 0	 
 2.204771e-01	 -7.733119e-03	 8.154911e-01	 1.930921e-02	 1.225530e+05	 1.225530e+05	 0	 
 2.204771e-01	 -7.733119e-03	 8.154911e-01	 1.930921e-02	 1.225530e+05	 1.225530e+05	 0	 
 2.204771e-01	 -7.733119e-03	 8.154911e-01	 1.930921e-02	 1.225530e+05	 1.225530e+05	 0	 
 2.204771e-01	 -7.733119e-03	 8.154911e-01	 1.930921e-02	 1.225530e+05	 1.225530e+05	 0	 
 2.204771e-01	 -7.733119e-03	 8.154911e-01	 1.930921e-02	 1.225530e+05	 1.225530e+05	 0	 
 2.204771e-01	 -7.733119e-03	 8.154911e-01	 1.930921e-02	 1.225530e+05	 1.225530e+05	 0	 
 -5.559530e-01	 1.047569e-04	 7.201812e-01	 7.257222e-01	 1.214112e+05	 1.214112e+05	 0	 
 -5.559530e-01	 1.047569e-04	 7.201812e-01	 7.257222e-01	 1.214112e+05	 1.214112e+05	 0	 
 -5.559530e-01	 1.047569e-04	 7.201812e-01	 7.257222e-01	 1.214112e+05	 1.214112e+05	 0	 
 -5.559530e-01	 1.047569e-04	 7.201812e-01	 7.257222e-01	 1.214112e+05	 1.214112e+05	 0	 
 -5.559530e-01	 1.047569e-04	 7.201812e-01	 7.257222e-01	 1.214112e+05	 1.214112e+05	 0	 
 -5.559530e-01	 1.047569e-04	 7.201812e-01	 7.257222e-01	 1.214112e+05	 1.214112e+05	 0	 
 -5.559530e-01	 1.047569e-04	 7.201812e-01	 7.257222e-01	 1.214112e+05	 1.214112e+05	 0	 
 -5.559530e-01	 1.047569e-04	 7.201812e-01	 7.257222e-01	 1.214112e+05	 1.214112e+05	 0	 
 -5.559530e-01	 1.047569e-04	 7.201812e-01	 7.257222e-01	 1.214112e+05	 1.214112e+05	 0	 
 -5.559530e-01	 1.047569e-04	 7.201812e-01	 7.257222e-01	 1.214112e+05	 1.214112e+05	 0	 
 -5.559530e-01	 1.047569e-04	 7.201812e-01	 7.257222e-01	 1.214112e+05	 1.214112e+05	 0	 
 -5.559530e-01	 1.047569e-04	 7.201812e-01	 7.257222e-01	 1.214112e+05	 1.214112e+05	 0	 
 2.204771e-01	 -7.733119e-03	 8.154911e-01	 1.930921e-02	 1.225530e+05	 1.225530e+05	 0	 
 2.204771e-01	 -7.733119e-03	 8.154911e-01	 1.930921e-02	 1.225530e+05	 1.225530e+05	 0	 
 2.204771e-01	 -7.733119e-03	 8.154911e-01	 1.930921e-02	 1.225530e+05	 1.225530e+05	 0	 
 2.204771e-01	 -7.733119e-03	 8.154911e-01	 1.930921e-02	 1.225530e+05	 1.225530e+05	 0	 
 2.204771e-01	 -7.733119e-03	 8.154911e-01	 1.930921e-02	 1.225530e+05	 1.225530e+05	 0	 
 2.204771e-01	 -7.733119e-03	 8.154911e-01	 1.930921e-02	 1.225530e+05	 1.225530e+05	 0	 
 2.204771e-01	 -7.733119e-03	 8.154911e-01	 1.930921e-02	 1.225530e+05	 1.225530e+05	 0	 
 2.204771e-01	 -7.733119e-03	 8.154911e-01	 1.930921e-02	 1.225530e+05	 1.225530e+05	 0	 
 2.204771e-01	 -7.733119e-03	 8.154911e-01	 1.930921e-02	 1.225530e+05	 1.225530e+05	 0	 
 2.204771e-01	 -7.733119e-03	 8.154911e-01	 1.930921e-02	 1.225530e+05	 1.225530e+05	 0	 
 2.204771e-01	 -7.733119e-03	 8.154911e-01	 1.930921e-02	 1.225530e+05	 1.225530e+05	 0	 
 2.204771e-01	 -7.733119e-03	 8.154911e-01	 1.930921e-02	 1.225530e+05	 1.225530e+05	 0	 
 2.204771e-01	 -7.733119e-03	 8.154911e-01	 1.930921e-02	 1.225530e+05	 1.225530e+05	 0	 
 2.204771e-01	 -7.733119e-03	 8.154911e-01	 1.930921e-02	 1.225530e+05	 1.225530e+05	 0	 
 2.204771e-01	 -7.733119e-03	 8.154911e-01	 1.930921e-02	 1.225530e+05	 1.225530e+05	 0	 
 2.204771e-01	 -7.733119e-03	 8.154911e-01	 1.930921e-02	 1.225530e+05	 1.225530e+05	 0	 
 2.204771e-01	 -7.733119e-03	 8.154911e-01	 1.930921e-02	 1.225530e+05	 1.225530e+05	 0	 
 2.204771e-01	 -7.733119e-03	 8.154911e-01	 1.930921e-02	 1.225530e+05	 1.225530e+05	 0	 
 2.204771e-01	 -7.733119e-03	 8.154911e-01	 1.930921e-02	 1.225530e+05	 1.225530e+05	 0	 
 2.204771e-01	 -7.733119e-03	 8.154911e-01	 1.930921e-02	 1.225530e+05	 1.225530e+05	 0	 
 2.204771e-01	 -7.733119e-03	 8.154911e-01	 1.930921e-02	 1.225530e+05	 1.225530e+05	 0	 
 2.204771e-01	 -7.733119e-03	 8.154911e-01	 1.930921e-02	 1.225530e+05	 1.225530e+05	 0	 
 2.204771e-01	 -7.733119e-03	 8.154911e-01	 1.930921e-02	 1.225530e+05	 1.225530e+05	 0	 
 2.204771e-01	 -7.733119e-03	 8.154911e-01	 1.930921e-02	 1.225530e+05	 1.225530e+05	 0	 
 4.159592e-02	 -1.702175e-02	 4.223200e-03	 6.671363e-01	 1.069445e+05	 1.069445e+05	 0	 
 4.159592e-02	 -1.702175e-02	 4.223200e-03	 6.671363e-01	 1.069445e+05	 1.069445e+05	 0	 
 4.159592e-02	 -1.702175e-02	 4.223200e-03	 6.671363e-01	 1.069445e+05	 1.069445e+05	 0	 
 4.159592e-02	 -1.702175e-02	 4.223200e-03	 6.671363e-01	 1.069445e+05	 1.069445e+05	 0	 
 4.159592e-02	 -1.702175e-02	 4.223200e-03	 6.671363e-01	 1.069445e+05	 1.069445e+05	 0	 
 4.159592e-02	 -1.702175e-02	 4.223200e-03	 6.671363e-01	 1.069445e+05	 1.069445e+05	 0	 
 4.159592e-02	 -1.702175e-02	 4.223200e-03	 6.671363e-01	 1.069445e+05	 1.069445e+05	 0	 
 4.159592e-02	 -1.702175e-02	 4.223200e-03	 6.671363e-01	 1.069445e+05	 1.069445e+05	 0	 
 4.159592e-02	 -1.702175e-02	 4.223200e-03	 6.671363e-01	 1.069445e+05	 1.069445e+05	 0	 
 4.159592e-02	 -1.702175e-02	 4.223200e-03	 6.671363e-01	 1.069445e+05	 1.069445e+05	 0	 
 4.159592e-02	 -1.702175e-02	 4.223200e-03	 6.671363e-01	 1.069445e+05	 1.069445e+05	 0	 
 4.159592e-02	 -1.702175e-02	 4.223200e-03	 6.671363e-01	 1.069445e+05	 1.069445e+05	 0	 
 2.204771e-01	 -7.733119e-03	 8.154911e-01	 1.930921e-02	 1.225530e+05	 1.225530e+05	 0	 
 2.204771e-01	 -7.733119e-03	 8.154911e-01	 1.930921e-02	 1.225530e+05	 1.225530e+05	 0	 
 2.204771e-01	 -7.733119e-03	 8.154911e-01	 1.930921e-02	 1.225530e+05	 1.225530e+05	 0	 
 2.204771e-01	 -7.733119e-03	 8.154911e-01	 1.930921e-02	 1.225530e+05	 1.225530e+05	 0	 
 2.204771e-01	 -7.733119e-03	 8.154911e-01	 1.930921e-02	 1.225530e+05	 1.225530e+05	 0	 
 2.204771e-01	 -7.733119e-03	 8.154911e-01	 1.930921e-02	 1.225530e+05	 1.225530e+05	 0	 
 -5.559530e-01	 1.047569e-04	 7.201812e-01	 7.257222e-01	 1.214112e+05	 1.214112e+05	 0	 
 -5.559530e-01	 1.047569e-04	 7.201812e-01	 7.257222e-01	 1.214112e+05	 1.214112e+05	 0	 
 -5.559530e-01	 1.047569e-04	 7.201812e-01	 7.257222e-01	 1.214112e+05	 1.214112e+05	 0	 
 -5.559530e-01	 1.047569e-04	 7.201812e-01	 7.257222e-01	 1.214112e+05	 1.214112e+05	 0	 
 -5.559530e-01	 1.047569e-04	 7.201812e-01	 7.257222e-01	 1.214112e+05	 1.214112e+05	 0	 
 -5.559530e-01	 1.047569e-04	 7.201812e-01	 7.257222e-01	 1.214112e+05	 1.214112e+05	 0	 
 -5.559530e-01	 1.047569e-04	 7.201812e-01	 7.257222e-01	 1.214112e+05	 1.214112e+05	 0	 
 -5.559530e-01	 1.047569e-04	 7.201812e-01	 7.257222e-01	 1.214112e+05	 1.214112e+05	 0	 
 -5.559530e-01	 1.047569e-04	 7.201812e-01	 7.257222e-01	 1.214112e+05	 1.214112e+05	 0	 
 -5.559530e-01	 1.047569e-04	 7.201812e-01	 7.257222e-01	 1.214112e+05	 1.214112e+05	 0	 
 -5.559530e-01	 1.047569e-04	 7.201812e-01	 7.257222e-01	 1.214112e+05	 1.214112e+05	 0	 
 -5.559530e-01	 1.047569e-04	 7.201812e-01	 7.257222e-01	 1.214112e+05	 1.214112e+05	 0	 
 2.204771e-01	 -7.733119e-03	 8.154911e-01	 1.930921e-02	 1.225530e+05	 1.225530e+05	 0	 
 2.204771e-01	 -7.733119e-03	 8.154911e-01	 1.930921e-02	 1.225530e+05	 1.225530e+05	 0	 
 2.204771e-01	 -7.733119e-03	 8.154911e-01	 1.930921e-02	 1.225530e+05	 1.225530e+05	 0	 
 2.204771e-01	 -7.733119e-03	 8.154911e-01	 1.930921e-02	 1.225530e+05	 1.225530e+05	 0	 
 2.204771e-01	 -7.733119e-03	 8.154911e-01	 1.930921e-02	 1.225530e+05	 1.225530e+05	 0	 
 2.204771e-01	 -7.733119e-03	 8.154911e-01	 1.930921e-02	 1.225530e+05	 1.225530e+05	 0	 
 4.159592e-02	 -1.702175e-02	 4.223200e-03	 6.671363e-01	 1.069445e+05	 1.069445e+05	 0	 
 4.159592e-02	 -1.702175e-02	 4.223200e-03	 6.671363e-01	 1.069445e+05	 1.069445e+05	 0	 
 4.159592e-02	 -1.702175e-02	 4.223200e-03	 6.671363e-01	 1.069445e+05	 1.069445e+05	 0	 
 4.159592e-02	 -1.702175e-02	 4.223200e-03	 6.671363e-01	 1.069445e+05	 1.069445e+05	 0	 
 4.159592e-02	 -1.702175e-02	 4.223200e-03	 6.671363e-01	 1.069445e+05	 1.069445e+05	 0	 
 4.159592e-02	 -1.702175e-02	 4.223200e-03	 6.671363e-01	 1.069445e+05	 1.069445e+05	 0	 
 4.159592e-02	 -1.702175e-02	 4.223200e-03	 6.671363e-01	 1.069445e+05	 1.069445e+05	 0	 
 4.159592e-02	 -1.702175e-02	 4.223200e-03	 6.671363e-01	 1.069445e+05	 1.069445e+05	 0	 
 4.159592e-02	 -1.702175e-02	 4.223200e-03	 6.671363e-01	 1.069445e+05	 1.069445e+05	 0	 
 4.159592e-02	 -1.702175e-02	 4.223200e-03	 6.671363e-01	 1.069445e+05	 1.069445e+05	 0	 
 4.159592e-02	 -1.702175e-02	 4.223200e-03	 6.671363e-01	 1.069445e+05	 1.069445e+05	 0	 
 4.159592e-02	 -1.702175e-02	 4.223200e-03	 6.671363e-01	 1.069445e+05	 1.069445e+05	 0	 
 2.204771e-01	 -7.733119e-03	 8.154911e-01	 1.930921e-02	 1.225530e+05	 1.225530e+05	 0	 
 2.204771e-01	 -7.733119e-03	 8.154911e-01	 1.930921e-02	 1.225530e+05	 1.225530e+05	 0	 
 2.204771e-01	 -7.733119e-03	 8.154911e-01	 1.930921e-02	 1.225530e+05	 1.225530e+05	 0	 
 2.204771e-01	 -7.733119e-03	 8.154911e-01	 1.930921e-02	 1.225530e+05	 1.225530e+05	 0	 
 2.204771e-01	 -7.733119e-03	 8.154911e-01	 1.930921e-02	 1.225530e+05	 1.225530e+05	 0	 
 2.204771e-01	 -7.733119e-03	 8.154911e-01	 1.930921e-02	 1.225530e+05	 1.225530e+05	 0	 
 -8.901819e-02	 -2.757971e-02	 3.092910e-01	 6.159022e-01	 8.875709e+04	 8.875709e+04	 0	 
 -8.901819e-02	 -2.757971e-02	 3.092910e-01	 6.159022e-01	 8.875709e+04	 8.875709e+04	 0	 
 -8.901819e-02	 -2.757971e-02	 3.092910e-01	 6.159022e-01	 8.875709e+04	 8.875709e+04	 0	 
 -8.901819e-02	 -2.757971e-02	 3.092910e-01	 6.159022e-01	 8.875709e+04	 8.875709e+04	 0	 
 -8.901819e-02	 -2.757971e-02	 3.092910e-01	 6.159022e-01	 8.875709e+04	 8.875709e+04	 0	 
 -8.901819e-02	 -2.757971e-02	 3.092910e-01	 6.159022e-01	 8.875709e+04	 8.875709e+04	 0	 
 -8.901819e-02	 -2.757971e-02	 3.092910e-01	 6.159022e-01	 8.875709e+04	 8.875709e+04	 0	 
 -8.901819e-02	 -2.757971e-02	 3.092910e-01	 6.159022e-01	 8.875709e+04	 8.875709e+04	 0	 
 -8.901819e-02	 -2.757971e-02	 3.092910e-01	 6.159022e-01	 8.875709e+04	 8.875709e+04	 0	 
 -8.901819e-02	 -2.757971e-02	 3.092910e-01	 6.159022e-01	 8.875709e+04	 8.875709e+04	 0	 
 -8.901819e-02	 -2.757971e-02	 3.092910e-01	 6.159022e-01	 8.875709e+04	 8.875709e+04	 0	 
 -8.901819e-02	 -2.757971e-02	 3.092910e-01	 6.159022e-01	 8.875709e+04	 8.875709e+04	 0	 
 2.204771e-01	 -7.733119e-03	 8.154911e-01	 1.930921e-02	 1.225530e+05	 1.225530e+05	 0	 
 2.204771e-01	 -7.733119e-03	 8.154911e-01	 1.930921e-02	 1.225530e+05	 1.225530e+05	 0	 
 2.204771e-01	 -7.733119e-03	 8.154911e-01	 1.930921e-02	 1.225530e+05	 1.225530e+05	 0	 
 2.204771e-01	 -7.733119e-03	 8.154911e-01	 1.930921e-02	 1.225530e+05	 1.225530e+05	 0	 
 2.204771e-01	 -7.733119e-03	 8.154911e-01	 1.930921e-02	 1.225530e+05	 1.225530e+05	 0	 
 2.204771e-01	 -7.733119e-03	 8.154911e-01	 1.930921e-02	 1.225530e+05	 1.225530e+05	 0	 
 -3.866782e-01	 -4.614124e-04	 4.036639e-01	 7.869568e-01	 6.654957e+04	 6.654957e+04	 0	 
 -3.866782e-01	 -4.614124e-04	 4.036639e-01	 7.869568e-01	 6.654957e+04	 6.654957e+04	 0	 
 -3.866782e-01	 -4.614124e-04	 4.036639e-01	 7.869568e-01	 6.654957e+04	 6.654957e+04	 0	 
 -3.866782e-01	 -4.614124e-04	 4.036639e-01	 7.869568e-01	 6.654957e+04	 6.654957e+04	 0	 
 -3.866782e-01	 -4.614124e-04	 4.036639e-01	 7.869568e-01	 6.654957e+04	 6.654957e+04	 0	 
 -3.866782e-01	 -4.614124e-04	 4.036639e-01	 7.869568e-01	 6.654957e+04	 6.654957e+04	 0	 
 -3.866782e-01	 -4.614124e-04	 4.036639e-01	 7.869568e-01	 6.654957e+04	 6.654957e+04	 0	 
 -3.866782e-01	 -4.614124e-04	 4.036639e-01	 7.869568e-01	 6.654957e+04	 6.654957e+04	 0	 
 -3.866782e-01	 -4.614124e-04	 4.036639e-01	 7.869568e-01	 6.654957e+04	 6.654957e+04	 0	 
 -3.866782e-01	 -4.614124e-04	 4.036639e-01	 7.869568e-01	 6.654957e+04	 6.654957e+04	 0	 
 -3.866782e-01	 -4.614124e-04	 4.036639e-01	 7.869568e-01	 6.654957e+04	 6.654957e+04	 0	 
 -3.866782e-01	 -4.614124e-04	 4.036639e-01	 7.869568e-01	 6.654957e+04	 6.654957e+04	 0	 
 2.204771e-01	 -7.733119e-03	 8.154911e-01	 1.930921e-02	 1.225530e+05	 1.225530e+05	 0	 
 2.204771e-01	 -7.733119e-03	 8.154911e-01	 1.930921e-02	 1.225530e+05	 1.225530e+05	 0	 
 2.204771e-01	 -7.733119e-03	 8.154911e-01	 1.930921e-02	 1.225530e+05	 1.225530e+05	 0	 
 2.204771e-01	 -7.733119e-03	 8.154911e-01	 1.930921e-02	 1.225530e+05	 1.225530e+05	 0	 
 2.204771e-01	 -7.733119e-03	 8.154911e-01	 1.930921e-02	 1.225530e+05	 1.225530e+05	 0	 
 2.204771e-01	 -7.733119e-03	 8.154911e-01	 1.930921e-02	 1.225530e+05	 1.225530e+05	 0	 
 3.438826e-01	 -1.358657e-02	 7.589488e-01	 -5.218403e-02	 9.409685e+04	 9.409685e+04	 0	 
 3.438826e-01	 -1.358657e-02	 7.589488e-01	 -5.218403e-02	 9.409685e+04	 9.409685e+04	 0	 
 3.438826e-01	 -1.358657e-02	 7.589488e-01	 -5.218403e-02	 9.409685e+04	 9.409685e+04	 0	 
 3.438826e-01	 -1.358657e-02	 7.589488e-01	 -5.218403e-02	 9.409685e+04	 9.409685e+04	 0	 
 3.438826e-01	 -1.358657e-02	 7.589488e-01	 -5.218403e-02	 9.409685e+04	 9.409685e+04	 0	 
 3.438826e-01	 -1.358657e-02	 7.589488e-01	 -5.218403e-02	 9.409685e+04	 9.409685e+04	 0	 
 3.438826e-01	 -1.358657e-02	 7.589488e-01	 -5.218403e-02	 9.409685e+04	 9.409685e+04	 0	 
 3.438826e-01	 -1.358657e-02	 7.589488e-01	 -5.218403e-02	 9.409685e+04	 9.409685e+04	 0	 
 3.438826e-01	 -1.358657e-02	 7.589488e-01	 -5.218403e-02	 9.409685e+04	 9.409685e+04	 0	 
 3.438826e-01	 -1.358657e-02	 7.589488e-01	 -5.218403e-02	 9.409685e+04	 9.409685e+04	 0	 
 3.438826e-01	 -1.358657e-02	 7.589488e-01	 -5.218403e-02	 9.409685e+04	 9.409685e+04	 0	 
 3.438826e-01	 -1.358657e-02	 7.589488e-01	 -5.218403e-02	 9.409685e+04	 9.409685e+04	 0	 
 2.204771e-01	 -7.733119e-03	 8.154911e-01	 1.930921e-02	 1.225530e+05	 1.225530e+05	 0	 
 2.204771e-01	 -7.733119e-03	 8.154911e-01	 1.930921e-02	 1.225530e+05	 1.225530e+05	 0	 
 2.204771e-01	 -7.733119e-03	 8.154911e-01	 1.930921e-02	 1.225530e+05	 1.225530e+05	 0	 
 2.204771e-01	 -7.733119e-03	 8.154911e-01	 1.930921e-02	 1.225530e+05	 1.225530e+05	 0	 
 2.204771e-01	 -7.733119e-03	 8.154911e-01	 1.930921e-02	 1.225530e+05	 1.225530e+05	 0	 
 2.204771e-01	 -7.733119e-03	 8.154911e-01	 1.930921e-02	 1.225530e+05	 1.225530e+05	 0	 
 5.332550e-01	 8.502669e-03	 1.336681e+00	 -5.879195e-01	 6.419610e+04	 6.419610e+04	 0	 
 5.332550e-01	 8.502669e-03	 1.336681e+00	 -5.879195e-01	 6.419610e+04	 6.419610e+04	 0	 
 5.332550e-01	 8.502669e-03	 1.336681e+00	 -5.879195e-01	 6.419610e+04	 6.419610e+04	 0	 
 5.332550e-01	 8.502669e-03	 1.336681e+00	 -5.879195e-01	 6.419610e+04	 6.419610e+04	 0	 
 5.332550e-01	 8.502669e-03	 1.336681e+00	 -5.879195e-01	 6.419610e+04	 6.419610e+04	 0	 
 5.332550e-01	 8.502669e-03	 1.336681e+00	 -5.879195e-01	 6.419610e+04	 6.419610e+04	 0	 
 5.332550e-01	 8.502669e-03	 1.336681e+00	 -5.879195e-01	 6.419610e+04	 6.419610e+04	 0	 
 5.332550e-01	 8.502669e-03	 1.336681e+00	 -5.879195e-01	 6.419610e+04	 6.419610e+04	 0	 
 5.332550e-01	 8.502669e-03	 1.336681e+00	 -5.879195e-01	 6.419610e+04	 6.419610e+04	 0	 
 5.332550e-01	 8.502669e-03	 1.336681e+00	 -5.879195e-01	 6.419610e+04	 6.419610e+04	 0	 
 5.332550e-01	 8.502669e-03	 1.336681e+00	 -5.879195e-01	 6.419610e+04	 6.419610e+04	 0	 
 5.332550e-01	 8.502669e-03	 1.336681e+00	 -5.879195e-01	 6.419610e+04	 6.419610e+04	 0	 
 2.204771e-01	 -7.733119e-03	 8.154911e-01	 1.930921e-02	 1.225530e+05	 1.225530e+05	 0	 
 2.204771e-01	 -7.733119e-03	 8.154911e-01	 1.930921e-02	 1.225530e+05	 1.225530e+05	 0	 
 2.204771e-01	 -7.733119e-03	 8.154911e-01	 1.930921e-02	 1.225530e+05	 1.225530e+05	 0	 
 2.204771e-01	 -7.733119e-03	 8.154911e-01	 1.930921e-02	 1.225530e+05	 1.225530e+05	 0	 
 2.204771e-01	 -7.733119e-03	 8.154911e-01	 1.930921e-02	 1.225530e+05	 1.225530e+05	 0	 
 2.204771e-01	 -7.733119e-03	 8.154911e-01	 1.930921e-02	 1.225530e+05	 1.225530e+05	 0	 
 -3.866782e-01	 -4.614124e-04	 4.036639e-01	 7.869568e-01	 6.654957e+04	 6.654957e+04	 0	 
 -3.866782e-01	 -4.614124e-04	 4.036639e-01	 7.869568e-01	 6.654957e+04	 6.654957e+04	 0	 
 -3.866782e-01	 -4.614124e-04	 4.036639e-01	 7.869568e-01	 6.654957e+04	 6.654957e+04	 0	 
 -3.866782e-01	 -4.614124e-04	 4.036639e-01	 7.869568e-01	 6.654957e+04	 6.654957e+04	 0	 
 -3.866782e-01	 -4.614124e-04	 4.036639e-01	 7.869568e-01	 6.654957e+04	 6.654957e+04	 0	 
 -3.866782e-01	 -4.614124e-04	 4.036639e-01	 7.869568e-01	 6.654957e+04	 6.654957e+04	 0	 
 -3.866782e-01	 -4.614124e-04	 4.036639e-01	 7.869568e-01	 6.654957e+04	 6.654957e+04	 0	 
 -3.866782e-01	 -4.614124e-04	 4.036639e-01	 7.869568e-01	 6.654957e+04	 6.654957e+04	 0	 
 -3.866782e-01	 -4.614124e-04	 4.036639e-01	 7.869568e-01	 6.654957e+04	 6.654957e+04	 0	 
 -3.866782e-01	 -4.614124e-04	 4.036639e-01	 7.869568e-01	 6.654957e+04	 6.654957e+04	 0	 
 -3.866782e-01	 -4.614124e-04	 4.036639e-01	 7.869568e-01	 6.654957e+04	 6.654957e+04	 0	 
 -3.866782e-01	 -4.614124e-04	 4.036639e-01	 7.869568e-01	 6.654957e+04	 6.654957e+04	 0	 
 