6.855097e-03	 8.194350e-01	 1.067195e-01	 1.217691e-01	 7.932095e+04	 4.098400e+00	 
 1.383871e-02	 4.142132e-01	 4.387483e-02	 3.677827e-01	 7.582665e+04	 4.761295e+00	 
 2.827918e-02	 3.530681e-01	 1.353816e-02	 3.816760e-01	 7.684139e+04	 4.835712e+00	 
 2.718581e-02	 3.593900e-01	 1.578613e-02	 3.795367e-01	 7.267859e+04	 4.822903e+00	 
 2.498500e-02	 3.682509e-01	 2.026204e-02	 3.778147e-01	 7.216858e+04	 4.844145e+00	 
 4.713697e-02	 3.453408e-01	 9.015224e-02	 2.790688e-01	 6.593972e+04	 6.670109e+00	 
 2.106527e-02	 3.841721e-01	 2.848387e-02	 3.744982e-01	 7.412529e+04	 4.782417e+00	 
 2.293284e-02	 3.746566e-01	 2.471302e-02	 3.772614e-01	 7.704664e+04	 4.813178e+00	 
 1.968229e-02	 3.886485e-01	 3.142286e-02	 3.740580e-01	 7.669946e+04	 4.793496e+00	 
 3.472195e-02	 3.282212e-01	 6.231439e-04	 3.858767e-01	 7.301702e+04	 4.856984e+00	 
 7.089861e-02	 2.685061e-01	 4.371579e-02	 2.840283e-01	 6.028631e+04	 7.033486e+00	 
 1.986362e-02	 3.891414e-01	 3.095986e-02	 3.734510e-01	 7.335801e+04	 4.792983e+00	 
 1.830767e-02	 3.939774e-01	 3.429971e-02	 3.730672e-01	 7.936041e+04	 4.832030e+00	 
 2.565317e-02	 3.635404e-01	 1.908104e-02	 3.795605e-01	 7.637068e+04	 4.818746e+00	 
 1.485655e-02	 4.099718e-01	 4.163189e-02	 3.687825e-01	 7.451728e+04	 4.758090e+00	 
 3.768728e-02	 4.006385e-01	 1.126721e-01	 2.581998e-01	 7.337836e+04	 5.935886e+00	 
 2.509946e-02	 4.621176e-01	 1.267317e-01	 2.484737e-01	 7.774119e+04	 5.704968e+00	 
 1.791215e-02	 3.972139e-01	 3.509431e-02	 3.716776e-01	 7.381024e+04	 4.777240e+00	 
 2.094693e-02	 3.829597e-01	 2.872383e-02	 3.755220e-01	 7.869516e+04	 4.827729e+00	 
 1.274378e-02	 4.188737e-01	 4.619777e-02	 3.666989e-01	 7.500542e+04	 4.749881e+00	 
 1.409197e-02	 4.131859e-01	 4.327993e-02	 3.680361e-01	 7.469400e+04	 4.754567e+00	 
 1.412796e-02	 4.129954e-01	 4.325061e-02	 3.680668e-01	 7.575869e+04	 4.761291e+00	 
 1.372432e-02	 4.147344e-01	 4.407411e-02	 3.676741e-01	 7.477894e+04	 4.753086e+00	 
 4.362599e-02	 3.566188e-01	 9.657550e-02	 2.786610e-01	 6.677812e+04	 6.627156e+00	 
 2.416968e-02	 3.715474e-01	 2.195024e-02	 3.771487e-01	 7.235819e+04	 4.835194e+00	 
 3.039812e-02	 3.466545e-01	 9.198603e-03	 3.819536e-01	 7.090714e+04	 4.909342e+00	 
 2.994154e-02	 3.435073e-01	 1.052761e-02	 3.846387e-01	 7.871267e+04	 4.880305e+00	 
 1.515266e-02	 4.086913e-01	 4.104472e-02	 3.690631e-01	 7.551783e+04	 4.762010e+00	 
 1.818230e-02	 3.960928e-01	 3.452006e-02	 3.719267e-01	 7.374767e+04	 4.779272e+00	 
 1.967768e-02	 3.899080e-01	 3.135243e-02	 3.732846e-01	 7.340112e+04	 4.791381e+00	 
 3.286734e-02	 3.347788e-01	 4.442605e-03	 3.849965e-01	 7.457246e+04	 4.845880e+00	 
 2.592123e-02	 3.644795e-01	 1.833047e-02	 3.785658e-01	 7.195072e+04	 4.854741e+00	 
 2.358427e-02	 3.739212e-01	 2.316588e-02	 3.766637e-01	 7.249428e+04	 4.828936e+00	 
 1.376023e-02	 4.145831e-01	 4.399649e-02	 3.677095e-01	 7.477065e+04	 4.753224e+00	 
 5.516402e-02	 3.714183e-01	 6.966511e-02	 2.493821e-01	 7.085166e+04	 5.916623e+00	 
 2.173293e-02	 3.814661e-01	 2.702944e-02	 3.750931e-01	 7.292431e+04	 4.810168e+00	 
 2.080058e-02	 3.852872e-01	 2.898614e-02	 3.742811e-01	 7.314069e+04	 4.801359e+00	 
 2.299899e-02	 3.762747e-01	 2.443828e-02	 3.761561e-01	 7.366880e+04	 4.793492e+00	 
 1.378751e-02	 4.144681e-01	 4.393754e-02	 3.677364e-01	 7.476435e+04	 4.753330e+00	 
 2.728160e-02	 3.590263e-01	 1.553728e-02	 3.796311e-01	 7.163394e+04	 4.870693e+00	 
 2.337708e-02	 3.734031e-01	 2.367982e-02	 3.773369e-01	 7.579803e+04	 4.801183e+00	 
 2.968102e-02	 3.494862e-01	 1.064961e-02	 3.814339e-01	 7.107451e+04	 4.900219e+00	 
 5.360339e-02	 3.536957e-01	 8.349230e-02	 2.573231e-01	 6.819263e+04	 6.176126e+00	 
 1.643070e-02	 4.033817e-01	 3.825421e-02	 3.702918e-01	 7.415319e+04	 4.767026e+00	 
 2.434997e-02	 3.707941e-01	 2.163034e-02	 3.772784e-01	 7.334956e+04	 4.802227e+00	 
 2.513251e-02	 3.676336e-01	 2.001088e-02	 3.779148e-01	 7.316453e+04	 4.807629e+00	 
 2.579585e-02	 3.649837e-01	 1.858872e-02	 3.784661e-01	 7.197991e+04	 4.853303e+00	 
 3.049194e-02	 3.462847e-01	 9.009085e-03	 3.820210e-01	 7.088524e+04	 4.910545e+00	 
 3.894849e-02	 3.965807e-01	 1.104325e-01	 2.583080e-01	 7.305148e+04	 5.948303e+00	 
 1.239378e-02	 4.203545e-01	 4.695775e-02	 3.663474e-01	 7.508623e+04	 4.749025e+00	 
 2.133434e-02	 3.830979e-01	 2.786505e-02	 3.747477e-01	 7.301683e+04	 4.806346e+00	 
 1.495958e-02	 4.095394e-01	 4.141019e-02	 3.688824e-01	 7.449346e+04	 4.758608e+00	 
 6.608278e-02	 2.841922e-01	 5.357324e-02	 2.826674e-01	 6.142877e+04	 6.945641e+00	 
 1.831812e-02	 3.955296e-01	 3.423158e-02	 3.720515e-01	 7.371621e+04	 4.780313e+00	 
 1.274522e-02	 4.188676e-01	 4.619465e-02	 3.667003e-01	 7.500509e+04	 4.749885e+00	 
 1.995119e-02	 3.887806e-01	 3.077507e-02	 3.735292e-01	 7.333770e+04	 4.793744e+00	 
 3.057461e-02	 3.459590e-01	 8.842163e-03	 3.820802e-01	 7.086594e+04	 4.911606e+00	 
 2.845533e-02	 3.543470e-01	 1.314012e-02	 3.805252e-01	 7.136039e+04	 4.884932e+00	 
 1.497284e-02	 4.094837e-01	 4.138168e-02	 3.688953e-01	 7.449039e+04	 4.758675e+00	 
 2.297750e-02	 3.763878e-01	 2.442896e-02	 3.761551e-01	 7.263527e+04	 4.822609e+00	 
 1.308925e-02	 4.174138e-01	 4.544863e-02	 3.670441e-01	 7.492564e+04	 4.750880e+00	 
 2.556689e-02	 3.658836e-01	 1.911415e-02	 3.782638e-01	 7.306178e+04	 4.810731e+00	 
 3.004426e-02	 3.480507e-01	 9.914060e-03	 3.816983e-01	 7.098974e+04	 4.904825e+00	 
 1.482312e-02	 4.101122e-01	 4.170386e-02	 3.687501e-01	 7.452501e+04	 4.757924e+00	 
 5.480778e-02	 3.206604e-01	 7.574203e-02	 2.802230e-01	 6.411048e+04	 6.771310e+00	 
 