s	 e	 nS	 nE	 p	 f
0	 0	 0	 0	 0	 0	 
 159	 170	 158	 171	 0	 13	 
 159	 170	 157	 172	 0	 15	 
 159	 170	 160	 169	 0	 9	 
 159	 170	 160	 169	 0	 9	 
 159	 170	 160	 169	 0	 9	 
 159	 170	 153	 176	 0	 23	 
 159	 170	 160	 169	 0	 9	 
 159	 170	 154	 175	 0	 21	 
 159	 170	 154	 175	 0	 21	 
 159	 170	 160	 169	 0	 9	 
 159	 170	 156	 173	 0	 17	 
 159	 170	 155	 174	 0	 19	 
 159	 170	 154	 175	 0	 21	 
 159	 170	 160	 169	 0	 9	 
 159	 170	 153	 176	 0	 23	 
 159	 170	 160	 169	 0	 9	 
 159	 170	 160	 169	 0	 9	 
 159	 170	 157	 172	 0	 15	 
 159	 170	 157	 172	 0	 15	 
 159	 170	 160	 169	 0	 9	 
 159	 170	 160	 169	 0	 9	 
 159	 170	 153	 176	 0	 23	 
 159	 170	 153	 176	 0	 23	 
 159	 170	 160	 169	 0	 9	 
 159	 170	 160	 169	 0	 9	 
 159	 170	 160	 169	 0	 9	 
 159	 170	 157	 172	 0	 15	 
 159	 170	 160	 169	 0	 9	 
 159	 170	 160	 169	 0	 9	 
 159	 170	 160	 169	 0	 9	 
 159	 170	 160	 169	 0	 9	 
 159	 170	 153	 176	 0	 23	 
 159	 170	 160	 169	 0	 9	 
 159	 170	 155	 174	 0	 19	 
 159	 170	 160	 169	 0	 9	 
 159	 170	 160	 169	 0	 9	 
 159	 170	 154	 175	 0	 21	 
 159	 170	 160	 169	 0	 9	 
 159	 170	 154	 175	 0	 21	 
 159	 170	 160	 169	 0	 9	 
 159	 170	 160	 169	 0	 9	 
 159	 170	 153	 176	 0	 23	 
 159	 170	 157	 172	 0	 15	 
 159	 170	 160	 169	 0	 9	 
 159	 170	 155	 174	 0	 19	 
 159	 170	 160	 169	 0	 9	 
 159	 170	 158	 171	 0	 13	 
 159	 170	 160	 169	 0	 9	 
 159	 170	 160	 169	 0	 9	 
 159	 170	 160	 169	 0	 9	 
 159	 170	 160	 169	 0	 9	 
 159	 170	 160	 169	 0	 9	 
 159	 170	 160	 169	 0	 9	 
 159	 170	 160	 169	 0	 9	 
 159	 170	 160	 169	 0	 9	 
 159	 170	 155	 174	 0	 19	 
 159	 170	 160	 169	 0	 9	 
 159	 170	 154	 175	 0	 21	 
 159	 170	 157	 172	 0	 15	 
 159	 170	 156	 173	 0	 17	 
 159	 170	 160	 169	 0	 9	 
 159	 170	 155	 174	 0	 19	 
 159	 170	 160	 169	 0	 9	 
 159	 170	 155	 174	 0	 19	 
 159	 170	 160	 169	 0	 9	 
 159	 170	 153	 176	 0	 23	 
 159	 170	 155	 174	 0	 19	 
 159	 170	 154	 175	 0	 21	 
 159	 170	 157	 172	 0	 15	 
 159	 170	 160	 169	 0	 9	 
 159	 170	 160	 169	 0	 9	 
 159	 170	 157	 172	 0	 15	 
 159	 170	 160	 169	 0	 9	 
 159	 170	 155	 174	 0	 19	 
 159	 170	 153	 176	 0	 23	 
 159	 170	 155	 174	 0	 19	 
 159	 170	 160	 169	 0	 9	 
 159	 170	 157	 172	 0	 15	 
 159	 170	 160	 169	 0	 9	 
 159	 170	 160	 169	 0	 9	 
 159	 170	 154	 175	 0	 21	 
 159	 170	 160	 169	 0	 9	 
 159	 170	 153	 176	 0	 23	 
 159	 170	 154	 175	 0	 21	 
 159	 170	 160	 169	 0	 9	 
 159	 170	 157	 172	 0	 15	 
 159	 170	 153	 176	 0	 23	 
 159	 170	 160	 169	 0	 9	 
 159	 170	 160	 169	 0	 9	 
 159	 170	 160	 169	 0	 9	 
 159	 170	 158	 171	 0	 13	 
 159	 170	 157	 172	 0	 15	 
 159	 170	 160	 169	 0	 9	 
 159	 170	 160	 169	 0	 9	 
 159	 170	 160	 169	 0	 9	 
 159	 170	 160	 169	 0	 9	 
 159	 170	 160	 169	 0	 9	 
 159	 170	 153	 176	 0	 23	 
 159	 170	 160	 169	 0	 9	 
 0	 0	 0	 0	 0	 0	 
 0	 0	 0	 0	 0	 0	 
 155	 167	 148	 174	 0	 26	 
 155	 167	 150	 172	 0	 22	 
 155	 167	 156	 166	 0	 10	 
 155	 167	 156	 166	 0	 10	 
 155	 167	 156	 166	 0	 10	 
 155	 167	 152	 170	 0	 18	 
 155	 167	 156	 166	 0	 10	 
 155	 167	 156	 166	 0	 10	 
 155	 167	 150	 172	 0	 22	 
 155	 167	 153	 169	 0	 16	 
 155	 167	 156	 166	 0	 10	 
 155	 167	 154	 168	 0	 14	 
 155	 167	 156	 166	 0	 10	 
 155	 167	 154	 168	 0	 14	 
 155	 167	 156	 166	 0	 10	 
 155	 167	 156	 166	 0	 10	 
 155	 167	 149	 173	 0	 24	 
 155	 167	 156	 166	 0	 10	 
 155	 167	 150	 172	 0	 22	 
 155	 167	 152	 170	 0	 18	 
 155	 167	 153	 169	 0	 16	 
 155	 167	 152	 170	 0	 18	 
 155	 167	 152	 170	 0	 18	 
 155	 167	 148	 174	 0	 26	 
 155	 167	 156	 166	 0	 10	 
 155	 167	 156	 166	 0	 10	 
 155	 167	 156	 166	 0	 10	 
 155	 167	 156	 166	 0	 10	 
 155	 167	 152	 170	 0	 18	 
 155	 167	 154	 168	 0	 14	 
 155	 167	 148	 174	 0	 26	 
 155	 167	 156	 166	 0	 10	 
 155	 167	 156	 166	 0	 10	 
 155	 167	 151	 171	 0	 20	 
 155	 167	 148	 174	 0	 26	 
 155	 167	 156	 166	 0	 10	 
 155	 167	 153	 169	 0	 16	 
 155	 167	 154	 168	 0	 14	 
 155	 167	 156	 166	 0	 10	 
 155	 167	 148	 174	 0	 26	 
 155	 167	 156	 166	 0	 10	 
 155	 167	 148	 174	 0	 26	 
 155	 167	 156	 166	 0	 10	 
 155	 167	 153	 169	 0	 16	 
 155	 167	 156	 166	 0	 10	 
 155	 167	 150	 172	 0	 22	 
 155	 167	 156	 166	 0	 10	 
 155	 167	 156	 166	 0	 10	 
 155	 167	 154	 168	 0	 14	 
 155	 167	 156	 166	 0	 10	 
 155	 167	 154	 168	 0	 14	 
 155	 167	 149	 173	 0	 24	 
 155	 167	 154	 168	 0	 14	 
 155	 167	 150	 172	 0	 22	 
 155	 167	 149	 173	 0	 24	 
 155	 167	 156	 166	 0	 10	 
 155	 167	 156	 166	 0	 10	 
 155	 167	 150	 172	 0	 22	 
 155	 167	 156	 166	 0	 10	 
 155	 167	 152	 170	 0	 18	 
 155	 167	 156	 166	 0	 10	 
 155	 167	 153	 169	 0	 16	 
 155	 167	 149	 173	 0	 24	 
 155	 167	 149	 173	 0	 24	 
 155	 167	 156	 166	 0	 10	 
 155	 167	 150	 172	 0	 22	 
 155	 167	 156	 166	 0	 10	 
 155	 167	 156	 166	 0	 10	 
 155	 167	 150	 172	 0	 22	 
 155	 167	 149	 173	 0	 24	 
 155	 167	 156	 166	 0	 10	 
 155	 167	 150	 172	 0	 22	 
 155	 167	 149	 173	 0	 24	 
 155	 167	 148	 174	 0	 26	 
 155	 167	 156	 166	 0	 10	 
 155	 167	 156	 166	 0	 10	 
 155	 167	 153	 169	 0	 16	 
 155	 167	 154	 168	 0	 14	 
 155	 167	 149	 173	 0	 24	 
 155	 167	 156	 166	 0	 10	 
 155	 167	 156	 166	 0	 10	 
 155	 167	 154	 168	 0	 14	 
 155	 167	 154	 168	 0	 14	 
 155	 167	 156	 166	 0	 10	 
 155	 167	 151	 171	 0	 20	 
 155	 167	 156	 166	 0	 10	 
 155	 167	 149	 173	 0	 24	 
 155	 167	 156	 166	 0	 10	 
 155	 167	 156	 166	 0	 10	 
 155	 167	 156	 166	 0	 10	 
 155	 167	 150	 172	 0	 22	 
 155	 167	 148	 174	 0	 26	 
 155	 167	 153	 169	 0	 16	 
 155	 167	 156	 166	 0	 10	 
 155	 167	 154	 168	 0	 14	 
 155	 167	 152	 170	 0	 18	 
 155	 167	 153	 169	 0	 16	 
 155	 167	 156	 166	 0	 10	 
 155	 167	 156	 166	 0	 10	 
 0	 0	 0	 0	 0	 0	 
 0	 0	 0	 0	 0	 0	 
 159	 170	 160	 169	 0	 9	 
 159	 170	 160	 169	 0	 9	 
 159	 170	 160	 169	 0	 9	 
 159	 170	 154	 175	 0	 21	 
 159	 170	 160	 169	 0	 9	 
 159	 170	 153	 176	 0	 23	 
 159	 170	 160	 169	 0	 9	 
 159	 170	 160	 169	 0	 9	 
 159	 170	 157	 172	 0	 15	 
 159	 170	 153	 176	 0	 23	 
 159	 170	 160	 169	 0	 9	 
 159	 170	 160	 169	 0	 9	 
 159	 170	 158	 171	 0	 13	 
 159	 170	 155	 174	 0	 19	 
 159	 170	 160	 169	 0	 9	 
 159	 170	 156	 173	 0	 17	 
 159	 170	 156	 173	 0	 17	 
 159	 170	 160	 169	 0	 9	 
 159	 170	 157	 172	 0	 15	 
 159	 170	 155	 174	 0	 19	 
 159	 170	 154	 175	 0	 21	 
 159	 170	 160	 169	 0	 9	 
 159	 170	 160	 169	 0	 9	 
 159	 170	 160	 169	 0	 9	 
 159	 170	 154	 175	 0	 21	 
 159	 170	 155	 174	 0	 19	 
 159	 170	 160	 169	 0	 9	 
 159	 170	 153	 176	 0	 23	 
 159	 170	 158	 171	 0	 13	 
 159	 170	 156	 173	 0	 17	 
 159	 170	 160	 169	 0	 9	 
 159	 170	 153	 176	 0	 23	 
 159	 170	 160	 169	 0	 9	 
 159	 170	 160	 169	 0	 9	 
 159	 170	 160	 169	 0	 9	 
 159	 170	 160	 169	 0	 9	 
 159	 170	 157	 172	 0	 15	 
 159	 170	 157	 172	 0	 15	 
 159	 170	 154	 175	 0	 21	 
 159	 170	 160	 169	 0	 9	 
 159	 170	 154	 175	 0	 21	 
 159	 170	 155	 174	 0	 19	 
 159	 170	 158	 171	 0	 13	 
 159	 170	 160	 169	 0	 9	 
 159	 170	 160	 169	 0	 9	 
 159	 170	 154	 175	 0	 21	 
 159	 170	 155	 174	 0	 19	 
 159	 170	 160	 169	 0	 9	 
 159	 170	 154	 175	 0	 21	 
 159	 170	 160	 169	 0	 9	 
 159	 170	 160	 169	 0	 9	 
 159	 170	 160	 169	 0	 9	 
 159	 170	 156	 173	 0	 17	 
 159	 170	 153	 176	 0	 23	 
 159	 170	 160	 169	 0	 9	 
 159	 170	 154	 175	 0	 21	 
 159	 170	 155	 174	 0	 19	 
 159	 170	 154	 175	 0	 21	 
 159	 170	 156	 173	 0	 17	 
 159	 170	 153	 176	 0	 23	 
 159	 170	 160	 169	 0	 9	 
 159	 170	 160	 169	 0	 9	 
 159	 170	 160	 169	 0	 9	 
 159	 170	 160	 169	 0	 9	 
 159	 170	 157	 172	 0	 15	 
 159	 170	 160	 169	 0	 9	 
 159	 170	 160	 169	 0	 9	 
 159	 170	 155	 174	 0	 19	 
 159	 170	 155	 174	 0	 19	 
 159	 170	 160	 169	 0	 9	 
 159	 170	 157	 172	 0	 15	 
 159	 170	 160	 169	 0	 9	 
 159	 170	 160	 169	 0	 9	 
 159	 170	 160	 169	 0	 9	 
 159	 170	 160	 169	 0	 9	 
 159	 170	 157	 172	 0	 15	 
 159	 170	 160	 169	 0	 9	 
 159	 170	 157	 172	 0	 15	 
 159	 170	 160	 169	 0	 9	 
 159	 170	 154	 175	 0	 21	 
 159	 170	 160	 169	 0	 9	 
 159	 170	 156	 173	 0	 17	 
 159	 170	 160	 169	 0	 9	 
 159	 170	 153	 176	 0	 23	 
 159	 170	 153	 176	 0	 23	 
 159	 170	 156	 173	 0	 17	 
 159	 170	 160	 169	 0	 9	 
 159	 170	 155	 174	 0	 19	 
 159	 170	 157	 172	 0	 15	 
 159	 170	 154	 175	 0	 21	 
 159	 170	 157	 172	 0	 15	 
 159	 170	 157	 172	 0	 15	 
 159	 170	 154	 175	 0	 21	 
 159	 170	 160	 169	 0	 9	 
 159	 170	 156	 173	 0	 17	 
 159	 170	 156	 173	 0	 17	 
 159	 170	 153	 176	 0	 23	 
 159	 170	 160	 169	 0	 9	 
 159	 170	 160	 169	 0	 9	 
 0	 0	 0	 0	 0	 0	 
 0	 0	 0	 0	 0	 0	 
 147	 179	 136	 180	 0	 44	 
 147	 179	 158	 168	 0	 10	 
 147	 179	 158	 168	 0	 10	 
 147	 179	 156	 170	 0	 14	 
 147	 179	 156	 170	 0	 14	 
 147	 179	 131	 180	 0	 49	 
 147	 179	 132	 180	 0	 48	 
 147	 179	 135	 180	 0	 45	 
 147	 179	 139	 180	 0	 41	 
 147	 179	 152	 174	 0	 22	 
 147	 179	 136	 180	 0	 44	 
 147	 179	 157	 169	 0	 12	 
 147	 179	 139	 180	 0	 41	 
 147	 179	 158	 168	 0	 10	 
 147	 179	 132	 180	 0	 48	 
 147	 179	 145	 180	 0	 35	 
 147	 179	 156	 170	 0	 14	 
 147	 179	 130	 180	 0	 50	 
 147	 179	 135	 180	 0	 45	 
 147	 179	 158	 168	 0	 10	 
 147	 179	 145	 180	 0	 35	 
 147	 179	 137	 180	 0	 43	 
 147	 179	 135	 180	 0	 45	 
 147	 179	 157	 169	 0	 12	 
 147	 179	 148	 178	 0	 30	 
 147	 179	 136	 180	 0	 44	 
 147	 179	 158	 168	 0	 10	 
 147	 179	 145	 180	 0	 35	 
 147	 179	 148	 178	 0	 30	 
 147	 179	 158	 168	 0	 10	 
 147	 179	 146	 180	 0	 34	 
 147	 179	 144	 180	 0	 36	 
 147	 179	 137	 180	 0	 43	 
 147	 179	 156	 170	 0	 14	 
 147	 179	 157	 169	 0	 12	 
 147	 179	 149	 177	 0	 28	 
 147	 179	 152	 174	 0	 22	 
 147	 179	 136	 180	 0	 44	 
 147	 179	 140	 180	 0	 40	 
 147	 179	 135	 180	 0	 45	 
 147	 179	 139	 180	 0	 41	 
 147	 179	 158	 168	 0	 10	 
 147	 179	 158	 168	 0	 10	 
 147	 179	 157	 169	 0	 12	 
 147	 179	 151	 175	 0	 24	 
 147	 179	 149	 177	 0	 28	 
 147	 179	 158	 168	 0	 10	 
 147	 179	 150	 176	 0	 26	 
 147	 179	 158	 168	 0	 10	 
 147	 179	 144	 180	 0	 36	 
 147	 179	 145	 180	 0	 35	 
 147	 179	 158	 168	 0	 10	 
 147	 179	 153	 173	 0	 20	 
 147	 179	 149	 177	 0	 28	 
 147	 179	 151	 175	 0	 24	 
 147	 179	 145	 180	 0	 35	 
 147	 179	 134	 180	 0	 46	 
 147	 179	 131	 180	 0	 49	 
 147	 179	 158	 168	 0	 10	 
 147	 179	 137	 180	 0	 43	 
 147	 179	 135	 180	 0	 45	 
 147	 179	 131	 180	 0	 49	 
 147	 179	 149	 177	 0	 28	 
 147	 179	 154	 172	 0	 18	 
 147	 179	 142	 180	 0	 38	 
 147	 179	 145	 180	 0	 35	 
 147	 179	 137	 180	 0	 43	 
 147	 179	 158	 168	 0	 10	 
 147	 179	 154	 172	 0	 18	 
 147	 179	 158	 168	 0	 10	 
 147	 179	 150	 176	 0	 26	 
 147	 179	 158	 168	 0	 10	 
 147	 179	 137	 180	 0	 43	 
 147	 179	 158	 168	 0	 10	 
 147	 179	 138	 180	 0	 42	 
 147	 179	 150	 176	 0	 26	 
 147	 179	 149	 177	 0	 28	 
 147	 179	 158	 168	 0	 10	 
 147	 179	 140	 180	 0	 40	 
 147	 179	 158	 168	 0	 10	 
 147	 179	 158	 168	 0	 10	 
 147	 179	 158	 168	 0	 10	 
 147	 179	 158	 168	 0	 10	 
 147	 179	 158	 168	 0	 10	 
 147	 179	 143	 180	 0	 37	 
 147	 179	 137	 180	 0	 43	 
 147	 179	 130	 180	 0	 50	 
 147	 179	 130	 180	 0	 50	 
 147	 179	 133	 180	 0	 47	 
 147	 179	 146	 180	 0	 34	 
 147	 179	 134	 180	 0	 46	 
 147	 179	 158	 168	 0	 10	 
 147	 179	 154	 172	 0	 18	 
 147	 179	 154	 172	 0	 18	 
 147	 179	 137	 180	 0	 43	 
 147	 179	 142	 180	 0	 38	 
 147	 179	 130	 180	 0	 50	 
 147	 179	 130	 180	 0	 50	 
 147	 179	 134	 180	 0	 46	 
 0	 0	 0	 0	 0	 0	 
 0	 0	 0	 0	 0	 0	 
 159	 170	 156	 173	 0	 17	 
 159	 170	 160	 169	 0	 9	 
 159	 170	 160	 169	 0	 9	 
 159	 170	 160	 169	 0	 9	 
 159	 170	 160	 169	 0	 9	 
 159	 170	 160	 169	 0	 9	 
 159	 170	 160	 169	 0	 9	 
 159	 170	 155	 174	 0	 19	 
 159	 170	 157	 172	 0	 15	 
 159	 170	 160	 169	 0	 9	 
 159	 170	 155	 174	 0	 19	 
 159	 170	 160	 169	 0	 9	 
 159	 170	 160	 169	 0	 9	 
 159	 170	 156	 173	 0	 17	 
 159	 170	 160	 169	 0	 9	 
 159	 170	 153	 176	 0	 23	 
 159	 170	 155	 174	 0	 19	 
 159	 170	 160	 169	 0	 9	 
 159	 170	 155	 174	 0	 19	 
 159	 170	 153	 176	 0	 23	 
 159	 170	 160	 169	 0	 9	 
 159	 170	 160	 169	 0	 9	 
 159	 170	 158	 171	 0	 13	 
 159	 170	 160	 169	 0	 9	 
 159	 170	 160	 169	 0	 9	 
 159	 170	 160	 169	 0	 9	 
 159	 170	 156	 173	 0	 17	 
 159	 170	 160	 169	 0	 9	 
 159	 170	 160	 169	 0	 9	 
 159	 170	 154	 175	 0	 21	 
 159	 170	 160	 169	 0	 9	 
 159	 170	 154	 175	 0	 21	 
 159	 170	 160	 169	 0	 9	 
 159	 170	 156	 173	 0	 17	 
 159	 170	 160	 169	 0	 9	 
 159	 170	 158	 171	 0	 13	 
 159	 170	 160	 169	 0	 9	 
 159	 170	 160	 169	 0	 9	 
 159	 170	 155	 174	 0	 19	 
 159	 170	 160	 169	 0	 9	 
 159	 170	 157	 172	 0	 15	 
 159	 170	 160	 169	 0	 9	 
 159	 170	 160	 169	 0	 9	 
 159	 170	 160	 169	 0	 9	 
 159	 170	 160	 169	 0	 9	 
 159	 170	 154	 175	 0	 21	 
 159	 170	 158	 171	 0	 13	 
 159	 170	 157	 172	 0	 15	 
 159	 170	 154	 175	 0	 21	 
 159	 170	 160	 169	 0	 9	 
 159	 170	 160	 169	 0	 9	 
 159	 170	 160	 169	 0	 9	 
 159	 170	 154	 175	 0	 21	 
 159	 170	 156	 173	 0	 17	 
 159	 170	 160	 169	 0	 9	 
 159	 170	 153	 176	 0	 23	 
 159	 170	 154	 175	 0	 21	 
 159	 170	 153	 176	 0	 23	 
 159	 170	 160	 169	 0	 9	 
 159	 170	 160	 169	 0	 9	 
 159	 170	 160	 169	 0	 9	 
 159	 170	 160	 169	 0	 9	 
 159	 170	 160	 169	 0	 9	 
 159	 170	 156	 173	 0	 17	 
 159	 170	 160	 169	 0	 9	 
 159	 170	 157	 172	 0	 15	 
 159	 170	 160	 169	 0	 9	 
 159	 170	 160	 169	 0	 9	 
 159	 170	 158	 171	 0	 13	 
 159	 170	 153	 176	 0	 23	 
 159	 170	 153	 176	 0	 23	 
 159	 170	 158	 171	 0	 13	 
 159	 170	 157	 172	 0	 15	 
 159	 170	 155	 174	 0	 19	 
 159	 170	 160	 169	 0	 9	 
 159	 170	 158	 171	 0	 13	 
 159	 170	 160	 169	 0	 9	 
 159	 170	 157	 172	 0	 15	 
 159	 170	 156	 173	 0	 17	 
 159	 170	 154	 175	 0	 21	 
 159	 170	 160	 169	 0	 9	 
 159	 170	 156	 173	 0	 17	 
 159	 170	 160	 169	 0	 9	 
 159	 170	 160	 169	 0	 9	 
 159	 170	 160	 169	 0	 9	 
 159	 170	 160	 169	 0	 9	 
 159	 170	 160	 169	 0	 9	 
 159	 170	 153	 176	 0	 23	 
 159	 170	 154	 175	 0	 21	 
 159	 170	 158	 171	 0	 13	 
 159	 170	 160	 169	 0	 9	 
 159	 170	 158	 171	 0	 13	 
 159	 170	 160	 169	 0	 9	 
 159	 170	 160	 169	 0	 9	 
 159	 170	 154	 175	 0	 21	 
 159	 170	 155	 174	 0	 19	 
 159	 170	 157	 172	 0	 15	 
 159	 170	 160	 169	 0	 9	 
 159	 170	 154	 175	 0	 21	 
 0	 0	 0	 0	 0	 0	 
 0	 0	 0	 0	 0	 0	 
 155	 167	 156	 166	 0	 10	 
 155	 167	 148	 174	 0	 26	 
 155	 167	 149	 173	 0	 24	 
 155	 167	 153	 169	 0	 16	 
 155	 167	 150	 172	 0	 22	 
 155	 167	 156	 166	 0	 10	 
 155	 167	 150	 172	 0	 22	 
 155	 167	 152	 170	 0	 18	 
 155	 167	 156	 166	 0	 10	 
 155	 167	 156	 166	 0	 10	 
 155	 167	 156	 166	 0	 10	 
 155	 167	 156	 166	 0	 10	 
 155	 167	 156	 166	 0	 10	 
 155	 167	 156	 166	 0	 10	 
 155	 167	 156	 166	 0	 10	 
 155	 167	 152	 170	 0	 18	 
 155	 167	 156	 166	 0	 10	 
 155	 167	 154	 168	 0	 14	 
 155	 167	 156	 166	 0	 10	 
 155	 167	 149	 173	 0	 24	 
 155	 167	 156	 166	 0	 10	 
 155	 167	 156	 166	 0	 10	 
 155	 167	 152	 170	 0	 18	 
 155	 167	 150	 172	 0	 22	 
 155	 167	 156	 166	 0	 10	 
 155	 167	 154	 168	 0	 14	 
 155	 167	 156	 166	 0	 10	 
 155	 167	 156	 166	 0	 10	 
 155	 167	 156	 166	 0	 10	 
 155	 167	 156	 166	 0	 10	 
 155	 167	 153	 169	 0	 16	 
 155	 167	 151	 171	 0	 20	 
 155	 167	 148	 174	 0	 26	 
 155	 167	 151	 171	 0	 20	 
 155	 167	 156	 166	 0	 10	 
 155	 167	 156	 166	 0	 10	 
 155	 167	 156	 166	 0	 10	 
 155	 167	 156	 166	 0	 10	 
 155	 167	 156	 166	 0	 10	 
 155	 167	 156	 166	 0	 10	 
 155	 167	 156	 166	 0	 10	 
 155	 167	 156	 166	 0	 10	 
 155	 167	 154	 168	 0	 14	 
 155	 167	 156	 166	 0	 10	 
 155	 167	 156	 166	 0	 10	 
 155	 167	 154	 168	 0	 14	 
 155	 167	 156	 166	 0	 10	 
 155	 167	 156	 166	 0	 10	 
 155	 167	 150	 172	 0	 22	 
 155	 167	 156	 166	 0	 10	 
 155	 167	 156	 166	 0	 10	 
 155	 167	 156	 166	 0	 10	 
 155	 167	 150	 172	 0	 22	 
 155	 167	 150	 172	 0	 22	 
 155	 167	 156	 166	 0	 10	 
 155	 167	 156	 166	 0	 10	 
 155	 167	 156	 166	 0	 10	 
 155	 167	 154	 168	 0	 14	 
 155	 167	 156	 166	 0	 10	 
 155	 167	 151	 171	 0	 20	 
 155	 167	 153	 169	 0	 16	 
 155	 167	 154	 168	 0	 14	 
 155	 167	 154	 168	 0	 14	 
 155	 167	 156	 166	 0	 10	 
 155	 167	 151	 171	 0	 20	 
 155	 167	 153	 169	 0	 16	 
 155	 167	 152	 170	 0	 18	 
 155	 167	 156	 166	 0	 10	 
 155	 167	 148	 174	 0	 26	 
 155	 167	 151	 171	 0	 20	 
 155	 167	 151	 171	 0	 20	 
 155	 167	 149	 173	 0	 24	 
 155	 167	 156	 166	 0	 10	 
 155	 167	 149	 173	 0	 24	 
 155	 167	 149	 173	 0	 24	 
 155	 167	 148	 174	 0	 26	 
 155	 167	 156	 166	 0	 10	 
 155	 167	 156	 166	 0	 10	 
 155	 167	 152	 170	 0	 18	 
 155	 167	 150	 172	 0	 22	 
 155	 167	 156	 166	 0	 10	 
 155	 167	 152	 170	 0	 18	 
 155	 167	 156	 166	 0	 10	 
 155	 167	 156	 166	 0	 10	 
 155	 167	 156	 166	 0	 10	 
 155	 167	 149	 173	 0	 24	 
 155	 167	 156	 166	 0	 10	 
 155	 167	 150	 172	 0	 22	 
 155	 167	 152	 170	 0	 18	 
 155	 167	 156	 166	 0	 10	 
 155	 167	 156	 166	 0	 10	 
 155	 167	 154	 168	 0	 14	 
 155	 167	 156	 166	 0	 10	 
 155	 167	 149	 173	 0	 24	 
 155	 167	 151	 171	 0	 20	 
 155	 167	 156	 166	 0	 10	 
 155	 167	 156	 166	 0	 10	 
 155	 167	 156	 166	 0	 10	 
 155	 167	 151	 171	 0	 20	 
 0	 0	 0	 0	 0	 0	 
 0	 0	 0	 0	 0	 0	 
 159	 170	 160	 169	 0	 9	 
 159	 170	 160	 169	 0	 9	 
 159	 170	 157	 172	 0	 15	 
 159	 170	 160	 169	 0	 9	 
 159	 170	 155	 174	 0	 19	 
 159	 170	 153	 176	 0	 23	 
 159	 170	 160	 169	 0	 9	 
 159	 170	 156	 173	 0	 17	 
 159	 170	 155	 174	 0	 19	 
 159	 170	 160	 169	 0	 9	 
 159	 170	 155	 174	 0	 19	 
 159	 170	 160	 169	 0	 9	 
 159	 170	 154	 175	 0	 21	 
 159	 170	 156	 173	 0	 17	 
 159	 170	 160	 169	 0	 9	 
 159	 170	 153	 176	 0	 23	 
 159	 170	 160	 169	 0	 9	 
 159	 170	 160	 169	 0	 9	 
 159	 170	 155	 174	 0	 19	 
 159	 170	 160	 169	 0	 9	 
 159	 170	 155	 174	 0	 19	 
 159	 170	 157	 172	 0	 15	 
 159	 170	 158	 171	 0	 13	 
 159	 170	 154	 175	 0	 21	 
 159	 170	 156	 173	 0	 17	 
 159	 170	 160	 169	 0	 9	 
 159	 170	 160	 169	 0	 9	 
 159	 170	 155	 174	 0	 19	 
 159	 170	 157	 172	 0	 15	 
 159	 170	 160	 169	 0	 9	 
 159	 170	 160	 169	 0	 9	 
 159	 170	 158	 171	 0	 13	 
 159	 170	 160	 169	 0	 9	 
 159	 170	 160	 169	 0	 9	 
 159	 170	 160	 169	 0	 9	 
 159	 170	 154	 175	 0	 21	 
 159	 170	 155	 174	 0	 19	 
 159	 170	 160	 169	 0	 9	 
 159	 170	 160	 169	 0	 9	 
 159	 170	 160	 169	 0	 9	 
 159	 170	 160	 169	 0	 9	 
 159	 170	 160	 169	 0	 9	 
 159	 170	 160	 169	 0	 9	 
 159	 170	 158	 171	 0	 13	 
 159	 170	 157	 172	 0	 15	 
 159	 170	 153	 176	 0	 23	 
 159	 170	 155	 174	 0	 19	 
 159	 170	 160	 169	 0	 9	 
 159	 170	 154	 175	 0	 21	 
 159	 170	 157	 172	 0	 15	 
 159	 170	 154	 175	 0	 21	 
 159	 170	 157	 172	 0	 15	 
 159	 170	 156	 173	 0	 17	 
 159	 170	 157	 172	 0	 15	 
 159	 170	 155	 174	 0	 19	 
 159	 170	 154	 175	 0	 21	 
 159	 170	 160	 169	 0	 9	 
 159	 170	 160	 169	 0	 9	 
 159	 170	 160	 169	 0	 9	 
 159	 170	 160	 169	 0	 9	 
 159	 170	 160	 169	 0	 9	 
 159	 170	 160	 169	 0	 9	 
 159	 170	 153	 176	 0	 23	 
 159	 170	 153	 176	 0	 23	 
 159	 170	 160	 169	 0	 9	 
 159	 170	 158	 171	 0	 13	 
 159	 170	 160	 169	 0	 9	 
 159	 170	 160	 169	 0	 9	 
 159	 170	 160	 169	 0	 9	 
 159	 170	 160	 169	 0	 9	 
 159	 170	 160	 169	 0	 9	 
 159	 170	 157	 172	 0	 15	 
 159	 170	 160	 169	 0	 9	 
 159	 170	 160	 169	 0	 9	 
 159	 170	 160	 169	 0	 9	 
 159	 170	 158	 171	 0	 13	 
 159	 170	 153	 176	 0	 23	 
 159	 170	 153	 176	 0	 23	 
 159	 170	 156	 173	 0	 17	 
 159	 170	 160	 169	 0	 9	 
 159	 170	 160	 169	 0	 9	 
 159	 170	 160	 169	 0	 9	 
 159	 170	 160	 169	 0	 9	 
 159	 170	 160	 169	 0	 9	 
 159	 170	 160	 169	 0	 9	 
 159	 170	 155	 174	 0	 19	 
 159	 170	 160	 169	 0	 9	 
 159	 170	 160	 169	 0	 9	 
 159	 170	 157	 172	 0	 15	 
 159	 170	 160	 169	 0	 9	 
 159	 170	 157	 172	 0	 15	 
 159	 170	 157	 172	 0	 15	 
 159	 170	 158	 171	 0	 13	 
 159	 170	 160	 169	 0	 9	 
 159	 170	 160	 169	 0	 9	 
 159	 170	 160	 169	 0	 9	 
 159	 170	 160	 169	 0	 9	 
 159	 170	 160	 169	 0	 9	 
 159	 170	 155	 174	 0	 19	 
 0	 0	 0	 0	 0	 0	 
 0	 0	 0	 0	 0	 0	 
 157	 174	 153	 178	 1	 25	 
 157	 174	 159	 172	 1	 13	 
 157	 174	 161	 170	 1	 9	 
 157	 174	 149	 180	 1	 31	 
 157	 174	 154	 177	 1	 23	 
 157	 174	 152	 179	 1	 27	 
 157	 174	 160	 171	 1	 11	 
 157	 174	 159	 172	 1	 13	 
 157	 174	 158	 173	 1	 15	 
 157	 174	 150	 180	 1	 30	 
 157	 174	 161	 170	 1	 9	 
 157	 174	 152	 179	 1	 27	 
 157	 174	 161	 170	 1	 9	 
 157	 174	 151	 180	 1	 29	 
 157	 174	 161	 170	 1	 9	 
 157	 174	 159	 172	 1	 13	 
 157	 174	 161	 170	 1	 9	 
 157	 174	 152	 179	 1	 27	 
 157	 174	 155	 176	 1	 21	 
 157	 174	 154	 177	 1	 23	 
 157	 174	 155	 176	 1	 21	 
 157	 174	 152	 179	 1	 27	 
 157	 174	 161	 170	 1	 9	 
 157	 174	 154	 177	 1	 23	 
 157	 174	 161	 170	 1	 9	 
 157	 174	 154	 177	 1	 23	 
 157	 174	 161	 170	 1	 9	 
 157	 174	 158	 173	 1	 15	 
 157	 174	 156	 175	 1	 19	 
 157	 174	 161	 170	 1	 9	 
 157	 174	 149	 180	 1	 31	 
 157	 174	 155	 176	 1	 21	 
 157	 174	 161	 170	 1	 9	 
 157	 174	 153	 178	 1	 25	 
 157	 174	 151	 180	 1	 29	 
 157	 174	 154	 177	 1	 23	 
 157	 174	 153	 178	 1	 25	 
 157	 174	 152	 179	 1	 27	 
 157	 174	 149	 180	 1	 31	 
 157	 174	 161	 170	 1	 9	 
 157	 174	 149	 180	 1	 31	 
 157	 174	 153	 178	 1	 25	 
 157	 174	 160	 171	 1	 11	 
 157	 174	 152	 179	 1	 27	 
 157	 174	 159	 172	 1	 13	 
 157	 174	 152	 179	 1	 27	 
 157	 174	 160	 171	 1	 11	 
 157	 174	 156	 175	 1	 19	 
 157	 174	 158	 173	 1	 15	 
 157	 174	 153	 178	 1	 25	 
 157	 174	 160	 171	 1	 11	 
 157	 174	 148	 180	 1	 32	 
 157	 174	 159	 172	 1	 13	 
 157	 174	 161	 170	 1	 9	 
 157	 174	 154	 177	 1	 23	 
 157	 174	 161	 170	 1	 9	 
 157	 174	 154	 177	 1	 23	 
 157	 174	 158	 173	 1	 15	 
 157	 174	 154	 177	 1	 23	 
 157	 174	 158	 173	 1	 15	 
 157	 174	 159	 172	 1	 13	 
 157	 174	 151	 180	 1	 29	 
 157	 174	 156	 175	 1	 19	 
 157	 174	 149	 180	 1	 31	 
 157	 174	 161	 170	 1	 9	 
 157	 174	 148	 180	 1	 32	 
 157	 174	 152	 179	 1	 27	 
 157	 174	 148	 180	 1	 32	 
 157	 174	 149	 180	 1	 31	 
 157	 174	 150	 180	 1	 30	 
 157	 174	 161	 170	 1	 9	 
 157	 174	 161	 170	 1	 9	 
 157	 174	 161	 170	 1	 9	 
 157	 174	 155	 176	 1	 21	 
 157	 174	 161	 170	 1	 9	 
 157	 174	 150	 180	 1	 30	 
 157	 174	 161	 170	 1	 9	 
 157	 174	 161	 170	 1	 9	 
 157	 174	 152	 179	 1	 27	 
 157	 174	 161	 170	 1	 9	 
 157	 174	 161	 170	 1	 9	 
 157	 174	 149	 180	 1	 31	 
 157	 174	 161	 170	 1	 9	 
 157	 174	 155	 176	 1	 21	 
 157	 174	 159	 172	 1	 13	 
 157	 174	 161	 170	 1	 9	 
 157	 174	 149	 180	 1	 31	 
 157	 174	 159	 172	 1	 13	 
 157	 174	 155	 176	 1	 21	 
 157	 174	 161	 170	 1	 9	 
 157	 174	 156	 175	 1	 19	 
 157	 174	 161	 170	 1	 9	 
 157	 174	 159	 172	 1	 13	 
 157	 174	 156	 175	 1	 19	 
 157	 174	 151	 180	 1	 29	 
 157	 174	 154	 177	 1	 23	 
 157	 174	 153	 178	 1	 25	 
 157	 174	 161	 170	 1	 9	 
 157	 174	 151	 180	 1	 29	 
 0	 0	 0	 0	 0	 0	 
 0	 0	 0	 0	 0	 0	 
 159	 170	 156	 173	 0	 17	 
 159	 170	 158	 171	 0	 13	 
 159	 170	 156	 173	 0	 17	 
 159	 170	 155	 174	 0	 19	 
 159	 170	 160	 169	 0	 9	 
 159	 170	 160	 169	 0	 9	 
 159	 170	 158	 171	 0	 13	 
 159	 170	 154	 175	 0	 21	 
 159	 170	 160	 169	 0	 9	 
 159	 170	 160	 169	 0	 9	 
 159	 170	 160	 169	 0	 9	 
 159	 170	 158	 171	 0	 13	 
 159	 170	 160	 169	 0	 9	 
 159	 170	 156	 173	 0	 17	 
 159	 170	 160	 169	 0	 9	 
 159	 170	 160	 169	 0	 9	 
 159	 170	 160	 169	 0	 9	 
 159	 170	 160	 169	 0	 9	 
 159	 170	 153	 176	 0	 23	 
 159	 170	 158	 171	 0	 13	 
 159	 170	 158	 171	 0	 13	 
 159	 170	 160	 169	 0	 9	 
 159	 170	 160	 169	 0	 9	 
 159	 170	 160	 169	 0	 9	 
 159	 170	 157	 172	 0	 15	 
 159	 170	 157	 172	 0	 15	 
 159	 170	 156	 173	 0	 17	 
 159	 170	 160	 169	 0	 9	 
 159	 170	 158	 171	 0	 13	 
 159	 170	 155	 174	 0	 19	 
 159	 170	 158	 171	 0	 13	 
 159	 170	 157	 172	 0	 15	 
 159	 170	 153	 176	 0	 23	 
 159	 170	 158	 171	 0	 13	 
 159	 170	 160	 169	 0	 9	 
 159	 170	 154	 175	 0	 21	 
 159	 170	 158	 171	 0	 13	 
 159	 170	 156	 173	 0	 17	 
 159	 170	 155	 174	 0	 19	 
 159	 170	 160	 169	 0	 9	 
 159	 170	 160	 169	 0	 9	 
 159	 170	 156	 173	 0	 17	 
 159	 170	 157	 172	 0	 15	 
 159	 170	 160	 169	 0	 9	 
 159	 170	 155	 174	 0	 19	 
 159	 170	 160	 169	 0	 9	 
 159	 170	 160	 169	 0	 9	 
 159	 170	 160	 169	 0	 9	 
 159	 170	 154	 175	 0	 21	 
 159	 170	 154	 175	 0	 21	 
 159	 170	 160	 169	 0	 9	 
 159	 170	 160	 169	 0	 9	 
 159	 170	 160	 169	 0	 9	 
 159	 170	 154	 175	 0	 21	 
 159	 170	 154	 175	 0	 21	 
 159	 170	 157	 172	 0	 15	 
 159	 170	 153	 176	 0	 23	 
 159	 170	 160	 169	 0	 9	 
 159	 170	 155	 174	 0	 19	 
 159	 170	 160	 169	 0	 9	 
 159	 170	 156	 173	 0	 17	 
 159	 170	 160	 169	 0	 9	 
 159	 170	 160	 169	 0	 9	 
 159	 170	 160	 169	 0	 9	 
 159	 170	 160	 169	 0	 9	 
 159	 170	 160	 169	 0	 9	 
 159	 170	 153	 176	 0	 23	 
 159	 170	 158	 171	 0	 13	 
 159	 170	 155	 174	 0	 19	 
 159	 170	 160	 169	 0	 9	 
 159	 170	 155	 174	 0	 19	 
 159	 170	 158	 171	 0	 13	 
 159	 170	 154	 175	 0	 21	 
 159	 170	 156	 173	 0	 17	 
 159	 170	 153	 176	 0	 23	 
 159	 170	 156	 173	 0	 17	 
 159	 170	 154	 175	 0	 21	 
 159	 170	 160	 169	 0	 9	 
 159	 170	 160	 169	 0	 9	 
 159	 170	 160	 169	 0	 9	 
 159	 170	 160	 169	 0	 9	 
 159	 170	 154	 175	 0	 21	 
 159	 170	 160	 169	 0	 9	 
 159	 170	 156	 173	 0	 17	 
 159	 170	 158	 171	 0	 13	 
 159	 170	 160	 169	 0	 9	 
 159	 170	 153	 176	 0	 23	 
 159	 170	 160	 169	 0	 9	 
 159	 170	 156	 173	 0	 17	 
 159	 170	 154	 175	 0	 21	 
 159	 170	 158	 171	 0	 13	 
 159	 170	 160	 169	 0	 9	 
 159	 170	 160	 169	 0	 9	 
 159	 170	 160	 169	 0	 9	 
 159	 170	 158	 171	 0	 13	 
 159	 170	 160	 169	 0	 9	 
 159	 170	 153	 176	 0	 23	 
 159	 170	 160	 169	 0	 9	 
 159	 170	 160	 169	 0	 9	 
 0	 0	 0	 0	 0	 0	 
 0	 0	 0	 0	 0	 0	 
 155	 167	 156	 166	 0	 10	 
 155	 167	 156	 166	 0	 10	 
 155	 167	 149	 173	 0	 24	 
 155	 167	 156	 166	 0	 10	 
 155	 167	 156	 166	 0	 10	 
 155	 167	 149	 173	 0	 24	 
 155	 167	 156	 166	 0	 10	 
 155	 167	 149	 173	 0	 24	 
 155	 167	 156	 166	 0	 10	 
 155	 167	 156	 166	 0	 10	 
 155	 167	 151	 171	 0	 20	 
 155	 167	 156	 166	 0	 10	 
 155	 167	 156	 166	 0	 10	 
 155	 167	 156	 166	 0	 10	 
 155	 167	 156	 166	 0	 10	 
 155	 167	 149	 173	 0	 24	 
 155	 167	 149	 173	 0	 24	 
 155	 167	 156	 166	 0	 10	 
 155	 167	 148	 174	 0	 26	 
 155	 167	 156	 166	 0	 10	 
 155	 167	 150	 172	 0	 22	 
 155	 167	 154	 168	 0	 14	 
 155	 167	 156	 166	 0	 10	 
 155	 167	 156	 166	 0	 10	 
 155	 167	 151	 171	 0	 20	 
 155	 167	 156	 166	 0	 10	 
 155	 167	 154	 168	 0	 14	 
 155	 167	 149	 173	 0	 24	 
 155	 167	 156	 166	 0	 10	 
 155	 167	 152	 170	 0	 18	 
 155	 167	 156	 166	 0	 10	 
 155	 167	 156	 166	 0	 10	 
 155	 167	 156	 166	 0	 10	 
 155	 167	 149	 173	 0	 24	 
 155	 167	 150	 172	 0	 22	 
 155	 167	 156	 166	 0	 10	 
 155	 167	 156	 166	 0	 10	 
 155	 167	 148	 174	 0	 26	 
 155	 167	 154	 168	 0	 14	 
 155	 167	 156	 166	 0	 10	 
 155	 167	 154	 168	 0	 14	 
 155	 167	 156	 166	 0	 10	 
 155	 167	 154	 168	 0	 14	 
 155	 167	 156	 166	 0	 10	 
 155	 167	 151	 171	 0	 20	 
 155	 167	 156	 166	 0	 10	 
 155	 167	 154	 168	 0	 14	 
 155	 167	 156	 166	 0	 10	 
 155	 167	 156	 166	 0	 10	 
 155	 167	 153	 169	 0	 16	 
 155	 167	 156	 166	 0	 10	 
 155	 167	 156	 166	 0	 10	 
 155	 167	 152	 170	 0	 18	 
 155	 167	 156	 166	 0	 10	 
 155	 167	 149	 173	 0	 24	 
 155	 167	 156	 166	 0	 10	 
 155	 167	 150	 172	 0	 22	 
 155	 167	 156	 166	 0	 10	 
 155	 167	 152	 170	 0	 18	 
 155	 167	 154	 168	 0	 14	 
 155	 167	 156	 166	 0	 10	 
 155	 167	 156	 166	 0	 10	 
 155	 167	 156	 166	 0	 10	 
 155	 167	 156	 166	 0	 10	 
 155	 167	 156	 166	 0	 10	 
 155	 167	 154	 168	 0	 14	 
 155	 167	 156	 166	 0	 10	 
 155	 167	 154	 168	 0	 14	 
 155	 167	 156	 166	 0	 10	 
 155	 167	 149	 173	 0	 24	 
 155	 167	 154	 168	 0	 14	 
 155	 167	 156	 166	 0	 10	 
 155	 167	 156	 166	 0	 10	 
 155	 167	 154	 168	 0	 14	 
 155	 167	 156	 166	 0	 10	 
 155	 167	 156	 166	 0	 10	 
 155	 167	 153	 169	 0	 16	 
 155	 167	 153	 169	 0	 16	 
 155	 167	 156	 166	 0	 10	 
 155	 167	 153	 169	 0	 16	 
 155	 167	 156	 166	 0	 10	 
 155	 167	 150	 172	 0	 22	 
 155	 167	 151	 171	 0	 20	 
 155	 167	 156	 166	 0	 10	 
 155	 167	 156	 166	 0	 10	 
 155	 167	 156	 166	 0	 10	 
 155	 167	 150	 172	 0	 22	 
 155	 167	 149	 173	 0	 24	 
 155	 167	 149	 173	 0	 24	 
 155	 167	 152	 170	 0	 18	 
 155	 167	 156	 166	 0	 10	 
 155	 167	 153	 169	 0	 16	 
 155	 167	 153	 169	 0	 16	 
 155	 167	 156	 166	 0	 10	 
 155	 167	 156	 166	 0	 10	 
 155	 167	 151	 171	 0	 20	 
 155	 167	 152	 170	 0	 18	 
 155	 167	 156	 166	 0	 10	 
 155	 167	 149	 173	 0	 24	 
 0	 0	 0	 0	 0	 0	 
 0	 0	 0	 0	 0	 0	 
 159	 170	 156	 173	 0	 17	 
 159	 170	 153	 176	 0	 23	 
 159	 170	 153	 176	 0	 23	 
 159	 170	 160	 169	 0	 9	 
 159	 170	 153	 176	 0	 23	 
 159	 170	 160	 169	 0	 9	 
 159	 170	 154	 175	 0	 21	 
 159	 170	 160	 169	 0	 9	 
 159	 170	 156	 173	 0	 17	 
 159	 170	 160	 169	 0	 9	 
 159	 170	 160	 169	 0	 9	 
 159	 170	 160	 169	 0	 9	 
 159	 170	 154	 175	 0	 21	 
 159	 170	 157	 172	 0	 15	 
 159	 170	 160	 169	 0	 9	 
 159	 170	 153	 176	 0	 23	 
 159	 170	 160	 169	 0	 9	 
 159	 170	 160	 169	 0	 9	 
 159	 170	 160	 169	 0	 9	 
 159	 170	 160	 169	 0	 9	 
 159	 170	 155	 174	 0	 19	 
 159	 170	 158	 171	 0	 13	 
 159	 170	 156	 173	 0	 17	 
 159	 170	 157	 172	 0	 15	 
 159	 170	 155	 174	 0	 19	 
 159	 170	 160	 169	 0	 9	 
 159	 170	 154	 175	 0	 21	 
 159	 170	 160	 169	 0	 9	 
 159	 170	 155	 174	 0	 19	 
 159	 170	 154	 175	 0	 21	 
 159	 170	 160	 169	 0	 9	 
 159	 170	 155	 174	 0	 19	 
 159	 170	 156	 173	 0	 17	 
 159	 170	 156	 173	 0	 17	 
 159	 170	 153	 176	 0	 23	 
 159	 170	 160	 169	 0	 9	 
 159	 170	 160	 169	 0	 9	 
 159	 170	 160	 169	 0	 9	 
 159	 170	 160	 169	 0	 9	 
 159	 170	 160	 169	 0	 9	 
 159	 170	 160	 169	 0	 9	 
 159	 170	 160	 169	 0	 9	 
 159	 170	 153	 176	 0	 23	 
 159	 170	 155	 174	 0	 19	 
 159	 170	 160	 169	 0	 9	 
 159	 170	 154	 175	 0	 21	 
 159	 170	 160	 169	 0	 9	 
 159	 170	 160	 169	 0	 9	 
 159	 170	 160	 169	 0	 9	 
 159	 170	 160	 169	 0	 9	 
 159	 170	 155	 174	 0	 19	 
 159	 170	 160	 169	 0	 9	 
 159	 170	 158	 171	 0	 13	 
 159	 170	 160	 169	 0	 9	 
 159	 170	 160	 169	 0	 9	 
 159	 170	 160	 169	 0	 9	 
 159	 170	 160	 169	 0	 9	 
 159	 170	 160	 169	 0	 9	 
 159	 170	 153	 176	 0	 23	 
 159	 170	 160	 169	 0	 9	 
 159	 170	 156	 173	 0	 17	 
 159	 170	 160	 169	 0	 9	 
 159	 170	 160	 169	 0	 9	 
 159	 170	 160	 169	 0	 9	 
 159	 170	 160	 169	 0	 9	 
 159	 170	 160	 169	 0	 9	 
 159	 170	 160	 169	 0	 9	 
 159	 170	 160	 169	 0	 9	 
 159	 170	 160	 169	 0	 9	 
 159	 170	 155	 174	 0	 19	 
 159	 170	 160	 169	 0	 9	 
 159	 170	 160	 169	 0	 9	 
 159	 170	 160	 169	 0	 9	 
 159	 170	 158	 171	 0	 13	 
 159	 170	 158	 171	 0	 13	 
 159	 170	 156	 173	 0	 17	 
 159	 170	 157	 172	 0	 15	 
 159	 170	 160	 169	 0	 9	 
 159	 170	 160	 169	 0	 9	 
 159	 170	 157	 172	 0	 15	 
 159	 170	 155	 174	 0	 19	 
 159	 170	 160	 169	 0	 9	 
 159	 170	 160	 169	 0	 9	 
 159	 170	 160	 169	 0	 9	 
 159	 170	 160	 169	 0	 9	 
 159	 170	 160	 169	 0	 9	 
 159	 170	 160	 169	 0	 9	 
 159	 170	 158	 171	 0	 13	 
 159	 170	 160	 169	 0	 9	 
 159	 170	 160	 169	 0	 9	 
 159	 170	 160	 169	 0	 9	 
 159	 170	 160	 169	 0	 9	 
 159	 170	 156	 173	 0	 17	 
 159	 170	 155	 174	 0	 19	 
 159	 170	 160	 169	 0	 9	 
 159	 170	 154	 175	 0	 21	 
 159	 170	 158	 171	 0	 13	 
 159	 170	 154	 175	 0	 21	 
 159	 170	 160	 169	 0	 9	 
 0	 0	 0	 0	 0	 0	 
 0	 0	 0	 0	 0	 0	 
 157	 174	 161	 170	 1	 9	 
 157	 174	 158	 173	 1	 15	 
 157	 174	 156	 175	 1	 19	 
 157	 174	 160	 171	 1	 11	 
 157	 174	 155	 176	 1	 21	 
 157	 174	 151	 180	 1	 29	 
 157	 174	 161	 170	 1	 9	 
 157	 174	 150	 180	 1	 30	 
 157	 174	 156	 175	 1	 19	 
 157	 174	 150	 180	 1	 30	 
 157	 174	 159	 172	 1	 13	 
 157	 174	 154	 177	 1	 23	 
 157	 174	 161	 170	 1	 9	 
 157	 174	 151	 180	 1	 29	 
 157	 174	 159	 172	 1	 13	 
 157	 174	 161	 170	 1	 9	 
 157	 174	 148	 180	 1	 32	 
 157	 174	 153	 178	 1	 25	 
 157	 174	 161	 170	 1	 9	 
 157	 174	 155	 176	 1	 21	 
 157	 174	 159	 172	 1	 13	 
 157	 174	 161	 170	 1	 9	 
 157	 174	 149	 180	 1	 31	 
 157	 174	 148	 180	 1	 32	 
 157	 174	 159	 172	 1	 13	 
 157	 174	 161	 170	 1	 9	 
 157	 174	 155	 176	 1	 21	 
 157	 174	 160	 171	 1	 11	 
 157	 174	 149	 180	 1	 31	 
 157	 174	 159	 172	 1	 13	 
 157	 174	 161	 170	 1	 9	 
 157	 174	 152	 179	 1	 27	 
 157	 174	 155	 176	 1	 21	 
 157	 174	 156	 175	 1	 19	 
 157	 174	 161	 170	 1	 9	 
 157	 174	 161	 170	 1	 9	 
 157	 174	 148	 180	 1	 32	 
 157	 174	 153	 178	 1	 25	 
 157	 174	 150	 180	 1	 30	 
 157	 174	 161	 170	 1	 9	 
 157	 174	 156	 175	 1	 19	 
 157	 174	 153	 178	 1	 25	 
 157	 174	 159	 172	 1	 13	 
 157	 174	 154	 177	 1	 23	 
 157	 174	 161	 170	 1	 9	 
 157	 174	 148	 180	 1	 32	 
 157	 174	 152	 179	 1	 27	 
 157	 174	 151	 180	 1	 29	 
 157	 174	 161	 170	 1	 9	 
 157	 174	 158	 173	 1	 15	 
 157	 174	 161	 170	 1	 9	 
 157	 174	 159	 172	 1	 13	 
 157	 174	 161	 170	 1	 9	 
 157	 174	 161	 170	 1	 9	 
 157	 174	 151	 180	 1	 29	 
 157	 174	 156	 175	 1	 19	 
 157	 174	 148	 180	 1	 32	 
 157	 174	 148	 180	 1	 32	 
 157	 174	 161	 170	 1	 9	 
 157	 174	 161	 170	 1	 9	 
 157	 174	 154	 177	 1	 23	 
 157	 174	 159	 172	 1	 13	 
 157	 174	 150	 180	 1	 30	 
 157	 174	 160	 171	 1	 11	 
 157	 174	 158	 173	 1	 15	 
 157	 174	 161	 170	 1	 9	 
 157	 174	 153	 178	 1	 25	 
 157	 174	 161	 170	 1	 9	 
 157	 174	 158	 173	 1	 15	 
 157	 174	 148	 180	 1	 32	 
 157	 174	 160	 171	 1	 11	 
 157	 174	 161	 170	 1	 9	 
 157	 174	 161	 170	 1	 9	 
 157	 174	 161	 170	 1	 9	 
 157	 174	 161	 170	 1	 9	 
 157	 174	 161	 170	 1	 9	 
 157	 174	 154	 177	 1	 23	 
 157	 174	 152	 179	 1	 27	 
 157	 174	 158	 173	 1	 15	 
 157	 174	 159	 172	 1	 13	 
 157	 174	 161	 170	 1	 9	 
 157	 174	 148	 180	 1	 32	 
 157	 174	 160	 171	 1	 11	 
 157	 174	 159	 172	 1	 13	 
 157	 174	 155	 176	 1	 21	 
 157	 174	 154	 177	 1	 23	 
 157	 174	 160	 171	 1	 11	 
 157	 174	 161	 170	 1	 9	 
 157	 174	 161	 170	 1	 9	 
 157	 174	 161	 170	 1	 9	 
 157	 174	 156	 175	 1	 19	 
 157	 174	 156	 175	 1	 19	 
 157	 174	 159	 172	 1	 13	 
 157	 174	 161	 170	 1	 9	 
 157	 174	 161	 170	 1	 9	 
 157	 174	 160	 171	 1	 11	 
 157	 174	 149	 180	 1	 31	 
 157	 174	 158	 173	 1	 15	 
 157	 174	 154	 177	 1	 23	 
 0	 0	 0	 0	 0	 0	 
 0	 0	 0	 0	 0	 0	 
 159	 170	 157	 172	 0	 15	 
 159	 170	 160	 169	 0	 9	 
 159	 170	 157	 172	 0	 15	 
 159	 170	 158	 171	 0	 13	 
 159	 170	 160	 169	 0	 9	 
 159	 170	 157	 172	 0	 15	 
 159	 170	 154	 175	 0	 21	 
 159	 170	 160	 169	 0	 9	 
 159	 170	 160	 169	 0	 9	 
 159	 170	 160	 169	 0	 9	 
 159	 170	 160	 169	 0	 9	 
 159	 170	 153	 176	 0	 23	 
 159	 170	 160	 169	 0	 9	 
 159	 170	 160	 169	 0	 9	 
 159	 170	 156	 173	 0	 17	 
 159	 170	 160	 169	 0	 9	 
 159	 170	 160	 169	 0	 9	 
 159	 170	 154	 175	 0	 21	 
 159	 170	 157	 172	 0	 15	 
 159	 170	 154	 175	 0	 21	 
 159	 170	 158	 171	 0	 13	 
 159	 170	 160	 169	 0	 9	 
 159	 170	 160	 169	 0	 9	 
 159	 170	 160	 169	 0	 9	 
 159	 170	 154	 175	 0	 21	 
 159	 170	 157	 172	 0	 15	 
 159	 170	 160	 169	 0	 9	 
 159	 170	 153	 176	 0	 23	 
 159	 170	 153	 176	 0	 23	 
 159	 170	 160	 169	 0	 9	 
 159	 170	 160	 169	 0	 9	 
 159	 170	 155	 174	 0	 19	 
 159	 170	 160	 169	 0	 9	 
 159	 170	 153	 176	 0	 23	 
 159	 170	 156	 173	 0	 17	 
 159	 170	 160	 169	 0	 9	 
 159	 170	 160	 169	 0	 9	 
 159	 170	 158	 171	 0	 13	 
 159	 170	 157	 172	 0	 15	 
 159	 170	 156	 173	 0	 17	 
 159	 170	 157	 172	 0	 15	 
 159	 170	 156	 173	 0	 17	 
 159	 170	 160	 169	 0	 9	 
 159	 170	 160	 169	 0	 9	 
 159	 170	 154	 175	 0	 21	 
 159	 170	 160	 169	 0	 9	 
 159	 170	 160	 169	 0	 9	 
 159	 170	 160	 169	 0	 9	 
 159	 170	 160	 169	 0	 9	 
 159	 170	 160	 169	 0	 9	 
 159	 170	 157	 172	 0	 15	 
 159	 170	 160	 169	 0	 9	 
 159	 170	 160	 169	 0	 9	 
 159	 170	 160	 169	 0	 9	 
 159	 170	 158	 171	 0	 13	 
 159	 170	 154	 175	 0	 21	 
 159	 170	 153	 176	 0	 23	 
 159	 170	 157	 172	 0	 15	 
 159	 170	 157	 172	 0	 15	 
 159	 170	 156	 173	 0	 17	 
 159	 170	 160	 169	 0	 9	 
 159	 170	 155	 174	 0	 19	 
 159	 170	 156	 173	 0	 17	 
 159	 170	 160	 169	 0	 9	 
 159	 170	 160	 169	 0	 9	 
 159	 170	 153	 176	 0	 23	 
 159	 170	 156	 173	 0	 17	 
 159	 170	 160	 169	 0	 9	 
 159	 170	 156	 173	 0	 17	 
 159	 170	 155	 174	 0	 19	 
 159	 170	 160	 169	 0	 9	 
 159	 170	 154	 175	 0	 21	 
 159	 170	 153	 176	 0	 23	 
 159	 170	 160	 169	 0	 9	 
 159	 170	 153	 176	 0	 23	 
 159	 170	 160	 169	 0	 9	 
 159	 170	 155	 174	 0	 19	 
 159	 170	 160	 169	 0	 9	 
 159	 170	 160	 169	 0	 9	 
 159	 170	 157	 172	 0	 15	 
 159	 170	 153	 176	 0	 23	 
 159	 170	 158	 171	 0	 13	 
 159	 170	 160	 169	 0	 9	 
 159	 170	 160	 169	 0	 9	 
 159	 170	 160	 169	 0	 9	 
 159	 170	 160	 169	 0	 9	 
 159	 170	 158	 171	 0	 13	 
 159	 170	 158	 171	 0	 13	 
 159	 170	 153	 176	 0	 23	 
 159	 170	 157	 172	 0	 15	 
 159	 170	 160	 169	 0	 9	 
 159	 170	 157	 172	 0	 15	 
 159	 170	 157	 172	 0	 15	 
 159	 170	 160	 169	 0	 9	 
 159	 170	 160	 169	 0	 9	 
 159	 170	 156	 173	 0	 17	 
 159	 170	 160	 169	 0	 9	 
 159	 170	 153	 176	 0	 23	 
 159	 170	 154	 175	 0	 21	 
 0	 0	 0	 0	 0	 0	 
 0	 0	 0	 0	 0	 0	 
 155	 178	 145	 180	 1	 35	 
 155	 178	 156	 177	 1	 21	 
 155	 178	 153	 180	 1	 27	 
 155	 178	 156	 177	 1	 21	 
 155	 178	 162	 171	 1	 9	 
 155	 178	 146	 180	 1	 34	 
 155	 178	 159	 174	 1	 15	 
 155	 178	 151	 180	 1	 29	 
 155	 178	 147	 180	 1	 33	 
 155	 178	 149	 180	 1	 31	 
 155	 178	 161	 172	 1	 11	 
 155	 178	 156	 177	 1	 21	 
 155	 178	 151	 180	 1	 29	 
 155	 178	 150	 180	 1	 30	 
 155	 178	 162	 171	 1	 9	 
 155	 178	 154	 179	 1	 25	 
 155	 178	 151	 180	 1	 29	 
 155	 178	 151	 180	 1	 29	 
 155	 178	 148	 180	 1	 32	 
 155	 178	 160	 173	 1	 13	 
 155	 178	 152	 180	 1	 28	 
 155	 178	 162	 171	 1	 9	 
 155	 178	 144	 180	 1	 36	 
 155	 178	 146	 180	 1	 34	 
 155	 178	 152	 180	 1	 28	 
 155	 178	 157	 176	 1	 19	 
 155	 178	 154	 179	 1	 25	 
 155	 178	 150	 180	 1	 30	 
 155	 178	 147	 180	 1	 33	 
 155	 178	 162	 171	 1	 9	 
 155	 178	 143	 180	 1	 37	 
 155	 178	 146	 180	 1	 34	 
 155	 178	 147	 180	 1	 33	 
 155	 178	 162	 171	 1	 9	 
 155	 178	 146	 180	 1	 34	 
 155	 178	 161	 172	 1	 11	 
 155	 178	 162	 171	 1	 9	 
 155	 178	 157	 176	 1	 19	 
 155	 178	 162	 171	 1	 9	 
 155	 178	 151	 180	 1	 29	 
 155	 178	 143	 180	 1	 37	 
 155	 178	 149	 180	 1	 31	 
 155	 178	 144	 180	 1	 36	 
 155	 178	 151	 180	 1	 29	 
 155	 178	 148	 180	 1	 32	 
 155	 178	 157	 176	 1	 19	 
 155	 178	 146	 180	 1	 34	 
 155	 178	 151	 180	 1	 29	 
 155	 178	 159	 174	 1	 15	 
 155	 178	 157	 176	 1	 19	 
 155	 178	 148	 180	 1	 32	 
 155	 178	 146	 180	 1	 34	 
 155	 178	 159	 174	 1	 15	 
 155	 178	 143	 180	 1	 37	 
 155	 178	 162	 171	 1	 9	 
 155	 178	 152	 180	 1	 28	 
 155	 178	 158	 175	 1	 17	 
 155	 178	 143	 180	 1	 37	 
 155	 178	 146	 180	 1	 34	 
 155	 178	 153	 180	 1	 27	 
 155	 178	 158	 175	 1	 17	 
 155	 178	 161	 172	 1	 11	 
 155	 178	 151	 180	 1	 29	 
 155	 178	 153	 180	 1	 27	 
 155	 178	 151	 180	 1	 29	 
 155	 178	 149	 180	 1	 31	 
 155	 178	 161	 172	 1	 11	 
 155	 178	 162	 171	 1	 9	 
 155	 178	 160	 173	 1	 13	 
 155	 178	 154	 179	 1	 25	 
 155	 178	 150	 180	 1	 30	 
 155	 178	 162	 171	 1	 9	 
 155	 178	 145	 180	 1	 35	 
 155	 178	 147	 180	 1	 33	 
 155	 178	 161	 172	 1	 11	 
 155	 178	 149	 180	 1	 31	 
 155	 178	 162	 171	 1	 9	 
 155	 178	 149	 180	 1	 31	 
 155	 178	 147	 180	 1	 33	 
 155	 178	 162	 171	 1	 9	 
 155	 178	 143	 180	 1	 37	 
 155	 178	 157	 176	 1	 19	 
 155	 178	 162	 171	 1	 9	 
 155	 178	 162	 171	 1	 9	 
 155	 178	 162	 171	 1	 9	 
 155	 178	 162	 171	 1	 9	 
 155	 178	 162	 171	 1	 9	 
 155	 178	 146	 180	 1	 34	 
 155	 178	 162	 171	 1	 9	 
 155	 178	 149	 180	 1	 31	 
 155	 178	 158	 175	 1	 17	 
 155	 178	 147	 180	 1	 33	 
 155	 178	 162	 171	 1	 9	 
 155	 178	 156	 177	 1	 21	 
 155	 178	 143	 180	 1	 37	 
 155	 178	 144	 180	 1	 36	 
 155	 178	 162	 171	 1	 9	 
 155	 178	 156	 177	 1	 21	 
 155	 178	 159	 174	 1	 15	 
 0	 0	 0	 0	 0	 0	 
 0	 0	 0	 0	 0	 0	 
 159	 170	 160	 169	 0	 9	 
 159	 170	 160	 169	 0	 9	 
 159	 170	 160	 169	 0	 9	 
 159	 170	 154	 175	 0	 21	 
 159	 170	 160	 169	 0	 9	 
 159	 170	 154	 175	 0	 21	 
 159	 170	 155	 174	 0	 19	 
 159	 170	 160	 169	 0	 9	 
 159	 170	 153	 176	 0	 23	 
 159	 170	 160	 169	 0	 9	 
 159	 170	 156	 173	 0	 17	 
 159	 170	 158	 171	 0	 13	 
 159	 170	 155	 174	 0	 19	 
 159	 170	 155	 174	 0	 19	 
 159	 170	 155	 174	 0	 19	 
 159	 170	 156	 173	 0	 17	 
 159	 170	 157	 172	 0	 15	 
 159	 170	 160	 169	 0	 9	 
 159	 170	 154	 175	 0	 21	 
 159	 170	 160	 169	 0	 9	 
 159	 170	 160	 169	 0	 9	 
 159	 170	 160	 169	 0	 9	 
 159	 170	 158	 171	 0	 13	 
 159	 170	 160	 169	 0	 9	 
 159	 170	 160	 169	 0	 9	 
 159	 170	 158	 171	 0	 13	 
 159	 170	 160	 169	 0	 9	 
 159	 170	 160	 169	 0	 9	 
 159	 170	 160	 169	 0	 9	 
 159	 170	 160	 169	 0	 9	 
 159	 170	 160	 169	 0	 9	 
 159	 170	 160	 169	 0	 9	 
 159	 170	 160	 169	 0	 9	 
 159	 170	 158	 171	 0	 13	 
 159	 170	 160	 169	 0	 9	 
 159	 170	 158	 171	 0	 13	 
 159	 170	 157	 172	 0	 15	 
 159	 170	 155	 174	 0	 19	 
 159	 170	 160	 169	 0	 9	 
 159	 170	 160	 169	 0	 9	 
 159	 170	 160	 169	 0	 9	 
 159	 170	 160	 169	 0	 9	 
 159	 170	 157	 172	 0	 15	 
 159	 170	 160	 169	 0	 9	 
 159	 170	 160	 169	 0	 9	 
 159	 170	 160	 169	 0	 9	 
 159	 170	 160	 169	 0	 9	 
 159	 170	 158	 171	 0	 13	 
 159	 170	 158	 171	 0	 13	 
 159	 170	 160	 169	 0	 9	 
 159	 170	 160	 169	 0	 9	 
 159	 170	 154	 175	 0	 21	 
 159	 170	 154	 175	 0	 21	 
 159	 170	 160	 169	 0	 9	 
 159	 170	 155	 174	 0	 19	 
 159	 170	 153	 176	 0	 23	 
 159	 170	 160	 169	 0	 9	 
 159	 170	 160	 169	 0	 9	 
 159	 170	 160	 169	 0	 9	 
 159	 170	 160	 169	 0	 9	 
 159	 170	 160	 169	 0	 9	 
 159	 170	 158	 171	 0	 13	 
 159	 170	 160	 169	 0	 9	 
 159	 170	 160	 169	 0	 9	 
 159	 170	 154	 175	 0	 21	 
 159	 170	 155	 174	 0	 19	 
 159	 170	 157	 172	 0	 15	 
 159	 170	 160	 169	 0	 9	 
 159	 170	 157	 172	 0	 15	 
 159	 170	 160	 169	 0	 9	 
 159	 170	 160	 169	 0	 9	 
 159	 170	 158	 171	 0	 13	 
 159	 170	 160	 169	 0	 9	 
 159	 170	 154	 175	 0	 21	 
 159	 170	 156	 173	 0	 17	 
 159	 170	 158	 171	 0	 13	 
 159	 170	 154	 175	 0	 21	 
 159	 170	 156	 173	 0	 17	 
 159	 170	 160	 169	 0	 9	 
 159	 170	 160	 169	 0	 9	 
 159	 170	 160	 169	 0	 9	 
 159	 170	 157	 172	 0	 15	 
 159	 170	 158	 171	 0	 13	 
 159	 170	 153	 176	 0	 23	 
 159	 170	 156	 173	 0	 17	 
 159	 170	 160	 169	 0	 9	 
 159	 170	 160	 169	 0	 9	 
 159	 170	 158	 171	 0	 13	 
 159	 170	 160	 169	 0	 9	 
 159	 170	 153	 176	 0	 23	 
 159	 170	 155	 174	 0	 19	 
 159	 170	 160	 169	 0	 9	 
 159	 170	 153	 176	 0	 23	 
 159	 170	 157	 172	 0	 15	 
 159	 170	 160	 169	 0	 9	 
 159	 170	 160	 169	 0	 9	 
 159	 170	 154	 175	 0	 21	 
 159	 170	 160	 169	 0	 9	 
 159	 170	 160	 169	 0	 9	 
 0	 0	 0	 0	 0	 0	 
 0	 0	 0	 0	 0	 0	 
 159	 170	 154	 175	 0	 21	 
 159	 170	 160	 169	 0	 9	 
 159	 170	 160	 169	 0	 9	 
 159	 170	 156	 173	 0	 17	 
 159	 170	 154	 175	 0	 21	 
 159	 170	 154	 175	 0	 21	 
 159	 170	 160	 169	 0	 9	 
 159	 170	 160	 169	 0	 9	 
 159	 170	 160	 169	 0	 9	 
 159	 170	 154	 175	 0	 21	 
 159	 170	 160	 169	 0	 9	 
 159	 170	 153	 176	 0	 23	 
 159	 170	 155	 174	 0	 19	 
 159	 170	 153	 176	 0	 23	 
 159	 170	 160	 169	 0	 9	 
 159	 170	 160	 169	 0	 9	 
 159	 170	 158	 171	 0	 13	 
 159	 170	 160	 169	 0	 9	 
 159	 170	 157	 172	 0	 15	 
 159	 170	 160	 169	 0	 9	 
 159	 170	 153	 176	 0	 23	 
 159	 170	 160	 169	 0	 9	 
 159	 170	 160	 169	 0	 9	 
 159	 170	 160	 169	 0	 9	 
 159	 170	 158	 171	 0	 13	 
 159	 170	 160	 169	 0	 9	 
 159	 170	 156	 173	 0	 17	 
 159	 170	 160	 169	 0	 9	 
 159	 170	 154	 175	 0	 21	 
 159	 170	 154	 175	 0	 21	 
 159	 170	 158	 171	 0	 13	 
 159	 170	 155	 174	 0	 19	 
 159	 170	 155	 174	 0	 19	 
 159	 170	 160	 169	 0	 9	 
 159	 170	 160	 169	 0	 9	 
 159	 170	 160	 169	 0	 9	 
 159	 170	 160	 169	 0	 9	 
 159	 170	 155	 174	 0	 19	 
 159	 170	 160	 169	 0	 9	 
 159	 170	 158	 171	 0	 13	 
 159	 170	 160	 169	 0	 9	 
 159	 170	 154	 175	 0	 21	 
 159	 170	 160	 169	 0	 9	 
 159	 170	 154	 175	 0	 21	 
 159	 170	 153	 176	 0	 23	 
 159	 170	 160	 169	 0	 9	 
 159	 170	 160	 169	 0	 9	 
 159	 170	 158	 171	 0	 13	 
 159	 170	 160	 169	 0	 9	 
 159	 170	 160	 169	 0	 9	 
 159	 170	 154	 175	 0	 21	 
 159	 170	 158	 171	 0	 13	 
 159	 170	 158	 171	 0	 13	 
 159	 170	 158	 171	 0	 13	 
 159	 170	 160	 169	 0	 9	 
 159	 170	 157	 172	 0	 15	 
 159	 170	 160	 169	 0	 9	 
 159	 170	 155	 174	 0	 19	 
 159	 170	 158	 171	 0	 13	 
 159	 170	 160	 169	 0	 9	 
 159	 170	 160	 169	 0	 9	 
 159	 170	 160	 169	 0	 9	 
 159	 170	 160	 169	 0	 9	 
 159	 170	 160	 169	 0	 9	 
 159	 170	 153	 176	 0	 23	 
 159	 170	 153	 176	 0	 23	 
 159	 170	 156	 173	 0	 17	 
 159	 170	 153	 176	 0	 23	 
 159	 170	 160	 169	 0	 9	 
 159	 170	 153	 176	 0	 23	 
 159	 170	 157	 172	 0	 15	 
 159	 170	 160	 169	 0	 9	 
 159	 170	 158	 171	 0	 13	 
 159	 170	 160	 169	 0	 9	 
 159	 170	 160	 169	 0	 9	 
 159	 170	 160	 169	 0	 9	 
 159	 170	 153	 176	 0	 23	 
 159	 170	 160	 169	 0	 9	 
 159	 170	 160	 169	 0	 9	 
 159	 170	 160	 169	 0	 9	 
 159	 170	 156	 173	 0	 17	 
 159	 170	 158	 171	 0	 13	 
 159	 170	 160	 169	 0	 9	 
 159	 170	 160	 169	 0	 9	 
 159	 170	 153	 176	 0	 23	 
 159	 170	 160	 169	 0	 9	 
 159	 170	 160	 169	 0	 9	 
 159	 170	 160	 169	 0	 9	 
 159	 170	 157	 172	 0	 15	 
 159	 170	 160	 169	 0	 9	 
 159	 170	 160	 169	 0	 9	 
 159	 170	 160	 169	 0	 9	 
 159	 170	 160	 169	 0	 9	 
 159	 170	 160	 169	 0	 9	 
 159	 170	 160	 169	 0	 9	 
 159	 170	 160	 169	 0	 9	 
 159	 170	 160	 169	 0	 9	 
 159	 170	 153	 176	 0	 23	 
 159	 170	 155	 174	 0	 19	 
 0	 0	 0	 0	 0	 0	 
 0	 0	 0	 0	 0	 0	 
 159	 170	 153	 176	 0	 23	 
 159	 170	 153	 176	 0	 23	 
 159	 170	 156	 173	 0	 17	 
 159	 170	 160	 169	 0	 9	 
 159	 170	 153	 176	 0	 23	 
 159	 170	 160	 169	 0	 9	 
 159	 170	 160	 169	 0	 9	 
 159	 170	 158	 171	 0	 13	 
 159	 170	 160	 169	 0	 9	 
 159	 170	 160	 169	 0	 9	 
 159	 170	 160	 169	 0	 9	 
 159	 170	 160	 169	 0	 9	 
 159	 170	 157	 172	 0	 15	 
 159	 170	 154	 175	 0	 21	 
 159	 170	 160	 169	 0	 9	 
 159	 170	 160	 169	 0	 9	 
 159	 170	 153	 176	 0	 23	 
 159	 170	 156	 173	 0	 17	 
 159	 170	 160	 169	 0	 9	 
 159	 170	 156	 173	 0	 17	 
 159	 170	 155	 174	 0	 19	 
 159	 170	 156	 173	 0	 17	 
 159	 170	 160	 169	 0	 9	 
 159	 170	 160	 169	 0	 9	 
 159	 170	 154	 175	 0	 21	 
 159	 170	 153	 176	 0	 23	 
 159	 170	 160	 169	 0	 9	 
 159	 170	 153	 176	 0	 23	 
 159	 170	 160	 169	 0	 9	 
 159	 170	 160	 169	 0	 9	 
 159	 170	 160	 169	 0	 9	 
 159	 170	 160	 169	 0	 9	 
 159	 170	 157	 172	 0	 15	 
 159	 170	 156	 173	 0	 17	 
 159	 170	 155	 174	 0	 19	 
 159	 170	 160	 169	 0	 9	 
 159	 170	 160	 169	 0	 9	 
 159	 170	 157	 172	 0	 15	 
 159	 170	 160	 169	 0	 9	 
 159	 170	 158	 171	 0	 13	 
 159	 170	 158	 171	 0	 13	 
 159	 170	 158	 171	 0	 13	 
 159	 170	 154	 175	 0	 21	 
 159	 170	 160	 169	 0	 9	 
 159	 170	 153	 176	 0	 23	 
 159	 170	 153	 176	 0	 23	 
 159	 170	 157	 172	 0	 15	 
 159	 170	 160	 169	 0	 9	 
 159	 170	 160	 169	 0	 9	 
 159	 170	 160	 169	 0	 9	 
 159	 170	 160	 169	 0	 9	 
 159	 170	 160	 169	 0	 9	 
 159	 170	 157	 172	 0	 15	 
 159	 170	 156	 173	 0	 17	 
 159	 170	 157	 172	 0	 15	 
 159	 170	 160	 169	 0	 9	 
 159	 170	 160	 169	 0	 9	 
 159	 170	 160	 169	 0	 9	 
 159	 170	 155	 174	 0	 19	 
 159	 170	 157	 172	 0	 15	 
 159	 170	 155	 174	 0	 19	 
 159	 170	 155	 174	 0	 19	 
 159	 170	 158	 171	 0	 13	 
 159	 170	 156	 173	 0	 17	 
 159	 170	 158	 171	 0	 13	 
 159	 170	 154	 175	 0	 21	 
 159	 170	 160	 169	 0	 9	 
 159	 170	 160	 169	 0	 9	 
 159	 170	 158	 171	 0	 13	 
 159	 170	 160	 169	 0	 9	 
 159	 170	 160	 169	 0	 9	 
 159	 170	 157	 172	 0	 15	 
 159	 170	 154	 175	 0	 21	 
 159	 170	 154	 175	 0	 21	 
 159	 170	 160	 169	 0	 9	 
 159	 170	 154	 175	 0	 21	 
 159	 170	 160	 169	 0	 9	 
 159	 170	 155	 174	 0	 19	 
 159	 170	 160	 169	 0	 9	 
 159	 170	 160	 169	 0	 9	 
 159	 170	 155	 174	 0	 19	 
 159	 170	 153	 176	 0	 23	 
 159	 170	 160	 169	 0	 9	 
 159	 170	 160	 169	 0	 9	 
 159	 170	 154	 175	 0	 21	 
 159	 170	 153	 176	 0	 23	 
 159	 170	 158	 171	 0	 13	 
 159	 170	 158	 171	 0	 13	 
 159	 170	 153	 176	 0	 23	 
 159	 170	 160	 169	 0	 9	 
 159	 170	 154	 175	 0	 21	 
 159	 170	 158	 171	 0	 13	 
 159	 170	 154	 175	 0	 21	 
 159	 170	 160	 169	 0	 9	 
 159	 170	 153	 176	 0	 23	 
 159	 170	 160	 169	 0	 9	 
 159	 170	 160	 169	 0	 9	 
 159	 170	 157	 172	 0	 15	 
 159	 170	 155	 174	 0	 19	 
 0	 0	 0	 0	 0	 0	 
 0	 0	 0	 0	 0	 0	 
 157	 174	 160	 171	 1	 11	 
 157	 174	 158	 173	 1	 15	 
 157	 174	 160	 171	 1	 11	 
 157	 174	 159	 172	 1	 13	 
 157	 174	 161	 170	 1	 9	 
 157	 174	 161	 170	 1	 9	 
 157	 174	 155	 176	 1	 21	 
 157	 174	 152	 179	 1	 27	 
 157	 174	 161	 170	 1	 9	 
 157	 174	 161	 170	 1	 9	 
 157	 174	 152	 179	 1	 27	 
 157	 174	 161	 170	 1	 9	 
 157	 174	 161	 170	 1	 9	 
 157	 174	 161	 170	 1	 9	 
 157	 174	 161	 170	 1	 9	 
 157	 174	 152	 179	 1	 27	 
 157	 174	 158	 173	 1	 15	 
 157	 174	 151	 180	 1	 29	 
 157	 174	 158	 173	 1	 15	 
 157	 174	 148	 180	 1	 32	 
 157	 174	 148	 180	 1	 32	 
 157	 174	 156	 175	 1	 19	 
 157	 174	 160	 171	 1	 11	 
 157	 174	 148	 180	 1	 32	 
 157	 174	 161	 170	 1	 9	 
 157	 174	 160	 171	 1	 11	 
 157	 174	 159	 172	 1	 13	 
 157	 174	 161	 170	 1	 9	 
 157	 174	 158	 173	 1	 15	 
 157	 174	 159	 172	 1	 13	 
 157	 174	 161	 170	 1	 9	 
 157	 174	 154	 177	 1	 23	 
 157	 174	 150	 180	 1	 30	 
 157	 174	 155	 176	 1	 21	 
 157	 174	 158	 173	 1	 15	 
 157	 174	 154	 177	 1	 23	 
 157	 174	 151	 180	 1	 29	 
 157	 174	 161	 170	 1	 9	 
 157	 174	 149	 180	 1	 31	 
 157	 174	 161	 170	 1	 9	 
 157	 174	 161	 170	 1	 9	 
 157	 174	 149	 180	 1	 31	 
 157	 174	 156	 175	 1	 19	 
 157	 174	 153	 178	 1	 25	 
 157	 174	 161	 170	 1	 9	 
 157	 174	 153	 178	 1	 25	 
 157	 174	 161	 170	 1	 9	 
 157	 174	 161	 170	 1	 9	 
 157	 174	 149	 180	 1	 31	 
 157	 174	 154	 177	 1	 23	 
 157	 174	 149	 180	 1	 31	 
 157	 174	 161	 170	 1	 9	 
 157	 174	 161	 170	 1	 9	 
 157	 174	 148	 180	 1	 32	 
 157	 174	 153	 178	 1	 25	 
 157	 174	 159	 172	 1	 13	 
 157	 174	 161	 170	 1	 9	 
 157	 174	 161	 170	 1	 9	 
 157	 174	 161	 170	 1	 9	 
 157	 174	 161	 170	 1	 9	 
 157	 174	 159	 172	 1	 13	 
 157	 174	 154	 177	 1	 23	 
 157	 174	 152	 179	 1	 27	 
 157	 174	 149	 180	 1	 31	 
 157	 174	 161	 170	 1	 9	 
 157	 174	 161	 170	 1	 9	 
 157	 174	 160	 171	 1	 11	 
 157	 174	 161	 170	 1	 9	 
 157	 174	 154	 177	 1	 23	 
 157	 174	 155	 176	 1	 21	 
 157	 174	 151	 180	 1	 29	 
 157	 174	 151	 180	 1	 29	 
 157	 174	 160	 171	 1	 11	 
 157	 174	 159	 172	 1	 13	 
 157	 174	 161	 170	 1	 9	 
 157	 174	 152	 179	 1	 27	 
 157	 174	 150	 180	 1	 30	 
 157	 174	 161	 170	 1	 9	 
 157	 174	 161	 170	 1	 9	 
 157	 174	 153	 178	 1	 25	 
 157	 174	 158	 173	 1	 15	 
 157	 174	 161	 170	 1	 9	 
 157	 174	 161	 170	 1	 9	 
 157	 174	 161	 170	 1	 9	 
 157	 174	 148	 180	 1	 32	 
 157	 174	 159	 172	 1	 13	 
 157	 174	 150	 180	 1	 30	 
 157	 174	 154	 177	 1	 23	 
 157	 174	 161	 170	 1	 9	 
 157	 174	 148	 180	 1	 32	 
 157	 174	 152	 179	 1	 27	 
 157	 174	 155	 176	 1	 21	 
 157	 174	 155	 176	 1	 21	 
 157	 174	 160	 171	 1	 11	 
 157	 174	 152	 179	 1	 27	 
 157	 174	 158	 173	 1	 15	 
 157	 174	 149	 180	 1	 31	 
 157	 174	 150	 180	 1	 30	 
 157	 174	 153	 178	 1	 25	 
 0	 0	 0	 0	 0	 0	 
 0	 0	 0	 0	 0	 0	 
 159	 170	 154	 175	 0	 21	 
 159	 170	 155	 174	 0	 19	 
 159	 170	 153	 176	 0	 23	 
 159	 170	 157	 172	 0	 15	 
 159	 170	 160	 169	 0	 9	 
 159	 170	 160	 169	 0	 9	 
 159	 170	 160	 169	 0	 9	 
 159	 170	 160	 169	 0	 9	 
 159	 170	 155	 174	 0	 19	 
 159	 170	 160	 169	 0	 9	 
 159	 170	 153	 176	 0	 23	 
 159	 170	 160	 169	 0	 9	 
 159	 170	 160	 169	 0	 9	 
 159	 170	 154	 175	 0	 21	 
 159	 170	 160	 169	 0	 9	 
 159	 170	 160	 169	 0	 9	 
 159	 170	 160	 169	 0	 9	 
 159	 170	 154	 175	 0	 21	 
 159	 170	 160	 169	 0	 9	 
 159	 170	 158	 171	 0	 13	 
 159	 170	 160	 169	 0	 9	 
 159	 170	 155	 174	 0	 19	 
 159	 170	 160	 169	 0	 9	 
 159	 170	 158	 171	 0	 13	 
 159	 170	 154	 175	 0	 21	 
 159	 170	 160	 169	 0	 9	 
 159	 170	 155	 174	 0	 19	 
 159	 170	 160	 169	 0	 9	 
 159	 170	 153	 176	 0	 23	 
 159	 170	 160	 169	 0	 9	 
 159	 170	 160	 169	 0	 9	 
 159	 170	 160	 169	 0	 9	 
 159	 170	 160	 169	 0	 9	 
 159	 170	 160	 169	 0	 9	 
 159	 170	 153	 176	 0	 23	 
 159	 170	 160	 169	 0	 9	 
 159	 170	 160	 169	 0	 9	 
 159	 170	 160	 169	 0	 9	 
 159	 170	 154	 175	 0	 21	 
 159	 170	 160	 169	 0	 9	 
 159	 170	 154	 175	 0	 21	 
 159	 170	 154	 175	 0	 21	 
 159	 170	 160	 169	 0	 9	 
 159	 170	 157	 172	 0	 15	 
 159	 170	 160	 169	 0	 9	 
 159	 170	 156	 173	 0	 17	 
 159	 170	 156	 173	 0	 17	 
 159	 170	 160	 169	 0	 9	 
 159	 170	 153	 176	 0	 23	 
 159	 170	 160	 169	 0	 9	 
 159	 170	 153	 176	 0	 23	 
 159	 170	 160	 169	 0	 9	 
 159	 170	 160	 169	 0	 9	 
 159	 170	 160	 169	 0	 9	 
 159	 170	 160	 169	 0	 9	 
 159	 170	 154	 175	 0	 21	 
 159	 170	 160	 169	 0	 9	 
 159	 170	 160	 169	 0	 9	 
 159	 170	 154	 175	 0	 21	 
 159	 170	 153	 176	 0	 23	 
 159	 170	 160	 169	 0	 9	 
 159	 170	 156	 173	 0	 17	 
 159	 170	 160	 169	 0	 9	 
 159	 170	 157	 172	 0	 15	 
 159	 170	 160	 169	 0	 9	 
 159	 170	 160	 169	 0	 9	 
 159	 170	 154	 175	 0	 21	 
 159	 170	 155	 174	 0	 19	 
 159	 170	 156	 173	 0	 17	 
 159	 170	 154	 175	 0	 21	 
 159	 170	 154	 175	 0	 21	 
 159	 170	 153	 176	 0	 23	 
 159	 170	 160	 169	 0	 9	 
 159	 170	 160	 169	 0	 9	 
 159	 170	 160	 169	 0	 9	 
 159	 170	 160	 169	 0	 9	 
 159	 170	 157	 172	 0	 15	 
 159	 170	 154	 175	 0	 21	 
 159	 170	 153	 176	 0	 23	 
 159	 170	 160	 169	 0	 9	 
 159	 170	 160	 169	 0	 9	 
 159	 170	 160	 169	 0	 9	 
 159	 170	 160	 169	 0	 9	 
 159	 170	 156	 173	 0	 17	 
 159	 170	 157	 172	 0	 15	 
 159	 170	 154	 175	 0	 21	 
 159	 170	 157	 172	 0	 15	 
 159	 170	 158	 171	 0	 13	 
 159	 170	 154	 175	 0	 21	 
 159	 170	 160	 169	 0	 9	 
 159	 170	 160	 169	 0	 9	 
 159	 170	 153	 176	 0	 23	 
 159	 170	 154	 175	 0	 21	 
 159	 170	 160	 169	 0	 9	 
 159	 170	 160	 169	 0	 9	 
 159	 170	 160	 169	 0	 9	 
 159	 170	 156	 173	 0	 17	 
 159	 170	 160	 169	 0	 9	 
 159	 170	 160	 169	 0	 9	 
 0	 0	 0	 0	 0	 0	 
 0	 0	 0	 0	 0	 0	 
 137	 152	 139	 150	 1	 11	 
 137	 152	 140	 149	 1	 9	 
 137	 152	 133	 156	 1	 23	 
 137	 152	 129	 160	 1	 31	 
 137	 152	 132	 157	 1	 25	 
 137	 152	 140	 149	 1	 9	 
 137	 152	 136	 153	 1	 17	 
 137	 152	 132	 157	 1	 25	 
 137	 152	 136	 153	 1	 17	 
 137	 152	 136	 153	 1	 17	 
 137	 152	 136	 153	 1	 17	 
 137	 152	 140	 149	 1	 9	 
 137	 152	 140	 149	 1	 9	 
 137	 152	 138	 151	 1	 13	 
 137	 152	 132	 157	 1	 25	 
 137	 152	 136	 153	 1	 17	 
 137	 152	 135	 154	 1	 19	 
 137	 152	 129	 160	 1	 31	 
 137	 152	 140	 149	 1	 9	 
 137	 152	 140	 149	 1	 9	 
 137	 152	 135	 154	 1	 19	 
 137	 152	 131	 158	 1	 27	 
 137	 152	 140	 149	 1	 9	 
 137	 152	 138	 151	 1	 13	 
 137	 152	 134	 155	 1	 21	 
 137	 152	 129	 160	 1	 31	 
 137	 152	 140	 149	 1	 9	 
 137	 152	 131	 158	 1	 27	 
 137	 152	 134	 155	 1	 21	 
 137	 152	 140	 149	 1	 9	 
 137	 152	 135	 154	 1	 19	 
 137	 152	 133	 156	 1	 23	 
 137	 152	 131	 158	 1	 27	 
 137	 152	 130	 159	 1	 29	 
 137	 152	 139	 150	 1	 11	 
 137	 152	 140	 149	 1	 9	 
 137	 152	 140	 149	 1	 9	 
 137	 152	 131	 158	 1	 27	 
 137	 152	 140	 149	 1	 9	 
 137	 152	 140	 149	 1	 9	 
 137	 152	 135	 154	 1	 19	 
 137	 152	 136	 153	 1	 17	 
 137	 152	 129	 160	 1	 31	 
 137	 152	 133	 156	 1	 23	 
 137	 152	 131	 158	 1	 27	 
 137	 152	 140	 149	 1	 9	 
 137	 152	 136	 153	 1	 17	 
 137	 152	 140	 149	 1	 9	 
 137	 152	 140	 149	 1	 9	 
 137	 152	 140	 149	 1	 9	 
 137	 152	 140	 149	 1	 9	 
 137	 152	 140	 149	 1	 9	 
 137	 152	 130	 159	 1	 29	 
 137	 152	 140	 149	 1	 9	 
 137	 152	 140	 149	 1	 9	 
 137	 152	 140	 149	 1	 9	 
 137	 152	 130	 159	 1	 29	 
 137	 152	 140	 149	 1	 9	 
 137	 152	 140	 149	 1	 9	 
 137	 152	 131	 158	 1	 27	 
 137	 152	 133	 156	 1	 23	 
 137	 152	 133	 156	 1	 23	 
 137	 152	 129	 160	 1	 31	 
 137	 152	 130	 159	 1	 29	 
 137	 152	 140	 149	 1	 9	 
 137	 152	 138	 151	 1	 13	 
 137	 152	 133	 156	 1	 23	 
 137	 152	 132	 157	 1	 25	 
 137	 152	 140	 149	 1	 9	 
 137	 152	 140	 149	 1	 9	 
 137	 152	 129	 160	 1	 31	 
 137	 152	 138	 151	 1	 13	 
 137	 152	 130	 159	 1	 29	 
 137	 152	 140	 149	 1	 9	 
 137	 152	 134	 155	 1	 21	 
 137	 152	 140	 149	 1	 9	 
 137	 152	 136	 153	 1	 17	 
 137	 152	 133	 156	 1	 23	 
 137	 152	 140	 149	 1	 9	 
 137	 152	 134	 155	 1	 21	 
 137	 152	 138	 151	 1	 13	 
 137	 152	 140	 149	 1	 9	 
 137	 152	 139	 150	 1	 11	 
 137	 152	 135	 154	 1	 19	 
 137	 152	 131	 158	 1	 27	 
 137	 152	 132	 157	 1	 25	 
 137	 152	 140	 149	 1	 9	 
 137	 152	 136	 153	 1	 17	 
 137	 152	 133	 156	 1	 23	 
 137	 152	 132	 157	 1	 25	 
 137	 152	 130	 159	 1	 29	 
 137	 152	 136	 153	 1	 17	 
 137	 152	 132	 157	 1	 25	 
 137	 152	 140	 149	 1	 9	 
 137	 152	 140	 149	 1	 9	 
 137	 152	 132	 157	 1	 25	 
 137	 152	 138	 151	 1	 13	 
 137	 152	 129	 160	 1	 31	 
 137	 152	 140	 149	 1	 9	 
 0	 0	 0	 0	 0	 0	 
 