Condicionamento
8.329913e+02	 1	 0	 
 2.921827e+03	 1	 0	 
 1.566852e+04	 1	 0	 
 3.619668e+04	 1	 0	 
 1.269950e+04	 1	 0	 
 7.504908e+04	 1	 0	 
 2.141467e+03	 1	 0	 
 4.249358e+03	 1	 0	 
 6.254899e+02	 1	 0	 
 1.648457e+04	 1	 0	 
 1.648457e+04	 1	 1	 
 6.254899e+02	 1	 2	 
 6.254899e+02	 1	 3	 
 1.648457e+04	 2	 1	 
 1.566852e+04	 2	 2	 
 1.566852e+04	 2	 3	 
 1.648457e+04	 3	 1	 
 1.648457e+04	 3	 2	 
 1.648457e+04	 3	 3	 
 1.648457e+04	 4	 1	 
 1.648457e+04	 4	 2	 
 1.648457e+04	 4	 3	 
 1.648457e+04	 5	 1	 
 4.249358e+03	 5	 2	 
 4.249358e+03	 5	 3	 
 1.648457e+04	 6	 1	 
 4.249358e+03	 6	 2	 
 4.249358e+03	 6	 3	 
 1.648457e+04	 7	 1	 
 2.141467e+03	 7	 2	 
 2.141467e+03	 7	 3	 
 1.648457e+04	 8	 1	 
 1.269950e+04	 8	 2	 
 1.269950e+04	 8	 3	 
 1.648457e+04	 9	 1	 
 2.141467e+03	 9	 2	 
 2.141467e+03	 9	 3	 
 1.648457e+04	 10	 1	 
 6.254899e+02	 10	 2	 
 6.254899e+02	 10	 3	 
 