2.746592e-01	 6.384141e-01	 1.090670e-03	 8.803993e-02	 8.063692e+04	 5.244454e+00	 
 1.896648e-01	 7.016939e-01	 8.017882e-05	 1.085612e-01	 4.935311e+04	 7.621438e+00	 
 4.130441e-01	 3.869256e-01	 3.024921e-04	 1.121637e-01	 3.940350e+04	 1.000393e+01	 
 4.509802e-01	 3.528330e-01	 3.734387e-04	 1.014545e-01	 4.469230e+04	 1.028787e+01	 
 4.647588e-01	 3.404472e-01	 3.992069e-04	 9.756687e-02	 4.606432e+04	 9.854348e+00	 
 4.631392e-01	 3.418976e-01	 3.961777e-04	 9.802737e-02	 4.886597e+04	 9.812005e+00	 
 4.430437e-01	 3.599644e-01	 3.585962e-04	 1.036955e-01	 4.204014e+04	 1.017226e+01	 
 4.311199e-01	 3.706718e-01	 3.362966e-04	 1.070669e-01	 3.561203e+04	 9.531178e+00	 
 4.218665e-01	 3.789902e-01	 3.189913e-04	 1.096775e-01	 3.560590e+04	 9.651330e+00	 
 4.319691e-01	 3.699084e-01	 3.378845e-04	 1.068274e-01	 3.561259e+04	 9.523094e+00	 
 4.193691e-01	 3.812353e-01	 3.143208e-04	 1.103820e-01	 3.560424e+04	 9.693807e+00	 
 4.234379e-01	 3.775776e-01	 3.219299e-04	 1.092342e-01	 3.560694e+04	 9.626709e+00	 
 4.554098e-01	 3.488489e-01	 3.817226e-04	 1.002061e-01	 4.205575e+04	 9.855193e+00	 
 4.249343e-01	 3.762324e-01	 3.247285e-04	 1.088120e-01	 3.560793e+04	 9.604850e+00	 
 4.638356e-01	 3.412716e-01	 3.974802e-04	 9.783085e-02	 4.886726e+04	 9.793245e+00	 
 4.176270e-01	 3.828014e-01	 3.110627e-04	 1.108735e-01	 3.560309e+04	 9.725678e+00	 
 4.344466e-01	 3.676812e-01	 3.425179e-04	 1.061284e-01	 3.561423e+04	 9.502085e+00	 
 4.634860e-01	 3.415859e-01	 3.968263e-04	 9.792951e-02	 4.886661e+04	 9.802596e+00	 
 4.519739e-01	 3.519340e-01	 3.752969e-04	 1.011778e-01	 4.884519e+04	 1.015881e+01	 
 4.376541e-01	 3.648115e-01	 3.485170e-04	 1.052146e-01	 4.740626e+04	 1.039273e+01	 
 4.461585e-01	 3.571645e-01	 3.644214e-04	 1.028166e-01	 4.204408e+04	 1.009029e+01	 
 4.296410e-01	 3.720013e-01	 3.335307e-04	 1.074841e-01	 3.561105e+04	 9.546391e+00	 
 4.586686e-01	 3.459234e-01	 3.878173e-04	 9.928415e-02	 4.340067e+04	 1.005340e+01	 
 4.223286e-01	 3.785748e-01	 3.198554e-04	 1.095471e-01	 3.560620e+04	 9.643916e+00	 
 4.617579e-01	 3.431445e-01	 3.935948e-04	 9.841366e-02	 4.606000e+04	 9.926447e+00	 
 4.234492e-01	 3.775674e-01	 3.219512e-04	 1.092310e-01	 3.560694e+04	 9.626537e+00	 
 4.518705e-01	 3.520331e-01	 3.751038e-04	 1.012030e-01	 4.742958e+04	 9.963097e+00	 
 4.207819e-01	 3.799652e-01	 3.169630e-04	 1.099835e-01	 3.560518e+04	 9.669289e+00	 
 4.620004e-01	 3.429286e-01	 3.940483e-04	 9.834393e-02	 4.340506e+04	 9.970689e+00	 
 4.123976e-01	 3.875046e-01	 3.012831e-04	 1.123473e-01	 3.682638e+04	 9.689337e+00	 
 4.264654e-01	 3.748560e-01	 3.275918e-04	 1.083801e-01	 3.560894e+04	 9.584121e+00	 
 4.225973e-01	 3.783379e-01	 3.203581e-04	 1.094683e-01	 3.941472e+04	 9.725078e+00	 
 4.311626e-01	 3.706334e-01	 3.363763e-04	 1.070549e-01	 3.561206e+04	 9.530761e+00	 
 4.516423e-01	 3.522389e-01	 3.746771e-04	 1.012669e-01	 4.339142e+04	 1.023167e+01	 
 4.299500e-01	 3.717235e-01	 3.341086e-04	 1.073970e-01	 3.561125e+04	 9.543092e+00	 
 4.595926e-01	 3.450909e-01	 3.895452e-04	 9.902471e-02	 4.605689e+04	 9.981377e+00	 
 4.369103e-01	 3.654665e-01	 3.471253e-04	 1.054334e-01	 3.561586e+04	 9.484757e+00	 
 4.328125e-01	 3.691502e-01	 3.394620e-04	 1.065894e-01	 3.561315e+04	 9.515518e+00	 
 4.261996e-01	 3.750949e-01	 3.270948e-04	 1.084550e-01	 3.560877e+04	 9.587600e+00	 
 4.282608e-01	 3.732420e-01	 3.309496e-04	 1.078735e-01	 3.561013e+04	 9.561926e+00	 
 4.137320e-01	 3.863071e-01	 3.037787e-04	 1.119696e-01	 3.940431e+04	 9.982503e+00	 
 4.196325e-01	 3.809985e-01	 3.148133e-04	 1.103077e-01	 3.560442e+04	 9.689143e+00	 
 4.435550e-01	 3.595017e-01	 3.595524e-04	 1.035532e-01	 4.882953e+04	 1.042563e+01	 
 4.519680e-01	 3.519443e-01	 3.752860e-04	 1.011762e-01	 4.604592e+04	 1.018402e+01	 
 4.137294e-01	 3.863113e-01	 3.037739e-04	 1.119691e-01	 3.810650e+04	 9.842819e+00	 
 4.370266e-01	 3.653619e-01	 3.473430e-04	 1.054005e-01	 3.561594e+04	 9.484021e+00	 
 4.490600e-01	 3.545565e-01	 3.698475e-04	 1.019979e-01	 4.204774e+04	 1.001425e+01	 
 4.279153e-01	 3.735526e-01	 3.303035e-04	 1.079710e-01	 3.560990e+04	 9.566021e+00	 
 4.489855e-01	 3.546234e-01	 3.697084e-04	 1.020189e-01	 4.204764e+04	 1.001619e+01	 
 4.269356e-01	 3.744333e-01	 3.284712e-04	 1.082474e-01	 3.560925e+04	 9.578088e+00	 
 4.346631e-01	 3.674866e-01	 3.429229e-04	 1.060673e-01	 3.561437e+04	 9.500425e+00	 
 4.587350e-01	 3.458565e-01	 3.879412e-04	 9.927006e-02	 4.885777e+04	 9.941284e+00	 
 4.247605e-01	 3.763953e-01	 3.244036e-04	 1.088567e-01	 3.811744e+04	 9.601813e+00	 
 4.205385e-01	 3.801864e-01	 3.165078e-04	 1.100506e-01	 3.683339e+04	 9.548829e+00	 
 4.316949e-01	 3.701548e-01	 3.373719e-04	 1.069047e-01	 3.561241e+04	 9.525653e+00	 
 4.349569e-01	 3.672225e-01	 3.434722e-04	 1.059844e-01	 3.561457e+04	 9.498215e+00	 
 4.526963e-01	 3.512847e-01	 3.766479e-04	 1.009740e-01	 4.884654e+04	 1.013527e+01	 
 4.255076e-01	 3.757218e-01	 3.258008e-04	 1.086472e-01	 3.941814e+04	 9.656033e+00	 
 4.341040e-01	 3.679893e-01	 3.418771e-04	 1.062251e-01	 3.561400e+04	 9.504769e+00	 
 4.313302e-01	 3.704828e-01	 3.366898e-04	 1.070076e-01	 3.561217e+04	 9.529133e+00	 
 4.447288e-01	 3.584513e-01	 3.617477e-04	 1.032190e-01	 4.603551e+04	 1.037554e+01	 
 4.382934e-01	 3.642231e-01	 3.497120e-04	 1.050431e-01	 3.561678e+04	 9.476469e+00	 
 4.404772e-01	 3.622683e-01	 3.537964e-04	 1.044217e-01	 4.882381e+04	 1.051764e+01	 
 4.253510e-01	 3.758603e-01	 3.255080e-04	 1.086928e-01	 3.683753e+04	 9.497832e+00	 
 4.216322e-01	 3.792009e-01	 3.185530e-04	 1.097436e-01	 3.560574e+04	 9.655146e+00	 
 4.269258e-01	 3.744422e-01	 3.284528e-04	 1.082502e-01	 3.560925e+04	 9.578213e+00	 
 4.223538e-01	 3.785521e-01	 3.199026e-04	 1.095400e-01	 3.560622e+04	 9.643516e+00	 
 4.345269e-01	 3.676091e-01	 3.426680e-04	 1.061058e-01	 3.561428e+04	 9.501466e+00	 
 4.229851e-01	 3.779912e-01	 3.210834e-04	 1.093576e-01	 3.811568e+04	 9.631828e+00	 
 4.182763e-01	 3.822176e-01	 3.122771e-04	 1.106903e-01	 3.560352e+04	 9.713597e+00	 
 4.391446e-01	 3.634646e-01	 3.513041e-04	 1.047987e-01	 4.075581e+04	 9.799977e+00	 
 4.265888e-01	 3.747518e-01	 3.278229e-04	 1.083408e-01	 3.811925e+04	 9.574733e+00	 
 4.207241e-01	 3.800172e-01	 3.168548e-04	 1.099998e-01	 3.560514e+04	 9.670268e+00	 
 4.733242e-01	 3.327491e-01	 4.152254e-04	 9.514923e-02	 4.472275e+04	 9.755460e+00	 
 4.277558e-01	 3.737028e-01	 3.300054e-04	 1.080116e-01	 3.812041e+04	 9.559420e+00	 
 4.264558e-01	 3.748646e-01	 3.275739e-04	 1.083828e-01	 3.560894e+04	 9.584246e+00	 
 4.195768e-01	 3.810486e-01	 3.147091e-04	 1.103235e-01	 3.560438e+04	 9.690126e+00	 
 4.181746e-01	 3.823115e-01	 3.120869e-04	 1.107175e-01	 3.683135e+04	 9.582359e+00	 
 4.105006e-01	 3.892137e-01	 2.977355e-04	 1.128802e-01	 3.810330e+04	 9.931474e+00	 
 4.186140e-01	 3.819165e-01	 3.129086e-04	 1.105935e-01	 3.683173e+04	 9.575678e+00	 
 4.347743e-01	 3.674001e-01	 3.431313e-04	 1.060273e-01	 4.740154e+04	 1.047608e+01	 
 4.704296e-01	 3.353500e-01	 4.098121e-04	 9.596664e-02	 4.607248e+04	 9.736075e+00	 
 4.364251e-01	 3.659027e-01	 3.462180e-04	 1.055702e-01	 3.561554e+04	 9.487904e+00	 
 4.392603e-01	 3.633539e-01	 3.515202e-04	 1.047704e-01	 3.561742e+04	 9.471254e+00	 
 4.278153e-01	 3.736425e-01	 3.301163e-04	 1.079992e-01	 3.560984e+04	 9.567222e+00	 
 4.378797e-01	 3.646088e-01	 3.489388e-04	 1.051510e-01	 4.740663e+04	 1.038610e+01	 
 4.344756e-01	 3.676551e-01	 3.425722e-04	 1.061202e-01	 3.561425e+04	 9.501861e+00	 
 4.751534e-01	 3.311050e-01	 4.186463e-04	 9.463304e-02	 4.472524e+04	 9.723190e+00	 
 4.497721e-01	 3.539180e-01	 3.711795e-04	 1.017959e-01	 4.604276e+04	 1.024281e+01	 
 4.327792e-01	 3.691801e-01	 3.393997e-04	 1.065988e-01	 3.561313e+04	 9.515808e+00	 
 4.711951e-01	 3.346619e-01	 4.112437e-04	 9.575063e-02	 4.607358e+04	 9.722222e+00	 
 4.224047e-01	 3.785063e-01	 3.199978e-04	 1.095256e-01	 3.560625e+04	 9.642708e+00	 
 4.297803e-01	 3.718760e-01	 3.337913e-04	 1.074448e-01	 3.561114e+04	 9.544895e+00	 
 4.208949e-01	 3.798636e-01	 3.171743e-04	 1.099516e-01	 3.560525e+04	 9.667382e+00	 
 4.158155e-01	 3.844360e-01	 3.076752e-04	 1.113806e-01	 3.810857e+04	 9.788554e+00	 
 4.212327e-01	 3.795599e-01	 3.178060e-04	 1.098563e-01	 3.560548e+04	 9.661731e+00	 
 4.211731e-01	 3.796135e-01	 3.176945e-04	 1.098731e-01	 3.560544e+04	 9.662723e+00	 
 4.260088e-01	 3.752664e-01	 3.267381e-04	 1.085088e-01	 3.560864e+04	 9.590128e+00	 
 4.372291e-01	 3.651799e-01	 3.477216e-04	 1.053434e-01	 3.561608e+04	 9.482758e+00	 
 4.622327e-01	 3.427198e-01	 3.944828e-04	 9.827837e-02	 4.340537e+04	 9.965037e+00	 
 4.252549e-01	 3.759442e-01	 3.253281e-04	 1.087215e-01	 3.560814e+04	 9.600372e+00	 
 4.347320e-01	 3.674311e-01	 3.430519e-04	 1.060437e-01	 4.075027e+04	 9.919956e+00	 
 4.674792e-01	 3.379964e-01	 4.042942e-04	 9.680277e-02	 4.887404e+04	 9.704487e+00	 
 4.210576e-01	 3.797220e-01	 3.174786e-04	 1.099027e-01	 3.941291e+04	 9.765606e+00	 
 4.342285e-01	 3.678906e-01	 3.421106e-04	 1.061813e-01	 4.740064e+04	 1.049160e+01	 
 4.281530e-01	 3.733390e-01	 3.307479e-04	 1.079039e-01	 3.561006e+04	 9.563195e+00	 
 4.273504e-01	 3.740604e-01	 3.292471e-04	 1.081304e-01	 3.560953e+04	 9.572896e+00	 
 4.517199e-01	 3.521623e-01	 3.748219e-04	 1.012494e-01	 4.884472e+04	 1.016707e+01	 
 4.258168e-01	 3.754391e-01	 3.263789e-04	 1.085630e-01	 3.560851e+04	 9.592699e+00	 
 4.503377e-01	 3.534097e-01	 3.722372e-04	 1.016363e-01	 4.604357e+04	 1.022770e+01	 
 4.311758e-01	 3.706215e-01	 3.364011e-04	 1.070511e-01	 3.561206e+04	 9.530631e+00	 
 4.335863e-01	 3.684546e-01	 3.409091e-04	 1.063711e-01	 3.561366e+04	 9.508956e+00	 
 4.560432e-01	 3.482794e-01	 3.829074e-04	 1.000274e-01	 4.205655e+04	 9.840343e+00	 
 4.382980e-01	 3.642190e-01	 3.497206e-04	 1.050418e-01	 3.561678e+04	 9.476443e+00	 
 4.339643e-01	 3.681212e-01	 3.416162e-04	 1.062603e-01	 4.074930e+04	 9.941774e+00	 
 4.652041e-01	 3.400450e-01	 4.000396e-04	 9.744241e-02	 4.206812e+04	 9.660601e+00	 
 4.270049e-01	 3.743710e-01	 3.286008e-04	 1.082278e-01	 3.560930e+04	 9.577213e+00	 
 4.246736e-01	 3.764668e-01	 3.242409e-04	 1.088856e-01	 3.560776e+04	 9.608545e+00	 
 4.781492e-01	 3.284135e-01	 4.242490e-04	 9.378681e-02	 4.342632e+04	 9.657823e+00	 
 4.331522e-01	 3.688448e-01	 3.400973e-04	 1.064936e-01	 3.561337e+04	 9.512592e+00	 
 4.674678e-01	 3.380143e-01	 4.042731e-04	 9.680108e-02	 4.341226e+04	 9.844146e+00	 
 4.384684e-01	 3.640796e-01	 3.500398e-04	 1.049849e-01	 4.740760e+04	 1.036873e+01	 
 4.330990e-01	 3.688927e-01	 3.399976e-04	 1.065086e-01	 3.561334e+04	 9.513046e+00	 
 4.191172e-01	 3.814617e-01	 3.138496e-04	 1.104531e-01	 3.560407e+04	 9.698307e+00	 
 4.759642e-01	 3.303761e-01	 4.201628e-04	 9.440421e-02	 4.472635e+04	 9.709783e+00	 
 4.379505e-01	 3.645313e-01	 3.490708e-04	 1.051399e-01	 3.561655e+04	 9.478431e+00	 
 4.286655e-01	 3.728782e-01	 3.317065e-04	 1.077593e-01	 3.561040e+04	 9.557234e+00	 
 4.264298e-01	 3.729600e-01	 3.240279e-04	 1.099012e-01	 3.562175e+04	 9.320352e+00	 
 4.535911e-01	 3.482586e-01	 3.742817e-04	 1.024636e-01	 4.606661e+04	 9.967036e+00	 
 4.324492e-01	 3.674825e-01	 3.351650e-04	 1.082550e-01	 3.562618e+04	 9.261968e+00	 
 4.343503e-01	 3.657662e-01	 3.386827e-04	 1.077263e-01	 4.741784e+04	 1.037920e+01	 
 4.405479e-01	 3.601199e-01	 3.501492e-04	 1.060357e-01	 4.077304e+04	 9.523463e+00	 
 4.540687e-01	 3.478252e-01	 3.751655e-04	 1.023321e-01	 4.745202e+04	 9.656290e+00	 
 4.509296e-01	 3.506784e-01	 3.693575e-04	 1.031927e-01	 4.206675e+04	 9.777140e+00	 
 4.342730e-01	 3.658295e-01	 3.385395e-04	 1.077520e-01	 4.076465e+04	 9.751464e+00	 
 4.501946e-01	 3.513472e-01	 3.679976e-04	 1.033938e-01	 4.206576e+04	 9.802156e+00	 
 4.358893e-01	 3.643522e-01	 3.415297e-04	 1.073142e-01	 3.562871e+04	 9.248335e+00	 
 4.321404e-01	 3.677635e-01	 3.345936e-04	 1.083395e-01	 3.562595e+04	 9.263652e+00	 
 4.650533e-01	 3.378295e-01	 3.954890e-04	 9.932798e-02	 4.608414e+04	 9.597464e+00	 
 4.249163e-01	 3.743372e-01	 3.212277e-04	 1.103152e-01	 3.562063e+04	 9.346387e+00	 
 4.339004e-01	 3.661620e-01	 3.378498e-04	 1.078581e-01	 3.562725e+04	 9.255209e+00	 
 4.531452e-01	 3.486654e-01	 3.734569e-04	 1.025847e-01	 4.745042e+04	 9.687315e+00	 
 4.419171e-01	 3.588756e-01	 3.526825e-04	 1.056601e-01	 4.884485e+04	 1.035743e+01	 
 4.376848e-01	 3.627265e-01	 3.448521e-04	 1.068177e-01	 4.883656e+04	 1.049915e+01	 
 4.240459e-01	 3.751292e-01	 3.196174e-04	 1.105532e-01	 3.561999e+04	 9.363576e+00	 
 4.187013e-01	 3.799927e-01	 3.097288e-04	 1.120149e-01	 3.561606e+04	 9.494571e+00	 
 4.582980e-01	 3.439772e-01	 3.829905e-04	 1.011751e-01	 4.745935e+04	 9.542394e+00	 
 4.297162e-01	 3.699758e-01	 3.301086e-04	 1.089984e-01	 4.075855e+04	 9.921840e+00	 
 4.507815e-01	 3.508161e-01	 3.690835e-04	 1.032314e-01	 4.744632e+04	 9.773054e+00	 
 4.227704e-01	 3.762899e-01	 3.172574e-04	 1.109021e-01	 3.561906e+04	 9.391356e+00	 
 4.071535e-01	 3.905030e-01	 2.883634e-04	 1.151717e-01	 3.683360e+04	 9.633326e+00	 
 4.270165e-01	 3.724261e-01	 3.251134e-04	 1.097408e-01	 3.562218e+04	 9.311635e+00	 
 4.222012e-01	 3.768078e-01	 3.162043e-04	 1.110577e-01	 3.561864e+04	 9.404619e+00	 
 4.354839e-01	 3.647211e-01	 3.407796e-04	 1.074250e-01	 3.562841e+04	 9.249555e+00	 
 4.295138e-01	 3.701536e-01	 3.297340e-04	 1.090578e-01	 3.562402e+04	 9.282695e+00	 
 4.600958e-01	 3.423348e-01	 3.863165e-04	 1.006876e-01	 4.888042e+04	 9.652626e+00	 
 4.130896e-01	 3.851053e-01	 2.993464e-04	 1.135457e-01	 3.811833e+04	 9.679250e+00	 
 4.239027e-01	 3.752596e-01	 3.193523e-04	 1.105924e-01	 3.561989e+04	 9.366550e+00	 
 4.450980e-01	 3.559796e-01	 3.585678e-04	 1.047911e-01	 4.077912e+04	 9.403293e+00	 
 4.634611e-01	 3.392803e-01	 3.925432e-04	 9.976221e-02	 4.342507e+04	 9.720497e+00	 
 4.687923e-01	 3.344297e-01	 4.024069e-04	 9.830375e-02	 4.343254e+04	 9.567672e+00	 
 4.562987e-01	 3.457959e-01	 3.792914e-04	 1.017223e-01	 4.471758e+04	 9.991820e+00	 
 4.300135e-01	 3.696990e-01	 3.306584e-04	 1.089211e-01	 3.562439e+04	 9.278312e+00	 
 4.210810e-01	 3.778272e-01	 3.141317e-04	 1.113641e-01	 3.561781e+04	 9.432028e+00	 
 4.236786e-01	 3.754634e-01	 3.189378e-04	 1.106537e-01	 3.561972e+04	 9.371277e+00	 
 4.257163e-01	 3.755294e-01	 3.261910e-04	 1.085914e-01	 3.560845e+04	 9.594054e+00	 
 4.362922e-01	 3.660221e-01	 3.459694e-04	 1.056077e-01	 3.561545e+04	 9.488788e+00	 
 4.737786e-01	 3.323419e-01	 4.160753e-04	 9.502019e-02	 4.342057e+04	 9.722611e+00	 
 4.370510e-01	 3.653400e-01	 3.473885e-04	 1.053936e-01	 3.561596e+04	 9.483868e+00	 
 4.689846e-01	 3.366488e-01	 4.071098e-04	 9.637439e-02	 4.607040e+04	 9.763651e+00	 
 4.218281e-01	 3.790248e-01	 3.189194e-04	 1.096883e-01	 3.560587e+04	 9.651953e+00	 
 4.243718e-01	 3.767380e-01	 3.236766e-04	 1.089707e-01	 3.560756e+04	 9.612882e+00	 
 4.116666e-01	 3.881618e-01	 2.999159e-04	 1.125536e-01	 3.682576e+04	 9.705271e+00	 
 4.190812e-01	 3.814941e-01	 3.137824e-04	 1.104633e-01	 3.560405e+04	 9.698954e+00	 
 4.250552e-01	 3.761237e-01	 3.249547e-04	 1.087779e-01	 3.560801e+04	 9.603152e+00	 
 4.388332e-01	 3.637517e-01	 3.507220e-04	 1.048819e-01	 4.740820e+04	 1.035792e+01	 
 4.667350e-01	 3.386690e-01	 4.029025e-04	 9.701043e-02	 4.207005e+04	 9.637916e+00	 
 4.181100e-01	 3.823716e-01	 3.119662e-04	 1.107343e-01	 3.940945e+04	 9.849222e+00	 
 4.070976e-01	 3.922690e-01	 2.913714e-04	 1.138426e-01	 3.682183e+04	 9.814560e+00	 
 4.332383e-01	 3.687674e-01	 3.402583e-04	 1.064693e-01	 3.561343e+04	 9.511862e+00	 
 4.299088e-01	 3.717655e-01	 3.340317e-04	 1.074054e-01	 3.942332e+04	 9.573035e+00	 
 4.375966e-01	 3.648496e-01	 3.484088e-04	 1.052397e-01	 3.561632e+04	 9.480520e+00	 
 4.473733e-01	 3.560726e-01	 3.666931e-04	 1.024739e-01	 4.204561e+04	 1.005836e+01	 
 4.196106e-01	 3.810181e-01	 3.147724e-04	 1.103139e-01	 3.560440e+04	 9.689529e+00	 
 4.376702e-01	 3.647833e-01	 3.485466e-04	 1.052189e-01	 3.561637e+04	 9.480080e+00	 
 4.294898e-01	 3.721372e-01	 3.332479e-04	 1.075268e-01	 3.561095e+04	 9.548029e+00	 
 4.278543e-01	 3.736074e-01	 3.301894e-04	 1.079882e-01	 3.560986e+04	 9.566752e+00	 
 4.235802e-01	 3.774563e-01	 3.221963e-04	 1.091897e-01	 3.811627e+04	 9.621355e+00	 
 4.384842e-01	 3.640582e-01	 3.500691e-04	 1.049850e-01	 4.075498e+04	 9.817168e+00	 
 4.283227e-01	 3.731864e-01	 3.310653e-04	 1.078561e-01	 3.561017e+04	 9.561201e+00	 
 4.292685e-01	 3.723423e-01	 3.328344e-04	 1.075852e-01	 4.074340e+04	 1.007778e+01	 
 4.292958e-01	 3.723185e-01	 3.328853e-04	 1.075771e-01	 3.812194e+04	 9.541463e+00	 
 4.161307e-01	 3.841488e-01	 3.082645e-04	 1.112941e-01	 3.682960e+04	 9.616180e+00	 
 4.529175e-01	 3.510920e-01	 3.770618e-04	 1.009075e-01	 4.743130e+04	 9.932890e+00	 
 4.294909e-01	 3.721362e-01	 3.332499e-04	 1.075265e-01	 3.561095e+04	 9.548018e+00	 
 4.205156e-01	 3.802092e-01	 3.164650e-04	 1.100556e-01	 3.941228e+04	 9.780438e+00	 
 4.251229e-01	 3.760676e-01	 3.250813e-04	 1.087557e-01	 3.941769e+04	 9.664542e+00	 
 4.209939e-01	 3.797747e-01	 3.173593e-04	 1.099237e-01	 3.560532e+04	 9.665720e+00	 
 4.257620e-01	 3.754883e-01	 3.262764e-04	 1.085785e-01	 3.560848e+04	 9.593437e+00	 
 4.251137e-01	 3.760711e-01	 3.250641e-04	 1.087614e-01	 3.560805e+04	 9.602334e+00	 
 4.393063e-01	 3.633126e-01	 3.516062e-04	 1.047574e-01	 3.561745e+04	 9.471017e+00	 
 4.358961e-01	 3.641887e-01	 3.412570e-04	 1.074356e-01	 3.562976e+04	 9.239875e+00	 
 4.707722e-01	 3.324402e-01	 4.057308e-04	 9.790947e-02	 4.474007e+04	 9.533089e+00	 
 4.144425e-01	 3.837314e-01	 3.015972e-04	 1.132871e-01	 3.684136e+04	 9.375269e+00	 
 4.092706e-01	 3.884420e-01	 2.920363e-04	 1.146981e-01	 3.683650e+04	 9.545514e+00	 
 4.120765e-01	 3.858884e-01	 2.972235e-04	 1.139312e-01	 3.941614e+04	 9.888145e+00	 
 4.218625e-01	 3.769708e-01	 3.153140e-04	 1.112643e-01	 3.561935e+04	 9.395394e+00	 
 4.171874e-01	 3.812289e-01	 3.066715e-04	 1.125397e-01	 3.561589e+04	 9.524245e+00	 
 4.117079e-01	 3.862241e-01	 2.965420e-04	 1.140318e-01	 3.941568e+04	 9.902796e+00	 
 4.311499e-01	 3.685116e-01	 3.324830e-04	 1.087304e-01	 3.562624e+04	 9.254533e+00	 
 4.534250e-01	 3.482375e-01	 3.736622e-04	 1.026439e-01	 4.606777e+04	 9.959820e+00	 
 4.297310e-01	 3.698039e-01	 3.298601e-04	 1.091175e-01	 3.562519e+04	 9.263224e+00	 
 4.427917e-01	 3.579214e-01	 3.540050e-04	 1.055456e-01	 4.605144e+04	 1.030508e+01	 
 4.415688e-01	 3.590335e-01	 3.517442e-04	 1.058804e-01	 4.205538e+04	 1.007949e+01	 
 4.245989e-01	 3.744832e-01	 3.203729e-04	 1.105145e-01	 3.943193e+04	 9.398706e+00	 
 4.171567e-01	 3.812569e-01	 3.066147e-04	 1.125481e-01	 3.561587e+04	 9.525132e+00	 
 4.612610e-01	 3.411012e-01	 3.881480e-04	 1.005056e-01	 4.607981e+04	 9.689891e+00	 
 4.271027e-01	 3.721979e-01	 3.250012e-04	 1.098346e-01	 3.562324e+04	 9.289803e+00	 
 4.480909e-01	 3.530972e-01	 3.638014e-04	 1.040983e-01	 4.340482e+04	 1.019981e+01	 
 4.316073e-01	 3.681084e-01	 3.333291e-04	 1.085970e-01	 4.741438e+04	 1.046036e+01	 
 4.417031e-01	 3.589082e-01	 3.519923e-04	 1.058458e-01	 4.884585e+04	 1.035623e+01	 
 4.213196e-01	 3.774652e-01	 3.143105e-04	 1.114124e-01	 3.561895e+04	 9.409399e+00	 
 4.216167e-01	 3.771946e-01	 3.148597e-04	 1.113313e-01	 3.561917e+04	 9.401687e+00	 
 4.175474e-01	 3.809056e-01	 3.073372e-04	 1.124385e-01	 3.942304e+04	 9.663509e+00	 
 4.456347e-01	 3.553322e-01	 3.592607e-04	 1.047698e-01	 4.605581e+04	 1.021763e+01	 
 4.469045e-01	 3.541742e-01	 3.616079e-04	 1.044244e-01	 4.206259e+04	 9.902760e+00	 
 4.407255e-01	 3.597984e-01	 3.501852e-04	 1.061125e-01	 4.884393e+04	 1.039017e+01	 
 4.295215e-01	 3.699948e-01	 3.294728e-04	 1.091747e-01	 3.562503e+04	 9.264785e+00	 
 4.685186e-01	 3.344916e-01	 4.015647e-04	 9.852506e-02	 4.609096e+04	 9.504222e+00	 
 4.226780e-01	 3.762279e-01	 3.168217e-04	 1.110417e-01	 3.561996e+04	 9.375119e+00	 
 4.121371e-01	 3.858350e-01	 2.973355e-04	 1.139136e-01	 3.811827e+04	 9.703861e+00	 
 4.545713e-01	 3.471944e-01	 3.757813e-04	 1.023306e-01	 4.471646e+04	 1.003645e+01	 
 4.542843e-01	 3.474562e-01	 3.752507e-04	 1.024087e-01	 4.745385e+04	 9.629759e+00	 
 4.282690e-01	 3.711356e-01	 3.271574e-04	 1.095164e-01	 3.562411e+04	 9.275986e+00	 
 4.712654e-01	 3.319923e-01	 4.066426e-04	 9.777406e-02	 4.343746e+04	 9.495027e+00	 
 4.682078e-01	 3.347767e-01	 4.009903e-04	 9.860846e-02	 4.343315e+04	 9.562679e+00	 
 4.359359e-01	 3.663560e-01	 3.453036e-04	 1.056995e-01	 4.740344e+04	 1.044276e+01	 
 4.366234e-01	 3.657244e-01	 3.465888e-04	 1.055143e-01	 3.561567e+04	 9.486603e+00	 
 4.477328e-01	 3.557511e-01	 3.673657e-04	 1.023713e-01	 4.603983e+04	 1.029696e+01	 
 4.190352e-01	 3.815354e-01	 3.136963e-04	 1.104762e-01	 3.560402e+04	 9.699780e+00	 
 4.211568e-01	 3.796328e-01	 3.176642e-04	 1.098747e-01	 3.941303e+04	 9.762919e+00	 
 4.340652e-01	 3.680241e-01	 3.418046e-04	 1.062360e-01	 3.561398e+04	 9.505077e+00	 
 4.223973e-01	 3.785131e-01	 3.199839e-04	 1.095277e-01	 3.560625e+04	 9.642826e+00	 
 4.307956e-01	 3.709633e-01	 3.356901e-04	 1.071584e-01	 3.561181e+04	 9.534390e+00	 
 4.537328e-01	 3.503599e-01	 3.785866e-04	 1.006770e-01	 4.339418e+04	 1.017866e+01	 
 4.340172e-01	 3.680672e-01	 3.417150e-04	 1.062495e-01	 3.561395e+04	 9.505459e+00	 
 4.183456e-01	 3.821578e-01	 3.124067e-04	 1.106692e-01	 3.683150e+04	 9.579734e+00	 
 4.183315e-01	 3.821680e-01	 3.123803e-04	 1.106748e-01	 3.560355e+04	 9.712581e+00	 
 4.174815e-01	 3.829345e-01	 3.107907e-04	 1.109130e-01	 3.683076e+04	 9.593322e+00	 
 4.493519e-01	 3.542892e-01	 3.703933e-04	 1.019187e-01	 4.076862e+04	 9.589283e+00	 
 4.392647e-01	 3.633500e-01	 3.515284e-04	 1.047691e-01	 3.561742e+04	 9.471231e+00	 
 4.565933e-01	 3.477888e-01	 3.839361e-04	 9.986980e-02	 4.339794e+04	 1.010591e+01	 
 4.600583e-01	 3.446735e-01	 3.904163e-04	 9.889246e-02	 4.744302e+04	 9.751111e+00	 
 4.456038e-01	 3.576600e-01	 3.633839e-04	 1.029752e-01	 4.883334e+04	 1.036254e+01	 
 4.288739e-01	 3.726909e-01	 3.320961e-04	 1.077006e-01	 3.561054e+04	 9.554863e+00	 
 4.301345e-01	 3.715646e-01	 3.344540e-04	 1.073404e-01	 3.812277e+04	 9.532713e+00	 
 4.532807e-01	 3.507643e-01	 3.777410e-04	 1.008058e-01	 4.604781e+04	 1.014876e+01	 
 4.364772e-01	 3.658558e-01	 3.463155e-04	 1.055555e-01	 3.561558e+04	 9.487560e+00	 
 4.172090e-01	 3.831834e-01	 3.102812e-04	 1.109874e-01	 3.810995e+04	 9.754117e+00	 
 4.500679e-01	 3.536505e-01	 3.717326e-04	 1.017135e-01	 4.204901e+04	 9.988122e+00	 
 4.270435e-01	 3.743411e-01	 3.286733e-04	 1.082138e-01	 3.941995e+04	 9.624053e+00	 
 4.233144e-01	 3.776933e-01	 3.216991e-04	 1.092660e-01	 3.941557e+04	 9.707098e+00	 
 4.245007e-01	 3.766222e-01	 3.239176e-04	 1.089343e-01	 3.560764e+04	 9.611022e+00	 
 4.180690e-01	 3.824040e-01	 3.118893e-04	 1.107488e-01	 3.560338e+04	 9.717429e+00	 
 4.689198e-01	 3.367091e-01	 4.069887e-04	 9.639131e-02	 4.341417e+04	 9.813468e+00	 
 4.715866e-01	 3.343109e-01	 4.119759e-04	 9.563955e-02	 4.472038e+04	 9.788656e+00	 
 4.671401e-01	 3.383088e-01	 4.036604e-04	 9.689353e-02	 4.341183e+04	 9.851266e+00	 
 4.573319e-01	 3.471177e-01	 3.853172e-04	 9.966596e-02	 4.885516e+04	 9.985348e+00	 
 4.735064e-01	 3.325854e-01	 4.155661e-04	 9.509781e-02	 4.472300e+04	 9.752121e+00	 
 4.306225e-01	 3.711189e-01	 3.353664e-04	 1.072072e-01	 3.561170e+04	 9.536132e+00	 
 4.223338e-01	 3.785701e-01	 3.198652e-04	 1.095456e-01	 3.560621e+04	 9.643833e+00	 
 4.222818e-01	 3.786168e-01	 3.197680e-04	 1.095603e-01	 3.560617e+04	 9.644660e+00	 
 4.181682e-01	 3.823149e-01	 3.120748e-04	 1.107208e-01	 3.560345e+04	 9.715594e+00	 
 4.253258e-01	 3.758804e-01	 3.254607e-04	 1.087015e-01	 3.560819e+04	 9.599391e+00	 
 4.503416e-01	 3.534061e-01	 3.722445e-04	 1.016352e-01	 4.604358e+04	 1.022760e+01	 
 4.505910e-01	 3.531770e-01	 3.727107e-04	 1.015680e-01	 4.884262e+04	 1.020374e+01	 
 4.288377e-01	 3.727234e-01	 3.320284e-04	 1.077108e-01	 3.561051e+04	 9.555273e+00	 
 4.273708e-01	 3.740420e-01	 3.292852e-04	 1.081246e-01	 3.560954e+04	 9.572644e+00	 
 4.253747e-01	 3.758412e-01	 3.255524e-04	 1.086846e-01	 3.941799e+04	 9.658949e+00	 
 4.436134e-01	 3.594523e-01	 3.596616e-04	 1.035348e-01	 4.204086e+04	 1.015730e+01	 
 4.261635e-01	 3.751341e-01	 3.270276e-04	 1.084608e-01	 3.811883e+04	 9.580691e+00	 
 4.078217e-01	 3.916181e-01	 2.927255e-04	 1.136383e-01	 3.682245e+04	 9.796285e+00	 
 4.125301e-01	 3.873893e-01	 3.015310e-04	 1.123075e-01	 3.810531e+04	 9.875208e+00	 
 4.262754e-01	 3.750268e-01	 3.272366e-04	 1.084336e-01	 3.560882e+04	 9.586602e+00	 
 4.133117e-01	 3.866868e-01	 3.029927e-04	 1.120870e-01	 3.810608e+04	 9.854014e+00	 
 4.422781e-01	 3.606553e-01	 3.571644e-04	 1.039098e-01	 4.741385e+04	 1.025430e+01	 
 4.597280e-01	 3.449711e-01	 3.897985e-04	 9.898519e-02	 4.340207e+04	 1.002682e+01	 
 4.385698e-01	 3.639747e-01	 3.502289e-04	 1.049652e-01	 3.561696e+04	 9.474931e+00	 
 4.240558e-01	 3.770221e-01	 3.230856e-04	 1.090598e-01	 3.560735e+04	 9.617492e+00	 
 4.580663e-01	 3.464647e-01	 3.866909e-04	 9.945411e-02	 4.339988e+04	 1.006859e+01	 
 4.513508e-01	 3.524999e-01	 3.741318e-04	 1.013499e-01	 4.469280e+04	 1.027851e+01	 
 4.319356e-01	 3.699385e-01	 3.378220e-04	 1.068368e-01	 3.561257e+04	 9.523404e+00	 
 4.361170e-01	 3.661796e-01	 3.456418e-04	 1.056571e-01	 3.561534e+04	 9.489968e+00	 
 4.584480e-01	 3.461206e-01	 3.874046e-04	 9.934713e-02	 4.470248e+04	 1.009714e+01	 
 4.679528e-01	 3.375707e-01	 4.051799e-04	 9.666914e-02	 4.887492e+04	 9.694172e+00	 
 4.713436e-01	 3.345306e-01	 4.115215e-04	 9.570733e-02	 4.341736e+04	 9.765748e+00	 
 4.208137e-01	 3.799367e-01	 3.170223e-04	 1.099745e-01	 3.560520e+04	 9.668752e+00	 
 4.206869e-01	 3.800506e-01	 3.167853e-04	 1.100103e-01	 3.560511e+04	 9.670898e+00	 
 4.357825e-01	 3.664803e-01	 3.450163e-04	 1.057515e-01	 3.561512e+04	 9.492269e+00	 
 4.315417e-01	 3.702989e-01	 3.370855e-04	 1.069439e-01	 4.074626e+04	 1.001160e+01	 
 4.238845e-01	 3.771761e-01	 3.227652e-04	 1.091082e-01	 3.560723e+04	 9.620021e+00	 
 4.411380e-01	 3.616800e-01	 3.550324e-04	 1.042315e-01	 4.741198e+04	 1.028887e+01	 
 4.317720e-01	 3.700856e-01	 3.375160e-04	 1.068829e-01	 3.561246e+04	 9.524928e+00	 
 4.664559e-01	 3.389198e-01	 4.023807e-04	 9.708917e-02	 4.206970e+04	 9.641890e+00	 
 4.094175e-01	 3.901836e-01	 2.957099e-04	 1.131881e-01	 3.682382e+04	 9.757169e+00	 
 4.440695e-01	 3.590376e-01	 3.605144e-04	 1.034092e-01	 4.076199e+04	 9.684076e+00	 
 4.276703e-01	 3.737729e-01	 3.298452e-04	 1.080401e-01	 3.560974e+04	 9.568976e+00	 
 4.217884e-01	 3.790651e-01	 3.188454e-04	 1.096965e-01	 3.941377e+04	 9.746058e+00	 
 4.111747e-01	 3.886040e-01	 2.989960e-04	 1.126924e-01	 3.682533e+04	 9.716263e+00	 
 4.530325e-01	 3.509857e-01	 3.772768e-04	 1.008770e-01	 4.205275e+04	 9.912889e+00	 
 4.187667e-01	 3.817813e-01	 3.131944e-04	 1.105490e-01	 3.941022e+04	 9.830018e+00	 
 4.550081e-01	 3.492117e-01	 3.809715e-04	 1.003184e-01	 4.605029e+04	 1.010240e+01	 
 4.500688e-01	 3.536465e-01	 3.717341e-04	 1.017153e-01	 4.884165e+04	 1.022064e+01	 
 4.313263e-01	 3.704912e-01	 3.366828e-04	 1.070054e-01	 3.942498e+04	 9.551879e+00	 
 4.348028e-01	 3.673611e-01	 3.431840e-04	 1.060279e-01	 3.561447e+04	 9.499368e+00	 
 4.183451e-01	 3.821558e-01	 3.124057e-04	 1.106709e-01	 3.560356e+04	 9.712331e+00	 
 4.199381e-01	 3.807237e-01	 3.153849e-04	 1.102215e-01	 3.560462e+04	 9.683784e+00	 
 4.545647e-01	 3.496114e-01	 3.801424e-04	 1.004427e-01	 4.743400e+04	 9.886843e+00	 
 4.292712e-01	 3.723337e-01	 3.328392e-04	 1.075885e-01	 3.561080e+04	 9.550425e+00	 
 4.402481e-01	 3.624799e-01	 3.533682e-04	 1.044826e-01	 4.741052e+04	 1.031568e+01	 
 4.246286e-01	 3.765120e-01	 3.241569e-04	 1.088952e-01	 3.941711e+04	 9.675760e+00	 
 4.429666e-01	 3.600305e-01	 3.584520e-04	 1.037193e-01	 4.882844e+04	 1.044349e+01	 
 4.283457e-01	 3.731657e-01	 3.311083e-04	 1.078496e-01	 3.561019e+04	 9.560932e+00	 
 4.225553e-01	 3.783711e-01	 3.202793e-04	 1.094832e-01	 3.560635e+04	 9.640331e+00	 
 4.293056e-01	 3.723028e-01	 3.329034e-04	 1.075788e-01	 3.561082e+04	 9.550046e+00	 
 4.257810e-01	 3.754712e-01	 3.263121e-04	 1.085731e-01	 3.560849e+04	 9.593180e+00	 
 4.629402e-01	 3.420827e-01	 3.958058e-04	 9.807948e-02	 4.470860e+04	 9.983900e+00	 
 4.537020e-01	 3.503876e-01	 3.785290e-04	 1.006857e-01	 4.339414e+04	 1.017944e+01	 
 4.140547e-01	 3.860150e-01	 3.043821e-04	 1.118798e-01	 3.682781e+04	 9.655106e+00	 
 4.161336e-01	 3.841462e-01	 3.082699e-04	 1.112933e-01	 3.682960e+04	 9.616129e+00	 
 4.387104e-01	 3.638549e-01	 3.504921e-04	 1.049212e-01	 4.075526e+04	 9.811244e+00	 
 4.304594e-01	 3.712656e-01	 3.350613e-04	 1.072533e-01	 3.561159e+04	 9.537792e+00	 
 4.280797e-01	 3.734048e-01	 3.306109e-04	 1.079246e-01	 3.561001e+04	 9.564061e+00	 
 4.239663e-01	 3.771026e-01	 3.229182e-04	 1.090851e-01	 3.560729e+04	 9.618810e+00	 
 4.287787e-01	 3.727833e-01	 3.319184e-04	 1.077230e-01	 3.812143e+04	 9.547214e+00	 
 4.432639e-01	 3.597633e-01	 3.590079e-04	 1.036354e-01	 4.882899e+04	 1.043448e+01	 
 4.533448e-01	 3.507075e-01	 3.778610e-04	 1.007872e-01	 4.469552e+04	 1.022783e+01	 
 4.621245e-01	 3.428150e-01	 3.942803e-04	 9.831023e-02	 4.606053e+04	 9.917362e+00	 
 4.429902e-01	 3.600140e-01	 3.584962e-04	 1.037096e-01	 4.603300e+04	 1.042024e+01	 
 4.490084e-01	 3.546028e-01	 3.697511e-04	 1.020125e-01	 4.204767e+04	 1.001560e+01	 
 4.362556e-01	 3.660550e-01	 3.459011e-04	 1.056180e-01	 3.561543e+04	 9.489033e+00	 
 4.314638e-01	 3.703689e-01	 3.369398e-04	 1.069659e-01	 4.074616e+04	 1.001387e+01	 
 4.510686e-01	 3.527478e-01	 3.736038e-04	 1.014332e-01	 4.884351e+04	 1.018825e+01	 
 4.243242e-01	 3.767808e-01	 3.235876e-04	 1.089841e-01	 3.560752e+04	 9.613572e+00	 
 4.200660e-01	 3.806088e-01	 3.156240e-04	 1.101854e-01	 3.560470e+04	 9.681560e+00	 
 4.287761e-01	 3.727857e-01	 3.319135e-04	 1.077237e-01	 3.812142e+04	 9.547243e+00	 
 4.292576e-01	 3.723459e-01	 3.328137e-04	 1.075923e-01	 3.561079e+04	 9.550575e+00	 
 4.782150e-01	 3.283543e-01	 4.243721e-04	 9.376823e-02	 4.342641e+04	 9.656969e+00	 
 4.187782e-01	 3.817710e-01	 3.132158e-04	 1.105458e-01	 3.941024e+04	 9.829687e+00	 
 4.241611e-01	 3.769274e-01	 3.232825e-04	 1.090301e-01	 3.560742e+04	 9.615947e+00	 
 4.641772e-01	 3.409645e-01	 3.981189e-04	 9.773448e-02	 4.886790e+04	 9.784243e+00	 
 4.272953e-01	 3.741100e-01	 3.291439e-04	 1.081459e-01	 3.560949e+04	 9.573580e+00	 
 4.293608e-01	 3.722531e-01	 3.330068e-04	 1.075632e-01	 3.561086e+04	 9.549439e+00	 
 4.290855e-01	 3.725068e-01	 3.324921e-04	 1.076369e-01	 4.074317e+04	 1.008311e+01	 
 4.385916e-01	 3.639551e-01	 3.502696e-04	 1.049590e-01	 3.561698e+04	 9.474811e+00	 
 4.392648e-01	 3.633499e-01	 3.515287e-04	 1.047691e-01	 3.561742e+04	 9.471230e+00	 
 4.231347e-01	 3.778501e-01	 3.213630e-04	 1.093197e-01	 3.560674e+04	 9.631327e+00	 
 4.170006e-01	 3.833690e-01	 3.098914e-04	 1.110474e-01	 3.940815e+04	 9.882251e+00	 
 4.204469e-01	 3.802664e-01	 3.163363e-04	 1.100780e-01	 3.560496e+04	 9.674991e+00	 
 4.109284e-01	 3.888291e-01	 2.985356e-04	 1.127594e-01	 3.810372e+04	 9.919488e+00	 
 4.186853e-01	 3.818499e-01	 3.130420e-04	 1.105749e-01	 3.560379e+04	 9.706109e+00	 
 4.252387e-01	 3.759587e-01	 3.252978e-04	 1.087261e-01	 3.560813e+04	 9.600596e+00	 
 4.499876e-01	 3.537262e-01	 3.715824e-04	 1.017339e-01	 4.338925e+04	 1.027336e+01	 
 4.262258e-01	 3.750714e-01	 3.271437e-04	 1.084477e-01	 3.560878e+04	 9.587256e+00	 
 4.580428e-01	 3.464787e-01	 3.866466e-04	 9.946538e-02	 4.885648e+04	 9.962898e+00	 
 4.582855e-01	 3.462658e-01	 3.871007e-04	 9.939355e-02	 4.605501e+04	 1.001539e+01	 
 4.497451e-01	 3.539374e-01	 3.711287e-04	 1.018067e-01	 4.884105e+04	 1.023109e+01	 
 4.379810e-01	 3.645039e-01	 3.491278e-04	 1.051313e-01	 3.561657e+04	 9.478254e+00	 
 4.239578e-01	 3.771102e-01	 3.229024e-04	 1.090875e-01	 3.560728e+04	 9.618935e+00	 
 4.785231e-01	 3.280773e-01	 4.249483e-04	 9.368128e-02	 4.342681e+04	 9.653023e+00	 
 4.149526e-01	 3.852079e-01	 3.060613e-04	 1.116265e-01	 3.682858e+04	 9.637714e+00	 
 4.167098e-01	 3.836282e-01	 3.093475e-04	 1.111307e-01	 3.683009e+04	 9.606139e+00	 
 4.518633e-01	 3.520367e-01	 3.750902e-04	 1.012069e-01	 4.205128e+04	 9.942209e+00	 
 4.722811e-01	 3.336867e-01	 4.132747e-04	 9.544357e-02	 4.472133e+04	 9.775099e+00	 
 4.742168e-01	 3.319467e-01	 4.168949e-04	 9.489731e-02	 4.472397e+04	 9.739362e+00	 
 4.275871e-01	 3.738476e-01	 3.296897e-04	 1.080636e-01	 3.560969e+04	 9.569988e+00	 
 4.199848e-01	 3.806818e-01	 3.154722e-04	 1.102083e-01	 3.560465e+04	 9.682970e+00	 
 4.362575e-01	 3.660598e-01	 3.459049e-04	 1.056133e-01	 4.075218e+04	 9.877274e+00	 
 3.531855e-01	 1.066544e-01	 1.665736e-04	 3.415872e-01	 3.676685e+04	 8.396041e+00	 
 4.321977e-01	 3.697029e-01	 3.383122e-04	 1.067628e-01	 3.561274e+04	 9.520996e+00	 
 4.642385e-01	 3.409157e-01	 3.982338e-04	 9.771312e-02	 4.471037e+04	 9.952142e+00	 
 4.342892e-01	 3.678227e-01	 3.422236e-04	 1.061728e-01	 3.561413e+04	 9.503309e+00	 
 4.101898e-01	 3.894893e-01	 2.971542e-04	 1.129702e-01	 3.682449e+04	 9.738888e+00	 
 4.329217e-01	 3.690520e-01	 3.396662e-04	 1.065586e-01	 3.561322e+04	 9.514570e+00	 
 4.160463e-01	 3.842268e-01	 3.081067e-04	 1.113166e-01	 3.940702e+04	 9.911147e+00	 
 4.684722e-01	 3.371115e-01	 4.061515e-04	 9.651764e-02	 4.341358e+04	 9.822768e+00	 
 4.588759e-01	 3.457362e-01	 3.882050e-04	 9.922612e-02	 4.744108e+04	 9.777644e+00	 
 4.191638e-01	 3.814198e-01	 3.139368e-04	 1.104400e-01	 3.560410e+04	 9.697473e+00	 
 4.683250e-01	 3.372438e-01	 4.058763e-04	 9.655916e-02	 4.341339e+04	 9.825856e+00	 
 4.576464e-01	 3.468414e-01	 3.859057e-04	 9.957307e-02	 4.743906e+04	 9.806879e+00	 
 4.598201e-01	 3.448883e-01	 3.899708e-04	 9.895921e-02	 4.340219e+04	 1.002452e+01	 
 4.281378e-01	 3.733526e-01	 3.307196e-04	 1.079082e-01	 3.561005e+04	 9.563374e+00	 
 4.110739e-01	 3.886946e-01	 2.988076e-04	 1.127208e-01	 3.682525e+04	 9.718540e+00	 
 4.264059e-01	 3.749095e-01	 3.274806e-04	 1.083968e-01	 3.560890e+04	 9.584895e+00	 
 4.466314e-01	 3.567363e-01	 3.653057e-04	 1.026852e-01	 4.883525e+04	 1.033037e+01	 
 4.485704e-01	 3.549966e-01	 3.689320e-04	 1.021361e-01	 4.204712e+04	 1.002701e+01	 
 4.344299e-01	 3.677096e-01	 3.424872e-04	 1.061245e-01	 4.740097e+04	 1.048589e+01	 
 4.260914e-01	 3.751922e-01	 3.268924e-04	 1.084856e-01	 3.560870e+04	 9.589031e+00	 
 4.184951e-01	 3.820209e-01	 3.126863e-04	 1.106286e-01	 3.560366e+04	 9.709580e+00	 
 4.213191e-01	 3.794848e-01	 3.179676e-04	 1.098303e-01	 3.683406e+04	 9.539036e+00	 
 4.258241e-01	 3.754325e-01	 3.263926e-04	 1.085610e-01	 3.560852e+04	 9.592600e+00	 
 4.366435e-01	 3.657128e-01	 3.466268e-04	 1.055044e-01	 4.075267e+04	 9.866647e+00	 
 4.379805e-01	 3.645044e-01	 3.491268e-04	 1.051314e-01	 3.561657e+04	 9.478257e+00	 
 4.182992e-01	 3.821970e-01	 3.123199e-04	 1.106839e-01	 3.560353e+04	 9.713175e+00	 
 4.576025e-01	 3.468745e-01	 3.858232e-04	 9.958961e-02	 4.885566e+04	 9.976775e+00	 
 4.226133e-01	 3.783188e-01	 3.203880e-04	 1.094668e-01	 3.560639e+04	 9.639419e+00	 
 4.469551e-01	 3.564485e-01	 3.659111e-04	 1.025918e-01	 4.204508e+04	 1.006934e+01	 
 4.139165e-01	 3.861413e-01	 3.041237e-04	 1.119175e-01	 3.940452e+04	 9.976767e+00	 
 4.482830e-01	 3.552517e-01	 3.683944e-04	 1.022192e-01	 4.883833e+04	 1.027802e+01	 
 4.346146e-01	 3.675367e-01	 3.428323e-04	 1.060769e-01	 4.075012e+04	 9.923280e+00	 
 4.137985e-01	 3.862491e-01	 3.039031e-04	 1.119496e-01	 3.810657e+04	 9.840978e+00	 
 4.224388e-01	 3.784757e-01	 3.200616e-04	 1.095160e-01	 3.560627e+04	 9.642169e+00	 
 4.378228e-01	 3.646461e-01	 3.488320e-04	 1.051759e-01	 3.561647e+04	 9.479177e+00	 
 4.248724e-01	 3.762880e-01	 3.246128e-04	 1.088295e-01	 3.560789e+04	 9.605722e+00	 
 4.586745e-01	 3.459109e-01	 3.878281e-04	 9.928713e-02	 4.885766e+04	 9.943162e+00	 
 4.616882e-01	 3.432072e-01	 3.934643e-04	 9.843335e-02	 4.605990e+04	 9.928184e+00	 
 4.255143e-01	 3.757110e-01	 3.258131e-04	 1.086484e-01	 3.560831e+04	 9.596802e+00	 
 4.764291e-01	 3.299583e-01	 4.210321e-04	 9.427304e-02	 4.472698e+04	 9.702349e+00	 
 4.638820e-01	 3.412334e-01	 3.975671e-04	 9.781546e-02	 4.206645e+04	 9.681949e+00	 
 4.185821e-01	 3.819473e-01	 3.128491e-04	 1.106011e-01	 3.941001e+04	 9.835388e+00	 
 4.219577e-01	 3.789082e-01	 3.191618e-04	 1.096517e-01	 3.560596e+04	 9.649855e+00	 
 4.693210e-01	 3.363464e-01	 4.077388e-04	 9.627948e-02	 4.607088e+04	 9.757068e+00	 
 4.650538e-01	 3.401829e-01	 3.997586e-04	 9.748303e-02	 4.471148e+04	 9.932527e+00	 
 4.177346e-01	 3.827046e-01	 3.112640e-04	 1.108432e-01	 3.560316e+04	 9.723660e+00	 
 4.328908e-01	 3.690849e-01	 3.396086e-04	 1.065640e-01	 3.942682e+04	 9.531512e+00	 
 4.499072e-01	 3.537978e-01	 3.714322e-04	 1.017570e-01	 4.742636e+04	 1.002125e+01	 
 4.201385e-01	 3.805501e-01	 3.157598e-04	 1.101608e-01	 3.811286e+04	 9.687597e+00	 
 4.299655e-01	 3.717096e-01	 3.341375e-04	 1.073926e-01	 3.561126e+04	 9.542928e+00	 
 4.649656e-01	 3.402634e-01	 3.995937e-04	 9.750717e-02	 4.340896e+04	 9.900178e+00	 
 4.198998e-01	 3.807581e-01	 3.153133e-04	 1.102323e-01	 3.560459e+04	 9.684452e+00	 
 4.307401e-01	 3.710182e-01	 3.355864e-04	 1.071709e-01	 3.942429e+04	 9.560310e+00	 
 4.246273e-01	 3.765084e-01	 3.241544e-04	 1.088986e-01	 3.560773e+04	 9.609206e+00	 
 4.288481e-01	 3.727141e-01	 3.320478e-04	 1.077078e-01	 3.561052e+04	 9.555155e+00	 
 4.642543e-01	 3.408952e-01	 3.982632e-04	 9.771271e-02	 4.886804e+04	 9.782229e+00	 
 4.183181e-01	 3.821801e-01	 3.123552e-04	 1.106785e-01	 3.560354e+04	 9.712828e+00	 
 4.366363e-01	 3.657128e-01	 3.466130e-04	 1.055106e-01	 3.561568e+04	 9.486518e+00	 
 4.357951e-01	 3.664690e-01	 3.450399e-04	 1.057480e-01	 3.561512e+04	 9.492181e+00	 
 4.352647e-01	 3.669458e-01	 3.440479e-04	 1.058976e-01	 3.561477e+04	 9.495953e+00	 
 4.509889e-01	 3.528255e-01	 3.734550e-04	 1.014518e-01	 4.742814e+04	 9.988998e+00	 
 4.563721e-01	 3.479868e-01	 3.835225e-04	 9.993268e-02	 4.743697e+04	 9.838854e+00	 
 4.332323e-01	 3.687792e-01	 3.402473e-04	 1.064669e-01	 4.074838e+04	 9.962739e+00	 
 4.249615e-01	 3.762146e-01	 3.247797e-04	 1.088000e-01	 3.811764e+04	 9.598646e+00	 
 4.332323e-01	 3.687728e-01	 3.402470e-04	 1.064710e-01	 3.561343e+04	 9.511913e+00	 
 4.598470e-01	 3.448634e-01	 3.900210e-04	 9.895210e-02	 4.744267e+04	 9.755737e+00	 
 4.595536e-01	 3.451259e-01	 3.894723e-04	 9.903571e-02	 4.605683e+04	 9.982384e+00	 
 4.369227e-01	 3.654553e-01	 3.471487e-04	 1.054298e-01	 3.561587e+04	 9.484678e+00	 
 4.425045e-01	 3.604517e-01	 3.575880e-04	 1.038459e-01	 4.741422e+04	 1.024741e+01	 
 4.423333e-01	 3.606056e-01	 3.572678e-04	 1.038942e-01	 4.741394e+04	 1.025262e+01	 
 4.512085e-01	 3.526281e-01	 3.738657e-04	 1.013898e-01	 4.742850e+04	 9.982510e+00	 
 4.503490e-01	 3.533929e-01	 3.722581e-04	 1.016374e-01	 4.076988e+04	 9.574997e+00	 
 4.560416e-01	 3.482775e-01	 3.829042e-04	 1.000300e-01	 4.885276e+04	 1.002661e+01	 
 4.213468e-01	 3.794598e-01	 3.180194e-04	 1.098225e-01	 3.683408e+04	 9.538699e+00	 
 4.501523e-01	 3.535782e-01	 3.718904e-04	 1.016874e-01	 4.338946e+04	 1.026922e+01	 
 