2.044676e-01	 6.168855e-01	 2.523400e-04	 1.495751e-01	 4.385426e+04	 4.388867e+04	 1	 
 2.044676e-01	 6.168855e-01	 2.523400e-04	 1.495751e-01	 4.385426e+04	 4.388867e+04	 1	 
 2.044676e-01	 6.168855e-01	 2.523400e-04	 1.495751e-01	 4.385426e+04	 4.388867e+04	 1	 
 2.044676e-01	 6.168855e-01	 2.523400e-04	 1.495751e-01	 4.385426e+04	 4.388867e+04	 1	 
 2.044676e-01	 6.168855e-01	 2.523400e-04	 1.495751e-01	 4.385426e+04	 4.388867e+04	 1	 
 2.044676e-01	 6.168855e-01	 2.523400e-04	 1.495751e-01	 4.385426e+04	 4.388867e+04	 1	 
 5.152765e-01	 -5.009666e-01	 4.793155e-04	 5.405793e-01	 6.476794e+04	 6.476794e+04	 0	 
 5.152765e-01	 -5.009666e-01	 4.793155e-04	 5.405793e-01	 6.476794e+04	 6.476794e+04	 0	 
 5.152765e-01	 -5.009666e-01	 4.793155e-04	 5.405793e-01	 6.476794e+04	 6.476794e+04	 0	 
 5.152765e-01	 -5.009666e-01	 4.793155e-04	 5.405793e-01	 6.476794e+04	 6.476794e+04	 0	 
 5.152765e-01	 -5.009666e-01	 4.793155e-04	 5.405793e-01	 6.476794e+04	 6.476794e+04	 0	 
 5.152765e-01	 -5.009666e-01	 4.793155e-04	 5.405793e-01	 6.476794e+04	 6.476794e+04	 0	 
 2.620582e-01	 6.317652e-01	 3.540116e-05	 8.742235e-02	 4.394809e+04	 4.395440e+04	 1	 
 2.620582e-01	 6.317652e-01	 3.540116e-05	 8.742235e-02	 4.394809e+04	 4.395440e+04	 1	 
 2.620582e-01	 6.317652e-01	 3.540116e-05	 8.742235e-02	 4.394809e+04	 4.395440e+04	 1	 
 2.620582e-01	 6.317652e-01	 3.540116e-05	 8.742235e-02	 4.394809e+04	 4.395440e+04	 1	 
 2.620582e-01	 6.317652e-01	 3.540116e-05	 8.742235e-02	 4.394809e+04	 4.395440e+04	 1	 
 2.620582e-01	 6.317652e-01	 3.540116e-05	 8.742235e-02	 4.394809e+04	 4.395440e+04	 1	 
 3.289889e-01	 2.917741e-01	 2.234606e-05	 2.304698e-01	 5.046066e+04	 5.045997e+04	 1	 
 3.289889e-01	 2.917741e-01	 2.234606e-05	 2.304698e-01	 5.046066e+04	 5.045997e+04	 1	 
 3.289889e-01	 2.917741e-01	 2.234606e-05	 2.304698e-01	 5.046066e+04	 5.045997e+04	 1	 
 3.289889e-01	 2.917741e-01	 2.234606e-05	 2.304698e-01	 5.046066e+04	 5.045997e+04	 1	 
 3.289889e-01	 2.917741e-01	 2.234606e-05	 2.304698e-01	 5.046066e+04	 5.045997e+04	 1	 
 3.289889e-01	 2.917741e-01	 2.234606e-05	 2.304698e-01	 5.046066e+04	 5.045997e+04	 1	 
 2.701385e-01	 6.109656e-01	 -1.423389e-03	 1.057881e-01	 1.249980e+05	 1.249980e+05	 0	 
 2.701385e-01	 6.109656e-01	 -1.423389e-03	 1.057881e-01	 1.249980e+05	 1.249980e+05	 0	 
 2.701385e-01	 6.109656e-01	 -1.423389e-03	 1.057881e-01	 1.249980e+05	 1.249980e+05	 0	 
 2.701385e-01	 6.109656e-01	 -1.423389e-03	 1.057881e-01	 1.249980e+05	 1.249980e+05	 0	 
 2.701385e-01	 6.109656e-01	 -1.423389e-03	 1.057881e-01	 1.249980e+05	 1.249980e+05	 0	 
 2.701385e-01	 6.109656e-01	 -1.423389e-03	 1.057881e-01	 1.249980e+05	 1.249980e+05	 0	 
 3.146905e-01	 6.444477e-01	 -1.197624e-04	 5.211798e-02	 5.565481e+04	 5.565481e+04	 0	 
 3.146905e-01	 6.444477e-01	 -1.197624e-04	 5.211798e-02	 5.565481e+04	 5.565481e+04	 0	 
 3.146905e-01	 6.444477e-01	 -1.197624e-04	 5.211798e-02	 5.565481e+04	 5.565481e+04	 0	 
 3.146905e-01	 6.444477e-01	 -1.197624e-04	 5.211798e-02	 5.565481e+04	 5.565481e+04	 0	 
 3.146905e-01	 6.444477e-01	 -1.197624e-04	 5.211798e-02	 5.565481e+04	 5.565481e+04	 0	 
 3.146905e-01	 6.444477e-01	 -1.197624e-04	 5.211798e-02	 5.565481e+04	 5.565481e+04	 0	 
 -5.208143e+00	 3.375450e+00	 8.759934e-03	 2.502795e+00	 7.088155e+04	 7.088155e+04	 0	 
 -5.208143e+00	 3.375450e+00	 8.759934e-03	 2.502795e+00	 7.088155e+04	 7.088155e+04	 0	 
 -5.208143e+00	 3.375450e+00	 8.759934e-03	 2.502795e+00	 7.088155e+04	 7.088155e+04	 0	 
 -5.208143e+00	 3.375450e+00	 8.759934e-03	 2.502795e+00	 7.088155e+04	 7.088155e+04	 0	 
 -5.208143e+00	 3.375450e+00	 8.759934e-03	 2.502795e+00	 7.088155e+04	 7.088155e+04	 0	 
 -5.208143e+00	 3.375450e+00	 8.759934e-03	 2.502795e+00	 7.088155e+04	 7.088155e+04	 0	 
 3.573124e-01	 6.399285e-01	 8.531444e-03	 2.461352e-04	 4.151612e+04	 4.277417e+04	 1	 
 3.573124e-01	 6.399285e-01	 8.531444e-03	 2.461352e-04	 4.151612e+04	 4.277417e+04	 1	 
 3.573124e-01	 6.399285e-01	 8.531444e-03	 2.461352e-04	 4.151612e+04	 4.277417e+04	 1	 
 3.573124e-01	 6.399285e-01	 8.531444e-03	 2.461352e-04	 4.151612e+04	 4.277417e+04	 1	 
 3.573124e-01	 6.399285e-01	 8.531444e-03	 2.461352e-04	 4.151612e+04	 4.277417e+04	 1	 
 3.573124e-01	 6.399285e-01	 8.531444e-03	 2.461352e-04	 4.151612e+04	 4.277417e+04	 1	 
 2.633802e-01	 6.623901e-01	 5.921203e-03	 7.776376e-02	 4.376717e+04	 4.395159e+04	 1	 
 2.633802e-01	 6.623901e-01	 5.921203e-03	 7.776376e-02	 4.376717e+04	 4.395159e+04	 1	 
 2.633802e-01	 6.623901e-01	 5.921203e-03	 7.776376e-02	 4.376717e+04	 4.395159e+04	 1	 
 2.633802e-01	 6.623901e-01	 5.921203e-03	 7.776376e-02	 4.376717e+04	 4.395159e+04	 1	 
 2.633802e-01	 6.623901e-01	 5.921203e-03	 7.776376e-02	 4.376717e+04	 4.395159e+04	 1	 
 2.633802e-01	 6.623901e-01	 5.921203e-03	 7.776376e-02	 4.376717e+04	 4.395159e+04	 1	 
 1.742384e-01	 6.850707e-01	 1.899752e-03	 1.328145e-01	 7.802681e+04	 7.713645e+04	 1	 
 1.742384e-01	 6.850707e-01	 1.899752e-03	 1.328145e-01	 7.802681e+04	 7.713645e+04	 1	 
 1.742384e-01	 6.850707e-01	 1.899752e-03	 1.328145e-01	 7.802681e+04	 7.713645e+04	 1	 
 1.742384e-01	 6.850707e-01	 1.899752e-03	 1.328145e-01	 7.802681e+04	 7.713645e+04	 1	 
 1.742384e-01	 6.850707e-01	 1.899752e-03	 1.328145e-01	 7.802681e+04	 7.713645e+04	 1	 
 1.742384e-01	 6.850707e-01	 1.899752e-03	 1.328145e-01	 7.802681e+04	 7.713645e+04	 1	 
 1.835478e-01	 7.070717e-01	 2.401451e-03	 1.129036e-01	 7.824287e+04	 7.802233e+04	 1	 
 1.835478e-01	 7.070717e-01	 2.401451e-03	 1.129036e-01	 7.824287e+04	 7.802233e+04	 1	 
 1.835478e-01	 7.070717e-01	 2.401451e-03	 1.129036e-01	 7.824287e+04	 7.802233e+04	 1	 
 1.835478e-01	 7.070717e-01	 2.401451e-03	 1.129036e-01	 7.824287e+04	 7.802233e+04	 1	 
 1.835478e-01	 7.070717e-01	 2.401451e-03	 1.129036e-01	 7.824287e+04	 7.802233e+04	 1	 
 1.835478e-01	 7.070717e-01	 2.401451e-03	 1.129036e-01	 7.824287e+04	 7.802233e+04	 1	 
 5.152765e-01	 -5.009666e-01	 4.793155e-04	 5.405793e-01	 6.476794e+04	 6.476794e+04	 0	 
 5.152765e-01	 -5.009666e-01	 4.793155e-04	 5.405793e-01	 6.476794e+04	 6.476794e+04	 0	 
 5.152765e-01	 -5.009666e-01	 4.793155e-04	 5.405793e-01	 6.476794e+04	 6.476794e+04	 0	 
 5.152765e-01	 -5.009666e-01	 4.793155e-04	 5.405793e-01	 6.476794e+04	 6.476794e+04	 0	 
 5.152765e-01	 -5.009666e-01	 4.793155e-04	 5.405793e-01	 6.476794e+04	 6.476794e+04	 0	 
 5.152765e-01	 -5.009666e-01	 4.793155e-04	 5.405793e-01	 6.476794e+04	 6.476794e+04	 0	 
 5.152765e-01	 -5.009666e-01	 4.793155e-04	 5.405793e-01	 6.476794e+04	 6.476794e+04	 0	 
 5.152765e-01	 -5.009666e-01	 4.793155e-04	 5.405793e-01	 6.476794e+04	 6.476794e+04	 0	 
 5.152765e-01	 -5.009666e-01	 4.793155e-04	 5.405793e-01	 6.476794e+04	 6.476794e+04	 0	 
 5.152765e-01	 -5.009666e-01	 4.793155e-04	 5.405793e-01	 6.476794e+04	 6.476794e+04	 0	 
 5.152765e-01	 -5.009666e-01	 4.793155e-04	 5.405793e-01	 6.476794e+04	 6.476794e+04	 0	 
 5.152765e-01	 -5.009666e-01	 4.793155e-04	 5.405793e-01	 6.476794e+04	 6.476794e+04	 0	 
 1.835478e-01	 7.070717e-01	 2.401451e-03	 1.129036e-01	 7.824287e+04	 7.802233e+04	 1	 
 1.835478e-01	 7.070717e-01	 2.401451e-03	 1.129036e-01	 7.824287e+04	 7.802233e+04	 1	 
 1.835478e-01	 7.070717e-01	 2.401451e-03	 1.129036e-01	 7.824287e+04	 7.802233e+04	 1	 
 1.835478e-01	 7.070717e-01	 2.401451e-03	 1.129036e-01	 7.824287e+04	 7.802233e+04	 1	 
 1.835478e-01	 7.070717e-01	 2.401451e-03	 1.129036e-01	 7.824287e+04	 7.802233e+04	 1	 
 1.835478e-01	 7.070717e-01	 2.401451e-03	 1.129036e-01	 7.824287e+04	 7.802233e+04	 1	 
 3.576256e-01	 6.396836e-01	 8.532793e-03	 1.458075e-04	 4.151472e+04	 4.151472e+04	 1	 
 3.576256e-01	 6.396836e-01	 8.532793e-03	 1.458075e-04	 4.151472e+04	 4.151472e+04	 1	 
 3.576256e-01	 6.396836e-01	 8.532793e-03	 1.458075e-04	 4.151472e+04	 4.151472e+04	 1	 
 3.576256e-01	 6.396836e-01	 8.532793e-03	 1.458075e-04	 4.151472e+04	 4.151472e+04	 1	 
 3.576256e-01	 6.396836e-01	 8.532793e-03	 1.458075e-04	 4.151472e+04	 4.151472e+04	 1	 
 3.576256e-01	 6.396836e-01	 8.532793e-03	 1.458075e-04	 4.151472e+04	 4.151472e+04	 1	 
 3.576256e-01	 6.396836e-01	 8.532793e-03	 1.458075e-04	 4.151472e+04	 4.151472e+04	 1	 
 3.576256e-01	 6.396836e-01	 8.532793e-03	 1.458075e-04	 4.151472e+04	 4.151472e+04	 1	 
 3.576256e-01	 6.396836e-01	 8.532793e-03	 1.458075e-04	 4.151472e+04	 4.151472e+04	 1	 
 3.576256e-01	 6.396836e-01	 8.532793e-03	 1.458075e-04	 4.151472e+04	 4.151472e+04	 1	 
 3.576256e-01	 6.396836e-01	 8.532793e-03	 1.458075e-04	 4.151472e+04	 4.151472e+04	 1	 
 3.576256e-01	 6.396836e-01	 8.532793e-03	 1.458075e-04	 4.151472e+04	 4.151472e+04	 1	 
 1.835478e-01	 7.070717e-01	 2.401451e-03	 1.129036e-01	 7.824287e+04	 7.802233e+04	 1	 
 1.835478e-01	 7.070717e-01	 2.401451e-03	 1.129036e-01	 7.824287e+04	 7.802233e+04	 1	 
 1.835478e-01	 7.070717e-01	 2.401451e-03	 1.129036e-01	 7.824287e+04	 7.802233e+04	 1	 
 1.835478e-01	 7.070717e-01	 2.401451e-03	 1.129036e-01	 7.824287e+04	 7.802233e+04	 1	 
 1.835478e-01	 7.070717e-01	 2.401451e-03	 1.129036e-01	 7.824287e+04	 7.802233e+04	 1	 
 1.835478e-01	 7.070717e-01	 2.401451e-03	 1.129036e-01	 7.824287e+04	 7.802233e+04	 1	 
 1.835478e-01	 7.070717e-01	 2.401451e-03	 1.129036e-01	 7.824287e+04	 7.802233e+04	 1	 
 1.835478e-01	 7.070717e-01	 2.401451e-03	 1.129036e-01	 7.824287e+04	 7.802233e+04	 1	 
 1.835478e-01	 7.070717e-01	 2.401451e-03	 1.129036e-01	 7.824287e+04	 7.802233e+04	 1	 
 1.835478e-01	 7.070717e-01	 2.401451e-03	 1.129036e-01	 7.824287e+04	 7.802233e+04	 1	 
 1.835478e-01	 7.070717e-01	 2.401451e-03	 1.129036e-01	 7.824287e+04	 7.802233e+04	 1	 
 1.835478e-01	 7.070717e-01	 2.401451e-03	 1.129036e-01	 7.824287e+04	 7.802233e+04	 1	 
 1.834402e-01	 7.066776e-01	 2.390421e-03	 1.132118e-01	 7.823881e+04	 7.821604e+04	 1	 
 1.834402e-01	 7.066776e-01	 2.390421e-03	 1.132118e-01	 7.823881e+04	 7.821604e+04	 1	 
 1.834402e-01	 7.066776e-01	 2.390421e-03	 1.132118e-01	 7.823881e+04	 7.821604e+04	 1	 
 1.834402e-01	 7.066776e-01	 2.390421e-03	 1.132118e-01	 7.823881e+04	 7.821604e+04	 1	 
 1.834402e-01	 7.066776e-01	 2.390421e-03	 1.132118e-01	 7.823881e+04	 7.821604e+04	 1	 
 1.834402e-01	 7.066776e-01	 2.390421e-03	 1.132118e-01	 7.823881e+04	 7.821604e+04	 1	 
 1.835478e-01	 7.070717e-01	 2.401451e-03	 1.129036e-01	 7.824287e+04	 7.802233e+04	 1	 
 1.835478e-01	 7.070717e-01	 2.401451e-03	 1.129036e-01	 7.824287e+04	 7.802233e+04	 1	 
 1.835478e-01	 7.070717e-01	 2.401451e-03	 1.129036e-01	 7.824287e+04	 7.802233e+04	 1	 
 1.835478e-01	 7.070717e-01	 2.401451e-03	 1.129036e-01	 7.824287e+04	 7.802233e+04	 1	 
 1.835478e-01	 7.070717e-01	 2.401451e-03	 1.129036e-01	 7.824287e+04	 7.802233e+04	 1	 
 1.835478e-01	 7.070717e-01	 2.401451e-03	 1.129036e-01	 7.824287e+04	 7.802233e+04	 1	 
 3.576256e-01	 6.396836e-01	 8.532793e-03	 1.458075e-04	 4.151472e+04	 4.151472e+04	 1	 
 3.576256e-01	 6.396836e-01	 8.532793e-03	 1.458075e-04	 4.151472e+04	 4.151472e+04	 1	 
 3.576256e-01	 6.396836e-01	 8.532793e-03	 1.458075e-04	 4.151472e+04	 4.151472e+04	 1	 
 3.576256e-01	 6.396836e-01	 8.532793e-03	 1.458075e-04	 4.151472e+04	 4.151472e+04	 1	 
 3.576256e-01	 6.396836e-01	 8.532793e-03	 1.458075e-04	 4.151472e+04	 4.151472e+04	 1	 
 3.576256e-01	 6.396836e-01	 8.532793e-03	 1.458075e-04	 4.151472e+04	 4.151472e+04	 1	 
 3.576256e-01	 6.396836e-01	 8.532793e-03	 1.458075e-04	 4.151472e+04	 4.151472e+04	 1	 
 3.576256e-01	 6.396836e-01	 8.532793e-03	 1.458075e-04	 4.151472e+04	 4.151472e+04	 1	 
 3.576256e-01	 6.396836e-01	 8.532793e-03	 1.458075e-04	 4.151472e+04	 4.151472e+04	 1	 
 3.576256e-01	 6.396836e-01	 8.532793e-03	 1.458075e-04	 4.151472e+04	 4.151472e+04	 1	 
 3.576256e-01	 6.396836e-01	 8.532793e-03	 1.458075e-04	 4.151472e+04	 4.151472e+04	 1	 
 3.576256e-01	 6.396836e-01	 8.532793e-03	 1.458075e-04	 4.151472e+04	 4.151472e+04	 1	 
 1.835478e-01	 7.070717e-01	 2.401451e-03	 1.129036e-01	 7.824287e+04	 7.802233e+04	 1	 
 1.835478e-01	 7.070717e-01	 2.401451e-03	 1.129036e-01	 7.824287e+04	 7.802233e+04	 1	 
 1.835478e-01	 7.070717e-01	 2.401451e-03	 1.129036e-01	 7.824287e+04	 7.802233e+04	 1	 
 1.835478e-01	 7.070717e-01	 2.401451e-03	 1.129036e-01	 7.824287e+04	 7.802233e+04	 1	 
 1.835478e-01	 7.070717e-01	 2.401451e-03	 1.129036e-01	 7.824287e+04	 7.802233e+04	 1	 
 1.835478e-01	 7.070717e-01	 2.401451e-03	 1.129036e-01	 7.824287e+04	 7.802233e+04	 1	 
 5.152765e-01	 -5.009666e-01	 4.793155e-04	 5.405793e-01	 6.476794e+04	 6.476794e+04	 0	 
 5.152765e-01	 -5.009666e-01	 4.793155e-04	 5.405793e-01	 6.476794e+04	 6.476794e+04	 0	 
 5.152765e-01	 -5.009666e-01	 4.793155e-04	 5.405793e-01	 6.476794e+04	 6.476794e+04	 0	 
 5.152765e-01	 -5.009666e-01	 4.793155e-04	 5.405793e-01	 6.476794e+04	 6.476794e+04	 0	 
 5.152765e-01	 -5.009666e-01	 4.793155e-04	 5.405793e-01	 6.476794e+04	 6.476794e+04	 0	 
 5.152765e-01	 -5.009666e-01	 4.793155e-04	 5.405793e-01	 6.476794e+04	 6.476794e+04	 0	 
 5.152765e-01	 -5.009666e-01	 4.793155e-04	 5.405793e-01	 6.476794e+04	 6.476794e+04	 0	 
 5.152765e-01	 -5.009666e-01	 4.793155e-04	 5.405793e-01	 6.476794e+04	 6.476794e+04	 0	 
 5.152765e-01	 -5.009666e-01	 4.793155e-04	 5.405793e-01	 6.476794e+04	 6.476794e+04	 0	 
 5.152765e-01	 -5.009666e-01	 4.793155e-04	 5.405793e-01	 6.476794e+04	 6.476794e+04	 0	 
 5.152765e-01	 -5.009666e-01	 4.793155e-04	 5.405793e-01	 6.476794e+04	 6.476794e+04	 0	 
 5.152765e-01	 -5.009666e-01	 4.793155e-04	 5.405793e-01	 6.476794e+04	 6.476794e+04	 0	 
 1.835478e-01	 7.070717e-01	 2.401451e-03	 1.129036e-01	 7.824287e+04	 7.802233e+04	 1	 
 1.835478e-01	 7.070717e-01	 2.401451e-03	 1.129036e-01	 7.824287e+04	 7.802233e+04	 1	 
 1.835478e-01	 7.070717e-01	 2.401451e-03	 1.129036e-01	 7.824287e+04	 7.802233e+04	 1	 
 1.835478e-01	 7.070717e-01	 2.401451e-03	 1.129036e-01	 7.824287e+04	 7.802233e+04	 1	 
 1.835478e-01	 7.070717e-01	 2.401451e-03	 1.129036e-01	 7.824287e+04	 7.802233e+04	 1	 
 1.835478e-01	 7.070717e-01	 2.401451e-03	 1.129036e-01	 7.824287e+04	 7.802233e+04	 1	 
 3.146905e-01	 6.444477e-01	 -1.197624e-04	 5.211798e-02	 5.565481e+04	 5.565481e+04	 0	 
 3.146905e-01	 6.444477e-01	 -1.197624e-04	 5.211798e-02	 5.565481e+04	 5.565481e+04	 0	 
 3.146905e-01	 6.444477e-01	 -1.197624e-04	 5.211798e-02	 5.565481e+04	 5.565481e+04	 0	 
 3.146905e-01	 6.444477e-01	 -1.197624e-04	 5.211798e-02	 5.565481e+04	 5.565481e+04	 0	 
 3.146905e-01	 6.444477e-01	 -1.197624e-04	 5.211798e-02	 5.565481e+04	 5.565481e+04	 0	 
 3.146905e-01	 6.444477e-01	 -1.197624e-04	 5.211798e-02	 5.565481e+04	 5.565481e+04	 0	 
 3.146905e-01	 6.444477e-01	 -1.197624e-04	 5.211798e-02	 5.565481e+04	 5.565481e+04	 0	 
 3.146905e-01	 6.444477e-01	 -1.197624e-04	 5.211798e-02	 5.565481e+04	 5.565481e+04	 0	 
 3.146905e-01	 6.444477e-01	 -1.197624e-04	 5.211798e-02	 5.565481e+04	 5.565481e+04	 0	 
 3.146905e-01	 6.444477e-01	 -1.197624e-04	 5.211798e-02	 5.565481e+04	 5.565481e+04	 0	 
 3.146905e-01	 6.444477e-01	 -1.197624e-04	 5.211798e-02	 5.565481e+04	 5.565481e+04	 0	 
 3.146905e-01	 6.444477e-01	 -1.197624e-04	 5.211798e-02	 5.565481e+04	 5.565481e+04	 0	 
 1.835478e-01	 7.070717e-01	 2.401451e-03	 1.129036e-01	 7.824287e+04	 7.802233e+04	 1	 
 1.835478e-01	 7.070717e-01	 2.401451e-03	 1.129036e-01	 7.824287e+04	 7.802233e+04	 1	 
 1.835478e-01	 7.070717e-01	 2.401451e-03	 1.129036e-01	 7.824287e+04	 7.802233e+04	 1	 
 1.835478e-01	 7.070717e-01	 2.401451e-03	 1.129036e-01	 7.824287e+04	 7.802233e+04	 1	 
 1.835478e-01	 7.070717e-01	 2.401451e-03	 1.129036e-01	 7.824287e+04	 7.802233e+04	 1	 
 1.835478e-01	 7.070717e-01	 2.401451e-03	 1.129036e-01	 7.824287e+04	 7.802233e+04	 1	 
 1.834402e-01	 7.066776e-01	 2.390421e-03	 1.132118e-01	 7.823881e+04	 7.821604e+04	 1	 
 1.834402e-01	 7.066776e-01	 2.390421e-03	 1.132118e-01	 7.823881e+04	 7.821604e+04	 1	 
 1.834402e-01	 7.066776e-01	 2.390421e-03	 1.132118e-01	 7.823881e+04	 7.821604e+04	 1	 
 1.834402e-01	 7.066776e-01	 2.390421e-03	 1.132118e-01	 7.823881e+04	 7.821604e+04	 1	 
 1.834402e-01	 7.066776e-01	 2.390421e-03	 1.132118e-01	 7.823881e+04	 7.821604e+04	 1	 
 1.834402e-01	 7.066776e-01	 2.390421e-03	 1.132118e-01	 7.823881e+04	 7.821604e+04	 1	 
 1.815146e-01	 7.069783e-01	 2.464291e-03	 1.146318e-01	 7.824908e+04	 7.824274e+04	 1	 
 1.815146e-01	 7.069783e-01	 2.464291e-03	 1.146318e-01	 7.824908e+04	 7.824274e+04	 1	 
 1.815146e-01	 7.069783e-01	 2.464291e-03	 1.146318e-01	 7.824908e+04	 7.824274e+04	 1	 
 1.815146e-01	 7.069783e-01	 2.464291e-03	 1.146318e-01	 7.824908e+04	 7.824274e+04	 1	 
 1.815146e-01	 7.069783e-01	 2.464291e-03	 1.146318e-01	 7.824908e+04	 7.824274e+04	 1	 
 1.815146e-01	 7.069783e-01	 2.464291e-03	 1.146318e-01	 7.824908e+04	 7.824274e+04	 1	 
 1.835478e-01	 7.070717e-01	 2.401451e-03	 1.129036e-01	 7.824287e+04	 7.802233e+04	 1	 
 1.835478e-01	 7.070717e-01	 2.401451e-03	 1.129036e-01	 7.824287e+04	 7.802233e+04	 1	 
 1.835478e-01	 7.070717e-01	 2.401451e-03	 1.129036e-01	 7.824287e+04	 7.802233e+04	 1	 
 1.835478e-01	 7.070717e-01	 2.401451e-03	 1.129036e-01	 7.824287e+04	 7.802233e+04	 1	 
 1.835478e-01	 7.070717e-01	 2.401451e-03	 1.129036e-01	 7.824287e+04	 7.802233e+04	 1	 
 1.835478e-01	 7.070717e-01	 2.401451e-03	 1.129036e-01	 7.824287e+04	 7.802233e+04	 1	 
 5.152765e-01	 -5.009666e-01	 4.793155e-04	 5.405793e-01	 6.476794e+04	 6.476794e+04	 0	 
 5.152765e-01	 -5.009666e-01	 4.793155e-04	 5.405793e-01	 6.476794e+04	 6.476794e+04	 0	 
 5.152765e-01	 -5.009666e-01	 4.793155e-04	 5.405793e-01	 6.476794e+04	 6.476794e+04	 0	 
 5.152765e-01	 -5.009666e-01	 4.793155e-04	 5.405793e-01	 6.476794e+04	 6.476794e+04	 0	 
 5.152765e-01	 -5.009666e-01	 4.793155e-04	 5.405793e-01	 6.476794e+04	 6.476794e+04	 0	 
 5.152765e-01	 -5.009666e-01	 4.793155e-04	 5.405793e-01	 6.476794e+04	 6.476794e+04	 0	 
 5.152765e-01	 -5.009666e-01	 4.793155e-04	 5.405793e-01	 6.476794e+04	 6.476794e+04	 0	 
 5.152765e-01	 -5.009666e-01	 4.793155e-04	 5.405793e-01	 6.476794e+04	 6.476794e+04	 0	 
 5.152765e-01	 -5.009666e-01	 4.793155e-04	 5.405793e-01	 6.476794e+04	 6.476794e+04	 0	 
 5.152765e-01	 -5.009666e-01	 4.793155e-04	 5.405793e-01	 6.476794e+04	 6.476794e+04	 0	 
 5.152765e-01	 -5.009666e-01	 4.793155e-04	 5.405793e-01	 6.476794e+04	 6.476794e+04	 0	 
 5.152765e-01	 -5.009666e-01	 4.793155e-04	 5.405793e-01	 6.476794e+04	 6.476794e+04	 0	 
 1.835478e-01	 7.070717e-01	 2.401451e-03	 1.129036e-01	 7.824287e+04	 7.802233e+04	 1	 
 1.835478e-01	 7.070717e-01	 2.401451e-03	 1.129036e-01	 7.824287e+04	 7.802233e+04	 1	 
 1.835478e-01	 7.070717e-01	 2.401451e-03	 1.129036e-01	 7.824287e+04	 7.802233e+04	 1	 
 1.835478e-01	 7.070717e-01	 2.401451e-03	 1.129036e-01	 7.824287e+04	 7.802233e+04	 1	 
 1.835478e-01	 7.070717e-01	 2.401451e-03	 1.129036e-01	 7.824287e+04	 7.802233e+04	 1	 
 1.835478e-01	 7.070717e-01	 2.401451e-03	 1.129036e-01	 7.824287e+04	 7.802233e+04	 1	 
 1.835478e-01	 7.070717e-01	 2.401451e-03	 1.129036e-01	 7.824287e+04	 7.802233e+04	 1	 
 1.835478e-01	 7.070717e-01	 2.401451e-03	 1.129036e-01	 7.824287e+04	 7.802233e+04	 1	 
 1.835478e-01	 7.070717e-01	 2.401451e-03	 1.129036e-01	 7.824287e+04	 7.802233e+04	 1	 
 1.835478e-01	 7.070717e-01	 2.401451e-03	 1.129036e-01	 7.824287e+04	 7.802233e+04	 1	 
 1.835478e-01	 7.070717e-01	 2.401451e-03	 1.129036e-01	 7.824287e+04	 7.802233e+04	 1	 
 1.835478e-01	 7.070717e-01	 2.401451e-03	 1.129036e-01	 7.824287e+04	 7.802233e+04	 1	 
 1.829558e-01	 7.064517e-01	 2.353204e-03	 1.138748e-01	 7.824988e+04	 7.824384e+04	 1	 
 1.829558e-01	 7.064517e-01	 2.353204e-03	 1.138748e-01	 7.824988e+04	 7.824384e+04	 1	 
 1.829558e-01	 7.064517e-01	 2.353204e-03	 1.138748e-01	 7.824988e+04	 7.824384e+04	 1	 
 1.829558e-01	 7.064517e-01	 2.353204e-03	 1.138748e-01	 7.824988e+04	 7.824384e+04	 1	 
 1.829558e-01	 7.064517e-01	 2.353204e-03	 1.138748e-01	 7.824988e+04	 7.824384e+04	 1	 
 1.829558e-01	 7.064517e-01	 2.353204e-03	 1.138748e-01	 7.824988e+04	 7.824384e+04	 1	 
 1.835478e-01	 7.070717e-01	 2.401451e-03	 1.129036e-01	 7.824287e+04	 7.802233e+04	 1	 
 1.835478e-01	 7.070717e-01	 2.401451e-03	 1.129036e-01	 7.824287e+04	 7.802233e+04	 1	 
 1.835478e-01	 7.070717e-01	 2.401451e-03	 1.129036e-01	 7.824287e+04	 7.802233e+04	 1	 
 1.835478e-01	 7.070717e-01	 2.401451e-03	 1.129036e-01	 7.824287e+04	 7.802233e+04	 1	 
 1.835478e-01	 7.070717e-01	 2.401451e-03	 1.129036e-01	 7.824287e+04	 7.802233e+04	 1	 
 1.835478e-01	 7.070717e-01	 2.401451e-03	 1.129036e-01	 7.824287e+04	 7.802233e+04	 1	 
 1.835478e-01	 7.070717e-01	 2.401451e-03	 1.129036e-01	 7.824287e+04	 7.802233e+04	 1	 
 1.835478e-01	 7.070717e-01	 2.401451e-03	 1.129036e-01	 7.824287e+04	 7.802233e+04	 1	 
 1.835478e-01	 7.070717e-01	 2.401451e-03	 1.129036e-01	 7.824287e+04	 7.802233e+04	 1	 
 1.835478e-01	 7.070717e-01	 2.401451e-03	 1.129036e-01	 7.824287e+04	 7.802233e+04	 1	 
 1.835478e-01	 7.070717e-01	 2.401451e-03	 1.129036e-01	 7.824287e+04	 7.802233e+04	 1	 
 1.835478e-01	 7.070717e-01	 2.401451e-03	 1.129036e-01	 7.824287e+04	 7.802233e+04	 1	 
 1.841833e-01	 7.053284e-01	 2.349055e-03	 1.136120e-01	 7.825203e+04	 7.824605e+04	 1	 
 1.841833e-01	 7.053284e-01	 2.349055e-03	 1.136120e-01	 7.825203e+04	 7.824605e+04	 1	 
 1.841833e-01	 7.053284e-01	 2.349055e-03	 1.136120e-01	 7.825203e+04	 7.824605e+04	 1	 
 1.841833e-01	 7.053284e-01	 2.349055e-03	 1.136120e-01	 7.825203e+04	 7.824605e+04	 1	 
 1.841833e-01	 7.053284e-01	 2.349055e-03	 1.136120e-01	 7.825203e+04	 7.824605e+04	 1	 
 1.841833e-01	 7.053284e-01	 2.349055e-03	 1.136120e-01	 7.825203e+04	 7.824605e+04	 1	 
 