4.508722e-01	 -1.279708e-02	 7.636195e-01	 -2.164538e-01	 4.018704e+01	 4.023162e+01	 4.458222e-02	 0	 8.537366e+03	 8.430891e-02	 7.312685e-02	 6.591256e-01	 3.346131e-01	 
 3.587261e-01	 -2.796850e-05	 9.910816e-01	 -3.587551e-01	 3.505752e+01	 3.505669e+01	 8.228457e-04	 0	 2.877428e+02	 1.171618e-02	 1.018634e-02	 5.439117e-01	 1.787729e-01	 
 -1.002063e+00	 -6.398804e-04	 1.089619e+00	 9.123485e-01	 3.250194e+01	 3.249337e+01	 8.564882e-03	 0	 4.009264e+04	 1.913828e-03	 1.923711e-03	 3.823553e-01	 2.826852e-01	 
 5.903502e-01	 4.455631e-04	 2.915892e-01	 7.926776e-02	 2.402672e+01	 2.402644e+01	 2.713555e-04	 1	 2.068887e+02	 4.578977e-02	 3.908018e-02	 9.305882e-01	 1.472458e-01	 
 1.501778e-01	 1.259044e-03	 1.367381e+00	 -5.189407e-01	 2.714978e+01	 2.714828e+01	 1.502668e-03	 0	 3.449634e+04	 2.117516e-03	 2.904990e-02	 5.496130e-01	 4.081282e-02	 
 6.175958e-01	 -4.135595e-03	 2.808042e-01	 1.079644e-01	 3.107889e+01	 3.095993e+01	 1.189624e-01	 0	 2.129925e+03	 6.889863e-03	 5.821491e-03	 3.044662e-01	 3.839838e-01	 
 6.573772e-01	 1.104037e-03	 9.555120e-01	 -6.170808e-01	 2.785463e+01	 2.788327e+01	 2.864720e-02	 0	 7.725449e+03	 1.463422e-02	 2.055945e-02	 6.979410e-01	 2.947382e-01	 
 -8.404668e-03	 -6.851571e-04	 9.442008e-01	 6.488325e-02	 3.795312e+01	 3.795621e+01	 3.088414e-03	 0	 1.013762e+05	 4.039260e-04	 1.020358e-02	 4.606994e-01	 2.666585e-02	 
 2.074140e-01	 -2.578853e-05	 6.004699e-01	 1.921329e-01	 2.087097e+01	 2.086832e+01	 2.651719e-03	 0	 7.795946e+04	 5.589388e-04	 3.851338e-02	 1.764266e-01	 2.993407e-01	 
 1.932423e+00	 -5.766482e-04	 -1.122457e+00	 1.896231e-01	 2.839596e+01	 2.838851e+01	 7.453695e-03	 0	 1.543516e+04	 6.580109e-03	 7.555855e-03	 7.877266e-01	 3.331193e-01	 
 1.932423e+00	 -5.766482e-04	 -1.122457e+00	 1.896231e-01	 2.839596e+01	 2.838851e+01	 7.453695e-03	 0	 1.543516e+04	 6.580109e-03	 7.555855e-03	 7.877266e-01	 3.331193e-01	 
 6.175958e-01	 -4.135595e-03	 2.808042e-01	 1.079644e-01	 3.107889e+01	 3.095993e+01	 1.189624e-01	 0	 2.129925e+03	 6.889863e-03	 5.821491e-03	 3.044662e-01	 3.839838e-01	 
 6.175958e-01	 -4.135595e-03	 2.808042e-01	 1.079644e-01	 3.107889e+01	 3.095993e+01	 1.189624e-01	 0	 2.129925e+03	 6.889863e-03	 5.821491e-03	 3.044662e-01	 3.839838e-01	 
 1.932423e+00	 -5.766482e-04	 -1.122457e+00	 1.896231e-01	 2.839596e+01	 2.838851e+01	 7.453695e-03	 0	 1.543516e+04	 6.580109e-03	 7.555855e-03	 7.877266e-01	 3.331193e-01	 
 5.897672e-01	 4.259530e-04	 2.920425e-01	 7.939799e-02	 2.402656e+01	 2.402644e+01	 1.108212e-04	 1	 2.081529e+02	 4.569822e-02	 3.907843e-02	 9.427778e-01	 1.503302e-01	 
 5.943711e-01	 5.468531e-04	 2.900200e-01	 7.681226e-02	 2.402627e+01	 2.402644e+01	 1.707270e-04	 1	 2.215643e+02	 4.620227e-02	 3.908830e-02	 9.222866e-01	 1.470787e-01	 
 1.932423e+00	 -5.766482e-04	 -1.122457e+00	 1.896231e-01	 2.839596e+01	 2.838851e+01	 7.453695e-03	 0	 1.543516e+04	 6.580109e-03	 7.555855e-03	 7.877266e-01	 3.331193e-01	 
 -1.002063e+00	 -6.398804e-04	 1.089619e+00	 9.123485e-01	 3.250194e+01	 3.249337e+01	 8.564882e-03	 0	 4.009264e+04	 1.913828e-03	 1.923711e-03	 3.823553e-01	 2.826852e-01	 
 -1.002063e+00	 -6.398804e-04	 1.089619e+00	 9.123485e-01	 3.250194e+01	 3.249337e+01	 8.564882e-03	 0	 4.009264e+04	 1.913828e-03	 1.923711e-03	 3.823553e-01	 2.826852e-01	 
 1.932423e+00	 -5.766482e-04	 -1.122457e+00	 1.896231e-01	 2.839596e+01	 2.838851e+01	 7.453695e-03	 0	 1.543516e+04	 6.580109e-03	 7.555855e-03	 7.877266e-01	 3.331193e-01	 
 6.175958e-01	 -4.135595e-03	 2.808042e-01	 1.079644e-01	 3.107889e+01	 3.095993e+01	 1.189624e-01	 0	 2.129925e+03	 6.889863e-03	 5.821491e-03	 3.044662e-01	 3.839838e-01	 
 6.175958e-01	 -4.135595e-03	 2.808042e-01	 1.079644e-01	 3.107889e+01	 3.095993e+01	 1.189624e-01	 0	 2.129925e+03	 6.889863e-03	 5.821491e-03	 3.044662e-01	 3.839838e-01	 
 1.932423e+00	 -5.766482e-04	 -1.122457e+00	 1.896231e-01	 2.839596e+01	 2.838851e+01	 7.453695e-03	 0	 1.543516e+04	 6.580109e-03	 7.555855e-03	 7.877266e-01	 3.331193e-01	 
 5.897672e-01	 4.259530e-04	 2.920425e-01	 7.939799e-02	 2.402656e+01	 2.402644e+01	 1.108212e-04	 1	 2.081529e+02	 4.569822e-02	 3.907843e-02	 9.427778e-01	 1.503302e-01	 
 5.900570e-01	 4.201492e-04	 2.913385e-01	 7.981140e-02	 2.402650e+01	 2.402644e+01	 5.048632e-05	 1	 2.146114e+02	 4.566608e-02	 3.907781e-02	 9.444133e-01	 1.517163e-01	 
 1.932423e+00	 -5.766482e-04	 -1.122457e+00	 1.896231e-01	 2.839596e+01	 2.838851e+01	 7.453695e-03	 0	 1.543516e+04	 6.580109e-03	 7.555855e-03	 7.877266e-01	 3.331193e-01	 
 -8.404668e-03	 -6.851571e-04	 9.442008e-01	 6.488325e-02	 3.795312e+01	 3.795621e+01	 3.088414e-03	 0	 1.013762e+05	 4.039260e-04	 1.020358e-02	 4.606994e-01	 2.666585e-02	 
 -8.404668e-03	 -6.851571e-04	 9.442008e-01	 6.488325e-02	 3.795312e+01	 3.795621e+01	 3.088414e-03	 0	 1.013762e+05	 4.039260e-04	 1.020358e-02	 4.606994e-01	 2.666585e-02	 
 1.932423e+00	 -5.766482e-04	 -1.122457e+00	 1.896231e-01	 2.839596e+01	 2.838851e+01	 7.453695e-03	 0	 1.543516e+04	 6.580109e-03	 7.555855e-03	 7.877266e-01	 3.331193e-01	 
 1.932423e+00	 -5.766482e-04	 -1.122457e+00	 1.896231e-01	 2.839596e+01	 2.838851e+01	 7.453695e-03	 0	 1.543516e+04	 6.580109e-03	 7.555855e-03	 7.877266e-01	 3.331193e-01	 
 1.932423e+00	 -5.766482e-04	 -1.122457e+00	 1.896231e-01	 2.839596e+01	 2.838851e+01	 7.453695e-03	 0	 1.543516e+04	 6.580109e-03	 7.555855e-03	 7.877266e-01	 3.331193e-01	 
 1.932423e+00	 -5.766482e-04	 -1.122457e+00	 1.896231e-01	 2.839596e+01	 2.838851e+01	 7.453695e-03	 0	 1.543516e+04	 6.580109e-03	 7.555855e-03	 7.877266e-01	 3.331193e-01	 
 2.074140e-01	 -2.578853e-05	 6.004699e-01	 1.921329e-01	 2.087097e+01	 2.086832e+01	 2.651719e-03	 0	 7.795946e+04	 5.589388e-04	 3.851338e-02	 1.764266e-01	 2.993407e-01	 
 2.074140e-01	 -2.578853e-05	 6.004699e-01	 1.921329e-01	 2.087097e+01	 2.086832e+01	 2.651719e-03	 0	 7.795946e+04	 5.589388e-04	 3.851338e-02	 1.764266e-01	 2.993407e-01	 
 1.932423e+00	 -5.766482e-04	 -1.122457e+00	 1.896231e-01	 2.839596e+01	 2.838851e+01	 7.453695e-03	 0	 1.543516e+04	 6.580109e-03	 7.555855e-03	 7.877266e-01	 3.331193e-01	 
 1.932423e+00	 -5.766482e-04	 -1.122457e+00	 1.896231e-01	 2.839596e+01	 2.838851e+01	 7.453695e-03	 0	 1.543516e+04	 6.580109e-03	 7.555855e-03	 7.877266e-01	 3.331193e-01	 
 1.932423e+00	 -5.766482e-04	 -1.122457e+00	 1.896231e-01	 2.839596e+01	 2.838851e+01	 7.453695e-03	 0	 1.543516e+04	 6.580109e-03	 7.555855e-03	 7.877266e-01	 3.331193e-01	 
 1.932423e+00	 -5.766482e-04	 -1.122457e+00	 1.896231e-01	 2.839596e+01	 2.838851e+01	 7.453695e-03	 0	 1.543516e+04	 6.580109e-03	 7.555855e-03	 7.877266e-01	 3.331193e-01	 
 2.074140e-01	 -2.578853e-05	 6.004699e-01	 1.921329e-01	 2.087097e+01	 2.086832e+01	 2.651719e-03	 0	 7.795946e+04	 5.589388e-04	 3.851338e-02	 1.764266e-01	 2.993407e-01	 
 2.074140e-01	 -2.578853e-05	 6.004699e-01	 1.921329e-01	 2.087097e+01	 2.086832e+01	 2.651719e-03	 0	 7.795946e+04	 5.589388e-04	 3.851338e-02	 1.764266e-01	 2.993407e-01	 
 