1.007248e-01	 5.498421e-02	 7.802528e-01	 1.367884e-01	 3.960313e+03	 1.079809e+01	 
 1.007248e-01	 5.498421e-02	 7.802528e-01	 1.367884e-01	 3.960313e+03	 1.079809e+01	 
 1.022225e-01	 5.375718e-02	 7.797634e-01	 1.358969e-01	 3.869559e+03	 1.079745e+01	 
 9.657525e-02	 5.334340e-02	 7.816331e-01	 1.398323e-01	 3.860839e+03	 1.079781e+01	 
 1.007696e-01	 5.493254e-02	 7.798199e-01	 1.370207e-01	 3.956593e+03	 1.079712e+01	 
 9.652783e-02	 5.339213e-02	 7.820550e-01	 1.396092e-01	 3.864366e+03	 1.079875e+01	 
 1.520057e-01	 6.154238e-04	 7.961362e-01	 8.735757e-02	 3.258618e+01	 1.087268e+01	 
 1.510298e-01	 4.561873e-04	 7.637840e-01	 1.081972e-01	 2.428989e+01	 1.060239e+01	 
 1.509985e-01	 4.754579e-04	 7.637851e-01	 1.082199e-01	 2.526546e+01	 1.060234e+01	 
 1.510883e-01	 5.245003e-04	 7.637403e-01	 1.081621e-01	 2.799467e+01	 1.060226e+01	 
 1.511186e-01	 5.011447e-04	 7.637407e-01	 1.081400e-01	 2.681226e+01	 1.060233e+01	 
 1.510062e-01	 4.713583e-04	 7.637832e-01	 1.082147e-01	 2.499433e+01	 1.060244e+01	 
 2.600457e-01	 1.915134e-05	 7.567244e-01	 2.058539e-02	 1.826144e+00	 8.591717e+00	 
 2.600381e-01	 1.998084e-05	 7.565390e-01	 2.070502e-02	 1.895916e+00	 8.662671e+00	 
 2.600409e-01	 1.899255e-05	 7.567403e-01	 2.057967e-02	 1.790113e+00	 8.586586e+00	 
 2.600381e-01	 1.998084e-05	 7.565390e-01	 2.070502e-02	 1.895916e+00	 8.662671e+00	 
 2.600462e-01	 1.905798e-05	 7.566206e-01	 2.064824e-02	 1.787582e+00	 8.631430e+00	 
 2.600433e-01	 1.899724e-05	 7.566211e-01	 2.065037e-02	 1.789036e+00	 8.631539e+00	 
 1.973428e-01	 1.898439e-01	 8.048899e-01	 4.287043e-03	 6.200076e+03	 9.963129e+00	 
 1.701684e-01	 1.880790e-01	 8.151252e-01	 2.255218e-02	 6.236406e+03	 9.986755e+00	 
 1.941963e-01	 1.987148e-01	 8.019193e-01	 7.168847e-03	 6.490329e+03	 9.993562e+00	 
 1.958164e-01	 1.937790e-01	 8.069309e-01	 3.614055e-03	 6.329091e+03	 9.967816e+00	 
 1.840978e-01	 1.856997e-01	 8.058254e-01	 1.544781e-02	 6.048119e+03	 9.977333e+00	 
 1.941963e-01	 1.987148e-01	 8.019193e-01	 7.168847e-03	 6.490329e+03	 9.993562e+00	 
 1.073549e-01	 1.133234e-02	 7.751550e-01	 1.376593e-01	 1.119624e+03	 1.107192e+01	 
 6.648381e-02	 1.929408e-02	 7.870750e-01	 1.649674e-01	 1.908116e+03	 1.107542e+01	 
 7.876262e-02	 1.587838e-02	 7.835770e-01	 1.567883e-01	 1.566008e+03	 1.107414e+01	 
 9.200897e-02	 1.387367e-02	 7.796301e-01	 1.479317e-01	 1.366903e+03	 1.107298e+01	 
 7.247433e-02	 1.710873e-02	 7.853185e-01	 1.610131e-01	 1.681684e+03	 1.107474e+01	 
 8.105186e-02	 1.563870e-02	 7.828203e-01	 1.552715e-01	 1.538074e+03	 1.107391e+01	 
 2.412096e-01	 3.342140e-02	 7.377951e-01	 4.402176e-02	 2.492778e+03	 1.083320e+01	 
 2.272370e-01	 3.262135e-02	 7.419367e-01	 5.353318e-02	 2.418792e+03	 1.082413e+01	 
 2.318898e-01	 3.231730e-02	 7.409566e-01	 5.038993e-02	 2.431421e+03	 1.082727e+01	 
 2.272370e-01	 3.262135e-02	 7.419367e-01	 5.353318e-02	 2.418792e+03	 1.082413e+01	 
 2.317316e-01	 3.064268e-02	 7.401524e-01	 5.102603e-02	 2.288719e+03	 1.082510e+01	 
 2.272370e-01	 3.262135e-02	 7.419367e-01	 5.353318e-02	 2.418792e+03	 1.082413e+01	 
 1.496690e-01	 2.524064e-02	 7.701730e-01	 1.051456e-01	 2.034658e+03	 1.079884e+01	 
 1.589407e-01	 2.439224e-02	 7.668096e-01	 9.925241e-02	 1.971141e+03	 1.079941e+01	 
 1.594172e-01	 2.435985e-02	 7.668353e-01	 9.882691e-02	 1.968766e+03	 1.079990e+01	 
 1.591217e-01	 2.393882e-02	 7.669972e-01	 9.898106e-02	 1.932430e+03	 1.079991e+01	 
 1.594220e-01	 2.437007e-02	 7.670225e-01	 9.870741e-02	 1.969603e+03	 1.080033e+01	 
 1.598645e-01	 2.431998e-02	 7.666911e-01	 9.853148e-02	 1.965790e+03	 1.079998e+01	 
 2.574529e-01	 3.876539e-03	 7.229648e-01	 3.785748e-02	 1.423668e+02	 9.990222e+00	 
 2.573724e-01	 4.082788e-03	 7.230421e-01	 3.784040e-02	 1.490929e+02	 9.990142e+00	 
 2.575366e-01	 4.083850e-03	 7.230074e-01	 3.772523e-02	 1.493198e+02	 9.990015e+00	 
 2.570686e-01	 4.080821e-03	 7.231061e-01	 3.805363e-02	 1.486743e+02	 9.990379e+00	 
 2.582332e-01	 3.882989e-03	 7.228015e-01	 3.730909e-02	 1.435105e+02	 9.989608e+00	 
 2.576088e-01	 3.877497e-03	 7.229319e-01	 3.774811e-02	 1.425791e+02	 9.990100e+00	 
 2.559762e-01	 3.867464e-03	 7.232764e-01	 3.889372e-02	 1.403481e+02	 9.991396e+00	 
 2.560537e-01	 3.867941e-03	 7.232600e-01	 3.883928e-02	 1.404531e+02	 9.991333e+00	 
 2.559821e-01	 3.865889e-03	 7.232738e-01	 3.889035e-02	 1.402807e+02	 9.991400e+00	 
 2.553163e-01	 4.064345e-03	 7.235819e-01	 3.925471e-02	 1.487699e+02	 9.990880e+00	 
 2.559121e-01	 4.069666e-03	 7.233471e-01	 3.886714e-02	 1.469124e+02	 9.991315e+00	 
 2.559058e-01	 4.071412e-03	 7.233499e-01	 3.887068e-02	 1.469870e+02	 9.991311e+00	 
 2.574473e-01	 3.878207e-03	 7.229674e-01	 3.786057e-02	 1.424373e+02	 9.990217e+00	 
 2.576023e-01	 3.880989e-03	 7.228025e-01	 3.783282e-02	 1.427177e+02	 9.990570e+00	 
 2.576088e-01	 3.877497e-03	 7.229319e-01	 3.774811e-02	 1.425791e+02	 9.990100e+00	 
 2.576032e-01	 3.879148e-03	 7.229345e-01	 3.775117e-02	 1.426499e+02	 9.990096e+00	 
 2.576032e-01	 3.879165e-03	 7.229345e-01	 3.775117e-02	 1.426502e+02	 9.990096e+00	 
 2.574529e-01	 3.876539e-03	 7.229648e-01	 3.785748e-02	 1.423668e+02	 9.990222e+00	 
 2.566843e-01	 3.871766e-03	 7.231270e-01	 3.839684e-02	 1.413137e+02	 9.990828e+00	 
 2.559762e-01	 3.867464e-03	 7.232764e-01	 3.889371e-02	 1.403473e+02	 9.991396e+00	 
 2.558365e-01	 4.067482e-03	 7.233617e-01	 3.892103e-02	 1.467313e+02	 9.991384e+00	 
 2.559746e-01	 3.869277e-03	 7.231450e-01	 3.897564e-02	 1.404133e+02	 9.991869e+00	 
 2.566843e-01	 3.871816e-03	 7.231270e-01	 3.839684e-02	 1.413154e+02	 9.990828e+00	 
 2.559762e-01	 3.867464e-03	 7.232764e-01	 3.889371e-02	 1.403473e+02	 9.991396e+00	 
 1.513492e-01	 2.554151e-04	 7.637701e-01	 1.079678e-01	 1.414577e+01	 1.060275e+01	 
 1.512924e-01	 2.563471e-04	 7.637928e-01	 1.080045e-01	 1.437663e+01	 1.060213e+01	 
 1.514199e-01	 2.702133e-04	 7.637438e-01	 1.079209e-01	 1.504071e+01	 1.060273e+01	 
 1.513545e-01	 2.565160e-04	 7.637677e-01	 1.079646e-01	 1.421285e+01	 1.060274e+01	 
 1.513545e-01	 2.565173e-04	 7.637679e-01	 1.079644e-01	 1.421562e+01	 1.060275e+01	 
 1.513584e-01	 2.565285e-04	 7.637666e-01	 1.079618e-01	 1.420485e+01	 1.060279e+01	 
 1.513353e-01	 2.509810e-04	 7.637751e-01	 1.079772e-01	 1.386243e+01	 1.060283e+01	 
 1.513081e-01	 2.644824e-04	 7.637779e-01	 1.079964e-01	 1.454597e+01	 1.060281e+01	 
 1.513317e-01	 2.509705e-04	 7.637765e-01	 1.079795e-01	 1.386885e+01	 1.060280e+01	 
 1.513387e-01	 2.509901e-04	 7.637737e-01	 1.079749e-01	 1.384805e+01	 1.060287e+01	 
 1.518452e-01	 2.853077e-04	 7.788047e-01	 9.825456e-02	 1.571425e+01	 1.073548e+01	 
 1.512708e-01	 2.508075e-04	 7.638008e-01	 1.080189e-01	 1.403137e+01	 1.060218e+01	 
 