3.775813e-01	 7.840498e-04	 1.140674e+00	 -3.162753e-01	 1.108710e+05	 1.108122e+05	 5.879140e+01	 0	 9.073204e+02	 2.036511e-01	 1.243626e+02	 1.820006e+02	 3.153714e+02	 
 3.775813e-01	 7.840498e-04	 1.140674e+00	 -3.162753e-01	 1.108710e+05	 1.108122e+05	 5.879140e+01	 0	 9.073204e+02	 2.036511e-01	 1.243626e+02	 1.820006e+02	 3.153714e+02	 
 3.775813e-01	 7.840498e-04	 1.140674e+00	 -3.162753e-01	 1.108710e+05	 1.108122e+05	 5.879140e+01	 0	 9.073204e+02	 2.036511e-01	 1.243626e+02	 1.820006e+02	 3.153714e+02	 
 3.775813e-01	 7.840498e-04	 1.140674e+00	 -3.162753e-01	 1.108710e+05	 1.108122e+05	 5.879140e+01	 0	 9.073204e+02	 2.036511e-01	 1.243626e+02	 1.820006e+02	 3.153714e+02	 
 3.775813e-01	 7.840498e-04	 1.140674e+00	 -3.162753e-01	 1.108710e+05	 1.108122e+05	 5.879140e+01	 0	 9.073204e+02	 2.036511e-01	 1.243626e+02	 1.820006e+02	 3.153714e+02	 
 3.775813e-01	 7.840498e-04	 1.140674e+00	 -3.162753e-01	 1.108710e+05	 1.108122e+05	 5.879140e+01	 0	 9.073204e+02	 2.036511e-01	 1.243626e+02	 1.820006e+02	 3.153714e+02	 
 1.007248e-01	 5.498421e-02	 7.802528e-01	 1.367884e-01	 1.009244e+05	 9.696408e+04	 3.960313e+03	 1	 4.892731e+04	 8.391465e-02	 1.547729e+02	 1.994024e+02	 2.174930e+02	 
 1.007248e-01	 5.498421e-02	 7.802528e-01	 1.367884e-01	 1.009244e+05	 9.696408e+04	 3.960313e+03	 1	 4.892731e+04	 8.391465e-02	 1.547729e+02	 1.994024e+02	 2.174930e+02	 
 1.007248e-01	 5.498421e-02	 7.802528e-01	 1.367884e-01	 1.009244e+05	 9.696408e+04	 3.960313e+03	 1	 4.892731e+04	 8.391465e-02	 1.547729e+02	 1.994024e+02	 2.174930e+02	 
 1.007248e-01	 5.498421e-02	 7.802528e-01	 1.367884e-01	 1.009244e+05	 9.696408e+04	 3.960313e+03	 1	 4.892731e+04	 8.391465e-02	 1.547729e+02	 1.994024e+02	 2.174930e+02	 
 1.007248e-01	 5.498421e-02	 7.802528e-01	 1.367884e-01	 1.009244e+05	 9.696408e+04	 3.960313e+03	 1	 4.892731e+04	 8.391465e-02	 1.547729e+02	 1.994024e+02	 2.174930e+02	 
 1.007248e-01	 5.498421e-02	 7.802528e-01	 1.367884e-01	 1.009244e+05	 9.696408e+04	 3.960313e+03	 1	 4.892731e+04	 8.391465e-02	 1.547729e+02	 1.994024e+02	 2.174930e+02	 
 1.509985e-01	 4.754597e-04	 7.637855e-01	 1.082197e-01	 8.353129e+04	 8.350602e+04	 2.526912e+01	 1	 4.022895e+04	 3.061168e-02	 8.571803e+01	 2.080348e+02	 9.121409e+01	 
 1.509985e-01	 4.754597e-04	 7.637855e-01	 1.082197e-01	 8.353129e+04	 8.350602e+04	 2.526912e+01	 1	 4.022895e+04	 3.061168e-02	 8.571803e+01	 2.080348e+02	 9.121409e+01	 
 1.509985e-01	 4.754597e-04	 7.637855e-01	 1.082197e-01	 8.353129e+04	 8.350602e+04	 2.526912e+01	 1	 4.022895e+04	 3.061168e-02	 8.571803e+01	 2.080348e+02	 9.121409e+01	 
 1.509985e-01	 4.754597e-04	 7.637855e-01	 1.082197e-01	 8.353129e+04	 8.350602e+04	 2.526912e+01	 1	 4.022895e+04	 3.061168e-02	 8.571803e+01	 2.080348e+02	 9.121409e+01	 
 1.509985e-01	 4.754597e-04	 7.637855e-01	 1.082197e-01	 8.353129e+04	 8.350602e+04	 2.526912e+01	 1	 4.022895e+04	 3.061168e-02	 8.571803e+01	 2.080348e+02	 9.121409e+01	 
 1.509985e-01	 4.754597e-04	 7.637855e-01	 1.082197e-01	 8.353129e+04	 8.350602e+04	 2.526912e+01	 1	 4.022895e+04	 3.061168e-02	 8.571803e+01	 2.080348e+02	 9.121409e+01	 
 2.600410e-01	 1.906671e-05	 7.566320e-01	 2.064582e-02	 1.310657e+05	 1.310639e+05	 1.805908e+00	 1	 5.584178e+03	 3.802863e-02	 1.022068e+01	 7.787076e+01	 1.155887e+02	 
 2.600410e-01	 1.906671e-05	 7.566320e-01	 2.064582e-02	 1.310657e+05	 1.310639e+05	 1.805908e+00	 1	 5.584178e+03	 3.802863e-02	 1.022068e+01	 7.787076e+01	 1.155887e+02	 
 2.600410e-01	 1.906671e-05	 7.566320e-01	 2.064582e-02	 1.310657e+05	 1.310639e+05	 1.805908e+00	 1	 5.584178e+03	 3.802863e-02	 1.022068e+01	 7.787076e+01	 1.155887e+02	 
 2.600410e-01	 1.906671e-05	 7.566320e-01	 2.064582e-02	 1.310657e+05	 1.310639e+05	 1.805908e+00	 1	 5.584178e+03	 3.802863e-02	 1.022068e+01	 7.787076e+01	 1.155887e+02	 
 2.600410e-01	 1.906671e-05	 7.566320e-01	 2.064582e-02	 1.310657e+05	 1.310639e+05	 1.805908e+00	 1	 5.584178e+03	 3.802863e-02	 1.022068e+01	 7.787076e+01	 1.155887e+02	 
 2.600410e-01	 1.906671e-05	 7.566320e-01	 2.064582e-02	 1.310657e+05	 1.310639e+05	 1.805908e+00	 1	 5.584178e+03	 3.802863e-02	 1.022068e+01	 7.787076e+01	 1.155887e+02	 
 2.515043e-01	 -6.968125e-04	 5.091629e-01	 1.756224e-01	 4.258818e+04	 4.260779e+04	 1.961206e+01	 0	 5.284638e+03	 6.847690e-02	 6.692329e-02	 7.807807e+00	 6.020572e+00	 
 2.515043e-01	 -6.968125e-04	 5.091629e-01	 1.756224e-01	 4.258818e+04	 4.260779e+04	 1.961206e+01	 0	 5.284638e+03	 6.847690e-02	 6.692329e-02	 7.807807e+00	 6.020572e+00	 
 2.515043e-01	 -6.968125e-04	 5.091629e-01	 1.756224e-01	 4.258818e+04	 4.260779e+04	 1.961206e+01	 0	 5.284638e+03	 6.847690e-02	 6.692329e-02	 7.807807e+00	 6.020572e+00	 
 2.515043e-01	 -6.968125e-04	 5.091629e-01	 1.756224e-01	 4.258818e+04	 4.260779e+04	 1.961206e+01	 0	 5.284638e+03	 6.847690e-02	 6.692329e-02	 7.807807e+00	 6.020572e+00	 
 2.515043e-01	 -6.968125e-04	 5.091629e-01	 1.756224e-01	 4.258818e+04	 4.260779e+04	 1.961206e+01	 0	 5.284638e+03	 6.847690e-02	 6.692329e-02	 7.807807e+00	 6.020572e+00	 
 2.515043e-01	 -6.968125e-04	 5.091629e-01	 1.756224e-01	 4.258818e+04	 4.260779e+04	 1.961206e+01	 0	 5.284638e+03	 6.847690e-02	 6.692329e-02	 7.807807e+00	 6.020572e+00	 
 1.958164e-01	 1.937790e-01	 8.069309e-01	 3.614055e-03	 5.891626e+04	 5.258717e+04	 6.329091e+03	 1	 2.132884e+04	 2.193140e-01	 2.899389e+00	 2.166085e+01	 3.524675e+01	 
 1.958164e-01	 1.937790e-01	 8.069309e-01	 3.614055e-03	 5.891626e+04	 5.258717e+04	 6.329091e+03	 1	 2.132884e+04	 2.193140e-01	 2.899389e+00	 2.166085e+01	 3.524675e+01	 
 1.958164e-01	 1.937790e-01	 8.069309e-01	 3.614055e-03	 5.891626e+04	 5.258717e+04	 6.329091e+03	 1	 2.132884e+04	 2.193140e-01	 2.899389e+00	 2.166085e+01	 3.524675e+01	 
 1.958164e-01	 1.937790e-01	 8.069309e-01	 3.614055e-03	 5.891626e+04	 5.258717e+04	 6.329091e+03	 1	 2.132884e+04	 2.193140e-01	 2.899389e+00	 2.166085e+01	 3.524675e+01	 
 1.958164e-01	 1.937790e-01	 8.069309e-01	 3.614055e-03	 5.891626e+04	 5.258717e+04	 6.329091e+03	 1	 2.132884e+04	 2.193140e-01	 2.899389e+00	 2.166085e+01	 3.524675e+01	 
 1.958164e-01	 1.937790e-01	 8.069309e-01	 3.614055e-03	 5.891626e+04	 5.258717e+04	 6.329091e+03	 1	 2.132884e+04	 2.193140e-01	 2.899389e+00	 2.166085e+01	 3.524675e+01	 
 1.148727e+00	 5.700928e-03	 6.148407e+00	 -4.071690e+00	 1.419691e+05	 1.413851e+05	 5.840535e+02	 0	 2.282867e+04	 2.399738e+00	 7.927104e+01	 1.399816e+02	 1.357463e+02	 
 1.148727e+00	 5.700928e-03	 6.148407e+00	 -4.071690e+00	 1.419691e+05	 1.413851e+05	 5.840535e+02	 0	 2.282867e+04	 2.399738e+00	 7.927104e+01	 1.399816e+02	 1.357463e+02	 
 1.148727e+00	 5.700928e-03	 6.148407e+00	 -4.071690e+00	 1.419691e+05	 1.413851e+05	 5.840535e+02	 0	 2.282867e+04	 2.399738e+00	 7.927104e+01	 1.399816e+02	 1.357463e+02	 
 1.148727e+00	 5.700928e-03	 6.148407e+00	 -4.071690e+00	 1.419691e+05	 1.413851e+05	 5.840535e+02	 0	 2.282867e+04	 2.399738e+00	 7.927104e+01	 1.399816e+02	 1.357463e+02	 
 1.148727e+00	 5.700928e-03	 6.148407e+00	 -4.071690e+00	 1.419691e+05	 1.413851e+05	 5.840535e+02	 0	 2.282867e+04	 2.399738e+00	 7.927104e+01	 1.399816e+02	 1.357463e+02	 
 1.148727e+00	 5.700928e-03	 6.148407e+00	 -4.071690e+00	 1.419691e+05	 1.413851e+05	 5.840535e+02	 0	 2.282867e+04	 2.399738e+00	 7.927104e+01	 1.399816e+02	 1.357463e+02	 
 2.109106e-01	 -9.960748e-05	 6.412335e-01	 1.323280e-01	 1.621388e+05	 1.621506e+05	 1.187207e+01	 0	 5.877546e+02	 1.565421e-02	 1.587362e-02	 2.094269e+02	 2.028927e+02	 
 2.109106e-01	 -9.960748e-05	 6.412335e-01	 1.323280e-01	 1.621388e+05	 1.621506e+05	 1.187207e+01	 0	 5.877546e+02	 1.565421e-02	 1.587362e-02	 2.094269e+02	 2.028927e+02	 
 2.109106e-01	 -9.960748e-05	 6.412335e-01	 1.323280e-01	 1.621388e+05	 1.621506e+05	 1.187207e+01	 0	 5.877546e+02	 1.565421e-02	 1.587362e-02	 2.094269e+02	 2.028927e+02	 
 2.109106e-01	 -9.960748e-05	 6.412335e-01	 1.323280e-01	 1.621388e+05	 1.621506e+05	 1.187207e+01	 0	 5.877546e+02	 1.565421e-02	 1.587362e-02	 2.094269e+02	 2.028927e+02	 
 2.109106e-01	 -9.960748e-05	 6.412335e-01	 1.323280e-01	 1.621388e+05	 1.621506e+05	 1.187207e+01	 0	 5.877546e+02	 1.565421e-02	 1.587362e-02	 2.094269e+02	 2.028927e+02	 
 2.109106e-01	 -9.960748e-05	 6.412335e-01	 1.323280e-01	 1.621388e+05	 1.621506e+05	 1.187207e+01	 0	 5.877546e+02	 1.565421e-02	 1.587362e-02	 2.094269e+02	 2.028927e+02	 
 8.047126e-02	 1.578438e-02	 7.829899e-01	 1.556579e-01	 1.340279e+05	 1.324751e+05	 1.552827e+03	 1	 6.447064e+04	 4.869754e-02	 1.297198e+02	 1.934094e+02	 1.719324e+02	 
 8.047126e-02	 1.578438e-02	 7.829899e-01	 1.556579e-01	 1.340279e+05	 1.324751e+05	 1.552827e+03	 1	 6.447064e+04	 4.869754e-02	 1.297198e+02	 1.934094e+02	 1.719324e+02	 
 8.047126e-02	 1.578438e-02	 7.829899e-01	 1.556579e-01	 1.340279e+05	 1.324751e+05	 1.552827e+03	 1	 6.447064e+04	 4.869754e-02	 1.297198e+02	 1.934094e+02	 1.719324e+02	 
 8.047126e-02	 1.578438e-02	 7.829899e-01	 1.556579e-01	 1.340279e+05	 1.324751e+05	 1.552827e+03	 1	 6.447064e+04	 4.869754e-02	 1.297198e+02	 1.934094e+02	 1.719324e+02	 
 8.047126e-02	 1.578438e-02	 7.829899e-01	 1.556579e-01	 1.340279e+05	 1.324751e+05	 1.552827e+03	 1	 6.447064e+04	 4.869754e-02	 1.297198e+02	 1.934094e+02	 1.719324e+02	 
 8.047126e-02	 1.578438e-02	 7.829899e-01	 1.556579e-01	 1.340279e+05	 1.324751e+05	 1.552827e+03	 1	 6.447064e+04	 4.869754e-02	 1.297198e+02	 1.934094e+02	 1.719324e+02	 
 1.683004e-01	 -1.955424e-05	 7.371843e-01	 1.092861e-01	 9.403795e+04	 9.403933e+04	 1.380049e+00	 0	 3.579213e+02	 1.477085e-02	 5.457328e+01	 1.330592e+02	 3.921229e+02	 
 1.683004e-01	 -1.955424e-05	 7.371843e-01	 1.092861e-01	 9.403795e+04	 9.403933e+04	 1.380049e+00	 0	 3.579213e+02	 1.477085e-02	 5.457328e+01	 1.330592e+02	 3.921229e+02	 
 1.683004e-01	 -1.955424e-05	 7.371843e-01	 1.092861e-01	 9.403795e+04	 9.403933e+04	 1.380049e+00	 0	 3.579213e+02	 1.477085e-02	 5.457328e+01	 1.330592e+02	 3.921229e+02	 
 1.683004e-01	 -1.955424e-05	 7.371843e-01	 1.092861e-01	 9.403795e+04	 9.403933e+04	 1.380049e+00	 0	 3.579213e+02	 1.477085e-02	 5.457328e+01	 1.330592e+02	 3.921229e+02	 
 1.683004e-01	 -1.955424e-05	 7.371843e-01	 1.092861e-01	 9.403795e+04	 9.403933e+04	 1.380049e+00	 0	 3.579213e+02	 1.477085e-02	 5.457328e+01	 1.330592e+02	 3.921229e+02	 
 1.683004e-01	 -1.955424e-05	 7.371843e-01	 1.092861e-01	 9.403795e+04	 9.403933e+04	 1.380049e+00	 0	 3.579213e+02	 1.477085e-02	 5.457328e+01	 1.330592e+02	 3.921229e+02	 
 1.683004e-01	 -1.955424e-05	 7.371843e-01	 1.092861e-01	 9.403795e+04	 9.403933e+04	 1.380049e+00	 0	 3.579213e+02	 1.477085e-02	 5.457328e+01	 1.330592e+02	 3.921229e+02	 
 1.683004e-01	 -1.955424e-05	 7.371843e-01	 1.092861e-01	 9.403795e+04	 9.403933e+04	 1.380049e+00	 0	 3.579213e+02	 1.477085e-02	 5.457328e+01	 1.330592e+02	 3.921229e+02	 
 1.683004e-01	 -1.955424e-05	 7.371843e-01	 1.092861e-01	 9.403795e+04	 9.403933e+04	 1.380049e+00	 0	 3.579213e+02	 1.477085e-02	 5.457328e+01	 1.330592e+02	 3.921229e+02	 
 1.683004e-01	 -1.955424e-05	 7.371843e-01	 1.092861e-01	 9.403795e+04	 9.403933e+04	 1.380049e+00	 0	 3.579213e+02	 1.477085e-02	 5.457328e+01	 1.330592e+02	 3.921229e+02	 
 1.683004e-01	 -1.955424e-05	 7.371843e-01	 1.092861e-01	 9.403795e+04	 9.403933e+04	 1.380049e+00	 0	 3.579213e+02	 1.477085e-02	 5.457328e+01	 1.330592e+02	 3.921229e+02	 
 1.683004e-01	 -1.955424e-05	 7.371843e-01	 1.092861e-01	 9.403795e+04	 9.403933e+04	 1.380049e+00	 0	 3.579213e+02	 1.477085e-02	 5.457328e+01	 1.330592e+02	 3.921229e+02	 
 1.683004e-01	 -1.955424e-05	 7.371843e-01	 1.092861e-01	 9.403795e+04	 9.403933e+04	 1.380049e+00	 0	 3.579213e+02	 1.477085e-02	 5.457328e+01	 1.330592e+02	 3.921229e+02	 
 1.683004e-01	 -1.955424e-05	 7.371843e-01	 1.092861e-01	 9.403795e+04	 9.403933e+04	 1.380049e+00	 0	 3.579213e+02	 1.477085e-02	 5.457328e+01	 1.330592e+02	 3.921229e+02	 
 1.683004e-01	 -1.955424e-05	 7.371843e-01	 1.092861e-01	 9.403795e+04	 9.403933e+04	 1.380049e+00	 0	 3.579213e+02	 1.477085e-02	 5.457328e+01	 1.330592e+02	 3.921229e+02	 
 1.683004e-01	 -1.955424e-05	 7.371843e-01	 1.092861e-01	 9.403795e+04	 9.403933e+04	 1.380049e+00	 0	 3.579213e+02	 1.477085e-02	 5.457328e+01	 1.330592e+02	 3.921229e+02	 
 1.683004e-01	 -1.955424e-05	 7.371843e-01	 1.092861e-01	 9.403795e+04	 9.403933e+04	 1.380049e+00	 0	 3.579213e+02	 1.477085e-02	 5.457328e+01	 1.330592e+02	 3.921229e+02	 
 1.683004e-01	 -1.955424e-05	 7.371843e-01	 1.092861e-01	 9.403795e+04	 9.403933e+04	 1.380049e+00	 0	 3.579213e+02	 1.477085e-02	 5.457328e+01	 1.330592e+02	 3.921229e+02	 
 1.683004e-01	 -1.955424e-05	 7.371843e-01	 1.092861e-01	 9.403795e+04	 9.403933e+04	 1.380049e+00	 0	 3.579213e+02	 1.477085e-02	 5.457328e+01	 1.330592e+02	 3.921229e+02	 
 1.683004e-01	 -1.955424e-05	 7.371843e-01	 1.092861e-01	 9.403795e+04	 9.403933e+04	 1.380049e+00	 0	 3.579213e+02	 1.477085e-02	 5.457328e+01	 1.330592e+02	 3.921229e+02	 
 1.683004e-01	 -1.955424e-05	 7.371843e-01	 1.092861e-01	 9.403795e+04	 9.403933e+04	 1.380049e+00	 0	 3.579213e+02	 1.477085e-02	 5.457328e+01	 1.330592e+02	 3.921229e+02	 
 1.683004e-01	 -1.955424e-05	 7.371843e-01	 1.092861e-01	 9.403795e+04	 9.403933e+04	 1.380049e+00	 0	 3.579213e+02	 1.477085e-02	 5.457328e+01	 1.330592e+02	 3.921229e+02	 
 1.683004e-01	 -1.955424e-05	 7.371843e-01	 1.092861e-01	 9.403795e+04	 9.403933e+04	 1.380049e+00	 0	 3.579213e+02	 1.477085e-02	 5.457328e+01	 1.330592e+02	 3.921229e+02	 
 1.683004e-01	 -1.955424e-05	 7.371843e-01	 1.092861e-01	 9.403795e+04	 9.403933e+04	 1.380049e+00	 0	 3.579213e+02	 1.477085e-02	 5.457328e+01	 1.330592e+02	 3.921229e+02	 
 1.683004e-01	 -1.955424e-05	 7.371843e-01	 1.092861e-01	 9.403795e+04	 9.403933e+04	 1.380049e+00	 0	 3.579213e+02	 1.477085e-02	 5.457328e+01	 1.330592e+02	 3.921229e+02	 
 1.683004e-01	 -1.955424e-05	 7.371843e-01	 1.092861e-01	 9.403795e+04	 9.403933e+04	 1.380049e+00	 0	 3.579213e+02	 1.477085e-02	 5.457328e+01	 1.330592e+02	 3.921229e+02	 
 1.683004e-01	 -1.955424e-05	 7.371843e-01	 1.092861e-01	 9.403795e+04	 9.403933e+04	 1.380049e+00	 0	 3.579213e+02	 1.477085e-02	 5.457328e+01	 1.330592e+02	 3.921229e+02	 
 1.683004e-01	 -1.955424e-05	 7.371843e-01	 1.092861e-01	 9.403795e+04	 9.403933e+04	 1.380049e+00	 0	 3.579213e+02	 1.477085e-02	 5.457328e+01	 1.330592e+02	 3.921229e+02	 
 1.683004e-01	 -1.955424e-05	 7.371843e-01	 1.092861e-01	 9.403795e+04	 9.403933e+04	 1.380049e+00	 0	 3.579213e+02	 1.477085e-02	 5.457328e+01	 1.330592e+02	 3.921229e+02	 
 1.683004e-01	 -1.955424e-05	 7.371843e-01	 1.092861e-01	 9.403795e+04	 9.403933e+04	 1.380049e+00	 0	 3.579213e+02	 1.477085e-02	 5.457328e+01	 1.330592e+02	 3.921229e+02	 
 2.362925e-01	 3.118198e-02	 7.391535e-01	 4.757224e-02	 9.928270e+04	 9.696408e+04	 2.318620e+03	 1	 5.047014e+04	 6.921883e-02	 1.835093e+02	 5.479852e+02	 9.434663e+00	 
 2.362925e-01	 3.118198e-02	 7.391535e-01	 4.757224e-02	 9.928270e+04	 9.696408e+04	 2.318620e+03	 1	 5.047014e+04	 6.921883e-02	 1.835093e+02	 5.479852e+02	 9.434663e+00	 
 2.362925e-01	 3.118198e-02	 7.391535e-01	 4.757224e-02	 9.928270e+04	 9.696408e+04	 2.318620e+03	 1	 5.047014e+04	 6.921883e-02	 1.835093e+02	 5.479852e+02	 9.434663e+00	 
 2.362925e-01	 3.118198e-02	 7.391535e-01	 4.757224e-02	 9.928270e+04	 9.696408e+04	 2.318620e+03	 1	 5.047014e+04	 6.921883e-02	 1.835093e+02	 5.479852e+02	 9.434663e+00	 
 2.362925e-01	 3.118198e-02	 7.391535e-01	 4.757224e-02	 9.928270e+04	 9.696408e+04	 2.318620e+03	 1	 5.047014e+04	 6.921883e-02	 1.835093e+02	 5.479852e+02	 9.434663e+00	 
 2.362925e-01	 3.118198e-02	 7.391535e-01	 4.757224e-02	 9.928270e+04	 9.696408e+04	 2.318620e+03	 1	 5.047014e+04	 6.921883e-02	 1.835093e+02	 5.479852e+02	 9.434663e+00	 
 1.589496e-01	 2.441224e-02	 7.671751e-01	 9.901922e-02	 9.893683e+04	 9.696408e+04	 1.972751e+03	 1	 4.903276e+04	 5.849102e-02	 1.969270e+02	 4.200763e+02	 1.405177e+02	 
 1.589496e-01	 2.441224e-02	 7.671751e-01	 9.901922e-02	 9.893683e+04	 9.696408e+04	 1.972751e+03	 1	 4.903276e+04	 5.849102e-02	 1.969270e+02	 4.200763e+02	 1.405177e+02	 
 1.589496e-01	 2.441224e-02	 7.671751e-01	 9.901922e-02	 9.893683e+04	 9.696408e+04	 1.972751e+03	 1	 4.903276e+04	 5.849102e-02	 1.969270e+02	 4.200763e+02	 1.405177e+02	 
 1.589496e-01	 2.441224e-02	 7.671751e-01	 9.901922e-02	 9.893683e+04	 9.696408e+04	 1.972751e+03	 1	 4.903276e+04	 5.849102e-02	 1.969270e+02	 4.200763e+02	 1.405177e+02	 
 1.589496e-01	 2.441224e-02	 7.671751e-01	 9.901922e-02	 9.893683e+04	 9.696408e+04	 1.972751e+03	 1	 4.903276e+04	 5.849102e-02	 1.969270e+02	 4.200763e+02	 1.405177e+02	 
 1.589496e-01	 2.441224e-02	 7.671751e-01	 9.901922e-02	 9.893683e+04	 9.696408e+04	 1.972751e+03	 1	 4.903276e+04	 5.849102e-02	 1.969270e+02	 4.200763e+02	 1.405177e+02	 
 1.683004e-01	 -1.955424e-05	 7.371843e-01	 1.092861e-01	 9.403795e+04	 9.403933e+04	 1.380049e+00	 0	 3.579213e+02	 1.477085e-02	 5.457328e+01	 1.330592e+02	 3.921229e+02	 
 1.683004e-01	 -1.955424e-05	 7.371843e-01	 1.092861e-01	 9.403795e+04	 9.403933e+04	 1.380049e+00	 0	 3.579213e+02	 1.477085e-02	 5.457328e+01	 1.330592e+02	 3.921229e+02	 
 1.683004e-01	 -1.955424e-05	 7.371843e-01	 1.092861e-01	 9.403795e+04	 9.403933e+04	 1.380049e+00	 0	 3.579213e+02	 1.477085e-02	 5.457328e+01	 1.330592e+02	 3.921229e+02	 
 1.683004e-01	 -1.955424e-05	 7.371843e-01	 1.092861e-01	 9.403795e+04	 9.403933e+04	 1.380049e+00	 0	 3.579213e+02	 1.477085e-02	 5.457328e+01	 1.330592e+02	 3.921229e+02	 
 1.683004e-01	 -1.955424e-05	 7.371843e-01	 1.092861e-01	 9.403795e+04	 9.403933e+04	 1.380049e+00	 0	 3.579213e+02	 1.477085e-02	 5.457328e+01	 1.330592e+02	 3.921229e+02	 
 1.683004e-01	 -1.955424e-05	 7.371843e-01	 1.092861e-01	 9.403795e+04	 9.403933e+04	 1.380049e+00	 0	 3.579213e+02	 1.477085e-02	 5.457328e+01	 1.330592e+02	 3.921229e+02	 
 1.683004e-01	 -1.955424e-05	 7.371843e-01	 1.092861e-01	 9.403795e+04	 9.403933e+04	 1.380049e+00	 0	 3.579213e+02	 1.477085e-02	 5.457328e+01	 1.330592e+02	 3.921229e+02	 
 1.683004e-01	 -1.955424e-05	 7.371843e-01	 1.092861e-01	 9.403795e+04	 9.403933e+04	 1.380049e+00	 0	 3.579213e+02	 1.477085e-02	 5.457328e+01	 1.330592e+02	 3.921229e+02	 
 1.683004e-01	 -1.955424e-05	 7.371843e-01	 1.092861e-01	 9.403795e+04	 9.403933e+04	 1.380049e+00	 0	 3.579213e+02	 1.477085e-02	 5.457328e+01	 1.330592e+02	 3.921229e+02	 
 1.683004e-01	 -1.955424e-05	 7.371843e-01	 1.092861e-01	 9.403795e+04	 9.403933e+04	 1.380049e+00	 0	 3.579213e+02	 1.477085e-02	 5.457328e+01	 1.330592e+02	 3.921229e+02	 
 1.683004e-01	 -1.955424e-05	 7.371843e-01	 1.092861e-01	 9.403795e+04	 9.403933e+04	 1.380049e+00	 0	 3.579213e+02	 1.477085e-02	 5.457328e+01	 1.330592e+02	 3.921229e+02	 
 1.683004e-01	 -1.955424e-05	 7.371843e-01	 1.092861e-01	 9.403795e+04	 9.403933e+04	 1.380049e+00	 0	 3.579213e+02	 1.477085e-02	 5.457328e+01	 1.330592e+02	 3.921229e+02	 
 1.683004e-01	 -1.955424e-05	 7.371843e-01	 1.092861e-01	 9.403795e+04	 9.403933e+04	 1.380049e+00	 0	 3.579213e+02	 1.477085e-02	 5.457328e+01	 1.330592e+02	 3.921229e+02	 
 1.683004e-01	 -1.955424e-05	 7.371843e-01	 1.092861e-01	 9.403795e+04	 9.403933e+04	 1.380049e+00	 0	 3.579213e+02	 1.477085e-02	 5.457328e+01	 1.330592e+02	 3.921229e+02	 
 1.683004e-01	 -1.955424e-05	 7.371843e-01	 1.092861e-01	 9.403795e+04	 9.403933e+04	 1.380049e+00	 0	 3.579213e+02	 1.477085e-02	 5.457328e+01	 1.330592e+02	 3.921229e+02	 
 1.683004e-01	 -1.955424e-05	 7.371843e-01	 1.092861e-01	 9.403795e+04	 9.403933e+04	 1.380049e+00	 0	 3.579213e+02	 1.477085e-02	 5.457328e+01	 1.330592e+02	 3.921229e+02	 
 1.683004e-01	 -1.955424e-05	 7.371843e-01	 1.092861e-01	 9.403795e+04	 9.403933e+04	 1.380049e+00	 0	 3.579213e+02	 1.477085e-02	 5.457328e+01	 1.330592e+02	 3.921229e+02	 
 1.683004e-01	 -1.955424e-05	 7.371843e-01	 1.092861e-01	 9.403795e+04	 9.403933e+04	 1.380049e+00	 0	 3.579213e+02	 1.477085e-02	 5.457328e+01	 1.330592e+02	 3.921229e+02	 
 1.683004e-01	 -1.955424e-05	 7.371843e-01	 1.092861e-01	 9.403795e+04	 9.403933e+04	 1.380049e+00	 0	 3.579213e+02	 1.477085e-02	 5.457328e+01	 1.330592e+02	 3.921229e+02	 
 1.683004e-01	 -1.955424e-05	 7.371843e-01	 1.092861e-01	 9.403795e+04	 9.403933e+04	 1.380049e+00	 0	 3.579213e+02	 1.477085e-02	 5.457328e+01	 1.330592e+02	 3.921229e+02	 
 1.683004e-01	 -1.955424e-05	 7.371843e-01	 1.092861e-01	 9.403795e+04	 9.403933e+04	 1.380049e+00	 0	 3.579213e+02	 1.477085e-02	 5.457328e+01	 1.330592e+02	 3.921229e+02	 
 1.683004e-01	 -1.955424e-05	 7.371843e-01	 1.092861e-01	 9.403795e+04	 9.403933e+04	 1.380049e+00	 0	 3.579213e+02	 1.477085e-02	 5.457328e+01	 1.330592e+02	 3.921229e+02	 
 1.683004e-01	 -1.955424e-05	 7.371843e-01	 1.092861e-01	 9.403795e+04	 9.403933e+04	 1.380049e+00	 0	 3.579213e+02	 1.477085e-02	 5.457328e+01	 1.330592e+02	 3.921229e+02	 
 1.683004e-01	 -1.955424e-05	 7.371843e-01	 1.092861e-01	 9.403795e+04	 9.403933e+04	 1.380049e+00	 0	 3.579213e+02	 1.477085e-02	 5.457328e+01	 1.330592e+02	 3.921229e+02	 
 2.109106e-01	 -9.960748e-05	 6.412335e-01	 1.323280e-01	 1.621388e+05	 1.621506e+05	 1.187207e+01	 0	 5.877546e+02	 1.565421e-02	 1.587362e-02	 2.094269e+02	 2.028927e+02	 
 2.109106e-01	 -9.960748e-05	 6.412335e-01	 1.323280e-01	 1.621388e+05	 1.621506e+05	 1.187207e+01	 0	 5.877546e+02	 1.565421e-02	 1.587362e-02	 2.094269e+02	 2.028927e+02	 
 2.109106e-01	 -9.960748e-05	 6.412335e-01	 1.323280e-01	 1.621388e+05	 1.621506e+05	 1.187207e+01	 0	 5.877546e+02	 1.565421e-02	 1.587362e-02	 2.094269e+02	 2.028927e+02	 
 2.109106e-01	 -9.960748e-05	 6.412335e-01	 1.323280e-01	 1.621388e+05	 1.621506e+05	 1.187207e+01	 0	 5.877546e+02	 1.565421e-02	 1.587362e-02	 2.094269e+02	 2.028927e+02	 
 2.109106e-01	 -9.960748e-05	 6.412335e-01	 1.323280e-01	 1.621388e+05	 1.621506e+05	 1.187207e+01	 0	 5.877546e+02	 1.565421e-02	 1.587362e-02	 2.094269e+02	 2.028927e+02	 
 2.109106e-01	 -9.960748e-05	 6.412335e-01	 1.323280e-01	 1.621388e+05	 1.621506e+05	 1.187207e+01	 0	 5.877546e+02	 1.565421e-02	 1.587362e-02	 2.094269e+02	 2.028927e+02	 
 2.109106e-01	 -9.960748e-05	 6.412335e-01	 1.323280e-01	 1.621388e+05	 1.621506e+05	 1.187207e+01	 0	 5.877546e+02	 1.565421e-02	 1.587362e-02	 2.094269e+02	 2.028927e+02	 
 2.109106e-01	 -9.960748e-05	 6.412335e-01	 1.323280e-01	 1.621388e+05	 1.621506e+05	 1.187207e+01	 0	 5.877546e+02	 1.565421e-02	 1.587362e-02	 2.094269e+02	 2.028927e+02	 
 2.109106e-01	 -9.960748e-05	 6.412335e-01	 1.323280e-01	 1.621388e+05	 1.621506e+05	 1.187207e+01	 0	 5.877546e+02	 1.565421e-02	 1.587362e-02	 2.094269e+02	 2.028927e+02	 
 2.109106e-01	 -9.960748e-05	 6.412335e-01	 1.323280e-01	 1.621388e+05	 1.621506e+05	 1.187207e+01	 0	 5.877546e+02	 1.565421e-02	 1.587362e-02	 2.094269e+02	 2.028927e+02	 
 2.109106e-01	 -9.960748e-05	 6.412335e-01	 1.323280e-01	 1.621388e+05	 1.621506e+05	 1.187207e+01	 0	 5.877546e+02	 1.565421e-02	 1.587362e-02	 2.094269e+02	 2.028927e+02	 
 2.109106e-01	 -9.960748e-05	 6.412335e-01	 1.323280e-01	 1.621388e+05	 1.621506e+05	 1.187207e+01	 0	 5.877546e+02	 1.565421e-02	 1.587362e-02	 2.094269e+02	 2.028927e+02	 
 1.683004e-01	 -1.955424e-05	 7.371843e-01	 1.092861e-01	 9.403795e+04	 9.403933e+04	 1.380049e+00	 0	 3.579213e+02	 1.477085e-02	 5.457328e+01	 1.330592e+02	 3.921229e+02	 
 1.683004e-01	 -1.955424e-05	 7.371843e-01	 1.092861e-01	 9.403795e+04	 9.403933e+04	 1.380049e+00	 0	 3.579213e+02	 1.477085e-02	 5.457328e+01	 1.330592e+02	 3.921229e+02	 
 1.683004e-01	 -1.955424e-05	 7.371843e-01	 1.092861e-01	 9.403795e+04	 9.403933e+04	 1.380049e+00	 0	 3.579213e+02	 1.477085e-02	 5.457328e+01	 1.330592e+02	 3.921229e+02	 
 1.683004e-01	 -1.955424e-05	 7.371843e-01	 1.092861e-01	 9.403795e+04	 9.403933e+04	 1.380049e+00	 0	 3.579213e+02	 1.477085e-02	 5.457328e+01	 1.330592e+02	 3.921229e+02	 
 1.683004e-01	 -1.955424e-05	 7.371843e-01	 1.092861e-01	 9.403795e+04	 9.403933e+04	 1.380049e+00	 0	 3.579213e+02	 1.477085e-02	 5.457328e+01	 1.330592e+02	 3.921229e+02	 
 1.683004e-01	 -1.955424e-05	 7.371843e-01	 1.092861e-01	 9.403795e+04	 9.403933e+04	 1.380049e+00	 0	 3.579213e+02	 1.477085e-02	 5.457328e+01	 1.330592e+02	 3.921229e+02	 
 2.576032e-01	 3.879165e-03	 7.229345e-01	 3.775117e-02	 5.272982e+04	 5.258717e+04	 1.426502e+02	 1	 2.180938e+04	 2.469042e-02	 1.555234e+02	 1.499728e+02	 2.512015e+00	 
 2.576032e-01	 3.879165e-03	 7.229345e-01	 3.775117e-02	 5.272982e+04	 5.258717e+04	 1.426502e+02	 1	 2.180938e+04	 2.469042e-02	 1.555234e+02	 1.499728e+02	 2.512015e+00	 
 2.576032e-01	 3.879165e-03	 7.229345e-01	 3.775117e-02	 5.272982e+04	 5.258717e+04	 1.426502e+02	 1	 2.180938e+04	 2.469042e-02	 1.555234e+02	 1.499728e+02	 2.512015e+00	 
 2.576032e-01	 3.879165e-03	 7.229345e-01	 3.775117e-02	 5.272982e+04	 5.258717e+04	 1.426502e+02	 1	 2.180938e+04	 2.469042e-02	 1.555234e+02	 1.499728e+02	 2.512015e+00	 
 2.576032e-01	 3.879165e-03	 7.229345e-01	 3.775117e-02	 5.272982e+04	 5.258717e+04	 1.426502e+02	 1	 2.180938e+04	 2.469042e-02	 1.555234e+02	 1.499728e+02	 2.512015e+00	 
 2.576032e-01	 3.879165e-03	 7.229345e-01	 3.775117e-02	 5.272982e+04	 5.258717e+04	 1.426502e+02	 1	 2.180938e+04	 2.469042e-02	 1.555234e+02	 1.499728e+02	 2.512015e+00	 
 2.560537e-01	 3.867941e-03	 7.232600e-01	 3.883928e-02	 5.272763e+04	 5.258717e+04	 1.404531e+02	 1	 2.183639e+04	 2.458159e-02	 1.600745e+02	 1.556733e+02	 3.413423e+00	 
 2.560537e-01	 3.867941e-03	 7.232600e-01	 3.883928e-02	 5.272763e+04	 5.258717e+04	 1.404531e+02	 1	 2.183639e+04	 2.458159e-02	 1.600745e+02	 1.556733e+02	 3.413423e+00	 
 2.560537e-01	 3.867941e-03	 7.232600e-01	 3.883928e-02	 5.272763e+04	 5.258717e+04	 1.404531e+02	 1	 2.183639e+04	 2.458159e-02	 1.600745e+02	 1.556733e+02	 3.413423e+00	 
 2.560537e-01	 3.867941e-03	 7.232600e-01	 3.883928e-02	 5.272763e+04	 5.258717e+04	 1.404531e+02	 1	 2.183639e+04	 2.458159e-02	 1.600745e+02	 1.556733e+02	 3.413423e+00	 
 2.560537e-01	 3.867941e-03	 7.232600e-01	 3.883928e-02	 5.272763e+04	 5.258717e+04	 1.404531e+02	 1	 2.183639e+04	 2.458159e-02	 1.600745e+02	 1.556733e+02	 3.413423e+00	 
 2.560537e-01	 3.867941e-03	 7.232600e-01	 3.883928e-02	 5.272763e+04	 5.258717e+04	 1.404531e+02	 1	 2.183639e+04	 2.458159e-02	 1.600745e+02	 1.556733e+02	 3.413423e+00	 
 1.683004e-01	 -1.955424e-05	 7.371843e-01	 1.092861e-01	 9.403795e+04	 9.403933e+04	 1.380049e+00	 0	 3.579213e+02	 1.477085e-02	 5.457328e+01	 1.330592e+02	 3.921229e+02	 
 1.683004e-01	 -1.955424e-05	 7.371843e-01	 1.092861e-01	 9.403795e+04	 9.403933e+04	 1.380049e+00	 0	 3.579213e+02	 1.477085e-02	 5.457328e+01	 1.330592e+02	 3.921229e+02	 
 1.683004e-01	 -1.955424e-05	 7.371843e-01	 1.092861e-01	 9.403795e+04	 9.403933e+04	 1.380049e+00	 0	 3.579213e+02	 1.477085e-02	 5.457328e+01	 1.330592e+02	 3.921229e+02	 
 1.683004e-01	 -1.955424e-05	 7.371843e-01	 1.092861e-01	 9.403795e+04	 9.403933e+04	 1.380049e+00	 0	 3.579213e+02	 1.477085e-02	 5.457328e+01	 1.330592e+02	 3.921229e+02	 
 1.683004e-01	 -1.955424e-05	 7.371843e-01	 1.092861e-01	 9.403795e+04	 9.403933e+04	 1.380049e+00	 0	 3.579213e+02	 1.477085e-02	 5.457328e+01	 1.330592e+02	 3.921229e+02	 
 1.683004e-01	 -1.955424e-05	 7.371843e-01	 1.092861e-01	 9.403795e+04	 9.403933e+04	 1.380049e+00	 0	 3.579213e+02	 1.477085e-02	 5.457328e+01	 1.330592e+02	 3.921229e+02	 
 2.109106e-01	 -9.960748e-05	 6.412335e-01	 1.323280e-01	 1.621388e+05	 1.621506e+05	 1.187207e+01	 0	 5.877546e+02	 1.565421e-02	 1.587362e-02	 2.094269e+02	 2.028927e+02	 
 2.109106e-01	 -9.960748e-05	 6.412335e-01	 1.323280e-01	 1.621388e+05	 1.621506e+05	 1.187207e+01	 0	 5.877546e+02	 1.565421e-02	 1.587362e-02	 2.094269e+02	 2.028927e+02	 
 2.109106e-01	 -9.960748e-05	 6.412335e-01	 1.323280e-01	 1.621388e+05	 1.621506e+05	 1.187207e+01	 0	 5.877546e+02	 1.565421e-02	 1.587362e-02	 2.094269e+02	 2.028927e+02	 
 2.109106e-01	 -9.960748e-05	 6.412335e-01	 1.323280e-01	 1.621388e+05	 1.621506e+05	 1.187207e+01	 0	 5.877546e+02	 1.565421e-02	 1.587362e-02	 2.094269e+02	 2.028927e+02	 
 2.109106e-01	 -9.960748e-05	 6.412335e-01	 1.323280e-01	 1.621388e+05	 1.621506e+05	 1.187207e+01	 0	 5.877546e+02	 1.565421e-02	 1.587362e-02	 2.094269e+02	 2.028927e+02	 
 2.109106e-01	 -9.960748e-05	 6.412335e-01	 1.323280e-01	 1.621388e+05	 1.621506e+05	 1.187207e+01	 0	 5.877546e+02	 1.565421e-02	 1.587362e-02	 2.094269e+02	 2.028927e+02	 
 2.109106e-01	 -9.960748e-05	 6.412335e-01	 1.323280e-01	 1.621388e+05	 1.621506e+05	 1.187207e+01	 0	 5.877546e+02	 1.565421e-02	 1.587362e-02	 2.094269e+02	 2.028927e+02	 
 2.109106e-01	 -9.960748e-05	 6.412335e-01	 1.323280e-01	 1.621388e+05	 1.621506e+05	 1.187207e+01	 0	 5.877546e+02	 1.565421e-02	 1.587362e-02	 2.094269e+02	 2.028927e+02	 
 2.109106e-01	 -9.960748e-05	 6.412335e-01	 1.323280e-01	 1.621388e+05	 1.621506e+05	 1.187207e+01	 0	 5.877546e+02	 1.565421e-02	 1.587362e-02	 2.094269e+02	 2.028927e+02	 
 2.109106e-01	 -9.960748e-05	 6.412335e-01	 1.323280e-01	 1.621388e+05	 1.621506e+05	 1.187207e+01	 0	 5.877546e+02	 1.565421e-02	 1.587362e-02	 2.094269e+02	 2.028927e+02	 
 2.109106e-01	 -9.960748e-05	 6.412335e-01	 1.323280e-01	 1.621388e+05	 1.621506e+05	 1.187207e+01	 0	 5.877546e+02	 1.565421e-02	 1.587362e-02	 2.094269e+02	 2.028927e+02	 
 2.109106e-01	 -9.960748e-05	 6.412335e-01	 1.323280e-01	 1.621388e+05	 1.621506e+05	 1.187207e+01	 0	 5.877546e+02	 1.565421e-02	 1.587362e-02	 2.094269e+02	 2.028927e+02	 
 1.683004e-01	 -1.955424e-05	 7.371843e-01	 1.092861e-01	 9.403795e+04	 9.403933e+04	 1.380049e+00	 0	 3.579213e+02	 1.477085e-02	 5.457328e+01	 1.330592e+02	 3.921229e+02	 
 1.683004e-01	 -1.955424e-05	 7.371843e-01	 1.092861e-01	 9.403795e+04	 9.403933e+04	 1.380049e+00	 0	 3.579213e+02	 1.477085e-02	 5.457328e+01	 1.330592e+02	 3.921229e+02	 
 1.683004e-01	 -1.955424e-05	 7.371843e-01	 1.092861e-01	 9.403795e+04	 9.403933e+04	 1.380049e+00	 0	 3.579213e+02	 1.477085e-02	 5.457328e+01	 1.330592e+02	 3.921229e+02	 
 1.683004e-01	 -1.955424e-05	 7.371843e-01	 1.092861e-01	 9.403795e+04	 9.403933e+04	 1.380049e+00	 0	 3.579213e+02	 1.477085e-02	 5.457328e+01	 1.330592e+02	 3.921229e+02	 
 1.683004e-01	 -1.955424e-05	 7.371843e-01	 1.092861e-01	 9.403795e+04	 9.403933e+04	 1.380049e+00	 0	 3.579213e+02	 1.477085e-02	 5.457328e+01	 1.330592e+02	 3.921229e+02	 
 1.683004e-01	 -1.955424e-05	 7.371843e-01	 1.092861e-01	 9.403795e+04	 9.403933e+04	 1.380049e+00	 0	 3.579213e+02	 1.477085e-02	 5.457328e+01	 1.330592e+02	 3.921229e+02	 
 2.576032e-01	 3.879165e-03	 7.229345e-01	 3.775117e-02	 5.272982e+04	 5.258717e+04	 1.426502e+02	 1	 2.180938e+04	 2.469042e-02	 1.555234e+02	 1.499728e+02	 2.512015e+00	 
 2.576032e-01	 3.879165e-03	 7.229345e-01	 3.775117e-02	 5.272982e+04	 5.258717e+04	 1.426502e+02	 1	 2.180938e+04	 2.469042e-02	 1.555234e+02	 1.499728e+02	 2.512015e+00	 
 2.576032e-01	 3.879165e-03	 7.229345e-01	 3.775117e-02	 5.272982e+04	 5.258717e+04	 1.426502e+02	 1	 2.180938e+04	 2.469042e-02	 1.555234e+02	 1.499728e+02	 2.512015e+00	 
 2.576032e-01	 3.879165e-03	 7.229345e-01	 3.775117e-02	 5.272982e+04	 5.258717e+04	 1.426502e+02	 1	 2.180938e+04	 2.469042e-02	 1.555234e+02	 1.499728e+02	 2.512015e+00	 
 2.576032e-01	 3.879165e-03	 7.229345e-01	 3.775117e-02	 5.272982e+04	 5.258717e+04	 1.426502e+02	 1	 2.180938e+04	 2.469042e-02	 1.555234e+02	 1.499728e+02	 2.512015e+00	 
 2.576032e-01	 3.879165e-03	 7.229345e-01	 3.775117e-02	 5.272982e+04	 5.258717e+04	 1.426502e+02	 1	 2.180938e+04	 2.469042e-02	 1.555234e+02	 1.499728e+02	 2.512015e+00	 
 2.559762e-01	 3.867464e-03	 7.232764e-01	 3.889371e-02	 5.272752e+04	 5.258717e+04	 1.403473e+02	 1	 2.183776e+04	 2.478160e-02	 1.603056e+02	 1.559699e+02	 3.467962e+00	 
 2.559762e-01	 3.867464e-03	 7.232764e-01	 3.889371e-02	 5.272752e+04	 5.258717e+04	 1.403473e+02	 1	 2.183776e+04	 2.478160e-02	 1.603056e+02	 1.559699e+02	 3.467962e+00	 
 2.559762e-01	 3.867464e-03	 7.232764e-01	 3.889371e-02	 5.272752e+04	 5.258717e+04	 1.403473e+02	 1	 2.183776e+04	 2.478160e-02	 1.603056e+02	 1.559699e+02	 3.467962e+00	 
 2.559762e-01	 3.867464e-03	 7.232764e-01	 3.889371e-02	 5.272752e+04	 5.258717e+04	 1.403473e+02	 1	 2.183776e+04	 2.478160e-02	 1.603056e+02	 1.559699e+02	 3.467962e+00	 
 2.559762e-01	 3.867464e-03	 7.232764e-01	 3.889371e-02	 5.272752e+04	 5.258717e+04	 1.403473e+02	 1	 2.183776e+04	 2.478160e-02	 1.603056e+02	 1.559699e+02	 3.467962e+00	 
 2.559762e-01	 3.867464e-03	 7.232764e-01	 3.889371e-02	 5.272752e+04	 5.258717e+04	 1.403473e+02	 1	 2.183776e+04	 2.478160e-02	 1.603056e+02	 1.559699e+02	 3.467962e+00	 
 1.683004e-01	 -1.955424e-05	 7.371843e-01	 1.092861e-01	 9.403795e+04	 9.403933e+04	 1.380049e+00	 0	 3.579213e+02	 1.477085e-02	 5.457328e+01	 1.330592e+02	 3.921229e+02	 
 1.683004e-01	 -1.955424e-05	 7.371843e-01	 1.092861e-01	 9.403795e+04	 9.403933e+04	 1.380049e+00	 0	 3.579213e+02	 1.477085e-02	 5.457328e+01	 1.330592e+02	 3.921229e+02	 
 1.683004e-01	 -1.955424e-05	 7.371843e-01	 1.092861e-01	 9.403795e+04	 9.403933e+04	 1.380049e+00	 0	 3.579213e+02	 1.477085e-02	 5.457328e+01	 1.330592e+02	 3.921229e+02	 
 1.683004e-01	 -1.955424e-05	 7.371843e-01	 1.092861e-01	 9.403795e+04	 9.403933e+04	 1.380049e+00	 0	 3.579213e+02	 1.477085e-02	 5.457328e+01	 1.330592e+02	 3.921229e+02	 
 1.683004e-01	 -1.955424e-05	 7.371843e-01	 1.092861e-01	 9.403795e+04	 9.403933e+04	 1.380049e+00	 0	 3.579213e+02	 1.477085e-02	 5.457328e+01	 1.330592e+02	 3.921229e+02	 
 1.683004e-01	 -1.955424e-05	 7.371843e-01	 1.092861e-01	 9.403795e+04	 9.403933e+04	 1.380049e+00	 0	 3.579213e+02	 1.477085e-02	 5.457328e+01	 1.330592e+02	 3.921229e+02	 
 1.683004e-01	 -1.955424e-05	 7.371843e-01	 1.092861e-01	 9.403795e+04	 9.403933e+04	 1.380049e+00	 0	 3.579213e+02	 1.477085e-02	 5.457328e+01	 1.330592e+02	 3.921229e+02	 
 1.683004e-01	 -1.955424e-05	 7.371843e-01	 1.092861e-01	 9.403795e+04	 9.403933e+04	 1.380049e+00	 0	 3.579213e+02	 1.477085e-02	 5.457328e+01	 1.330592e+02	 3.921229e+02	 
 1.683004e-01	 -1.955424e-05	 7.371843e-01	 1.092861e-01	 9.403795e+04	 9.403933e+04	 1.380049e+00	 0	 3.579213e+02	 1.477085e-02	 5.457328e+01	 1.330592e+02	 3.921229e+02	 
 1.683004e-01	 -1.955424e-05	 7.371843e-01	 1.092861e-01	 9.403795e+04	 9.403933e+04	 1.380049e+00	 0	 3.579213e+02	 1.477085e-02	 5.457328e+01	 1.330592e+02	 3.921229e+02	 
 1.683004e-01	 -1.955424e-05	 7.371843e-01	 1.092861e-01	 9.403795e+04	 9.403933e+04	 1.380049e+00	 0	 3.579213e+02	 1.477085e-02	 5.457328e+01	 1.330592e+02	 3.921229e+02	 
 1.683004e-01	 -1.955424e-05	 7.371843e-01	 1.092861e-01	 9.403795e+04	 9.403933e+04	 1.380049e+00	 0	 3.579213e+02	 1.477085e-02	 5.457328e+01	 1.330592e+02	 3.921229e+02	 
 1.683004e-01	 -1.955424e-05	 7.371843e-01	 1.092861e-01	 9.403795e+04	 9.403933e+04	 1.380049e+00	 0	 3.579213e+02	 1.477085e-02	 5.457328e+01	 1.330592e+02	 3.921229e+02	 
 1.683004e-01	 -1.955424e-05	 7.371843e-01	 1.092861e-01	 9.403795e+04	 9.403933e+04	 1.380049e+00	 0	 3.579213e+02	 1.477085e-02	 5.457328e+01	 1.330592e+02	 3.921229e+02	 
 1.683004e-01	 -1.955424e-05	 7.371843e-01	 1.092861e-01	 9.403795e+04	 9.403933e+04	 1.380049e+00	 0	 3.579213e+02	 1.477085e-02	 5.457328e+01	 1.330592e+02	 3.921229e+02	 
 1.683004e-01	 -1.955424e-05	 7.371843e-01	 1.092861e-01	 9.403795e+04	 9.403933e+04	 1.380049e+00	 0	 3.579213e+02	 1.477085e-02	 5.457328e+01	 1.330592e+02	 3.921229e+02	 
 1.683004e-01	 -1.955424e-05	 7.371843e-01	 1.092861e-01	 9.403795e+04	 9.403933e+04	 1.380049e+00	 0	 3.579213e+02	 1.477085e-02	 5.457328e+01	 1.330592e+02	 3.921229e+02	 
 1.683004e-01	 -1.955424e-05	 7.371843e-01	 1.092861e-01	 9.403795e+04	 9.403933e+04	 1.380049e+00	 0	 3.579213e+02	 1.477085e-02	 5.457328e+01	 1.330592e+02	 3.921229e+02	 
 1.683004e-01	 -1.955424e-05	 7.371843e-01	 1.092861e-01	 9.403795e+04	 9.403933e+04	 1.380049e+00	 0	 3.579213e+02	 1.477085e-02	 5.457328e+01	 1.330592e+02	 3.921229e+02	 
 1.683004e-01	 -1.955424e-05	 7.371843e-01	 1.092861e-01	 9.403795e+04	 9.403933e+04	 1.380049e+00	 0	 3.579213e+02	 1.477085e-02	 5.457328e+01	 1.330592e+02	 3.921229e+02	 
 1.683004e-01	 -1.955424e-05	 7.371843e-01	 1.092861e-01	 9.403795e+04	 9.403933e+04	 1.380049e+00	 0	 3.579213e+02	 1.477085e-02	 5.457328e+01	 1.330592e+02	 3.921229e+02	 
 1.683004e-01	 -1.955424e-05	 7.371843e-01	 1.092861e-01	 9.403795e+04	 9.403933e+04	 1.380049e+00	 0	 3.579213e+02	 1.477085e-02	 5.457328e+01	 1.330592e+02	 3.921229e+02	 
 1.683004e-01	 -1.955424e-05	 7.371843e-01	 1.092861e-01	 9.403795e+04	 9.403933e+04	 1.380049e+00	 0	 3.579213e+02	 1.477085e-02	 5.457328e+01	 1.330592e+02	 3.921229e+02	 
 1.683004e-01	 -1.955424e-05	 7.371843e-01	 1.092861e-01	 9.403795e+04	 9.403933e+04	 1.380049e+00	 0	 3.579213e+02	 1.477085e-02	 5.457328e+01	 1.330592e+02	 3.921229e+02	 
 1.513545e-01	 2.565178e-04	 7.637682e-01	 1.079643e-01	 8.352023e+04	 8.350602e+04	 1.421452e+01	 1	 4.024529e+04	 2.631318e-02	 1.437523e+02	 4.286332e+02	 1.309965e+02	 
 1.513545e-01	 2.565178e-04	 7.637682e-01	 1.079643e-01	 8.352023e+04	 8.350602e+04	 1.421452e+01	 1	 4.024529e+04	 2.631318e-02	 1.437523e+02	 4.286332e+02	 1.309965e+02	 
 1.513545e-01	 2.565178e-04	 7.637682e-01	 1.079643e-01	 8.352023e+04	 8.350602e+04	 1.421452e+01	 1	 4.024529e+04	 2.631318e-02	 1.437523e+02	 4.286332e+02	 1.309965e+02	 
 1.513545e-01	 2.565178e-04	 7.637682e-01	 1.079643e-01	 8.352023e+04	 8.350602e+04	 1.421452e+01	 1	 4.024529e+04	 2.631318e-02	 1.437523e+02	 4.286332e+02	 1.309965e+02	 
 1.513545e-01	 2.565178e-04	 7.637682e-01	 1.079643e-01	 8.352023e+04	 8.350602e+04	 1.421452e+01	 1	 4.024529e+04	 2.631318e-02	 1.437523e+02	 4.286332e+02	 1.309965e+02	 
 1.513545e-01	 2.565178e-04	 7.637682e-01	 1.079643e-01	 8.352023e+04	 8.350602e+04	 1.421452e+01	 1	 4.024529e+04	 2.631318e-02	 1.437523e+02	 4.286332e+02	 1.309965e+02	 
 1.513317e-01	 2.509715e-04	 7.637765e-01	 1.079795e-01	 8.351988e+04	 8.350602e+04	 1.386707e+01	 1	 4.024721e+04	 2.871782e-02	 1.472800e+02	 4.356869e+02	 1.299614e+02	 
 1.513317e-01	 2.509715e-04	 7.637765e-01	 1.079795e-01	 8.351988e+04	 8.350602e+04	 1.386707e+01	 1	 4.024721e+04	 2.871782e-02	 1.472800e+02	 4.356869e+02	 1.299614e+02	 
 1.513317e-01	 2.509715e-04	 7.637765e-01	 1.079795e-01	 8.351988e+04	 8.350602e+04	 1.386707e+01	 1	 4.024721e+04	 2.871782e-02	 1.472800e+02	 4.356869e+02	 1.299614e+02	 
 1.513317e-01	 2.509715e-04	 7.637765e-01	 1.079795e-01	 8.351988e+04	 8.350602e+04	 1.386707e+01	 1	 4.024721e+04	 2.871782e-02	 1.472800e+02	 4.356869e+02	 1.299614e+02	 
 1.513317e-01	 2.509715e-04	 7.637765e-01	 1.079795e-01	 8.351988e+04	 8.350602e+04	 1.386707e+01	 1	 4.024721e+04	 2.871782e-02	 1.472800e+02	 4.356869e+02	 1.299614e+02	 
 1.513317e-01	 2.509715e-04	 7.637765e-01	 1.079795e-01	 8.351988e+04	 8.350602e+04	 1.386707e+01	 1	 4.024721e+04	 2.871782e-02	 1.472800e+02	 4.356869e+02	 1.299614e+02	 
 1.683004e-01	 -1.955424e-05	 7.371843e-01	 1.092861e-01	 9.403795e+04	 9.403933e+04	 1.380049e+00	 0	 3.579213e+02	 1.477085e-02	 5.457328e+01	 1.330592e+02	 3.921229e+02	 
 1.683004e-01	 -1.955424e-05	 7.371843e-01	 1.092861e-01	 9.403795e+04	 9.403933e+04	 1.380049e+00	 0	 3.579213e+02	 1.477085e-02	 5.457328e+01	 1.330592e+02	 3.921229e+02	 
 1.683004e-01	 -1.955424e-05	 7.371843e-01	 1.092861e-01	 9.403795e+04	 9.403933e+04	 1.380049e+00	 0	 3.579213e+02	 1.477085e-02	 5.457328e+01	 1.330592e+02	 3.921229e+02	 
 1.683004e-01	 -1.955424e-05	 7.371843e-01	 1.092861e-01	 9.403795e+04	 9.403933e+04	 1.380049e+00	 0	 3.579213e+02	 1.477085e-02	 5.457328e+01	 1.330592e+02	 3.921229e+02	 
 1.683004e-01	 -1.955424e-05	 7.371843e-01	 1.092861e-01	 9.403795e+04	 9.403933e+04	 1.380049e+00	 0	 3.579213e+02	 1.477085e-02	 5.457328e+01	 1.330592e+02	 3.921229e+02	 
 1.683004e-01	 -1.955424e-05	 7.371843e-01	 1.092861e-01	 9.403795e+04	 9.403933e+04	 1.380049e+00	 0	 3.579213e+02	 1.477085e-02	 5.457328e+01	 1.330592e+02	 3.921229e+02	 
 1.148727e+00	 5.700928e-03	 6.148407e+00	 -4.071690e+00	 1.419691e+05	 1.413851e+05	 5.840535e+02	 0	 2.282867e+04	 2.399738e+00	 7.927104e+01	 1.399816e+02	 1.357463e+02	 
 1.148727e+00	 5.700928e-03	 6.148407e+00	 -4.071690e+00	 1.419691e+05	 1.413851e+05	 5.840535e+02	 0	 2.282867e+04	 2.399738e+00	 7.927104e+01	 1.399816e+02	 1.357463e+02	 
 1.148727e+00	 5.700928e-03	 6.148407e+00	 -4.071690e+00	 1.419691e+05	 1.413851e+05	 5.840535e+02	 0	 2.282867e+04	 2.399738e+00	 7.927104e+01	 1.399816e+02	 1.357463e+02	 
 1.148727e+00	 5.700928e-03	 6.148407e+00	 -4.071690e+00	 1.419691e+05	 1.413851e+05	 5.840535e+02	 0	 2.282867e+04	 2.399738e+00	 7.927104e+01	 1.399816e+02	 1.357463e+02	 
 1.148727e+00	 5.700928e-03	 6.148407e+00	 -4.071690e+00	 1.419691e+05	 1.413851e+05	 5.840535e+02	 0	 2.282867e+04	 2.399738e+00	 7.927104e+01	 1.399816e+02	 1.357463e+02	 
 1.148727e+00	 5.700928e-03	 6.148407e+00	 -4.071690e+00	 1.419691e+05	 1.413851e+05	 5.840535e+02	 0	 2.282867e+04	 2.399738e+00	 7.927104e+01	 1.399816e+02	 1.357463e+02	 
 1.148727e+00	 5.700928e-03	 6.148407e+00	 -4.071690e+00	 1.419691e+05	 1.413851e+05	 5.840535e+02	 0	 2.282867e+04	 2.399738e+00	 7.927104e+01	 1.399816e+02	 1.357463e+02	 
 1.148727e+00	 5.700928e-03	 6.148407e+00	 -4.071690e+00	 1.419691e+05	 1.413851e+05	 5.840535e+02	 0	 2.282867e+04	 2.399738e+00	 7.927104e+01	 1.399816e+02	 1.357463e+02	 
 1.148727e+00	 5.700928e-03	 6.148407e+00	 -4.071690e+00	 1.419691e+05	 1.413851e+05	 5.840535e+02	 0	 2.282867e+04	 2.399738e+00	 7.927104e+01	 1.399816e+02	 1.357463e+02	 
 1.148727e+00	 5.700928e-03	 6.148407e+00	 -4.071690e+00	 1.419691e+05	 1.413851e+05	 5.840535e+02	 0	 2.282867e+04	 2.399738e+00	 7.927104e+01	 1.399816e+02	 1.357463e+02	 
 1.148727e+00	 5.700928e-03	 6.148407e+00	 -4.071690e+00	 1.419691e+05	 1.413851e+05	 5.840535e+02	 0	 2.282867e+04	 2.399738e+00	 7.927104e+01	 1.399816e+02	 1.357463e+02	 
 1.148727e+00	 5.700928e-03	 6.148407e+00	 -4.071690e+00	 1.419691e+05	 1.413851e+05	 5.840535e+02	 0	 2.282867e+04	 2.399738e+00	 7.927104e+01	 1.399816e+02	 1.357463e+02	 
 