2.102716e-01	 7.173906e-01	 9.659499e-05	 7.829372e-02	 7.882658e+00	 
 2.102716e-01	 7.173906e-01	 9.659499e-05	 7.829372e-02	 7.882658e+00	 
 2.102716e-01	 7.173906e-01	 9.659499e-05	 7.829372e-02	 7.882658e+00	 
 2.102716e-01	 7.173906e-01	 9.659499e-05	 7.829372e-02	 7.882658e+00	 
 2.102716e-01	 7.173906e-01	 9.659499e-05	 7.829372e-02	 7.882658e+00	 
 2.102716e-01	 7.173906e-01	 9.659499e-05	 7.829372e-02	 7.882658e+00	 
 1.906858e-01	 7.090647e-01	 8.534784e-05	 1.010675e-01	 7.651823e+00	 
 1.906858e-01	 7.090647e-01	 8.534784e-05	 1.010675e-01	 7.651823e+00	 
 1.906858e-01	 7.090647e-01	 8.534784e-05	 1.010675e-01	 7.651823e+00	 
 1.906858e-01	 7.090647e-01	 8.534784e-05	 1.010675e-01	 7.651823e+00	 
 1.906858e-01	 7.090647e-01	 8.534784e-05	 1.010675e-01	 7.651823e+00	 
 1.906858e-01	 7.090647e-01	 8.534784e-05	 1.010675e-01	 7.651823e+00	 
 2.113765e-01	 7.255326e-01	 2.116710e-04	 7.233998e-02	 6.072139e+00	 
 2.113765e-01	 7.255326e-01	 2.116710e-04	 7.233998e-02	 6.072139e+00	 
 2.113765e-01	 7.255326e-01	 2.116710e-04	 7.233998e-02	 6.072139e+00	 
 2.113765e-01	 7.255326e-01	 2.116710e-04	 7.233998e-02	 6.072139e+00	 
 2.113765e-01	 7.255326e-01	 2.116710e-04	 7.233998e-02	 6.072139e+00	 
 2.113765e-01	 7.255326e-01	 2.116710e-04	 7.233998e-02	 6.072139e+00	 
 2.605093e-01	 6.962947e-01	 5.291822e-04	 4.731025e-02	 8.224659e+00	 
 2.605093e-01	 6.962947e-01	 5.291822e-04	 4.731025e-02	 8.224659e+00	 
 2.605093e-01	 6.962947e-01	 5.291822e-04	 4.731025e-02	 8.224659e+00	 
 2.605093e-01	 6.962947e-01	 5.291822e-04	 4.731025e-02	 8.224659e+00	 
 2.605093e-01	 6.962947e-01	 5.291822e-04	 4.731025e-02	 8.224659e+00	 
 2.605093e-01	 6.962947e-01	 5.291822e-04	 4.731025e-02	 8.224659e+00	 
 2.131960e-01	 7.029399e-01	 5.064963e-04	 8.486138e-02	 7.624915e+00	 
 2.131960e-01	 7.029399e-01	 5.064963e-04	 8.486138e-02	 7.624915e+00	 
 2.131960e-01	 7.029399e-01	 5.064963e-04	 8.486138e-02	 7.624915e+00	 
 2.131960e-01	 7.029399e-01	 5.064963e-04	 8.486138e-02	 7.624915e+00	 
 2.131960e-01	 7.029399e-01	 5.064963e-04	 8.486138e-02	 7.624915e+00	 
 2.131960e-01	 7.029399e-01	 5.064963e-04	 8.486138e-02	 7.624915e+00	 
 1.752956e-01	 7.258945e-01	 1.790419e-04	 1.025086e-01	 8.343378e+00	 
 1.752956e-01	 7.258945e-01	 1.790419e-04	 1.025086e-01	 8.343378e+00	 
 1.752956e-01	 7.258945e-01	 1.790419e-04	 1.025086e-01	 8.343378e+00	 
 1.752956e-01	 7.258945e-01	 1.790419e-04	 1.025086e-01	 8.343378e+00	 
 1.752956e-01	 7.258945e-01	 1.790419e-04	 1.025086e-01	 8.343378e+00	 
 1.752956e-01	 7.258945e-01	 1.790419e-04	 1.025086e-01	 8.343378e+00	 
 2.116621e-01	 8.164142e-01	 7.353758e-04	 1.555628e-02	 6.925133e+00	 
 2.116621e-01	 8.164142e-01	 7.353758e-04	 1.555628e-02	 6.925133e+00	 
 2.116621e-01	 8.164142e-01	 7.353758e-04	 1.555628e-02	 6.925133e+00	 
 2.116621e-01	 8.164142e-01	 7.353758e-04	 1.555628e-02	 6.925133e+00	 
 2.116621e-01	 8.164142e-01	 7.353758e-04	 1.555628e-02	 6.925133e+00	 
 2.116621e-01	 8.164142e-01	 7.353758e-04	 1.555628e-02	 6.925133e+00	 
 2.494703e-01	 7.688277e-01	 7.622322e-04	 1.116868e-02	 7.530811e+00	 
 2.494703e-01	 7.688277e-01	 7.622322e-04	 1.116868e-02	 7.530811e+00	 
 2.494703e-01	 7.688277e-01	 7.622322e-04	 1.116868e-02	 7.530811e+00	 
 2.494703e-01	 7.688277e-01	 7.622322e-04	 1.116868e-02	 7.530811e+00	 
 2.494703e-01	 7.688277e-01	 7.622322e-04	 1.116868e-02	 7.530811e+00	 
 2.494703e-01	 7.688277e-01	 7.622322e-04	 1.116868e-02	 7.530811e+00	 
 2.112124e-01	 7.257461e-01	 1.758715e-04	 7.235476e-02	 6.081362e+00	 
 2.112124e-01	 7.257461e-01	 1.758715e-04	 7.235476e-02	 6.081362e+00	 
 2.112124e-01	 7.257461e-01	 1.758715e-04	 7.235476e-02	 6.081362e+00	 
 2.112124e-01	 7.257461e-01	 1.758715e-04	 7.235476e-02	 6.081362e+00	 
 2.112124e-01	 7.257461e-01	 1.758715e-04	 7.235476e-02	 6.081362e+00	 
 2.112124e-01	 7.257461e-01	 1.758715e-04	 7.235476e-02	 6.081362e+00	 
 2.104854e-01	 7.256065e-01	 1.703472e-04	 7.305052e-02	 6.045723e+00	 
 2.104854e-01	 7.256065e-01	 1.703472e-04	 7.305052e-02	 6.045723e+00	 
 2.104854e-01	 7.256065e-01	 1.703472e-04	 7.305052e-02	 6.045723e+00	 
 2.104854e-01	 7.256065e-01	 1.703472e-04	 7.305052e-02	 6.045723e+00	 
 2.104854e-01	 7.256065e-01	 1.703472e-04	 7.305052e-02	 6.045723e+00	 
 2.104854e-01	 7.256065e-01	 1.703472e-04	 7.305052e-02	 6.045723e+00	 
 2.478916e-01	 7.378997e-01	 5.422176e-04	 3.191294e-02	 7.468106e+00	 
 2.478916e-01	 7.378997e-01	 5.422176e-04	 3.191294e-02	 7.468106e+00	 
 2.478916e-01	 7.378997e-01	 5.422176e-04	 3.191294e-02	 7.468106e+00	 
 2.478916e-01	 7.378997e-01	 5.422176e-04	 3.191294e-02	 7.468106e+00	 
 2.478916e-01	 7.378997e-01	 5.422176e-04	 3.191294e-02	 7.468106e+00	 
 2.478916e-01	 7.378997e-01	 5.422176e-04	 3.191294e-02	 7.468106e+00	 
 2.495881e-01	 7.540798e-01	 4.567624e-04	 2.030718e-02	 7.490163e+00	 
 2.495881e-01	 7.540798e-01	 4.567624e-04	 2.030718e-02	 7.490163e+00	 
 2.495881e-01	 7.540798e-01	 4.567624e-04	 2.030718e-02	 7.490163e+00	 
 2.495881e-01	 7.540798e-01	 4.567624e-04	 2.030718e-02	 7.490163e+00	 
 2.495881e-01	 7.540798e-01	 4.567624e-04	 2.030718e-02	 7.490163e+00	 
 2.495881e-01	 7.540798e-01	 4.567624e-04	 2.030718e-02	 7.490163e+00	 
 2.112003e-01	 8.233190e-01	 5.801816e-04	 1.166970e-02	 6.940580e+00	 
 2.112003e-01	 8.233190e-01	 5.801816e-04	 1.166970e-02	 6.940580e+00	 
 2.112003e-01	 8.233190e-01	 5.801816e-04	 1.166970e-02	 6.940580e+00	 
 2.112003e-01	 8.233190e-01	 5.801816e-04	 1.166970e-02	 6.940580e+00	 
 2.112003e-01	 8.233190e-01	 5.801816e-04	 1.166970e-02	 6.940580e+00	 
 2.112003e-01	 8.233190e-01	 5.801816e-04	 1.166970e-02	 6.940580e+00	 
 2.087679e-01	 8.201413e-01	 5.578772e-04	 1.568741e-02	 6.932397e+00	 
 2.087679e-01	 8.201413e-01	 5.578772e-04	 1.568741e-02	 6.932397e+00	 
 2.087679e-01	 8.201413e-01	 5.578772e-04	 1.568741e-02	 6.932397e+00	 
 2.087679e-01	 8.201413e-01	 5.578772e-04	 1.568741e-02	 6.932397e+00	 
 2.087679e-01	 8.201413e-01	 5.578772e-04	 1.568741e-02	 6.932397e+00	 
 2.087679e-01	 8.201413e-01	 5.578772e-04	 1.568741e-02	 6.932397e+00	 
 2.112124e-01	 7.257461e-01	 1.758715e-04	 7.235476e-02	 6.081362e+00	 
 2.112124e-01	 7.257461e-01	 1.758715e-04	 7.235476e-02	 6.081362e+00	 
 2.112124e-01	 7.257461e-01	 1.758715e-04	 7.235476e-02	 6.081362e+00	 
 2.112124e-01	 7.257461e-01	 1.758715e-04	 7.235476e-02	 6.081362e+00	 
 2.112124e-01	 7.257461e-01	 1.758715e-04	 7.235476e-02	 6.081362e+00	 
 2.112124e-01	 7.257461e-01	 1.758715e-04	 7.235476e-02	 6.081362e+00	 
 2.105227e-01	 7.256664e-01	 1.735084e-04	 7.298120e-02	 6.049613e+00	 
 2.105227e-01	 7.256664e-01	 1.735084e-04	 7.298120e-02	 6.049613e+00	 
 2.105227e-01	 7.256664e-01	 1.735084e-04	 7.298120e-02	 6.049613e+00	 
 2.105227e-01	 7.256664e-01	 1.735084e-04	 7.298120e-02	 6.049613e+00	 
 2.105227e-01	 7.256664e-01	 1.735084e-04	 7.298120e-02	 6.049613e+00	 
 2.105227e-01	 7.256664e-01	 1.735084e-04	 7.298120e-02	 6.049613e+00	 
 1.756335e-01	 7.240614e-01	 1.313837e-04	 1.033740e-01	 8.095361e+00	 
 1.756335e-01	 7.240614e-01	 1.313837e-04	 1.033740e-01	 8.095361e+00	 
 1.756335e-01	 7.240614e-01	 1.313837e-04	 1.033740e-01	 8.095361e+00	 
 1.756335e-01	 7.240614e-01	 1.313837e-04	 1.033740e-01	 8.095361e+00	 
 1.756335e-01	 7.240614e-01	 1.313837e-04	 1.033740e-01	 8.095361e+00	 
 1.756335e-01	 7.240614e-01	 1.313837e-04	 1.033740e-01	 8.095361e+00	 
 1.751107e-01	 7.245063e-01	 9.289865e-05	 1.035484e-01	 8.156408e+00	 
 1.751107e-01	 7.245063e-01	 9.289865e-05	 1.035484e-01	 8.156408e+00	 
 1.751107e-01	 7.245063e-01	 9.289865e-05	 1.035484e-01	 8.156408e+00	 
 1.751107e-01	 7.245063e-01	 9.289865e-05	 1.035484e-01	 8.156408e+00	 
 1.751107e-01	 7.245063e-01	 9.289865e-05	 1.035484e-01	 8.156408e+00	 
 1.751107e-01	 7.245063e-01	 9.289865e-05	 1.035484e-01	 8.156408e+00	 
 1.756335e-01	 7.240614e-01	 1.313837e-04	 1.033740e-01	 8.095361e+00	 
 1.756335e-01	 7.240614e-01	 1.313837e-04	 1.033740e-01	 8.095361e+00	 
 1.756335e-01	 7.240614e-01	 1.313837e-04	 1.033740e-01	 8.095361e+00	 
 1.756335e-01	 7.240614e-01	 1.313837e-04	 1.033740e-01	 8.095361e+00	 
 1.756335e-01	 7.240614e-01	 1.313837e-04	 1.033740e-01	 8.095361e+00	 
 1.756335e-01	 7.240614e-01	 1.313837e-04	 1.033740e-01	 8.095361e+00	 
 1.746121e-01	 7.266571e-01	 1.257479e-04	 1.026240e-01	 8.426041e+00	 
 1.746121e-01	 7.266571e-01	 1.257479e-04	 1.026240e-01	 8.426041e+00	 
 1.746121e-01	 7.266571e-01	 1.257479e-04	 1.026240e-01	 8.426041e+00	 
 1.746121e-01	 7.266571e-01	 1.257479e-04	 1.026240e-01	 8.426041e+00	 
 1.746121e-01	 7.266571e-01	 1.257479e-04	 1.026240e-01	 8.426041e+00	 
 1.746121e-01	 7.266571e-01	 1.257479e-04	 1.026240e-01	 8.426041e+00	 
 1.756335e-01	 7.240614e-01	 1.313837e-04	 1.033740e-01	 8.095361e+00	 
 1.756335e-01	 7.240614e-01	 1.313837e-04	 1.033740e-01	 8.095361e+00	 
 1.756335e-01	 7.240614e-01	 1.313837e-04	 1.033740e-01	 8.095361e+00	 
 1.756335e-01	 7.240614e-01	 1.313837e-04	 1.033740e-01	 8.095361e+00	 
 1.756335e-01	 7.240614e-01	 1.313837e-04	 1.033740e-01	 8.095361e+00	 
 1.756335e-01	 7.240614e-01	 1.313837e-04	 1.033740e-01	 8.095361e+00	 
 1.751271e-01	 7.244930e-01	 9.154992e-05	 1.035428e-01	 8.154668e+00	 
 1.751271e-01	 7.244930e-01	 9.154992e-05	 1.035428e-01	 8.154668e+00	 
 1.751271e-01	 7.244930e-01	 9.154992e-05	 1.035428e-01	 8.154668e+00	 
 1.751271e-01	 7.244930e-01	 9.154992e-05	 1.035428e-01	 8.154668e+00	 
 1.751271e-01	 7.244930e-01	 9.154992e-05	 1.035428e-01	 8.154668e+00	 
 1.751271e-01	 7.244930e-01	 9.154992e-05	 1.035428e-01	 8.154668e+00	 
 2.112124e-01	 7.257461e-01	 1.758715e-04	 7.235476e-02	 6.081362e+00	 
 2.112124e-01	 7.257461e-01	 1.758715e-04	 7.235476e-02	 6.081362e+00	 
 2.112124e-01	 7.257461e-01	 1.758715e-04	 7.235476e-02	 6.081362e+00	 
 2.112124e-01	 7.257461e-01	 1.758715e-04	 7.235476e-02	 6.081362e+00	 
 2.112124e-01	 7.257461e-01	 1.758715e-04	 7.235476e-02	 6.081362e+00	 
 2.112124e-01	 7.257461e-01	 1.758715e-04	 7.235476e-02	 6.081362e+00	 
 2.105424e-01	 7.258155e-01	 1.726507e-04	 7.287070e-02	 6.060264e+00	 
 2.105424e-01	 7.258155e-01	 1.726507e-04	 7.287070e-02	 6.060264e+00	 
 2.105424e-01	 7.258155e-01	 1.726507e-04	 7.287070e-02	 6.060264e+00	 
 2.105424e-01	 7.258155e-01	 1.726507e-04	 7.287070e-02	 6.060264e+00	 
 2.105424e-01	 7.258155e-01	 1.726507e-04	 7.287070e-02	 6.060264e+00	 
 2.105424e-01	 7.258155e-01	 1.726507e-04	 7.287070e-02	 6.060264e+00	 
 