s	 e	 integralPartic	 alturaRetang	 metadePartic	 maximaPartic	 minimoPArtic	 alturaPartic	 p	 comparativoMet
66	 88	 1.500222e+04	 6.522704e+02	 4.142094e+02	 8.283559e+02	 6.285714e-02	 1.574736e+00	 1	 6.350272e-01	 
 61	 81	 4.297969e+03	 2.046652e+02	 4.142094e+02	 8.283559e+02	 6.285714e-02	 4.941104e-01	 0	 2.023839e+00	 
 74	 103	 3.669239e+00	 1.223080e-01	 4.142094e+02	 8.283559e+02	 6.285714e-02	 2.195678e-01	 0	 3.386610e+03	 
 70	 104	 4.373696e+00	 1.249627e-01	 4.142094e+02	 8.283559e+02	 6.285714e-02	 3.235809e-01	 0	 3.314663e+03	 
 70	 104	 3.949575e+00	 1.128450e-01	 4.142094e+02	 8.283559e+02	 6.285714e-02	 3.235809e-01	 0	 3.670605e+03	 
 73	 87	 1.124252e+04	 7.495015e+02	 4.142094e+02	 8.283559e+02	 6.285714e-02	 1.809475e+00	 1	 5.526465e-01	 
 70	 103	 2.241532e+04	 6.592743e+02	 4.142094e+02	 8.283559e+02	 6.285714e-02	 1.591645e+00	 1	 6.282809e-01	 
 73	 87	 1.124252e+04	 7.495015e+02	 4.142094e+02	 8.283559e+02	 6.285714e-02	 1.809475e+00	 1	 5.526465e-01	 
 61	 81	 4.297969e+03	 2.046652e+02	 4.142094e+02	 8.283559e+02	 6.285714e-02	 4.941104e-01	 0	 2.023839e+00	 
 61	 81	 4.297969e+03	 2.046652e+02	 4.142094e+02	 8.283559e+02	 6.285714e-02	 4.941104e-01	 0	 2.023839e+00	 
 