minimo	maximo	maximTot	minimTot	
6.285714e-02	 8.283559e+02	 1.332342e+03	 1.825398e+03	 
 6.285714e-02	 8.283559e+02	 1.108778e+03	 1.825398e+03	 
 6.285714e-02	 8.283559e+02	 1.332342e+03	 1.721147e+03	 
 6.285714e-02	 8.283559e+02	 8.762712e-01	 9.830508e-01	 
 6.285714e-02	 8.283559e+02	 1.318053e+03	 1.748078e+03	 
 6.285714e-02	 8.283559e+02	 1.121239e+03	 1.538339e+03	 
 6.285714e-02	 8.283559e+02	 1.186949e+03	 1.420914e+03	 
 6.285714e-02	 8.283559e+02	 8.406780e-01	 9.033898e-01	 
 6.285714e-02	 8.283559e+02	 1.349195e+03	 1.825398e+03	 
 6.285714e-02	 8.283559e+02	 1.202219e+03	 1.571459e+03	 
 6.285714e-02	 8.283559e+02	 1.108778e+03	 1.288686e+03	 
 6.285714e-02	 8.283559e+02	 9.338983e-01	 1.571186e+00	 
 6.285714e-02	 8.283559e+02	 1.611937e+03	 1.825398e+03	 
 6.285714e-02	 8.283559e+02	 1.215637e+03	 1.806281e+03	 
 6.285714e-02	 8.283559e+02	 1.121239e+03	 1.383847e+03	 
 6.285714e-02	 8.283559e+02	 1.264407e+00	 1.489831e+00	 
 6.285714e-02	 8.283559e+02	 1.386815e+03	 1.825398e+03	 
 6.285714e-02	 8.283559e+02	 1.386815e+03	 1.825398e+03	 
 6.285714e-02	 8.283559e+02	 1.401442e+03	 1.825398e+03	 
 6.285714e-02	 8.283559e+02	 8.406780e-01	 1.033898e+00	 
 6.285714e-02	 8.283559e+02	 1.349195e+03	 1.825398e+03	 
 6.285714e-02	 8.283559e+02	 1.318053e+03	 1.825398e+03	 
 6.285714e-02	 8.283559e+02	 1.383847e+03	 1.694773e+03	 
 6.285714e-02	 8.283559e+02	 8.745763e-01	 1.033898e+00	 
 6.285714e-02	 8.283559e+02	 1.365203e+03	 1.822715e+03	 
 6.285714e-02	 8.283559e+02	 1.408310e+03	 1.825398e+03	 
 6.285714e-02	 8.283559e+02	 1.401442e+03	 1.635224e+03	 
 6.285714e-02	 8.283559e+02	 9.237288e-01	 1.272881e+00	 
 6.285714e-02	 8.283559e+02	 1.467880e+03	 1.825398e+03	 
 6.285714e-02	 8.283559e+02	 1.108778e+03	 1.273051e+03	 
 6.285714e-02	 8.283559e+02	 1.108778e+03	 1.230790e+03	 
 6.285714e-02	 8.283559e+02	 8.745763e-01	 1.013559e+00	 
 6.285714e-02	 8.283559e+02	 1.332342e+03	 1.825398e+03	 
 6.285714e-02	 8.283559e+02	 1.383847e+03	 1.694773e+03	 
 6.285714e-02	 8.283559e+02	 1.158900e+03	 1.288686e+03	 
 6.285714e-02	 8.283559e+02	 8.949153e-01	 1.477966e+00	 
 6.285714e-02	 8.283559e+02	 1.365337e+03	 1.820171e+03	 
 6.285714e-02	 8.283559e+02	 1.146525e+03	 1.820171e+03	 
 6.285714e-02	 8.283559e+02	 1.318053e+03	 1.635224e+03	 
 6.285714e-02	 8.283559e+02	 8.406780e-01	 9.033898e-01	 
 -1	 8.283559e+02	 1.365337e+03	 1.820171e+03	 
 -1	 8.283559e+02	 1.365337e+03	 1.820171e+03	 
 -1	 8.283559e+02	 1.365337e+03	 1.820171e+03	 
 -1	 8.283559e+02	 1.365337e+03	 1.820171e+03	 
 -1	 8.283559e+02	 1.365337e+03	 1.820171e+03	 
 -1	 8.283559e+02	 1.365337e+03	 1.820171e+03	 
 -1	 8.283559e+02	 1.365337e+03	 1.820171e+03	 
 -1	 8.283559e+02	 1.365337e+03	 1.820171e+03	 
 -1	 8.283559e+02	 1.365337e+03	 1.820171e+03	 
 -1	 8.283559e+02	 1.365337e+03	 1.820171e+03	 
 -1	 8.283559e+02	 1.365337e+03	 1.820171e+03	 
 -1	 8.283559e+02	 1.365337e+03	 1.820171e+03	 
 -1	 8.283559e+02	 1.365337e+03	 1.820171e+03	 
 6.285714e-02	 8.283559e+02	 1.383847e+03	 1.820171e+03	 
 -1	 8.249153e+02	 1.365337e+03	 1.820171e+03	 
 -1	 8.249153e+02	 1.365337e+03	 1.820171e+03	 
 -1	 8.249153e+02	 1.365337e+03	 1.820171e+03	 
 -1	 8.249153e+02	 1.365337e+03	 1.820171e+03	 
 -1	 8.249153e+02	 1.365337e+03	 1.820171e+03	 
 -1	 8.249153e+02	 1.365337e+03	 1.820171e+03	 
 -1	 8.249153e+02	 1.365337e+03	 1.820171e+03	 
 -1	 8.249153e+02	 1.365337e+03	 1.820171e+03	 
 -1	 8.249153e+02	 1.365337e+03	 1.820171e+03	 
 -1	 8.249153e+02	 1.365337e+03	 1.820171e+03	 
 -1	 8.249153e+02	 1.365337e+03	 1.820171e+03	 
 -1	 8.249153e+02	 1.365337e+03	 1.820171e+03	 
 -1	 8.249153e+02	 1.365337e+03	 1.820171e+03	 
 -1	 8.249153e+02	 1.365337e+03	 1.820171e+03	 
 -1	 8.249153e+02	 1.365337e+03	 1.820171e+03	 
 -1	 8.256441e+02	 1.365337e+03	 1.822715e+03	 
 6.285714e-02	 8.283559e+02	 1.365337e+03	 1.825398e+03	 
 6.285714e-02	 8.283559e+02	 1.365337e+03	 1.806281e+03	 
 -1	 8.283559e+02	 1.365337e+03	 1.820171e+03	 
 -1	 8.283559e+02	 1.365337e+03	 1.820171e+03	 
 -1	 8.283559e+02	 1.365337e+03	 1.820171e+03	 
 -1	 8.283559e+02	 1.365337e+03	 1.820171e+03	 
 -1	 8.283559e+02	 1.365337e+03	 1.820171e+03	 
 -1	 8.283559e+02	 1.365337e+03	 1.820171e+03	 
 -1	 8.283559e+02	 1.365337e+03	 1.820171e+03	 
 -1	 8.283559e+02	 1.365337e+03	 1.820171e+03	 
 -1	 8.283559e+02	 1.365337e+03	 1.820171e+03	 
 -1	 8.283559e+02	 1.365337e+03	 1.820171e+03	 
 -1	 8.283559e+02	 1.365337e+03	 1.820171e+03	 
 -1	 8.283559e+02	 1.365337e+03	 1.820171e+03	 
 -1	 8.283559e+02	 1.365337e+03	 1.820171e+03	 
 -1	 8.283559e+02	 1.365337e+03	 1.820171e+03	 
 -1	 8.283559e+02	 1.365337e+03	 1.820171e+03	 
 -1	 8.283559e+02	 1.365337e+03	 1.820171e+03	 
 -1	 8.283559e+02	 1.365337e+03	 1.820171e+03	 
 -1	 8.283559e+02	 1.365337e+03	 1.820171e+03	 
 6.285714e-02	 8.283559e+02	 1.383847e+03	 1.820171e+03	 
 -1	 8.249153e+02	 1.365203e+03	 1.820171e+03	 
 -1	 8.249153e+02	 1.365337e+03	 1.820171e+03	 
 -1	 8.249153e+02	 1.365337e+03	 1.820171e+03	 
 -1	 8.249153e+02	 1.365337e+03	 1.820171e+03	 
 -1	 8.249153e+02	 1.365337e+03	 1.820171e+03	 
 -1	 8.249153e+02	 1.365337e+03	 1.820171e+03	 
 -1	 8.249153e+02	 1.365337e+03	 1.820171e+03	 
 -1	 8.249153e+02	 1.365337e+03	 1.820171e+03	 
 -1	 8.249153e+02	 1.365337e+03	 1.820171e+03	 
 -1	 8.249153e+02	 1.365337e+03	 1.820171e+03	 
 -1	 8.249153e+02	 1.365337e+03	 1.820171e+03	 
 -1	 8.249153e+02	 1.365337e+03	 1.820171e+03	 
 -1	 8.249153e+02	 1.365337e+03	 1.820171e+03	 
 -1	 8.249153e+02	 1.365337e+03	 1.820171e+03	 
 -1	 8.249153e+02	 1.365337e+03	 1.820171e+03	 
 -1	 8.249153e+02	 1.365337e+03	 1.820171e+03	 
 -1	 8.249153e+02	 1.365337e+03	 1.820171e+03	 
 -1	 8.249153e+02	 1.365337e+03	 1.820171e+03	 
 -1	 8.249153e+02	 1.365337e+03	 1.820171e+03	 
 -1	 8.249153e+02	 1.365337e+03	 1.820171e+03	 
 -1	 8.256441e+02	 1.365337e+03	 1.822715e+03	 
 -1	 8.249153e+02	 1.365337e+03	 1.820171e+03	 
 -1	 8.249153e+02	 1.365337e+03	 1.820171e+03	 
 -1	 8.249153e+02	 1.365337e+03	 1.820171e+03	 
 -1	 8.249153e+02	 1.365337e+03	 1.820171e+03	 
 -1	 8.249153e+02	 1.365337e+03	 1.820171e+03	 
 -1	 8.249153e+02	 1.365337e+03	 1.820171e+03	 
 -1	 8.249153e+02	 1.365337e+03	 1.820171e+03	 
 -1	 8.256441e+02	 1.365337e+03	 1.822715e+03	 
 6.285714e-02	 8.283559e+02	 1.365337e+03	 1.825398e+03	 
 6.285714e-02	 8.283559e+02	 1.349195e+03	 1.820171e+03	 
 -1	 8.249153e+02	 1.365337e+03	 1.820171e+03	 
 -1	 8.249153e+02	 1.365337e+03	 1.820171e+03	 
 -1	 8.249153e+02	 1.365337e+03	 1.820171e+03	 
 -1	 8.249153e+02	 1.365337e+03	 1.820171e+03	 
 -1	 8.249153e+02	 1.365337e+03	 1.820171e+03	 
 -1	 8.249153e+02	 1.365337e+03	 1.820171e+03	 
 -1	 8.249153e+02	 1.365337e+03	 1.820171e+03	 
 -1	 8.249153e+02	 1.365337e+03	 1.820171e+03	 
 -1	 8.249153e+02	 1.365337e+03	 1.820171e+03	 
 -1	 8.249153e+02	 1.365337e+03	 1.820171e+03	 
 -1	 8.249153e+02	 1.365337e+03	 1.820171e+03	 
 -1	 8.256441e+02	 1.365337e+03	 1.822715e+03	 
 6.285714e-02	 8.283559e+02	 1.365337e+03	 1.825398e+03	 
 6.285714e-02	 8.283559e+02	 1.349195e+03	 1.820171e+03	 
 -1	 8.283559e+02	 1.332342e+03	 1.820171e+03	 
 -1	 8.249153e+02	 1.365337e+03	 1.820171e+03	 
 -1	 8.249153e+02	 1.365337e+03	 1.820171e+03	 
 -1	 8.249153e+02	 1.365337e+03	 1.820171e+03	 
 -1	 8.249153e+02	 1.365337e+03	 1.820171e+03	 
 -1	 8.249153e+02	 1.365337e+03	 1.820171e+03	 
 -1	 8.249153e+02	 1.365337e+03	 1.820171e+03	 
 -1	 8.249153e+02	 1.365337e+03	 1.820171e+03	 
 -1	 8.249153e+02	 1.365337e+03	 1.820171e+03	 
 -1	 8.249153e+02	 1.365337e+03	 1.820171e+03	 
 -1	 8.249153e+02	 1.365337e+03	 1.820171e+03	 
 -1	 8.249153e+02	 1.365337e+03	 1.820171e+03	 
 -1	 8.256441e+02	 1.365337e+03	 1.822715e+03	 
 6.285714e-02	 8.283559e+02	 1.365337e+03	 1.825398e+03	 
 6.285714e-02	 8.283559e+02	 1.349195e+03	 1.820171e+03	 
 -1	 8.283559e+02	 1.332342e+03	 1.820171e+03	 
 -1	 8.283559e+02	 1.365337e+03	 1.820171e+03	 
 -1	 8.283559e+02	 1.365337e+03	 1.820171e+03	 
 -1	 8.283559e+02	 1.365337e+03	 1.820171e+03	 
 -1	 8.283559e+02	 1.365337e+03	 1.820171e+03	 
 -1	 8.283559e+02	 1.365337e+03	 1.820171e+03	 
 -1	 8.283559e+02	 1.365337e+03	 1.820171e+03	 
 -1	 8.283559e+02	 1.365337e+03	 1.820171e+03	 
 -1	 8.283559e+02	 1.365337e+03	 1.820171e+03	 
 -1	 8.283559e+02	 1.365337e+03	 1.820171e+03	 
 -1	 8.283559e+02	 1.365337e+03	 1.820171e+03	 
 -1	 8.283559e+02	 1.365337e+03	 1.820171e+03	 
 -1	 8.283559e+02	 1.365337e+03	 1.820171e+03	 
 -1	 8.283559e+02	 1.365337e+03	 1.820171e+03	 
 -1	 8.283559e+02	 1.365337e+03	 1.820171e+03	 
 6.285714e-02	 8.283559e+02	 1.383847e+03	 1.820171e+03	 
 -1	 8.249153e+02	 1.365337e+03	 1.820171e+03	 
 -1	 8.249153e+02	 1.365337e+03	 1.820171e+03	 
 -1	 8.249153e+02	 1.365337e+03	 1.820171e+03	 
 -1	 8.249153e+02	 1.365337e+03	 1.820171e+03	 
 -1	 8.249153e+02	 1.365337e+03	 1.820171e+03	 
 -1	 8.249153e+02	 1.365337e+03	 1.820171e+03	 
 -1	 8.249153e+02	 1.365337e+03	 1.820171e+03	 
 -1	 8.249153e+02	 1.365337e+03	 1.820171e+03	 
 -1	 8.256441e+02	 1.365337e+03	 1.822715e+03	 
 6.285714e-02	 8.283559e+02	 1.365337e+03	 1.825398e+03	 
 -1	 8.249153e+02	 1.365337e+03	 1.820171e+03	 
 -1	 8.249153e+02	 1.365337e+03	 1.820171e+03	 
 -1	 8.249153e+02	 1.365337e+03	 1.820171e+03	 
 -1	 8.249153e+02	 1.365337e+03	 1.820171e+03	 
 -1	 8.249153e+02	 1.365337e+03	 1.820171e+03	 
 -1	 8.249153e+02	 1.365337e+03	 1.820171e+03	 
 -1	 8.249153e+02	 1.365337e+03	 1.820171e+03	 
 -1	 8.249153e+02	 1.365337e+03	 1.820171e+03	 
 -1	 8.249153e+02	 1.365337e+03	 1.820171e+03	 
 -1	 8.249153e+02	 1.365337e+03	 1.820171e+03	 
 -1	 8.249153e+02	 1.365337e+03	 1.820171e+03	 
 -1	 8.256441e+02	 1.365337e+03	 1.822715e+03	 
 6.285714e-02	 8.283559e+02	 1.365337e+03	 1.825398e+03	 
 6.285714e-02	 8.283559e+02	 1.349195e+03	 1.820171e+03	 
 -1	 8.283559e+02	 1.365337e+03	 1.820171e+03	 
 -1	 8.283559e+02	 1.365337e+03	 1.820171e+03	 
 -1	 8.283559e+02	 1.365337e+03	 1.820171e+03	 
 -1	 8.283559e+02	 1.365337e+03	 1.820171e+03	 
 -1	 8.283559e+02	 1.365337e+03	 1.820171e+03	 
 -1	 8.283559e+02	 1.365337e+03	 1.820171e+03	 
 -1	 8.283559e+02	 1.365337e+03	 1.820171e+03	 
 -1	 8.283559e+02	 1.365337e+03	 1.820171e+03	 
 -1	 8.283559e+02	 1.365337e+03	 1.820171e+03	 
 -1	 8.283559e+02	 1.365337e+03	 1.820171e+03	 
 -1	 8.283559e+02	 1.365337e+03	 1.820171e+03	 
 -1	 8.283559e+02	 1.365337e+03	 1.820171e+03	 
 -1	 8.283559e+02	 1.365337e+03	 1.820171e+03	 
 -1	 8.283559e+02	 1.365337e+03	 1.820171e+03	 
 6.285714e-02	 8.283559e+02	 1.383847e+03	 1.820171e+03	 
 -1	 8.249153e+02	 1.365337e+03	 1.820171e+03	 
 -1	 8.249153e+02	 1.365337e+03	 1.820171e+03	 
 -1	 8.249153e+02	 1.365337e+03	 1.820171e+03	 
 -1	 8.249153e+02	 1.365337e+03	 1.820171e+03	 
 -1	 8.249153e+02	 1.365337e+03	 1.820171e+03	 
 -1	 8.249153e+02	 1.365337e+03	 1.820171e+03	 
 -1	 8.249153e+02	 1.365337e+03	 1.820171e+03	 
 -1	 8.249153e+02	 1.365337e+03	 1.820171e+03	 
 -1	 8.256441e+02	 1.365337e+03	 1.822715e+03	 
 6.285714e-02	 8.283559e+02	 1.365337e+03	 1.825398e+03	 
 6.285714e-02	 8.283559e+02	 1.365337e+03	 1.806281e+03	 
 -1	 8.283559e+02	 1.365337e+03	 1.820171e+03	 
 -1	 8.283559e+02	 1.365337e+03	 1.820171e+03	 
 -1	 8.283559e+02	 1.365337e+03	 1.820171e+03	 
 -1	 8.283559e+02	 1.365337e+03	 1.820171e+03	 
 -1	 8.283559e+02	 1.365337e+03	 1.820171e+03	 
 -1	 8.283559e+02	 1.365337e+03	 1.820171e+03	 
 -1	 8.283559e+02	 1.365337e+03	 1.820171e+03	 
 -1	 8.283559e+02	 1.365337e+03	 1.820171e+03	 
 -1	 8.283559e+02	 1.365337e+03	 1.820171e+03	 
 -1	 8.283559e+02	 1.365337e+03	 1.820171e+03	 
 -1	 8.283559e+02	 1.365337e+03	 1.820171e+03	 
 -1	 8.283559e+02	 1.365337e+03	 1.820171e+03	 
 -1	 8.283559e+02	 1.365337e+03	 1.820171e+03	 
 -1	 8.283559e+02	 1.365337e+03	 1.820171e+03	 
 -1	 8.283559e+02	 1.365337e+03	 1.820171e+03	 
 -1	 8.283559e+02	 1.365337e+03	 1.820171e+03	 
 -1	 8.283559e+02	 1.365337e+03	 1.820171e+03	 
 -1	 8.283559e+02	 1.365337e+03	 1.820171e+03	 
 6.285714e-02	 8.283559e+02	 1.383847e+03	 1.820171e+03	 
 -1	 8.249153e+02	 1.365203e+03	 1.820171e+03	 
 -1	 8.249153e+02	 1.365337e+03	 1.820171e+03	 
 -1	 8.249153e+02	 1.365337e+03	 1.820171e+03	 
 -1	 8.249153e+02	 1.365337e+03	 1.820171e+03	 
 -1	 8.249153e+02	 1.365337e+03	 1.820171e+03	 
 -1	 8.249153e+02	 1.365337e+03	 1.820171e+03	 
 -1	 8.249153e+02	 1.365337e+03	 1.820171e+03	 
 -1	 8.249153e+02	 1.365337e+03	 1.820171e+03	 
 -1	 8.249153e+02	 1.365337e+03	 1.820171e+03	 
 -1	 8.249153e+02	 1.365337e+03	 1.820171e+03	 
 -1	 8.249153e+02	 1.365337e+03	 1.820171e+03	 
 -1	 8.249153e+02	 1.365337e+03	 1.820171e+03	 
 -1	 8.249153e+02	 1.365337e+03	 1.820171e+03	 
 -1	 8.249153e+02	 1.365337e+03	 1.820171e+03	 
 -1	 8.249153e+02	 1.365337e+03	 1.820171e+03	 
 -1	 8.249153e+02	 1.365337e+03	 1.820171e+03	 
 -1	 8.249153e+02	 1.365337e+03	 1.820171e+03	 
 -1	 8.249153e+02	 1.365337e+03	 1.820171e+03	 
 -1	 8.249153e+02	 1.365337e+03	 1.820171e+03	 
 -1	 8.249153e+02	 1.365337e+03	 1.820171e+03	 
 -1	 8.256441e+02	 1.365337e+03	 1.822715e+03	 
 6.285714e-02	 8.283559e+02	 1.365337e+03	 1.806281e+03	 
 -1	 8.283559e+02	 1.365337e+03	 1.820171e+03	 
 -1	 8.283559e+02	 1.365337e+03	 1.820171e+03	 
 -1	 8.283559e+02	 1.365337e+03	 1.820171e+03	 
 -1	 8.283559e+02	 1.365337e+03	 1.820171e+03	 
 -1	 8.283559e+02	 1.365337e+03	 1.820171e+03	 
 -1	 8.283559e+02	 1.365337e+03	 1.820171e+03	 
 -1	 8.283559e+02	 1.365337e+03	 1.820171e+03	 
 -1	 8.283559e+02	 1.365337e+03	 1.820171e+03	 
 -1	 8.283559e+02	 1.365337e+03	 1.820171e+03	 
 -1	 8.283559e+02	 1.365337e+03	 1.820171e+03	 
 -1	 8.283559e+02	 1.365337e+03	 1.820171e+03	 
 -1	 8.283559e+02	 1.365337e+03	 1.820171e+03	 
 -1	 8.283559e+02	 1.365337e+03	 1.820171e+03	 
 -1	 8.283559e+02	 1.365337e+03	 1.820171e+03	 
 -1	 8.283559e+02	 1.365337e+03	 1.820171e+03	 
 -1	 8.283559e+02	 1.365337e+03	 1.820171e+03	 
 -1	 8.283559e+02	 1.365337e+03	 1.820171e+03	 
 -1	 8.283559e+02	 1.365337e+03	 1.820171e+03	 
 6.285714e-02	 8.283559e+02	 1.383847e+03	 1.820171e+03	 
 -1	 8.249153e+02	 1.365203e+03	 1.820171e+03	 
 -1	 8.249153e+02	 1.365337e+03	 1.820171e+03	 
 -1	 8.249153e+02	 1.365337e+03	 1.820171e+03	 
 -1	 8.249153e+02	 1.365337e+03	 1.820171e+03	 
 -1	 8.249153e+02	 1.365337e+03	 1.820171e+03	 
 -1	 8.249153e+02	 1.365337e+03	 1.820171e+03	 
 -1	 8.249153e+02	 1.365337e+03	 1.820171e+03	 
 -1	 8.249153e+02	 1.365337e+03	 1.820171e+03	 
 -1	 8.249153e+02	 1.365337e+03	 1.820171e+03	 
 -1	 8.249153e+02	 1.365337e+03	 1.820171e+03	 
 -1	 8.249153e+02	 1.365337e+03	 1.820171e+03	 
 -1	 8.249153e+02	 1.365337e+03	 1.820171e+03	 
 -1	 8.249153e+02	 1.365337e+03	 1.820171e+03	 
 -1	 8.249153e+02	 1.365337e+03	 1.820171e+03	 
 -1	 8.249153e+02	 1.365337e+03	 1.820171e+03	 
 -1	 8.249153e+02	 1.365337e+03	 1.820171e+03	 
 -1	 8.249153e+02	 1.365337e+03	 1.820171e+03	 
 -1	 8.249153e+02	 1.365337e+03	 1.820171e+03	 
 -1	 8.249153e+02	 1.365337e+03	 1.820171e+03	 
 -1	 8.249153e+02	 1.365337e+03	 1.820171e+03	 
 -1	 8.256441e+02	 1.365337e+03	 1.822715e+03	 
 