Condicionamento
1.652764e+03	 1	 0	 
 2.212666e+03	 1	 0	 
 1.411044e+04	 1	 0	 
 3.579800e+04	 1	 0	 
 3.982149e+04	 1	 0	 
 2.836279e+04	 1	 0	 
 5.751849e+03	 1	 0	 
 2.040443e+04	 1	 0	 
 3.900512e+04	 1	 0	 
 1.050343e+05	 1	 0	 
 1.050343e+05	 1	 1	 
 1.050343e+05	 1	 2	 
 1.050343e+05	 1	 3	 
 1.050343e+05	 2	 1	 
 3.900512e+04	 2	 2	 
 3.900512e+04	 2	 3	 
 1.050343e+05	 3	 1	 
 2.212666e+03	 3	 2	 
 2.212666e+03	 3	 3	 
 1.050343e+05	 4	 1	 
 3.982149e+04	 4	 2	 
 3.982149e+04	 4	 3	 
 1.050343e+05	 5	 1	 
 3.579800e+04	 5	 2	 
 3.579800e+04	 5	 3	 
 1.050343e+05	 6	 1	 
 1.050343e+05	 6	 2	 
 1.050343e+05	 6	 3	 
 1.050343e+05	 7	 1	 
 3.579800e+04	 7	 2	 
 3.579800e+04	 7	 3	 
 1.050343e+05	 8	 1	 
 2.040443e+04	 8	 2	 
 2.040443e+04	 8	 3	 
 1.050343e+05	 9	 1	 
 1.411044e+04	 9	 2	 
 1.411044e+04	 9	 3	 
 1.050343e+05	 10	 1	 
 1.050343e+05	 10	 2	 
 1.050343e+05	 10	 3	 
 