Condicionamento
4.640564e+01	 
 2.724696e+03	 
 1.190048e+04	 
 1.482402e+02	 
 2.470937e+02	 
 2.442123e+02	 
 1.235500e+03	 
 8.616362e+02	 
 1.616481e+03	 
 4.874237e+02	 
 8.734770e+02	 
 1.624867e+03	 
 1.408563e+03	 
 5.253547e+02	 
 1.235500e+03	 
 1.241259e+03	 
 4.345599e+02	 
 6.081954e+02	 
 7.347461e+02	 
 4.307132e+02	 
 6.244499e+02	 
 7.711698e+02	 
 7.582450e+02	 
 9.444322e+02	 
 1.288746e+02	 
 5.253547e+02	 
 1.099399e+02	 
 8.512458e+01	 
 3.544196e+02	 
 1.700431e+03	 
 1.705388e+03	 
 3.676548e+02	 
 1.142822e+02	 
 6.308521e+01	 
 5.253547e+02	 
 1.241259e+03	 
 1.207999e+03	 
 3.676548e+02	 
 2.470937e+02	 
 2.470937e+02	 
 