1.103542e-01	 7.764544e-01	 -2.652823e-04	 1.333090e-01	 1.411920e+01	 1.411088e+01	 8.312259e-03	 0	 1.941860e+02	 2.962859e-02	 1.383075e-01	 1.657064e-01	 1.437863e-01	 
 2.562676e-01	 5.782380e-01	 8.937215e-06	 1.647141e-01	 9.881187e+00	 9.882989e+00	 1.801889e-03	 1	 2.865792e+03	 5.624070e-03	 5.303263e-03	 5.913335e-02	 3.819393e-02	 
 1.671873e-01	 7.011724e-01	 1.057060e-05	 1.316866e-01	 8.118607e+00	 8.118421e+00	 1.863365e-04	 1	 1.080669e+04	 2.078770e-03	 5.056589e-03	 1.085482e-02	 1.114248e-02	 
 3.402227e-01	 1.904926e-01	 -2.692979e-03	 4.472844e-01	 1.904575e+01	 1.880140e+01	 2.443522e-01	 0	 2.803755e+02	 3.116571e-02	 2.718983e-02	 4.270323e-01	 1.151642e-01	 
 -4.516593e-01	 9.261467e-01	 5.389019e-04	 4.744423e-01	 2.637088e+01	 2.640952e+01	 3.864042e-02	 0	 2.470937e+02	 7.964644e-02	 6.593261e-02	 4.177683e-01	 2.849361e-01	 
 2.031933e-01	 5.051362e-01	 3.004317e-05	 2.799381e-01	 1.897346e+01	 1.897833e+01	 4.874278e-03	 1	 2.692232e+02	 1.970265e-02	 1.741330e-02	 1.920560e-01	 1.700382e-01	 
 5.303587e-01	 5.353752e-01	 4.548439e-04	 -6.619618e-02	 1.599535e+01	 1.605902e+01	 6.366958e-02	 0	 7.722396e+05	 2.208602e-03	 1.546094e-02	 2.599149e-01	 2.431055e-01	 
 6.158845e-01	 4.728822e-01	 5.009699e-04	 -8.921033e-02	 7.274951e+00	 7.305973e+00	 3.102138e-02	 0	 1.399933e+04	 5.892596e-04	 6.626432e-04	 8.233880e-02	 8.625567e-03	 
 1.471579e-01	 6.369457e-01	 -1.591583e-04	 2.186860e-01	 3.141189e+01	 3.139664e+01	 1.525043e-02	 0	 1.696016e+03	 3.762854e-03	 5.530040e-02	 1.634311e-01	 1.511592e-01	 
 2.177009e-02	 6.883763e-01	 -4.968729e-03	 2.865393e-01	 2.120122e+01	 2.105336e+01	 1.478590e-01	 0	 1.958582e+02	 1.636661e-02	 1.353844e-02	 6.920916e-02	 2.865382e-02	 
 1.519418e-01	 6.989508e-01	 9.673447e-03	 1.466166e-01	 2.104698e+01	 2.105336e+01	 6.374760e-03	 1	 4.874237e+02	 3.536901e-02	 3.283433e-02	 3.769074e-02	 3.211400e-02	 
 1.451140e-01	 6.413180e-01	 4.079749e-05	 2.160757e-01	 3.139469e+01	 3.139664e+01	 1.953761e-03	 1	 1.616481e+03	 3.988788e-03	 5.714734e-02	 1.335927e-01	 1.200567e-01	 
 1.449471e-01	 6.414597e-01	 4.764072e-05	 2.160894e-01	 3.139421e+01	 3.139664e+01	 2.435390e-03	 1	 1.624867e+03	 3.995199e-03	 5.722070e-02	 1.313267e-01	 1.186400e-01	 
 1.519418e-01	 6.989508e-01	 9.673447e-03	 1.466166e-01	 2.104698e+01	 2.105336e+01	 6.374760e-03	 1	 4.874237e+02	 3.536901e-02	 3.283433e-02	 3.769074e-02	 3.211400e-02	 
 2.144096e-01	 6.909923e-01	 1.703180e-06	 1.065669e-01	 1.605253e+01	 1.605902e+01	 6.488102e-03	 1	 1.235500e+03	 2.210356e-02	 3.147279e-02	 1.725236e-01	 2.268285e-01	 
 2.144096e-01	 6.909923e-01	 1.703180e-06	 1.065669e-01	 1.605253e+01	 1.605902e+01	 6.488102e-03	 1	 1.235500e+03	 2.210356e-02	 3.147279e-02	 1.725236e-01	 2.268285e-01	 
 1.519418e-01	 6.989508e-01	 9.673447e-03	 1.466166e-01	 2.104698e+01	 2.105336e+01	 6.374760e-03	 1	 4.874237e+02	 3.536901e-02	 3.283433e-02	 3.769074e-02	 3.211400e-02	 
 1.500197e-01	 6.995504e-01	 9.319196e-03	 1.483394e-01	 2.105348e+01	 2.105336e+01	 1.203403e-04	 1	 4.345599e+02	 3.265373e-02	 3.141649e-02	 3.553855e-02	 2.969857e-02	 
 3.912949e-02	 6.769274e-01	 2.547634e-03	 2.682521e-01	 2.104988e+01	 2.105336e+01	 3.482602e-03	 1	 6.081954e+02	 7.632298e-02	 6.496614e-02	 7.112037e-02	 8.067907e-02	 
 1.519418e-01	 6.989508e-01	 9.673447e-03	 1.466166e-01	 2.104698e+01	 2.105336e+01	 6.374760e-03	 1	 4.874237e+02	 3.536901e-02	 3.283433e-02	 3.769074e-02	 3.211400e-02	 
 3.039859e-01	 6.396181e-01	 4.678975e-04	 6.420196e-02	 7.287602e+00	 7.305973e+00	 1.837086e-02	 1	 8.616362e+02	 2.017311e-02	 2.155976e-02	 8.626733e-02	 1.622263e-02	 
 3.145401e-01	 6.354962e-01	 1.251195e-04	 5.913151e-02	 7.295977e+00	 7.305973e+00	 9.995491e-03	 1	 6.244499e+02	 1.915903e-02	 2.342532e-02	 1.314914e-01	 1.530533e-02	 
 1.519418e-01	 6.989508e-01	 9.673447e-03	 1.466166e-01	 2.104698e+01	 2.105336e+01	 6.374760e-03	 1	 4.874237e+02	 3.536901e-02	 3.283433e-02	 3.769074e-02	 3.211400e-02	 
 1.481925e-01	 6.946160e-01	 8.125565e-03	 1.551042e-01	 2.105030e+01	 2.105336e+01	 3.062142e-03	 1	 7.582450e+02	 4.455780e-02	 3.754237e-02	 4.315079e-02	 3.960050e-02	 
 7.342651e-02	 6.748147e-01	 3.586672e-03	 2.397805e-01	 2.104664e+01	 2.105336e+01	 6.722317e-03	 1	 9.444322e+02	 7.151054e-02	 6.192063e-02	 6.494443e-02	 7.115248e-02	 
 1.519418e-01	 6.989508e-01	 9.673447e-03	 1.466166e-01	 2.104698e+01	 2.105336e+01	 6.374760e-03	 1	 4.874237e+02	 3.536901e-02	 3.283433e-02	 3.769074e-02	 3.211400e-02	 
 3.728913e-02	 6.135846e-01	 8.762961e-03	 3.121145e-01	 1.851349e+01	 1.880140e+01	 2.879062e-01	 1	 1.482402e+02	 3.732356e-02	 3.193498e-02	 2.818006e-01	 1.096473e-01	 
 9.931762e-02	 6.120131e-01	 6.282491e-03	 2.672325e-01	 1.868755e+01	 1.880140e+01	 1.138475e-01	 1	 1.099399e+02	 1.912900e-02	 1.681862e-02	 2.029603e-01	 4.447656e-02	 
 1.519418e-01	 6.989508e-01	 9.673447e-03	 1.466166e-01	 2.104698e+01	 2.105336e+01	 6.374760e-03	 1	 4.874237e+02	 3.536901e-02	 3.283433e-02	 3.769074e-02	 3.211400e-02	 
 1.451140e-01	 6.413180e-01	 4.079749e-05	 2.160757e-01	 3.139469e+01	 3.139664e+01	 1.953761e-03	 1	 1.616481e+03	 3.988788e-03	 5.714734e-02	 1.335927e-01	 1.200567e-01	 
 1.445362e-01	 6.419239e-01	 6.955979e-05	 2.160015e-01	 3.139253e+01	 3.139664e+01	 4.115148e-03	 1	 1.700431e+03	 4.010945e-03	 5.741042e-02	 1.331798e-01	 1.164625e-01	 
 1.519418e-01	 6.989508e-01	 9.673447e-03	 1.466166e-01	 2.104698e+01	 2.105336e+01	 6.374760e-03	 1	 4.874237e+02	 3.536901e-02	 3.283433e-02	 3.769074e-02	 3.211400e-02	 
 3.728913e-02	 6.135846e-01	 8.762961e-03	 3.121145e-01	 1.851349e+01	 1.880140e+01	 2.879062e-01	 1	 1.482402e+02	 3.732356e-02	 3.193498e-02	 2.818006e-01	 1.096473e-01	 
 9.262379e-02	 6.167468e-01	 6.190042e-03	 2.690170e-01	 1.868266e+01	 1.880140e+01	 1.187445e-01	 1	 1.142822e+02	 1.941788e-02	 1.709032e-02	 2.115115e-01	 4.896093e-02	 
 1.519418e-01	 6.989508e-01	 9.673447e-03	 1.466166e-01	 2.104698e+01	 2.105336e+01	 6.374760e-03	 1	 4.874237e+02	 3.536901e-02	 3.283433e-02	 3.769074e-02	 3.211400e-02	 
 2.144096e-01	 6.909923e-01	 1.703180e-06	 1.065669e-01	 1.605253e+01	 1.605902e+01	 6.488102e-03	 1	 1.235500e+03	 2.210356e-02	 3.147279e-02	 1.725236e-01	 2.268285e-01	 
 2.146349e-01	 6.910813e-01	 1.311961e-05	 1.062299e-01	 1.605170e+01	 1.605902e+01	 7.314262e-03	 1	 1.241259e+03	 2.218315e-02	 3.144427e-02	 1.752601e-01	 2.294640e-01	 
 1.519418e-01	 6.989508e-01	 9.673447e-03	 1.466166e-01	 2.104698e+01	 2.105336e+01	 6.374760e-03	 1	 4.874237e+02	 3.536901e-02	 3.283433e-02	 3.769074e-02	 3.211400e-02	 
 -4.516593e-01	 9.261467e-01	 5.389019e-04	 4.744423e-01	 2.637088e+01	 2.640952e+01	 3.864042e-02	 0	 2.470937e+02	 7.964644e-02	 6.593261e-02	 4.177683e-01	 2.849361e-01	 
 -4.516593e-01	 9.261467e-01	 5.389019e-04	 4.744423e-01	 2.637088e+01	 2.640952e+01	 3.864042e-02	 0	 2.470937e+02	 7.964644e-02	 6.593261e-02	 4.177683e-01	 2.849361e-01	 
 