1.346201e+03	 6.341520e+02	 1.310598e+03	 0	 0	 
 1.346201e+03	 6.341520e+02	 1.274996e+03	 0	 0	 
 1.346201e+03	 6.341520e+02	 1.239393e+03	 0	 0	 
 1.346201e+03	 6.341520e+02	 1.203791e+03	 0	 0	 
 1.346201e+03	 6.341520e+02	 1.168189e+03	 0	 0	 
 1.346201e+03	 6.341520e+02	 1.132586e+03	 0	 0	 
 1.346201e+03	 6.341520e+02	 1.096984e+03	 0	 0	 
 1.346201e+03	 6.341520e+02	 1.061381e+03	 0	 0	 
 1.346201e+03	 6.341520e+02	 1.025779e+03	 0	 0	 
 1.346201e+03	 6.341520e+02	 9.901764e+02	 0	 0	 
 1.346201e+03	 6.341520e+02	 9.545739e+02	 0	 0	 
 1.346201e+03	 6.341520e+02	 9.189715e+02	 0	 0	 
 1.346201e+03	 6.341520e+02	 8.833691e+02	 0	 0	 
 1.346201e+03	 6.341520e+02	 8.477666e+02	 0	 0	 
 1.346201e+03	 6.341520e+02	 8.121642e+02	 0	 0	 
 1.346201e+03	 6.341520e+02	 7.765617e+02	 0	 0	 
 1.346201e+03	 6.341520e+02	 7.409593e+02	 0	 0	 
 1.346201e+03	 6.341520e+02	 7.053569e+02	 0	 0	 
 1.346201e+03	 6.341520e+02	 6.697544e+02	 0	 0	 
 1.346201e+03	 6.341520e+02	 6.341520e+02	 0	 0	 
 1.346201e+03	 1.346201e+03	 1.346201e+03	 5.892152e-07	 5.892152e-07	 5.892152e-07	 
 1.346201e+03	 1.346201e+03	 1.346201e+03	 5.892152e-07	 5.892152e-07	 5.892152e-07	 
 1.346201e+03	 1.346201e+03	 1.346201e+03	 5.892152e-07	 5.892152e-07	 5.892152e-07	 
 1.346201e+03	 1.346201e+03	 1.346201e+03	 5.892152e-07	 5.892152e-07	 5.892152e-07	 
 1.346201e+03	 1.346201e+03	 1.346201e+03	 5.892152e-07	 5.892152e-07	 5.892152e-07	 
 1.346201e+03	 1.346201e+03	 1.346201e+03	 5.892152e-07	 5.892152e-07	 5.892152e-07	 
 1.346201e+03	 1.346201e+03	 1.346201e+03	 5.892152e-07	 5.892152e-07	 5.892152e-07	 
 1.346201e+03	 1.346201e+03	 1.346201e+03	 5.892152e-07	 5.892152e-07	 5.892152e-07	 
 1.346201e+03	 1.346201e+03	 1.346201e+03	 5.892152e-07	 5.892152e-07	 5.892152e-07	 
 1.346201e+03	 1.346201e+03	 1.346201e+03	 5.892152e-07	 5.892152e-07	 5.892152e-07	 
 1.346201e+03	 1.346201e+03	 1.346201e+03	 5.892152e-07	 5.892152e-07	 5.892152e-07	 
 1.346201e+03	 1.346201e+03	 1.346201e+03	 5.892152e-07	 5.892152e-07	 5.892152e-07	 
 1.346201e+03	 1.346201e+03	 1.346201e+03	 5.892152e-07	 5.892152e-07	 5.892152e-07	 
 1.346201e+03	 1.346201e+03	 1.346201e+03	 5.892152e-07	 5.892152e-07	 5.892152e-07	 
 1.346201e+03	 1.346201e+03	 1.346201e+03	 5.892152e-07	 5.892152e-07	 5.892152e-07	 
 1.346201e+03	 1.346201e+03	 1.346201e+03	 5.892152e-07	 5.892152e-07	 5.892152e-07	 
 1.346201e+03	 1.346201e+03	 1.346201e+03	 5.892152e-07	 5.892152e-07	 5.892152e-07	 
 1.346201e+03	 1.346201e+03	 1.346201e+03	 5.892152e-07	 5.892152e-07	 5.892152e-07	 
 1.346201e+03	 1.346201e+03	 1.346201e+03	 5.892152e-07	 5.892152e-07	 5.892152e-07	 
 1.346201e+03	 1.346201e+03	 1.346201e+03	 5.892152e-07	 5.892152e-07	 5.892152e-07	 
 1.346201e+03	 1.812015e+03	 1.322910e+03	 5.892152e-07	 7.292329e-09	 5.892152e-07	 
 1.346201e+03	 1.812015e+03	 1.299619e+03	 5.892152e-07	 7.292329e-09	 5.892152e-07	 
 1.346201e+03	 1.812015e+03	 1.276329e+03	 5.892152e-07	 7.292329e-09	 5.892152e-07	 
 1.346201e+03	 1.812015e+03	 1.253038e+03	 5.892152e-07	 7.292329e-09	 5.892152e-07	 
 1.346201e+03	 1.812015e+03	 1.229747e+03	 5.892152e-07	 7.292329e-09	 5.892152e-07	 
 1.346201e+03	 1.812015e+03	 1.206457e+03	 5.892152e-07	 7.292329e-09	 5.892152e-07	 
 1.346201e+03	 1.812015e+03	 1.183166e+03	 5.892152e-07	 7.292329e-09	 5.892152e-07	 
 1.346201e+03	 1.812015e+03	 1.159875e+03	 5.892152e-07	 7.292329e-09	 5.892152e-07	 
 1.346201e+03	 1.812015e+03	 1.136585e+03	 5.892152e-07	 7.292329e-09	 5.892152e-07	 
 1.346201e+03	 1.812015e+03	 1.113294e+03	 5.892152e-07	 7.292329e-09	 5.892152e-07	 
 1.346201e+03	 1.812015e+03	 1.090003e+03	 5.892152e-07	 7.292329e-09	 5.892152e-07	 
 1.346201e+03	 1.812015e+03	 1.066712e+03	 5.892152e-07	 7.292329e-09	 5.892152e-07	 
 1.346201e+03	 1.812015e+03	 1.043422e+03	 5.892152e-07	 7.292329e-09	 5.892152e-07	 
 1.346201e+03	 1.812015e+03	 1.020131e+03	 5.892152e-07	 7.292329e-09	 5.892152e-07	 
 1.346201e+03	 1.812015e+03	 9.968403e+02	 5.892152e-07	 7.292329e-09	 5.892152e-07	 
 1.346201e+03	 1.812015e+03	 9.735496e+02	 5.892152e-07	 7.292329e-09	 5.892152e-07	 
 1.346201e+03	 1.812015e+03	 9.502589e+02	 5.892152e-07	 7.292329e-09	 5.892152e-07	 
 1.346201e+03	 1.812015e+03	 9.269682e+02	 5.892152e-07	 7.292329e-09	 5.892152e-07	 
 1.346201e+03	 1.812015e+03	 9.036775e+02	 5.892152e-07	 7.292329e-09	 5.892152e-07	 
 1.346201e+03	 1.812015e+03	 8.803868e+02	 5.892152e-07	 7.292329e-09	 5.892152e-07	 
 1.346201e+03	 6.341520e+02	 1.310598e+03	 0	 0	 
 1.346201e+03	 6.341520e+02	 1.274996e+03	 0	 0	 
 1.346201e+03	 6.341520e+02	 1.239393e+03	 0	 0	 
 1.346201e+03	 6.341520e+02	 1.203791e+03	 0	 0	 
 1.346201e+03	 6.341520e+02	 1.168189e+03	 0	 0	 
 1.346201e+03	 6.341520e+02	 1.132586e+03	 0	 0	 
 1.346201e+03	 6.341520e+02	 1.096984e+03	 0	 0	 
 1.346201e+03	 6.341520e+02	 1.061381e+03	 0	 0	 
 1.346201e+03	 6.341520e+02	 1.025779e+03	 0	 0	 
 1.346201e+03	 6.341520e+02	 9.901764e+02	 0	 0	 
 1.346201e+03	 6.341520e+02	 9.545739e+02	 0	 0	 
 1.346201e+03	 6.341520e+02	 9.189715e+02	 0	 0	 
 1.346201e+03	 6.341520e+02	 8.833691e+02	 0	 0	 
 1.346201e+03	 6.341520e+02	 8.477666e+02	 0	 0	 
 1.346201e+03	 6.341520e+02	 8.121642e+02	 0	 0	 
 1.346201e+03	 6.341520e+02	 7.765617e+02	 0	 0	 
 1.346201e+03	 6.341520e+02	 7.409593e+02	 0	 0	 
 1.346201e+03	 6.341520e+02	 7.053569e+02	 0	 0	 
 1.346201e+03	 6.341520e+02	 6.697544e+02	 0	 0	 
 1.346201e+03	 6.341520e+02	 6.341520e+02	 0	 0	 
 1.346201e+03	 1.812015e+03	 1.322910e+03	 5.892152e-07	 7.292329e-09	 5.892152e-07	 
 1.346201e+03	 1.812015e+03	 1.299619e+03	 5.892152e-07	 7.292329e-09	 5.892152e-07	 
 1.346201e+03	 1.812015e+03	 1.276329e+03	 5.892152e-07	 7.292329e-09	 5.892152e-07	 
 1.346201e+03	 1.812015e+03	 1.253038e+03	 5.892152e-07	 7.292329e-09	 5.892152e-07	 
 1.346201e+03	 1.812015e+03	 1.229747e+03	 5.892152e-07	 7.292329e-09	 5.892152e-07	 
 1.346201e+03	 1.812015e+03	 1.206457e+03	 5.892152e-07	 7.292329e-09	 5.892152e-07	 
 1.346201e+03	 1.812015e+03	 1.183166e+03	 5.892152e-07	 7.292329e-09	 5.892152e-07	 
 1.346201e+03	 1.812015e+03	 1.159875e+03	 5.892152e-07	 7.292329e-09	 5.892152e-07	 
 1.346201e+03	 1.812015e+03	 1.136585e+03	 5.892152e-07	 7.292329e-09	 5.892152e-07	 
 1.346201e+03	 1.812015e+03	 1.113294e+03	 5.892152e-07	 7.292329e-09	 5.892152e-07	 
 1.346201e+03	 1.812015e+03	 1.090003e+03	 5.892152e-07	 7.292329e-09	 5.892152e-07	 
 1.346201e+03	 1.812015e+03	 1.066712e+03	 5.892152e-07	 7.292329e-09	 5.892152e-07	 
 1.346201e+03	 1.812015e+03	 1.043422e+03	 5.892152e-07	 7.292329e-09	 5.892152e-07	 
 1.346201e+03	 1.812015e+03	 1.020131e+03	 5.892152e-07	 7.292329e-09	 5.892152e-07	 
 1.346201e+03	 1.812015e+03	 9.968403e+02	 5.892152e-07	 7.292329e-09	 5.892152e-07	 
 1.346201e+03	 1.812015e+03	 9.735496e+02	 5.892152e-07	 7.292329e-09	 5.892152e-07	 
 1.346201e+03	 1.812015e+03	 9.502589e+02	 5.892152e-07	 7.292329e-09	 5.892152e-07	 
 1.346201e+03	 1.812015e+03	 9.269682e+02	 5.892152e-07	 7.292329e-09	 5.892152e-07	 
 1.346201e+03	 1.812015e+03	 9.036775e+02	 5.892152e-07	 7.292329e-09	 5.892152e-07	 
 1.346201e+03	 1.812015e+03	 8.803868e+02	 5.892152e-07	 7.292329e-09	 5.892152e-07	 
 1.346201e+03	 9.823876e+02	 1.328010e+03	 0	 0	 
 1.346201e+03	 9.823876e+02	 1.309819e+03	 0	 0	 
 1.346201e+03	 9.823876e+02	 1.291629e+03	 0	 0	 
 1.346201e+03	 9.823876e+02	 1.273438e+03	 0	 0	 
 1.346201e+03	 9.823876e+02	 1.255247e+03	 0	 0	 
 1.346201e+03	 9.823876e+02	 1.237057e+03	 0	 0	 
 1.346201e+03	 9.823876e+02	 1.218866e+03	 0	 0	 
 1.346201e+03	 9.823876e+02	 1.200676e+03	 0	 0	 
 1.346201e+03	 9.823876e+02	 1.182485e+03	 0	 0	 
 1.346201e+03	 9.823876e+02	 1.164294e+03	 0	 0	 
 1.346201e+03	 9.823876e+02	 1.146104e+03	 0	 0	 
 1.346201e+03	 9.823876e+02	 1.127913e+03	 0	 0	 
 1.346201e+03	 9.823876e+02	 1.109722e+03	 0	 0	 
 1.346201e+03	 9.823876e+02	 1.091532e+03	 0	 0	 
 1.346201e+03	 9.823876e+02	 1.073341e+03	 0	 0	 
 1.346201e+03	 9.823876e+02	 1.055150e+03	 0	 0	 
 1.346201e+03	 9.823876e+02	 1.036960e+03	 0	 0	 
 1.346201e+03	 9.823876e+02	 1.018769e+03	 0	 0	 
 1.346201e+03	 9.823876e+02	 1.000578e+03	 0	 0	 
 1.346201e+03	 9.823876e+02	 9.823876e+02	 0	 0	 
 1.346201e+03	 1.710357e+03	 1.327993e+03	 5.892152e-07	 4.723608e-05	 5.892152e-07	 
 1.346201e+03	 1.710357e+03	 1.309785e+03	 5.892152e-07	 4.723608e-05	 5.892152e-07	 
 1.346201e+03	 1.710357e+03	 1.291577e+03	 5.892152e-07	 4.723608e-05	 5.892152e-07	 
 1.346201e+03	 1.710357e+03	 1.273370e+03	 5.892152e-07	 4.723608e-05	 5.892152e-07	 
 1.346201e+03	 1.710357e+03	 1.255162e+03	 5.892152e-07	 4.723608e-05	 5.892152e-07	 
 1.346201e+03	 1.710357e+03	 1.236954e+03	 5.892152e-07	 4.723608e-05	 5.892152e-07	 
 1.346201e+03	 1.710357e+03	 1.218746e+03	 5.892152e-07	 4.723608e-05	 5.892152e-07	 
 1.346201e+03	 1.710357e+03	 1.200538e+03	 5.892152e-07	 4.723608e-05	 5.892152e-07	 
 1.346201e+03	 1.710357e+03	 1.182330e+03	 5.892152e-07	 4.723608e-05	 5.892152e-07	 
 1.346201e+03	 1.710357e+03	 1.164123e+03	 5.892152e-07	 4.723608e-05	 5.892152e-07	 
 1.346201e+03	 1.710357e+03	 1.145915e+03	 5.892152e-07	 4.723608e-05	 5.892152e-07	 
 1.346201e+03	 1.710357e+03	 1.127707e+03	 5.892152e-07	 4.723608e-05	 5.892152e-07	 
 1.346201e+03	 1.710357e+03	 1.109499e+03	 5.892152e-07	 4.723608e-05	 5.892152e-07	 
 1.346201e+03	 1.710357e+03	 1.091291e+03	 5.892152e-07	 4.723608e-05	 5.892152e-07	 
 1.346201e+03	 1.710357e+03	 1.073084e+03	 5.892152e-07	 4.723608e-05	 5.892152e-07	 
 1.346201e+03	 1.710357e+03	 1.054876e+03	 5.892152e-07	 4.723608e-05	 5.892152e-07	 
 1.346201e+03	 1.710357e+03	 1.036668e+03	 5.892152e-07	 4.723608e-05	 5.892152e-07	 
 1.346201e+03	 1.710357e+03	 1.018460e+03	 5.892152e-07	 4.723608e-05	 5.892152e-07	 
 1.346201e+03	 1.710357e+03	 1.000252e+03	 5.892152e-07	 4.723608e-05	 5.892152e-07	 
 1.346201e+03	 1.710357e+03	 9.820445e+02	 5.892152e-07	 4.723608e-05	 5.892152e-07	 
 1.346201e+03	 9.033876e+02	 1.324060e+03	 0	 0	 
 1.346201e+03	 9.033876e+02	 1.301919e+03	 0	 0	 
 1.346201e+03	 9.033876e+02	 1.279779e+03	 0	 0	 
 1.346201e+03	 9.033876e+02	 1.257638e+03	 0	 0	 
 1.346201e+03	 9.033876e+02	 1.235497e+03	 0	 0	 
 1.346201e+03	 9.033876e+02	 1.213357e+03	 0	 0	 
 1.346201e+03	 9.033876e+02	 1.191216e+03	 0	 0	 
 1.346201e+03	 9.033876e+02	 1.169076e+03	 0	 0	 
 1.346201e+03	 9.033876e+02	 1.146935e+03	 0	 0	 
 1.346201e+03	 9.033876e+02	 1.124794e+03	 0	 0	 
 1.346201e+03	 9.033876e+02	 1.102654e+03	 0	 0	 
 1.346201e+03	 9.033876e+02	 1.080513e+03	 0	 0	 
 1.346201e+03	 9.033876e+02	 1.058372e+03	 0	 0	 
 1.346201e+03	 9.033876e+02	 1.036232e+03	 0	 0	 
 1.346201e+03	 9.033876e+02	 1.014091e+03	 0	 0	 
 1.346201e+03	 9.033876e+02	 9.919502e+02	 0	 0	 
 1.346201e+03	 9.033876e+02	 9.698096e+02	 0	 0	 
 1.346201e+03	 9.033876e+02	 9.476689e+02	 0	 0	 
 1.346201e+03	 9.033876e+02	 9.255283e+02	 0	 0	 
 1.346201e+03	 9.033876e+02	 9.033876e+02	 0	 0	 
 1.346201e+03	 1.890498e+03	 1.318986e+03	 5.892152e-07	 1.207986e-06	 5.892152e-07	 
 1.346201e+03	 1.890498e+03	 1.291771e+03	 5.892152e-07	 1.207986e-06	 5.892152e-07	 
 1.346201e+03	 1.890498e+03	 1.264556e+03	 5.892152e-07	 1.207986e-06	 5.892152e-07	 
 1.346201e+03	 1.890498e+03	 1.237341e+03	 5.892152e-07	 1.207986e-06	 5.892152e-07	 
 1.346201e+03	 1.890498e+03	 1.210127e+03	 5.892152e-07	 1.207986e-06	 5.892152e-07	 
 1.346201e+03	 1.890498e+03	 1.182912e+03	 5.892152e-07	 1.207986e-06	 5.892152e-07	 
 1.346201e+03	 1.890498e+03	 1.155697e+03	 5.892152e-07	 1.207986e-06	 5.892152e-07	 
 1.346201e+03	 1.890498e+03	 1.128482e+03	 5.892152e-07	 1.207986e-06	 5.892152e-07	 
 1.346201e+03	 1.890498e+03	 1.101267e+03	 5.892152e-07	 1.207986e-06	 5.892152e-07	 
 1.346201e+03	 1.890498e+03	 1.074052e+03	 5.892152e-07	 1.207986e-06	 5.892152e-07	 
 1.346201e+03	 1.890498e+03	 1.046837e+03	 5.892152e-07	 1.207986e-06	 5.892152e-07	 
 1.346201e+03	 1.890498e+03	 1.019623e+03	 5.892152e-07	 1.207986e-06	 5.892152e-07	 
 1.346201e+03	 1.890498e+03	 9.924077e+02	 5.892152e-07	 1.207986e-06	 5.892152e-07	 
 1.346201e+03	 1.890498e+03	 9.651929e+02	 5.892152e-07	 1.207986e-06	 5.892152e-07	 
 1.346201e+03	 1.890498e+03	 9.379780e+02	 5.892152e-07	 1.207986e-06	 5.892152e-07	 
 1.346201e+03	 1.890498e+03	 9.107632e+02	 5.892152e-07	 1.207986e-06	 5.892152e-07	 
 1.346201e+03	 1.890498e+03	 8.835483e+02	 5.892152e-07	 1.207986e-06	 5.892152e-07	 
 1.346201e+03	 1.890498e+03	 8.563335e+02	 5.892152e-07	 1.207986e-06	 5.892152e-07	 
 1.346201e+03	 1.890498e+03	 8.291186e+02	 5.892152e-07	 1.207986e-06	 5.892152e-07	 
 1.346201e+03	 1.890498e+03	 8.019038e+02	 5.892152e-07	 1.207986e-06	 5.892152e-07	 
 1.346201e+03	 1.710357e+03	 1.327993e+03	 5.892152e-07	 4.723608e-05	 5.892152e-07	 
 1.346201e+03	 1.710357e+03	 1.309785e+03	 5.892152e-07	 4.723608e-05	 5.892152e-07	 
 1.346201e+03	 1.710357e+03	 1.291577e+03	 5.892152e-07	 4.723608e-05	 5.892152e-07	 
 1.346201e+03	 1.710357e+03	 1.273370e+03	 5.892152e-07	 4.723608e-05	 5.892152e-07	 
 1.346201e+03	 1.710357e+03	 1.255162e+03	 5.892152e-07	 4.723608e-05	 5.892152e-07	 
 1.346201e+03	 1.710357e+03	 1.236954e+03	 5.892152e-07	 4.723608e-05	 5.892152e-07	 
 1.346201e+03	 1.710357e+03	 1.218746e+03	 5.892152e-07	 4.723608e-05	 5.892152e-07	 
 1.346201e+03	 1.710357e+03	 1.200538e+03	 5.892152e-07	 4.723608e-05	 5.892152e-07	 
 1.346201e+03	 1.710357e+03	 1.182330e+03	 5.892152e-07	 4.723608e-05	 5.892152e-07	 
 1.346201e+03	 1.710357e+03	 1.164123e+03	 5.892152e-07	 4.723608e-05	 5.892152e-07	 
 1.346201e+03	 1.710357e+03	 1.145915e+03	 5.892152e-07	 4.723608e-05	 5.892152e-07	 
 1.346201e+03	 1.710357e+03	 1.127707e+03	 5.892152e-07	 4.723608e-05	 5.892152e-07	 
 1.346201e+03	 1.710357e+03	 1.109499e+03	 5.892152e-07	 4.723608e-05	 5.892152e-07	 
 1.346201e+03	 1.710357e+03	 1.091291e+03	 5.892152e-07	 4.723608e-05	 5.892152e-07	 
 1.346201e+03	 1.710357e+03	 1.073084e+03	 5.892152e-07	 4.723608e-05	 5.892152e-07	 
 1.346201e+03	 1.710357e+03	 1.054876e+03	 5.892152e-07	 4.723608e-05	 5.892152e-07	 
 1.346201e+03	 1.710357e+03	 1.036668e+03	 5.892152e-07	 4.723608e-05	 5.892152e-07	 
 1.346201e+03	 1.710357e+03	 1.018460e+03	 5.892152e-07	 4.723608e-05	 5.892152e-07	 
 1.346201e+03	 1.710357e+03	 1.000252e+03	 5.892152e-07	 4.723608e-05	 5.892152e-07	 
 1.346201e+03	 1.710357e+03	 9.820445e+02	 5.892152e-07	 4.723608e-05	 5.892152e-07	 
 