minimo	maximo	maximTot	minimTot	
3.287018e+02	 2.303523e+03	 2.625000e+02	 3.336000e+02	 
 6.801365e+00	 2.011008e+03	 5.800000e+00	 1.340000e+01	 
 2.570500e-01	 3.054576e+03	 1.166900e+03	 1.577500e+03	 
 3.644677e+02	 2.303523e+03	 1.166900e+03	 2.219100e+03	 
 3.185809e+02	 2.303523e+03	 2.625000e+02	 2.979000e+02	 
 1.266960e+01	 2.303523e+03	 5.800000e+00	 1.970000e+01	 
 4.815315e+02	 2.303523e+03	 1.166900e+03	 2.848100e+03	 
 3.505587e+02	 2.015579e+03	 1.166900e+03	 1.577500e+03	 
 3.299998e+02	 2.303523e+03	 2.605000e+02	 3.775000e+02	 
 1.938757e+02	 2.303523e+03	 1.390000e+01	 1.564800e+03	 
 3.279701e+02	 2.303523e+03	 1.166900e+03	 1.577500e+03	 
 3.802834e+02	 2.303523e+03	 9.871000e+02	 2.092400e+03	 
 3.246081e+02	 2.303523e+03	 2.605000e+02	 3.336000e+02	 
 4.522139e+02	 2.362984e+03	 4.740000e+01	 2.835400e+03	 
 4.759089e+02	 3.054577e+03	 1.166900e+03	 1.775100e+03	 
 2.570512e-01	 3.054576e+03	 1.166900e+03	 2.015100e+03	 
 3.274307e+02	 2.303523e+03	 2.734000e+02	 3.201000e+02	 
 2.335413e+01	 3.054576e+03	 6.200000e+00	 3.010000e+01	 
 4.131312e+02	 2.303523e+03	 9.871000e+02	 2.092400e+03	 
 6.224598e+02	 3.054577e+03	 1.166900e+03	 1.586300e+03	 
 3.216798e+02	 2.303523e+03	 2.605000e+02	 3.023000e+02	 
 2.698839e+01	 3.054576e+03	 1.020000e+01	 4.740000e+01	 
 2.598412e+02	 2.364987e+03	 1.071200e+03	 2.092400e+03	 
 4.277806e+02	 2.303523e+03	 1.166900e+03	 2.092400e+03	 
 3.341629e+02	 2.303523e+03	 2.734000e+02	 3.201000e+02	 
 2.173071e+01	 3.054576e+03	 6.200000e+00	 2.410000e+01	 
 4.318526e+02	 2.303523e+03	 1.166900e+03	 2.092400e+03	 
 4.310382e+02	 2.480392e+03	 1.186300e+03	 2.092400e+03	 
 3.319681e+02	 2.303523e+03	 2.734000e+02	 3.336000e+02	 
 2.651733e+02	 2.303523e+03	 6.200000e+00	 2.407500e+03	 
 2.867869e+02	 3.258162e+03	 1.071200e+03	 2.092400e+03	 
 4.277806e+02	 2.305111e+03	 1.166900e+03	 2.848100e+03	 
 3.293840e+02	 2.303523e+03	 2.625000e+02	 3.336000e+02	 
 4.522139e+02	 2.362984e+03	 4.740000e+01	 2.835400e+03	 
 5.944427e+02	 3.145875e+03	 1.467300e+03	 1.990000e+03	 
 4.212653e+02	 2.303523e+03	 1.166900e+03	 2.092400e+03	 
 3.139723e+02	 2.303523e+03	 2.625000e+02	 3.016000e+02	 
 1.956203e+02	 2.303523e+03	 1.020000e+01	 2.005600e+03	 
 4.306505e+02	 3.054576e+03	 9.871000e+02	 2.092400e+03	 
 4.326670e+02	 2.303523e+03	 1.166900e+03	 2.092400e+03	 
 3.136994e+02	 2.303523e+03	 2.625000e+02	 3.016000e+02	 
 2.987385e+02	 2.303523e+03	 2.625000e+02	 3.016000e+02	 
 2.967046e+02	 2.303523e+03	 2.625000e+02	 3.002000e+02	 
 2.980530e+02	 2.303523e+03	 2.625000e+02	 3.016000e+02	 
 3.135447e+02	 2.303523e+03	 2.625000e+02	 3.016000e+02	 
 2.984271e+02	 2.303523e+03	 2.625000e+02	 3.016000e+02	 
 2.973396e+02	 2.303523e+03	 2.625000e+02	 3.016000e+02	 
 2.974940e+02	 2.303523e+03	 2.625000e+02	 3.016000e+02	 
 2.982379e+02	 2.303523e+03	 2.634000e+02	 3.016000e+02	 
 2.972552e+02	 2.303523e+03	 2.625000e+02	 3.016000e+02	 
 2.966548e+02	 2.303523e+03	 2.625000e+02	 3.016000e+02	 
 2.978288e+02	 2.303523e+03	 2.625000e+02	 3.016000e+02	 
 2.966537e+02	 2.303523e+03	 2.625000e+02	 3.016000e+02	 
 2.989064e+02	 2.303523e+03	 2.625000e+02	 3.016000e+02	 
 3.143396e+02	 2.303523e+03	 2.625000e+02	 3.016000e+02	 
 1.577097e+02	 2.303523e+03	 2.625000e+02	 3.322000e+02	 
 1.618391e+02	 2.303523e+03	 2.625000e+02	 3.167000e+02	 
 1.668024e+02	 2.303523e+03	 2.625000e+02	 3.158000e+02	 
 1.705774e+02	 2.303523e+03	 2.625000e+02	 3.016000e+02	 
 1.772118e+02	 2.303523e+03	 2.625000e+02	 3.336000e+02	 
 1.807997e+02	 2.303523e+03	 2.625000e+02	 3.016000e+02	 
 1.877319e+02	 2.303523e+03	 2.625000e+02	 3.186000e+02	 
 1.933255e+02	 2.303523e+03	 2.625000e+02	 3.062000e+02	 
 2.000359e+02	 2.303523e+03	 2.625000e+02	 3.083000e+02	 
 2.056733e+02	 2.303523e+03	 2.625000e+02	 3.016000e+02	 
 2.130406e+02	 2.303523e+03	 2.625000e+02	 3.016000e+02	 
 2.204981e+02	 2.303523e+03	 2.625000e+02	 3.016000e+02	 
 2.310431e+02	 2.303523e+03	 2.625000e+02	 3.201000e+02	 
 2.391144e+02	 2.303523e+03	 2.625000e+02	 3.016000e+02	 
 2.495428e+02	 2.303523e+03	 2.625000e+02	 312	 
 2.590131e+02	 2.303523e+03	 2.625000e+02	 3.016000e+02	 
 2.711472e+02	 2.303523e+03	 2.625000e+02	 3.016000e+02	 
 2.839281e+02	 2.303523e+03	 2.625000e+02	 3.016000e+02	 
 2.980209e+02	 2.303523e+03	 2.625000e+02	 3.016000e+02	 
 3.132473e+02	 2.303523e+03	 2.625000e+02	 3.016000e+02	 
 3.136994e+02	 2.303523e+03	 2.625000e+02	 3.016000e+02	 
 2.987385e+02	 2.303523e+03	 2.625000e+02	 3.016000e+02	 
 2.967046e+02	 2.303523e+03	 2.625000e+02	 3.002000e+02	 
 2.980530e+02	 2.303523e+03	 2.625000e+02	 3.016000e+02	 
 3.135447e+02	 2.303523e+03	 2.625000e+02	 3.016000e+02	 
 2.984271e+02	 2.303523e+03	 2.625000e+02	 3.016000e+02	 
 2.973396e+02	 2.303523e+03	 2.625000e+02	 3.016000e+02	 
 2.974940e+02	 2.303523e+03	 2.625000e+02	 3.016000e+02	 
 2.982379e+02	 2.303523e+03	 2.634000e+02	 3.016000e+02	 
 2.972552e+02	 2.303523e+03	 2.625000e+02	 3.016000e+02	 
 2.966548e+02	 2.303523e+03	 2.625000e+02	 3.016000e+02	 
 2.978288e+02	 2.303523e+03	 2.625000e+02	 3.016000e+02	 
 2.966537e+02	 2.303523e+03	 2.625000e+02	 3.016000e+02	 
 2.989064e+02	 2.303523e+03	 2.625000e+02	 3.016000e+02	 
 3.143396e+02	 2.303523e+03	 2.625000e+02	 3.016000e+02	 
 1.577097e+02	 2.303523e+03	 2.625000e+02	 3.322000e+02	 
 1.618391e+02	 2.303523e+03	 2.625000e+02	 3.167000e+02	 
 1.668024e+02	 2.303523e+03	 2.625000e+02	 3.158000e+02	 
 1.705774e+02	 2.303523e+03	 2.625000e+02	 3.016000e+02	 
 1.772118e+02	 2.303523e+03	 2.625000e+02	 3.336000e+02	 
 1.807997e+02	 2.303523e+03	 2.625000e+02	 3.016000e+02	 
 1.877319e+02	 2.303523e+03	 2.625000e+02	 3.186000e+02	 
 1.933255e+02	 2.303523e+03	 2.625000e+02	 3.062000e+02	 
 2.000359e+02	 2.303523e+03	 2.625000e+02	 3.083000e+02	 
 2.056733e+02	 2.303523e+03	 2.625000e+02	 3.016000e+02	 
 2.130406e+02	 2.303523e+03	 2.625000e+02	 3.016000e+02	 
 2.204981e+02	 2.303523e+03	 2.625000e+02	 3.016000e+02	 
 2.310431e+02	 2.303523e+03	 2.625000e+02	 3.201000e+02	 
 2.391144e+02	 2.303523e+03	 2.625000e+02	 3.016000e+02	 
 2.495428e+02	 2.303523e+03	 2.625000e+02	 312	 
 2.590131e+02	 2.303523e+03	 2.625000e+02	 3.016000e+02	 
 2.711472e+02	 2.303523e+03	 2.625000e+02	 3.016000e+02	 
 2.839281e+02	 2.303523e+03	 2.625000e+02	 3.016000e+02	 
 2.980209e+02	 2.303523e+03	 2.625000e+02	 3.016000e+02	 
 3.132473e+02	 2.303523e+03	 2.625000e+02	 3.016000e+02	 
 1.208859e+02	 2.303523e+03	 2.625000e+02	 3.643000e+02	 
 1.227025e+02	 2.303523e+03	 2.625000e+02	 3.452000e+02	 
 1.260231e+02	 2.303523e+03	 2.625000e+02	 3.775000e+02	 
 1.277155e+02	 2.303523e+03	 2.625000e+02	 3.337000e+02	 
 1.309661e+02	 2.303523e+03	 2.625000e+02	 3.432000e+02	 
 1.334194e+02	 2.303523e+03	 2.625000e+02	 3.318000e+02	 
 1.364822e+02	 2.303523e+03	 2.625000e+02	 3.279000e+02	 
 1.394271e+02	 2.303523e+03	 2.625000e+02	 3.126000e+02	 
 1.424436e+02	 2.303523e+03	 2.625000e+02	 3.281000e+02	 
 1.463372e+02	 2.303523e+03	 2.625000e+02	 3.167000e+02	 
 1.499847e+02	 2.303523e+03	 2.625000e+02	 3.317000e+02	 
 1.533682e+02	 2.303523e+03	 2.625000e+02	 3.103000e+02	 
 1.577097e+02	 2.303523e+03	 2.625000e+02	 3.322000e+02	 
 1.618391e+02	 2.303523e+03	 2.625000e+02	 3.167000e+02	 
 1.668024e+02	 2.303523e+03	 2.625000e+02	 3.158000e+02	 
 1.705774e+02	 2.303523e+03	 2.625000e+02	 3.016000e+02	 
 1.772118e+02	 2.303523e+03	 2.625000e+02	 3.336000e+02	 
 1.807997e+02	 2.303523e+03	 2.625000e+02	 3.016000e+02	 
 1.877319e+02	 2.303523e+03	 2.625000e+02	 3.186000e+02	 
 1.933255e+02	 2.303523e+03	 2.625000e+02	 3.062000e+02	 
 2.000359e+02	 2.303523e+03	 2.625000e+02	 3.083000e+02	 
 2.056733e+02	 2.303523e+03	 2.625000e+02	 3.016000e+02	 
 2.130406e+02	 2.303523e+03	 2.625000e+02	 3.016000e+02	 
 2.204981e+02	 2.303523e+03	 2.625000e+02	 3.016000e+02	 
 2.310431e+02	 2.303523e+03	 2.625000e+02	 3.201000e+02	 
 2.391144e+02	 2.303523e+03	 2.625000e+02	 3.016000e+02	 
 2.495428e+02	 2.303523e+03	 2.625000e+02	 312	 
 2.590131e+02	 2.303523e+03	 2.625000e+02	 3.016000e+02	 
 2.711472e+02	 2.303523e+03	 2.625000e+02	 3.016000e+02	 
 2.839281e+02	 2.303523e+03	 2.625000e+02	 3.016000e+02	 
 2.980209e+02	 2.303523e+03	 2.625000e+02	 3.016000e+02	 
 3.132473e+02	 2.303523e+03	 2.625000e+02	 3.016000e+02	 
 3.135447e+02	 2.303523e+03	 2.625000e+02	 3.016000e+02	 
 2.984271e+02	 2.303523e+03	 2.625000e+02	 3.016000e+02	 
 2.848040e+02	 2.303523e+03	 2.625000e+02	 3.016000e+02	 
 2.713327e+02	 2.303523e+03	 2.625000e+02	 3.016000e+02	 
 2.595339e+02	 2.303523e+03	 2.625000e+02	 3.016000e+02	 
 2.502488e+02	 2.303523e+03	 2.625000e+02	 3.023000e+02	 
 2.376050e+02	 2.303523e+03	 2.605000e+02	 3.016000e+02	 
 2.300397e+02	 2.303523e+03	 2.625000e+02	 3.016000e+02	 
 2.205224e+02	 2.303523e+03	 2.625000e+02	 3.016000e+02	 
 2.971186e+02	 2.303523e+03	 2.625000e+02	 3.016000e+02	 
 2.965909e+02	 2.303523e+03	 2.625000e+02	 3.016000e+02	 
 2.977599e+02	 2.303523e+03	 2.625000e+02	 3.016000e+02	 
 2.960111e+02	 2.303523e+03	 2.625000e+02	 3.016000e+02	 
 2.969489e+02	 2.303523e+03	 2.625000e+02	 3.016000e+02	 
 2.973396e+02	 2.303523e+03	 2.625000e+02	 3.016000e+02	 
 2.974940e+02	 2.303523e+03	 2.625000e+02	 3.016000e+02	 
 2.982379e+02	 2.303523e+03	 2.634000e+02	 3.016000e+02	 
 2.972552e+02	 2.303523e+03	 2.625000e+02	 3.016000e+02	 
 2.966548e+02	 2.303523e+03	 2.625000e+02	 3.016000e+02	 
 2.978288e+02	 2.303523e+03	 2.625000e+02	 3.016000e+02	 
 2.966537e+02	 2.303523e+03	 2.625000e+02	 3.016000e+02	 
 2.989064e+02	 2.303523e+03	 2.625000e+02	 3.016000e+02	 
 3.143396e+02	 2.303523e+03	 2.625000e+02	 3.016000e+02	 
 2.310431e+02	 2.303523e+03	 2.625000e+02	 3.201000e+02	 
 2.391144e+02	 2.303523e+03	 2.625000e+02	 3.016000e+02	 
 2.495428e+02	 2.303523e+03	 2.625000e+02	 312	 
 2.590131e+02	 2.303523e+03	 2.625000e+02	 3.016000e+02	 
 2.711472e+02	 2.303523e+03	 2.625000e+02	 3.016000e+02	 
 2.839281e+02	 2.303523e+03	 2.625000e+02	 3.016000e+02	 
 2.980209e+02	 2.303523e+03	 2.625000e+02	 3.016000e+02	 
 3.132473e+02	 2.303523e+03	 2.625000e+02	 3.016000e+02	 
 2.972552e+02	 2.303523e+03	 2.625000e+02	 3.016000e+02	 
 2.966548e+02	 2.303523e+03	 2.625000e+02	 3.016000e+02	 
 2.978288e+02	 2.303523e+03	 2.625000e+02	 3.016000e+02	 
 2.966537e+02	 2.303523e+03	 2.625000e+02	 3.016000e+02	 
 2.989064e+02	 2.303523e+03	 2.625000e+02	 3.016000e+02	 
 3.143396e+02	 2.303523e+03	 2.625000e+02	 3.016000e+02	 
 1.424436e+02	 2.303523e+03	 2.625000e+02	 3.281000e+02	 
 1.463372e+02	 2.303523e+03	 2.625000e+02	 3.167000e+02	 
 1.499847e+02	 2.303523e+03	 2.625000e+02	 3.317000e+02	 
 1.533682e+02	 2.303523e+03	 2.625000e+02	 3.103000e+02	 
 1.577097e+02	 2.303523e+03	 2.625000e+02	 3.322000e+02	 
 1.618391e+02	 2.303523e+03	 2.625000e+02	 3.167000e+02	 
 1.668024e+02	 2.303523e+03	 2.625000e+02	 3.158000e+02	 
 1.705774e+02	 2.303523e+03	 2.625000e+02	 3.016000e+02	 
 1.772118e+02	 2.303523e+03	 2.625000e+02	 3.336000e+02	 
 1.807997e+02	 2.303523e+03	 2.625000e+02	 3.016000e+02	 
 1.877319e+02	 2.303523e+03	 2.625000e+02	 3.186000e+02	 
 1.933255e+02	 2.303523e+03	 2.625000e+02	 3.062000e+02	 
 2.000359e+02	 2.303523e+03	 2.625000e+02	 3.083000e+02	 
 2.056733e+02	 2.303523e+03	 2.625000e+02	 3.016000e+02	 
 2.130406e+02	 2.303523e+03	 2.625000e+02	 3.016000e+02	 
 2.204981e+02	 2.303523e+03	 2.625000e+02	 3.016000e+02	 
 2.310431e+02	 2.303523e+03	 2.625000e+02	 3.201000e+02	 
 2.391144e+02	 2.303523e+03	 2.625000e+02	 3.016000e+02	 
 2.495428e+02	 2.303523e+03	 2.625000e+02	 312	 
 2.590131e+02	 2.303523e+03	 2.625000e+02	 3.016000e+02	 
 2.711472e+02	 2.303523e+03	 2.625000e+02	 3.016000e+02	 
 2.839281e+02	 2.303523e+03	 2.625000e+02	 3.016000e+02	 
 2.980209e+02	 2.303523e+03	 2.625000e+02	 3.016000e+02	 
 3.132473e+02	 2.303523e+03	 2.625000e+02	 3.016000e+02	 
 2.969489e+02	 2.303523e+03	 2.625000e+02	 3.016000e+02	 
 2.973396e+02	 2.303523e+03	 2.625000e+02	 3.016000e+02	 
 2.974940e+02	 2.303523e+03	 2.625000e+02	 3.016000e+02	 
 2.982379e+02	 2.303523e+03	 2.634000e+02	 3.016000e+02	 
 2.972552e+02	 2.303523e+03	 2.625000e+02	 3.016000e+02	 
 2.966548e+02	 2.303523e+03	 2.625000e+02	 3.016000e+02	 
 2.978288e+02	 2.303523e+03	 2.625000e+02	 3.016000e+02	 
 2.966537e+02	 2.303523e+03	 2.625000e+02	 3.016000e+02	 
 2.989064e+02	 2.303523e+03	 2.625000e+02	 3.016000e+02	 
 3.143396e+02	 2.303523e+03	 2.625000e+02	 3.016000e+02	 
 1.933255e+02	 2.303523e+03	 2.625000e+02	 3.062000e+02	 
 2.000359e+02	 2.303523e+03	 2.625000e+02	 3.083000e+02	 
 2.056733e+02	 2.303523e+03	 2.625000e+02	 3.016000e+02	 
 2.130406e+02	 2.303523e+03	 2.625000e+02	 3.016000e+02	 
 2.204981e+02	 2.303523e+03	 2.625000e+02	 3.016000e+02	 
 2.310431e+02	 2.303523e+03	 2.625000e+02	 3.201000e+02	 
 2.391144e+02	 2.303523e+03	 2.625000e+02	 3.016000e+02	 
 2.495428e+02	 2.303523e+03	 2.625000e+02	 312	 
 2.590131e+02	 2.303523e+03	 2.625000e+02	 3.016000e+02	 
 2.711472e+02	 2.303523e+03	 2.625000e+02	 3.016000e+02	 
 2.839281e+02	 2.303523e+03	 2.625000e+02	 3.016000e+02	 
 2.980209e+02	 2.303523e+03	 2.625000e+02	 3.016000e+02	 
 3.132473e+02	 2.303523e+03	 2.625000e+02	 3.016000e+02	 
 2.971186e+02	 2.303523e+03	 2.625000e+02	 3.016000e+02	 
 2.965909e+02	 2.303523e+03	 2.625000e+02	 3.016000e+02	 
 2.977599e+02	 2.303523e+03	 2.625000e+02	 3.016000e+02	 
 2.960111e+02	 2.303523e+03	 2.625000e+02	 3.016000e+02	 
 2.969489e+02	 2.303523e+03	 2.625000e+02	 3.016000e+02	 
 2.973396e+02	 2.303523e+03	 2.625000e+02	 3.016000e+02	 
 2.974940e+02	 2.303523e+03	 2.625000e+02	 3.016000e+02	 
 2.982379e+02	 2.303523e+03	 2.634000e+02	 3.016000e+02	 
 2.972552e+02	 2.303523e+03	 2.625000e+02	 3.016000e+02	 
 2.966548e+02	 2.303523e+03	 2.625000e+02	 3.016000e+02	 
 2.978288e+02	 2.303523e+03	 2.625000e+02	 3.016000e+02	 
 2.966537e+02	 2.303523e+03	 2.625000e+02	 3.016000e+02	 
 2.989064e+02	 2.303523e+03	 2.625000e+02	 3.016000e+02	 
 3.143396e+02	 2.303523e+03	 2.625000e+02	 3.016000e+02	 
 2.310431e+02	 2.303523e+03	 2.625000e+02	 3.201000e+02	 
 2.391144e+02	 2.303523e+03	 2.625000e+02	 3.016000e+02	 
 2.495428e+02	 2.303523e+03	 2.625000e+02	 312	 
 2.590131e+02	 2.303523e+03	 2.625000e+02	 3.016000e+02	 
 2.711472e+02	 2.303523e+03	 2.625000e+02	 3.016000e+02	 
 2.839281e+02	 2.303523e+03	 2.625000e+02	 3.016000e+02	 
 2.980209e+02	 2.303523e+03	 2.625000e+02	 3.016000e+02	 
 3.132473e+02	 2.303523e+03	 2.625000e+02	 3.016000e+02	 
 