2.043492e-01	 3.351969e-02	 7.846716e-01	 4.593823e-02	 2.171701e+02	 1.037283e+01	 
 2.299586e-01	 7.480388e-02	 7.765951e-01	 2.697980e-02	 1.358831e+02	 1.035570e+01	 
 2.451617e-01	 7.654472e-02	 7.449263e-01	 3.293909e-02	 1.328617e+02	 1.034724e+01	 
 2.523061e-01	 7.665889e-02	 7.287344e-01	 3.656457e-02	 1.328603e+02	 1.034304e+01	 
 2.471033e-01	 7.658792e-02	 7.405969e-01	 3.388040e-02	 1.328539e+02	 1.034611e+01	 
 1.569292e-01	 3.231755e-04	 7.609698e-01	 1.042121e-01	 3.553789e+01	 1.248312e+01	 
 1.509947e-01	 6.023796e-04	 7.633421e-01	 1.079726e-01	 3.424757e+01	 1.086683e+01	 
 1.982827e-01	 1.774911e-02	 7.538573e-01	 7.202241e-02	 3.227698e+01	 1.087630e+01	 
 2.306326e-01	 2.886368e-02	 7.415379e-01	 5.100864e-02	 2.592213e+01	 1.084697e+01	 
 2.503401e-01	 3.547840e-02	 7.319338e-01	 3.949775e-02	 2.072284e+01	 1.082976e+01	 
 1.704191e-01	 9.056222e-03	 7.626840e-01	 9.121681e-02	 1.904365e+01	 1.072228e+01	 
 1.720040e-01	 8.860764e-03	 7.622551e-01	 9.008939e-02	 8.657761e+00	 1.073048e+01	 
 