5.014300e-03	 7.806855e-01	 6.615458e-02	 1.661073e-01	 4.700261e+00	 
 5.014300e-03	 7.806855e-01	 6.615458e-02	 1.661073e-01	 4.700261e+00	 
 5.014300e-03	 7.806855e-01	 6.615458e-02	 1.661073e-01	 4.700261e+00	 
 5.014300e-03	 7.806855e-01	 6.615458e-02	 1.661073e-01	 4.700261e+00	 
 5.014300e-03	 7.806855e-01	 6.615458e-02	 1.661073e-01	 4.700261e+00	 
 5.014300e-03	 7.806855e-01	 6.615458e-02	 1.661073e-01	 4.700261e+00	 
 4.856701e-05	 1.343593e-01	 4.954000e-01	 3.146760e-01	 5.228352e+00	 
 4.856701e-05	 1.343593e-01	 4.954000e-01	 3.146760e-01	 5.228352e+00	 
 4.856701e-05	 1.343593e-01	 4.954000e-01	 3.146760e-01	 5.228352e+00	 
 4.856701e-05	 1.343593e-01	 4.954000e-01	 3.146760e-01	 5.228352e+00	 
 4.856701e-05	 1.343593e-01	 4.954000e-01	 3.146760e-01	 5.228352e+00	 
 4.856701e-05	 1.343593e-01	 4.954000e-01	 3.146760e-01	 5.228352e+00	 
 3.927986e-02	 2.695171e-01	 2.628202e-01	 2.630065e-01	 1.108697e+01	 
 1.351363e-05	 5.709956e-01	 1.939272e-01	 2.342070e-01	 5.076573e+00	 
 1.351363e-05	 5.709956e-01	 1.939272e-01	 2.342070e-01	 5.076573e+00	 
 1.351363e-05	 5.709956e-01	 1.939272e-01	 2.342070e-01	 5.076573e+00	 
 1.351363e-05	 5.709956e-01	 1.939272e-01	 2.342070e-01	 5.076573e+00	 
 1.351363e-05	 5.709956e-01	 1.939272e-01	 2.342070e-01	 5.076573e+00	 
 1.351363e-05	 5.709956e-01	 1.939272e-01	 2.342070e-01	 5.076573e+00	 
 1.302967e-05	 5.704456e-01	 1.943053e-01	 2.343127e-01	 4.648216e+00	 
 1.302967e-05	 5.704456e-01	 1.943053e-01	 2.343127e-01	 4.648216e+00	 
 1.302967e-05	 5.704456e-01	 1.943053e-01	 2.343127e-01	 4.648216e+00	 
 1.302967e-05	 5.704456e-01	 1.943053e-01	 2.343127e-01	 4.648216e+00	 
 1.302967e-05	 5.704456e-01	 1.943053e-01	 2.343127e-01	 4.648216e+00	 
 1.302967e-05	 5.704456e-01	 1.943053e-01	 2.343127e-01	 4.648216e+00	 
 1.302967e-05	 5.704456e-01	 1.943053e-01	 2.343127e-01	 4.648216e+00	 
 1.302967e-05	 5.704456e-01	 1.943053e-01	 2.343127e-01	 4.648216e+00	 
 1.302967e-05	 5.704456e-01	 1.943053e-01	 2.343127e-01	 4.648216e+00	 
 1.302967e-05	 5.704456e-01	 1.943053e-01	 2.343127e-01	 4.648216e+00	 
 1.302967e-05	 5.704456e-01	 1.943053e-01	 2.343127e-01	 4.648216e+00	 
 1.302967e-05	 5.704456e-01	 1.943053e-01	 2.343127e-01	 4.648216e+00	 
 1.302967e-05	 5.704456e-01	 1.943053e-01	 2.343127e-01	 4.648216e+00	 
 1.302967e-05	 5.704456e-01	 1.943053e-01	 2.343127e-01	 4.648216e+00	 
 1.302967e-05	 5.704456e-01	 1.943053e-01	 2.343127e-01	 4.648216e+00	 
 1.302967e-05	 5.704456e-01	 1.943053e-01	 2.343127e-01	 4.648216e+00	 
 1.302967e-05	 5.704456e-01	 1.943053e-01	 2.343127e-01	 4.648216e+00	 
 1.302967e-05	 5.704456e-01	 1.943053e-01	 2.343127e-01	 4.648216e+00	 
 1.302967e-05	 5.704456e-01	 1.943053e-01	 2.343127e-01	 4.648216e+00	 
 1.302967e-05	 5.704456e-01	 1.943053e-01	 2.343127e-01	 4.648216e+00	 
 1.302967e-05	 5.704456e-01	 1.943053e-01	 2.343127e-01	 4.648216e+00	 
 1.302967e-05	 5.704456e-01	 1.943053e-01	 2.343127e-01	 4.648216e+00	 
 1.302967e-05	 5.704456e-01	 1.943053e-01	 2.343127e-01	 4.648216e+00	 
 1.302967e-05	 5.704456e-01	 1.943053e-01	 2.343127e-01	 4.648216e+00	 
 1.301242e-05	 5.705055e-01	 1.942705e-01	 2.342973e-01	 4.644640e+00	 
 1.301242e-05	 5.705055e-01	 1.942705e-01	 2.342973e-01	 4.644640e+00	 
 1.301242e-05	 5.705055e-01	 1.942705e-01	 2.342973e-01	 4.644640e+00	 
 1.301242e-05	 5.705055e-01	 1.942705e-01	 2.342973e-01	 4.644640e+00	 
 1.301242e-05	 5.705055e-01	 1.942705e-01	 2.342973e-01	 4.644640e+00	 
 1.301242e-05	 5.705055e-01	 1.942705e-01	 2.342973e-01	 4.644640e+00	 
 1.301194e-05	 5.705070e-01	 1.942697e-01	 2.342968e-01	 4.644254e+00	 
 1.301194e-05	 5.705070e-01	 1.942697e-01	 2.342968e-01	 4.644254e+00	 
 1.301194e-05	 5.705070e-01	 1.942697e-01	 2.342968e-01	 4.644254e+00	 
 1.301194e-05	 5.705070e-01	 1.942697e-01	 2.342968e-01	 4.644254e+00	 
 1.301194e-05	 5.705070e-01	 1.942697e-01	 2.342968e-01	 4.644254e+00	 
 1.301194e-05	 5.705070e-01	 1.942697e-01	 2.342968e-01	 4.644254e+00	 
 1.302967e-05	 5.704456e-01	 1.943053e-01	 2.343127e-01	 4.648216e+00	 
 1.302967e-05	 5.704456e-01	 1.943053e-01	 2.343127e-01	 4.648216e+00	 
 1.302967e-05	 5.704456e-01	 1.943053e-01	 2.343127e-01	 4.648216e+00	 
 1.302967e-05	 5.704456e-01	 1.943053e-01	 2.343127e-01	 4.648216e+00	 
 1.302967e-05	 5.704456e-01	 1.943053e-01	 2.343127e-01	 4.648216e+00	 
 1.302967e-05	 5.704456e-01	 1.943053e-01	 2.343127e-01	 4.648216e+00	 
 1.302967e-05	 5.704456e-01	 1.943053e-01	 2.343127e-01	 4.648216e+00	 
 1.302967e-05	 5.704456e-01	 1.943053e-01	 2.343127e-01	 4.648216e+00	 
 1.302967e-05	 5.704456e-01	 1.943053e-01	 2.343127e-01	 4.648216e+00	 
 1.302967e-05	 5.704456e-01	 1.943053e-01	 2.343127e-01	 4.648216e+00	 
 1.302967e-05	 5.704456e-01	 1.943053e-01	 2.343127e-01	 4.648216e+00	 
 1.302967e-05	 5.704456e-01	 1.943053e-01	 2.343127e-01	 4.648216e+00	 
 1.302967e-05	 5.704456e-01	 1.943053e-01	 2.343127e-01	 4.648216e+00	 
 1.302967e-05	 5.704456e-01	 1.943053e-01	 2.343127e-01	 4.648216e+00	 
 1.302967e-05	 5.704456e-01	 1.943053e-01	 2.343127e-01	 4.648216e+00	 
 1.302967e-05	 5.704456e-01	 1.943053e-01	 2.343127e-01	 4.648216e+00	 
 1.302967e-05	 5.704456e-01	 1.943053e-01	 2.343127e-01	 4.648216e+00	 
 1.302967e-05	 5.704456e-01	 1.943053e-01	 2.343127e-01	 4.648216e+00	 
 1.302967e-05	 5.704456e-01	 1.943053e-01	 2.343127e-01	 4.648216e+00	 
 1.302967e-05	 5.704456e-01	 1.943053e-01	 2.343127e-01	 4.648216e+00	 
 1.302967e-05	 5.704456e-01	 1.943053e-01	 2.343127e-01	 4.648216e+00	 
 1.302967e-05	 5.704456e-01	 1.943053e-01	 2.343127e-01	 4.648216e+00	 
 1.302967e-05	 5.704456e-01	 1.943053e-01	 2.343127e-01	 4.648216e+00	 
 1.302967e-05	 5.704456e-01	 1.943053e-01	 2.343127e-01	 4.648216e+00	 
 1.302874e-05	 5.704469e-01	 1.943045e-01	 2.343125e-01	 4.645296e+00	 
 1.302874e-05	 5.704469e-01	 1.943045e-01	 2.343125e-01	 4.645296e+00	 
 1.302874e-05	 5.704469e-01	 1.943045e-01	 2.343125e-01	 4.645296e+00	 
 1.302874e-05	 5.704469e-01	 1.943045e-01	 2.343125e-01	 4.645296e+00	 
 1.302874e-05	 5.704469e-01	 1.943045e-01	 2.343125e-01	 4.645296e+00	 
 1.302874e-05	 5.704469e-01	 1.943045e-01	 2.343125e-01	 4.645296e+00	 
 1.302967e-05	 5.704456e-01	 1.943053e-01	 2.343127e-01	 4.648216e+00	 
 1.302967e-05	 5.704456e-01	 1.943053e-01	 2.343127e-01	 4.648216e+00	 
 1.302967e-05	 5.704456e-01	 1.943053e-01	 2.343127e-01	 4.648216e+00	 
 1.302967e-05	 5.704456e-01	 1.943053e-01	 2.343127e-01	 4.648216e+00	 
 1.302967e-05	 5.704456e-01	 1.943053e-01	 2.343127e-01	 4.648216e+00	 
 1.302967e-05	 5.704456e-01	 1.943053e-01	 2.343127e-01	 4.648216e+00	 
 1.302967e-05	 5.704456e-01	 1.943053e-01	 2.343127e-01	 4.648216e+00	 
 1.302967e-05	 5.704456e-01	 1.943053e-01	 2.343127e-01	 4.648216e+00	 
 1.302967e-05	 5.704456e-01	 1.943053e-01	 2.343127e-01	 4.648216e+00	 
 1.302967e-05	 5.704456e-01	 1.943053e-01	 2.343127e-01	 4.648216e+00	 
 1.302967e-05	 5.704456e-01	 1.943053e-01	 2.343127e-01	 4.648216e+00	 
 1.302967e-05	 5.704456e-01	 1.943053e-01	 2.343127e-01	 4.648216e+00	 
 1.302967e-05	 5.704456e-01	 1.943053e-01	 2.343127e-01	 4.648216e+00	 
 1.302967e-05	 5.704456e-01	 1.943053e-01	 2.343127e-01	 4.648216e+00	 
 1.302967e-05	 5.704456e-01	 1.943053e-01	 2.343127e-01	 4.648216e+00	 
 1.302967e-05	 5.704456e-01	 1.943053e-01	 2.343127e-01	 4.648216e+00	 
 1.302967e-05	 5.704456e-01	 1.943053e-01	 2.343127e-01	 4.648216e+00	 
 1.302967e-05	 5.704456e-01	 1.943053e-01	 2.343127e-01	 4.648216e+00	 
 