6.334958e-04	 7.174325e-01	 2.931595e-01	 6.287357e-02	 2.603493e+02	 6.776232e+00	 
 6.318683e-04	 7.106846e-01	 2.943826e-01	 6.648753e-02	 2.492885e+02	 6.708540e+00	 
 6.456374e-04	 7.149033e-01	 2.936679e-01	 6.417243e-02	 2.587685e+02	 6.745692e+00	 
 6.188842e-04	 7.068000e-01	 2.948976e-01	 6.871095e-02	 2.413287e+02	 6.673914e+00	 
 2.521862e-02	 7.332914e-01	 1.578869e-01	 1.123015e-01	 9.992785e+02	 4.595949e+00	 
 3.072234e-02	 7.528989e-01	 1.514397e-01	 9.954506e-02	 9.903083e+02	 4.598706e+00	 
 2.806166e-02	 7.420900e-01	 1.546855e-01	 1.065092e-01	 9.927049e+02	 4.593057e+00	 
 2.749673e-02	 7.454245e-01	 1.530530e-01	 1.064413e-01	 9.475337e+02	 4.594223e+00	 
 3.424161e-02	 9.698387e-01	 6.664042e-02	 7.219328e-03	 1.665472e+03	 4.988822e+00	 
 2.470326e-02	 7.401031e-01	 1.381826e-01	 1.205884e-01	 1.135211e+03	 4.626446e+00	 
 7.791070e-03	 7.468517e-01	 2.415018e-01	 8.738285e-02	 5.143083e+02	 4.657558e+00	 
 7.894931e-03	 7.694747e-01	 2.368397e-01	 7.622156e-02	 5.323411e+02	 4.681999e+00	 
 7.894931e-03	 7.694747e-01	 2.368397e-01	 7.622156e-02	 5.323411e+02	 4.681999e+00	 
 7.894931e-03	 7.694747e-01	 2.368397e-01	 7.622156e-02	 5.323411e+02	 4.681999e+00	 
 7.791070e-03	 7.468517e-01	 2.415018e-01	 8.738285e-02	 5.143083e+02	 4.657558e+00	 
 7.678466e-03	 7.501399e-01	 2.389712e-01	 8.738801e-02	 4.661599e+02	 4.649886e+00	 
 4.226957e-04	 6.791831e-01	 2.983559e-01	 8.501289e-02	 1.258261e+02	 6.349950e+00	 
 3.936216e-04	 6.727053e-01	 2.994299e-01	 8.855108e-02	 1.196688e+02	 6.319007e+00	 
 3.968124e-04	 6.784836e-01	 2.984586e-01	 8.542209e-02	 1.253236e+02	 6.377433e+00	 
 4.209345e-04	 6.790021e-01	 2.983137e-01	 8.516171e-02	 1.253894e+02	 6.348148e+00	 
 3.996017e-04	 6.790532e-01	 2.979621e-01	 8.536049e-02	 1.295845e+02	 6.385540e+00	 
 3.968124e-04	 6.784836e-01	 2.984586e-01	 8.542209e-02	 1.253236e+02	 6.377433e+00	 
 3.675144e-04	 6.244920e-01	 3.082183e-01	 1.142231e-01	 6.836481e+01	 5.978348e+00	 
 3.673994e-04	 6.248839e-01	 3.077134e-01	 1.142904e-01	 7.139140e+01	 5.982352e+00	 
 3.869921e-04	 6.247997e-01	 3.080463e-01	 1.141257e-01	 6.747740e+01	 5.948112e+00	 
 3.932207e-04	 6.244856e-01	 3.083120e-01	 1.140909e-01	 7.971597e+01	 5.992019e+00	 
 4.089310e-04	 6.250948e-01	 3.079345e-01	 1.139938e-01	 6.669210e+01	 5.919388e+00	 
 3.664478e-04	 6.246428e-01	 3.082312e-01	 1.141206e-01	 6.773440e+01	 5.977658e+00	 
 1.603317e-02	 8.019678e-01	 2.093334e-01	 6.828452e-02	 2.517064e+02	 4.529881e+00	 
 1.720566e-02	 8.059861e-01	 2.167512e-01	 6.147704e-02	 9.403984e+01	 4.504488e+00	 
 1.576132e-02	 7.931503e-01	 2.294399e-01	 6.191347e-02	 2.110190e+02	 4.510337e+00	 
 1.473761e-02	 7.940316e-01	 2.225307e-01	 6.659487e-02	 1.969515e+02	 4.512723e+00	 
 1.615582e-02	 8.032832e-01	 2.230175e-01	 6.019001e-02	 9.624782e+01	 4.501697e+00	 
 1.603317e-02	 8.019678e-01	 2.093334e-01	 6.828452e-02	 2.517064e+02	 4.529881e+00	 
 1.556489e-02	 7.993652e-01	 2.368161e-01	 5.538998e-02	 4.786458e-01	 4.479236e+00	 
 1.556489e-02	 7.993652e-01	 2.368161e-01	 5.538998e-02	 4.786458e-01	 4.479236e+00	 
 1.549155e-02	 7.992912e-01	 2.377375e-01	 5.502954e-02	 1.288206e+01	 4.476885e+00	 
 1.476854e-02	 7.957045e-01	 2.361734e-01	 5.848328e-02	 2.884712e+01	 4.480571e+00	 
 1.463580e-02	 7.939655e-01	 2.410663e-01	 5.683719e-02	 6.500907e+00	 4.473965e+00	 
 1.469580e-02	 7.939790e-01	 2.403371e-01	 5.714033e-02	 1.734826e+01	 4.476062e+00	 
 2.444138e-02	 7.027035e-01	 2.241273e-01	 9.128696e-02	 5.659590e+02	 4.515208e+00	 
 2.437932e-02	 7.012176e-01	 2.245688e-01	 9.203382e-02	 5.626672e+02	 4.512524e+00	 
 2.752227e-02	 6.892608e-01	 2.380198e-01	 8.535832e-02	 7.867606e+02	 4.519115e+00	 
 2.451483e-02	 7.131922e-01	 2.000241e-01	 9.950455e-02	 7.256059e+02	 4.542460e+00	 
 2.392288e-02	 7.011206e-01	 2.241139e-01	 9.270551e-02	 5.709334e+02	 4.516150e+00	 
 2.752227e-02	 6.892608e-01	 2.380198e-01	 8.535832e-02	 7.867606e+02	 4.519115e+00	 
 2.092543e-02	 7.272709e-01	 1.874162e-01	 1.051878e-01	 4.457566e+02	 4.530037e+00	 
 2.737562e-02	 9.054037e-01	 1.490301e-01	 8.564776e-03	 6.330962e+02	 4.824648e+00	 
 2.588175e-02	 7.399255e-01	 2.043199e-01	 8.375390e-02	 1.924505e+02	 4.502501e+00	 
 2.737562e-02	 9.054037e-01	 1.490301e-01	 8.564776e-03	 6.330962e+02	 4.824648e+00	 
 2.092543e-02	 7.272709e-01	 1.874162e-01	 1.051878e-01	 4.457566e+02	 4.530037e+00	 
 2.326585e-02	 7.078326e-01	 2.188265e-01	 9.354906e-02	 4.817111e+02	 4.512510e+00	 
 4.191602e-04	 6.760175e-01	 2.987817e-01	 8.679945e-02	 1.226746e+02	 6.318342e+00	 
 3.951858e-04	 6.754942e-01	 2.989931e-01	 8.702049e-02	 1.222056e+02	 6.346918e+00	 
 3.935999e-04	 6.702019e-01	 2.998878e-01	 8.987906e-02	 1.176145e+02	 6.294295e+00	 
 3.951410e-04	 6.703352e-01	 2.999368e-01	 8.975719e-02	 1.179721e+02	 6.295650e+00	 
 4.030984e-04	 6.849448e-01	 2.972619e-01	 8.198536e-02	 1.336147e+02	 6.444511e+00	 
 3.966614e-04	 6.756411e-01	 2.990364e-01	 8.689358e-02	 1.225638e+02	 6.348381e+00	 
 4.354447e-04	 6.250714e-01	 3.079593e-01	 1.139722e-01	 6.630693e+01	 5.892431e+00	 
 3.729561e-04	 6.322294e-01	 3.067935e-01	 1.101085e-01	 7.727159e+01	 6.001756e+00	 
 3.945100e-04	 6.242723e-01	 3.084195e-01	 1.141568e-01	 7.970452e+01	 5.991932e+00	 
 3.729561e-04	 6.322294e-01	 3.067935e-01	 1.101085e-01	 7.727159e+01	 6.001756e+00	 
 4.102410e-04	 6.248208e-01	 3.079936e-01	 1.141300e-01	 6.694820e+01	 5.919566e+00	 
 3.652251e-04	 6.245205e-01	 3.081947e-01	 1.142264e-01	 6.744126e+01	 5.977215e+00	 
 4.030984e-04	 6.849448e-01	 2.972619e-01	 8.198536e-02	 1.336147e+02	 6.444511e+00	 
 4.209084e-04	 6.761837e-01	 2.988293e-01	 8.665678e-02	 1.230766e+02	 6.319998e+00	 
 3.907801e-04	 6.829985e-01	 2.976427e-01	 8.301141e-02	 1.320712e+02	 6.443100e+00	 
 3.936216e-04	 6.727053e-01	 2.994299e-01	 8.855108e-02	 1.196688e+02	 6.319007e+00	 
 3.934749e-04	 6.779846e-01	 2.985236e-01	 8.569927e-02	 1.265936e+02	 6.382415e+00	 
 4.244863e-04	 6.824557e-01	 2.976410e-01	 8.334570e-02	 1.300211e+02	 6.383705e+00	 
 3.840579e-04	 6.248515e-01	 3.079686e-01	 1.141335e-01	 7.020304e+01	 5.961055e+00	 
 4.625939e-04	 6.255488e-01	 3.076895e-01	 1.138155e-01	 6.708922e+01	 5.868552e+00	 
 4.117802e-04	 6.249531e-01	 3.078544e-01	 1.141285e-01	 6.841899e+01	 5.921456e+00	 
 4.103689e-04	 6.251163e-01	 3.078795e-01	 1.140110e-01	 6.762428e+01	 5.920562e+00	 
 4.118696e-04	 6.250100e-01	 3.079089e-01	 1.140569e-01	 6.808878e+01	 5.921088e+00	 
 3.840579e-04	 6.248515e-01	 3.079686e-01	 1.141335e-01	 7.020304e+01	 5.961055e+00	 
 