5.877024e-04	 6.548632e-01	 1.708437e-01	 1.732561e-01	 1.120260e+03	 4.951595e+00	 
 2.380781e-02	 7.038763e-01	 1.298298e-01	 1.419381e-01	 1.021754e+03	 4.596752e+00	 
 2.356908e-02	 7.024600e-01	 1.312873e-01	 1.421078e-01	 1.006340e+03	 4.595949e+00	 
 2.710531e-02	 7.249871e-01	 1.069818e-01	 1.403736e-01	 8.375029e+02	 4.628856e+00	 
 2.661750e-02	 7.227424e-01	 1.093039e-01	 1.407898e-01	 8.225717e+02	 4.627484e+00	 
 2.616189e-02	 7.206652e-01	 1.114512e-01	 1.411817e-01	 8.089301e+02	 4.626446e+00	 
 3.139848e-02	 7.198147e-01	 1.168896e-01	 1.312964e-01	 6.063405e+02	 4.636552e+00	 
 4.827174e-03	 7.304408e-01	 7.729642e-02	 1.868181e-01	 5.836588e+02	 4.761955e+00	 
 2.616189e-02	 7.206652e-01	 1.114512e-01	 1.411817e-01	 2.236042e-02	 5.031070e+00	 
 1.567701e-02	 6.551917e-01	 1.843540e-01	 1.453079e-01	 2.194554e-02	 4.960504e+00	 
 