Condicionamento
6.644248e+04	 1	 0	 
 3.262362e+05	 1	 0	 
 4.448032e+04	 1	 0	 
 1.070973e+06	 1	 0	 
 3.334366e+04	 1	 0	 
 2.885085e+04	 1	 0	 
 3.179168e+04	 1	 0	 
 3.693927e+04	 1	 0	 
 1.246091e+05	 1	 0	 
 8.695325e+04	 1	 0	 
 8.695325e+04	 1	 1	 
 8.695325e+04	 1	 2	 
 8.695325e+04	 1	 3	 
 8.695325e+04	 2	 1	 
 3.179168e+04	 2	 2	 
 3.179168e+04	 2	 3	 
 8.695325e+04	 3	 1	 
 3.179168e+04	 3	 2	 
 3.179168e+04	 3	 3	 
 8.695325e+04	 4	 1	 
 1.070973e+06	 4	 2	 
 1.070973e+06	 4	 3	 
 8.695325e+04	 5	 1	 
 4.448032e+04	 5	 2	 
 4.448032e+04	 5	 3	 
 8.695325e+04	 6	 1	 
 1.246091e+05	 6	 2	 
 1.246091e+05	 6	 3	 
 8.695325e+04	 7	 1	 
 8.695325e+04	 7	 2	 
 8.695325e+04	 7	 3	 
 8.695325e+04	 8	 1	 
 8.695325e+04	 8	 2	 
 8.695325e+04	 8	 3	 
 8.695325e+04	 9	 1	 
 3.179168e+04	 9	 2	 
 3.179168e+04	 9	 3	 
 8.695325e+04	 10	 1	 
 3.179168e+04	 10	 2	 
 3.179168e+04	 10	 3	 
 