1.462760e-04	 1.918417e-01	 2.914277e-01	 4.032335e-01	 8.888314e+00	 
 1.462760e-04	 1.918417e-01	 2.914277e-01	 4.032335e-01	 8.888314e+00	 
 1.462760e-04	 1.918417e-01	 2.914277e-01	 4.032335e-01	 8.888314e+00	 
 1.462760e-04	 1.918417e-01	 2.914277e-01	 4.032335e-01	 8.888314e+00	 
 1.462760e-04	 1.918417e-01	 2.914277e-01	 4.032335e-01	 8.888314e+00	 
 1.462760e-04	 1.918417e-01	 2.914277e-01	 4.032335e-01	 8.888314e+00	 
 2.391627e-02	 3.647828e-01	 1.797437e-01	 3.092669e-01	 6.503627e+00	 
 2.391627e-02	 3.647828e-01	 1.797437e-01	 3.092669e-01	 6.503627e+00	 
 2.391627e-02	 3.647828e-01	 1.797437e-01	 3.092669e-01	 6.503627e+00	 
 2.391627e-02	 3.647828e-01	 1.797437e-01	 3.092669e-01	 6.503627e+00	 
 2.391627e-02	 3.647828e-01	 1.797437e-01	 3.092669e-01	 6.503627e+00	 
 2.391627e-02	 3.647828e-01	 1.797437e-01	 3.092669e-01	 6.503627e+00	 
 5.601623e-05	 2.677415e-01	 2.975628e-01	 3.558316e-01	 7.222604e+00	 
 5.601623e-05	 2.677415e-01	 2.975628e-01	 3.558316e-01	 7.222604e+00	 
 5.601623e-05	 2.677415e-01	 2.975628e-01	 3.558316e-01	 7.222604e+00	 
 5.601623e-05	 2.677415e-01	 2.975628e-01	 3.558316e-01	 7.222604e+00	 
 5.601623e-05	 2.677415e-01	 2.975628e-01	 3.558316e-01	 7.222604e+00	 
 5.601623e-05	 2.677415e-01	 2.975628e-01	 3.558316e-01	 7.222604e+00	 
 2.125794e-02	 4.303247e-01	 1.650009e-01	 2.823652e-01	 5.458508e+00	 
 2.125794e-02	 4.303247e-01	 1.650009e-01	 2.823652e-01	 5.458508e+00	 
 2.125794e-02	 4.303247e-01	 1.650009e-01	 2.823652e-01	 5.458508e+00	 
 2.125794e-02	 4.303247e-01	 1.650009e-01	 2.823652e-01	 5.458508e+00	 
 2.125794e-02	 4.303247e-01	 1.650009e-01	 2.823652e-01	 5.458508e+00	 
 2.125794e-02	 4.303247e-01	 1.650009e-01	 2.823652e-01	 5.458508e+00	 
 5.610701e-06	 2.457972e-01	 3.599807e-01	 3.313865e-01	 6.518678e+00	 
 5.610701e-06	 2.457972e-01	 3.599807e-01	 3.313865e-01	 6.518678e+00	 
 5.610701e-06	 2.457972e-01	 3.599807e-01	 3.313865e-01	 6.518678e+00	 
 5.610701e-06	 2.457972e-01	 3.599807e-01	 3.313865e-01	 6.518678e+00	 
 5.610701e-06	 2.457972e-01	 3.599807e-01	 3.313865e-01	 6.518678e+00	 
 5.610701e-06	 2.457972e-01	 3.599807e-01	 3.313865e-01	 6.518678e+00	 
 7.721404e-05	 2.132635e-01	 1.255409e-01	 4.913177e-01	 1.748049e+01	 
 7.721404e-05	 2.132635e-01	 1.255409e-01	 4.913177e-01	 1.748049e+01	 
 7.721404e-05	 2.132635e-01	 1.255409e-01	 4.913177e-01	 1.748049e+01	 
 7.721404e-05	 2.132635e-01	 1.255409e-01	 4.913177e-01	 1.748049e+01	 
 7.721404e-05	 2.132635e-01	 1.255409e-01	 4.913177e-01	 1.748049e+01	 
 7.721404e-05	 2.132635e-01	 1.255409e-01	 4.913177e-01	 1.748049e+01	 
 3.982080e-02	 5.337123e-01	 4.438619e-01	 5.262607e-02	 5.696378e+00	 
 3.982080e-02	 5.337123e-01	 4.438619e-01	 5.262607e-02	 5.696378e+00	 
 3.982080e-02	 5.337123e-01	 4.438619e-01	 5.262607e-02	 5.696378e+00	 
 3.982080e-02	 5.337123e-01	 4.438619e-01	 5.262607e-02	 5.696378e+00	 
 3.982080e-02	 5.337123e-01	 4.438619e-01	 5.262607e-02	 5.696378e+00	 
 3.982080e-02	 5.337123e-01	 4.438619e-01	 5.262607e-02	 5.696378e+00	 
 2.794167e-02	 3.802335e-01	 3.992441e-01	 1.916572e-01	 5.983873e+00	 
 2.794167e-02	 3.802335e-01	 3.992441e-01	 1.916572e-01	 5.983873e+00	 
 2.794167e-02	 3.802335e-01	 3.992441e-01	 1.916572e-01	 5.983873e+00	 
 2.794167e-02	 3.802335e-01	 3.992441e-01	 1.916572e-01	 5.983873e+00	 
 2.794167e-02	 3.802335e-01	 3.992441e-01	 1.916572e-01	 5.983873e+00	 
 2.794167e-02	 3.802335e-01	 3.992441e-01	 1.916572e-01	 5.983873e+00	 
 5.605879e-05	 2.895125e-01	 2.947165e-01	 3.443051e-01	 5.370117e+00	 
 5.605879e-05	 2.895125e-01	 2.947165e-01	 3.443051e-01	 5.370117e+00	 
 5.605879e-05	 2.895125e-01	 2.947165e-01	 3.443051e-01	 5.370117e+00	 
 5.605879e-05	 2.895125e-01	 2.947165e-01	 3.443051e-01	 5.370117e+00	 
 5.605879e-05	 2.895125e-01	 2.947165e-01	 3.443051e-01	 5.370117e+00	 
 5.605879e-05	 2.895125e-01	 2.947165e-01	 3.443051e-01	 5.370117e+00	 
 5.605846e-05	 2.895127e-01	 2.947178e-01	 3.443042e-01	 5.370168e+00	 
 5.605846e-05	 2.895127e-01	 2.947178e-01	 3.443042e-01	 5.370168e+00	 
 5.605846e-05	 2.895127e-01	 2.947178e-01	 3.443042e-01	 5.370168e+00	 
 5.605846e-05	 2.895127e-01	 2.947178e-01	 3.443042e-01	 5.370168e+00	 
 5.605846e-05	 2.895127e-01	 2.947178e-01	 3.443042e-01	 5.370168e+00	 
 5.605846e-05	 2.895127e-01	 2.947178e-01	 3.443042e-01	 5.370168e+00	 
 5.605879e-05	 2.895125e-01	 2.947165e-01	 3.443051e-01	 5.370117e+00	 
 5.605879e-05	 2.895125e-01	 2.947165e-01	 3.443051e-01	 5.370117e+00	 
 5.605879e-05	 2.895125e-01	 2.947165e-01	 3.443051e-01	 5.370117e+00	 
 5.605879e-05	 2.895125e-01	 2.947165e-01	 3.443051e-01	 5.370117e+00	 
 5.605879e-05	 2.895125e-01	 2.947165e-01	 3.443051e-01	 5.370117e+00	 
 5.605879e-05	 2.895125e-01	 2.947165e-01	 3.443051e-01	 5.370117e+00	 
 4.867785e-05	 2.895661e-01	 2.952727e-01	 3.439492e-01	 5.366182e+00	 
 4.867785e-05	 2.895661e-01	 2.952727e-01	 3.439492e-01	 5.366182e+00	 
 4.867785e-05	 2.895661e-01	 2.952727e-01	 3.439492e-01	 5.366182e+00	 
 4.867785e-05	 2.895661e-01	 2.952727e-01	 3.439492e-01	 5.366182e+00	 
 4.867785e-05	 2.895661e-01	 2.952727e-01	 3.439492e-01	 5.366182e+00	 
 4.867785e-05	 2.895661e-01	 2.952727e-01	 3.439492e-01	 5.366182e+00	 
 5.605879e-05	 2.895125e-01	 2.947165e-01	 3.443051e-01	 5.370117e+00	 
 5.605879e-05	 2.895125e-01	 2.947165e-01	 3.443051e-01	 5.370117e+00	 
 5.605879e-05	 2.895125e-01	 2.947165e-01	 3.443051e-01	 5.370117e+00	 
 5.605879e-05	 2.895125e-01	 2.947165e-01	 3.443051e-01	 5.370117e+00	 
 5.605879e-05	 2.895125e-01	 2.947165e-01	 3.443051e-01	 5.370117e+00	 
 5.605879e-05	 2.895125e-01	 2.947165e-01	 3.443051e-01	 5.370117e+00	 
 4.867785e-05	 2.895661e-01	 2.952727e-01	 3.439492e-01	 5.366182e+00	 
 4.867785e-05	 2.895661e-01	 2.952727e-01	 3.439492e-01	 5.366182e+00	 
 4.867785e-05	 2.895661e-01	 2.952727e-01	 3.439492e-01	 5.366182e+00	 
 4.867785e-05	 2.895661e-01	 2.952727e-01	 3.439492e-01	 5.366182e+00	 
 4.867785e-05	 2.895661e-01	 2.952727e-01	 3.439492e-01	 5.366182e+00	 
 4.867785e-05	 2.895661e-01	 2.952727e-01	 3.439492e-01	 5.366182e+00	 
 1.190344e-04	 1.857098e-01	 3.150511e-01	 3.931361e-01	 8.563189e+00	 
 1.190344e-04	 1.857098e-01	 3.150511e-01	 3.931361e-01	 8.563189e+00	 
 1.190344e-04	 1.857098e-01	 3.150511e-01	 3.931361e-01	 8.563189e+00	 
 1.190344e-04	 1.857098e-01	 3.150511e-01	 3.931361e-01	 8.563189e+00	 
 1.190344e-04	 1.857098e-01	 3.150511e-01	 3.931361e-01	 8.563189e+00	 
 1.190344e-04	 1.857098e-01	 3.150511e-01	 3.931361e-01	 8.563189e+00	 
 7.991064e-04	 1.415294e-01	 3.458614e-01	 4.011994e-01	 8.757978e+00	 
 7.991064e-04	 1.415294e-01	 3.458614e-01	 4.011994e-01	 8.757978e+00	 
 7.991064e-04	 1.415294e-01	 3.458614e-01	 4.011994e-01	 8.757978e+00	 
 7.991064e-04	 1.415294e-01	 3.458614e-01	 4.011994e-01	 8.757978e+00	 
 7.991064e-04	 1.415294e-01	 3.458614e-01	 4.011994e-01	 8.757978e+00	 
 7.991064e-04	 1.415294e-01	 3.458614e-01	 4.011994e-01	 8.757978e+00	 
 1.546069e-02	 2.060814e-01	 1.876327e-01	 4.198215e-01	 5.668998e+00	 
 1.546069e-02	 2.060814e-01	 1.876327e-01	 4.198215e-01	 5.668998e+00	 
 1.546069e-02	 2.060814e-01	 1.876327e-01	 4.198215e-01	 5.668998e+00	 
 1.546069e-02	 2.060814e-01	 1.876327e-01	 4.198215e-01	 5.668998e+00	 
 1.546069e-02	 2.060814e-01	 1.876327e-01	 4.198215e-01	 5.668998e+00	 
 1.546069e-02	 2.060814e-01	 1.876327e-01	 4.198215e-01	 5.668998e+00	 
 1.659717e-02	 1.723288e-01	 4.056088e-02	 5.268523e-01	 5.676053e+00	 
 1.659717e-02	 1.723288e-01	 4.056088e-02	 5.268523e-01	 5.676053e+00	 
 1.659717e-02	 1.723288e-01	 4.056088e-02	 5.268523e-01	 5.676053e+00	 
 1.659717e-02	 1.723288e-01	 4.056088e-02	 5.268523e-01	 5.676053e+00	 
 1.659717e-02	 1.723288e-01	 4.056088e-02	 5.268523e-01	 5.676053e+00	 
 1.659717e-02	 1.723288e-01	 4.056088e-02	 5.268523e-01	 5.676053e+00	 
 