Condicionamento
1.565109e+03	 1	 0	 
 1.710079e+03	 1	 0	 
 2.225138e+04	 1	 0	 
 4.734410e+03	 1	 0	 
 1.163456e+04	 1	 0	 
 4.322341e+03	 1	 0	 
 1.172337e+04	 1	 0	 
 2.263443e+03	 1	 0	 
 7.422923e+04	 1	 0	 
 3.572894e+03	 1	 0	 
 3.572894e+03	 1	 1	 
 4.322341e+03	 1	 2	 
 4.322341e+03	 1	 3	 
 3.572894e+03	 2	 1	 
 1.163456e+04	 2	 2	 
 1.163456e+04	 2	 3	 
 3.572894e+03	 3	 1	 
 3.572894e+03	 3	 2	 
 3.572894e+03	 3	 3	 
 3.572894e+03	 4	 1	 
 2.225138e+04	 4	 2	 
 2.225138e+04	 4	 3	 
 3.572894e+03	 5	 1	 
 1.710079e+03	 5	 2	 
 1.710079e+03	 5	 3	 
 3.572894e+03	 6	 1	 
 1.163456e+04	 6	 2	 
 1.163456e+04	 6	 3	 
 3.572894e+03	 7	 1	 
 7.422923e+04	 7	 2	 
 7.422923e+04	 7	 3	 
 3.572894e+03	 8	 1	 
 3.572894e+03	 8	 2	 
 3.572894e+03	 8	 3	 
 3.572894e+03	 9	 1	 
 1.163456e+04	 9	 2	 
 1.163456e+04	 9	 3	 
 3.572894e+03	 10	 1	 
 3.572894e+03	 10	 2	 
 3.572894e+03	 10	 3	 
 