s	 e	 nS	 nE	 p	 f
0	 0	 0	 0	 0	 0	 
 70	 80	 1920	 83	 1	 -1837	 
 70	 80	 1920	 85	 1	 -1835	 
 70	 80	 1920	 85	 1	 -1835	 
 70	 80	 1920	 81	 1	 -1839	 
 70	 80	 1920	 82	 1	 -1838	 
 70	 80	 1920	 82	 1	 -1838	 
 70	 80	 1920	 82	 1	 -1838	 
 70	 80	 1920	 86	 1	 -1834	 
 70	 80	 1920	 83	 1	 -1837	 
 70	 80	 1920	 85	 1	 -1835	 
 70	 80	 1920	 81	 1	 -1839	 
 70	 80	 1920	 81	 1	 -1839	 
 70	 80	 1920	 82	 1	 -1838	 
 70	 80	 1920	 83	 1	 -1837	 
 70	 80	 1920	 86	 1	 -1834	 
 70	 80	 1920	 85	 1	 -1835	 
 70	 80	 1920	 85	 1	 -1835	 
 70	 80	 1920	 84	 1	 -1836	 
 70	 80	 1920	 85	 1	 -1835	 
 70	 80	 1920	 81	 1	 -1839	 
 70	 80	 1920	 86	 1	 -1834	 
 70	 80	 1920	 84	 1	 -1836	 
 70	 80	 1920	 85	 1	 -1835	 
 70	 80	 1920	 85	 1	 -1835	 
 70	 80	 1920	 82	 1	 -1838	 
 70	 80	 1920	 83	 1	 -1837	 
 70	 80	 1920	 81	 1	 -1839	 
 70	 80	 1920	 81	 1	 -1839	 
 70	 80	 1920	 83	 1	 -1837	 
 70	 80	 1920	 83	 1	 -1837	 
 70	 80	 1920	 81	 1	 -1839	 
 70	 80	 1920	 85	 1	 -1835	 
 70	 80	 1920	 81	 1	 -1839	 
 70	 80	 1920	 81	 1	 -1839	 
 70	 80	 1920	 85	 1	 -1835	 
 70	 80	 1920	 85	 1	 -1835	 
 70	 80	 1920	 86	 1	 -1834	 
 70	 80	 1920	 83	 1	 -1837	 
 70	 80	 1920	 83	 1	 -1837	 
 70	 80	 1920	 81	 1	 -1839	 
 70	 80	 1920	 82	 1	 -1838	 
 70	 80	 1920	 83	 1	 -1837	 
 70	 80	 1920	 82	 1	 -1838	 
 70	 80	 1920	 81	 1	 -1839	 
 70	 80	 1920	 86	 1	 -1834	 
 70	 80	 1920	 81	 1	 -1839	 
 70	 80	 1920	 82	 1	 -1838	 
 70	 80	 1920	 81	 1	 -1839	 
 70	 80	 1920	 81	 1	 -1839	 
 70	 80	 1920	 83	 1	 -1837	 
 70	 80	 1920	 83	 1	 -1837	 
 70	 80	 1920	 82	 1	 -1838	 
 70	 80	 1920	 86	 1	 -1834	 
 70	 80	 1920	 85	 1	 -1835	 
 70	 80	 1920	 83	 1	 -1837	 
 70	 80	 1920	 81	 1	 -1839	 
 70	 80	 1920	 81	 1	 -1839	 
 70	 80	 1920	 82	 1	 -1838	 
 70	 80	 1920	 86	 1	 -1834	 
 70	 80	 1920	 86	 1	 -1834	 
 70	 80	 1920	 83	 1	 -1837	 
 70	 80	 1920	 82	 1	 -1838	 
 70	 80	 1920	 83	 1	 -1837	 
 70	 80	 1920	 82	 1	 -1838	 
 70	 80	 1920	 85	 1	 -1835	 
 70	 80	 1920	 85	 1	 -1835	 
 70	 80	 1920	 83	 1	 -1837	 
 70	 80	 1920	 82	 1	 -1838	 
 70	 80	 1920	 84	 1	 -1836	 
 70	 80	 1920	 82	 1	 -1838	 
 70	 80	 1920	 83	 1	 -1837	 
 70	 80	 1920	 84	 1	 -1836	 
 70	 80	 1920	 83	 1	 -1837	 
 70	 80	 1920	 85	 1	 -1835	 
 70	 80	 1920	 82	 1	 -1838	 
 70	 80	 1920	 85	 1	 -1835	 
 70	 80	 1920	 82	 1	 -1838	 
 70	 80	 1920	 83	 1	 -1837	 
 70	 80	 1920	 85	 1	 -1835	 
 70	 80	 1920	 84	 1	 -1836	 
 70	 80	 1920	 84	 1	 -1836	 
 70	 80	 1920	 83	 1	 -1837	 
 70	 80	 1920	 84	 1	 -1836	 
 70	 80	 1920	 85	 1	 -1835	 
 70	 80	 1920	 85	 1	 -1835	 
 70	 80	 1920	 81	 1	 -1839	 
 70	 80	 1920	 83	 1	 -1837	 
 70	 80	 1920	 81	 1	 -1839	 
 70	 80	 1920	 85	 1	 -1835	 
 70	 80	 1920	 86	 1	 -1834	 
 70	 80	 1920	 83	 1	 -1837	 
 70	 80	 1920	 85	 1	 -1835	 
 70	 80	 1920	 86	 1	 -1834	 
 70	 80	 1920	 84	 1	 -1836	 
 70	 80	 1920	 82	 1	 -1838	 
 70	 80	 1920	 81	 1	 -1839	 
 70	 80	 1920	 82	 1	 -1838	 
 70	 80	 1920	 82	 1	 -1838	 
 70	 80	 1920	 82	 1	 -1838	 
 0	 0	 0	 0	 0	 0	 
 0	 0	 0	 0	 0	 0	 
 69	 119	 1920	 135	 1	 -1785	 
 69	 119	 1920	 135	 1	 -1785	 
 69	 119	 1920	 125	 1	 -1795	 
 69	 119	 1920	 126	 1	 -1794	 
 69	 119	 1920	 143	 1	 -1777	 
 69	 119	 1920	 142	 1	 -1778	 
 69	 119	 1920	 137	 1	 -1783	 
 69	 119	 1920	 124	 1	 -1796	 
 69	 119	 1920	 130	 1	 -1790	 
 69	 119	 1920	 137	 1	 -1783	 
 69	 119	 1920	 138	 1	 -1782	 
 69	 119	 1920	 122	 1	 -1798	 
 69	 119	 1920	 126	 1	 -1794	 
 69	 119	 1920	 129	 1	 -1791	 
 69	 119	 1920	 138	 1	 -1782	 
 69	 119	 1920	 123	 1	 -1797	 
 69	 119	 1920	 140	 1	 -1780	 
 69	 119	 1920	 122	 1	 -1798	 
 69	 119	 1920	 138	 1	 -1782	 
 69	 119	 1920	 140	 1	 -1780	 
 69	 119	 1920	 123	 1	 -1797	 
 69	 119	 1920	 144	 1	 -1776	 
 69	 119	 1920	 122	 1	 -1798	 
 69	 119	 1920	 131	 1	 -1789	 
 69	 119	 1920	 129	 1	 -1791	 
 69	 119	 1920	 133	 1	 -1787	 
 69	 119	 1920	 140	 1	 -1780	 
 69	 119	 1920	 120	 1	 -1800	 
 69	 119	 1920	 134	 1	 -1786	 
 69	 119	 1920	 135	 1	 -1785	 
 69	 119	 1920	 143	 1	 -1777	 
 69	 119	 1920	 121	 1	 -1799	 
 69	 119	 1920	 124	 1	 -1796	 
 69	 119	 1920	 130	 1	 -1790	 
 69	 119	 1920	 121	 1	 -1799	 
 69	 119	 1920	 144	 1	 -1776	 
 69	 119	 1920	 127	 1	 -1793	 
 69	 119	 1920	 140	 1	 -1780	 
 69	 119	 1920	 120	 1	 -1800	 
 69	 119	 1920	 144	 1	 -1776	 
 69	 119	 1920	 134	 1	 -1786	 
 69	 119	 1920	 140	 1	 -1780	 
 69	 119	 1920	 142	 1	 -1778	 
 69	 119	 1920	 123	 1	 -1797	 
 69	 119	 1920	 142	 1	 -1778	 
 69	 119	 1920	 142	 1	 -1778	 
 69	 119	 1920	 121	 1	 -1799	 
 69	 119	 1920	 141	 1	 -1779	 
 69	 119	 1920	 144	 1	 -1776	 
 69	 119	 1920	 126	 1	 -1794	 
 69	 119	 1920	 128	 1	 -1792	 
 69	 119	 1920	 128	 1	 -1792	 
 69	 119	 1920	 144	 1	 -1776	 
 69	 119	 1920	 127	 1	 -1793	 
 69	 119	 1920	 126	 1	 -1794	 
 69	 119	 1920	 145	 1	 -1775	 
 69	 119	 1920	 141	 1	 -1779	 
 69	 119	 1920	 130	 1	 -1790	 
 69	 119	 1920	 124	 1	 -1796	 
 69	 119	 1920	 142	 1	 -1778	 
 69	 119	 1920	 127	 1	 -1793	 
 69	 119	 1920	 130	 1	 -1790	 
 69	 119	 1920	 129	 1	 -1791	 
 69	 119	 1920	 144	 1	 -1776	 
 69	 119	 1920	 135	 1	 -1785	 
 69	 119	 1920	 127	 1	 -1793	 
 69	 119	 1920	 133	 1	 -1787	 
 69	 119	 1920	 144	 1	 -1776	 
 69	 119	 1920	 145	 1	 -1775	 
 69	 119	 1920	 134	 1	 -1786	 
 69	 119	 1920	 123	 1	 -1797	 
 69	 119	 1920	 138	 1	 -1782	 
 69	 119	 1920	 140	 1	 -1780	 
 69	 119	 1920	 134	 1	 -1786	 
 69	 119	 1920	 134	 1	 -1786	 
 69	 119	 1920	 130	 1	 -1790	 
 69	 119	 1920	 128	 1	 -1792	 
 69	 119	 1920	 130	 1	 -1790	 
 69	 119	 1920	 129	 1	 -1791	 
 69	 119	 1920	 123	 1	 -1797	 
 69	 119	 1920	 122	 1	 -1798	 
 69	 119	 1920	 131	 1	 -1789	 
 69	 119	 1920	 145	 1	 -1775	 
 69	 119	 1920	 130	 1	 -1790	 
 69	 119	 1920	 130	 1	 -1790	 
 69	 119	 1920	 141	 1	 -1779	 
 69	 119	 1920	 144	 1	 -1776	 
 69	 119	 1920	 134	 1	 -1786	 
 69	 119	 1920	 132	 1	 -1788	 
 69	 119	 1920	 124	 1	 -1796	 
 69	 119	 1920	 139	 1	 -1781	 
 69	 119	 1920	 133	 1	 -1787	 
 69	 119	 1920	 129	 1	 -1791	 
 69	 119	 1920	 145	 1	 -1775	 
 69	 119	 1920	 133	 1	 -1787	 
 69	 119	 1920	 124	 1	 -1796	 
 69	 119	 1920	 143	 1	 -1777	 
 69	 119	 1920	 144	 1	 -1776	 
 69	 119	 1920	 128	 1	 -1792	 
 0	 0	 0	 0	 0	 0	 
 0	 0	 0	 0	 0	 0	 
 70	 80	 1920	 81	 1	 -1839	 
 70	 80	 1920	 82	 1	 -1838	 
 70	 80	 1920	 83	 1	 -1837	 
 70	 80	 1920	 86	 1	 -1834	 
 70	 80	 1920	 81	 1	 -1839	 
 70	 80	 1920	 81	 1	 -1839	 
 70	 80	 1920	 85	 1	 -1835	 
 70	 80	 1920	 84	 1	 -1836	 
 70	 80	 1920	 81	 1	 -1839	 
 70	 80	 1920	 86	 1	 -1834	 
 70	 80	 1920	 85	 1	 -1835	 
 70	 80	 1920	 83	 1	 -1837	 
 70	 80	 1920	 83	 1	 -1837	 
 70	 80	 1920	 84	 1	 -1836	 
 70	 80	 1920	 83	 1	 -1837	 
 70	 80	 1920	 84	 1	 -1836	 
 70	 80	 1920	 81	 1	 -1839	 
 70	 80	 1920	 85	 1	 -1835	 
 70	 80	 1920	 84	 1	 -1836	 
 70	 80	 1920	 83	 1	 -1837	 
 70	 80	 1920	 85	 1	 -1835	 
 70	 80	 1920	 82	 1	 -1838	 
 70	 80	 1920	 83	 1	 -1837	 
 70	 80	 1920	 83	 1	 -1837	 
 70	 80	 1920	 81	 1	 -1839	 
 70	 80	 1920	 86	 1	 -1834	 
 70	 80	 1920	 81	 1	 -1839	 
 70	 80	 1920	 84	 1	 -1836	 
 70	 80	 1920	 84	 1	 -1836	 
 70	 80	 1920	 81	 1	 -1839	 
 70	 80	 1920	 85	 1	 -1835	 
 70	 80	 1920	 82	 1	 -1838	 
 70	 80	 1920	 86	 1	 -1834	 
 70	 80	 1920	 84	 1	 -1836	 
 70	 80	 1920	 84	 1	 -1836	 
 70	 80	 1920	 81	 1	 -1839	 
 70	 80	 1920	 85	 1	 -1835	 
 70	 80	 1920	 82	 1	 -1838	 
 70	 80	 1920	 81	 1	 -1839	 
 70	 80	 1920	 81	 1	 -1839	 
 70	 80	 1920	 84	 1	 -1836	 
 70	 80	 1920	 82	 1	 -1838	 
 70	 80	 1920	 85	 1	 -1835	 
 70	 80	 1920	 83	 1	 -1837	 
 70	 80	 1920	 83	 1	 -1837	 
 70	 80	 1920	 81	 1	 -1839	 
 70	 80	 1920	 86	 1	 -1834	 
 70	 80	 1920	 81	 1	 -1839	 
 70	 80	 1920	 86	 1	 -1834	 
 70	 80	 1920	 81	 1	 -1839	 
 70	 80	 1920	 82	 1	 -1838	 
 70	 80	 1920	 84	 1	 -1836	 
 70	 80	 1920	 83	 1	 -1837	 
 70	 80	 1920	 85	 1	 -1835	 
 70	 80	 1920	 85	 1	 -1835	 
 70	 80	 1920	 82	 1	 -1838	 
 70	 80	 1920	 81	 1	 -1839	 
 70	 80	 1920	 81	 1	 -1839	 
 70	 80	 1920	 83	 1	 -1837	 
 70	 80	 1920	 82	 1	 -1838	 
 70	 80	 1920	 81	 1	 -1839	 
 70	 80	 1920	 83	 1	 -1837	 
 70	 80	 1920	 81	 1	 -1839	 
 70	 80	 1920	 84	 1	 -1836	 
 70	 80	 1920	 83	 1	 -1837	 
 70	 80	 1920	 84	 1	 -1836	 
 70	 80	 1920	 81	 1	 -1839	 
 70	 80	 1920	 85	 1	 -1835	 
 70	 80	 1920	 82	 1	 -1838	 
 70	 80	 1920	 81	 1	 -1839	 
 70	 80	 1920	 83	 1	 -1837	 
 70	 80	 1920	 82	 1	 -1838	 
 70	 80	 1920	 84	 1	 -1836	 
 70	 80	 1920	 81	 1	 -1839	 
 70	 80	 1920	 84	 1	 -1836	 
 70	 80	 1920	 81	 1	 -1839	 
 70	 80	 1920	 85	 1	 -1835	 
 70	 80	 1920	 86	 1	 -1834	 
 70	 80	 1920	 83	 1	 -1837	 
 70	 80	 1920	 85	 1	 -1835	 
 70	 80	 1920	 84	 1	 -1836	 
 70	 80	 1920	 81	 1	 -1839	 
 70	 80	 1920	 82	 1	 -1838	 
 70	 80	 1920	 82	 1	 -1838	 
 70	 80	 1920	 84	 1	 -1836	 
 70	 80	 1920	 81	 1	 -1839	 
 70	 80	 1920	 85	 1	 -1835	 
 70	 80	 1920	 86	 1	 -1834	 
 70	 80	 1920	 83	 1	 -1837	 
 70	 80	 1920	 85	 1	 -1835	 
 70	 80	 1920	 85	 1	 -1835	 
 70	 80	 1920	 83	 1	 -1837	 
 70	 80	 1920	 85	 1	 -1835	 
 70	 80	 1920	 86	 1	 -1834	 
 70	 80	 1920	 83	 1	 -1837	 
 70	 80	 1920	 83	 1	 -1837	 
 70	 80	 1920	 81	 1	 -1839	 
 70	 80	 1920	 81	 1	 -1839	 
 70	 80	 1920	 86	 1	 -1834	 
 0	 0	 0	 0	 0	 0	 
 0	 0	 0	 0	 0	 0	 
 70	 80	 1920	 82	 1	 -1838	 
 70	 80	 1920	 85	 1	 -1835	 
 70	 80	 1920	 85	 1	 -1835	 
 70	 80	 1920	 86	 1	 -1834	 
 70	 80	 1920	 86	 1	 -1834	 
 70	 80	 1920	 83	 1	 -1837	 
 70	 80	 1920	 85	 1	 -1835	 
 70	 80	 1920	 82	 1	 -1838	 
 70	 80	 1920	 85	 1	 -1835	 
 70	 80	 1920	 84	 1	 -1836	 
 70	 80	 1920	 82	 1	 -1838	 
 70	 80	 1920	 86	 1	 -1834	 
 70	 80	 1920	 83	 1	 -1837	 
 70	 80	 1920	 82	 1	 -1838	 
 70	 80	 1920	 83	 1	 -1837	 
 70	 80	 1920	 85	 1	 -1835	 
 70	 80	 1920	 81	 1	 -1839	 
 70	 80	 1920	 81	 1	 -1839	 
 70	 80	 1920	 84	 1	 -1836	 
 70	 80	 1920	 86	 1	 -1834	 
 70	 80	 1920	 85	 1	 -1835	 
 70	 80	 1920	 84	 1	 -1836	 
 70	 80	 1920	 84	 1	 -1836	 
 70	 80	 1920	 84	 1	 -1836	 
 70	 80	 1920	 83	 1	 -1837	 
 70	 80	 1920	 81	 1	 -1839	 
 70	 80	 1920	 84	 1	 -1836	 
 70	 80	 1920	 85	 1	 -1835	 
 70	 80	 1920	 85	 1	 -1835	 
 70	 80	 1920	 85	 1	 -1835	 
 70	 80	 1920	 81	 1	 -1839	 
 70	 80	 1920	 84	 1	 -1836	 
 70	 80	 1920	 82	 1	 -1838	 
 70	 80	 1920	 81	 1	 -1839	 
 70	 80	 1920	 85	 1	 -1835	 
 70	 80	 1920	 82	 1	 -1838	 
 70	 80	 1920	 83	 1	 -1837	 
 70	 80	 1920	 81	 1	 -1839	 
 70	 80	 1920	 83	 1	 -1837	 
 70	 80	 1920	 82	 1	 -1838	 
 70	 80	 1920	 82	 1	 -1838	 
 70	 80	 1920	 83	 1	 -1837	 
 70	 80	 1920	 84	 1	 -1836	 
 70	 80	 1920	 83	 1	 -1837	 
 70	 80	 1920	 81	 1	 -1839	 
 70	 80	 1920	 84	 1	 -1836	 
 70	 80	 1920	 81	 1	 -1839	 
 70	 80	 1920	 81	 1	 -1839	 
 70	 80	 1920	 84	 1	 -1836	 
 70	 80	 1920	 84	 1	 -1836	 
 70	 80	 1920	 86	 1	 -1834	 
 70	 80	 1920	 82	 1	 -1838	 
 70	 80	 1920	 84	 1	 -1836	 
 70	 80	 1920	 84	 1	 -1836	 
 70	 80	 1920	 81	 1	 -1839	 
 70	 80	 1920	 82	 1	 -1838	 
 70	 80	 1920	 83	 1	 -1837	 
 70	 80	 1920	 81	 1	 -1839	 
 70	 80	 1920	 81	 1	 -1839	 
 70	 80	 1920	 84	 1	 -1836	 
 70	 80	 1920	 84	 1	 -1836	 
 70	 80	 1920	 84	 1	 -1836	 
 70	 80	 1920	 82	 1	 -1838	 
 70	 80	 1920	 81	 1	 -1839	 
 70	 80	 1920	 81	 1	 -1839	 
 70	 80	 1920	 86	 1	 -1834	 
 70	 80	 1920	 83	 1	 -1837	 
 70	 80	 1920	 84	 1	 -1836	 
 70	 80	 1920	 86	 1	 -1834	 
 70	 80	 1920	 81	 1	 -1839	 
 70	 80	 1920	 82	 1	 -1838	 
 70	 80	 1920	 82	 1	 -1838	 
 70	 80	 1920	 82	 1	 -1838	 
 70	 80	 1920	 84	 1	 -1836	 
 70	 80	 1920	 85	 1	 -1835	 
 70	 80	 1920	 83	 1	 -1837	 
 70	 80	 1920	 82	 1	 -1838	 
 70	 80	 1920	 84	 1	 -1836	 
 70	 80	 1920	 84	 1	 -1836	 
 70	 80	 1920	 85	 1	 -1835	 
 70	 80	 1920	 85	 1	 -1835	 
 70	 80	 1920	 85	 1	 -1835	 
 70	 80	 1920	 85	 1	 -1835	 
 70	 80	 1920	 84	 1	 -1836	 
 70	 80	 1920	 85	 1	 -1835	 
 70	 80	 1920	 84	 1	 -1836	 
 70	 80	 1920	 85	 1	 -1835	 
 70	 80	 1920	 81	 1	 -1839	 
 70	 80	 1920	 84	 1	 -1836	 
 70	 80	 1920	 83	 1	 -1837	 
 70	 80	 1920	 82	 1	 -1838	 
 70	 80	 1920	 82	 1	 -1838	 
 70	 80	 1920	 86	 1	 -1834	 
 70	 80	 1920	 81	 1	 -1839	 
 70	 80	 1920	 81	 1	 -1839	 
 70	 80	 1920	 85	 1	 -1835	 
 70	 80	 1920	 84	 1	 -1836	 
 70	 80	 1920	 86	 1	 -1834	 
 70	 80	 1920	 82	 1	 -1838	 
 0	 0	 0	 0	 0	 0	 
 0	 0	 0	 0	 0	 0	 
 70	 80	 1920	 84	 1	 -1836	 
 70	 80	 1920	 83	 1	 -1837	 
 70	 80	 1920	 84	 1	 -1836	 
 70	 80	 1920	 83	 1	 -1837	 
 70	 80	 1920	 85	 1	 -1835	 
 70	 80	 1920	 82	 1	 -1838	 
 70	 80	 1920	 81	 1	 -1839	 
 70	 80	 1920	 85	 1	 -1835	 
 70	 80	 1920	 83	 1	 -1837	 
 70	 80	 1920	 81	 1	 -1839	 
 70	 80	 1920	 85	 1	 -1835	 
 70	 80	 1920	 86	 1	 -1834	 
 70	 80	 1920	 81	 1	 -1839	 
 70	 80	 1920	 82	 1	 -1838	 
 70	 80	 1920	 83	 1	 -1837	 
 70	 80	 1920	 83	 1	 -1837	 
 70	 80	 1920	 84	 1	 -1836	 
 70	 80	 1920	 81	 1	 -1839	 
 70	 80	 1920	 81	 1	 -1839	 
 70	 80	 1920	 84	 1	 -1836	 
 70	 80	 1920	 81	 1	 -1839	 
 70	 80	 1920	 83	 1	 -1837	 
 70	 80	 1920	 81	 1	 -1839	 
 70	 80	 1920	 81	 1	 -1839	 
 70	 80	 1920	 81	 1	 -1839	 
 70	 80	 1920	 81	 1	 -1839	 
 70	 80	 1920	 83	 1	 -1837	 
 70	 80	 1920	 84	 1	 -1836	 
 70	 80	 1920	 82	 1	 -1838	 
 70	 80	 1920	 86	 1	 -1834	 
 70	 80	 1920	 85	 1	 -1835	 
 70	 80	 1920	 83	 1	 -1837	 
 70	 80	 1920	 84	 1	 -1836	 
 70	 80	 1920	 84	 1	 -1836	 
 70	 80	 1920	 85	 1	 -1835	 
 70	 80	 1920	 84	 1	 -1836	 
 70	 80	 1920	 85	 1	 -1835	 
 70	 80	 1920	 85	 1	 -1835	 
 70	 80	 1920	 83	 1	 -1837	 
 70	 80	 1920	 86	 1	 -1834	 
 70	 80	 1920	 86	 1	 -1834	 
 70	 80	 1920	 81	 1	 -1839	 
 70	 80	 1920	 82	 1	 -1838	 
 70	 80	 1920	 82	 1	 -1838	 
 70	 80	 1920	 84	 1	 -1836	 
 70	 80	 1920	 85	 1	 -1835	 
 70	 80	 1920	 84	 1	 -1836	 
 70	 80	 1920	 83	 1	 -1837	 
 70	 80	 1920	 82	 1	 -1838	 
 70	 80	 1920	 85	 1	 -1835	 
 70	 80	 1920	 81	 1	 -1839	 
 70	 80	 1920	 83	 1	 -1837	 
 70	 80	 1920	 84	 1	 -1836	 
 70	 80	 1920	 83	 1	 -1837	 
 70	 80	 1920	 81	 1	 -1839	 
 70	 80	 1920	 84	 1	 -1836	 
 70	 80	 1920	 84	 1	 -1836	 
 70	 80	 1920	 84	 1	 -1836	 
 70	 80	 1920	 81	 1	 -1839	 
 70	 80	 1920	 84	 1	 -1836	 
 70	 80	 1920	 86	 1	 -1834	 
 70	 80	 1920	 83	 1	 -1837	 
 70	 80	 1920	 82	 1	 -1838	 
 70	 80	 1920	 82	 1	 -1838	 
 70	 80	 1920	 85	 1	 -1835	 
 70	 80	 1920	 85	 1	 -1835	 
 70	 80	 1920	 84	 1	 -1836	 
 70	 80	 1920	 84	 1	 -1836	 
 70	 80	 1920	 84	 1	 -1836	 
 70	 80	 1920	 81	 1	 -1839	 
 70	 80	 1920	 85	 1	 -1835	 
 70	 80	 1920	 81	 1	 -1839	 
 70	 80	 1920	 82	 1	 -1838	 
 70	 80	 1920	 83	 1	 -1837	 
 70	 80	 1920	 86	 1	 -1834	 
 70	 80	 1920	 86	 1	 -1834	 
 70	 80	 1920	 84	 1	 -1836	 
 70	 80	 1920	 83	 1	 -1837	 
 70	 80	 1920	 86	 1	 -1834	 
 70	 80	 1920	 85	 1	 -1835	 
 70	 80	 1920	 84	 1	 -1836	 
 70	 80	 1920	 81	 1	 -1839	 
 70	 80	 1920	 83	 1	 -1837	 
 70	 80	 1920	 86	 1	 -1834	 
 70	 80	 1920	 85	 1	 -1835	 
 70	 80	 1920	 82	 1	 -1838	 
 70	 80	 1920	 84	 1	 -1836	 
 70	 80	 1920	 83	 1	 -1837	 
 70	 80	 1920	 84	 1	 -1836	 
 70	 80	 1920	 82	 1	 -1838	 
 70	 80	 1920	 84	 1	 -1836	 
 70	 80	 1920	 82	 1	 -1838	 
 70	 80	 1920	 84	 1	 -1836	 
 70	 80	 1920	 83	 1	 -1837	 
 70	 80	 1920	 86	 1	 -1834	 
 70	 80	 1920	 81	 1	 -1839	 
 70	 80	 1920	 82	 1	 -1838	 
 70	 80	 1920	 84	 1	 -1836	 
 70	 80	 1920	 82	 1	 -1838	 
 0	 0	 0	 0	 0	 0	 
 0	 0	 0	 0	 0	 0	 
 68	 110	 1920	 131	 0	 -1789	 
 68	 110	 1920	 123	 0	 -1797	 
 68	 110	 1920	 124	 0	 -1796	 
 68	 110	 1920	 132	 0	 -1788	 
 68	 110	 1920	 112	 0	 -1808	 
 68	 110	 1920	 131	 0	 -1789	 
 68	 110	 1920	 129	 0	 -1791	 
 68	 110	 1920	 113	 0	 -1807	 
 68	 110	 1920	 120	 0	 -1800	 
 68	 110	 1920	 118	 0	 -1802	 
 68	 110	 1920	 115	 0	 -1805	 
 68	 110	 1920	 130	 0	 -1790	 
 68	 110	 1920	 132	 0	 -1788	 
 68	 110	 1920	 131	 0	 -1789	 
 68	 110	 1920	 112	 0	 -1808	 
 68	 110	 1920	 118	 0	 -1802	 
 68	 110	 1920	 131	 0	 -1789	 
 68	 110	 1920	 116	 0	 -1804	 
 68	 110	 1920	 121	 0	 -1799	 
 68	 110	 1920	 123	 0	 -1797	 
 68	 110	 1920	 125	 0	 -1795	 
 68	 110	 1920	 119	 0	 -1801	 
 68	 110	 1920	 130	 0	 -1790	 
 68	 110	 1920	 119	 0	 -1801	 
 68	 110	 1920	 119	 0	 -1801	 
 68	 110	 1920	 112	 0	 -1808	 
 68	 110	 1920	 124	 0	 -1796	 
 68	 110	 1920	 117	 0	 -1803	 
 68	 110	 1920	 117	 0	 -1803	 
 68	 110	 1920	 126	 0	 -1794	 
 68	 110	 1920	 119	 0	 -1801	 
 68	 110	 1920	 122	 0	 -1798	 
 68	 110	 1920	 114	 0	 -1806	 
 68	 110	 1920	 131	 0	 -1789	 
 68	 110	 1920	 128	 0	 -1792	 
 68	 110	 1920	 117	 0	 -1803	 
 68	 110	 1920	 122	 0	 -1798	 
 68	 110	 1920	 117	 0	 -1803	 
 68	 110	 1920	 130	 0	 -1790	 
 68	 110	 1920	 129	 0	 -1791	 
 68	 110	 1920	 126	 0	 -1794	 
 68	 110	 1920	 129	 0	 -1791	 
 68	 110	 1920	 114	 0	 -1806	 
 68	 110	 1920	 118	 0	 -1802	 
 68	 110	 1920	 125	 0	 -1795	 
 68	 110	 1920	 130	 0	 -1790	 
 68	 110	 1920	 112	 0	 -1808	 
 68	 110	 1920	 124	 0	 -1796	 
 68	 110	 1920	 116	 0	 -1804	 
 68	 110	 1920	 117	 0	 -1803	 
 68	 110	 1920	 116	 0	 -1804	 
 68	 110	 1920	 124	 0	 -1796	 
 68	 110	 1920	 118	 0	 -1802	 
 68	 110	 1920	 112	 0	 -1808	 
 68	 110	 1920	 112	 0	 -1808	 
 68	 110	 1920	 118	 0	 -1802	 
 68	 110	 1920	 118	 0	 -1802	 
 68	 110	 1920	 119	 0	 -1801	 
 68	 110	 1920	 124	 0	 -1796	 
 68	 110	 1920	 118	 0	 -1802	 
 68	 110	 1920	 122	 0	 -1798	 
 68	 110	 1920	 123	 0	 -1797	 
 68	 110	 1920	 123	 0	 -1797	 
 68	 110	 1920	 129	 0	 -1791	 
 68	 110	 1920	 124	 0	 -1796	 
 68	 110	 1920	 127	 0	 -1793	 
 68	 110	 1920	 113	 0	 -1807	 
 68	 110	 1920	 118	 0	 -1802	 
 68	 110	 1920	 117	 0	 -1803	 
 68	 110	 1920	 118	 0	 -1802	 
 68	 110	 1920	 130	 0	 -1790	 
 68	 110	 1920	 114	 0	 -1806	 
 68	 110	 1920	 125	 0	 -1795	 
 68	 110	 1920	 123	 0	 -1797	 
 68	 110	 1920	 122	 0	 -1798	 
 68	 110	 1920	 124	 0	 -1796	 
 68	 110	 1920	 130	 0	 -1790	 
 68	 110	 1920	 116	 0	 -1804	 
 68	 110	 1920	 124	 0	 -1796	 
 68	 110	 1920	 114	 0	 -1806	 
 68	 110	 1920	 114	 0	 -1806	 
 68	 110	 1920	 114	 0	 -1806	 
 68	 110	 1920	 132	 0	 -1788	 
 68	 110	 1920	 129	 0	 -1791	 
 68	 110	 1920	 114	 0	 -1806	 
 68	 110	 1920	 114	 0	 -1806	 
 68	 110	 1920	 128	 0	 -1792	 
 68	 110	 1920	 132	 0	 -1788	 
 68	 110	 1920	 123	 0	 -1797	 
 68	 110	 1920	 121	 0	 -1799	 
 68	 110	 1920	 126	 0	 -1794	 
 68	 110	 1920	 132	 0	 -1788	 
 68	 110	 1920	 124	 0	 -1796	 
 68	 110	 1920	 130	 0	 -1790	 
 68	 110	 1920	 122	 0	 -1798	 
 68	 110	 1920	 116	 0	 -1804	 
 68	 110	 1920	 115	 0	 -1805	 
 68	 110	 1920	 119	 0	 -1801	 
 68	 110	 1920	 123	 0	 -1797	 
 0	 0	 0	 0	 0	 0	 
 0	 0	 0	 0	 0	 0	 
 70	 80	 1920	 84	 1	 -1836	 
 70	 80	 1920	 85	 1	 -1835	 
 70	 80	 1920	 84	 1	 -1836	 
 70	 80	 1920	 84	 1	 -1836	 
 70	 80	 1920	 84	 1	 -1836	 
 70	 80	 1920	 83	 1	 -1837	 
 70	 80	 1920	 81	 1	 -1839	 
 70	 80	 1920	 84	 1	 -1836	 
 70	 80	 1920	 85	 1	 -1835	 
 70	 80	 1920	 83	 1	 -1837	 
 70	 80	 1920	 82	 1	 -1838	 
 70	 80	 1920	 84	 1	 -1836	 
 70	 80	 1920	 83	 1	 -1837	 
 70	 80	 1920	 84	 1	 -1836	 
 70	 80	 1920	 85	 1	 -1835	 
 70	 80	 1920	 84	 1	 -1836	 
 70	 80	 1920	 86	 1	 -1834	 
 70	 80	 1920	 84	 1	 -1836	 
 70	 80	 1920	 81	 1	 -1839	 
 70	 80	 1920	 84	 1	 -1836	 
 70	 80	 1920	 86	 1	 -1834	 
 70	 80	 1920	 81	 1	 -1839	 
 70	 80	 1920	 82	 1	 -1838	 
 70	 80	 1920	 82	 1	 -1838	 
 70	 80	 1920	 86	 1	 -1834	 
 70	 80	 1920	 85	 1	 -1835	 
 70	 80	 1920	 82	 1	 -1838	 
 70	 80	 1920	 85	 1	 -1835	 
 70	 80	 1920	 84	 1	 -1836	 
 70	 80	 1920	 83	 1	 -1837	 
 70	 80	 1920	 81	 1	 -1839	 
 70	 80	 1920	 85	 1	 -1835	 
 70	 80	 1920	 83	 1	 -1837	 
 70	 80	 1920	 85	 1	 -1835	 
 70	 80	 1920	 86	 1	 -1834	 
 70	 80	 1920	 85	 1	 -1835	 
 70	 80	 1920	 81	 1	 -1839	 
 70	 80	 1920	 85	 1	 -1835	 
 70	 80	 1920	 86	 1	 -1834	 
 70	 80	 1920	 85	 1	 -1835	 
 70	 80	 1920	 84	 1	 -1836	 
 70	 80	 1920	 83	 1	 -1837	 
 70	 80	 1920	 85	 1	 -1835	 
 70	 80	 1920	 85	 1	 -1835	 
 70	 80	 1920	 85	 1	 -1835	 
 70	 80	 1920	 85	 1	 -1835	 
 70	 80	 1920	 85	 1	 -1835	 
 70	 80	 1920	 82	 1	 -1838	 
 70	 80	 1920	 84	 1	 -1836	 
 70	 80	 1920	 84	 1	 -1836	 
 70	 80	 1920	 84	 1	 -1836	 
 70	 80	 1920	 81	 1	 -1839	 
 70	 80	 1920	 82	 1	 -1838	 
 70	 80	 1920	 85	 1	 -1835	 
 70	 80	 1920	 84	 1	 -1836	 
 70	 80	 1920	 82	 1	 -1838	 
 70	 80	 1920	 84	 1	 -1836	 
 70	 80	 1920	 86	 1	 -1834	 
 70	 80	 1920	 86	 1	 -1834	 
 70	 80	 1920	 84	 1	 -1836	 
 70	 80	 1920	 83	 1	 -1837	 
 70	 80	 1920	 84	 1	 -1836	 
 70	 80	 1920	 82	 1	 -1838	 
 70	 80	 1920	 86	 1	 -1834	 
 70	 80	 1920	 82	 1	 -1838	 
 70	 80	 1920	 84	 1	 -1836	 
 70	 80	 1920	 83	 1	 -1837	 
 70	 80	 1920	 83	 1	 -1837	 
 70	 80	 1920	 83	 1	 -1837	 
 70	 80	 1920	 81	 1	 -1839	 
 70	 80	 1920	 85	 1	 -1835	 
 70	 80	 1920	 82	 1	 -1838	 
 70	 80	 1920	 83	 1	 -1837	 
 70	 80	 1920	 81	 1	 -1839	 
 70	 80	 1920	 85	 1	 -1835	 
 70	 80	 1920	 86	 1	 -1834	 
 70	 80	 1920	 83	 1	 -1837	 
 70	 80	 1920	 81	 1	 -1839	 
 70	 80	 1920	 81	 1	 -1839	 
 70	 80	 1920	 84	 1	 -1836	 
 70	 80	 1920	 82	 1	 -1838	 
 70	 80	 1920	 82	 1	 -1838	 
 70	 80	 1920	 82	 1	 -1838	 
 70	 80	 1920	 82	 1	 -1838	 
 70	 80	 1920	 83	 1	 -1837	 
 70	 80	 1920	 83	 1	 -1837	 
 70	 80	 1920	 81	 1	 -1839	 
 70	 80	 1920	 83	 1	 -1837	 
 70	 80	 1920	 81	 1	 -1839	 
 70	 80	 1920	 81	 1	 -1839	 
 70	 80	 1920	 82	 1	 -1838	 
 70	 80	 1920	 86	 1	 -1834	 
 70	 80	 1920	 81	 1	 -1839	 
 70	 80	 1920	 81	 1	 -1839	 
 70	 80	 1920	 85	 1	 -1835	 
 70	 80	 1920	 84	 1	 -1836	 
 70	 80	 1920	 85	 1	 -1835	 
 70	 80	 1920	 83	 1	 -1837	 
 70	 80	 1920	 85	 1	 -1835	 
 0	 0	 0	 0	 0	 0	 
 0	 0	 0	 0	 0	 0	 
 69	 119	 1920	 120	 1	 -1800	 
 69	 119	 1920	 128	 1	 -1792	 
 69	 119	 1920	 144	 1	 -1776	 
 69	 119	 1920	 136	 1	 -1784	 
 69	 119	 1920	 141	 1	 -1779	 
 69	 119	 1920	 137	 1	 -1783	 
 69	 119	 1920	 133	 1	 -1787	 
 69	 119	 1920	 139	 1	 -1781	 
 69	 119	 1920	 122	 1	 -1798	 
 69	 119	 1920	 128	 1	 -1792	 
 69	 119	 1920	 121	 1	 -1799	 
 69	 119	 1920	 128	 1	 -1792	 
 69	 119	 1920	 137	 1	 -1783	 
 69	 119	 1920	 138	 1	 -1782	 
 69	 119	 1920	 144	 1	 -1776	 
 69	 119	 1920	 135	 1	 -1785	 
 69	 119	 1920	 125	 1	 -1795	 
 69	 119	 1920	 141	 1	 -1779	 
 69	 119	 1920	 121	 1	 -1799	 
 69	 119	 1920	 138	 1	 -1782	 
 69	 119	 1920	 139	 1	 -1781	 
 69	 119	 1920	 144	 1	 -1776	 
 69	 119	 1920	 140	 1	 -1780	 
 69	 119	 1920	 139	 1	 -1781	 
 69	 119	 1920	 136	 1	 -1784	 
 69	 119	 1920	 137	 1	 -1783	 
 69	 119	 1920	 121	 1	 -1799	 
 69	 119	 1920	 123	 1	 -1797	 
 69	 119	 1920	 131	 1	 -1789	 
 69	 119	 1920	 133	 1	 -1787	 
 69	 119	 1920	 142	 1	 -1778	 
 69	 119	 1920	 131	 1	 -1789	 
 69	 119	 1920	 141	 1	 -1779	 
 69	 119	 1920	 133	 1	 -1787	 
 69	 119	 1920	 132	 1	 -1788	 
 69	 119	 1920	 139	 1	 -1781	 
 69	 119	 1920	 143	 1	 -1777	 
 69	 119	 1920	 129	 1	 -1791	 
 69	 119	 1920	 142	 1	 -1778	 
 69	 119	 1920	 132	 1	 -1788	 
 69	 119	 1920	 120	 1	 -1800	 
 69	 119	 1920	 124	 1	 -1796	 
 69	 119	 1920	 120	 1	 -1800	 
 69	 119	 1920	 136	 1	 -1784	 
 69	 119	 1920	 139	 1	 -1781	 
 69	 119	 1920	 143	 1	 -1777	 
 69	 119	 1920	 127	 1	 -1793	 
 69	 119	 1920	 125	 1	 -1795	 
 69	 119	 1920	 126	 1	 -1794	 
 69	 119	 1920	 144	 1	 -1776	 
 69	 119	 1920	 143	 1	 -1777	 
 69	 119	 1920	 122	 1	 -1798	 
 69	 119	 1920	 128	 1	 -1792	 
 69	 119	 1920	 138	 1	 -1782	 
 69	 119	 1920	 139	 1	 -1781	 
 69	 119	 1920	 131	 1	 -1789	 
 69	 119	 1920	 126	 1	 -1794	 
 69	 119	 1920	 133	 1	 -1787	 
 69	 119	 1920	 141	 1	 -1779	 
 69	 119	 1920	 121	 1	 -1799	 
 69	 119	 1920	 123	 1	 -1797	 
 69	 119	 1920	 138	 1	 -1782	 
 69	 119	 1920	 121	 1	 -1799	 
 69	 119	 1920	 126	 1	 -1794	 
 69	 119	 1920	 139	 1	 -1781	 
 69	 119	 1920	 129	 1	 -1791	 
 69	 119	 1920	 135	 1	 -1785	 
 69	 119	 1920	 125	 1	 -1795	 
 69	 119	 1920	 129	 1	 -1791	 
 69	 119	 1920	 139	 1	 -1781	 
 69	 119	 1920	 131	 1	 -1789	 
 69	 119	 1920	 138	 1	 -1782	 
 69	 119	 1920	 122	 1	 -1798	 
 69	 119	 1920	 127	 1	 -1793	 
 69	 119	 1920	 136	 1	 -1784	 
 69	 119	 1920	 123	 1	 -1797	 
 69	 119	 1920	 126	 1	 -1794	 
 69	 119	 1920	 139	 1	 -1781	 
 69	 119	 1920	 145	 1	 -1775	 
 69	 119	 1920	 127	 1	 -1793	 
 69	 119	 1920	 122	 1	 -1798	 
 69	 119	 1920	 128	 1	 -1792	 
 69	 119	 1920	 120	 1	 -1800	 
 69	 119	 1920	 125	 1	 -1795	 
 69	 119	 1920	 127	 1	 -1793	 
 69	 119	 1920	 126	 1	 -1794	 
 69	 119	 1920	 136	 1	 -1784	 
 69	 119	 1920	 139	 1	 -1781	 
 69	 119	 1920	 131	 1	 -1789	 
 69	 119	 1920	 126	 1	 -1794	 
 69	 119	 1920	 121	 1	 -1799	 
 69	 119	 1920	 134	 1	 -1786	 
 69	 119	 1920	 121	 1	 -1799	 
 69	 119	 1920	 129	 1	 -1791	 
 69	 119	 1920	 132	 1	 -1788	 
 69	 119	 1920	 138	 1	 -1782	 
 69	 119	 1920	 139	 1	 -1781	 
 69	 119	 1920	 135	 1	 -1785	 
 69	 119	 1920	 122	 1	 -1798	 
 0	 0	 0	 0	 0	 0	 
 0	 0	 0	 0	 0	 0	 
 70	 80	 1920	 81	 1	 -1839	 
 70	 80	 1920	 81	 1	 -1839	 
 70	 80	 1920	 84	 1	 -1836	 
 70	 80	 1920	 86	 1	 -1834	 
 70	 80	 1920	 81	 1	 -1839	 
 70	 80	 1920	 83	 1	 -1837	 
 70	 80	 1920	 86	 1	 -1834	 
 70	 80	 1920	 81	 1	 -1839	 
 70	 80	 1920	 83	 1	 -1837	 
 70	 80	 1920	 81	 1	 -1839	 
 70	 80	 1920	 81	 1	 -1839	 
 70	 80	 1920	 85	 1	 -1835	 
 70	 80	 1920	 81	 1	 -1839	 
 70	 80	 1920	 83	 1	 -1837	 
 70	 80	 1920	 83	 1	 -1837	 
 70	 80	 1920	 81	 1	 -1839	 
 70	 80	 1920	 82	 1	 -1838	 
 70	 80	 1920	 86	 1	 -1834	 
 70	 80	 1920	 83	 1	 -1837	 
 70	 80	 1920	 81	 1	 -1839	 
 70	 80	 1920	 85	 1	 -1835	 
 70	 80	 1920	 81	 1	 -1839	 
 70	 80	 1920	 85	 1	 -1835	 
 70	 80	 1920	 84	 1	 -1836	 
 70	 80	 1920	 82	 1	 -1838	 
 70	 80	 1920	 84	 1	 -1836	 
 70	 80	 1920	 83	 1	 -1837	 
 70	 80	 1920	 85	 1	 -1835	 
 70	 80	 1920	 85	 1	 -1835	 
 70	 80	 1920	 84	 1	 -1836	 
 70	 80	 1920	 84	 1	 -1836	 
 70	 80	 1920	 85	 1	 -1835	 
 70	 80	 1920	 84	 1	 -1836	 
 70	 80	 1920	 81	 1	 -1839	 
 70	 80	 1920	 82	 1	 -1838	 
 70	 80	 1920	 83	 1	 -1837	 
 70	 80	 1920	 81	 1	 -1839	 
 70	 80	 1920	 85	 1	 -1835	 
 70	 80	 1920	 85	 1	 -1835	 
 70	 80	 1920	 82	 1	 -1838	 
 70	 80	 1920	 82	 1	 -1838	 
 70	 80	 1920	 83	 1	 -1837	 
 70	 80	 1920	 85	 1	 -1835	 
 70	 80	 1920	 82	 1	 -1838	 
 70	 80	 1920	 84	 1	 -1836	 
 70	 80	 1920	 85	 1	 -1835	 
 70	 80	 1920	 82	 1	 -1838	 
 70	 80	 1920	 81	 1	 -1839	 
 70	 80	 1920	 84	 1	 -1836	 
 70	 80	 1920	 83	 1	 -1837	 
 70	 80	 1920	 81	 1	 -1839	 
 70	 80	 1920	 85	 1	 -1835	 
 70	 80	 1920	 83	 1	 -1837	 
 70	 80	 1920	 83	 1	 -1837	 
 70	 80	 1920	 83	 1	 -1837	 
 70	 80	 1920	 84	 1	 -1836	 
 70	 80	 1920	 85	 1	 -1835	 
 70	 80	 1920	 82	 1	 -1838	 
 70	 80	 1920	 84	 1	 -1836	 
 70	 80	 1920	 83	 1	 -1837	 
 70	 80	 1920	 82	 1	 -1838	 
 70	 80	 1920	 82	 1	 -1838	 
 70	 80	 1920	 84	 1	 -1836	 
 70	 80	 1920	 84	 1	 -1836	 
 70	 80	 1920	 86	 1	 -1834	 
 70	 80	 1920	 86	 1	 -1834	 
 70	 80	 1920	 83	 1	 -1837	 
 70	 80	 1920	 85	 1	 -1835	 
 70	 80	 1920	 84	 1	 -1836	 
 70	 80	 1920	 82	 1	 -1838	 
 70	 80	 1920	 83	 1	 -1837	 
 70	 80	 1920	 81	 1	 -1839	 
 70	 80	 1920	 84	 1	 -1836	 
 70	 80	 1920	 81	 1	 -1839	 
 70	 80	 1920	 85	 1	 -1835	 
 70	 80	 1920	 82	 1	 -1838	 
 70	 80	 1920	 81	 1	 -1839	 
 70	 80	 1920	 84	 1	 -1836	 
 70	 80	 1920	 83	 1	 -1837	 
 70	 80	 1920	 85	 1	 -1835	 
 70	 80	 1920	 84	 1	 -1836	 
 70	 80	 1920	 82	 1	 -1838	 
 70	 80	 1920	 85	 1	 -1835	 
 70	 80	 1920	 84	 1	 -1836	 
 70	 80	 1920	 86	 1	 -1834	 
 70	 80	 1920	 85	 1	 -1835	 
 70	 80	 1920	 81	 1	 -1839	 
 70	 80	 1920	 83	 1	 -1837	 
 70	 80	 1920	 85	 1	 -1835	 
 70	 80	 1920	 82	 1	 -1838	 
 70	 80	 1920	 82	 1	 -1838	 
 70	 80	 1920	 85	 1	 -1835	 
 70	 80	 1920	 85	 1	 -1835	 
 70	 80	 1920	 84	 1	 -1836	 
 70	 80	 1920	 84	 1	 -1836	 
 70	 80	 1920	 81	 1	 -1839	 
 70	 80	 1920	 83	 1	 -1837	 
 70	 80	 1920	 85	 1	 -1835	 
 70	 80	 1920	 84	 1	 -1836	 
 0	 0	 0	 0	 0	 0	 
 0	 0	 0	 0	 0	 0	 
 70	 80	 1920	 82	 1	 -1838	 
 70	 80	 1920	 82	 1	 -1838	 
 70	 80	 1920	 81	 1	 -1839	 
 70	 80	 1920	 85	 1	 -1835	 
 70	 80	 1920	 85	 1	 -1835	 
 70	 80	 1920	 84	 1	 -1836	 
 70	 80	 1920	 83	 1	 -1837	 
 70	 80	 1920	 82	 1	 -1838	 
 70	 80	 1920	 82	 1	 -1838	 
 70	 80	 1920	 83	 1	 -1837	 
 70	 80	 1920	 82	 1	 -1838	 
 70	 80	 1920	 83	 1	 -1837	 
 70	 80	 1920	 83	 1	 -1837	 
 70	 80	 1920	 84	 1	 -1836	 
 70	 80	 1920	 82	 1	 -1838	 
 70	 80	 1920	 83	 1	 -1837	 
 70	 80	 1920	 84	 1	 -1836	 
 70	 80	 1920	 84	 1	 -1836	 
 70	 80	 1920	 85	 1	 -1835	 
 70	 80	 1920	 85	 1	 -1835	 
 70	 80	 1920	 85	 1	 -1835	 
 70	 80	 1920	 84	 1	 -1836	 
 70	 80	 1920	 86	 1	 -1834	 
 70	 80	 1920	 82	 1	 -1838	 
 70	 80	 1920	 86	 1	 -1834	 
 70	 80	 1920	 83	 1	 -1837	 
 70	 80	 1920	 85	 1	 -1835	 
 70	 80	 1920	 86	 1	 -1834	 
 70	 80	 1920	 84	 1	 -1836	 
 70	 80	 1920	 82	 1	 -1838	 
 70	 80	 1920	 84	 1	 -1836	 
 70	 80	 1920	 84	 1	 -1836	 
 70	 80	 1920	 83	 1	 -1837	 
 70	 80	 1920	 81	 1	 -1839	 
 70	 80	 1920	 84	 1	 -1836	 
 70	 80	 1920	 84	 1	 -1836	 
 70	 80	 1920	 85	 1	 -1835	 
 70	 80	 1920	 86	 1	 -1834	 
 70	 80	 1920	 84	 1	 -1836	 
 70	 80	 1920	 83	 1	 -1837	 
 70	 80	 1920	 84	 1	 -1836	 
 70	 80	 1920	 85	 1	 -1835	 
 70	 80	 1920	 85	 1	 -1835	 
 70	 80	 1920	 83	 1	 -1837	 
 70	 80	 1920	 83	 1	 -1837	 
 70	 80	 1920	 81	 1	 -1839	 
 70	 80	 1920	 83	 1	 -1837	 
 70	 80	 1920	 83	 1	 -1837	 
 70	 80	 1920	 83	 1	 -1837	 
 70	 80	 1920	 85	 1	 -1835	 
 70	 80	 1920	 82	 1	 -1838	 
 70	 80	 1920	 82	 1	 -1838	 
 70	 80	 1920	 86	 1	 -1834	 
 70	 80	 1920	 81	 1	 -1839	 
 70	 80	 1920	 81	 1	 -1839	 
 70	 80	 1920	 85	 1	 -1835	 
 70	 80	 1920	 81	 1	 -1839	 
 70	 80	 1920	 81	 1	 -1839	 
 70	 80	 1920	 81	 1	 -1839	 
 70	 80	 1920	 84	 1	 -1836	 
 70	 80	 1920	 84	 1	 -1836	 
 70	 80	 1920	 84	 1	 -1836	 
 70	 80	 1920	 83	 1	 -1837	 
 70	 80	 1920	 82	 1	 -1838	 
 70	 80	 1920	 86	 1	 -1834	 
 70	 80	 1920	 82	 1	 -1838	 
 70	 80	 1920	 85	 1	 -1835	 
 70	 80	 1920	 84	 1	 -1836	 
 70	 80	 1920	 83	 1	 -1837	 
 70	 80	 1920	 85	 1	 -1835	 
 70	 80	 1920	 84	 1	 -1836	 
 70	 80	 1920	 84	 1	 -1836	 
 70	 80	 1920	 86	 1	 -1834	 
 70	 80	 1920	 84	 1	 -1836	 
 70	 80	 1920	 82	 1	 -1838	 
 70	 80	 1920	 85	 1	 -1835	 
 70	 80	 1920	 86	 1	 -1834	 
 70	 80	 1920	 83	 1	 -1837	 
 70	 80	 1920	 82	 1	 -1838	 
 70	 80	 1920	 82	 1	 -1838	 
 70	 80	 1920	 82	 1	 -1838	 
 70	 80	 1920	 84	 1	 -1836	 
 70	 80	 1920	 86	 1	 -1834	 
 70	 80	 1920	 82	 1	 -1838	 
 70	 80	 1920	 83	 1	 -1837	 
 70	 80	 1920	 82	 1	 -1838	 
 70	 80	 1920	 86	 1	 -1834	 
 70	 80	 1920	 84	 1	 -1836	 
 70	 80	 1920	 85	 1	 -1835	 
 70	 80	 1920	 82	 1	 -1838	 
 70	 80	 1920	 82	 1	 -1838	 
 70	 80	 1920	 86	 1	 -1834	 
 70	 80	 1920	 82	 1	 -1838	 
 70	 80	 1920	 86	 1	 -1834	 
 70	 80	 1920	 82	 1	 -1838	 
 70	 80	 1920	 84	 1	 -1836	 
 70	 80	 1920	 84	 1	 -1836	 
 70	 80	 1920	 83	 1	 -1837	 
 70	 80	 1920	 82	 1	 -1838	 
 0	 0	 0	 0	 0	 0	 
 0	 0	 0	 0	 0	 0	 
 70	 80	 1920	 83	 1	 -1837	 
 70	 80	 1920	 83	 1	 -1837	 
 70	 80	 1920	 84	 1	 -1836	 
 70	 80	 1920	 83	 1	 -1837	 
 70	 80	 1920	 81	 1	 -1839	 
 70	 80	 1920	 81	 1	 -1839	 
 70	 80	 1920	 82	 1	 -1838	 
 70	 80	 1920	 82	 1	 -1838	 
 70	 80	 1920	 82	 1	 -1838	 
 70	 80	 1920	 82	 1	 -1838	 
 70	 80	 1920	 82	 1	 -1838	 
 70	 80	 1920	 83	 1	 -1837	 
 70	 80	 1920	 85	 1	 -1835	 
 70	 80	 1920	 82	 1	 -1838	 
 70	 80	 1920	 85	 1	 -1835	 
 70	 80	 1920	 85	 1	 -1835	 
 70	 80	 1920	 84	 1	 -1836	 
 70	 80	 1920	 84	 1	 -1836	 
 70	 80	 1920	 81	 1	 -1839	 
 70	 80	 1920	 85	 1	 -1835	 
 70	 80	 1920	 83	 1	 -1837	 
 70	 80	 1920	 85	 1	 -1835	 
 70	 80	 1920	 85	 1	 -1835	 
 70	 80	 1920	 82	 1	 -1838	 
 70	 80	 1920	 85	 1	 -1835	 
 70	 80	 1920	 83	 1	 -1837	 
 70	 80	 1920	 84	 1	 -1836	 
 70	 80	 1920	 85	 1	 -1835	 
 70	 80	 1920	 81	 1	 -1839	 
 70	 80	 1920	 82	 1	 -1838	 
 70	 80	 1920	 85	 1	 -1835	 
 70	 80	 1920	 81	 1	 -1839	 
 70	 80	 1920	 85	 1	 -1835	 
 70	 80	 1920	 86	 1	 -1834	 
 70	 80	 1920	 85	 1	 -1835	 
 70	 80	 1920	 86	 1	 -1834	 
 70	 80	 1920	 83	 1	 -1837	 
 70	 80	 1920	 82	 1	 -1838	 
 70	 80	 1920	 81	 1	 -1839	 
 70	 80	 1920	 84	 1	 -1836	 
 70	 80	 1920	 82	 1	 -1838	 
 70	 80	 1920	 86	 1	 -1834	 
 70	 80	 1920	 83	 1	 -1837	 
 70	 80	 1920	 85	 1	 -1835	 
 70	 80	 1920	 85	 1	 -1835	 
 70	 80	 1920	 86	 1	 -1834	 
 70	 80	 1920	 85	 1	 -1835	 
 70	 80	 1920	 83	 1	 -1837	 
 70	 80	 1920	 82	 1	 -1838	 
 70	 80	 1920	 83	 1	 -1837	 
 70	 80	 1920	 81	 1	 -1839	 
 70	 80	 1920	 86	 1	 -1834	 
 70	 80	 1920	 86	 1	 -1834	 
 70	 80	 1920	 82	 1	 -1838	 
 70	 80	 1920	 85	 1	 -1835	 
 70	 80	 1920	 83	 1	 -1837	 
 70	 80	 1920	 82	 1	 -1838	 
 70	 80	 1920	 85	 1	 -1835	 
 70	 80	 1920	 83	 1	 -1837	 
 70	 80	 1920	 84	 1	 -1836	 
 70	 80	 1920	 81	 1	 -1839	 
 70	 80	 1920	 85	 1	 -1835	 
 70	 80	 1920	 82	 1	 -1838	 
 70	 80	 1920	 83	 1	 -1837	 
 70	 80	 1920	 85	 1	 -1835	 
 70	 80	 1920	 85	 1	 -1835	 
 70	 80	 1920	 85	 1	 -1835	 
 70	 80	 1920	 81	 1	 -1839	 
 70	 80	 1920	 85	 1	 -1835	 
 70	 80	 1920	 81	 1	 -1839	 
 70	 80	 1920	 81	 1	 -1839	 
 70	 80	 1920	 84	 1	 -1836	 
 70	 80	 1920	 83	 1	 -1837	 
 70	 80	 1920	 85	 1	 -1835	 
 70	 80	 1920	 84	 1	 -1836	 
 70	 80	 1920	 81	 1	 -1839	 
 70	 80	 1920	 85	 1	 -1835	 
 70	 80	 1920	 84	 1	 -1836	 
 70	 80	 1920	 86	 1	 -1834	 
 70	 80	 1920	 86	 1	 -1834	 
 70	 80	 1920	 85	 1	 -1835	 
 70	 80	 1920	 85	 1	 -1835	 
 70	 80	 1920	 86	 1	 -1834	 
 70	 80	 1920	 82	 1	 -1838	 
 70	 80	 1920	 82	 1	 -1838	 
 70	 80	 1920	 85	 1	 -1835	 
 70	 80	 1920	 82	 1	 -1838	 
 70	 80	 1920	 85	 1	 -1835	 
 70	 80	 1920	 81	 1	 -1839	 
 70	 80	 1920	 84	 1	 -1836	 
 70	 80	 1920	 81	 1	 -1839	 
 70	 80	 1920	 84	 1	 -1836	 
 70	 80	 1920	 85	 1	 -1835	 
 70	 80	 1920	 86	 1	 -1834	 
 70	 80	 1920	 83	 1	 -1837	 
 70	 80	 1920	 83	 1	 -1837	 
 70	 80	 1920	 85	 1	 -1835	 
 70	 80	 1920	 84	 1	 -1836	 
 70	 80	 1920	 85	 1	 -1835	 
 0	 0	 0	 0	 0	 0	 
 0	 0	 0	 0	 0	 0	 
 68	 110	 1920	 126	 0	 -1794	 
 68	 110	 1920	 127	 0	 -1793	 
 68	 110	 1920	 120	 0	 -1800	 
 68	 110	 1920	 130	 0	 -1790	 
 68	 110	 1920	 126	 0	 -1794	 
 68	 110	 1920	 122	 0	 -1798	 
 68	 110	 1920	 131	 0	 -1789	 
 68	 110	 1920	 120	 0	 -1800	 
 68	 110	 1920	 113	 0	 -1807	 
 68	 110	 1920	 125	 0	 -1795	 
 68	 110	 1920	 127	 0	 -1793	 
 68	 110	 1920	 131	 0	 -1789	 
 68	 110	 1920	 116	 0	 -1804	 
 68	 110	 1920	 130	 0	 -1790	 
 68	 110	 1920	 112	 0	 -1808	 
 68	 110	 1920	 119	 0	 -1801	 
 68	 110	 1920	 122	 0	 -1798	 
 68	 110	 1920	 128	 0	 -1792	 
 68	 110	 1920	 118	 0	 -1802	 
 68	 110	 1920	 120	 0	 -1800	 
 68	 110	 1920	 130	 0	 -1790	 
 68	 110	 1920	 129	 0	 -1791	 
 68	 110	 1920	 127	 0	 -1793	 
 68	 110	 1920	 113	 0	 -1807	 
 68	 110	 1920	 114	 0	 -1806	 
 68	 110	 1920	 120	 0	 -1800	 
 68	 110	 1920	 123	 0	 -1797	 
 68	 110	 1920	 122	 0	 -1798	 
 68	 110	 1920	 114	 0	 -1806	 
 68	 110	 1920	 131	 0	 -1789	 
 68	 110	 1920	 119	 0	 -1801	 
 68	 110	 1920	 112	 0	 -1808	 
 68	 110	 1920	 119	 0	 -1801	 
 68	 110	 1920	 132	 0	 -1788	 
 68	 110	 1920	 115	 0	 -1805	 
 68	 110	 1920	 114	 0	 -1806	 
 68	 110	 1920	 123	 0	 -1797	 
 68	 110	 1920	 112	 0	 -1808	 
 68	 110	 1920	 124	 0	 -1796	 
 68	 110	 1920	 112	 0	 -1808	 
 68	 110	 1920	 125	 0	 -1795	 
 68	 110	 1920	 120	 0	 -1800	 
 68	 110	 1920	 116	 0	 -1804	 
 68	 110	 1920	 128	 0	 -1792	 
 68	 110	 1920	 121	 0	 -1799	 
 68	 110	 1920	 123	 0	 -1797	 
 68	 110	 1920	 129	 0	 -1791	 
 68	 110	 1920	 123	 0	 -1797	 
 68	 110	 1920	 123	 0	 -1797	 
 68	 110	 1920	 121	 0	 -1799	 
 68	 110	 1920	 131	 0	 -1789	 
 68	 110	 1920	 124	 0	 -1796	 
 68	 110	 1920	 132	 0	 -1788	 
 68	 110	 1920	 124	 0	 -1796	 
 68	 110	 1920	 117	 0	 -1803	 
 68	 110	 1920	 116	 0	 -1804	 
 68	 110	 1920	 127	 0	 -1793	 
 68	 110	 1920	 113	 0	 -1807	 
 68	 110	 1920	 118	 0	 -1802	 
 68	 110	 1920	 114	 0	 -1806	 
 68	 110	 1920	 114	 0	 -1806	 
 68	 110	 1920	 127	 0	 -1793	 
 68	 110	 1920	 116	 0	 -1804	 
 68	 110	 1920	 126	 0	 -1794	 
 68	 110	 1920	 121	 0	 -1799	 
 68	 110	 1920	 129	 0	 -1791	 
 68	 110	 1920	 122	 0	 -1798	 
 68	 110	 1920	 121	 0	 -1799	 
 68	 110	 1920	 127	 0	 -1793	 
 68	 110	 1920	 129	 0	 -1791	 
 68	 110	 1920	 119	 0	 -1801	 
 68	 110	 1920	 111	 0	 -1809	 
 68	 110	 1920	 119	 0	 -1801	 
 68	 110	 1920	 111	 0	 -1809	 
 68	 110	 1920	 117	 0	 -1803	 
 68	 110	 1920	 121	 0	 -1799	 
 68	 110	 1920	 126	 0	 -1794	 
 68	 110	 1920	 120	 0	 -1800	 
 68	 110	 1920	 120	 0	 -1800	 
 68	 110	 1920	 130	 0	 -1790	 
 68	 110	 1920	 129	 0	 -1791	 
 68	 110	 1920	 125	 0	 -1795	 
 68	 110	 1920	 131	 0	 -1789	 
 68	 110	 1920	 121	 0	 -1799	 
 68	 110	 1920	 118	 0	 -1802	 
 68	 110	 1920	 117	 0	 -1803	 
 68	 110	 1920	 127	 0	 -1793	 
 68	 110	 1920	 121	 0	 -1799	 
 68	 110	 1920	 123	 0	 -1797	 
 68	 110	 1920	 115	 0	 -1805	 
 68	 110	 1920	 122	 0	 -1798	 
 68	 110	 1920	 117	 0	 -1803	 
 68	 110	 1920	 125	 0	 -1795	 
 68	 110	 1920	 123	 0	 -1797	 
 68	 110	 1920	 129	 0	 -1791	 
 68	 110	 1920	 128	 0	 -1792	 
 68	 110	 1920	 126	 0	 -1794	 
 68	 110	 1920	 114	 0	 -1806	 
 68	 110	 1920	 123	 0	 -1797	 
 0	 0	 0	 0	 0	 0	 
 0	 0	 0	 0	 0	 0	 
 70	 80	 1920	 85	 1	 -1835	 
 70	 80	 1920	 85	 1	 -1835	 
 70	 80	 1920	 83	 1	 -1837	 
 70	 80	 1920	 81	 1	 -1839	 
 70	 80	 1920	 81	 1	 -1839	 
 70	 80	 1920	 86	 1	 -1834	 
 70	 80	 1920	 86	 1	 -1834	 
 70	 80	 1920	 82	 1	 -1838	 
 70	 80	 1920	 81	 1	 -1839	 
 70	 80	 1920	 86	 1	 -1834	 
 70	 80	 1920	 84	 1	 -1836	 
 70	 80	 1920	 86	 1	 -1834	 
 70	 80	 1920	 85	 1	 -1835	 
 70	 80	 1920	 84	 1	 -1836	 
 70	 80	 1920	 84	 1	 -1836	 
 70	 80	 1920	 84	 1	 -1836	 
 70	 80	 1920	 83	 1	 -1837	 
 70	 80	 1920	 86	 1	 -1834	 
 70	 80	 1920	 84	 1	 -1836	 
 70	 80	 1920	 85	 1	 -1835	 
 70	 80	 1920	 84	 1	 -1836	 
 70	 80	 1920	 81	 1	 -1839	 
 70	 80	 1920	 84	 1	 -1836	 
 70	 80	 1920	 83	 1	 -1837	 
 70	 80	 1920	 82	 1	 -1838	 
 70	 80	 1920	 81	 1	 -1839	 
 70	 80	 1920	 82	 1	 -1838	 
 70	 80	 1920	 86	 1	 -1834	 
 70	 80	 1920	 83	 1	 -1837	 
 70	 80	 1920	 81	 1	 -1839	 
 70	 80	 1920	 86	 1	 -1834	 
 70	 80	 1920	 82	 1	 -1838	 
 70	 80	 1920	 85	 1	 -1835	 
 70	 80	 1920	 81	 1	 -1839	 
 70	 80	 1920	 82	 1	 -1838	 
 70	 80	 1920	 86	 1	 -1834	 
 70	 80	 1920	 84	 1	 -1836	 
 70	 80	 1920	 81	 1	 -1839	 
 70	 80	 1920	 81	 1	 -1839	 
 70	 80	 1920	 81	 1	 -1839	 
 70	 80	 1920	 81	 1	 -1839	 
 70	 80	 1920	 84	 1	 -1836	 
 70	 80	 1920	 84	 1	 -1836	 
 70	 80	 1920	 81	 1	 -1839	 
 70	 80	 1920	 83	 1	 -1837	 
 70	 80	 1920	 82	 1	 -1838	 
 70	 80	 1920	 83	 1	 -1837	 
 70	 80	 1920	 84	 1	 -1836	 
 70	 80	 1920	 84	 1	 -1836	 
 70	 80	 1920	 82	 1	 -1838	 
 70	 80	 1920	 85	 1	 -1835	 
 70	 80	 1920	 84	 1	 -1836	 
 70	 80	 1920	 81	 1	 -1839	 
 70	 80	 1920	 83	 1	 -1837	 
 70	 80	 1920	 83	 1	 -1837	 
 70	 80	 1920	 81	 1	 -1839	 
 70	 80	 1920	 85	 1	 -1835	 
 70	 80	 1920	 86	 1	 -1834	 
 70	 80	 1920	 81	 1	 -1839	 
 70	 80	 1920	 86	 1	 -1834	 
 70	 80	 1920	 81	 1	 -1839	 
 70	 80	 1920	 86	 1	 -1834	 
 70	 80	 1920	 84	 1	 -1836	 
 70	 80	 1920	 85	 1	 -1835	 
 70	 80	 1920	 85	 1	 -1835	 
 70	 80	 1920	 81	 1	 -1839	 
 70	 80	 1920	 83	 1	 -1837	 
 70	 80	 1920	 81	 1	 -1839	 
 70	 80	 1920	 84	 1	 -1836	 
 70	 80	 1920	 81	 1	 -1839	 
 70	 80	 1920	 81	 1	 -1839	 
 70	 80	 1920	 83	 1	 -1837	 
 70	 80	 1920	 82	 1	 -1838	 
 70	 80	 1920	 84	 1	 -1836	 
 70	 80	 1920	 83	 1	 -1837	 
 70	 80	 1920	 84	 1	 -1836	 
 70	 80	 1920	 85	 1	 -1835	 
 70	 80	 1920	 82	 1	 -1838	 
 70	 80	 1920	 83	 1	 -1837	 
 70	 80	 1920	 86	 1	 -1834	 
 70	 80	 1920	 83	 1	 -1837	 
 70	 80	 1920	 84	 1	 -1836	 
 70	 80	 1920	 84	 1	 -1836	 
 70	 80	 1920	 81	 1	 -1839	 
 70	 80	 1920	 83	 1	 -1837	 
 70	 80	 1920	 81	 1	 -1839	 
 70	 80	 1920	 83	 1	 -1837	 
 70	 80	 1920	 85	 1	 -1835	 
 70	 80	 1920	 86	 1	 -1834	 
 70	 80	 1920	 85	 1	 -1835	 
 70	 80	 1920	 84	 1	 -1836	 
 70	 80	 1920	 86	 1	 -1834	 
 70	 80	 1920	 81	 1	 -1839	 
 70	 80	 1920	 86	 1	 -1834	 
 70	 80	 1920	 81	 1	 -1839	 
 70	 80	 1920	 82	 1	 -1838	 
 70	 80	 1920	 84	 1	 -1836	 
 70	 80	 1920	 84	 1	 -1836	 
 70	 80	 1920	 85	 1	 -1835	 
 0	 0	 0	 0	 0	 0	 
 0	 0	 0	 0	 0	 0	 
 70	 80	 1920	 86	 1	 -1834	 
 70	 80	 1920	 85	 1	 -1835	 
 70	 80	 1920	 85	 1	 -1835	 
 70	 80	 1920	 84	 1	 -1836	 
 70	 80	 1920	 83	 1	 -1837	 
 70	 80	 1920	 84	 1	 -1836	 
 70	 80	 1920	 81	 1	 -1839	 
 70	 80	 1920	 81	 1	 -1839	 
 70	 80	 1920	 81	 1	 -1839	 
 70	 80	 1920	 81	 1	 -1839	 
 70	 80	 1920	 81	 1	 -1839	 
 70	 80	 1920	 84	 1	 -1836	 
 70	 80	 1920	 81	 1	 -1839	 
 70	 80	 1920	 86	 1	 -1834	 
 70	 80	 1920	 85	 1	 -1835	 
 70	 80	 1920	 82	 1	 -1838	 
 70	 80	 1920	 82	 1	 -1838	 
 70	 80	 1920	 81	 1	 -1839	 
 70	 80	 1920	 82	 1	 -1838	 
 70	 80	 1920	 86	 1	 -1834	 
 70	 80	 1920	 81	 1	 -1839	 
 70	 80	 1920	 83	 1	 -1837	 
 70	 80	 1920	 85	 1	 -1835	 
 70	 80	 1920	 83	 1	 -1837	 
 70	 80	 1920	 84	 1	 -1836	 
 70	 80	 1920	 82	 1	 -1838	 
 70	 80	 1920	 82	 1	 -1838	 
 70	 80	 1920	 83	 1	 -1837	 
 70	 80	 1920	 86	 1	 -1834	 
 70	 80	 1920	 82	 1	 -1838	 
 70	 80	 1920	 83	 1	 -1837	 
 70	 80	 1920	 85	 1	 -1835	 
 70	 80	 1920	 84	 1	 -1836	 
 70	 80	 1920	 85	 1	 -1835	 
 70	 80	 1920	 85	 1	 -1835	 
 70	 80	 1920	 85	 1	 -1835	 
 70	 80	 1920	 86	 1	 -1834	 
 70	 80	 1920	 82	 1	 -1838	 
 70	 80	 1920	 82	 1	 -1838	 
 70	 80	 1920	 83	 1	 -1837	 
 70	 80	 1920	 86	 1	 -1834	 
 70	 80	 1920	 83	 1	 -1837	 
 70	 80	 1920	 85	 1	 -1835	 
 70	 80	 1920	 84	 1	 -1836	 
 70	 80	 1920	 81	 1	 -1839	 
 70	 80	 1920	 81	 1	 -1839	 
 70	 80	 1920	 84	 1	 -1836	 
 70	 80	 1920	 81	 1	 -1839	 
 70	 80	 1920	 83	 1	 -1837	 
 70	 80	 1920	 81	 1	 -1839	 
 70	 80	 1920	 84	 1	 -1836	 
 70	 80	 1920	 81	 1	 -1839	 
 70	 80	 1920	 83	 1	 -1837	 
 70	 80	 1920	 81	 1	 -1839	 
 70	 80	 1920	 82	 1	 -1838	 
 70	 80	 1920	 85	 1	 -1835	 
 70	 80	 1920	 84	 1	 -1836	 
 70	 80	 1920	 85	 1	 -1835	 
 70	 80	 1920	 85	 1	 -1835	 
 70	 80	 1920	 82	 1	 -1838	 
 70	 80	 1920	 85	 1	 -1835	 
 70	 80	 1920	 84	 1	 -1836	 
 70	 80	 1920	 86	 1	 -1834	 
 70	 80	 1920	 85	 1	 -1835	 
 70	 80	 1920	 85	 1	 -1835	 
 70	 80	 1920	 85	 1	 -1835	 
 70	 80	 1920	 84	 1	 -1836	 
 70	 80	 1920	 83	 1	 -1837	 
 70	 80	 1920	 84	 1	 -1836	 
 70	 80	 1920	 85	 1	 -1835	 
 70	 80	 1920	 82	 1	 -1838	 
 70	 80	 1920	 81	 1	 -1839	 
 70	 80	 1920	 85	 1	 -1835	 
 70	 80	 1920	 81	 1	 -1839	 
 70	 80	 1920	 82	 1	 -1838	 
 70	 80	 1920	 84	 1	 -1836	 
 70	 80	 1920	 83	 1	 -1837	 
 70	 80	 1920	 82	 1	 -1838	 
 70	 80	 1920	 84	 1	 -1836	 
 70	 80	 1920	 86	 1	 -1834	 
 70	 80	 1920	 82	 1	 -1838	 
 70	 80	 1920	 83	 1	 -1837	 
 70	 80	 1920	 82	 1	 -1838	 
 70	 80	 1920	 83	 1	 -1837	 
 70	 80	 1920	 81	 1	 -1839	 
 70	 80	 1920	 84	 1	 -1836	 
 70	 80	 1920	 83	 1	 -1837	 
 70	 80	 1920	 82	 1	 -1838	 
 70	 80	 1920	 82	 1	 -1838	 
 70	 80	 1920	 86	 1	 -1834	 
 70	 80	 1920	 85	 1	 -1835	 
 70	 80	 1920	 83	 1	 -1837	 
 70	 80	 1920	 85	 1	 -1835	 
 70	 80	 1920	 82	 1	 -1838	 
 70	 80	 1920	 83	 1	 -1837	 
 70	 80	 1920	 85	 1	 -1835	 
 70	 80	 1920	 82	 1	 -1838	 
 70	 80	 1920	 86	 1	 -1834	 
 70	 80	 1920	 82	 1	 -1838	 
 0	 0	 0	 0	 0	 0	 
 0	 0	 0	 0	 0	 0	 
 70	 80	 1920	 86	 1	 -1834	 
 70	 80	 1920	 82	 1	 -1838	 
 70	 80	 1920	 81	 1	 -1839	 
 70	 80	 1920	 83	 1	 -1837	 
 70	 80	 1920	 83	 1	 -1837	 
 70	 80	 1920	 82	 1	 -1838	 
 70	 80	 1920	 86	 1	 -1834	 
 70	 80	 1920	 81	 1	 -1839	 
 70	 80	 1920	 84	 1	 -1836	 
 70	 80	 1920	 81	 1	 -1839	 
 70	 80	 1920	 83	 1	 -1837	 
 70	 80	 1920	 82	 1	 -1838	 
 70	 80	 1920	 81	 1	 -1839	 
 70	 80	 1920	 86	 1	 -1834	 
 70	 80	 1920	 83	 1	 -1837	 
 70	 80	 1920	 85	 1	 -1835	 
 70	 80	 1920	 83	 1	 -1837	 
 70	 80	 1920	 84	 1	 -1836	 
 70	 80	 1920	 82	 1	 -1838	 
 70	 80	 1920	 85	 1	 -1835	 
 70	 80	 1920	 83	 1	 -1837	 
 70	 80	 1920	 85	 1	 -1835	 
 70	 80	 1920	 85	 1	 -1835	 
 70	 80	 1920	 84	 1	 -1836	 
 70	 80	 1920	 81	 1	 -1839	 
 70	 80	 1920	 82	 1	 -1838	 
 70	 80	 1920	 81	 1	 -1839	 
 70	 80	 1920	 82	 1	 -1838	 
 70	 80	 1920	 83	 1	 -1837	 
 70	 80	 1920	 82	 1	 -1838	 
 70	 80	 1920	 86	 1	 -1834	 
 70	 80	 1920	 83	 1	 -1837	 
 70	 80	 1920	 86	 1	 -1834	 
 70	 80	 1920	 86	 1	 -1834	 
 70	 80	 1920	 82	 1	 -1838	 
 70	 80	 1920	 82	 1	 -1838	 
 70	 80	 1920	 83	 1	 -1837	 
 70	 80	 1920	 81	 1	 -1839	 
 70	 80	 1920	 85	 1	 -1835	 
 70	 80	 1920	 85	 1	 -1835	 
 70	 80	 1920	 86	 1	 -1834	 
 70	 80	 1920	 81	 1	 -1839	 
 70	 80	 1920	 85	 1	 -1835	 
 70	 80	 1920	 86	 1	 -1834	 
 70	 80	 1920	 82	 1	 -1838	 
 70	 80	 1920	 83	 1	 -1837	 
 70	 80	 1920	 86	 1	 -1834	 
 70	 80	 1920	 81	 1	 -1839	 
 70	 80	 1920	 82	 1	 -1838	 
 70	 80	 1920	 81	 1	 -1839	 
 70	 80	 1920	 86	 1	 -1834	 
 70	 80	 1920	 85	 1	 -1835	 
 70	 80	 1920	 86	 1	 -1834	 
 70	 80	 1920	 84	 1	 -1836	 
 70	 80	 1920	 82	 1	 -1838	 
 70	 80	 1920	 84	 1	 -1836	 
 70	 80	 1920	 82	 1	 -1838	 
 70	 80	 1920	 86	 1	 -1834	 
 70	 80	 1920	 82	 1	 -1838	 
 70	 80	 1920	 83	 1	 -1837	 
 70	 80	 1920	 82	 1	 -1838	 
 70	 80	 1920	 82	 1	 -1838	 
 70	 80	 1920	 84	 1	 -1836	 
 70	 80	 1920	 82	 1	 -1838	 
 70	 80	 1920	 84	 1	 -1836	 
 70	 80	 1920	 83	 1	 -1837	 
 70	 80	 1920	 81	 1	 -1839	 
 70	 80	 1920	 82	 1	 -1838	 
 70	 80	 1920	 81	 1	 -1839	 
 70	 80	 1920	 84	 1	 -1836	 
 70	 80	 1920	 85	 1	 -1835	 
 70	 80	 1920	 85	 1	 -1835	 
 70	 80	 1920	 81	 1	 -1839	 
 70	 80	 1920	 81	 1	 -1839	 
 70	 80	 1920	 81	 1	 -1839	 
 70	 80	 1920	 86	 1	 -1834	 
 70	 80	 1920	 85	 1	 -1835	 
 70	 80	 1920	 84	 1	 -1836	 
 70	 80	 1920	 84	 1	 -1836	 
 70	 80	 1920	 84	 1	 -1836	 
 70	 80	 1920	 82	 1	 -1838	 
 70	 80	 1920	 85	 1	 -1835	 
 70	 80	 1920	 82	 1	 -1838	 
 70	 80	 1920	 81	 1	 -1839	 
 70	 80	 1920	 81	 1	 -1839	 
 70	 80	 1920	 81	 1	 -1839	 
 70	 80	 1920	 83	 1	 -1837	 
 70	 80	 1920	 83	 1	 -1837	 
 70	 80	 1920	 84	 1	 -1836	 
 70	 80	 1920	 82	 1	 -1838	 
 70	 80	 1920	 81	 1	 -1839	 
 70	 80	 1920	 81	 1	 -1839	 
 70	 80	 1920	 81	 1	 -1839	 
 70	 80	 1920	 85	 1	 -1835	 
 70	 80	 1920	 82	 1	 -1838	 
 70	 80	 1920	 85	 1	 -1835	 
 70	 80	 1920	 86	 1	 -1834	 
 70	 80	 1920	 86	 1	 -1834	 
 70	 80	 1920	 83	 1	 -1837	 
 0	 0	 0	 0	 0	 0	 
 0	 0	 0	 0	 0	 0	 
 68	 110	 1920	 130	 0	 -1790	 
 68	 110	 1920	 111	 0	 -1809	 
 68	 110	 1920	 131	 0	 -1789	 
 68	 110	 1920	 130	 0	 -1790	 
 68	 110	 1920	 130	 0	 -1790	 
 68	 110	 1920	 118	 0	 -1802	 
 68	 110	 1920	 127	 0	 -1793	 
 68	 110	 1920	 118	 0	 -1802	 
 68	 110	 1920	 125	 0	 -1795	 
 68	 110	 1920	 112	 0	 -1808	 
 68	 110	 1920	 123	 0	 -1797	 
 68	 110	 1920	 129	 0	 -1791	 
 68	 110	 1920	 114	 0	 -1806	 
 68	 110	 1920	 117	 0	 -1803	 
 68	 110	 1920	 124	 0	 -1796	 
 68	 110	 1920	 115	 0	 -1805	 
 68	 110	 1920	 114	 0	 -1806	 
 68	 110	 1920	 124	 0	 -1796	 
 68	 110	 1920	 115	 0	 -1805	 
 68	 110	 1920	 121	 0	 -1799	 
 68	 110	 1920	 114	 0	 -1806	 
 68	 110	 1920	 112	 0	 -1808	 
 68	 110	 1920	 124	 0	 -1796	 
 68	 110	 1920	 125	 0	 -1795	 
 68	 110	 1920	 121	 0	 -1799	 
 68	 110	 1920	 125	 0	 -1795	 
 68	 110	 1920	 126	 0	 -1794	 
 68	 110	 1920	 125	 0	 -1795	 
 68	 110	 1920	 128	 0	 -1792	 
 68	 110	 1920	 123	 0	 -1797	 
 68	 110	 1920	 119	 0	 -1801	 
 68	 110	 1920	 122	 0	 -1798	 
 68	 110	 1920	 131	 0	 -1789	 
 68	 110	 1920	 131	 0	 -1789	 
 68	 110	 1920	 115	 0	 -1805	 
 68	 110	 1920	 113	 0	 -1807	 
 68	 110	 1920	 125	 0	 -1795	 
 68	 110	 1920	 131	 0	 -1789	 
 68	 110	 1920	 118	 0	 -1802	 
 68	 110	 1920	 112	 0	 -1808	 
 68	 110	 1920	 117	 0	 -1803	 
 68	 110	 1920	 131	 0	 -1789	 
 68	 110	 1920	 129	 0	 -1791	 
 68	 110	 1920	 115	 0	 -1805	 
 68	 110	 1920	 124	 0	 -1796	 
 68	 110	 1920	 128	 0	 -1792	 
 68	 110	 1920	 121	 0	 -1799	 
 68	 110	 1920	 131	 0	 -1789	 
 68	 110	 1920	 112	 0	 -1808	 
 68	 110	 1920	 114	 0	 -1806	 
 68	 110	 1920	 127	 0	 -1793	 
 68	 110	 1920	 121	 0	 -1799	 
 68	 110	 1920	 123	 0	 -1797	 
 68	 110	 1920	 126	 0	 -1794	 
 68	 110	 1920	 126	 0	 -1794	 
 68	 110	 1920	 122	 0	 -1798	 
 68	 110	 1920	 123	 0	 -1797	 
 68	 110	 1920	 117	 0	 -1803	 
 68	 110	 1920	 123	 0	 -1797	 
 68	 110	 1920	 120	 0	 -1800	 
 68	 110	 1920	 120	 0	 -1800	 
 68	 110	 1920	 112	 0	 -1808	 
 68	 110	 1920	 117	 0	 -1803	 
 68	 110	 1920	 126	 0	 -1794	 
 68	 110	 1920	 129	 0	 -1791	 
 68	 110	 1920	 130	 0	 -1790	 
 68	 110	 1920	 116	 0	 -1804	 
 68	 110	 1920	 113	 0	 -1807	 
 68	 110	 1920	 120	 0	 -1800	 
 68	 110	 1920	 112	 0	 -1808	 
 68	 110	 1920	 118	 0	 -1802	 
 68	 110	 1920	 125	 0	 -1795	 
 68	 110	 1920	 123	 0	 -1797	 
 68	 110	 1920	 127	 0	 -1793	 
 68	 110	 1920	 123	 0	 -1797	 
 68	 110	 1920	 112	 0	 -1808	 
 68	 110	 1920	 116	 0	 -1804	 
 68	 110	 1920	 118	 0	 -1802	 
 68	 110	 1920	 117	 0	 -1803	 
 68	 110	 1920	 114	 0	 -1806	 
 68	 110	 1920	 121	 0	 -1799	 
 68	 110	 1920	 115	 0	 -1805	 
 68	 110	 1920	 117	 0	 -1803	 
 68	 110	 1920	 115	 0	 -1805	 
 68	 110	 1920	 126	 0	 -1794	 
 68	 110	 1920	 114	 0	 -1806	 
 68	 110	 1920	 122	 0	 -1798	 
 68	 110	 1920	 116	 0	 -1804	 
 68	 110	 1920	 117	 0	 -1803	 
 68	 110	 1920	 129	 0	 -1791	 
 68	 110	 1920	 127	 0	 -1793	 
 68	 110	 1920	 128	 0	 -1792	 
 68	 110	 1920	 130	 0	 -1790	 
 68	 110	 1920	 112	 0	 -1808	 
 68	 110	 1920	 128	 0	 -1792	 
 68	 110	 1920	 125	 0	 -1795	 
 68	 110	 1920	 113	 0	 -1807	 
 68	 110	 1920	 111	 0	 -1809	 
 68	 110	 1920	 120	 0	 -1800	 
 0	 0	 0	 0	 0	 0	 
 0	 0	 0	 0	 0	 0	 
 70	 80	 1920	 82	 1	 -1838	 
 70	 80	 1920	 83	 1	 -1837	 
 70	 80	 1920	 82	 1	 -1838	 
 70	 80	 1920	 85	 1	 -1835	 
 70	 80	 1920	 82	 1	 -1838	 
 70	 80	 1920	 85	 1	 -1835	 
 70	 80	 1920	 83	 1	 -1837	 
 70	 80	 1920	 84	 1	 -1836	 
 70	 80	 1920	 83	 1	 -1837	 
 70	 80	 1920	 81	 1	 -1839	 
 70	 80	 1920	 81	 1	 -1839	 
 70	 80	 1920	 83	 1	 -1837	 
 70	 80	 1920	 85	 1	 -1835	 
 70	 80	 1920	 81	 1	 -1839	 
 70	 80	 1920	 84	 1	 -1836	 
 70	 80	 1920	 85	 1	 -1835	 
 70	 80	 1920	 81	 1	 -1839	 
 70	 80	 1920	 82	 1	 -1838	 
 70	 80	 1920	 82	 1	 -1838	 
 70	 80	 1920	 81	 1	 -1839	 
 70	 80	 1920	 81	 1	 -1839	 
 70	 80	 1920	 84	 1	 -1836	 
 70	 80	 1920	 84	 1	 -1836	 
 70	 80	 1920	 84	 1	 -1836	 
 70	 80	 1920	 82	 1	 -1838	 
 70	 80	 1920	 83	 1	 -1837	 
 70	 80	 1920	 85	 1	 -1835	 
 70	 80	 1920	 84	 1	 -1836	 
 70	 80	 1920	 81	 1	 -1839	 
 70	 80	 1920	 83	 1	 -1837	 
 70	 80	 1920	 81	 1	 -1839	 
 70	 80	 1920	 83	 1	 -1837	 
 70	 80	 1920	 85	 1	 -1835	 
 70	 80	 1920	 85	 1	 -1835	 
 70	 80	 1920	 85	 1	 -1835	 
 70	 80	 1920	 82	 1	 -1838	 
 70	 80	 1920	 81	 1	 -1839	 
 70	 80	 1920	 84	 1	 -1836	 
 70	 80	 1920	 84	 1	 -1836	 
 70	 80	 1920	 84	 1	 -1836	 
 70	 80	 1920	 82	 1	 -1838	 
 70	 80	 1920	 81	 1	 -1839	 
 70	 80	 1920	 81	 1	 -1839	 
 70	 80	 1920	 81	 1	 -1839	 
 70	 80	 1920	 85	 1	 -1835	 
 70	 80	 1920	 81	 1	 -1839	 
 70	 80	 1920	 82	 1	 -1838	 
 70	 80	 1920	 86	 1	 -1834	 
 70	 80	 1920	 84	 1	 -1836	 
 70	 80	 1920	 83	 1	 -1837	 
 70	 80	 1920	 85	 1	 -1835	 
 70	 80	 1920	 83	 1	 -1837	 
 70	 80	 1920	 81	 1	 -1839	 
 70	 80	 1920	 81	 1	 -1839	 
 70	 80	 1920	 85	 1	 -1835	 
 70	 80	 1920	 84	 1	 -1836	 
 70	 80	 1920	 82	 1	 -1838	 
 70	 80	 1920	 81	 1	 -1839	 
 70	 80	 1920	 81	 1	 -1839	 
 70	 80	 1920	 83	 1	 -1837	 
 70	 80	 1920	 82	 1	 -1838	 
 70	 80	 1920	 82	 1	 -1838	 
 70	 80	 1920	 85	 1	 -1835	 
 70	 80	 1920	 83	 1	 -1837	 
 70	 80	 1920	 84	 1	 -1836	 
 70	 80	 1920	 83	 1	 -1837	 
 70	 80	 1920	 83	 1	 -1837	 
 70	 80	 1920	 82	 1	 -1838	 
 70	 80	 1920	 85	 1	 -1835	 
 70	 80	 1920	 83	 1	 -1837	 
 70	 80	 1920	 82	 1	 -1838	 
 70	 80	 1920	 86	 1	 -1834	 
 70	 80	 1920	 81	 1	 -1839	 
 70	 80	 1920	 82	 1	 -1838	 
 70	 80	 1920	 81	 1	 -1839	 
 70	 80	 1920	 84	 1	 -1836	 
 70	 80	 1920	 82	 1	 -1838	 
 70	 80	 1920	 81	 1	 -1839	 
 70	 80	 1920	 84	 1	 -1836	 
 70	 80	 1920	 84	 1	 -1836	 
 70	 80	 1920	 84	 1	 -1836	 
 70	 80	 1920	 86	 1	 -1834	 
 70	 80	 1920	 84	 1	 -1836	 
 70	 80	 1920	 82	 1	 -1838	 
 70	 80	 1920	 84	 1	 -1836	 
 70	 80	 1920	 86	 1	 -1834	 
 70	 80	 1920	 82	 1	 -1838	 
 70	 80	 1920	 84	 1	 -1836	 
 70	 80	 1920	 82	 1	 -1838	 
 70	 80	 1920	 83	 1	 -1837	 
 70	 80	 1920	 85	 1	 -1835	 
 70	 80	 1920	 83	 1	 -1837	 
 70	 80	 1920	 83	 1	 -1837	 
 70	 80	 1920	 82	 1	 -1838	 
 70	 80	 1920	 83	 1	 -1837	 
 70	 80	 1920	 82	 1	 -1838	 
 70	 80	 1920	 83	 1	 -1837	 
 70	 80	 1920	 83	 1	 -1837	 
 70	 80	 1920	 82	 1	 -1838	 
 0	 0	 0	 0	 0	 0	 
 0	 0	 0	 0	 0	 0	 
 70	 80	 1920	 86	 1	 -1834	 
 70	 80	 1920	 84	 1	 -1836	 
 70	 80	 1920	 84	 1	 -1836	 
 70	 80	 1920	 81	 1	 -1839	 
 70	 80	 1920	 86	 1	 -1834	 
 70	 80	 1920	 83	 1	 -1837	 
 70	 80	 1920	 84	 1	 -1836	 
 70	 80	 1920	 85	 1	 -1835	 
 70	 80	 1920	 83	 1	 -1837	 
 70	 80	 1920	 83	 1	 -1837	 
 70	 80	 1920	 85	 1	 -1835	 
 70	 80	 1920	 83	 1	 -1837	 
 70	 80	 1920	 83	 1	 -1837	 
 70	 80	 1920	 82	 1	 -1838	 
 70	 80	 1920	 82	 1	 -1838	 
 70	 80	 1920	 82	 1	 -1838	 
 70	 80	 1920	 83	 1	 -1837	 
 70	 80	 1920	 86	 1	 -1834	 
 70	 80	 1920	 84	 1	 -1836	 
 70	 80	 1920	 86	 1	 -1834	 
 70	 80	 1920	 81	 1	 -1839	 
 70	 80	 1920	 81	 1	 -1839	 
 70	 80	 1920	 83	 1	 -1837	 
 70	 80	 1920	 83	 1	 -1837	 
 70	 80	 1920	 84	 1	 -1836	 
 70	 80	 1920	 81	 1	 -1839	 
 70	 80	 1920	 83	 1	 -1837	 
 70	 80	 1920	 83	 1	 -1837	 
 70	 80	 1920	 84	 1	 -1836	 
 70	 80	 1920	 84	 1	 -1836	 
 70	 80	 1920	 81	 1	 -1839	 
 70	 80	 1920	 81	 1	 -1839	 
 70	 80	 1920	 83	 1	 -1837	 
 70	 80	 1920	 81	 1	 -1839	 
 70	 80	 1920	 84	 1	 -1836	 
 70	 80	 1920	 84	 1	 -1836	 
 70	 80	 1920	 85	 1	 -1835	 
 70	 80	 1920	 82	 1	 -1838	 
 70	 80	 1920	 81	 1	 -1839	 
 70	 80	 1920	 86	 1	 -1834	 
 70	 80	 1920	 83	 1	 -1837	 
 70	 80	 1920	 82	 1	 -1838	 
 70	 80	 1920	 84	 1	 -1836	 
 70	 80	 1920	 81	 1	 -1839	 
 70	 80	 1920	 81	 1	 -1839	 
 70	 80	 1920	 82	 1	 -1838	 
 70	 80	 1920	 81	 1	 -1839	 
 70	 80	 1920	 84	 1	 -1836	 
 70	 80	 1920	 82	 1	 -1838	 
 70	 80	 1920	 86	 1	 -1834	 
 70	 80	 1920	 85	 1	 -1835	 
 70	 80	 1920	 86	 1	 -1834	 
 70	 80	 1920	 83	 1	 -1837	 
 70	 80	 1920	 83	 1	 -1837	 
 70	 80	 1920	 84	 1	 -1836	 
 70	 80	 1920	 84	 1	 -1836	 
 70	 80	 1920	 84	 1	 -1836	 
 70	 80	 1920	 85	 1	 -1835	 
 70	 80	 1920	 86	 1	 -1834	 
 70	 80	 1920	 81	 1	 -1839	 
 70	 80	 1920	 81	 1	 -1839	 
 70	 80	 1920	 83	 1	 -1837	 
 70	 80	 1920	 83	 1	 -1837	 
 70	 80	 1920	 84	 1	 -1836	 
 70	 80	 1920	 83	 1	 -1837	 
 70	 80	 1920	 83	 1	 -1837	 
 70	 80	 1920	 82	 1	 -1838	 
 70	 80	 1920	 82	 1	 -1838	 
 70	 80	 1920	 82	 1	 -1838	 
 70	 80	 1920	 81	 1	 -1839	 
 70	 80	 1920	 85	 1	 -1835	 
 70	 80	 1920	 85	 1	 -1835	 
 70	 80	 1920	 85	 1	 -1835	 
 70	 80	 1920	 83	 1	 -1837	 
 70	 80	 1920	 82	 1	 -1838	 
 70	 80	 1920	 81	 1	 -1839	 
 70	 80	 1920	 86	 1	 -1834	 
 70	 80	 1920	 81	 1	 -1839	 
 70	 80	 1920	 86	 1	 -1834	 
 70	 80	 1920	 84	 1	 -1836	 
 70	 80	 1920	 85	 1	 -1835	 
 70	 80	 1920	 84	 1	 -1836	 
 70	 80	 1920	 86	 1	 -1834	 
 70	 80	 1920	 84	 1	 -1836	 
 70	 80	 1920	 85	 1	 -1835	 
 70	 80	 1920	 83	 1	 -1837	 
 70	 80	 1920	 83	 1	 -1837	 
 70	 80	 1920	 82	 1	 -1838	 
 70	 80	 1920	 82	 1	 -1838	 
 70	 80	 1920	 84	 1	 -1836	 
 70	 80	 1920	 83	 1	 -1837	 
 70	 80	 1920	 81	 1	 -1839	 
 70	 80	 1920	 81	 1	 -1839	 
 70	 80	 1920	 82	 1	 -1838	 
 70	 80	 1920	 83	 1	 -1837	 
 70	 80	 1920	 81	 1	 -1839	 
 70	 80	 1920	 83	 1	 -1837	 
 70	 80	 1920	 85	 1	 -1835	 
 70	 80	 1920	 82	 1	 -1838	 
 0	 0	 0	 0	 0	 0	 
 0	 0	 0	 0	 0	 0	 
 70	 80	 1920	 82	 1	 -1838	 
 70	 80	 1920	 84	 1	 -1836	 
 70	 80	 1920	 85	 1	 -1835	 
 70	 80	 1920	 85	 1	 -1835	 
 70	 80	 1920	 85	 1	 -1835	 
 70	 80	 1920	 81	 1	 -1839	 
 70	 80	 1920	 84	 1	 -1836	 
 70	 80	 1920	 84	 1	 -1836	 
 70	 80	 1920	 82	 1	 -1838	 
 70	 80	 1920	 85	 1	 -1835	 
 70	 80	 1920	 84	 1	 -1836	 
 70	 80	 1920	 84	 1	 -1836	 
 70	 80	 1920	 82	 1	 -1838	 
 70	 80	 1920	 83	 1	 -1837	 
 70	 80	 1920	 84	 1	 -1836	 
 70	 80	 1920	 84	 1	 -1836	 
 70	 80	 1920	 85	 1	 -1835	 
 70	 80	 1920	 85	 1	 -1835	 
 70	 80	 1920	 82	 1	 -1838	 
 70	 80	 1920	 85	 1	 -1835	 
 70	 80	 1920	 84	 1	 -1836	 
 70	 80	 1920	 81	 1	 -1839	 
 70	 80	 1920	 82	 1	 -1838	 
 70	 80	 1920	 83	 1	 -1837	 
 70	 80	 1920	 81	 1	 -1839	 
 70	 80	 1920	 83	 1	 -1837	 
 70	 80	 1920	 81	 1	 -1839	 
 70	 80	 1920	 82	 1	 -1838	 
 70	 80	 1920	 84	 1	 -1836	 
 70	 80	 1920	 81	 1	 -1839	 
 70	 80	 1920	 86	 1	 -1834	 
 70	 80	 1920	 85	 1	 -1835	 
 70	 80	 1920	 84	 1	 -1836	 
 70	 80	 1920	 84	 1	 -1836	 
 70	 80	 1920	 85	 1	 -1835	 
 70	 80	 1920	 86	 1	 -1834	 
 70	 80	 1920	 81	 1	 -1839	 
 70	 80	 1920	 84	 1	 -1836	 
 70	 80	 1920	 83	 1	 -1837	 
 70	 80	 1920	 83	 1	 -1837	 
 70	 80	 1920	 85	 1	 -1835	 
 70	 80	 1920	 85	 1	 -1835	 
 70	 80	 1920	 82	 1	 -1838	 
 70	 80	 1920	 81	 1	 -1839	 
 70	 80	 1920	 81	 1	 -1839	 
 70	 80	 1920	 84	 1	 -1836	 
 70	 80	 1920	 83	 1	 -1837	 
 70	 80	 1920	 86	 1	 -1834	 
 70	 80	 1920	 81	 1	 -1839	 
 70	 80	 1920	 86	 1	 -1834	 
 70	 80	 1920	 83	 1	 -1837	 
 70	 80	 1920	 84	 1	 -1836	 
 70	 80	 1920	 85	 1	 -1835	 
 70	 80	 1920	 83	 1	 -1837	 
 70	 80	 1920	 82	 1	 -1838	 
 70	 80	 1920	 84	 1	 -1836	 
 70	 80	 1920	 85	 1	 -1835	 
 70	 80	 1920	 86	 1	 -1834	 
 70	 80	 1920	 81	 1	 -1839	 
 70	 80	 1920	 84	 1	 -1836	 
 70	 80	 1920	 85	 1	 -1835	 
 70	 80	 1920	 84	 1	 -1836	 
 70	 80	 1920	 85	 1	 -1835	 
 70	 80	 1920	 84	 1	 -1836	 
 70	 80	 1920	 86	 1	 -1834	 
 70	 80	 1920	 83	 1	 -1837	 
 70	 80	 1920	 81	 1	 -1839	 
 70	 80	 1920	 82	 1	 -1838	 
 70	 80	 1920	 84	 1	 -1836	 
 70	 80	 1920	 85	 1	 -1835	 
 70	 80	 1920	 84	 1	 -1836	 
 70	 80	 1920	 81	 1	 -1839	 
 70	 80	 1920	 82	 1	 -1838	 
 70	 80	 1920	 81	 1	 -1839	 
 70	 80	 1920	 85	 1	 -1835	 
 70	 80	 1920	 81	 1	 -1839	 
 70	 80	 1920	 83	 1	 -1837	 
 70	 80	 1920	 85	 1	 -1835	 
 70	 80	 1920	 86	 1	 -1834	 
 70	 80	 1920	 84	 1	 -1836	 
 70	 80	 1920	 85	 1	 -1835	 
 70	 80	 1920	 85	 1	 -1835	 
 70	 80	 1920	 84	 1	 -1836	 
 70	 80	 1920	 85	 1	 -1835	 
 70	 80	 1920	 82	 1	 -1838	 
 70	 80	 1920	 84	 1	 -1836	 
 70	 80	 1920	 85	 1	 -1835	 
 70	 80	 1920	 85	 1	 -1835	 
 70	 80	 1920	 84	 1	 -1836	 
 70	 80	 1920	 83	 1	 -1837	 
 70	 80	 1920	 81	 1	 -1839	 
 70	 80	 1920	 82	 1	 -1838	 
 70	 80	 1920	 83	 1	 -1837	 
 70	 80	 1920	 83	 1	 -1837	 
 70	 80	 1920	 81	 1	 -1839	 
 70	 80	 1920	 85	 1	 -1835	 
 70	 80	 1920	 84	 1	 -1836	 
 70	 80	 1920	 83	 1	 -1837	 
 70	 80	 1920	 85	 1	 -1835	 
 0	 0	 0	 0	 0	 0	 
 0	 0	 0	 0	 0	 0	 
 72	 98	 1920	 102	 0	 -1818	 
 72	 98	 1920	 106	 0	 -1814	 
 72	 98	 1920	 107	 0	 -1813	 
 72	 98	 1920	 110	 0	 -1810	 
 72	 98	 1920	 104	 0	 -1816	 
 72	 98	 1920	 108	 0	 -1812	 
 72	 98	 1920	 112	 0	 -1808	 
 72	 98	 1920	 105	 0	 -1815	 
 72	 98	 1920	 110	 0	 -1810	 
 72	 98	 1920	 106	 0	 -1814	 
 72	 98	 1920	 109	 0	 -1811	 
 72	 98	 1920	 101	 0	 -1819	 
 72	 98	 1920	 100	 0	 -1820	 
 72	 98	 1920	 102	 0	 -1818	 
 72	 98	 1920	 106	 0	 -1814	 
 72	 98	 1920	 111	 0	 -1809	 
 72	 98	 1920	 101	 0	 -1819	 
 72	 98	 1920	 102	 0	 -1818	 
 72	 98	 1920	 103	 0	 -1817	 
 72	 98	 1920	 108	 0	 -1812	 
 72	 98	 1920	 109	 0	 -1811	 
 72	 98	 1920	 109	 0	 -1811	 
 72	 98	 1920	 109	 0	 -1811	 
 72	 98	 1920	 101	 0	 -1819	 
 72	 98	 1920	 100	 0	 -1820	 
 72	 98	 1920	 99	 0	 -1821	 
 72	 98	 1920	 107	 0	 -1813	 
 72	 98	 1920	 105	 0	 -1815	 
 72	 98	 1920	 103	 0	 -1817	 
 72	 98	 1920	 100	 0	 -1820	 
 72	 98	 1920	 103	 0	 -1817	 
 72	 98	 1920	 101	 0	 -1819	 
 72	 98	 1920	 111	 0	 -1809	 
 72	 98	 1920	 104	 0	 -1816	 
 72	 98	 1920	 109	 0	 -1811	 
 72	 98	 1920	 106	 0	 -1814	 
 72	 98	 1920	 112	 0	 -1808	 
 72	 98	 1920	 111	 0	 -1809	 
 72	 98	 1920	 105	 0	 -1815	 
 72	 98	 1920	 106	 0	 -1814	 
 72	 98	 1920	 102	 0	 -1818	 
 72	 98	 1920	 108	 0	 -1812	 
 72	 98	 1920	 109	 0	 -1811	 
 72	 98	 1920	 104	 0	 -1816	 
 72	 98	 1920	 103	 0	 -1817	 
 72	 98	 1920	 109	 0	 -1811	 
 72	 98	 1920	 99	 0	 -1821	 
 72	 98	 1920	 103	 0	 -1817	 
 72	 98	 1920	 99	 0	 -1821	 
 72	 98	 1920	 107	 0	 -1813	 
 72	 98	 1920	 103	 0	 -1817	 
 72	 98	 1920	 108	 0	 -1812	 
 72	 98	 1920	 101	 0	 -1819	 
 72	 98	 1920	 109	 0	 -1811	 
 72	 98	 1920	 102	 0	 -1818	 
 72	 98	 1920	 104	 0	 -1816	 
 72	 98	 1920	 110	 0	 -1810	 
 72	 98	 1920	 111	 0	 -1809	 
 72	 98	 1920	 106	 0	 -1814	 
 72	 98	 1920	 108	 0	 -1812	 
 72	 98	 1920	 101	 0	 -1819	 
 72	 98	 1920	 109	 0	 -1811	 
 72	 98	 1920	 106	 0	 -1814	 
 72	 98	 1920	 100	 0	 -1820	 
 72	 98	 1920	 111	 0	 -1809	 
 72	 98	 1920	 109	 0	 -1811	 
 72	 98	 1920	 112	 0	 -1808	 
 72	 98	 1920	 108	 0	 -1812	 
 72	 98	 1920	 99	 0	 -1821	 
 72	 98	 1920	 112	 0	 -1808	 
 72	 98	 1920	 105	 0	 -1815	 
 72	 98	 1920	 108	 0	 -1812	 
 72	 98	 1920	 108	 0	 -1812	 
 72	 98	 1920	 104	 0	 -1816	 
 72	 98	 1920	 104	 0	 -1816	 
 72	 98	 1920	 111	 0	 -1809	 
 72	 98	 1920	 102	 0	 -1818	 
 72	 98	 1920	 111	 0	 -1809	 
 72	 98	 1920	 103	 0	 -1817	 
 72	 98	 1920	 100	 0	 -1820	 
 72	 98	 1920	 100	 0	 -1820	 
 72	 98	 1920	 109	 0	 -1811	 
 72	 98	 1920	 101	 0	 -1819	 
 72	 98	 1920	 111	 0	 -1809	 
 72	 98	 1920	 110	 0	 -1810	 
 72	 98	 1920	 106	 0	 -1814	 
 72	 98	 1920	 104	 0	 -1816	 
 72	 98	 1920	 109	 0	 -1811	 
 72	 98	 1920	 104	 0	 -1816	 
 72	 98	 1920	 104	 0	 -1816	 
 72	 98	 1920	 108	 0	 -1812	 
 72	 98	 1920	 104	 0	 -1816	 
 72	 98	 1920	 99	 0	 -1821	 
 72	 98	 1920	 112	 0	 -1808	 
 72	 98	 1920	 108	 0	 -1812	 
 72	 98	 1920	 111	 0	 -1809	 
 72	 98	 1920	 107	 0	 -1813	 
 72	 98	 1920	 109	 0	 -1811	 
 72	 98	 1920	 106	 0	 -1814	 
 0	 0	 0	 0	 0	 0	 
 