minimo	maximo	maximTot	minimTot	
3.249676e+02	 2.303523e+03	 2.605000e+02	 3.023000e+02	 
 3.208538e+02	 2.303523e+03	 1.680000e+01	 2.005600e+03	 
 4.334814e+02	 2.303523e+03	 1.166900e+03	 2.092400e+03	 
 3.505587e+02	 2.015579e+03	 1.166900e+03	 1.586300e+03	 
 3.354340e+02	 2.303523e+03	 2.605000e+02	 3.023000e+02	 
 4.628023e+02	 2.303524e+03	 2.640000e+01	 2.835400e+03	 
 4.326670e+02	 2.303523e+03	 1.143800e+03	 2.092400e+03	 
 3.571682e+02	 2.303523e+03	 1.071200e+03	 2.092400e+03	 
 3.692340e+02	 2.303523e+03	 2.791000e+02	 3.336000e+02	 
 4.883826e-02	 3.054576e+03	 6.200000e+00	 1.450000e+01	 
 2.570539e-01	 3.054576e+03	 9.871000e+02	 2.092400e+03	 
 4.432543e+02	 2.303523e+03	 1.166900e+03	 2.092400e+03	 
 3.512159e+02	 2.303523e+03	 2.605000e+02	 3.023000e+02	 
 4.676888e+02	 2.303523e+03	 2.640000e+01	 2.835400e+03	 
 4.375535e+02	 2.303523e+03	 1.166900e+03	 2.092400e+03	 
 4.888613e+02	 2.303523e+03	 1.181500e+03	 1.904300e+03	 
 3.251106e+02	 2.303523e+03	 2.734000e+02	 3.201000e+02	 
 1.800746e+02	 2.303523e+03	 1.990000e+01	 1.043500e+03	 
 6.030633e+02	 3.054577e+03	 1.181500e+03	 1.586300e+03	 
 4.318526e+02	 2.303523e+03	 1.166900e+03	 2.092400e+03	 
 3.241520e+02	 2.303523e+03	 2.734000e+02	 312	 
 2.664492e+01	 2.303523e+03	 6.200000e+00	 2.626000e+02	 
 4.310382e+02	 2.303523e+03	 1.166900e+03	 2160	 
 4.261517e+02	 2.303523e+03	 1.071200e+03	 2.848100e+03	 
 3.303631e+02	 2.303523e+03	 2.625000e+02	 3.432000e+02	 
 3.838505e+02	 2.303523e+03	 5.800000e+00	 2.732700e+03	 
 4.554705e+02	 2.428568e+03	 1.229200e+03	 2.092400e+03	 
 4.725731e+02	 2.326640e+03	 1.409600e+03	 2.002200e+03	 
 3.291911e+02	 2.303523e+03	 2.605000e+02	 3.775000e+02	 
 4.391823e+02	 2.303523e+03	 1.680000e+01	 2.636700e+03	 
 4.228941e+02	 2.303523e+03	 9.871000e+02	 2.092400e+03	 
 3.401360e+02	 2.303523e+03	 9.871000e+02	 2.092400e+03	 
 3.289466e+02	 2.303523e+03	 2.625000e+02	 2.978000e+02	 
 4.403657e+02	 2.303523e+03	 6.200000e+00	 2.732700e+03	 
 4.562849e+02	 2.346850e+03	 1.229200e+03	 2.092400e+03	 
 4.171932e+02	 2.303523e+03	 1.166900e+03	 2.092400e+03	 
 3.611827e+02	 2.303523e+03	 2.791000e+02	 3.432000e+02	 
 1.298871e+01	 2.303523e+03	 5.800000e+00	 1.970000e+01	 
 3.505587e+02	 2.015579e+03	 1.166900e+03	 1.577500e+03	 
 5.836669e+02	 3.236775e+03	 1.471800e+03	 2.002200e+03	 
 3.601093e+02	 2.303523e+03	 2.791000e+02	 3.432000e+02	 
 3.446783e+02	 2.303523e+03	 2.791000e+02	 3.432000e+02	 
 3.281587e+02	 2.303523e+03	 2.791000e+02	 3.432000e+02	 
 3.163576e+02	 2.303523e+03	 2.791000e+02	 3.432000e+02	 
 3.033158e+02	 2.303523e+03	 2.791000e+02	 3.432000e+02	 
 2.922937e+02	 2.303523e+03	 2.791000e+02	 3.432000e+02	 
 2.815349e+02	 2.303523e+03	 2.791000e+02	 3.432000e+02	 
 2.721796e+02	 2.303523e+03	 2.791000e+02	 3.432000e+02	 
 2.608917e+02	 2.303523e+03	 2.734000e+02	 3.432000e+02	 
 2.541343e+02	 2.303523e+03	 2.791000e+02	 3.432000e+02	 
 2.454421e+02	 2.303523e+03	 2.753000e+02	 3.432000e+02	 
 2.377309e+02	 2.303523e+03	 2.757000e+02	 3.432000e+02	 
 2.315020e+02	 2.303523e+03	 2.791000e+02	 3.432000e+02	 
 2.253384e+02	 2.303523e+03	 2.791000e+02	 3.432000e+02	 
 2.188868e+02	 2.303523e+03	 2.759000e+02	 3.432000e+02	 
 2.138456e+02	 2.303523e+03	 2.791000e+02	 3.432000e+02	 
 2.077568e+02	 2.303523e+03	 2.747000e+02	 3.432000e+02	 
 2.022632e+02	 2.303523e+03	 2.791000e+02	 3.432000e+02	 
 1.969565e+02	 2.303523e+03	 2.791000e+02	 3.432000e+02	 
 1.917971e+02	 2.303523e+03	 2.625000e+02	 3.432000e+02	 
 1.876786e+02	 2.303523e+03	 2.754000e+02	 3.432000e+02	 
 1.837089e+02	 2.303523e+03	 2.791000e+02	 3.432000e+02	 
 1.787324e+02	 2.303523e+03	 2.775000e+02	 3.432000e+02	 
 3.616591e+02	 2.303523e+03	 2.791000e+02	 3.432000e+02	 
 3.431332e+02	 2.303523e+03	 2.791000e+02	 3.337000e+02	 
 3.443389e+02	 2.303523e+03	 2.791000e+02	 3.432000e+02	 
 3.440870e+02	 2.303523e+03	 2.791000e+02	 3.432000e+02	 
 3.443509e+02	 2.303523e+03	 2.791000e+02	 3.432000e+02	 
 3.469543e+02	 2.303523e+03	 2.791000e+02	 3.432000e+02	 
 3.441360e+02	 2.303523e+03	 2.791000e+02	 3.432000e+02	 
 3.452226e+02	 2.303523e+03	 2.791000e+02	 3.432000e+02	 
 3.452840e+02	 2.303523e+03	 2.791000e+02	 3.432000e+02	 
 3.457361e+02	 2.303523e+03	 2.791000e+02	 3.432000e+02	 
 3.443421e+02	 2.303523e+03	 2.791000e+02	 3.432000e+02	 
 3.430561e+02	 2.303523e+03	 2.791000e+02	 3.432000e+02	 
 3.458330e+02	 2.303523e+03	 2.791000e+02	 3.432000e+02	 
 3.422609e+02	 2.303523e+03	 2.791000e+02	 3.432000e+02	 
 3.460180e+02	 2.303523e+03	 2.791000e+02	 3.432000e+02	 
 3.431242e+02	 2.303523e+03	 2.791000e+02	 3.432000e+02	 
 3.438181e+02	 2.303523e+03	 2.791000e+02	 3.432000e+02	 
 3.438391e+02	 2.303523e+03	 2.791000e+02	 3.432000e+02	 
 3.452114e+02	 2.303523e+03	 2.791000e+02	 3.432000e+02	 
 3.462702e+02	 2.303523e+03	 2.791000e+02	 3.432000e+02	 
 3.459641e+02	 2.303523e+03	 2.832000e+02	 3.432000e+02	 
 3.609488e+02	 2.303523e+03	 2.791000e+02	 3.432000e+02	 
 3.446783e+02	 2.303523e+03	 2.791000e+02	 3.432000e+02	 
 3.281587e+02	 2.303523e+03	 2.791000e+02	 3.432000e+02	 
 3.163576e+02	 2.303523e+03	 2.791000e+02	 3.432000e+02	 
 3.033158e+02	 2.303523e+03	 2.791000e+02	 3.432000e+02	 
 2.922937e+02	 2.303523e+03	 2.791000e+02	 3.432000e+02	 
 2.815349e+02	 2.303523e+03	 2.791000e+02	 3.432000e+02	 
 2.721796e+02	 2.303523e+03	 2.791000e+02	 3.432000e+02	 
 2.608917e+02	 2.303523e+03	 2.734000e+02	 3.432000e+02	 
 2.541343e+02	 2.303523e+03	 2.791000e+02	 3.432000e+02	 
 2.454421e+02	 2.303523e+03	 2.753000e+02	 3.432000e+02	 
 2.377309e+02	 2.303523e+03	 2.757000e+02	 3.432000e+02	 
 2.315020e+02	 2.303523e+03	 2.791000e+02	 3.432000e+02	 
 2.253384e+02	 2.303523e+03	 2.791000e+02	 3.432000e+02	 
 2.188868e+02	 2.303523e+03	 2.759000e+02	 3.432000e+02	 
 2.138456e+02	 2.303523e+03	 2.791000e+02	 3.432000e+02	 
 2.077568e+02	 2.303523e+03	 2.747000e+02	 3.432000e+02	 
 3.616591e+02	 2.303523e+03	 2.791000e+02	 3.432000e+02	 
 3.431332e+02	 2.303523e+03	 2.791000e+02	 3.337000e+02	 
 3.443389e+02	 2.303523e+03	 2.791000e+02	 3.432000e+02	 
 3.440870e+02	 2.303523e+03	 2.791000e+02	 3.432000e+02	 
 3.443509e+02	 2.303523e+03	 2.791000e+02	 3.432000e+02	 
 3.469543e+02	 2.303523e+03	 2.791000e+02	 3.432000e+02	 
 3.441360e+02	 2.303523e+03	 2.791000e+02	 3.432000e+02	 
 3.452226e+02	 2.303523e+03	 2.791000e+02	 3.432000e+02	 
 3.452840e+02	 2.303523e+03	 2.791000e+02	 3.432000e+02	 
 3.457361e+02	 2.303523e+03	 2.791000e+02	 3.432000e+02	 
 3.443421e+02	 2.303523e+03	 2.791000e+02	 3.432000e+02	 
 3.430561e+02	 2.303523e+03	 2.791000e+02	 3.432000e+02	 
 3.458330e+02	 2.303523e+03	 2.791000e+02	 3.432000e+02	 
 3.422609e+02	 2.303523e+03	 2.791000e+02	 3.432000e+02	 
 3.460180e+02	 2.303523e+03	 2.791000e+02	 3.432000e+02	 
 3.431242e+02	 2.303523e+03	 2.791000e+02	 3.432000e+02	 
 3.438181e+02	 2.303523e+03	 2.791000e+02	 3.432000e+02	 
 3.438391e+02	 2.303523e+03	 2.791000e+02	 3.432000e+02	 
 3.452114e+02	 2.303523e+03	 2.791000e+02	 3.432000e+02	 
 3.462702e+02	 2.303523e+03	 2.791000e+02	 3.432000e+02	 
 3.459641e+02	 2.303523e+03	 2.832000e+02	 3.432000e+02	 
 3.609488e+02	 2.303523e+03	 2.791000e+02	 3.432000e+02	 
 3.446783e+02	 2.303523e+03	 2.791000e+02	 3.432000e+02	 
 3.281587e+02	 2.303523e+03	 2.791000e+02	 3.432000e+02	 
 3.163576e+02	 2.303523e+03	 2.791000e+02	 3.432000e+02	 
 3.033158e+02	 2.303523e+03	 2.791000e+02	 3.432000e+02	 
 2.922937e+02	 2.303523e+03	 2.791000e+02	 3.432000e+02	 
 2.815349e+02	 2.303523e+03	 2.791000e+02	 3.432000e+02	 
 2.721796e+02	 2.303523e+03	 2.791000e+02	 3.432000e+02	 
 2.608917e+02	 2.303523e+03	 2.734000e+02	 3.432000e+02	 
 2.541343e+02	 2.303523e+03	 2.791000e+02	 3.432000e+02	 
 2.454421e+02	 2.303523e+03	 2.753000e+02	 3.432000e+02	 
 2.377309e+02	 2.303523e+03	 2.757000e+02	 3.432000e+02	 
 2.315020e+02	 2.303523e+03	 2.791000e+02	 3.432000e+02	 
 2.253384e+02	 2.303523e+03	 2.791000e+02	 3.432000e+02	 
 2.188868e+02	 2.303523e+03	 2.759000e+02	 3.432000e+02	 
 2.138456e+02	 2.303523e+03	 2.791000e+02	 3.432000e+02	 
 2.077568e+02	 2.303523e+03	 2.747000e+02	 3.432000e+02	 
 3.619757e+02	 2.303523e+03	 2.791000e+02	 3.775000e+02	 
 3.601093e+02	 2.303523e+03	 2.791000e+02	 3.432000e+02	 
 3.446783e+02	 2.303523e+03	 2.791000e+02	 3.432000e+02	 
 3.281587e+02	 2.303523e+03	 2.791000e+02	 3.432000e+02	 
 3.163576e+02	 2.303523e+03	 2.791000e+02	 3.432000e+02	 
 3.033158e+02	 2.303523e+03	 2.791000e+02	 3.432000e+02	 
 2.922937e+02	 2.303523e+03	 2.791000e+02	 3.432000e+02	 
 2.815349e+02	 2.303523e+03	 2.791000e+02	 3.432000e+02	 
 2.721796e+02	 2.303523e+03	 2.791000e+02	 3.432000e+02	 
 2.608917e+02	 2.303523e+03	 2.734000e+02	 3.432000e+02	 
 2.541343e+02	 2.303523e+03	 2.791000e+02	 3.432000e+02	 
 2.454421e+02	 2.303523e+03	 2.753000e+02	 3.432000e+02	 
 2.377309e+02	 2.303523e+03	 2.757000e+02	 3.432000e+02	 
 2.315020e+02	 2.303523e+03	 2.791000e+02	 3.432000e+02	 
 2.253384e+02	 2.303523e+03	 2.791000e+02	 3.432000e+02	 
 2.188868e+02	 2.303523e+03	 2.759000e+02	 3.432000e+02	 
 2.138456e+02	 2.303523e+03	 2.791000e+02	 3.432000e+02	 
 2.077568e+02	 2.303523e+03	 2.747000e+02	 3.432000e+02	 
 2.022632e+02	 2.303523e+03	 2.791000e+02	 3.432000e+02	 
 1.969565e+02	 2.303523e+03	 2.791000e+02	 3.432000e+02	 
 1.917971e+02	 2.303523e+03	 2.625000e+02	 3.432000e+02	 
 1.876786e+02	 2.303523e+03	 2.754000e+02	 3.432000e+02	 
 1.837089e+02	 2.303523e+03	 2.791000e+02	 3.432000e+02	 
 1.787324e+02	 2.303523e+03	 2.775000e+02	 3.432000e+02	 
 1.753859e+02	 2.303523e+03	 2.791000e+02	 3.432000e+02	 
 1.705191e+02	 2.303523e+03	 2.634000e+02	 3.432000e+02	 
 1.678308e+02	 2.303523e+03	 2.791000e+02	 3.432000e+02	 
 1.644677e+02	 2.303523e+03	 2.791000e+02	 3.432000e+02	 
 1.613434e+02	 2.303523e+03	 2.791000e+02	 3.432000e+02	 
 1.586121e+02	 2.303523e+03	 2.791000e+02	 3.432000e+02	 
 1.550575e+02	 2.303523e+03	 2.791000e+02	 3.432000e+02	 
 1.521917e+02	 2.303523e+03	 2.791000e+02	 3.432000e+02	 
 1.502466e+02	 2.303523e+03	 2.791000e+02	 3.432000e+02	 
 1.457326e+02	 2.303523e+03	 2.605000e+02	 3.432000e+02	 
 1.441136e+02	 2.303523e+03	 2.791000e+02	 3.432000e+02	 
 3.616591e+02	 2.303523e+03	 2.791000e+02	 3.432000e+02	 
 3.431332e+02	 2.303523e+03	 2.791000e+02	 3.337000e+02	 
 3.443389e+02	 2.303523e+03	 2.791000e+02	 3.432000e+02	 
 3.440870e+02	 2.303523e+03	 2.791000e+02	 3.432000e+02	 
 3.443509e+02	 2.303523e+03	 2.791000e+02	 3.432000e+02	 
 3.469543e+02	 2.303523e+03	 2.791000e+02	 3.432000e+02	 
 3.441360e+02	 2.303523e+03	 2.791000e+02	 3.432000e+02	 
 3.452226e+02	 2.303523e+03	 2.791000e+02	 3.432000e+02	 
 3.452840e+02	 2.303523e+03	 2.791000e+02	 3.432000e+02	 
 3.457361e+02	 2.303523e+03	 2.791000e+02	 3.432000e+02	 
 3.443421e+02	 2.303523e+03	 2.791000e+02	 3.432000e+02	 
 3.430561e+02	 2.303523e+03	 2.791000e+02	 3.432000e+02	 
 3.458330e+02	 2.303523e+03	 2.791000e+02	 3.432000e+02	 
 3.422609e+02	 2.303523e+03	 2.791000e+02	 3.432000e+02	 
 3.460180e+02	 2.303523e+03	 2.791000e+02	 3.432000e+02	 
 3.431242e+02	 2.303523e+03	 2.791000e+02	 3.432000e+02	 
 3.438181e+02	 2.303523e+03	 2.791000e+02	 3.432000e+02	 
 3.438391e+02	 2.303523e+03	 2.791000e+02	 3.432000e+02	 
 3.452114e+02	 2.303523e+03	 2.791000e+02	 3.432000e+02	 
 3.462702e+02	 2.303523e+03	 2.791000e+02	 3.432000e+02	 
 3.459641e+02	 2.303523e+03	 2.832000e+02	 3.432000e+02	 
 3.609488e+02	 2.303523e+03	 2.791000e+02	 3.432000e+02	 
 3.446783e+02	 2.303523e+03	 2.791000e+02	 3.432000e+02	 
 3.281587e+02	 2.303523e+03	 2.791000e+02	 3.432000e+02	 
 3.163576e+02	 2.303523e+03	 2.791000e+02	 3.432000e+02	 
 3.033158e+02	 2.303523e+03	 2.791000e+02	 3.432000e+02	 
 2.922937e+02	 2.303523e+03	 2.791000e+02	 3.432000e+02	 
 2.815349e+02	 2.303523e+03	 2.791000e+02	 3.432000e+02	 
 2.721796e+02	 2.303523e+03	 2.791000e+02	 3.432000e+02	 
 2.608917e+02	 2.303523e+03	 2.734000e+02	 3.432000e+02	 
 2.541343e+02	 2.303523e+03	 2.791000e+02	 3.432000e+02	 
 2.454421e+02	 2.303523e+03	 2.753000e+02	 3.432000e+02	 
 2.377309e+02	 2.303523e+03	 2.757000e+02	 3.432000e+02	 
 2.315020e+02	 2.303523e+03	 2.791000e+02	 3.432000e+02	 
 2.253384e+02	 2.303523e+03	 2.791000e+02	 3.432000e+02	 
 2.188868e+02	 2.303523e+03	 2.759000e+02	 3.432000e+02	 
 2.138456e+02	 2.303523e+03	 2.791000e+02	 3.432000e+02	 
 2.077568e+02	 2.303523e+03	 2.747000e+02	 3.432000e+02	 
 3.616591e+02	 2.303523e+03	 2.791000e+02	 3.432000e+02	 
 3.431332e+02	 2.303523e+03	 2.791000e+02	 3.337000e+02	 
 3.443389e+02	 2.303523e+03	 2.791000e+02	 3.432000e+02	 
 3.440870e+02	 2.303523e+03	 2.791000e+02	 3.432000e+02	 
 3.443509e+02	 2.303523e+03	 2.791000e+02	 3.432000e+02	 
 3.469543e+02	 2.303523e+03	 2.791000e+02	 3.432000e+02	 
 3.441360e+02	 2.303523e+03	 2.791000e+02	 3.432000e+02	 
 3.452226e+02	 2.303523e+03	 2.791000e+02	 3.432000e+02	 
 3.452840e+02	 2.303523e+03	 2.791000e+02	 3.432000e+02	 
 3.457361e+02	 2.303523e+03	 2.791000e+02	 3.432000e+02	 
 3.443421e+02	 2.303523e+03	 2.791000e+02	 3.432000e+02	 
 3.430561e+02	 2.303523e+03	 2.791000e+02	 3.432000e+02	 
 3.458330e+02	 2.303523e+03	 2.791000e+02	 3.432000e+02	 
 3.422609e+02	 2.303523e+03	 2.791000e+02	 3.432000e+02	 
 3.460180e+02	 2.303523e+03	 2.791000e+02	 3.432000e+02	 
 3.431242e+02	 2.303523e+03	 2.791000e+02	 3.432000e+02	 
 3.438181e+02	 2.303523e+03	 2.791000e+02	 3.432000e+02	 
 3.438391e+02	 2.303523e+03	 2.791000e+02	 3.432000e+02	 
 3.452114e+02	 2.303523e+03	 2.791000e+02	 3.432000e+02	 
 3.462702e+02	 2.303523e+03	 2.791000e+02	 3.432000e+02	 
 3.459641e+02	 2.303523e+03	 2.832000e+02	 3.432000e+02	 
 3.609488e+02	 2.303523e+03	 2.791000e+02	 3.432000e+02	 
 1.753859e+02	 2.303523e+03	 2.791000e+02	 3.432000e+02	 
 1.705191e+02	 2.303523e+03	 2.634000e+02	 3.432000e+02	 
 1.678308e+02	 2.303523e+03	 2.791000e+02	 3.432000e+02	 
 1.644677e+02	 2.303523e+03	 2.791000e+02	 3.432000e+02	 
 1.613434e+02	 2.303523e+03	 2.791000e+02	 3.432000e+02	 
 1.586121e+02	 2.303523e+03	 2.791000e+02	 3.432000e+02	 
 1.550575e+02	 2.303523e+03	 2.791000e+02	 3.432000e+02	 
 1.521917e+02	 2.303523e+03	 2.791000e+02	 3.432000e+02	 
 1.502466e+02	 2.303523e+03	 2.791000e+02	 3.432000e+02	 
 1.457326e+02	 2.303523e+03	 2.605000e+02	 3.432000e+02	 
 1.441136e+02	 2.303523e+03	 2.791000e+02	 3.432000e+02	 
 1.407922e+02	 2.303523e+03	 2.698000e+02	 3.432000e+02	 
 1.391004e+02	 2.303523e+03	 2.791000e+02	 3.432000e+02	 
 3.616591e+02	 2.303523e+03	 2.791000e+02	 3.432000e+02	 
 3.431332e+02	 2.303523e+03	 2.791000e+02	 3.337000e+02	 
 3.443389e+02	 2.303523e+03	 2.791000e+02	 3.432000e+02	 
 3.440870e+02	 2.303523e+03	 2.791000e+02	 3.432000e+02	 
 3.443509e+02	 2.303523e+03	 2.791000e+02	 3.432000e+02	 
 3.469543e+02	 2.303523e+03	 2.791000e+02	 3.432000e+02	 
 3.441360e+02	 2.303523e+03	 2.791000e+02	 3.432000e+02	 
 3.452226e+02	 2.303523e+03	 2.791000e+02	 3.432000e+02	 
 3.452840e+02	 2.303523e+03	 2.791000e+02	 3.432000e+02	 
 3.457361e+02	 2.303523e+03	 2.791000e+02	 3.432000e+02	 
 3.443421e+02	 2.303523e+03	 2.791000e+02	 3.432000e+02	 
 3.430561e+02	 2.303523e+03	 2.791000e+02	 3.432000e+02	 
 3.458330e+02	 2.303523e+03	 2.791000e+02	 3.432000e+02	 
 3.422609e+02	 2.303523e+03	 2.791000e+02	 3.432000e+02	 
 3.460180e+02	 2.303523e+03	 2.791000e+02	 3.432000e+02	 
 3.431242e+02	 2.303523e+03	 2.791000e+02	 3.432000e+02	 
 3.438181e+02	 2.303523e+03	 2.791000e+02	 3.432000e+02	 
 3.438391e+02	 2.303523e+03	 2.791000e+02	 3.432000e+02	 
 3.452114e+02	 2.303523e+03	 2.791000e+02	 3.432000e+02	 
 3.462702e+02	 2.303523e+03	 2.791000e+02	 3.432000e+02	 
 3.459641e+02	 2.303523e+03	 2.832000e+02	 3.432000e+02	 
 3.609488e+02	 2.303523e+03	 2.791000e+02	 3.432000e+02	 
 2.022632e+02	 2.303523e+03	 2.791000e+02	 3.432000e+02	 
 1.969565e+02	 2.303523e+03	 2.791000e+02	 3.432000e+02	 
 1.917971e+02	 2.303523e+03	 2.625000e+02	 3.432000e+02	 
 1.876786e+02	 2.303523e+03	 2.754000e+02	 3.432000e+02	 
 1.837089e+02	 2.303523e+03	 2.791000e+02	 3.432000e+02	 
 1.787324e+02	 2.303523e+03	 2.775000e+02	 3.432000e+02	 
 1.753859e+02	 2.303523e+03	 2.791000e+02	 3.432000e+02	 
 1.705191e+02	 2.303523e+03	 2.634000e+02	 3.432000e+02	 
 1.678308e+02	 2.303523e+03	 2.791000e+02	 3.432000e+02	 
 1.644677e+02	 2.303523e+03	 2.791000e+02	 3.432000e+02	 
 1.613434e+02	 2.303523e+03	 2.791000e+02	 3.432000e+02	 
 1.586121e+02	 2.303523e+03	 2.791000e+02	 3.432000e+02	 
 1.550575e+02	 2.303523e+03	 2.791000e+02	 3.432000e+02	 
 3.616591e+02	 2.303523e+03	 2.791000e+02	 3.432000e+02	 
 3.431332e+02	 2.303523e+03	 2.791000e+02	 3.337000e+02	 
 3.443389e+02	 2.303523e+03	 2.791000e+02	 3.432000e+02	 
 3.440870e+02	 2.303523e+03	 2.791000e+02	 3.432000e+02	 
 3.443509e+02	 2.303523e+03	 2.791000e+02	 3.432000e+02	 
 3.469543e+02	 2.303523e+03	 2.791000e+02	 3.432000e+02	 
 3.441360e+02	 2.303523e+03	 2.791000e+02	 3.432000e+02	 
 3.452226e+02	 2.303523e+03	 2.791000e+02	 3.432000e+02	 
 3.452840e+02	 2.303523e+03	 2.791000e+02	 3.432000e+02	 
 3.457361e+02	 2.303523e+03	 2.791000e+02	 3.432000e+02	 
 3.443421e+02	 2.303523e+03	 2.791000e+02	 3.432000e+02	 
 3.430561e+02	 2.303523e+03	 2.791000e+02	 3.432000e+02	 
 3.458330e+02	 2.303523e+03	 2.791000e+02	 3.432000e+02	 
 3.422609e+02	 2.303523e+03	 2.791000e+02	 3.432000e+02	 
 3.460180e+02	 2.303523e+03	 2.791000e+02	 3.432000e+02	 
 3.431242e+02	 2.303523e+03	 2.791000e+02	 3.432000e+02	 
 3.438181e+02	 2.303523e+03	 2.791000e+02	 3.432000e+02	 
 3.438391e+02	 2.303523e+03	 2.791000e+02	 3.432000e+02	 
 3.452114e+02	 2.303523e+03	 2.791000e+02	 3.432000e+02	 
 3.462702e+02	 2.303523e+03	 2.791000e+02	 3.432000e+02	 
 3.459641e+02	 2.303523e+03	 2.832000e+02	 3.432000e+02	 
 3.609488e+02	 2.303523e+03	 2.791000e+02	 3.432000e+02	 
 1.753859e+02	 2.303523e+03	 2.791000e+02	 3.432000e+02	 
 1.705191e+02	 2.303523e+03	 2.634000e+02	 3.432000e+02	 
 1.678308e+02	 2.303523e+03	 2.791000e+02	 3.432000e+02	 
 1.644677e+02	 2.303523e+03	 2.791000e+02	 3.432000e+02	 
 1.613434e+02	 2.303523e+03	 2.791000e+02	 3.432000e+02	 
 1.586121e+02	 2.303523e+03	 2.791000e+02	 3.432000e+02	 
 1.550575e+02	 2.303523e+03	 2.791000e+02	 3.432000e+02	 
 1.521917e+02	 2.303523e+03	 2.791000e+02	 3.432000e+02	 
 1.502466e+02	 2.303523e+03	 2.791000e+02	 3.432000e+02	 
 1.457326e+02	 2.303523e+03	 2.605000e+02	 3.432000e+02	 
 1.441136e+02	 2.303523e+03	 2.791000e+02	 3.432000e+02	 
 1.407922e+02	 2.303523e+03	 2.698000e+02	 3.432000e+02	 
 1.391004e+02	 2.303523e+03	 2.791000e+02	 3.432000e+02	 
 3.616591e+02	 2.303523e+03	 2.791000e+02	 3.432000e+02	 
 3.431332e+02	 2.303523e+03	 2.791000e+02	 3.337000e+02	 
 3.443389e+02	 2.303523e+03	 2.791000e+02	 3.432000e+02	 
 3.440870e+02	 2.303523e+03	 2.791000e+02	 3.432000e+02	 
 3.443509e+02	 2.303523e+03	 2.791000e+02	 3.432000e+02	 
 3.469543e+02	 2.303523e+03	 2.791000e+02	 3.432000e+02	 
 3.441360e+02	 2.303523e+03	 2.791000e+02	 3.432000e+02	 
 3.452226e+02	 2.303523e+03	 2.791000e+02	 3.432000e+02	 
 3.452840e+02	 2.303523e+03	 2.791000e+02	 3.432000e+02	 
 3.457361e+02	 2.303523e+03	 2.791000e+02	 3.432000e+02	 
 3.443421e+02	 2.303523e+03	 2.791000e+02	 3.432000e+02	 
 3.430561e+02	 2.303523e+03	 2.791000e+02	 3.432000e+02	 
 3.458330e+02	 2.303523e+03	 2.791000e+02	 3.432000e+02	 
 3.422609e+02	 2.303523e+03	 2.791000e+02	 3.432000e+02	 
 3.460180e+02	 2.303523e+03	 2.791000e+02	 3.432000e+02	 
 3.431242e+02	 2.303523e+03	 2.791000e+02	 3.432000e+02	 
 3.438181e+02	 2.303523e+03	 2.791000e+02	 3.432000e+02	 
 3.438391e+02	 2.303523e+03	 2.791000e+02	 3.432000e+02	 
 3.452114e+02	 2.303523e+03	 2.791000e+02	 3.432000e+02	 
 3.462702e+02	 2.303523e+03	 2.791000e+02	 3.432000e+02	 
 3.459641e+02	 2.303523e+03	 2.832000e+02	 3.432000e+02	 
 3.609488e+02	 2.303523e+03	 2.791000e+02	 3.432000e+02	 
 3.446783e+02	 2.303523e+03	 2.791000e+02	 3.432000e+02	 
 3.281587e+02	 2.303523e+03	 2.791000e+02	 3.432000e+02	 
 3.163576e+02	 2.303523e+03	 2.791000e+02	 3.432000e+02	 
 3.033158e+02	 2.303523e+03	 2.791000e+02	 3.432000e+02	 
 2.922937e+02	 2.303523e+03	 2.791000e+02	 3.432000e+02	 
 2.815349e+02	 2.303523e+03	 2.791000e+02	 3.432000e+02	 
 2.721796e+02	 2.303523e+03	 2.791000e+02	 3.432000e+02	 
 2.608917e+02	 2.303523e+03	 2.734000e+02	 3.432000e+02	 
 2.541343e+02	 2.303523e+03	 2.791000e+02	 3.432000e+02	 
 2.454421e+02	 2.303523e+03	 2.753000e+02	 3.432000e+02	 
 2.377309e+02	 2.303523e+03	 2.757000e+02	 3.432000e+02	 
 2.315020e+02	 2.303523e+03	 2.791000e+02	 3.432000e+02	 
 2.253384e+02	 2.303523e+03	 2.791000e+02	 3.432000e+02	 
 2.188868e+02	 2.303523e+03	 2.759000e+02	 3.432000e+02	 
 2.138456e+02	 2.303523e+03	 2.791000e+02	 3.432000e+02	 
 2.077568e+02	 2.303523e+03	 2.747000e+02	 3.432000e+02	 
 