s	 e	 nS	 nE	 p	 f
0	 0	 0	 0	 0	 0	 
 303	 324	 309	 318	 0	 9	 
 303	 324	 300	 335	 0	 35	 
 303	 324	 300	 331	 0	 31	 
 303	 324	 300	 331	 0	 31	 
 303	 324	 300	 332	 0	 32	 
 303	 324	 300	 329	 0	 29	 
 303	 324	 308	 319	 0	 11	 
 303	 324	 300	 329	 0	 29	 
 303	 324	 300	 328	 0	 28	 
 303	 324	 302	 325	 0	 23	 
 303	 324	 300	 330	 0	 30	 
 303	 324	 300	 333	 0	 33	 
 303	 324	 300	 335	 0	 35	 
 303	 324	 309	 318	 0	 9	 
 303	 324	 308	 319	 0	 11	 
 303	 324	 307	 320	 0	 13	 
 303	 324	 307	 320	 0	 13	 
 303	 324	 300	 335	 0	 35	 
 303	 324	 300	 328	 0	 28	 
 303	 324	 302	 325	 0	 23	 
 303	 324	 300	 327	 0	 27	 
 303	 324	 300	 329	 0	 29	 
 303	 324	 309	 318	 0	 9	 
 303	 324	 300	 334	 0	 34	 
 303	 324	 300	 334	 0	 34	 
 303	 324	 309	 318	 0	 9	 
 303	 324	 309	 318	 0	 9	 
 303	 324	 300	 333	 0	 33	 
 303	 324	 300	 335	 0	 35	 
 303	 324	 302	 325	 0	 23	 
 303	 324	 301	 326	 0	 25	 
 303	 324	 300	 331	 0	 31	 
 303	 324	 306	 321	 0	 15	 
 303	 324	 309	 318	 0	 9	 
 303	 324	 300	 328	 0	 28	 
 303	 324	 300	 335	 0	 35	 
 303	 324	 309	 318	 0	 9	 
 303	 324	 309	 318	 0	 9	 
 303	 324	 300	 329	 0	 29	 
 303	 324	 300	 333	 0	 33	 
 303	 324	 309	 318	 0	 9	 
 303	 324	 309	 318	 0	 9	 
 303	 324	 300	 327	 0	 27	 
 303	 324	 300	 330	 0	 30	 
 303	 324	 309	 318	 0	 9	 
 303	 324	 300	 330	 0	 30	 
 303	 324	 309	 318	 0	 9	 
 303	 324	 307	 320	 0	 13	 
 303	 324	 300	 330	 0	 30	 
 303	 324	 300	 330	 0	 30	 
 303	 324	 302	 325	 0	 23	 
 303	 324	 309	 318	 0	 9	 
 303	 324	 309	 318	 0	 9	 
 303	 324	 300	 327	 0	 27	 
 303	 324	 300	 335	 0	 35	 
 303	 324	 308	 319	 0	 11	 
 303	 324	 300	 335	 0	 35	 
 303	 324	 302	 325	 0	 23	 
 303	 324	 300	 327	 0	 27	 
 303	 324	 306	 321	 0	 15	 
 303	 324	 309	 318	 0	 9	 
 303	 324	 300	 328	 0	 28	 
 303	 324	 307	 320	 0	 13	 
 303	 324	 300	 327	 0	 27	 
 303	 324	 309	 318	 0	 9	 
 303	 324	 300	 330	 0	 30	 
 303	 324	 300	 331	 0	 31	 
 303	 324	 300	 328	 0	 28	 
 303	 324	 304	 323	 0	 19	 
 303	 324	 302	 325	 0	 23	 
 303	 324	 300	 330	 0	 30	 
 303	 324	 309	 318	 0	 9	 
 303	 324	 309	 318	 0	 9	 
 303	 324	 300	 328	 0	 28	 
 303	 324	 309	 318	 0	 9	 
 303	 324	 300	 332	 0	 32	 
 303	 324	 300	 333	 0	 33	 
 303	 324	 300	 330	 0	 30	 
 303	 324	 309	 318	 0	 9	 
 303	 324	 309	 318	 0	 9	 
 303	 324	 309	 318	 0	 9	 
 303	 324	 305	 322	 0	 17	 
 303	 324	 300	 329	 0	 29	 
 303	 324	 300	 335	 0	 35	 
 303	 324	 309	 318	 0	 9	 
 303	 324	 300	 330	 0	 30	 
 303	 324	 300	 333	 0	 33	 
 303	 324	 300	 328	 0	 28	 
 303	 324	 308	 319	 0	 11	 
 303	 324	 300	 333	 0	 33	 
 303	 324	 305	 322	 0	 17	 
 303	 324	 301	 326	 0	 25	 
 303	 324	 300	 332	 0	 32	 
 303	 324	 309	 318	 0	 9	 
 303	 324	 302	 325	 0	 23	 
 303	 324	 300	 335	 0	 35	 
 303	 324	 301	 326	 0	 25	 
 303	 324	 300	 335	 0	 35	 
 303	 324	 306	 321	 0	 15	 
 0	 0	 0	 0	 0	 0	 
 0	 0	 0	 0	 0	 0	 
 303	 347	 312	 338	 0	 26	 
 303	 347	 300	 360	 0	 60	 
 303	 347	 300	 360	 0	 60	 
 303	 347	 300	 360	 0	 60	 
 303	 347	 320	 330	 0	 10	 
 303	 347	 300	 360	 0	 60	 
 303	 347	 317	 333	 0	 16	 
 303	 347	 312	 338	 0	 26	 
 303	 347	 300	 355	 0	 55	 
 303	 347	 316	 334	 0	 18	 
 303	 347	 300	 360	 0	 60	 
 303	 347	 300	 350	 0	 50	 
 303	 347	 300	 350	 0	 50	 
 303	 347	 301	 349	 0	 48	 
 303	 347	 317	 333	 0	 16	 
 303	 347	 313	 337	 0	 24	 
 303	 347	 300	 360	 0	 60	 
 303	 347	 308	 342	 0	 34	 
 303	 347	 300	 360	 0	 60	 
 303	 347	 310	 340	 0	 30	 
 303	 347	 300	 358	 0	 58	 
 303	 347	 320	 330	 0	 10	 
 303	 347	 300	 360	 0	 60	 
 303	 347	 313	 337	 0	 24	 
 303	 347	 308	 342	 0	 34	 
 303	 347	 300	 360	 0	 60	 
 303	 347	 301	 349	 0	 48	 
 303	 347	 310	 340	 0	 30	 
 303	 347	 304	 346	 0	 42	 
 303	 347	 304	 346	 0	 42	 
 303	 347	 300	 360	 0	 60	 
 303	 347	 300	 354	 0	 54	 
 303	 347	 318	 332	 0	 14	 
 303	 347	 315	 335	 0	 20	 
 303	 347	 300	 350	 0	 50	 
 303	 347	 300	 360	 0	 60	 
 303	 347	 300	 360	 0	 60	 
 303	 347	 314	 336	 0	 22	 
 303	 347	 320	 330	 0	 10	 
 303	 347	 320	 330	 0	 10	 
 303	 347	 320	 330	 0	 10	 
 303	 347	 300	 353	 0	 53	 
 303	 347	 300	 360	 0	 60	 
 303	 347	 300	 351	 0	 51	 
 303	 347	 300	 360	 0	 60	 
 303	 347	 300	 354	 0	 54	 
 303	 347	 320	 330	 0	 10	 
 303	 347	 320	 330	 0	 10	 
 303	 347	 300	 359	 0	 59	 
 303	 347	 307	 343	 0	 36	 
 303	 347	 302	 348	 0	 46	 
 303	 347	 312	 338	 0	 26	 
 303	 347	 314	 336	 0	 22	 
 303	 347	 315	 335	 0	 20	 
 303	 347	 312	 338	 0	 26	 
 303	 347	 300	 360	 0	 60	 
 303	 347	 300	 360	 0	 60	 
 303	 347	 300	 360	 0	 60	 
 303	 347	 300	 360	 0	 60	 
 303	 347	 300	 354	 0	 54	 
 303	 347	 300	 360	 0	 60	 
 303	 347	 311	 339	 0	 28	 
 303	 347	 304	 346	 0	 42	 
 303	 347	 300	 350	 0	 50	 
 303	 347	 300	 360	 0	 60	 
 303	 347	 300	 354	 0	 54	 
 303	 347	 314	 336	 0	 22	 
 303	 347	 319	 331	 0	 12	 
 303	 347	 320	 330	 0	 10	 
 303	 347	 305	 345	 0	 40	 
 303	 347	 319	 331	 0	 12	 
 303	 347	 300	 354	 0	 54	 
 303	 347	 313	 337	 0	 24	 
 303	 347	 302	 348	 0	 46	 
 303	 347	 320	 330	 0	 10	 
 303	 347	 307	 343	 0	 36	 
 303	 347	 320	 330	 0	 10	 
 303	 347	 319	 331	 0	 12	 
 303	 347	 314	 336	 0	 22	 
 303	 347	 300	 354	 0	 54	 
 303	 347	 309	 341	 0	 32	 
 303	 347	 312	 338	 0	 26	 
 303	 347	 300	 360	 0	 60	 
 303	 347	 320	 330	 0	 10	 
 303	 347	 320	 330	 0	 10	 
 303	 347	 300	 360	 0	 60	 
 303	 347	 300	 360	 0	 60	 
 303	 347	 307	 343	 0	 36	 
 303	 347	 316	 334	 0	 18	 
 303	 347	 300	 360	 0	 60	 
 303	 347	 300	 350	 0	 50	 
 303	 347	 300	 360	 0	 60	 
 303	 347	 320	 330	 0	 10	 
 303	 347	 300	 360	 0	 60	 
 303	 347	 318	 332	 0	 14	 
 303	 347	 314	 336	 0	 22	 
 303	 347	 311	 339	 0	 28	 
 303	 347	 318	 332	 0	 14	 
 303	 347	 305	 345	 0	 40	 
 0	 0	 0	 0	 0	 0	 
 0	 0	 0	 0	 0	 0	 
 303	 324	 309	 318	 0	 9	 
 303	 324	 309	 318	 0	 9	 
 303	 324	 300	 327	 0	 27	 
 303	 324	 300	 331	 0	 31	 
 303	 324	 309	 318	 0	 9	 
 303	 324	 307	 320	 0	 13	 
 303	 324	 309	 318	 0	 9	 
 303	 324	 309	 318	 0	 9	 
 303	 324	 309	 318	 0	 9	 
 303	 324	 304	 323	 0	 19	 
 303	 324	 302	 325	 0	 23	 
 303	 324	 300	 327	 0	 27	 
 303	 324	 300	 334	 0	 34	 
 303	 324	 300	 330	 0	 30	 
 303	 324	 300	 328	 0	 28	 
 303	 324	 301	 326	 0	 25	 
 303	 324	 305	 322	 0	 17	 
 303	 324	 309	 318	 0	 9	 
 303	 324	 309	 318	 0	 9	 
 303	 324	 300	 328	 0	 28	 
 303	 324	 302	 325	 0	 23	 
 303	 324	 300	 331	 0	 31	 
 303	 324	 301	 326	 0	 25	 
 303	 324	 309	 318	 0	 9	 
 303	 324	 300	 331	 0	 31	 
 303	 324	 305	 322	 0	 17	 
 303	 324	 300	 331	 0	 31	 
 303	 324	 300	 328	 0	 28	 
 303	 324	 300	 334	 0	 34	 
 303	 324	 309	 318	 0	 9	 
 303	 324	 309	 318	 0	 9	 
 303	 324	 300	 327	 0	 27	 
 303	 324	 300	 334	 0	 34	 
 303	 324	 300	 330	 0	 30	 
 303	 324	 300	 331	 0	 31	 
 303	 324	 307	 320	 0	 13	 
 303	 324	 305	 322	 0	 17	 
 303	 324	 308	 319	 0	 11	 
 303	 324	 302	 325	 0	 23	 
 303	 324	 300	 330	 0	 30	 
 303	 324	 300	 334	 0	 34	 
 303	 324	 309	 318	 0	 9	 
 303	 324	 309	 318	 0	 9	 
 303	 324	 307	 320	 0	 13	 
 303	 324	 309	 318	 0	 9	 
 303	 324	 305	 322	 0	 17	 
 303	 324	 304	 323	 0	 19	 
 303	 324	 309	 318	 0	 9	 
 303	 324	 300	 329	 0	 29	 
 303	 324	 300	 331	 0	 31	 
 303	 324	 309	 318	 0	 9	 
 303	 324	 309	 318	 0	 9	 
 303	 324	 309	 318	 0	 9	 
 303	 324	 309	 318	 0	 9	 
 303	 324	 309	 318	 0	 9	 
 303	 324	 309	 318	 0	 9	 
 303	 324	 300	 334	 0	 34	 
 303	 324	 300	 327	 0	 27	 
 303	 324	 304	 323	 0	 19	 
 303	 324	 302	 325	 0	 23	 
 303	 324	 300	 327	 0	 27	 
 303	 324	 304	 323	 0	 19	 
 303	 324	 306	 321	 0	 15	 
 303	 324	 308	 319	 0	 11	 
 303	 324	 309	 318	 0	 9	 
 303	 324	 300	 330	 0	 30	 
 303	 324	 300	 329	 0	 29	 
 303	 324	 305	 322	 0	 17	 
 303	 324	 309	 318	 0	 9	 
 303	 324	 302	 325	 0	 23	 
 303	 324	 309	 318	 0	 9	 
 303	 324	 309	 318	 0	 9	 
 303	 324	 305	 322	 0	 17	 
 303	 324	 306	 321	 0	 15	 
 303	 324	 306	 321	 0	 15	 
 303	 324	 300	 333	 0	 33	 
 303	 324	 309	 318	 0	 9	 
 303	 324	 300	 330	 0	 30	 
 303	 324	 300	 335	 0	 35	 
 303	 324	 308	 319	 0	 11	 
 303	 324	 300	 329	 0	 29	 
 303	 324	 309	 318	 0	 9	 
 303	 324	 301	 326	 0	 25	 
 303	 324	 300	 334	 0	 34	 
 303	 324	 305	 322	 0	 17	 
 303	 324	 302	 325	 0	 23	 
 303	 324	 304	 323	 0	 19	 
 303	 324	 307	 320	 0	 13	 
 303	 324	 300	 328	 0	 28	 
 303	 324	 305	 322	 0	 17	 
 303	 324	 300	 333	 0	 33	 
 303	 324	 300	 335	 0	 35	 
 303	 324	 307	 320	 0	 13	 
 303	 324	 309	 318	 0	 9	 
 303	 324	 309	 318	 0	 9	 
 303	 324	 304	 323	 0	 19	 
 303	 324	 309	 318	 0	 9	 
 303	 324	 301	 326	 0	 25	 
 303	 324	 309	 318	 0	 9	 
 0	 0	 0	 0	 0	 0	 
 0	 0	 0	 0	 0	 0	 
 326	 341	 322	 345	 1	 23	 
 326	 341	 320	 347	 1	 27	 
 326	 341	 320	 347	 1	 27	 
 326	 341	 329	 338	 1	 9	 
 326	 341	 321	 346	 1	 25	 
 326	 341	 327	 340	 1	 13	 
 326	 341	 318	 349	 1	 31	 
 326	 341	 329	 338	 1	 9	 
 326	 341	 324	 343	 1	 19	 
 326	 341	 329	 338	 1	 9	 
 326	 341	 320	 347	 1	 27	 
 326	 341	 318	 349	 1	 31	 
 326	 341	 321	 346	 1	 25	 
 326	 341	 318	 349	 1	 31	 
 326	 341	 329	 338	 1	 9	 
 326	 341	 324	 343	 1	 19	 
 326	 341	 323	 344	 1	 21	 
 326	 341	 320	 347	 1	 27	 
 326	 341	 329	 338	 1	 9	 
 326	 341	 327	 340	 1	 13	 
 326	 341	 329	 338	 1	 9	 
 326	 341	 321	 346	 1	 25	 
 326	 341	 329	 338	 1	 9	 
 326	 341	 324	 343	 1	 19	 
 326	 341	 329	 338	 1	 9	 
 326	 341	 322	 345	 1	 23	 
 326	 341	 322	 345	 1	 23	 
 326	 341	 322	 345	 1	 23	 
 326	 341	 329	 338	 1	 9	 
 326	 341	 319	 348	 1	 29	 
 326	 341	 320	 347	 1	 27	 
 326	 341	 329	 338	 1	 9	 
 326	 341	 329	 338	 1	 9	 
 326	 341	 329	 338	 1	 9	 
 326	 341	 320	 347	 1	 27	 
 326	 341	 329	 338	 1	 9	 
 326	 341	 329	 338	 1	 9	 
 326	 341	 329	 338	 1	 9	 
 326	 341	 319	 348	 1	 29	 
 326	 341	 327	 340	 1	 13	 
 326	 341	 318	 349	 1	 31	 
 326	 341	 323	 344	 1	 21	 
 326	 341	 318	 349	 1	 31	 
 326	 341	 329	 338	 1	 9	 
 326	 341	 323	 344	 1	 21	 
 326	 341	 328	 339	 1	 11	 
 326	 341	 329	 338	 1	 9	 
 326	 341	 325	 342	 1	 17	 
 326	 341	 319	 348	 1	 29	 
 326	 341	 318	 349	 1	 31	 
 326	 341	 324	 343	 1	 19	 
 326	 341	 329	 338	 1	 9	 
 326	 341	 325	 342	 1	 17	 
 326	 341	 319	 348	 1	 29	 
 326	 341	 328	 339	 1	 11	 
 326	 341	 329	 338	 1	 9	 
 326	 341	 329	 338	 1	 9	 
 326	 341	 329	 338	 1	 9	 
 326	 341	 329	 338	 1	 9	 
 326	 341	 318	 349	 1	 31	 
 326	 341	 329	 338	 1	 9	 
 326	 341	 329	 338	 1	 9	 
 326	 341	 327	 340	 1	 13	 
 326	 341	 325	 342	 1	 17	 
 326	 341	 323	 344	 1	 21	 
 326	 341	 323	 344	 1	 21	 
 326	 341	 329	 338	 1	 9	 
 326	 341	 320	 347	 1	 27	 
 326	 341	 322	 345	 1	 23	 
 326	 341	 329	 338	 1	 9	 
 326	 341	 321	 346	 1	 25	 
 326	 341	 322	 345	 1	 23	 
 326	 341	 329	 338	 1	 9	 
 326	 341	 318	 349	 1	 31	 
 326	 341	 327	 340	 1	 13	 
 326	 341	 319	 348	 1	 29	 
 326	 341	 329	 338	 1	 9	 
 326	 341	 321	 346	 1	 25	 
 326	 341	 324	 343	 1	 19	 
 326	 341	 318	 349	 1	 31	 
 326	 341	 322	 345	 1	 23	 
 326	 341	 325	 342	 1	 17	 
 326	 341	 324	 343	 1	 19	 
 326	 341	 328	 339	 1	 11	 
 326	 341	 329	 338	 1	 9	 
 326	 341	 329	 338	 1	 9	 
 326	 341	 322	 345	 1	 23	 
 326	 341	 329	 338	 1	 9	 
 326	 341	 324	 343	 1	 19	 
 326	 341	 325	 342	 1	 17	 
 326	 341	 319	 348	 1	 29	 
 326	 341	 329	 338	 1	 9	 
 326	 341	 323	 344	 1	 21	 
 326	 341	 329	 338	 1	 9	 
 326	 341	 329	 338	 1	 9	 
 326	 341	 325	 342	 1	 17	 
 326	 341	 318	 349	 1	 31	 
 326	 341	 327	 340	 1	 13	 
 326	 341	 329	 338	 1	 9	 
 0	 0	 0	 0	 0	 0	 
 0	 0	 0	 0	 0	 0	 
 303	 324	 305	 322	 0	 17	 
 303	 324	 308	 319	 0	 11	 
 303	 324	 300	 333	 0	 33	 
 303	 324	 300	 334	 0	 34	 
 303	 324	 309	 318	 0	 9	 
 303	 324	 300	 328	 0	 28	 
 303	 324	 307	 320	 0	 13	 
 303	 324	 309	 318	 0	 9	 
 303	 324	 300	 329	 0	 29	 
 303	 324	 300	 329	 0	 29	 
 303	 324	 309	 318	 0	 9	 
 303	 324	 301	 326	 0	 25	 
 303	 324	 302	 325	 0	 23	 
 303	 324	 300	 334	 0	 34	 
 303	 324	 300	 334	 0	 34	 
 303	 324	 300	 332	 0	 32	 
 303	 324	 300	 330	 0	 30	 
 303	 324	 309	 318	 0	 9	 
 303	 324	 300	 334	 0	 34	 
 303	 324	 302	 325	 0	 23	 
 303	 324	 300	 333	 0	 33	 
 303	 324	 306	 321	 0	 15	 
 303	 324	 300	 331	 0	 31	 
 303	 324	 304	 323	 0	 19	 
 303	 324	 309	 318	 0	 9	 
 303	 324	 300	 331	 0	 31	 
 303	 324	 300	 333	 0	 33	 
 303	 324	 304	 323	 0	 19	 
 303	 324	 300	 333	 0	 33	 
 303	 324	 300	 333	 0	 33	 
 303	 324	 309	 318	 0	 9	 
 303	 324	 300	 327	 0	 27	 
 303	 324	 305	 322	 0	 17	 
 303	 324	 300	 329	 0	 29	 
 303	 324	 306	 321	 0	 15	 
 303	 324	 305	 322	 0	 17	 
 303	 324	 309	 318	 0	 9	 
 303	 324	 304	 323	 0	 19	 
 303	 324	 306	 321	 0	 15	 
 303	 324	 309	 318	 0	 9	 
 303	 324	 309	 318	 0	 9	 
 303	 324	 309	 318	 0	 9	 
 303	 324	 301	 326	 0	 25	 
 303	 324	 309	 318	 0	 9	 
 303	 324	 309	 318	 0	 9	 
 303	 324	 304	 323	 0	 19	 
 303	 324	 301	 326	 0	 25	 
 303	 324	 301	 326	 0	 25	 
 303	 324	 307	 320	 0	 13	 
 303	 324	 309	 318	 0	 9	 
 303	 324	 309	 318	 0	 9	 
 303	 324	 307	 320	 0	 13	 
 303	 324	 300	 335	 0	 35	 
 303	 324	 301	 326	 0	 25	 
 303	 324	 302	 325	 0	 23	 
 303	 324	 300	 334	 0	 34	 
 303	 324	 300	 333	 0	 33	 
 303	 324	 309	 318	 0	 9	 
 303	 324	 304	 323	 0	 19	 
 303	 324	 300	 327	 0	 27	 
 303	 324	 306	 321	 0	 15	 
 303	 324	 300	 334	 0	 34	 
 303	 324	 306	 321	 0	 15	 
 303	 324	 301	 326	 0	 25	 
 303	 324	 300	 332	 0	 32	 
 303	 324	 300	 332	 0	 32	 
 303	 324	 300	 329	 0	 29	 
 303	 324	 309	 318	 0	 9	 
 303	 324	 308	 319	 0	 11	 
 303	 324	 306	 321	 0	 15	 
 303	 324	 305	 322	 0	 17	 
 303	 324	 309	 318	 0	 9	 
 303	 324	 300	 331	 0	 31	 
 303	 324	 304	 323	 0	 19	 
 303	 324	 300	 333	 0	 33	 
 303	 324	 300	 332	 0	 32	 
 303	 324	 308	 319	 0	 11	 
 303	 324	 301	 326	 0	 25	 
 303	 324	 300	 331	 0	 31	 
 303	 324	 309	 318	 0	 9	 
 303	 324	 309	 318	 0	 9	 
 303	 324	 300	 334	 0	 34	 
 303	 324	 300	 328	 0	 28	 
 303	 324	 307	 320	 0	 13	 
 303	 324	 300	 327	 0	 27	 
 303	 324	 300	 335	 0	 35	 
 303	 324	 309	 318	 0	 9	 
 303	 324	 300	 328	 0	 28	 
 303	 324	 308	 319	 0	 11	 
 303	 324	 300	 334	 0	 34	 
 303	 324	 300	 331	 0	 31	 
 303	 324	 300	 335	 0	 35	 
 303	 324	 301	 326	 0	 25	 
 303	 324	 309	 318	 0	 9	 
 303	 324	 300	 329	 0	 29	 
 303	 324	 300	 334	 0	 34	 
 303	 324	 304	 323	 0	 19	 
 303	 324	 300	 327	 0	 27	 
 303	 324	 300	 330	 0	 30	 
 0	 0	 0	 0	 0	 0	 
 0	 0	 0	 0	 0	 0	 
 326	 341	 319	 348	 1	 29	 
 326	 341	 324	 343	 1	 19	 
 326	 341	 324	 343	 1	 19	 
 326	 341	 329	 338	 1	 9	 
 326	 341	 328	 339	 1	 11	 
 326	 341	 325	 342	 1	 17	 
 326	 341	 329	 338	 1	 9	 
 326	 341	 329	 338	 1	 9	 
 326	 341	 324	 343	 1	 19	 
 326	 341	 329	 338	 1	 9	 
 326	 341	 328	 339	 1	 11	 
 326	 341	 321	 346	 1	 25	 
 326	 341	 325	 342	 1	 17	 
 326	 341	 327	 340	 1	 13	 
 326	 341	 329	 338	 1	 9	 
 326	 341	 324	 343	 1	 19	 
 326	 341	 328	 339	 1	 11	 
 326	 341	 329	 338	 1	 9	 
 326	 341	 321	 346	 1	 25	 
 326	 341	 328	 339	 1	 11	 
 326	 341	 329	 338	 1	 9	 
 326	 341	 328	 339	 1	 11	 
 326	 341	 329	 338	 1	 9	 
 326	 341	 329	 338	 1	 9	 
 326	 341	 324	 343	 1	 19	 
 326	 341	 320	 347	 1	 27	 
 326	 341	 329	 338	 1	 9	 
 326	 341	 322	 345	 1	 23	 
 326	 341	 319	 348	 1	 29	 
 326	 341	 325	 342	 1	 17	 
 326	 341	 324	 343	 1	 19	 
 326	 341	 329	 338	 1	 9	 
 326	 341	 329	 338	 1	 9	 
 326	 341	 323	 344	 1	 21	 
 326	 341	 320	 347	 1	 27	 
 326	 341	 329	 338	 1	 9	 
 326	 341	 329	 338	 1	 9	 
 326	 341	 329	 338	 1	 9	 
 326	 341	 329	 338	 1	 9	 
 326	 341	 329	 338	 1	 9	 
 326	 341	 329	 338	 1	 9	 
 326	 341	 327	 340	 1	 13	 
 326	 341	 321	 346	 1	 25	 
 326	 341	 323	 344	 1	 21	 
 326	 341	 329	 338	 1	 9	 
 326	 341	 321	 346	 1	 25	 
 326	 341	 329	 338	 1	 9	 
 326	 341	 329	 338	 1	 9	 
 326	 341	 327	 340	 1	 13	 
 326	 341	 325	 342	 1	 17	 
 326	 341	 325	 342	 1	 17	 
 326	 341	 329	 338	 1	 9	 
 326	 341	 324	 343	 1	 19	 
 326	 341	 325	 342	 1	 17	 
 326	 341	 329	 338	 1	 9	 
 326	 341	 324	 343	 1	 19	 
 326	 341	 329	 338	 1	 9	 
 326	 341	 319	 348	 1	 29	 
 326	 341	 329	 338	 1	 9	 
 326	 341	 329	 338	 1	 9	 
 326	 341	 323	 344	 1	 21	 
 326	 341	 318	 349	 1	 31	 
 326	 341	 318	 349	 1	 31	 
 326	 341	 324	 343	 1	 19	 
 326	 341	 329	 338	 1	 9	 
 326	 341	 328	 339	 1	 11	 
 326	 341	 325	 342	 1	 17	 
 326	 341	 322	 345	 1	 23	 
 326	 341	 318	 349	 1	 31	 
 326	 341	 329	 338	 1	 9	 
 326	 341	 320	 347	 1	 27	 
 326	 341	 327	 340	 1	 13	 
 326	 341	 329	 338	 1	 9	 
 326	 341	 318	 349	 1	 31	 
 326	 341	 323	 344	 1	 21	 
 326	 341	 329	 338	 1	 9	 
 326	 341	 324	 343	 1	 19	 
 326	 341	 329	 338	 1	 9	 
 326	 341	 325	 342	 1	 17	 
 326	 341	 322	 345	 1	 23	 
 326	 341	 318	 349	 1	 31	 
 326	 341	 318	 349	 1	 31	 
 326	 341	 329	 338	 1	 9	 
 326	 341	 324	 343	 1	 19	 
 326	 341	 318	 349	 1	 31	 
 326	 341	 324	 343	 1	 19	 
 326	 341	 324	 343	 1	 19	 
 326	 341	 321	 346	 1	 25	 
 326	 341	 324	 343	 1	 19	 
 326	 341	 328	 339	 1	 11	 
 326	 341	 323	 344	 1	 21	 
 326	 341	 322	 345	 1	 23	 
 326	 341	 329	 338	 1	 9	 
 326	 341	 319	 348	 1	 29	 
 326	 341	 329	 338	 1	 9	 
 326	 341	 329	 338	 1	 9	 
 326	 341	 329	 338	 1	 9	 
 326	 341	 325	 342	 1	 17	 
 326	 341	 324	 343	 1	 19	 
 0	 0	 0	 0	 0	 0	 
 0	 0	 0	 0	 0	 0	 
 303	 324	 307	 320	 0	 13	 
 303	 324	 307	 320	 0	 13	 
 303	 324	 300	 327	 0	 27	 
 303	 324	 300	 329	 0	 29	 
 303	 324	 309	 318	 0	 9	 
 303	 324	 305	 322	 0	 17	 
 303	 324	 300	 329	 0	 29	 
 303	 324	 309	 318	 0	 9	 
 303	 324	 300	 331	 0	 31	 
 303	 324	 300	 331	 0	 31	 
 303	 324	 300	 329	 0	 29	 
 303	 324	 300	 331	 0	 31	 
 303	 324	 301	 326	 0	 25	 
 303	 324	 307	 320	 0	 13	 
 303	 324	 301	 326	 0	 25	 
 303	 324	 307	 320	 0	 13	 
 303	 324	 300	 332	 0	 32	 
 303	 324	 300	 327	 0	 27	 
 303	 324	 302	 325	 0	 23	 
 303	 324	 309	 318	 0	 9	 
 303	 324	 309	 318	 0	 9	 
 303	 324	 300	 332	 0	 32	 
 303	 324	 300	 331	 0	 31	 
 303	 324	 300	 335	 0	 35	 
 303	 324	 309	 318	 0	 9	 
 303	 324	 308	 319	 0	 11	 
 303	 324	 305	 322	 0	 17	 
 303	 324	 300	 327	 0	 27	 
 303	 324	 307	 320	 0	 13	 
 303	 324	 309	 318	 0	 9	 
 303	 324	 306	 321	 0	 15	 
 303	 324	 309	 318	 0	 9	 
 303	 324	 300	 332	 0	 32	 
 303	 324	 309	 318	 0	 9	 
 303	 324	 300	 332	 0	 32	 
 303	 324	 300	 331	 0	 31	 
 303	 324	 300	 334	 0	 34	 
 303	 324	 300	 327	 0	 27	 
 303	 324	 309	 318	 0	 9	 
 303	 324	 307	 320	 0	 13	 
 303	 324	 301	 326	 0	 25	 
 303	 324	 308	 319	 0	 11	 
 303	 324	 309	 318	 0	 9	 
 303	 324	 300	 327	 0	 27	 
 303	 324	 300	 328	 0	 28	 
 303	 324	 309	 318	 0	 9	 
 303	 324	 300	 329	 0	 29	 
 303	 324	 309	 318	 0	 9	 
 303	 324	 309	 318	 0	 9	 
 303	 324	 301	 326	 0	 25	 
 303	 324	 304	 323	 0	 19	 
 303	 324	 300	 329	 0	 29	 
 303	 324	 300	 327	 0	 27	 
 303	 324	 309	 318	 0	 9	 
 303	 324	 309	 318	 0	 9	 
 303	 324	 307	 320	 0	 13	 
 303	 324	 309	 318	 0	 9	 
 303	 324	 309	 318	 0	 9	 
 303	 324	 307	 320	 0	 13	 
 303	 324	 300	 332	 0	 32	 
 303	 324	 309	 318	 0	 9	 
 303	 324	 309	 318	 0	 9	 
 303	 324	 307	 320	 0	 13	 
 303	 324	 300	 331	 0	 31	 
 303	 324	 309	 318	 0	 9	 
 303	 324	 304	 323	 0	 19	 
 303	 324	 300	 328	 0	 28	 
 303	 324	 300	 327	 0	 27	 
 303	 324	 300	 329	 0	 29	 
 303	 324	 306	 321	 0	 15	 
 303	 324	 300	 334	 0	 34	 
 303	 324	 309	 318	 0	 9	 
 303	 324	 307	 320	 0	 13	 
 303	 324	 300	 334	 0	 34	 
 303	 324	 309	 318	 0	 9	 
 303	 324	 300	 331	 0	 31	 
 303	 324	 309	 318	 0	 9	 
 303	 324	 301	 326	 0	 25	 
 303	 324	 305	 322	 0	 17	 
 303	 324	 300	 330	 0	 30	 
 303	 324	 308	 319	 0	 11	 
 303	 324	 309	 318	 0	 9	 
 303	 324	 309	 318	 0	 9	 
 303	 324	 309	 318	 0	 9	 
 303	 324	 300	 328	 0	 28	 
 303	 324	 300	 331	 0	 31	 
 303	 324	 300	 333	 0	 33	 
 303	 324	 309	 318	 0	 9	 
 303	 324	 300	 332	 0	 32	 
 303	 324	 300	 327	 0	 27	 
 303	 324	 305	 322	 0	 17	 
 303	 324	 300	 334	 0	 34	 
 303	 324	 300	 333	 0	 33	 
 303	 324	 309	 318	 0	 9	 
 303	 324	 306	 321	 0	 15	 
 303	 324	 308	 319	 0	 11	 
 303	 324	 300	 329	 0	 29	 
 303	 324	 308	 319	 0	 11	 
 303	 324	 301	 326	 0	 25	 
 0	 0	 0	 0	 0	 0	 
 0	 0	 0	 0	 0	 0	 
 302	 358	 325	 335	 0	 10	 
 302	 358	 300	 360	 0	 60	 
 302	 358	 300	 360	 0	 60	 
 302	 358	 325	 335	 0	 10	 
 302	 358	 300	 360	 0	 60	 
 302	 358	 300	 360	 0	 60	 
 302	 358	 300	 360	 0	 60	 
 302	 358	 300	 360	 0	 60	 
 302	 358	 300	 360	 0	 60	 
 302	 358	 300	 360	 0	 60	 
 302	 358	 300	 360	 0	 60	 
 302	 358	 300	 360	 0	 60	 
 302	 358	 325	 335	 0	 10	 
 302	 358	 300	 360	 0	 60	 
 302	 358	 322	 338	 0	 16	 
 302	 358	 300	 360	 0	 60	 
 302	 358	 325	 335	 0	 10	 
 302	 358	 300	 360	 0	 60	 
 302	 358	 324	 336	 0	 12	 
 302	 358	 316	 344	 0	 28	 
 302	 358	 321	 339	 0	 18	 
 302	 358	 300	 360	 0	 60	 
 302	 358	 300	 360	 0	 60	 
 302	 358	 300	 360	 0	 60	 
 302	 358	 300	 360	 0	 60	 
 302	 358	 300	 360	 0	 60	 
 302	 358	 300	 360	 0	 60	 
 302	 358	 304	 356	 0	 52	 
 302	 358	 300	 360	 0	 60	 
 302	 358	 315	 345	 0	 30	 
 302	 358	 310	 350	 0	 40	 
 302	 358	 325	 335	 0	 10	 
 302	 358	 315	 345	 0	 30	 
 302	 358	 316	 344	 0	 28	 
 302	 358	 313	 347	 0	 34	 
 302	 358	 325	 335	 0	 10	 
 302	 358	 300	 360	 0	 60	 
 302	 358	 300	 360	 0	 60	 
 302	 358	 300	 360	 0	 60	 
 302	 358	 300	 360	 0	 60	 
 302	 358	 325	 335	 0	 10	 
 302	 358	 300	 360	 0	 60	 
 302	 358	 300	 360	 0	 60	 
 302	 358	 300	 360	 0	 60	 
 302	 358	 300	 360	 0	 60	 
 302	 358	 300	 360	 0	 60	 
 302	 358	 300	 360	 0	 60	 
 302	 358	 300	 360	 0	 60	 
 302	 358	 300	 360	 0	 60	 
 302	 358	 321	 339	 0	 18	 
 302	 358	 300	 360	 0	 60	 
 302	 358	 320	 340	 0	 20	 
 302	 358	 307	 353	 0	 46	 
 302	 358	 300	 360	 0	 60	 
 302	 358	 310	 350	 0	 40	 
 302	 358	 300	 360	 0	 60	 
 302	 358	 312	 348	 0	 36	 
 302	 358	 300	 360	 0	 60	 
 302	 358	 300	 360	 0	 60	 
 302	 358	 325	 335	 0	 10	 
 302	 358	 300	 360	 0	 60	 
 302	 358	 300	 360	 0	 60	 
 302	 358	 307	 353	 0	 46	 
 302	 358	 300	 360	 0	 60	 
 302	 358	 301	 359	 0	 58	 
 302	 358	 300	 360	 0	 60	 
 302	 358	 300	 360	 0	 60	 
 302	 358	 322	 338	 0	 16	 
 302	 358	 300	 360	 0	 60	 
 302	 358	 324	 336	 0	 12	 
 302	 358	 300	 360	 0	 60	 
 302	 358	 300	 360	 0	 60	 
 302	 358	 300	 360	 0	 60	 
 302	 358	 300	 360	 0	 60	 
 302	 358	 314	 346	 0	 32	 
 302	 358	 300	 360	 0	 60	 
 302	 358	 300	 360	 0	 60	 
 302	 358	 307	 353	 0	 46	 
 302	 358	 300	 360	 0	 60	 
 302	 358	 318	 342	 0	 24	 
 302	 358	 325	 335	 0	 10	 
 302	 358	 322	 338	 0	 16	 
 302	 358	 300	 360	 0	 60	 
 302	 358	 300	 360	 0	 60	 
 302	 358	 300	 360	 0	 60	 
 302	 358	 313	 347	 0	 34	 
 302	 358	 300	 360	 0	 60	 
 302	 358	 319	 341	 0	 22	 
 302	 358	 300	 360	 0	 60	 
 302	 358	 307	 353	 0	 46	 
 302	 358	 300	 360	 0	 60	 
 302	 358	 300	 360	 0	 60	 
 302	 358	 312	 348	 0	 36	 
 302	 358	 300	 360	 0	 60	 
 302	 358	 300	 360	 0	 60	 
 302	 358	 316	 344	 0	 28	 
 302	 358	 300	 360	 0	 60	 
 302	 358	 320	 340	 0	 20	 
 302	 358	 323	 337	 0	 14	 
 0	 0	 0	 0	 0	 0	 
 0	 0	 0	 0	 0	 0	 
 303	 324	 304	 323	 0	 19	 
 303	 324	 300	 334	 0	 34	 
 303	 324	 300	 332	 0	 32	 
 303	 324	 300	 332	 0	 32	 
 303	 324	 300	 327	 0	 27	 
 303	 324	 300	 334	 0	 34	 
 303	 324	 302	 325	 0	 23	 
 303	 324	 309	 318	 0	 9	 
 303	 324	 309	 318	 0	 9	 
 303	 324	 309	 318	 0	 9	 
 303	 324	 307	 320	 0	 13	 
 303	 324	 304	 323	 0	 19	 
 303	 324	 300	 335	 0	 35	 
 303	 324	 300	 333	 0	 33	 
 303	 324	 309	 318	 0	 9	 
 303	 324	 300	 329	 0	 29	 
 303	 324	 305	 322	 0	 17	 
 303	 324	 301	 326	 0	 25	 
 303	 324	 300	 327	 0	 27	 
 303	 324	 309	 318	 0	 9	 
 303	 324	 305	 322	 0	 17	 
 303	 324	 309	 318	 0	 9	 
 303	 324	 309	 318	 0	 9	 
 303	 324	 304	 323	 0	 19	 
 303	 324	 300	 331	 0	 31	 
 303	 324	 309	 318	 0	 9	 
 303	 324	 300	 331	 0	 31	 
 303	 324	 309	 318	 0	 9	 
 303	 324	 300	 332	 0	 32	 
 303	 324	 309	 318	 0	 9	 
 303	 324	 300	 332	 0	 32	 
 303	 324	 300	 333	 0	 33	 
 303	 324	 301	 326	 0	 25	 
 303	 324	 301	 326	 0	 25	 
 303	 324	 302	 325	 0	 23	 
 303	 324	 300	 329	 0	 29	 
 303	 324	 300	 330	 0	 30	 
 303	 324	 309	 318	 0	 9	 
 303	 324	 309	 318	 0	 9	 
 303	 324	 302	 325	 0	 23	 
 303	 324	 304	 323	 0	 19	 
 303	 324	 300	 327	 0	 27	 
 303	 324	 300	 335	 0	 35	 
 303	 324	 300	 335	 0	 35	 
 303	 324	 304	 323	 0	 19	 
 303	 324	 309	 318	 0	 9	 
 303	 324	 309	 318	 0	 9	 
 303	 324	 309	 318	 0	 9	 
 303	 324	 309	 318	 0	 9	 
 303	 324	 307	 320	 0	 13	 
 303	 324	 300	 328	 0	 28	 
 303	 324	 306	 321	 0	 15	 
 303	 324	 300	 332	 0	 32	 
 303	 324	 306	 321	 0	 15	 
 303	 324	 300	 334	 0	 34	 
 303	 324	 300	 335	 0	 35	 
 303	 324	 300	 330	 0	 30	 
 303	 324	 309	 318	 0	 9	 
 303	 324	 300	 332	 0	 32	 
 303	 324	 309	 318	 0	 9	 
 303	 324	 306	 321	 0	 15	 
 303	 324	 300	 328	 0	 28	 
 303	 324	 304	 323	 0	 19	 
 303	 324	 309	 318	 0	 9	 
 303	 324	 300	 332	 0	 32	 
 303	 324	 309	 318	 0	 9	 
 303	 324	 300	 329	 0	 29	 
 303	 324	 308	 319	 0	 11	 
 303	 324	 308	 319	 0	 11	 
 303	 324	 309	 318	 0	 9	 
 303	 324	 300	 330	 0	 30	 
 303	 324	 300	 335	 0	 35	 
 303	 324	 300	 331	 0	 31	 
 303	 324	 308	 319	 0	 11	 
 303	 324	 309	 318	 0	 9	 
 303	 324	 301	 326	 0	 25	 
 303	 324	 306	 321	 0	 15	 
 303	 324	 300	 335	 0	 35	 
 303	 324	 300	 331	 0	 31	 
 303	 324	 301	 326	 0	 25	 
 303	 324	 300	 331	 0	 31	 
 303	 324	 300	 328	 0	 28	 
 303	 324	 300	 328	 0	 28	 
 303	 324	 300	 327	 0	 27	 
 303	 324	 300	 334	 0	 34	 
 303	 324	 309	 318	 0	 9	 
 303	 324	 300	 335	 0	 35	 
 303	 324	 307	 320	 0	 13	 
 303	 324	 304	 323	 0	 19	 
 303	 324	 309	 318	 0	 9	 
 303	 324	 309	 318	 0	 9	 
 303	 324	 300	 327	 0	 27	 
 303	 324	 300	 335	 0	 35	 
 303	 324	 306	 321	 0	 15	 
 303	 324	 309	 318	 0	 9	 
 303	 324	 305	 322	 0	 17	 
 303	 324	 309	 318	 0	 9	 
 303	 324	 300	 328	 0	 28	 
 303	 324	 300	 335	 0	 35	 
 0	 0	 0	 0	 0	 0	 
 0	 0	 0	 0	 0	 0	 
 326	 341	 329	 338	 1	 9	 
 326	 341	 327	 340	 1	 13	 
 326	 341	 318	 349	 1	 31	 
 326	 341	 328	 339	 1	 11	 
 326	 341	 322	 345	 1	 23	 
 326	 341	 329	 338	 1	 9	 
 326	 341	 324	 343	 1	 19	 
 326	 341	 329	 338	 1	 9	 
 326	 341	 324	 343	 1	 19	 
 326	 341	 318	 349	 1	 31	 
 326	 341	 322	 345	 1	 23	 
 326	 341	 327	 340	 1	 13	 
 326	 341	 329	 338	 1	 9	 
 326	 341	 329	 338	 1	 9	 
 326	 341	 323	 344	 1	 21	 
 326	 341	 323	 344	 1	 21	 
 326	 341	 323	 344	 1	 21	 
 326	 341	 329	 338	 1	 9	 
 326	 341	 323	 344	 1	 21	 
 326	 341	 329	 338	 1	 9	 
 326	 341	 329	 338	 1	 9	 
 326	 341	 318	 349	 1	 31	 
 326	 341	 329	 338	 1	 9	 
 326	 341	 320	 347	 1	 27	 
 326	 341	 329	 338	 1	 9	 
 326	 341	 321	 346	 1	 25	 
 326	 341	 329	 338	 1	 9	 
 326	 341	 319	 348	 1	 29	 
 326	 341	 329	 338	 1	 9	 
 326	 341	 320	 347	 1	 27	 
 326	 341	 329	 338	 1	 9	 
 326	 341	 323	 344	 1	 21	 
 326	 341	 329	 338	 1	 9	 
 326	 341	 319	 348	 1	 29	 
 326	 341	 323	 344	 1	 21	 
 326	 341	 328	 339	 1	 11	 
 326	 341	 319	 348	 1	 29	 
 326	 341	 320	 347	 1	 27	 
 326	 341	 325	 342	 1	 17	 
 326	 341	 325	 342	 1	 17	 
 326	 341	 318	 349	 1	 31	 
 326	 341	 327	 340	 1	 13	 
 326	 341	 324	 343	 1	 19	 
 326	 341	 329	 338	 1	 9	 
 326	 341	 321	 346	 1	 25	 
 326	 341	 322	 345	 1	 23	 
 326	 341	 322	 345	 1	 23	 
 326	 341	 325	 342	 1	 17	 
 326	 341	 329	 338	 1	 9	 
 326	 341	 329	 338	 1	 9	 
 326	 341	 325	 342	 1	 17	 
 326	 341	 323	 344	 1	 21	 
 326	 341	 320	 347	 1	 27	 
 326	 341	 323	 344	 1	 21	 
 326	 341	 329	 338	 1	 9	 
 326	 341	 322	 345	 1	 23	 
 326	 341	 318	 349	 1	 31	 
 326	 341	 324	 343	 1	 19	 
 326	 341	 322	 345	 1	 23	 
 326	 341	 318	 349	 1	 31	 
 326	 341	 322	 345	 1	 23	 
 326	 341	 320	 347	 1	 27	 
 326	 341	 319	 348	 1	 29	 
 326	 341	 329	 338	 1	 9	 
 326	 341	 320	 347	 1	 27	 
 326	 341	 320	 347	 1	 27	 
 326	 341	 327	 340	 1	 13	 
 326	 341	 329	 338	 1	 9	 
 326	 341	 325	 342	 1	 17	 
 326	 341	 323	 344	 1	 21	 
 326	 341	 329	 338	 1	 9	 
 326	 341	 318	 349	 1	 31	 
 326	 341	 329	 338	 1	 9	 
 326	 341	 329	 338	 1	 9	 
 326	 341	 328	 339	 1	 11	 
 326	 341	 329	 338	 1	 9	 
 326	 341	 329	 338	 1	 9	 
 326	 341	 323	 344	 1	 21	 
 326	 341	 329	 338	 1	 9	 
 326	 341	 329	 338	 1	 9	 
 326	 341	 329	 338	 1	 9	 
 326	 341	 322	 345	 1	 23	 
 326	 341	 321	 346	 1	 25	 
 326	 341	 323	 344	 1	 21	 
 326	 341	 329	 338	 1	 9	 
 326	 341	 320	 347	 1	 27	 
 326	 341	 329	 338	 1	 9	 
 326	 341	 329	 338	 1	 9	 
 326	 341	 324	 343	 1	 19	 
 326	 341	 329	 338	 1	 9	 
 326	 341	 327	 340	 1	 13	 
 326	 341	 318	 349	 1	 31	 
 326	 341	 329	 338	 1	 9	 
 326	 341	 324	 343	 1	 19	 
 326	 341	 329	 338	 1	 9	 
 326	 341	 329	 338	 1	 9	 
 326	 341	 324	 343	 1	 19	 
 326	 341	 318	 349	 1	 31	 
 326	 341	 322	 345	 1	 23	 
 0	 0	 0	 0	 0	 0	 
 0	 0	 0	 0	 0	 0	 
 303	 324	 300	 327	 0	 27	 
 303	 324	 301	 326	 0	 25	 
 303	 324	 309	 318	 0	 9	 
 303	 324	 300	 335	 0	 35	 
 303	 324	 309	 318	 0	 9	 
 303	 324	 305	 322	 0	 17	 
 303	 324	 300	 335	 0	 35	 
 303	 324	 309	 318	 0	 9	 
 303	 324	 300	 335	 0	 35	 
 303	 324	 301	 326	 0	 25	 
 303	 324	 300	 331	 0	 31	 
 303	 324	 300	 329	 0	 29	 
 303	 324	 300	 333	 0	 33	 
 303	 324	 300	 327	 0	 27	 
 303	 324	 309	 318	 0	 9	 
 303	 324	 300	 327	 0	 27	 
 303	 324	 307	 320	 0	 13	 
 303	 324	 309	 318	 0	 9	 
 303	 324	 309	 318	 0	 9	 
 303	 324	 302	 325	 0	 23	 
 303	 324	 300	 327	 0	 27	 
 303	 324	 309	 318	 0	 9	 
 303	 324	 300	 328	 0	 28	 
 303	 324	 302	 325	 0	 23	 
 303	 324	 304	 323	 0	 19	 
 303	 324	 302	 325	 0	 23	 
 303	 324	 309	 318	 0	 9	 
 303	 324	 306	 321	 0	 15	 
 303	 324	 309	 318	 0	 9	 
 303	 324	 300	 328	 0	 28	 
 303	 324	 302	 325	 0	 23	 
 303	 324	 309	 318	 0	 9	 
 303	 324	 309	 318	 0	 9	 
 303	 324	 309	 318	 0	 9	 
 303	 324	 305	 322	 0	 17	 
 303	 324	 300	 327	 0	 27	 
 303	 324	 300	 331	 0	 31	 
 303	 324	 300	 329	 0	 29	 
 303	 324	 309	 318	 0	 9	 
 303	 324	 309	 318	 0	 9	 
 303	 324	 300	 334	 0	 34	 
 303	 324	 300	 335	 0	 35	 
 303	 324	 309	 318	 0	 9	 
 303	 324	 309	 318	 0	 9	 
 303	 324	 300	 327	 0	 27	 
 303	 324	 300	 331	 0	 31	 
 303	 324	 300	 333	 0	 33	 
 303	 324	 300	 330	 0	 30	 
 303	 324	 309	 318	 0	 9	 
 303	 324	 309	 318	 0	 9	 
 303	 324	 300	 335	 0	 35	 
 303	 324	 307	 320	 0	 13	 
 303	 324	 305	 322	 0	 17	 
 303	 324	 300	 328	 0	 28	 
 303	 324	 300	 331	 0	 31	 
 303	 324	 309	 318	 0	 9	 
 303	 324	 300	 331	 0	 31	 
 303	 324	 309	 318	 0	 9	 
 303	 324	 308	 319	 0	 11	 
 303	 324	 309	 318	 0	 9	 
 303	 324	 301	 326	 0	 25	 
 303	 324	 300	 333	 0	 33	 
 303	 324	 308	 319	 0	 11	 
 303	 324	 309	 318	 0	 9	 
 303	 324	 309	 318	 0	 9	 
 303	 324	 309	 318	 0	 9	 
 303	 324	 309	 318	 0	 9	 
 303	 324	 309	 318	 0	 9	 
 303	 324	 309	 318	 0	 9	 
 303	 324	 307	 320	 0	 13	 
 303	 324	 305	 322	 0	 17	 
 303	 324	 309	 318	 0	 9	 
 303	 324	 302	 325	 0	 23	 
 303	 324	 300	 332	 0	 32	 
 303	 324	 300	 331	 0	 31	 
 303	 324	 306	 321	 0	 15	 
 303	 324	 309	 318	 0	 9	 
 303	 324	 309	 318	 0	 9	 
 303	 324	 300	 329	 0	 29	 
 303	 324	 308	 319	 0	 11	 
 303	 324	 300	 335	 0	 35	 
 303	 324	 309	 318	 0	 9	 
 303	 324	 302	 325	 0	 23	 
 303	 324	 308	 319	 0	 11	 
 303	 324	 300	 328	 0	 28	 
 303	 324	 300	 334	 0	 34	 
 303	 324	 305	 322	 0	 17	 
 303	 324	 300	 335	 0	 35	 
 303	 324	 300	 333	 0	 33	 
 303	 324	 309	 318	 0	 9	 
 303	 324	 302	 325	 0	 23	 
 303	 324	 300	 327	 0	 27	 
 303	 324	 309	 318	 0	 9	 
 303	 324	 305	 322	 0	 17	 
 303	 324	 306	 321	 0	 15	 
 303	 324	 309	 318	 0	 9	 
 303	 324	 300	 330	 0	 30	 
 303	 324	 300	 334	 0	 34	 
 303	 324	 300	 333	 0	 33	 
 0	 0	 0	 0	 0	 0	 
 0	 0	 0	 0	 0	 0	 
 303	 324	 300	 332	 0	 32	 
 303	 324	 300	 327	 0	 27	 
 303	 324	 302	 325	 0	 23	 
 303	 324	 309	 318	 0	 9	 
 303	 324	 300	 329	 0	 29	 
 303	 324	 300	 328	 0	 28	 
 303	 324	 300	 333	 0	 33	 
 303	 324	 308	 319	 0	 11	 
 303	 324	 306	 321	 0	 15	 
 303	 324	 309	 318	 0	 9	 
 303	 324	 309	 318	 0	 9	 
 303	 324	 305	 322	 0	 17	 
 303	 324	 307	 320	 0	 13	 
 303	 324	 300	 328	 0	 28	 
 303	 324	 309	 318	 0	 9	 
 303	 324	 300	 333	 0	 33	 
 303	 324	 309	 318	 0	 9	 
 303	 324	 307	 320	 0	 13	 
 303	 324	 301	 326	 0	 25	 
 303	 324	 309	 318	 0	 9	 
 303	 324	 304	 323	 0	 19	 
 303	 324	 300	 332	 0	 32	 
 303	 324	 300	 333	 0	 33	 
 303	 324	 300	 332	 0	 32	 
 303	 324	 300	 334	 0	 34	 
 303	 324	 300	 327	 0	 27	 
 303	 324	 309	 318	 0	 9	 
 303	 324	 306	 321	 0	 15	 
 303	 324	 308	 319	 0	 11	 
 303	 324	 309	 318	 0	 9	 
 303	 324	 304	 323	 0	 19	 
 303	 324	 304	 323	 0	 19	 
 303	 324	 300	 332	 0	 32	 
 303	 324	 300	 328	 0	 28	 
 303	 324	 302	 325	 0	 23	 
 303	 324	 305	 322	 0	 17	 
 303	 324	 300	 334	 0	 34	 
 303	 324	 300	 335	 0	 35	 
 303	 324	 300	 332	 0	 32	 
 303	 324	 304	 323	 0	 19	 
 303	 324	 304	 323	 0	 19	 
 303	 324	 302	 325	 0	 23	 
 303	 324	 300	 334	 0	 34	 
 303	 324	 300	 328	 0	 28	 
 303	 324	 300	 333	 0	 33	 
 303	 324	 300	 335	 0	 35	 
 303	 324	 300	 333	 0	 33	 
 303	 324	 309	 318	 0	 9	 
 303	 324	 308	 319	 0	 11	 
 303	 324	 300	 328	 0	 28	 
 303	 324	 306	 321	 0	 15	 
 303	 324	 306	 321	 0	 15	 
 303	 324	 300	 329	 0	 29	 
 303	 324	 302	 325	 0	 23	 
 303	 324	 300	 332	 0	 32	 
 303	 324	 300	 331	 0	 31	 
 303	 324	 305	 322	 0	 17	 
 303	 324	 309	 318	 0	 9	 
 303	 324	 300	 327	 0	 27	 
 303	 324	 300	 327	 0	 27	 
 303	 324	 300	 332	 0	 32	 
 303	 324	 309	 318	 0	 9	 
 303	 324	 309	 318	 0	 9	 
 303	 324	 309	 318	 0	 9	 
 303	 324	 300	 332	 0	 32	 
 303	 324	 309	 318	 0	 9	 
 303	 324	 309	 318	 0	 9	 
 303	 324	 309	 318	 0	 9	 
 303	 324	 309	 318	 0	 9	 
 303	 324	 300	 333	 0	 33	 
 303	 324	 307	 320	 0	 13	 
 303	 324	 300	 329	 0	 29	 
 303	 324	 308	 319	 0	 11	 
 303	 324	 300	 335	 0	 35	 
 303	 324	 309	 318	 0	 9	 
 303	 324	 300	 332	 0	 32	 
 303	 324	 309	 318	 0	 9	 
 303	 324	 300	 335	 0	 35	 
 303	 324	 301	 326	 0	 25	 
 303	 324	 300	 335	 0	 35	 
 303	 324	 306	 321	 0	 15	 
 303	 324	 300	 330	 0	 30	 
 303	 324	 309	 318	 0	 9	 
 303	 324	 300	 329	 0	 29	 
 303	 324	 300	 335	 0	 35	 
 303	 324	 300	 332	 0	 32	 
 303	 324	 306	 321	 0	 15	 
 303	 324	 300	 333	 0	 33	 
 303	 324	 300	 334	 0	 34	 
 303	 324	 308	 319	 0	 11	 
 303	 324	 305	 322	 0	 17	 
 303	 324	 300	 332	 0	 32	 
 303	 324	 309	 318	 0	 9	 
 303	 324	 307	 320	 0	 13	 
 303	 324	 300	 331	 0	 31	 
 303	 324	 309	 318	 0	 9	 
 303	 324	 300	 333	 0	 33	 
 303	 324	 300	 331	 0	 31	 
 303	 324	 307	 320	 0	 13	 
 0	 0	 0	 0	 0	 0	 
 0	 0	 0	 0	 0	 0	 
 303	 324	 309	 318	 0	 9	 
 303	 324	 300	 330	 0	 30	 
 303	 324	 308	 319	 0	 11	 
 303	 324	 308	 319	 0	 11	 
 303	 324	 300	 328	 0	 28	 
 303	 324	 300	 331	 0	 31	 
 303	 324	 300	 327	 0	 27	 
 303	 324	 301	 326	 0	 25	 
 303	 324	 307	 320	 0	 13	 
 303	 324	 300	 335	 0	 35	 
 303	 324	 300	 334	 0	 34	 
 303	 324	 300	 333	 0	 33	 
 303	 324	 309	 318	 0	 9	 
 303	 324	 301	 326	 0	 25	 
 303	 324	 300	 328	 0	 28	 
 303	 324	 307	 320	 0	 13	 
 303	 324	 309	 318	 0	 9	 
 303	 324	 300	 330	 0	 30	 
 303	 324	 309	 318	 0	 9	 
 303	 324	 309	 318	 0	 9	 
 303	 324	 300	 333	 0	 33	 
 303	 324	 308	 319	 0	 11	 
 303	 324	 309	 318	 0	 9	 
 303	 324	 306	 321	 0	 15	 
 303	 324	 300	 332	 0	 32	 
 303	 324	 302	 325	 0	 23	 
 303	 324	 300	 331	 0	 31	 
 303	 324	 307	 320	 0	 13	 
 303	 324	 309	 318	 0	 9	 
 303	 324	 309	 318	 0	 9	 
 303	 324	 301	 326	 0	 25	 
 303	 324	 307	 320	 0	 13	 
 303	 324	 300	 327	 0	 27	 
 303	 324	 300	 330	 0	 30	 
 303	 324	 309	 318	 0	 9	 
 303	 324	 300	 331	 0	 31	 
 303	 324	 301	 326	 0	 25	 
 303	 324	 309	 318	 0	 9	 
 303	 324	 300	 330	 0	 30	 
 303	 324	 300	 327	 0	 27	 
 303	 324	 305	 322	 0	 17	 
 303	 324	 300	 335	 0	 35	 
 303	 324	 300	 331	 0	 31	 
 303	 324	 308	 319	 0	 11	 
 303	 324	 308	 319	 0	 11	 
 303	 324	 309	 318	 0	 9	 
 303	 324	 300	 333	 0	 33	 
 303	 324	 300	 327	 0	 27	 
 303	 324	 300	 332	 0	 32	 
 303	 324	 300	 334	 0	 34	 
 303	 324	 300	 328	 0	 28	 
 303	 324	 300	 332	 0	 32	 
 303	 324	 309	 318	 0	 9	 
 303	 324	 300	 331	 0	 31	 
 303	 324	 300	 330	 0	 30	 
 303	 324	 309	 318	 0	 9	 
 303	 324	 304	 323	 0	 19	 
 303	 324	 302	 325	 0	 23	 
 303	 324	 300	 332	 0	 32	 
 303	 324	 300	 333	 0	 33	 
 303	 324	 309	 318	 0	 9	 
 303	 324	 304	 323	 0	 19	 
 303	 324	 300	 329	 0	 29	 
 303	 324	 301	 326	 0	 25	 
 303	 324	 300	 328	 0	 28	 
 303	 324	 300	 332	 0	 32	 
 303	 324	 300	 328	 0	 28	 
 303	 324	 300	 332	 0	 32	 
 303	 324	 300	 328	 0	 28	 
 303	 324	 300	 327	 0	 27	 
 303	 324	 300	 332	 0	 32	 
 303	 324	 305	 322	 0	 17	 
 303	 324	 309	 318	 0	 9	 
 303	 324	 300	 332	 0	 32	 
 303	 324	 305	 322	 0	 17	 
 303	 324	 304	 323	 0	 19	 
 303	 324	 300	 329	 0	 29	 
 303	 324	 304	 323	 0	 19	 
 303	 324	 300	 328	 0	 28	 
 303	 324	 307	 320	 0	 13	 
 303	 324	 309	 318	 0	 9	 
 303	 324	 301	 326	 0	 25	 
 303	 324	 300	 329	 0	 29	 
 303	 324	 308	 319	 0	 11	 
 303	 324	 309	 318	 0	 9	 
 303	 324	 309	 318	 0	 9	 
 303	 324	 300	 330	 0	 30	 
 303	 324	 300	 331	 0	 31	 
 303	 324	 300	 331	 0	 31	 
 303	 324	 305	 322	 0	 17	 
 303	 324	 300	 327	 0	 27	 
 303	 324	 300	 335	 0	 35	 
 303	 324	 300	 335	 0	 35	 
 303	 324	 309	 318	 0	 9	 
 303	 324	 300	 335	 0	 35	 
 303	 324	 300	 335	 0	 35	 
 303	 324	 300	 327	 0	 27	 
 303	 324	 302	 325	 0	 23	 
 303	 324	 307	 320	 0	 13	 
 0	 0	 0	 0	 0	 0	 
 0	 0	 0	 0	 0	 0	 
 348	 360	 349	 359	 1	 10	 
 348	 360	 349	 359	 1	 10	 
 348	 360	 345	 360	 1	 15	 
 348	 360	 343	 360	 1	 17	 
 348	 360	 345	 360	 1	 15	 
 348	 360	 349	 359	 1	 10	 
 348	 360	 349	 359	 1	 10	 
 348	 360	 349	 359	 1	 10	 
 348	 360	 347	 360	 1	 13	 
 348	 360	 349	 359	 1	 10	 
 348	 360	 343	 360	 1	 17	 
 348	 360	 349	 359	 1	 10	 
 348	 360	 349	 359	 1	 10	 
 348	 360	 346	 360	 1	 14	 
 348	 360	 345	 360	 1	 15	 
 348	 360	 346	 360	 1	 14	 
 348	 360	 347	 360	 1	 13	 
 348	 360	 349	 359	 1	 10	 
 348	 360	 349	 359	 1	 10	 
 348	 360	 345	 360	 1	 15	 
 348	 360	 346	 360	 1	 14	 
 348	 360	 344	 360	 1	 16	 
 348	 360	 349	 359	 1	 10	 
 348	 360	 342	 360	 1	 18	 
 348	 360	 349	 359	 1	 10	 
 348	 360	 341	 360	 1	 19	 
 348	 360	 342	 360	 1	 18	 
 348	 360	 349	 359	 1	 10	 
 348	 360	 344	 360	 1	 16	 
 348	 360	 349	 359	 1	 10	 
 348	 360	 345	 360	 1	 15	 
 348	 360	 349	 359	 1	 10	 
 348	 360	 342	 360	 1	 18	 
 348	 360	 345	 360	 1	 15	 
 348	 360	 344	 360	 1	 16	 
 348	 360	 347	 360	 1	 13	 
 348	 360	 344	 360	 1	 16	 
 348	 360	 347	 360	 1	 13	 
 348	 360	 346	 360	 1	 14	 
 348	 360	 349	 359	 1	 10	 
 348	 360	 345	 360	 1	 15	 
 348	 360	 349	 359	 1	 10	 
 348	 360	 344	 360	 1	 16	 
 348	 360	 343	 360	 1	 17	 
 348	 360	 343	 360	 1	 17	 
 348	 360	 341	 360	 1	 19	 
 348	 360	 344	 360	 1	 16	 
 348	 360	 346	 360	 1	 14	 
 348	 360	 343	 360	 1	 17	 
 348	 360	 342	 360	 1	 18	 
 348	 360	 346	 360	 1	 14	 
 348	 360	 349	 359	 1	 10	 
 348	 360	 346	 360	 1	 14	 
 348	 360	 342	 360	 1	 18	 
 348	 360	 344	 360	 1	 16	 
 348	 360	 349	 359	 1	 10	 
 348	 360	 345	 360	 1	 15	 
 348	 360	 345	 360	 1	 15	 
 348	 360	 346	 360	 1	 14	 
 348	 360	 349	 359	 1	 10	 
 348	 360	 342	 360	 1	 18	 
 348	 360	 342	 360	 1	 18	 
 348	 360	 344	 360	 1	 16	 
 348	 360	 343	 360	 1	 17	 
 348	 360	 349	 359	 1	 10	 
 348	 360	 341	 360	 1	 19	 
 348	 360	 344	 360	 1	 16	 
 348	 360	 342	 360	 1	 18	 
 348	 360	 349	 359	 1	 10	 
 348	 360	 349	 359	 1	 10	 
 348	 360	 349	 359	 1	 10	 
 348	 360	 349	 359	 1	 10	 
 348	 360	 342	 360	 1	 18	 
 348	 360	 349	 359	 1	 10	 
 348	 360	 349	 359	 1	 10	 
 348	 360	 344	 360	 1	 16	 
 348	 360	 342	 360	 1	 18	 
 348	 360	 345	 360	 1	 15	 
 348	 360	 345	 360	 1	 15	 
 348	 360	 349	 359	 1	 10	 
 348	 360	 344	 360	 1	 16	 
 348	 360	 349	 359	 1	 10	 
 348	 360	 341	 360	 1	 19	 
 348	 360	 349	 359	 1	 10	 
 348	 360	 344	 360	 1	 16	 
 348	 360	 342	 360	 1	 18	 
 348	 360	 345	 360	 1	 15	 
 348	 360	 347	 360	 1	 13	 
 348	 360	 349	 359	 1	 10	 
 348	 360	 346	 360	 1	 14	 
 348	 360	 349	 359	 1	 10	 
 348	 360	 343	 360	 1	 17	 
 348	 360	 349	 359	 1	 10	 
 348	 360	 349	 359	 1	 10	 
 348	 360	 342	 360	 1	 18	 
 348	 360	 349	 359	 1	 10	 
 348	 360	 344	 360	 1	 16	 
 348	 360	 349	 359	 1	 10	 
 348	 360	 347	 360	 1	 13	 
 0	 0	 0	 0	 0	 0	 
 0	 0	 0	 0	 0	 0	 
 303	 324	 300	 331	 0	 31	 
 303	 324	 300	 328	 0	 28	 
 303	 324	 309	 318	 0	 9	 
 303	 324	 300	 329	 0	 29	 
 303	 324	 306	 321	 0	 15	 
 303	 324	 300	 333	 0	 33	 
 303	 324	 300	 331	 0	 31	 
 303	 324	 300	 331	 0	 31	 
 303	 324	 309	 318	 0	 9	 
 303	 324	 308	 319	 0	 11	 
 303	 324	 308	 319	 0	 11	 
 303	 324	 300	 335	 0	 35	 
 303	 324	 305	 322	 0	 17	 
 303	 324	 301	 326	 0	 25	 
 303	 324	 304	 323	 0	 19	 
 303	 324	 308	 319	 0	 11	 
 303	 324	 308	 319	 0	 11	 
 303	 324	 300	 331	 0	 31	 
 303	 324	 309	 318	 0	 9	 
 303	 324	 309	 318	 0	 9	 
 303	 324	 300	 328	 0	 28	 
 303	 324	 305	 322	 0	 17	 
 303	 324	 300	 331	 0	 31	 
 303	 324	 300	 328	 0	 28	 
 303	 324	 309	 318	 0	 9	 
 303	 324	 306	 321	 0	 15	 
 303	 324	 300	 333	 0	 33	 
 303	 324	 300	 335	 0	 35	 
 303	 324	 305	 322	 0	 17	 
 303	 324	 302	 325	 0	 23	 
 303	 324	 300	 335	 0	 35	 
 303	 324	 300	 333	 0	 33	 
 303	 324	 305	 322	 0	 17	 
 303	 324	 300	 333	 0	 33	 
 303	 324	 308	 319	 0	 11	 
 303	 324	 300	 334	 0	 34	 
 303	 324	 305	 322	 0	 17	 
 303	 324	 309	 318	 0	 9	 
 303	 324	 306	 321	 0	 15	 
 303	 324	 300	 332	 0	 32	 
 303	 324	 309	 318	 0	 9	 
 303	 324	 300	 327	 0	 27	 
 303	 324	 309	 318	 0	 9	 
 303	 324	 309	 318	 0	 9	 
 303	 324	 309	 318	 0	 9	 
 303	 324	 300	 329	 0	 29	 
 303	 324	 300	 330	 0	 30	 
 303	 324	 302	 325	 0	 23	 
 303	 324	 300	 330	 0	 30	 
 303	 324	 309	 318	 0	 9	 
 303	 324	 300	 329	 0	 29	 
 303	 324	 309	 318	 0	 9	 
 303	 324	 305	 322	 0	 17	 
 303	 324	 300	 335	 0	 35	 
 303	 324	 301	 326	 0	 25	 
 303	 324	 300	 330	 0	 30	 
 303	 324	 307	 320	 0	 13	 
 303	 324	 300	 331	 0	 31	 
 303	 324	 301	 326	 0	 25	 
 303	 324	 300	 334	 0	 34	 
 303	 324	 300	 334	 0	 34	 
 303	 324	 302	 325	 0	 23	 
 303	 324	 309	 318	 0	 9	 
 303	 324	 300	 335	 0	 35	 
 303	 324	 300	 329	 0	 29	 
 303	 324	 300	 327	 0	 27	 
 303	 324	 300	 333	 0	 33	 
 303	 324	 300	 333	 0	 33	 
 303	 324	 300	 330	 0	 30	 
 303	 324	 300	 331	 0	 31	 
 303	 324	 309	 318	 0	 9	 
 303	 324	 300	 328	 0	 28	 
 303	 324	 308	 319	 0	 11	 
 303	 324	 302	 325	 0	 23	 
 303	 324	 309	 318	 0	 9	 
 303	 324	 300	 328	 0	 28	 
 303	 324	 308	 319	 0	 11	 
 303	 324	 309	 318	 0	 9	 
 303	 324	 309	 318	 0	 9	 
 303	 324	 300	 335	 0	 35	 
 303	 324	 309	 318	 0	 9	 
 303	 324	 309	 318	 0	 9	 
 303	 324	 304	 323	 0	 19	 
 303	 324	 300	 331	 0	 31	 
 303	 324	 306	 321	 0	 15	 
 303	 324	 304	 323	 0	 19	 
 303	 324	 309	 318	 0	 9	 
 303	 324	 309	 318	 0	 9	 
 303	 324	 309	 318	 0	 9	 
 303	 324	 309	 318	 0	 9	 
 303	 324	 309	 318	 0	 9	 
 303	 324	 301	 326	 0	 25	 
 303	 324	 300	 329	 0	 29	 
 303	 324	 300	 329	 0	 29	 
 303	 324	 300	 335	 0	 35	 
 303	 324	 309	 318	 0	 9	 
 303	 324	 309	 318	 0	 9	 
 303	 324	 300	 327	 0	 27	 
 303	 324	 308	 319	 0	 11	 
 0	 0	 0	 0	 0	 0	 
 0	 0	 0	 0	 0	 0	 
 342	 354	 340	 356	 0	 16	 
 342	 354	 336	 360	 0	 24	 
 342	 354	 343	 353	 0	 10	 
 342	 354	 336	 360	 0	 24	 
 342	 354	 339	 357	 0	 18	 
 342	 354	 335	 360	 0	 25	 
 342	 354	 339	 357	 0	 18	 
 342	 354	 343	 353	 0	 10	 
 342	 354	 336	 360	 0	 24	 
 342	 354	 339	 357	 0	 18	 
 342	 354	 343	 353	 0	 10	 
 342	 354	 337	 359	 0	 22	 
 342	 354	 335	 360	 0	 25	 
 342	 354	 343	 353	 0	 10	 
 342	 354	 341	 355	 0	 14	 
 342	 354	 343	 353	 0	 10	 
 342	 354	 343	 353	 0	 10	 
 342	 354	 338	 358	 0	 20	 
 342	 354	 343	 353	 0	 10	 
 342	 354	 338	 358	 0	 20	 
 342	 354	 338	 358	 0	 20	 
 342	 354	 340	 356	 0	 16	 
 342	 354	 341	 355	 0	 14	 
 342	 354	 343	 353	 0	 10	 
 342	 354	 343	 353	 0	 10	 
 342	 354	 343	 353	 0	 10	 
 342	 354	 343	 353	 0	 10	 
 342	 354	 343	 353	 0	 10	 
 342	 354	 336	 360	 0	 24	 
 342	 354	 343	 353	 0	 10	 
 342	 354	 339	 357	 0	 18	 
 342	 354	 343	 353	 0	 10	 
 342	 354	 338	 358	 0	 20	 
 342	 354	 343	 353	 0	 10	 
 342	 354	 339	 357	 0	 18	 
 342	 354	 341	 355	 0	 14	 
 342	 354	 337	 359	 0	 22	 
 342	 354	 343	 353	 0	 10	 
 342	 354	 343	 353	 0	 10	 
 342	 354	 338	 358	 0	 20	 
 342	 354	 337	 359	 0	 22	 
 342	 354	 338	 358	 0	 20	 
 342	 354	 343	 353	 0	 10	 
 342	 354	 343	 353	 0	 10	 
 342	 354	 343	 353	 0	 10	 
 342	 354	 343	 353	 0	 10	 
 342	 354	 343	 353	 0	 10	 
 342	 354	 339	 357	 0	 18	 
 342	 354	 341	 355	 0	 14	 
 342	 354	 343	 353	 0	 10	 
 342	 354	 343	 353	 0	 10	 
 342	 354	 343	 353	 0	 10	 
 342	 354	 343	 353	 0	 10	 
 342	 354	 341	 355	 0	 14	 
 342	 354	 343	 353	 0	 10	 
 342	 354	 343	 353	 0	 10	 
 342	 354	 338	 358	 0	 20	 
 342	 354	 339	 357	 0	 18	 
 342	 354	 343	 353	 0	 10	 
 342	 354	 343	 353	 0	 10	 
 342	 354	 343	 353	 0	 10	 
 342	 354	 339	 357	 0	 18	 
 342	 354	 337	 359	 0	 22	 
 342	 354	 335	 360	 0	 25	 
 342	 354	 338	 358	 0	 20	 
 342	 354	 343	 353	 0	 10	 
 342	 354	 343	 353	 0	 10	 
 342	 354	 343	 353	 0	 10	 
 342	 354	 343	 353	 0	 10	 
 342	 354	 343	 353	 0	 10	 
 342	 354	 339	 357	 0	 18	 
 342	 354	 340	 356	 0	 16	 
 342	 354	 343	 353	 0	 10	 
 342	 354	 338	 358	 0	 20	 
 342	 354	 343	 353	 0	 10	 
 342	 354	 343	 353	 0	 10	 
 342	 354	 343	 353	 0	 10	 
 342	 354	 343	 353	 0	 10	 
 342	 354	 343	 353	 0	 10	 
 342	 354	 343	 353	 0	 10	 
 342	 354	 343	 353	 0	 10	 
 342	 354	 341	 355	 0	 14	 
 342	 354	 343	 353	 0	 10	 
 342	 354	 343	 353	 0	 10	 
 342	 354	 338	 358	 0	 20	 
 342	 354	 340	 356	 0	 16	 
 342	 354	 337	 359	 0	 22	 
 342	 354	 343	 353	 0	 10	 
 342	 354	 336	 360	 0	 24	 
 342	 354	 339	 357	 0	 18	 
 342	 354	 343	 353	 0	 10	 
 342	 354	 343	 353	 0	 10	 
 342	 354	 343	 353	 0	 10	 
 342	 354	 337	 359	 0	 22	 
 342	 354	 337	 359	 0	 22	 
 342	 354	 337	 359	 0	 22	 
 342	 354	 343	 353	 0	 10	 
 342	 354	 343	 353	 0	 10	 
 342	 354	 341	 355	 0	 14	 
 0	 0	 0	 0	 0	 0	 
 0	 0	 0	 0	 0	 0	 
 303	 324	 306	 321	 0	 15	 
 303	 324	 309	 318	 0	 9	 
 303	 324	 309	 318	 0	 9	 
 303	 324	 300	 331	 0	 31	 
 303	 324	 309	 318	 0	 9	 
 303	 324	 300	 327	 0	 27	 
 303	 324	 309	 318	 0	 9	 
 303	 324	 308	 319	 0	 11	 
 303	 324	 309	 318	 0	 9	 
 303	 324	 309	 318	 0	 9	 
 303	 324	 304	 323	 0	 19	 
 303	 324	 309	 318	 0	 9	 
 303	 324	 307	 320	 0	 13	 
 303	 324	 300	 329	 0	 29	 
 303	 324	 304	 323	 0	 19	 
 303	 324	 300	 327	 0	 27	 
 303	 324	 300	 330	 0	 30	 
 303	 324	 301	 326	 0	 25	 
 303	 324	 309	 318	 0	 9	 
 303	 324	 309	 318	 0	 9	 
 303	 324	 300	 329	 0	 29	 
 303	 324	 309	 318	 0	 9	 
 303	 324	 307	 320	 0	 13	 
 303	 324	 300	 330	 0	 30	 
 303	 324	 305	 322	 0	 17	 
 303	 324	 300	 333	 0	 33	 
 303	 324	 301	 326	 0	 25	 
 303	 324	 302	 325	 0	 23	 
 303	 324	 300	 332	 0	 32	 
 303	 324	 300	 333	 0	 33	 
 303	 324	 309	 318	 0	 9	 
 303	 324	 307	 320	 0	 13	 
 303	 324	 300	 333	 0	 33	 
 303	 324	 309	 318	 0	 9	 
 303	 324	 309	 318	 0	 9	 
 303	 324	 306	 321	 0	 15	 
 303	 324	 309	 318	 0	 9	 
 303	 324	 305	 322	 0	 17	 
 303	 324	 300	 329	 0	 29	 
 303	 324	 300	 328	 0	 28	 
 303	 324	 309	 318	 0	 9	 
 303	 324	 309	 318	 0	 9	 
 303	 324	 309	 318	 0	 9	 
 303	 324	 309	 318	 0	 9	 
 303	 324	 309	 318	 0	 9	 
 303	 324	 300	 327	 0	 27	 
 303	 324	 300	 328	 0	 28	 
 303	 324	 300	 335	 0	 35	 
 303	 324	 300	 334	 0	 34	 
 303	 324	 302	 325	 0	 23	 
 303	 324	 300	 329	 0	 29	 
 303	 324	 300	 334	 0	 34	 
 303	 324	 300	 327	 0	 27	 
 303	 324	 300	 332	 0	 32	 
 303	 324	 309	 318	 0	 9	 
 303	 324	 300	 332	 0	 32	 
 303	 324	 300	 333	 0	 33	 
 303	 324	 309	 318	 0	 9	 
 303	 324	 309	 318	 0	 9	 
 303	 324	 301	 326	 0	 25	 
 303	 324	 300	 330	 0	 30	 
 303	 324	 300	 335	 0	 35	 
 303	 324	 309	 318	 0	 9	 
 303	 324	 300	 329	 0	 29	 
 303	 324	 309	 318	 0	 9	 
 303	 324	 306	 321	 0	 15	 
 303	 324	 309	 318	 0	 9	 
 303	 324	 309	 318	 0	 9	 
 303	 324	 300	 333	 0	 33	 
 303	 324	 302	 325	 0	 23	 
 303	 324	 309	 318	 0	 9	 
 303	 324	 305	 322	 0	 17	 
 303	 324	 300	 333	 0	 33	 
 303	 324	 309	 318	 0	 9	 
 303	 324	 300	 335	 0	 35	 
 303	 324	 307	 320	 0	 13	 
 303	 324	 300	 328	 0	 28	 
 303	 324	 307	 320	 0	 13	 
 303	 324	 309	 318	 0	 9	 
 303	 324	 309	 318	 0	 9	 
 303	 324	 302	 325	 0	 23	 
 303	 324	 309	 318	 0	 9	 
 303	 324	 300	 327	 0	 27	 
 303	 324	 309	 318	 0	 9	 
 303	 324	 309	 318	 0	 9	 
 303	 324	 304	 323	 0	 19	 
 303	 324	 302	 325	 0	 23	 
 303	 324	 309	 318	 0	 9	 
 303	 324	 300	 333	 0	 33	 
 303	 324	 307	 320	 0	 13	 
 303	 324	 309	 318	 0	 9	 
 303	 324	 300	 333	 0	 33	 
 303	 324	 300	 335	 0	 35	 
 303	 324	 306	 321	 0	 15	 
 303	 324	 309	 318	 0	 9	 
 303	 324	 300	 332	 0	 32	 
 303	 324	 301	 326	 0	 25	 
 303	 324	 300	 328	 0	 28	 
 303	 324	 309	 318	 0	 9	 
 0	 0	 0	 0	 0	 0	 
 0	 0	 0	 0	 0	 0	 
 348	 360	 349	 359	 1	 10	 
 348	 360	 349	 359	 1	 10	 
 348	 360	 349	 359	 1	 10	 
 348	 360	 349	 359	 1	 10	 
 348	 360	 349	 359	 1	 10	 
 348	 360	 343	 360	 1	 17	 
 348	 360	 349	 359	 1	 10	 
 348	 360	 343	 360	 1	 17	 
 348	 360	 344	 360	 1	 16	 
 348	 360	 349	 359	 1	 10	 
 348	 360	 345	 360	 1	 15	 
 348	 360	 349	 359	 1	 10	 
 348	 360	 347	 360	 1	 13	 
 348	 360	 349	 359	 1	 10	 
 348	 360	 349	 359	 1	 10	 
 348	 360	 342	 360	 1	 18	 
 348	 360	 349	 359	 1	 10	 
 348	 360	 349	 359	 1	 10	 
 348	 360	 342	 360	 1	 18	 
 348	 360	 349	 359	 1	 10	 
 348	 360	 349	 359	 1	 10	 
 348	 360	 345	 360	 1	 15	 
 348	 360	 344	 360	 1	 16	 
 348	 360	 344	 360	 1	 16	 
 348	 360	 341	 360	 1	 19	 
 348	 360	 346	 360	 1	 14	 
 348	 360	 341	 360	 1	 19	 
 348	 360	 347	 360	 1	 13	 
 348	 360	 342	 360	 1	 18	 
 348	 360	 349	 359	 1	 10	 
 348	 360	 349	 359	 1	 10	 
 348	 360	 341	 360	 1	 19	 
 348	 360	 343	 360	 1	 17	 
 348	 360	 343	 360	 1	 17	 
 348	 360	 346	 360	 1	 14	 
 348	 360	 349	 359	 1	 10	 
 348	 360	 349	 359	 1	 10	 
 348	 360	 344	 360	 1	 16	 
 348	 360	 342	 360	 1	 18	 
 348	 360	 349	 359	 1	 10	 
 348	 360	 344	 360	 1	 16	 
 348	 360	 346	 360	 1	 14	 
 348	 360	 349	 359	 1	 10	 
 348	 360	 349	 359	 1	 10	 
 348	 360	 346	 360	 1	 14	 
 348	 360	 346	 360	 1	 14	 
 348	 360	 343	 360	 1	 17	 
 348	 360	 346	 360	 1	 14	 
 348	 360	 342	 360	 1	 18	 
 348	 360	 347	 360	 1	 13	 
 348	 360	 342	 360	 1	 18	 
 348	 360	 346	 360	 1	 14	 
 348	 360	 346	 360	 1	 14	 
 348	 360	 344	 360	 1	 16	 
 348	 360	 346	 360	 1	 14	 
 348	 360	 349	 359	 1	 10	 
 348	 360	 349	 359	 1	 10	 
 348	 360	 342	 360	 1	 18	 
 348	 360	 349	 359	 1	 10	 
 348	 360	 343	 360	 1	 17	 
 348	 360	 344	 360	 1	 16	 
 348	 360	 349	 359	 1	 10	 
 348	 360	 347	 360	 1	 13	 
 348	 360	 349	 359	 1	 10	 
 348	 360	 346	 360	 1	 14	 
 348	 360	 349	 359	 1	 10	 
 348	 360	 349	 359	 1	 10	 
 348	 360	 349	 359	 1	 10	 
 348	 360	 349	 359	 1	 10	 
 348	 360	 342	 360	 1	 18	 
 348	 360	 344	 360	 1	 16	 
 348	 360	 349	 359	 1	 10	 
 348	 360	 342	 360	 1	 18	 
 348	 360	 349	 359	 1	 10	 
 348	 360	 349	 359	 1	 10	 
 348	 360	 349	 359	 1	 10	 
 348	 360	 345	 360	 1	 15	 
 348	 360	 349	 359	 1	 10	 
 348	 360	 347	 360	 1	 13	 
 348	 360	 346	 360	 1	 14	 
 348	 360	 349	 359	 1	 10	 
 348	 360	 349	 359	 1	 10	 
 348	 360	 349	 359	 1	 10	 
 348	 360	 349	 359	 1	 10	 
 348	 360	 345	 360	 1	 15	 
 348	 360	 343	 360	 1	 17	 
 348	 360	 346	 360	 1	 14	 
 348	 360	 349	 359	 1	 10	 
 348	 360	 345	 360	 1	 15	 
 348	 360	 347	 360	 1	 13	 
 348	 360	 344	 360	 1	 16	 
 348	 360	 349	 359	 1	 10	 
 348	 360	 342	 360	 1	 18	 
 348	 360	 341	 360	 1	 19	 
 348	 360	 344	 360	 1	 16	 
 348	 360	 349	 359	 1	 10	 
 348	 360	 349	 359	 1	 10	 
 348	 360	 349	 359	 1	 10	 
 348	 360	 349	 359	 1	 10	 
 0	 0	 0	 0	 0	 0	 
 0	 0	 0	 0	 0	 0	 
 303	 324	 307	 320	 0	 13	 
 303	 324	 300	 330	 0	 30	 
 303	 324	 309	 318	 0	 9	 
 303	 324	 300	 331	 0	 31	 
 303	 324	 309	 318	 0	 9	 
 303	 324	 309	 318	 0	 9	 
 303	 324	 309	 318	 0	 9	 
 303	 324	 309	 318	 0	 9	 
 303	 324	 300	 330	 0	 30	 
 303	 324	 309	 318	 0	 9	 
 303	 324	 309	 318	 0	 9	 
 303	 324	 304	 323	 0	 19	 
 303	 324	 309	 318	 0	 9	 
 303	 324	 309	 318	 0	 9	 
 303	 324	 300	 328	 0	 28	 
 303	 324	 307	 320	 0	 13	 
 303	 324	 309	 318	 0	 9	 
 303	 324	 307	 320	 0	 13	 
 303	 324	 300	 332	 0	 32	 
 303	 324	 307	 320	 0	 13	 
 303	 324	 300	 331	 0	 31	 
 303	 324	 308	 319	 0	 11	 
 303	 324	 309	 318	 0	 9	 
 303	 324	 300	 335	 0	 35	 
 303	 324	 309	 318	 0	 9	 
 303	 324	 301	 326	 0	 25	 
 303	 324	 300	 327	 0	 27	 
 303	 324	 309	 318	 0	 9	 
 303	 324	 300	 328	 0	 28	 
 303	 324	 300	 335	 0	 35	 
 303	 324	 305	 322	 0	 17	 
 303	 324	 300	 330	 0	 30	 
 303	 324	 300	 334	 0	 34	 
 303	 324	 300	 335	 0	 35	 
 303	 324	 300	 327	 0	 27	 
 303	 324	 300	 331	 0	 31	 
 303	 324	 309	 318	 0	 9	 
 303	 324	 302	 325	 0	 23	 
 303	 324	 300	 333	 0	 33	 
 303	 324	 300	 332	 0	 32	 
 303	 324	 307	 320	 0	 13	 
 303	 324	 301	 326	 0	 25	 
 303	 324	 308	 319	 0	 11	 
 303	 324	 308	 319	 0	 11	 
 303	 324	 300	 329	 0	 29	 
 303	 324	 301	 326	 0	 25	 
 303	 324	 304	 323	 0	 19	 
 303	 324	 305	 322	 0	 17	 
 303	 324	 300	 329	 0	 29	 
 303	 324	 300	 328	 0	 28	 
 303	 324	 300	 329	 0	 29	 
 303	 324	 301	 326	 0	 25	 
 303	 324	 300	 335	 0	 35	 
 303	 324	 302	 325	 0	 23	 
 303	 324	 308	 319	 0	 11	 
 303	 324	 300	 334	 0	 34	 
 303	 324	 309	 318	 0	 9	 
 303	 324	 301	 326	 0	 25	 
 303	 324	 309	 318	 0	 9	 
 303	 324	 300	 335	 0	 35	 
 303	 324	 300	 333	 0	 33	 
 303	 324	 300	 328	 0	 28	 
 303	 324	 309	 318	 0	 9	 
 303	 324	 300	 335	 0	 35	 
 303	 324	 300	 331	 0	 31	 
 303	 324	 300	 329	 0	 29	 
 303	 324	 300	 332	 0	 32	 
 303	 324	 309	 318	 0	 9	 
 303	 324	 300	 331	 0	 31	 
 303	 324	 301	 326	 0	 25	 
 303	 324	 300	 331	 0	 31	 
 303	 324	 300	 327	 0	 27	 
 303	 324	 300	 335	 0	 35	 
 303	 324	 305	 322	 0	 17	 
 303	 324	 300	 333	 0	 33	 
 303	 324	 309	 318	 0	 9	 
 303	 324	 308	 319	 0	 11	 
 303	 324	 300	 331	 0	 31	 
 303	 324	 309	 318	 0	 9	 
 303	 324	 305	 322	 0	 17	 
 303	 324	 301	 326	 0	 25	 
 303	 324	 309	 318	 0	 9	 
 303	 324	 309	 318	 0	 9	 
 303	 324	 300	 333	 0	 33	 
 303	 324	 300	 331	 0	 31	 
 303	 324	 300	 329	 0	 29	 
 303	 324	 309	 318	 0	 9	 
 303	 324	 300	 335	 0	 35	 
 303	 324	 306	 321	 0	 15	 
 303	 324	 306	 321	 0	 15	 
 303	 324	 300	 328	 0	 28	 
 303	 324	 302	 325	 0	 23	 
 303	 324	 300	 335	 0	 35	 
 303	 324	 309	 318	 0	 9	 
 303	 324	 300	 334	 0	 34	 
 303	 324	 309	 318	 0	 9	 
 303	 324	 300	 328	 0	 28	 
 303	 324	 300	 332	 0	 32	 
 303	 324	 308	 319	 0	 11	 
 0	 0	 0	 0	 0	 0	 
 0	 0	 0	 0	 0	 0	 
 326	 341	 324	 343	 1	 19	 
 326	 341	 321	 346	 1	 25	 
 326	 341	 329	 338	 1	 9	 
 326	 341	 319	 348	 1	 29	 
 326	 341	 329	 338	 1	 9	 
 326	 341	 323	 344	 1	 21	 
 326	 341	 323	 344	 1	 21	 
 326	 341	 329	 338	 1	 9	 
 326	 341	 321	 346	 1	 25	 
 326	 341	 324	 343	 1	 19	 
 326	 341	 323	 344	 1	 21	 
 326	 341	 328	 339	 1	 11	 
 326	 341	 319	 348	 1	 29	 
 326	 341	 329	 338	 1	 9	 
 326	 341	 329	 338	 1	 9	 
 326	 341	 329	 338	 1	 9	 
 326	 341	 329	 338	 1	 9	 
 326	 341	 320	 347	 1	 27	 
 326	 341	 329	 338	 1	 9	 
 326	 341	 321	 346	 1	 25	 
 326	 341	 321	 346	 1	 25	 
 326	 341	 329	 338	 1	 9	 
 326	 341	 329	 338	 1	 9	 
 326	 341	 323	 344	 1	 21	 
 326	 341	 320	 347	 1	 27	 
 326	 341	 321	 346	 1	 25	 
 326	 341	 321	 346	 1	 25	 
 326	 341	 318	 349	 1	 31	 
 326	 341	 318	 349	 1	 31	 
 326	 341	 329	 338	 1	 9	 
 326	 341	 320	 347	 1	 27	 
 326	 341	 329	 338	 1	 9	 
 326	 341	 327	 340	 1	 13	 
 326	 341	 318	 349	 1	 31	 
 326	 341	 327	 340	 1	 13	 
 326	 341	 329	 338	 1	 9	 
 326	 341	 319	 348	 1	 29	 
 326	 341	 318	 349	 1	 31	 
 326	 341	 329	 338	 1	 9	 
 326	 341	 319	 348	 1	 29	 
 326	 341	 329	 338	 1	 9	 
 326	 341	 329	 338	 1	 9	 
 326	 341	 329	 338	 1	 9	 
 326	 341	 320	 347	 1	 27	 
 326	 341	 329	 338	 1	 9	 
 326	 341	 329	 338	 1	 9	 
 326	 341	 329	 338	 1	 9	 
 326	 341	 327	 340	 1	 13	 
 326	 341	 324	 343	 1	 19	 
 326	 341	 329	 338	 1	 9	 
 326	 341	 329	 338	 1	 9	 
 326	 341	 324	 343	 1	 19	 
 326	 341	 329	 338	 1	 9	 
 326	 341	 329	 338	 1	 9	 
 326	 341	 327	 340	 1	 13	 
 326	 341	 322	 345	 1	 23	 
 326	 341	 329	 338	 1	 9	 
 326	 341	 328	 339	 1	 11	 
 326	 341	 320	 347	 1	 27	 
 326	 341	 322	 345	 1	 23	 
 326	 341	 327	 340	 1	 13	 
 326	 341	 329	 338	 1	 9	 
 326	 341	 329	 338	 1	 9	 
 326	 341	 329	 338	 1	 9	 
 326	 341	 325	 342	 1	 17	 
 326	 341	 329	 338	 1	 9	 
 326	 341	 329	 338	 1	 9	 
 326	 341	 329	 338	 1	 9	 
 326	 341	 322	 345	 1	 23	 
 326	 341	 325	 342	 1	 17	 
 326	 341	 322	 345	 1	 23	 
 326	 341	 329	 338	 1	 9	 
 326	 341	 329	 338	 1	 9	 
 326	 341	 329	 338	 1	 9	 
 326	 341	 324	 343	 1	 19	 
 326	 341	 329	 338	 1	 9	 
 326	 341	 329	 338	 1	 9	 
 326	 341	 327	 340	 1	 13	 
 326	 341	 329	 338	 1	 9	 
 326	 341	 318	 349	 1	 31	 
 326	 341	 329	 338	 1	 9	 
 326	 341	 329	 338	 1	 9	 
 326	 341	 329	 338	 1	 9	 
 326	 341	 329	 338	 1	 9	 
 326	 341	 327	 340	 1	 13	 
 326	 341	 329	 338	 1	 9	 
 326	 341	 323	 344	 1	 21	 
 326	 341	 329	 338	 1	 9	 
 326	 341	 325	 342	 1	 17	 
 326	 341	 324	 343	 1	 19	 
 326	 341	 324	 343	 1	 19	 
 326	 341	 318	 349	 1	 31	 
 326	 341	 323	 344	 1	 21	 
 326	 341	 323	 344	 1	 21	 
 326	 341	 323	 344	 1	 21	 
 326	 341	 318	 349	 1	 31	 
 326	 341	 329	 338	 1	 9	 
 326	 341	 325	 342	 1	 17	 
 326	 341	 329	 338	 1	 9	 
 0	 0	 0	 0	 0	 0	 
 