s	 e	 integralPartic	 alturaRetang	 metadePartic	 maximaPartic	 minimoPArtic	 alturaPartic	 p	 comparativoMet
338	 359	 2.362773e+04	 1.073988e+03	 1.314246e+03	 2.303523e+03	 3.249676e+02	 8.171895e-01	 0	 1.223706e+00	 
 344	 358	 1.072042e+04	 7.146945e+02	 1.319479e+03	 2.303523e+03	 3.354340e+02	 5.416491e-01	 0	 1.846214e+00	 
 315	 327	 2.266031e+04	 1.743101e+03	 1.336379e+03	 2.303523e+03	 3.692340e+02	 1.304346e+00	 1	 7.666676e-01	 
 348	 360	 2.881886e+04	 2.216836e+03	 1.327370e+03	 2.303523e+03	 3.512159e+02	 1.670097e+00	 1	 5.987677e-01	 
 321	 339	 1.044827e+04	 5.499091e+02	 1.314317e+03	 2.303523e+03	 3.251106e+02	 4.183991e-01	 0	 2.390062e+00	 
 326	 341	 3.014913e+04	 1.884321e+03	 1.313838e+03	 2.303523e+03	 3.241520e+02	 1.434211e+00	 1	 6.972475e-01	 
 303	 347	 5.558945e+04	 1.235321e+03	 1.316943e+03	 2.303523e+03	 3.303631e+02	 9.380215e-01	 0	 1.066074e+00	 
 302	 358	 3.882250e+04	 6.810965e+02	 1.316357e+03	 2.303523e+03	 3.291911e+02	 5.174101e-01	 0	 1.932703e+00	 
 342	 354	 1.137177e+04	 8.747516e+02	 1.316235e+03	 2.303523e+03	 3.289466e+02	 6.645861e-01	 0	 1.504696e+00	 
 303	 324	 1.949211e+04	 8.860051e+02	 1.332353e+03	 2.303523e+03	 3.611827e+02	 6.649927e-01	 0	 1.503776e+00	 
 1	 1	 1.000000e-05	 1.000000e-05	 1.000000e-05	 1.000000e-05	 1.000000e-05	 1.000000e-05	 1	 1.000000e-05	 
 1	 1	 1.000000e-05	 1.000000e-05	 1.000000e-05	 1.000000e-05	 1.000000e-05	 1.000000e-05	 1	 1.000000e-05	 
 1	 1	 1.000000e-05	 1.000000e-05	 1.000000e-05	 1.000000e-05	 1.000000e-05	 1.000000e-05	 1	 1.000000e-05	 
 1	 1	 1.000000e-05	 1.000000e-05	 1.000000e-05	 1.000000e-05	 1.000000e-05	 1.000000e-05	 1	 1.000000e-05	 
 1	 1	 1.000000e-05	 1.000000e-05	 1.000000e-05	 1.000000e-05	 1.000000e-05	 1.000000e-05	 1	 1.000000e-05	 
 1	 1	 1.000000e-05	 1.000000e-05	 1.000000e-05	 1.000000e-05	 1.000000e-05	 1.000000e-05	 1	 1.000000e-05	 
 1	 1	 1.000000e-05	 1.000000e-05	 1.000000e-05	 1.000000e-05	 1.000000e-05	 1.000000e-05	 1	 1.000000e-05	 
 1	 1	 1.000000e-05	 1.000000e-05	 1.000000e-05	 1.000000e-05	 1.000000e-05	 1.000000e-05	 1	 1.000000e-05	 
 1	 1	 1.000000e-05	 1.000000e-05	 1.000000e-05	 1.000000e-05	 1.000000e-05	 1.000000e-05	 1	 1.000000e-05	 
 1	 1	 1.000000e-05	 1.000000e-05	 1.000000e-05	 1.000000e-05	 1.000000e-05	 1.000000e-05	 1	 1.000000e-05	 
 