1.172174e-01	 1.151206e-02	 7.893733e-01	 8.189721e-02	 6.101941e+03	 4.593263e+00	 
 2.273459e-01	 2.739568e-04	 7.503097e-01	 2.207048e-02	 5.628580e+03	 4.534443e+00	 
 8.899063e-02	 2.086584e-04	 7.348021e-01	 1.759987e-01	 1.675904e+03	 3.683632e+00	 
 8.930113e-02	 1.042669e-04	 7.349384e-01	 1.756562e-01	 1.673961e+03	 3.683936e+00	 
 8.939915e-02	 7.096321e-05	 7.349817e-01	 1.755482e-01	 1.673318e+03	 3.684033e+00	 
 1.102716e-02	 6.770184e-02	 6.767973e-01	 2.444737e-01	 6.350334e+02	 8.244384e+00	 
 1.890918e-02	 7.708782e-02	 6.556032e-01	 2.483998e-01	 5.333601e+02	 7.650827e+00	 
 8.582199e-03	 6.928203e-02	 6.695011e-01	 2.526347e-01	 4.595581e+02	 7.449830e+00	 
 3.578555e-03	 6.541699e-02	 6.765000e-01	 2.545045e-01	 4.278552e+02	 7.362983e+00	 
 1.195963e-03	 6.356571e-02	 6.798674e-01	 2.553709e-01	 4.132918e+02	 7.322309e+00	 
 3.790226e-05	 6.266380e-02	 6.815108e-01	 2.557875e-01	 4.063161e+02	 7.302596e+00	 
 2.287894e-03	 6.543475e-02	 6.723076e-01	 2.599698e-01	 3.909717e+02	 7.280544e+00	 
 2.307895e-03	 6.543711e-02	 6.722914e-01	 2.599636e-01	 3.908861e+02	 7.280393e+00	 
 1.424549e-03	 6.444281e-02	 6.776149e-01	 2.565178e-01	 3.255437e+02	 7.120668e+00	 
 1.892525e-03	 2.650018e-02	 7.000317e-01	 2.715756e-01	 1.856172e+01	 1.063404e+01	 
 