Condicionamento
1.759953e+02	 1	 0	 
 6.373367e+03	 1	 0	 
 1.887102e+02	 1	 0	 
 2.176750e+02	 1	 0	 
 2.200832e+03	 1	 0	 
 2.450271e+02	 1	 0	 
 8.530078e+06	 1	 0	 
 4.011832e+03	 1	 0	 
 3.001722e+02	 1	 0	 
 7.998595e+02	 1	 0	 
 7.998595e+02	 1	 1	 
 7.998595e+02	 1	 2	 
 7.998595e+02	 1	 3	 
 7.998595e+02	 2	 1	 
 7.998595e+02	 2	 2	 
 7.998595e+02	 2	 3	 
 7.998595e+02	 3	 1	 
 2.450271e+02	 3	 2	 
 2.450271e+02	 3	 3	 
 7.998595e+02	 4	 1	 
 2.200832e+03	 4	 2	 
 2.200832e+03	 4	 3	 
 7.998595e+02	 5	 1	 
 7.998595e+02	 5	 2	 
 7.998595e+02	 5	 3	 
 7.998595e+02	 6	 1	 
 6.373367e+03	 6	 2	 
 6.373367e+03	 6	 3	 
 7.998595e+02	 7	 1	 
 2.450271e+02	 7	 2	 
 2.450271e+02	 7	 3	 
 7.998595e+02	 8	 1	 
 4.011832e+03	 8	 2	 
 4.011832e+03	 8	 3	 
 7.998595e+02	 9	 1	 
 2.200832e+03	 9	 2	 
 2.200832e+03	 9	 3	 
 7.998595e+02	 10	 1	 
 7.998595e+02	 10	 2	 
 7.998595e+02	 10	 3	 
 