minimo	maximo	maximTot	minimTot	
4.422768e-01	 3.108049e+03	 3.310000e+01	 2.732700e+03	 
 4.422768e-01	 3.108049e+03	 1.071200e+03	 2.092400e+03	 
 4.422768e-01	 3.108049e+03	 1.071200e+03	 2.092400e+03	 
 4.422768e-01	 3.108049e+03	 1.193000e+02	 1.475000e+02	 
 1.271553e-02	 1.371160e+03	 5.800000e+00	 1.450000e+01	 
 1.271553e-02	 1.371160e+03	 1.166900e+03	 2.848100e+03	 
 1.271553e-02	 1.371160e+03	 9.871000e+02	 2.021300e+03	 
 1.271553e-02	 1.371160e+03	 1.193000e+02	 1.475000e+02	 
 4.072352e-01	 2.761450e+03	 1.020000e+01	 2.732700e+03	 
 4.072352e-01	 2.761450e+03	 1.181500e+03	 1.775100e+03	 
 4.072352e-01	 2.761450e+03	 1.071200e+03	 2.092400e+03	 
 4.072352e-01	 2.761450e+03	 1.438000e+02	 1.732000e+02	 
 7.386925e+00	 3.094220e+03	 6.200000e+00	 3.220000e+01	 
 7.386925e+00	 3.094220e+03	 1.166900e+03	 1.586300e+03	 
 7.386925e+00	 3.094220e+03	 9.871000e+02	 2.092400e+03	 
 7.386925e+00	 3.094220e+03	 1.438000e+02	 1.764000e+02	 
 6.053349e-02	 1.456645e+03	 6.200000e+00	 1.970000e+01	 
 6.053349e-02	 1.456645e+03	 9.871000e+02	 2.092400e+03	 
 6.053349e-02	 1.456645e+03	 1.187900e+03	 2.092400e+03	 
 6.053349e-02	 1.456645e+03	 1.438000e+02	 1.629000e+02	 
 1.511369e-01	 1.345490e+03	 2.270000e+01	 1.043500e+03	 
 1.511369e-01	 1.345490e+03	 1.166900e+03	 2.848100e+03	 
 1.511369e-01	 1.345490e+03	 9.871000e+02	 2.021300e+03	 
 1.511369e-01	 1.345490e+03	 1.341000e+02	 1.732000e+02	 
 2.740366e-02	 1.364237e+03	 1.020000e+01	 2.410000e+01	 
 2.740366e-02	 1.364237e+03	 1.166900e+03	 1.990000e+03	 
 2.740366e-02	 1.364237e+03	 1.143800e+03	 2.092400e+03	 
 2.740366e-02	 1.364237e+03	 1.438000e+02	 1.732000e+02	 
 5.304082e-02	 1.505298e+03	 5.800000e+00	 2.150000e+01	 
 5.304082e-02	 1.505298e+03	 1.166900e+03	 1.577500e+03	 
 5.304082e-02	 1.505298e+03	 1.186300e+03	 2.092400e+03	 
 5.304082e-02	 1.505298e+03	 1.438000e+02	 1.689000e+02	 
 1.854350e-02	 1.584409e+03	 5.800000e+00	 1.450000e+01	 
 1.854350e-02	 1.584409e+03	 1.467300e+03	 2.848100e+03	 
 1.854350e-02	 1.584409e+03	 1.166900e+03	 2.092400e+03	 
 1.854350e-02	 1.584409e+03	 1.193000e+02	 1.703000e+02	 
 1.980225e-01	 2.642563e+03	 18	 2.636700e+03	 
 1.980225e-01	 2.642563e+03	 1.166900e+03	 1.904300e+03	 
 1.980225e-01	 2.642563e+03	 1.166900e+03	 1.775100e+03	 
 1.980225e-01	 2.642563e+03	 1.438000e+02	 1.732000e+02	 
 2.624638e-01	 2.279032e+03	 18	 2.636700e+03	 
 5.417187e-01	 2.279293e+03	 1.990000e+01	 2.636700e+03	 
 2.160278e+00	 2.279172e+03	 18	 2.636700e+03	 
 1.060625e-01	 2.279317e+03	 18	 2.636700e+03	 
 2.290355e-01	 2.279368e+03	 18	 2.636700e+03	 
 1.128678e+00	 2.279119e+03	 18	 2.636700e+03	 
 3.748001e-02	 2.279343e+03	 18	 2.636700e+03	 
 7.304901e-01	 2.279237e+03	 18	 2.636700e+03	 
 6.621031e-01	 2.279219e+03	 18	 2.636700e+03	 
 2.447715e-01	 2.279356e+03	 18	 2.636700e+03	 
 2.746417e-01	 2.279232e+03	 18	 2.636700e+03	 
 5.542587e-01	 2.279410e+03	 18	 2.636700e+03	 
 3.542545e-01	 2.279383e+03	 18	 2.636700e+03	 
 2.643713e-02	 2.279206e+03	 18	 2.636700e+03	 
 3.498907e-01	 2.278614e+03	 18	 2.636700e+03	 
 5.202073e-01	 2.278719e+03	 18	 2.636700e+03	 
 1.966731e-01	 2.279411e+03	 18	 2.636700e+03	 
 1.335654e-01	 2.278821e+03	 18	 2.636700e+03	 
 1.769130e+00	 2.277208e+03	 18	 2.636700e+03	 
 7.351989e-01	 2.278073e+03	 18	 2.636700e+03	 
 6.484073e-02	 2.280883e+03	 18	 2.636700e+03	 
 8.024565e-01	 2.280187e+03	 18	 2.600300e+03	 
 2.220343e+00	 2.282722e+03	 18	 2.636700e+03	 
 2.408276e-01	 2.279645e+03	 6.800000e+00	 2.636700e+03	 
 9.148981e-01	 2.279608e+03	 9.300000e+00	 2.636700e+03	 
 1.680420e+00	 2.279521e+03	 7.100000e+00	 2.636700e+03	 
 4.693791e-01	 2.279744e+03	 8.100000e+00	 2.636700e+03	 
 2.959367e-02	 2.279709e+03	 9.600000e+00	 2.636700e+03	 
 3.194026e-01	 2.279637e+03	 8.700000e+00	 2.636700e+03	 
 4.813696e-01	 2.279616e+03	 5.800000e+00	 2.636700e+03	 
 1.453953e+00	 2.279487e+03	 9.600000e+00	 2.636700e+03	 
 3.583136e-01	 2.279275e+03	 8.200000e+00	 2.636700e+03	 
 3.335625e-01	 2.279630e+03	 9.400000e+00	 2.636700e+03	 
 7.170199e-02	 2.279682e+03	 9.200000e+00	 2.636700e+03	 
 8.103767e-05	 2.279972e+03	 1.110000e+01	 2.636700e+03	 
 5.179035e-01	 2.279817e+03	 1.340000e+01	 2.636700e+03	 
 2.093965e-01	 2.279778e+03	 9.400000e+00	 2.636700e+03	 
 5.074975e-01	 2.279809e+03	 1.130000e+01	 2.636700e+03	 
 8.935107e-01	 2.279830e+03	 6.200000e+00	 2.636700e+03	 
 6.497324e-01	 2.280206e+03	 1.160000e+01	 2.636700e+03	 
 1.296694e+00	 2.280050e+03	 9.200000e+00	 2.636700e+03	 
 1.175887e+00	 2.280305e+03	 1.110000e+01	 2.636700e+03	 
 1.374803e+00	 2.280042e+03	 11	 2.636700e+03	 
 2.624521e-01	 2.280118e+03	 1.150000e+01	 2.636700e+03	 
 2.515438e-01	 2.279954e+03	 12	 2.636700e+03	 
 5.445561e-01	 2.280000e+03	 1.270000e+01	 2.636700e+03	 
 2.163711e-01	 2.279967e+03	 1.020000e+01	 2.636700e+03	 
 3.887569e-01	 2.279664e+03	 1.040000e+01	 2.636700e+03	 
 3.839101e-01	 2.280185e+03	 1.450000e+01	 2.636700e+03	 
 2.624638e-01	 2.279032e+03	 18	 2.636700e+03	 
 5.417187e-01	 2.279293e+03	 1.990000e+01	 2.636700e+03	 
 2.160278e+00	 2.279172e+03	 18	 2.636700e+03	 
 1.060625e-01	 2.279317e+03	 18	 2.636700e+03	 
 2.290355e-01	 2.279368e+03	 18	 2.636700e+03	 
 1.128678e+00	 2.279119e+03	 18	 2.636700e+03	 
 3.748001e-02	 2.279343e+03	 18	 2.636700e+03	 
 7.304901e-01	 2.279237e+03	 18	 2.636700e+03	 
 6.621031e-01	 2.279219e+03	 18	 2.636700e+03	 
 2.447715e-01	 2.279356e+03	 18	 2.636700e+03	 
 2.746417e-01	 2.279232e+03	 18	 2.636700e+03	 
 5.542587e-01	 2.279410e+03	 18	 2.636700e+03	 
 3.542545e-01	 2.279383e+03	 18	 2.636700e+03	 
 2.643713e-02	 2.279206e+03	 18	 2.636700e+03	 
 3.498907e-01	 2.278614e+03	 18	 2.636700e+03	 
 5.202073e-01	 2.278719e+03	 18	 2.636700e+03	 
 1.966731e-01	 2.279411e+03	 18	 2.636700e+03	 
 1.335654e-01	 2.278821e+03	 18	 2.636700e+03	 
 1.769130e+00	 2.277208e+03	 18	 2.636700e+03	 
 7.351989e-01	 2.278073e+03	 18	 2.636700e+03	 
 6.484073e-02	 2.280883e+03	 18	 2.636700e+03	 
 8.024565e-01	 2.280187e+03	 18	 2.600300e+03	 
 2.220343e+00	 2.282722e+03	 18	 2.636700e+03	 
 2.408276e-01	 2.279645e+03	 6.800000e+00	 2.636700e+03	 
 9.148981e-01	 2.279608e+03	 9.300000e+00	 2.636700e+03	 
 1.680420e+00	 2.279521e+03	 7.100000e+00	 2.636700e+03	 
 4.693791e-01	 2.279744e+03	 8.100000e+00	 2.636700e+03	 
 2.959367e-02	 2.279709e+03	 9.600000e+00	 2.636700e+03	 
 3.194026e-01	 2.279637e+03	 8.700000e+00	 2.636700e+03	 
 4.813696e-01	 2.279616e+03	 5.800000e+00	 2.636700e+03	 
 1.453953e+00	 2.279487e+03	 9.600000e+00	 2.636700e+03	 
 3.583136e-01	 2.279275e+03	 8.200000e+00	 2.636700e+03	 
 3.335625e-01	 2.279630e+03	 9.400000e+00	 2.636700e+03	 
 7.170199e-02	 2.279682e+03	 9.200000e+00	 2.636700e+03	 
 8.103767e-05	 2.279972e+03	 1.110000e+01	 2.636700e+03	 
 5.179035e-01	 2.279817e+03	 1.340000e+01	 2.636700e+03	 
 2.093965e-01	 2.279778e+03	 9.400000e+00	 2.636700e+03	 
 5.074975e-01	 2.279809e+03	 1.130000e+01	 2.636700e+03	 
 8.935107e-01	 2.279830e+03	 6.200000e+00	 2.636700e+03	 
 6.497324e-01	 2.280206e+03	 1.160000e+01	 2.636700e+03	 
 1.296694e+00	 2.280050e+03	 9.200000e+00	 2.636700e+03	 
 1.175887e+00	 2.280305e+03	 1.110000e+01	 2.636700e+03	 
 1.374803e+00	 2.280042e+03	 11	 2.636700e+03	 
 2.624521e-01	 2.280118e+03	 1.150000e+01	 2.636700e+03	 
 2.515438e-01	 2.279954e+03	 12	 2.636700e+03	 
 5.445561e-01	 2.280000e+03	 1.270000e+01	 2.636700e+03	 
 2.163711e-01	 2.279967e+03	 1.020000e+01	 2.636700e+03	 
 3.887569e-01	 2.279664e+03	 1.040000e+01	 2.636700e+03	 
 3.839101e-01	 2.280185e+03	 1.450000e+01	 2.636700e+03	 
 2.746417e-01	 2.279232e+03	 18	 2.636700e+03	 
 5.542587e-01	 2.279410e+03	 18	 2.636700e+03	 
 3.542545e-01	 2.279383e+03	 18	 2.636700e+03	 
 2.643713e-02	 2.279206e+03	 18	 2.636700e+03	 
 3.498907e-01	 2.278614e+03	 18	 2.636700e+03	 
 5.202073e-01	 2.278719e+03	 18	 2.636700e+03	 
 1.966731e-01	 2.279411e+03	 18	 2.636700e+03	 
 1.335654e-01	 2.278821e+03	 18	 2.636700e+03	 
 1.769130e+00	 2.277208e+03	 18	 2.636700e+03	 
 7.351989e-01	 2.278073e+03	 18	 2.636700e+03	 
 6.484073e-02	 2.280883e+03	 18	 2.636700e+03	 
 8.024565e-01	 2.280187e+03	 18	 2.600300e+03	 
 2.220343e+00	 2.282722e+03	 18	 2.636700e+03	 
 7.170199e-02	 2.279682e+03	 9.200000e+00	 2.636700e+03	 
 8.103767e-05	 2.279972e+03	 1.110000e+01	 2.636700e+03	 
 5.179035e-01	 2.279817e+03	 1.340000e+01	 2.636700e+03	 
 2.093965e-01	 2.279778e+03	 9.400000e+00	 2.636700e+03	 
 5.074975e-01	 2.279809e+03	 1.130000e+01	 2.636700e+03	 
 8.935107e-01	 2.279830e+03	 6.200000e+00	 2.636700e+03	 
 6.497324e-01	 2.280206e+03	 1.160000e+01	 2.636700e+03	 
 1.296694e+00	 2.280050e+03	 9.200000e+00	 2.636700e+03	 
 1.175887e+00	 2.280305e+03	 1.110000e+01	 2.636700e+03	 
 1.374803e+00	 2.280042e+03	 11	 2.636700e+03	 
 2.624521e-01	 2.280118e+03	 1.150000e+01	 2.636700e+03	 
 2.515438e-01	 2.279954e+03	 12	 2.636700e+03	 
 5.445561e-01	 2.280000e+03	 1.270000e+01	 2.636700e+03	 
 2.163711e-01	 2.279967e+03	 1.020000e+01	 2.636700e+03	 
 3.887569e-01	 2.279664e+03	 1.040000e+01	 2.636700e+03	 
 3.839101e-01	 2.280185e+03	 1.450000e+01	 2.636700e+03	 
 1.865809e-01	 2.279644e+03	 1.250000e+01	 2.636700e+03	 
 1.724637e+00	 2.280031e+03	 18	 2.636700e+03	 
 1.407455e-01	 2.280009e+03	 1.390000e+01	 2.636700e+03	 
 9.167620e-01	 2.279583e+03	 1.450000e+01	 2.636700e+03	 
 2.194311e+00	 2.279511e+03	 1.440000e+01	 2.636700e+03	 
 1.780193e-01	 2.279770e+03	 1.680000e+01	 2.636700e+03	 
 2.624638e-01	 2.279032e+03	 18	 2.636700e+03	 
 5.417187e-01	 2.279293e+03	 1.990000e+01	 2.636700e+03	 
 2.160278e+00	 2.279172e+03	 18	 2.636700e+03	 
 1.060625e-01	 2.279317e+03	 18	 2.636700e+03	 
 2.290355e-01	 2.279368e+03	 18	 2.636700e+03	 
 1.128678e+00	 2.279119e+03	 18	 2.636700e+03	 
 3.748001e-02	 2.279343e+03	 18	 2.636700e+03	 
 7.304901e-01	 2.279237e+03	 18	 2.636700e+03	 
 6.621031e-01	 2.279219e+03	 18	 2.636700e+03	 
 2.447715e-01	 2.279356e+03	 18	 2.636700e+03	 
 2.746417e-01	 2.279232e+03	 18	 2.636700e+03	 
 5.542587e-01	 2.279410e+03	 18	 2.636700e+03	 
 3.542545e-01	 2.279383e+03	 18	 2.636700e+03	 
 2.643713e-02	 2.279206e+03	 18	 2.636700e+03	 
 3.498907e-01	 2.278614e+03	 18	 2.636700e+03	 
 5.202073e-01	 2.278719e+03	 18	 2.636700e+03	 
 1.966731e-01	 2.279411e+03	 18	 2.636700e+03	 
 1.335654e-01	 2.278821e+03	 18	 2.636700e+03	 
 1.769130e+00	 2.277208e+03	 18	 2.636700e+03	 
 7.351989e-01	 2.278073e+03	 18	 2.636700e+03	 
 6.484073e-02	 2.280883e+03	 18	 2.636700e+03	 
 8.024565e-01	 2.280187e+03	 18	 2.600300e+03	 
 2.220343e+00	 2.282722e+03	 18	 2.636700e+03	 
 7.170199e-02	 2.279682e+03	 9.200000e+00	 2.636700e+03	 
 8.103767e-05	 2.279972e+03	 1.110000e+01	 2.636700e+03	 
 5.179035e-01	 2.279817e+03	 1.340000e+01	 2.636700e+03	 
 2.093965e-01	 2.279778e+03	 9.400000e+00	 2.636700e+03	 
 5.074975e-01	 2.279809e+03	 1.130000e+01	 2.636700e+03	 
 8.935107e-01	 2.279830e+03	 6.200000e+00	 2.636700e+03	 
 6.497324e-01	 2.280206e+03	 1.160000e+01	 2.636700e+03	 
 1.296694e+00	 2.280050e+03	 9.200000e+00	 2.636700e+03	 
 1.175887e+00	 2.280305e+03	 1.110000e+01	 2.636700e+03	 
 1.374803e+00	 2.280042e+03	 11	 2.636700e+03	 
 2.624521e-01	 2.280118e+03	 1.150000e+01	 2.636700e+03	 
 2.515438e-01	 2.279954e+03	 12	 2.636700e+03	 
 5.445561e-01	 2.280000e+03	 1.270000e+01	 2.636700e+03	 
 2.163711e-01	 2.279967e+03	 1.020000e+01	 2.636700e+03	 
 3.887569e-01	 2.279664e+03	 1.040000e+01	 2.636700e+03	 
 3.839101e-01	 2.280185e+03	 1.450000e+01	 2.636700e+03	 
 1.865809e-01	 2.279644e+03	 1.250000e+01	 2.636700e+03	 
 1.724637e+00	 2.280031e+03	 18	 2.636700e+03	 
 1.407455e-01	 2.280009e+03	 1.390000e+01	 2.636700e+03	 
 9.167620e-01	 2.279583e+03	 1.450000e+01	 2.636700e+03	 
 2.194311e+00	 2.279511e+03	 1.440000e+01	 2.636700e+03	 
 1.780193e-01	 2.279770e+03	 1.680000e+01	 2.636700e+03	 
 2.624638e-01	 2.279032e+03	 18	 2.636700e+03	 
 5.417187e-01	 2.279293e+03	 1.990000e+01	 2.636700e+03	 
 2.160278e+00	 2.279172e+03	 18	 2.636700e+03	 
 1.060625e-01	 2.279317e+03	 18	 2.636700e+03	 
 1.335654e-01	 2.278821e+03	 18	 2.636700e+03	 
 1.769130e+00	 2.277208e+03	 18	 2.636700e+03	 
 7.351989e-01	 2.278073e+03	 18	 2.636700e+03	 
 6.484073e-02	 2.280883e+03	 18	 2.636700e+03	 
 8.024565e-01	 2.280187e+03	 18	 2.600300e+03	 
 2.220343e+00	 2.282722e+03	 18	 2.636700e+03	 
 2.746417e-01	 2.279232e+03	 18	 2.636700e+03	 
 5.542587e-01	 2.279410e+03	 18	 2.636700e+03	 
 3.542545e-01	 2.279383e+03	 18	 2.636700e+03	 
 2.643713e-02	 2.279206e+03	 18	 2.636700e+03	 
 3.498907e-01	 2.278614e+03	 18	 2.636700e+03	 
 5.202073e-01	 2.278719e+03	 18	 2.636700e+03	 
 1.966731e-01	 2.279411e+03	 18	 2.636700e+03	 
 1.335654e-01	 2.278821e+03	 18	 2.636700e+03	 
 1.769130e+00	 2.277208e+03	 18	 2.636700e+03	 
 7.351989e-01	 2.278073e+03	 18	 2.636700e+03	 
 6.484073e-02	 2.280883e+03	 18	 2.636700e+03	 
 8.024565e-01	 2.280187e+03	 18	 2.600300e+03	 
 2.220343e+00	 2.282722e+03	 18	 2.636700e+03	 
 7.170199e-02	 2.279682e+03	 9.200000e+00	 2.636700e+03	 
 8.103767e-05	 2.279972e+03	 1.110000e+01	 2.636700e+03	 
 5.179035e-01	 2.279817e+03	 1.340000e+01	 2.636700e+03	 
 2.093965e-01	 2.279778e+03	 9.400000e+00	 2.636700e+03	 
 5.074975e-01	 2.279809e+03	 1.130000e+01	 2.636700e+03	 
 8.935107e-01	 2.279830e+03	 6.200000e+00	 2.636700e+03	 
 6.497324e-01	 2.280206e+03	 1.160000e+01	 2.636700e+03	 
 1.296694e+00	 2.280050e+03	 9.200000e+00	 2.636700e+03	 
 1.175887e+00	 2.280305e+03	 1.110000e+01	 2.636700e+03	 
 1.374803e+00	 2.280042e+03	 11	 2.636700e+03	 
 2.624521e-01	 2.280118e+03	 1.150000e+01	 2.636700e+03	 
 2.515438e-01	 2.279954e+03	 12	 2.636700e+03	 
 5.445561e-01	 2.280000e+03	 1.270000e+01	 2.636700e+03	 
 2.163711e-01	 2.279967e+03	 1.020000e+01	 2.636700e+03	 
 3.887569e-01	 2.279664e+03	 1.040000e+01	 2.636700e+03	 
 3.839101e-01	 2.280185e+03	 1.450000e+01	 2.636700e+03	 
 1.865809e-01	 2.279644e+03	 1.250000e+01	 2.636700e+03	 
 1.724637e+00	 2.280031e+03	 18	 2.636700e+03	 
 1.407455e-01	 2.280009e+03	 1.390000e+01	 2.636700e+03	 
 9.167620e-01	 2.279583e+03	 1.450000e+01	 2.636700e+03	 
 2.194311e+00	 2.279511e+03	 1.440000e+01	 2.636700e+03	 
 1.780193e-01	 2.279770e+03	 1.680000e+01	 2.636700e+03	 
 3.748001e-02	 2.279343e+03	 18	 2.636700e+03	 
 7.304901e-01	 2.279237e+03	 18	 2.636700e+03	 
 6.621031e-01	 2.279219e+03	 18	 2.636700e+03	 
 2.447715e-01	 2.279356e+03	 18	 2.636700e+03	 
 2.746417e-01	 2.279232e+03	 18	 2.636700e+03	 
 5.542587e-01	 2.279410e+03	 18	 2.636700e+03	 
 3.542545e-01	 2.279383e+03	 18	 2.636700e+03	 
 2.643713e-02	 2.279206e+03	 18	 2.636700e+03	 
 3.498907e-01	 2.278614e+03	 18	 2.636700e+03	 
 5.202073e-01	 2.278719e+03	 18	 2.636700e+03	 
 1.966731e-01	 2.279411e+03	 18	 2.636700e+03	 
 1.335654e-01	 2.278821e+03	 18	 2.636700e+03	 
 1.769130e+00	 2.277208e+03	 18	 2.636700e+03	 
 7.351989e-01	 2.278073e+03	 18	 2.636700e+03	 
 6.484073e-02	 2.280883e+03	 18	 2.636700e+03	 
 8.024565e-01	 2.280187e+03	 18	 2.600300e+03	 
 2.220343e+00	 2.282722e+03	 18	 2.636700e+03	 
 2.624521e-01	 2.280118e+03	 1.150000e+01	 2.636700e+03	 
 2.515438e-01	 2.279954e+03	 12	 2.636700e+03	 
 5.445561e-01	 2.280000e+03	 1.270000e+01	 2.636700e+03	 
 2.163711e-01	 2.279967e+03	 1.020000e+01	 2.636700e+03	 
 3.887569e-01	 2.279664e+03	 1.040000e+01	 2.636700e+03	 
 3.839101e-01	 2.280185e+03	 1.450000e+01	 2.636700e+03	 
 1.865809e-01	 2.279644e+03	 1.250000e+01	 2.636700e+03	 
 1.724637e+00	 2.280031e+03	 18	 2.636700e+03	 
 1.407455e-01	 2.280009e+03	 1.390000e+01	 2.636700e+03	 
 9.167620e-01	 2.279583e+03	 1.450000e+01	 2.636700e+03	 
 2.194311e+00	 2.279511e+03	 1.440000e+01	 2.636700e+03	 
 1.780193e-01	 2.279770e+03	 1.680000e+01	 2.636700e+03	 
 