3.299613e-04	 5.918800e-01	 1.643873e-01	 2.412578e-01	 4.505595e-02	 9.412295e+00	 
 8.544620e-04	 5.850182e-01	 1.693130e-01	 2.380559e-01	 3.145983e-02	 8.302607e+00	 
 2.159566e-04	 5.932087e-01	 1.634747e-01	 2.419764e-01	 6.231057e-02	 1.005864e+01	 
 4.353039e-04	 5.906408e-01	 1.651998e-01	 2.406234e-01	 2.882049e-02	 9.043408e+00	 
 5.915673e-04	 5.885312e-01	 1.676967e-01	 2.387776e-01	 9.255844e-03	 8.750603e+00	 
 5.915673e-04	 5.885312e-01	 1.676967e-01	 2.387776e-01	 9.255844e-03	 8.750603e+00	 
 6.960444e-03	 3.314345e-01	 1.619771e-01	 4.361477e-01	 1.475382e+00	 6.391503e+00	 
 6.933225e-03	 3.356724e-01	 1.558833e-01	 4.383511e-01	 1.456523e+00	 6.384556e+00	 
 6.948457e-03	 3.367965e-01	 1.494911e-01	 4.434088e-01	 1.446835e+00	 6.386803e+00	 
 7.218981e-03	 3.377470e-01	 1.491766e-01	 4.400060e-01	 1.552653e+00	 6.404535e+00	 
 6.897961e-03	 3.362746e-01	 1.503587e-01	 4.434661e-01	 1.433285e+00	 6.386036e+00	 
 8.828282e-03	 1.584190e-01	 1.782140e-01	 5.652479e-01	 1.979554e+00	 6.945257e+00	 
 1.404392e-04	 5.517432e-01	 2.784390e-01	 1.548917e-01	 5.855422e-02	 9.426358e+00	 
 3.898913e-03	 3.458592e-01	 5.294129e-01	 7.918235e-02	 8.124118e-01	 8.278424e+00	 
 1.404392e-04	 5.517432e-01	 2.784390e-01	 1.548917e-01	 5.855422e-02	 9.426358e+00	 
 4.139039e-03	 3.308802e-01	 5.511963e-01	 6.900380e-02	 9.326584e-01	 8.173270e+00	 
 1.404392e-04	 5.517432e-01	 2.784390e-01	 1.548917e-01	 5.855422e-02	 9.426358e+00	 
 4.533037e-03	 3.164383e-01	 5.650750e-01	 6.806658e-02	 9.577545e-01	 8.091130e+00	 
 7.731357e-03	 4.086382e-01	 5.469995e-01	 1.227886e-02	 3.292793e-01	 6.189369e+00	 
 7.346767e-03	 4.081225e-01	 5.577818e-01	 3.511992e-03	 2.990319e-01	 6.192068e+00	 
 7.339465e-03	 4.091836e-01	 5.570449e-01	 3.437179e-03	 2.928538e-01	 6.185410e+00	 
 7.731357e-03	 4.086382e-01	 5.469995e-01	 1.227886e-02	 3.292793e-01	 6.189369e+00	 
 7.731357e-03	 4.086382e-01	 5.469995e-01	 1.227886e-02	 3.292793e-01	 6.189369e+00	 
 7.832376e-03	 4.105482e-01	 5.513920e-01	 7.295956e-03	 2.915257e-01	 6.143903e+00	 
 1.220290e-02	 4.674737e-01	 2.350751e-01	 2.469255e-01	 7.274936e-01	 5.325201e+00	 
 1.212238e-02	 4.753248e-01	 2.115454e-01	 2.624016e-01	 7.709443e-01	 5.336104e+00	 
 1.212272e-02	 4.706993e-01	 2.240114e-01	 2.547907e-01	 7.453424e-01	 5.330924e+00	 
 1.208437e-02	 4.805364e-01	 1.996575e-01	 2.686908e-01	 8.015447e-01	 5.346640e+00	 
 1.197683e-02	 4.779025e-01	 2.002894e-01	 2.712924e-01	 7.851981e-01	 5.345093e+00	 
 1.289996e-02	 4.931074e-01	 1.887453e-01	 2.646056e-01	 8.697379e-01	 5.328666e+00	 
 1.447042e-03	 4.904443e-01	 2.903489e-01	 2.075325e-01	 1.213087e-01	 8.387911e+00	 
 1.399768e-03	 4.900825e-01	 2.917717e-01	 2.062573e-01	 1.262194e-01	 8.399513e+00	 
 1.395528e-03	 4.917893e-01	 2.827510e-01	 2.142678e-01	 1.195225e-01	 8.413283e+00	 
 1.464214e-03	 4.885701e-01	 2.975631e-01	 2.012394e-01	 1.359061e-01	 8.339971e+00	 
 1.399768e-03	 4.900825e-01	 2.917717e-01	 2.062573e-01	 1.262194e-01	 8.399513e+00	 
 1.050027e-03	 4.980774e-01	 2.626662e-01	 2.307306e-01	 8.814466e-02	 8.727069e+00	 
 2.940905e-03	 3.225366e-01	 6.046206e-01	 2.806518e-02	 7.258754e-01	 7.137653e+00	 
 3.517453e-03	 2.959021e-01	 6.286364e-01	 2.640241e-02	 8.569152e-01	 7.238080e+00	 
 3.160985e-03	 3.148740e-01	 6.009148e-01	 3.745162e-02	 8.069819e-01	 7.181643e+00	 
 3.143272e-03	 3.108931e-01	 6.164201e-01	 2.583620e-02	 7.946612e-01	 7.206931e+00	 
 3.281057e-03	 3.091092e-01	 6.191286e-01	 2.344430e-02	 8.577208e-01	 7.256917e+00	 
 3.143272e-03	 3.108931e-01	 6.164201e-01	 2.583620e-02	 7.946612e-01	 7.206931e+00	 
 2.135154e-03	 4.289612e-01	 4.604623e-01	 7.606333e-02	 5.150775e-01	 6.697703e+00	 
 2.122156e-03	 4.284432e-01	 4.664106e-01	 7.121427e-02	 4.810150e-01	 6.666700e+00	 
 2.356768e-03	 4.280385e-01	 4.535370e-01	 8.271683e-02	 5.690022e-01	 6.678399e+00	 
 2.510289e-03	 4.276350e-01	 4.573844e-01	 7.898219e-02	 5.730662e-01	 6.641729e+00	 
 2.303810e-03	 4.282386e-01	 4.540730e-01	 8.219821e-02	 5.603663e-01	 6.686134e+00	 
 2.205550e-03	 4.287530e-01	 4.637874e-01	 7.289964e-02	 5.113559e-01	 6.673521e+00	 
 2.010814e-02	 3.826957e-01	 5.682315e-01	 1.080000e-02	 1.509048e-01	 5.734435e+00	 
 2.355017e-02	 3.673051e-01	 5.873981e-01	 4.559555e-03	 1.185535e-01	 5.712032e+00	 
 1.913925e-02	 3.800095e-01	 5.732206e-01	 8.381071e-03	 1.795137e-01	 5.759507e+00	 
 1.837933e-02	 3.862690e-01	 5.698718e-01	 7.144999e-03	 1.570357e-01	 5.751558e+00	 
 1.874192e-02	 3.832810e-01	 5.714715e-01	 7.734197e-03	 1.677600e-01	 5.755391e+00	 
 1.913925e-02	 3.800095e-01	 5.732206e-01	 8.381071e-03	 1.795137e-01	 5.759507e+00	 
 1.810238e-02	 4.382941e-01	 4.621777e-01	 6.403665e-02	 1.493675e-01	 5.693036e+00	 
 1.779301e-02	 4.375494e-01	 4.678431e-01	 5.975657e-02	 1.401896e-01	 5.693354e+00	 
 2.023751e-02	 4.434863e-01	 4.228562e-01	 9.374185e-02	 2.127508e-01	 5.689245e+00	 
 1.655865e-02	 4.377103e-01	 4.685730e-01	 5.907649e-02	 1.681755e-01	 5.723051e+00	 
 1.907021e-02	 4.379943e-01	 4.628440e-01	 6.364075e-02	 1.236795e-01	 5.671569e+00	 
 1.810238e-02	 4.382941e-01	 4.621777e-01	 6.403665e-02	 1.493675e-01	 5.693036e+00	 
 1.134452e-03	 4.964912e-01	 2.686397e-01	 2.254633e-01	 1.007323e-01	 8.632267e+00	 
 1.720814e-04	 5.095944e-01	 2.164925e-01	 2.732288e-01	 3.194998e-02	 1.143405e+01	 
 5.517517e-04	 5.062601e-01	 2.325580e-01	 2.574492e-01	 1.747663e-02	 9.538746e+00	 
 1.175692e-03	 4.955215e-01	 2.695648e-01	 2.251972e-01	 1.053323e-01	 8.580856e+00	 
 7.271413e-05	 5.119958e-01	 2.104709e-01	 2.778457e-01	 4.581198e-02	 1.170744e+01	 
 1.070520e-03	 4.985238e-01	 2.609719e-01	 2.322664e-01	 8.239515e-02	 8.731337e+00	 
 1.087126e-03	 4.990133e-01	 2.591238e-01	 2.339389e-01	 7.628161e-02	 8.741535e+00	 
 1.194713e-03	 4.978131e-01	 2.667651e-01	 2.262000e-01	 9.833272e-02	 8.613900e+00	 
 1.972193e-04	 5.114864e-01	 2.140395e-01	 2.739751e-01	 3.194955e-02	 1.178675e+01	 
 7.790182e-04	 5.038582e-01	 2.418208e-01	 2.486071e-01	 5.085235e-02	 9.082400e+00	 
 3.559759e-04	 5.090319e-01	 2.217765e-01	 2.674127e-01	 1.391267e-02	 1.026689e+01	 
 8.036219e-04	 5.047447e-01	 2.419904e-01	 2.478151e-01	 4.456072e-02	 9.119473e+00	 
 1.175692e-03	 4.955215e-01	 2.695648e-01	 2.251972e-01	 1.053323e-01	 8.580856e+00	 
 1.005786e-03	 4.981187e-01	 2.616474e-01	 2.324527e-01	 7.069565e-02	 8.814460e+00	 
 3.919140e-04	 5.083051e-01	 2.242165e-01	 2.652582e-01	 6.779726e-03	 1.005429e+01	 
 9.210836e-04	 5.011807e-01	 2.532168e-01	 2.386952e-01	 6.313296e-02	 8.923839e+00	 
 1.050027e-03	 4.980774e-01	 2.626662e-01	 2.307306e-01	 8.814466e-02	 8.727069e+00	 
 8.082150e-04	 5.042548e-01	 2.440234e-01	 2.459021e-01	 5.141858e-02	 9.081442e+00	 
 9.317234e-04	 5.035882e-01	 2.493862e-01	 2.402269e-01	 6.773608e-02	 8.921707e+00	 
 8.082150e-04	 5.042548e-01	 2.440234e-01	 2.459021e-01	 5.141858e-02	 9.081442e+00	 
 5.790069e-04	 5.074715e-01	 2.313305e-01	 2.573552e-01	 2.289158e-02	 9.487796e+00	 
 8.082150e-04	 5.042548e-01	 2.440234e-01	 2.459021e-01	 5.141858e-02	 9.081442e+00	 
 8.082150e-04	 5.042548e-01	 2.440234e-01	 2.459021e-01	 5.141858e-02	 9.081442e+00	 
 3.499278e-04	 5.102485e-01	 2.202645e-01	 2.675916e-01	 7.172857e-03	 1.020730e+01	 
 2.894947e-03	 3.188134e-01	 6.155325e-01	 2.104733e-02	 7.054689e-01	 7.150887e+00	 
 3.171572e-03	 3.100460e-01	 6.111634e-01	 3.143733e-02	 8.214403e-01	 7.223276e+00	 
 3.718642e-03	 2.906969e-01	 6.299197e-01	 2.860617e-02	 9.255592e-01	 7.289497e+00	 
 3.171572e-03	 3.100460e-01	 6.111634e-01	 3.143733e-02	 8.214403e-01	 7.223276e+00	 
 3.143272e-03	 3.108931e-01	 6.164201e-01	 2.583620e-02	 7.946612e-01	 7.206931e+00	 
 3.171572e-03	 3.100460e-01	 6.111634e-01	 3.143733e-02	 8.214403e-01	 7.223276e+00	 
 2.619076e-03	 3.856080e-01	 5.114973e-01	 6.312074e-02	 6.540984e-01	 6.874566e+00	 
 2.305588e-03	 4.301929e-01	 4.580249e-01	 7.612607e-02	 5.686851e-01	 6.702235e+00	 
 2.421593e-03	 4.270685e-01	 4.566463e-01	 8.073416e-02	 5.542490e-01	 6.644871e+00	 
 2.242496e-03	 4.284837e-01	 4.554851e-01	 8.084062e-02	 5.473689e-01	 6.693048e+00	 
 2.323090e-03	 4.281095e-01	 4.497851e-01	 8.629097e-02	 5.789004e-01	 6.695287e+00	 
 2.323090e-03	 4.281095e-01	 4.497851e-01	 8.629097e-02	 5.789004e-01	 6.695287e+00	 
 3.215392e-03	 3.071558e-01	 6.110049e-01	 3.432299e-02	 8.233569e-01	 7.218425e+00	 
 3.171572e-03	 3.100460e-01	 6.111634e-01	 3.143733e-02	 8.214403e-01	 7.223276e+00	 
 3.378195e-03	 3.057324e-01	 6.226314e-01	 2.269926e-02	 8.767285e-01	 7.268382e+00	 
 3.171572e-03	 3.100460e-01	 6.111634e-01	 3.143733e-02	 8.214403e-01	 7.223276e+00	 
 3.649426e-03	 2.474513e-01	 6.919584e-01	 7.030082e-03	 9.568260e-01	 7.553044e+00	 
 3.171572e-03	 3.100460e-01	 6.111634e-01	 3.143733e-02	 8.214403e-01	 7.223276e+00	 
 2.159272e-03	 4.288034e-01	 4.562882e-01	 8.005839e-02	 5.338956e-01	 6.706503e+00	 
 2.170061e-03	 4.273547e-01	 4.575319e-01	 8.063458e-02	 5.114730e-01	 6.675616e+00	 
 2.504533e-03	 4.265714e-01	 4.514279e-01	 8.583857e-02	 5.844759e-01	 6.647418e+00	 
 2.236110e-03	 4.269881e-01	 4.528110e-01	 8.521488e-02	 5.370532e-01	 6.677959e+00	 
 2.199038e-03	 4.286502e-01	 4.559052e-01	 8.043183e-02	 5.403344e-01	 6.699961e+00	 
 2.111308e-03	 4.276069e-01	 4.618675e-01	 7.649454e-02	 4.886769e-01	 6.673571e+00	 
 