-4.449610e-05	 3.604911e-01	 4.207919e-01	 2.161826e-01	 3.189355e+01	 3.188467e+01	 8.874375e-03	 0	 9.810671e+02	 3.408084e-03	 2.981907e-03	 2.314711e-01	 1.686872e-01	 
 -4.449610e-05	 3.604911e-01	 4.207919e-01	 2.161826e-01	 3.189355e+01	 3.188467e+01	 8.874375e-03	 0	 9.810671e+02	 3.408084e-03	 2.981907e-03	 2.314711e-01	 1.686872e-01	 
 -4.449610e-05	 3.604911e-01	 4.207919e-01	 2.161826e-01	 3.189355e+01	 3.188467e+01	 8.874375e-03	 0	 9.810671e+02	 3.408084e-03	 2.981907e-03	 2.314711e-01	 1.686872e-01	 
 -4.449610e-05	 3.604911e-01	 4.207919e-01	 2.161826e-01	 3.189355e+01	 3.188467e+01	 8.874375e-03	 0	 9.810671e+02	 3.408084e-03	 2.981907e-03	 2.314711e-01	 1.686872e-01	 
 -4.449610e-05	 3.604911e-01	 4.207919e-01	 2.161826e-01	 3.189355e+01	 3.188467e+01	 8.874375e-03	 0	 9.810671e+02	 3.408084e-03	 2.981907e-03	 2.314711e-01	 1.686872e-01	 
 -4.449610e-05	 3.604911e-01	 4.207919e-01	 2.161826e-01	 3.189355e+01	 3.188467e+01	 8.874375e-03	 0	 9.810671e+02	 3.408084e-03	 2.981907e-03	 2.314711e-01	 1.686872e-01	 
 2.159566e-04	 5.932087e-01	 1.634747e-01	 2.419764e-01	 1.875667e+01	 1.869436e+01	 6.231057e-02	 1	 2.335666e+04	 2.003220e-01	 2.452921e-01	 5.016651e-01	 6.110874e-01	 
 2.159566e-04	 5.932087e-01	 1.634747e-01	 2.419764e-01	 1.875667e+01	 1.869436e+01	 6.231057e-02	 1	 2.335666e+04	 2.003220e-01	 2.452921e-01	 5.016651e-01	 6.110874e-01	 
 2.159566e-04	 5.932087e-01	 1.634747e-01	 2.419764e-01	 1.875667e+01	 1.869436e+01	 6.231057e-02	 1	 2.335666e+04	 2.003220e-01	 2.452921e-01	 5.016651e-01	 6.110874e-01	 
 2.159566e-04	 5.932087e-01	 1.634747e-01	 2.419764e-01	 1.875667e+01	 1.869436e+01	 6.231057e-02	 1	 2.335666e+04	 2.003220e-01	 2.452921e-01	 5.016651e-01	 6.110874e-01	 
 2.159566e-04	 5.932087e-01	 1.634747e-01	 2.419764e-01	 1.875667e+01	 1.869436e+01	 6.231057e-02	 1	 2.335666e+04	 2.003220e-01	 2.452921e-01	 5.016651e-01	 6.110874e-01	 
 2.159566e-04	 5.932087e-01	 1.634747e-01	 2.419764e-01	 1.875667e+01	 1.869436e+01	 6.231057e-02	 1	 2.335666e+04	 2.003220e-01	 2.452921e-01	 5.016651e-01	 6.110874e-01	 
 -3.006460e-04	 5.016896e-01	 -1.246671e-02	 4.986177e-01	 4.706658e+01	 4.700376e+01	 6.282265e-02	 0	 3.187085e+03	 2.006771e-02	 1.717094e-02	 3.800425e-01	 2.536373e-01	 
 -3.006460e-04	 5.016896e-01	 -1.246671e-02	 4.986177e-01	 4.706658e+01	 4.700376e+01	 6.282265e-02	 0	 3.187085e+03	 2.006771e-02	 1.717094e-02	 3.800425e-01	 2.536373e-01	 
 -3.006460e-04	 5.016896e-01	 -1.246671e-02	 4.986177e-01	 4.706658e+01	 4.700376e+01	 6.282265e-02	 0	 3.187085e+03	 2.006771e-02	 1.717094e-02	 3.800425e-01	 2.536373e-01	 
 -3.006460e-04	 5.016896e-01	 -1.246671e-02	 4.986177e-01	 4.706658e+01	 4.700376e+01	 6.282265e-02	 0	 3.187085e+03	 2.006771e-02	 1.717094e-02	 3.800425e-01	 2.536373e-01	 
 -3.006460e-04	 5.016896e-01	 -1.246671e-02	 4.986177e-01	 4.706658e+01	 4.700376e+01	 6.282265e-02	 0	 3.187085e+03	 2.006771e-02	 1.717094e-02	 3.800425e-01	 2.536373e-01	 
 -3.006460e-04	 5.016896e-01	 -1.246671e-02	 4.986177e-01	 4.706658e+01	 4.700376e+01	 6.282265e-02	 0	 3.187085e+03	 2.006771e-02	 1.717094e-02	 3.800425e-01	 2.536373e-01	 
 6.974308e-03	 3.324501e-01	 1.561773e-01	 4.407404e-01	 3.686526e+01	 3.833186e+01	 1.466603e+00	 1	 5.978459e+02	 1.008405e-01	 7.796197e-02	 1.846128e+00	 2.724370e-01	 
 6.974308e-03	 3.324501e-01	 1.561773e-01	 4.407404e-01	 3.686526e+01	 3.833186e+01	 1.466603e+00	 1	 5.978459e+02	 1.008405e-01	 7.796197e-02	 1.846128e+00	 2.724370e-01	 
 6.974308e-03	 3.324501e-01	 1.561773e-01	 4.407404e-01	 3.686526e+01	 3.833186e+01	 1.466603e+00	 1	 5.978459e+02	 1.008405e-01	 7.796197e-02	 1.846128e+00	 2.724370e-01	 
 6.974308e-03	 3.324501e-01	 1.561773e-01	 4.407404e-01	 3.686526e+01	 3.833186e+01	 1.466603e+00	 1	 5.978459e+02	 1.008405e-01	 7.796197e-02	 1.846128e+00	 2.724370e-01	 
 6.974308e-03	 3.324501e-01	 1.561773e-01	 4.407404e-01	 3.686526e+01	 3.833186e+01	 1.466603e+00	 1	 5.978459e+02	 1.008405e-01	 7.796197e-02	 1.846128e+00	 2.724370e-01	 
 6.974308e-03	 3.324501e-01	 1.561773e-01	 4.407404e-01	 3.686526e+01	 3.833186e+01	 1.466603e+00	 1	 5.978459e+02	 1.008405e-01	 7.796197e-02	 1.846128e+00	 2.724370e-01	 
 3.898913e-03	 3.458592e-01	 5.294129e-01	 7.918235e-02	 4.832605e+01	 4.913846e+01	 8.124118e-01	 1	 3.937985e+03	 1.836454e-01	 1.979549e-01	 2.846564e-01	 3.143217e-01	 
 3.898913e-03	 3.458592e-01	 5.294129e-01	 7.918235e-02	 4.832605e+01	 4.913846e+01	 8.124118e-01	 1	 3.937985e+03	 1.836454e-01	 1.979549e-01	 2.846564e-01	 3.143217e-01	 
 3.898913e-03	 3.458592e-01	 5.294129e-01	 7.918235e-02	 4.832605e+01	 4.913846e+01	 8.124118e-01	 1	 3.937985e+03	 1.836454e-01	 1.979549e-01	 2.846564e-01	 3.143217e-01	 
 3.898913e-03	 3.458592e-01	 5.294129e-01	 7.918235e-02	 4.832605e+01	 4.913846e+01	 8.124118e-01	 1	 3.937985e+03	 1.836454e-01	 1.979549e-01	 2.846564e-01	 3.143217e-01	 
 3.898913e-03	 3.458592e-01	 5.294129e-01	 7.918235e-02	 4.832605e+01	 4.913846e+01	 8.124118e-01	 1	 3.937985e+03	 1.836454e-01	 1.979549e-01	 2.846564e-01	 3.143217e-01	 
 3.898913e-03	 3.458592e-01	 5.294129e-01	 7.918235e-02	 4.832605e+01	 4.913846e+01	 8.124118e-01	 1	 3.937985e+03	 1.836454e-01	 1.979549e-01	 2.846564e-01	 3.143217e-01	 
 -4.188624e-04	 6.192912e-01	 1.886328e-01	 1.846381e-01	 3.444357e+01	 3.430832e+01	 1.352546e-01	 0	 6.441558e+02	 9.000092e-03	 8.433433e-03	 8.033163e-01	 3.037071e-01	 
 -4.188624e-04	 6.192912e-01	 1.886328e-01	 1.846381e-01	 3.444357e+01	 3.430832e+01	 1.352546e-01	 0	 6.441558e+02	 9.000092e-03	 8.433433e-03	 8.033163e-01	 3.037071e-01	 
 -4.188624e-04	 6.192912e-01	 1.886328e-01	 1.846381e-01	 3.444357e+01	 3.430832e+01	 1.352546e-01	 0	 6.441558e+02	 9.000092e-03	 8.433433e-03	 8.033163e-01	 3.037071e-01	 
 -4.188624e-04	 6.192912e-01	 1.886328e-01	 1.846381e-01	 3.444357e+01	 3.430832e+01	 1.352546e-01	 0	 6.441558e+02	 9.000092e-03	 8.433433e-03	 8.033163e-01	 3.037071e-01	 
 -4.188624e-04	 6.192912e-01	 1.886328e-01	 1.846381e-01	 3.444357e+01	 3.430832e+01	 1.352546e-01	 0	 6.441558e+02	 9.000092e-03	 8.433433e-03	 8.033163e-01	 3.037071e-01	 
 -4.188624e-04	 6.192912e-01	 1.886328e-01	 1.846381e-01	 3.444357e+01	 3.430832e+01	 1.352546e-01	 0	 6.441558e+02	 9.000092e-03	 8.433433e-03	 8.033163e-01	 3.037071e-01	 
 7.400564e-03	 4.079493e-01	 5.579410e-01	 3.488566e-03	 2.807596e+01	 2.837448e+01	 2.985202e-01	 1	 4.865430e+02	 2.777805e-02	 2.359179e-02	 5.258384e-01	 2.365287e-02	 
 7.400564e-03	 4.079493e-01	 5.579410e-01	 3.488566e-03	 2.807596e+01	 2.837448e+01	 2.985202e-01	 1	 4.865430e+02	 2.777805e-02	 2.359179e-02	 5.258384e-01	 2.365287e-02	 
 7.400564e-03	 4.079493e-01	 5.579410e-01	 3.488566e-03	 2.807596e+01	 2.837448e+01	 2.985202e-01	 1	 4.865430e+02	 2.777805e-02	 2.359179e-02	 5.258384e-01	 2.365287e-02	 
 7.400564e-03	 4.079493e-01	 5.579410e-01	 3.488566e-03	 2.807596e+01	 2.837448e+01	 2.985202e-01	 1	 4.865430e+02	 2.777805e-02	 2.359179e-02	 5.258384e-01	 2.365287e-02	 
 7.400564e-03	 4.079493e-01	 5.579410e-01	 3.488566e-03	 2.807596e+01	 2.837448e+01	 2.985202e-01	 1	 4.865430e+02	 2.777805e-02	 2.359179e-02	 5.258384e-01	 2.365287e-02	 
 7.400564e-03	 4.079493e-01	 5.579410e-01	 3.488566e-03	 2.807596e+01	 2.837448e+01	 2.985202e-01	 1	 4.865430e+02	 2.777805e-02	 2.359179e-02	 5.258384e-01	 2.365287e-02	 
 1.220160e-02	 4.814587e-01	 1.973943e-01	 2.699286e-01	 2.691821e+01	 2.772306e+01	 8.048509e-01	 1	 2.086335e+02	 5.656787e-02	 4.348923e-02	 1.884413e+00	 6.062025e-02	 
 1.220160e-02	 4.814587e-01	 1.973943e-01	 2.699286e-01	 2.691821e+01	 2.772306e+01	 8.048509e-01	 1	 2.086335e+02	 5.656787e-02	 4.348923e-02	 1.884413e+00	 6.062025e-02	 
 1.220160e-02	 4.814587e-01	 1.973943e-01	 2.699286e-01	 2.691821e+01	 2.772306e+01	 8.048509e-01	 1	 2.086335e+02	 5.656787e-02	 4.348923e-02	 1.884413e+00	 6.062025e-02	 
 1.220160e-02	 4.814587e-01	 1.973943e-01	 2.699286e-01	 2.691821e+01	 2.772306e+01	 8.048509e-01	 1	 2.086335e+02	 5.656787e-02	 4.348923e-02	 1.884413e+00	 6.062025e-02	 
 1.220160e-02	 4.814587e-01	 1.973943e-01	 2.699286e-01	 2.691821e+01	 2.772306e+01	 8.048509e-01	 1	 2.086335e+02	 5.656787e-02	 4.348923e-02	 1.884413e+00	 6.062025e-02	 
 1.220160e-02	 4.814587e-01	 1.973943e-01	 2.699286e-01	 2.691821e+01	 2.772306e+01	 8.048509e-01	 1	 2.086335e+02	 5.656787e-02	 4.348923e-02	 1.884413e+00	 6.062025e-02	 
 1.399768e-03	 4.900825e-01	 2.917717e-01	 2.062573e-01	 2.558365e+01	 2.570987e+01	 1.262194e-01	 1	 4.444901e+03	 8.727159e-02	 2.095653e-01	 2.898076e-01	 3.921240e-01	 
 1.399768e-03	 4.900825e-01	 2.917717e-01	 2.062573e-01	 2.558365e+01	 2.570987e+01	 1.262194e-01	 1	 4.444901e+03	 8.727159e-02	 2.095653e-01	 2.898076e-01	 3.921240e-01	 
 1.399768e-03	 4.900825e-01	 2.917717e-01	 2.062573e-01	 2.558365e+01	 2.570987e+01	 1.262194e-01	 1	 4.444901e+03	 8.727159e-02	 2.095653e-01	 2.898076e-01	 3.921240e-01	 
 1.399768e-03	 4.900825e-01	 2.917717e-01	 2.062573e-01	 2.558365e+01	 2.570987e+01	 1.262194e-01	 1	 4.444901e+03	 8.727159e-02	 2.095653e-01	 2.898076e-01	 3.921240e-01	 
 1.399768e-03	 4.900825e-01	 2.917717e-01	 2.062573e-01	 2.558365e+01	 2.570987e+01	 1.262194e-01	 1	 4.444901e+03	 8.727159e-02	 2.095653e-01	 2.898076e-01	 3.921240e-01	 
 1.399768e-03	 4.900825e-01	 2.917717e-01	 2.062573e-01	 2.558365e+01	 2.570987e+01	 1.262194e-01	 1	 4.444901e+03	 8.727159e-02	 2.095653e-01	 2.898076e-01	 3.921240e-01	 
 -7.280673e-05	 3.717745e-01	 2.748232e-01	 3.434376e-01	 2.571066e+01	 2.569926e+01	 1.139163e-02	 0	 5.395084e+02	 1.508586e-02	 1.271694e-02	 3.165222e-01	 6.093270e-02	 
 -7.280673e-05	 3.717745e-01	 2.748232e-01	 3.434376e-01	 2.571066e+01	 2.569926e+01	 1.139163e-02	 0	 5.395084e+02	 1.508586e-02	 1.271694e-02	 3.165222e-01	 6.093270e-02	 
 -7.280673e-05	 3.717745e-01	 2.748232e-01	 3.434376e-01	 2.571066e+01	 2.569926e+01	 1.139163e-02	 0	 5.395084e+02	 1.508586e-02	 1.271694e-02	 3.165222e-01	 6.093270e-02	 
 -7.280673e-05	 3.717745e-01	 2.748232e-01	 3.434376e-01	 2.571066e+01	 2.569926e+01	 1.139163e-02	 0	 5.395084e+02	 1.508586e-02	 1.271694e-02	 3.165222e-01	 6.093270e-02	 
 -7.280673e-05	 3.717745e-01	 2.748232e-01	 3.434376e-01	 2.571066e+01	 2.569926e+01	 1.139163e-02	 0	 5.395084e+02	 1.508586e-02	 1.271694e-02	 3.165222e-01	 6.093270e-02	 
 -7.280673e-05	 3.717745e-01	 2.748232e-01	 3.434376e-01	 2.571066e+01	 2.569926e+01	 1.139163e-02	 0	 5.395084e+02	 1.508586e-02	 1.271694e-02	 3.165222e-01	 6.093270e-02	 
 -7.280673e-05	 3.717745e-01	 2.748232e-01	 3.434376e-01	 2.571066e+01	 2.569926e+01	 1.139163e-02	 0	 5.395084e+02	 1.508586e-02	 1.271694e-02	 3.165222e-01	 6.093270e-02	 
 -7.280673e-05	 3.717745e-01	 2.748232e-01	 3.434376e-01	 2.571066e+01	 2.569926e+01	 1.139163e-02	 0	 5.395084e+02	 1.508586e-02	 1.271694e-02	 3.165222e-01	 6.093270e-02	 
 -7.280673e-05	 3.717745e-01	 2.748232e-01	 3.434376e-01	 2.571066e+01	 2.569926e+01	 1.139163e-02	 0	 5.395084e+02	 1.508586e-02	 1.271694e-02	 3.165222e-01	 6.093270e-02	 
 -7.280673e-05	 3.717745e-01	 2.748232e-01	 3.434376e-01	 2.571066e+01	 2.569926e+01	 1.139163e-02	 0	 5.395084e+02	 1.508586e-02	 1.271694e-02	 3.165222e-01	 6.093270e-02	 
 -7.280673e-05	 3.717745e-01	 2.748232e-01	 3.434376e-01	 2.571066e+01	 2.569926e+01	 1.139163e-02	 0	 5.395084e+02	 1.508586e-02	 1.271694e-02	 3.165222e-01	 6.093270e-02	 
 -7.280673e-05	 3.717745e-01	 2.748232e-01	 3.434376e-01	 2.571066e+01	 2.569926e+01	 1.139163e-02	 0	 5.395084e+02	 1.508586e-02	 1.271694e-02	 3.165222e-01	 6.093270e-02	 
 -7.280673e-05	 3.717745e-01	 2.748232e-01	 3.434376e-01	 2.571066e+01	 2.569926e+01	 1.139163e-02	 0	 5.395084e+02	 1.508586e-02	 1.271694e-02	 3.165222e-01	 6.093270e-02	 
 -7.280673e-05	 3.717745e-01	 2.748232e-01	 3.434376e-01	 2.571066e+01	 2.569926e+01	 1.139163e-02	 0	 5.395084e+02	 1.508586e-02	 1.271694e-02	 3.165222e-01	 6.093270e-02	 
 -7.280673e-05	 3.717745e-01	 2.748232e-01	 3.434376e-01	 2.571066e+01	 2.569926e+01	 1.139163e-02	 0	 5.395084e+02	 1.508586e-02	 1.271694e-02	 3.165222e-01	 6.093270e-02	 
 -7.280673e-05	 3.717745e-01	 2.748232e-01	 3.434376e-01	 2.571066e+01	 2.569926e+01	 1.139163e-02	 0	 5.395084e+02	 1.508586e-02	 1.271694e-02	 3.165222e-01	 6.093270e-02	 
 -7.280673e-05	 3.717745e-01	 2.748232e-01	 3.434376e-01	 2.571066e+01	 2.569926e+01	 1.139163e-02	 0	 5.395084e+02	 1.508586e-02	 1.271694e-02	 3.165222e-01	 6.093270e-02	 
 -7.280673e-05	 3.717745e-01	 2.748232e-01	 3.434376e-01	 2.571066e+01	 2.569926e+01	 1.139163e-02	 0	 5.395084e+02	 1.508586e-02	 1.271694e-02	 3.165222e-01	 6.093270e-02	 
 -7.280673e-05	 3.717745e-01	 2.748232e-01	 3.434376e-01	 2.571066e+01	 2.569926e+01	 1.139163e-02	 0	 5.395084e+02	 1.508586e-02	 1.271694e-02	 3.165222e-01	 6.093270e-02	 
 -7.280673e-05	 3.717745e-01	 2.748232e-01	 3.434376e-01	 2.571066e+01	 2.569926e+01	 1.139163e-02	 0	 5.395084e+02	 1.508586e-02	 1.271694e-02	 3.165222e-01	 6.093270e-02	 
 -7.280673e-05	 3.717745e-01	 2.748232e-01	 3.434376e-01	 2.571066e+01	 2.569926e+01	 1.139163e-02	 0	 5.395084e+02	 1.508586e-02	 1.271694e-02	 3.165222e-01	 6.093270e-02	 
 -7.280673e-05	 3.717745e-01	 2.748232e-01	 3.434376e-01	 2.571066e+01	 2.569926e+01	 1.139163e-02	 0	 5.395084e+02	 1.508586e-02	 1.271694e-02	 3.165222e-01	 6.093270e-02	 
 -7.280673e-05	 3.717745e-01	 2.748232e-01	 3.434376e-01	 2.571066e+01	 2.569926e+01	 1.139163e-02	 0	 5.395084e+02	 1.508586e-02	 1.271694e-02	 3.165222e-01	 6.093270e-02	 
 -7.280673e-05	 3.717745e-01	 2.748232e-01	 3.434376e-01	 2.571066e+01	 2.569926e+01	 1.139163e-02	 0	 5.395084e+02	 1.508586e-02	 1.271694e-02	 3.165222e-01	 6.093270e-02	 
 -7.280673e-05	 3.717745e-01	 2.748232e-01	 3.434376e-01	 2.571066e+01	 2.569926e+01	 1.139163e-02	 0	 5.395084e+02	 1.508586e-02	 1.271694e-02	 3.165222e-01	 6.093270e-02	 
 -7.280673e-05	 3.717745e-01	 2.748232e-01	 3.434376e-01	 2.571066e+01	 2.569926e+01	 1.139163e-02	 0	 5.395084e+02	 1.508586e-02	 1.271694e-02	 3.165222e-01	 6.093270e-02	 
 -7.280673e-05	 3.717745e-01	 2.748232e-01	 3.434376e-01	 2.571066e+01	 2.569926e+01	 1.139163e-02	 0	 5.395084e+02	 1.508586e-02	 1.271694e-02	 3.165222e-01	 6.093270e-02	 
 -7.280673e-05	 3.717745e-01	 2.748232e-01	 3.434376e-01	 2.571066e+01	 2.569926e+01	 1.139163e-02	 0	 5.395084e+02	 1.508586e-02	 1.271694e-02	 3.165222e-01	 6.093270e-02	 
 -7.280673e-05	 3.717745e-01	 2.748232e-01	 3.434376e-01	 2.571066e+01	 2.569926e+01	 1.139163e-02	 0	 5.395084e+02	 1.508586e-02	 1.271694e-02	 3.165222e-01	 6.093270e-02	 
 -7.280673e-05	 3.717745e-01	 2.748232e-01	 3.434376e-01	 2.571066e+01	 2.569926e+01	 1.139163e-02	 0	 5.395084e+02	 1.508586e-02	 1.271694e-02	 3.165222e-01	 6.093270e-02	 
 3.263779e-03	 3.066935e-01	 6.144800e-01	 3.088703e-02	 4.829927e+01	 4.913846e+01	 8.391947e-01	 1	 1.384347e+03	 7.995157e-02	 5.974507e-02	 4.062644e-01	 3.690832e-01	 
 3.263779e-03	 3.066935e-01	 6.144800e-01	 3.088703e-02	 4.829927e+01	 4.913846e+01	 8.391947e-01	 1	 1.384347e+03	 7.995157e-02	 5.974507e-02	 4.062644e-01	 3.690832e-01	 
 3.263779e-03	 3.066935e-01	 6.144800e-01	 3.088703e-02	 4.829927e+01	 4.913846e+01	 8.391947e-01	 1	 1.384347e+03	 7.995157e-02	 5.974507e-02	 4.062644e-01	 3.690832e-01	 
 3.263779e-03	 3.066935e-01	 6.144800e-01	 3.088703e-02	 4.829927e+01	 4.913846e+01	 8.391947e-01	 1	 1.384347e+03	 7.995157e-02	 5.974507e-02	 4.062644e-01	 3.690832e-01	 
 3.263779e-03	 3.066935e-01	 6.144800e-01	 3.088703e-02	 4.829927e+01	 4.913846e+01	 8.391947e-01	 1	 1.384347e+03	 7.995157e-02	 5.974507e-02	 4.062644e-01	 3.690832e-01	 
 3.263779e-03	 3.066935e-01	 6.144800e-01	 3.088703e-02	 4.829927e+01	 4.913846e+01	 8.391947e-01	 1	 1.384347e+03	 7.995157e-02	 5.974507e-02	 4.062644e-01	 3.690832e-01	 
 2.270283e-03	 4.284413e-01	 4.594164e-01	 7.709092e-02	 4.860244e+01	 4.913846e+01	 5.360210e-01	 1	 7.930011e+02	 4.580862e-02	 3.617056e-02	 6.245508e-01	 4.322201e-01	 
 2.270283e-03	 4.284413e-01	 4.594164e-01	 7.709092e-02	 4.860244e+01	 4.913846e+01	 5.360210e-01	 1	 7.930011e+02	 4.580862e-02	 3.617056e-02	 6.245508e-01	 4.322201e-01	 
 2.270283e-03	 4.284413e-01	 4.594164e-01	 7.709092e-02	 4.860244e+01	 4.913846e+01	 5.360210e-01	 1	 7.930011e+02	 4.580862e-02	 3.617056e-02	 6.245508e-01	 4.322201e-01	 
 2.270283e-03	 4.284413e-01	 4.594164e-01	 7.709092e-02	 4.860244e+01	 4.913846e+01	 5.360210e-01	 1	 7.930011e+02	 4.580862e-02	 3.617056e-02	 6.245508e-01	 4.322201e-01	 
 2.270283e-03	 4.284413e-01	 4.594164e-01	 7.709092e-02	 4.860244e+01	 4.913846e+01	 5.360210e-01	 1	 7.930011e+02	 4.580862e-02	 3.617056e-02	 6.245508e-01	 4.322201e-01	 
 2.270283e-03	 4.284413e-01	 4.594164e-01	 7.709092e-02	 4.860244e+01	 4.913846e+01	 5.360210e-01	 1	 7.930011e+02	 4.580862e-02	 3.617056e-02	 6.245508e-01	 4.322201e-01	 
 -7.280673e-05	 3.717745e-01	 2.748232e-01	 3.434376e-01	 2.571066e+01	 2.569926e+01	 1.139163e-02	 0	 5.395084e+02	 1.508586e-02	 1.271694e-02	 3.165222e-01	 6.093270e-02	 
 -7.280673e-05	 3.717745e-01	 2.748232e-01	 3.434376e-01	 2.571066e+01	 2.569926e+01	 1.139163e-02	 0	 5.395084e+02	 1.508586e-02	 1.271694e-02	 3.165222e-01	 6.093270e-02	 
 -7.280673e-05	 3.717745e-01	 2.748232e-01	 3.434376e-01	 2.571066e+01	 2.569926e+01	 1.139163e-02	 0	 5.395084e+02	 1.508586e-02	 1.271694e-02	 3.165222e-01	 6.093270e-02	 
 -7.280673e-05	 3.717745e-01	 2.748232e-01	 3.434376e-01	 2.571066e+01	 2.569926e+01	 1.139163e-02	 0	 5.395084e+02	 1.508586e-02	 1.271694e-02	 3.165222e-01	 6.093270e-02	 
 -7.280673e-05	 3.717745e-01	 2.748232e-01	 3.434376e-01	 2.571066e+01	 2.569926e+01	 1.139163e-02	 0	 5.395084e+02	 1.508586e-02	 1.271694e-02	 3.165222e-01	 6.093270e-02	 
 -7.280673e-05	 3.717745e-01	 2.748232e-01	 3.434376e-01	 2.571066e+01	 2.569926e+01	 1.139163e-02	 0	 5.395084e+02	 1.508586e-02	 1.271694e-02	 3.165222e-01	 6.093270e-02	 
 -7.280673e-05	 3.717745e-01	 2.748232e-01	 3.434376e-01	 2.571066e+01	 2.569926e+01	 1.139163e-02	 0	 5.395084e+02	 1.508586e-02	 1.271694e-02	 3.165222e-01	 6.093270e-02	 
 -7.280673e-05	 3.717745e-01	 2.748232e-01	 3.434376e-01	 2.571066e+01	 2.569926e+01	 1.139163e-02	 0	 5.395084e+02	 1.508586e-02	 1.271694e-02	 3.165222e-01	 6.093270e-02	 
 -7.280673e-05	 3.717745e-01	 2.748232e-01	 3.434376e-01	 2.571066e+01	 2.569926e+01	 1.139163e-02	 0	 5.395084e+02	 1.508586e-02	 1.271694e-02	 3.165222e-01	 6.093270e-02	 
 -7.280673e-05	 3.717745e-01	 2.748232e-01	 3.434376e-01	 2.571066e+01	 2.569926e+01	 1.139163e-02	 0	 5.395084e+02	 1.508586e-02	 1.271694e-02	 3.165222e-01	 6.093270e-02	 
 -7.280673e-05	 3.717745e-01	 2.748232e-01	 3.434376e-01	 2.571066e+01	 2.569926e+01	 1.139163e-02	 0	 5.395084e+02	 1.508586e-02	 1.271694e-02	 3.165222e-01	 6.093270e-02	 
 -7.280673e-05	 3.717745e-01	 2.748232e-01	 3.434376e-01	 2.571066e+01	 2.569926e+01	 1.139163e-02	 0	 5.395084e+02	 1.508586e-02	 1.271694e-02	 3.165222e-01	 6.093270e-02	 
 -7.280673e-05	 3.717745e-01	 2.748232e-01	 3.434376e-01	 2.571066e+01	 2.569926e+01	 1.139163e-02	 0	 5.395084e+02	 1.508586e-02	 1.271694e-02	 3.165222e-01	 6.093270e-02	 
 -7.280673e-05	 3.717745e-01	 2.748232e-01	 3.434376e-01	 2.571066e+01	 2.569926e+01	 1.139163e-02	 0	 5.395084e+02	 1.508586e-02	 1.271694e-02	 3.165222e-01	 6.093270e-02	 
 -7.280673e-05	 3.717745e-01	 2.748232e-01	 3.434376e-01	 2.571066e+01	 2.569926e+01	 1.139163e-02	 0	 5.395084e+02	 1.508586e-02	 1.271694e-02	 3.165222e-01	 6.093270e-02	 
 -7.280673e-05	 3.717745e-01	 2.748232e-01	 3.434376e-01	 2.571066e+01	 2.569926e+01	 1.139163e-02	 0	 5.395084e+02	 1.508586e-02	 1.271694e-02	 3.165222e-01	 6.093270e-02	 
 -7.280673e-05	 3.717745e-01	 2.748232e-01	 3.434376e-01	 2.571066e+01	 2.569926e+01	 1.139163e-02	 0	 5.395084e+02	 1.508586e-02	 1.271694e-02	 3.165222e-01	 6.093270e-02	 
 -7.280673e-05	 3.717745e-01	 2.748232e-01	 3.434376e-01	 2.571066e+01	 2.569926e+01	 1.139163e-02	 0	 5.395084e+02	 1.508586e-02	 1.271694e-02	 3.165222e-01	 6.093270e-02	 
 -7.280673e-05	 3.717745e-01	 2.748232e-01	 3.434376e-01	 2.571066e+01	 2.569926e+01	 1.139163e-02	 0	 5.395084e+02	 1.508586e-02	 1.271694e-02	 3.165222e-01	 6.093270e-02	 
 -7.280673e-05	 3.717745e-01	 2.748232e-01	 3.434376e-01	 2.571066e+01	 2.569926e+01	 1.139163e-02	 0	 5.395084e+02	 1.508586e-02	 1.271694e-02	 3.165222e-01	 6.093270e-02	 
 -7.280673e-05	 3.717745e-01	 2.748232e-01	 3.434376e-01	 2.571066e+01	 2.569926e+01	 1.139163e-02	 0	 5.395084e+02	 1.508586e-02	 1.271694e-02	 3.165222e-01	 6.093270e-02	 
 -7.280673e-05	 3.717745e-01	 2.748232e-01	 3.434376e-01	 2.571066e+01	 2.569926e+01	 1.139163e-02	 0	 5.395084e+02	 1.508586e-02	 1.271694e-02	 3.165222e-01	 6.093270e-02	 
 -7.280673e-05	 3.717745e-01	 2.748232e-01	 3.434376e-01	 2.571066e+01	 2.569926e+01	 1.139163e-02	 0	 5.395084e+02	 1.508586e-02	 1.271694e-02	 3.165222e-01	 6.093270e-02	 
 -7.280673e-05	 3.717745e-01	 2.748232e-01	 3.434376e-01	 2.571066e+01	 2.569926e+01	 1.139163e-02	 0	 5.395084e+02	 1.508586e-02	 1.271694e-02	 3.165222e-01	 6.093270e-02	 
 1.913925e-02	 3.800095e-01	 5.732206e-01	 8.381071e-03	 2.819497e+01	 2.837448e+01	 1.795137e-01	 1	 3.171920e+02	 2.256816e-02	 1.948948e-02	 4.504878e-01	 1.951156e-02	 
 1.913925e-02	 3.800095e-01	 5.732206e-01	 8.381071e-03	 2.819497e+01	 2.837448e+01	 1.795137e-01	 1	 3.171920e+02	 2.256816e-02	 1.948948e-02	 4.504878e-01	 1.951156e-02	 
 1.913925e-02	 3.800095e-01	 5.732206e-01	 8.381071e-03	 2.819497e+01	 2.837448e+01	 1.795137e-01	 1	 3.171920e+02	 2.256816e-02	 1.948948e-02	 4.504878e-01	 1.951156e-02	 
 1.913925e-02	 3.800095e-01	 5.732206e-01	 8.381071e-03	 2.819497e+01	 2.837448e+01	 1.795137e-01	 1	 3.171920e+02	 2.256816e-02	 1.948948e-02	 4.504878e-01	 1.951156e-02	 
 1.913925e-02	 3.800095e-01	 5.732206e-01	 8.381071e-03	 2.819497e+01	 2.837448e+01	 1.795137e-01	 1	 3.171920e+02	 2.256816e-02	 1.948948e-02	 4.504878e-01	 1.951156e-02	 
 1.913925e-02	 3.800095e-01	 5.732206e-01	 8.381071e-03	 2.819497e+01	 2.837448e+01	 1.795137e-01	 1	 3.171920e+02	 2.256816e-02	 1.948948e-02	 4.504878e-01	 1.951156e-02	 
 1.810238e-02	 4.382941e-01	 4.621777e-01	 6.403665e-02	 2.822512e+01	 2.837448e+01	 1.493675e-01	 1	 2.967932e+02	 2.019416e-02	 1.761367e-02	 4.472826e-01	 2.037961e-02	 
 1.810238e-02	 4.382941e-01	 4.621777e-01	 6.403665e-02	 2.822512e+01	 2.837448e+01	 1.493675e-01	 1	 2.967932e+02	 2.019416e-02	 1.761367e-02	 4.472826e-01	 2.037961e-02	 
 1.810238e-02	 4.382941e-01	 4.621777e-01	 6.403665e-02	 2.822512e+01	 2.837448e+01	 1.493675e-01	 1	 2.967932e+02	 2.019416e-02	 1.761367e-02	 4.472826e-01	 2.037961e-02	 
 1.810238e-02	 4.382941e-01	 4.621777e-01	 6.403665e-02	 2.822512e+01	 2.837448e+01	 1.493675e-01	 1	 2.967932e+02	 2.019416e-02	 1.761367e-02	 4.472826e-01	 2.037961e-02	 
 1.810238e-02	 4.382941e-01	 4.621777e-01	 6.403665e-02	 2.822512e+01	 2.837448e+01	 1.493675e-01	 1	 2.967932e+02	 2.019416e-02	 1.761367e-02	 4.472826e-01	 2.037961e-02	 
 1.810238e-02	 4.382941e-01	 4.621777e-01	 6.403665e-02	 2.822512e+01	 2.837448e+01	 1.493675e-01	 1	 2.967932e+02	 2.019416e-02	 1.761367e-02	 4.472826e-01	 2.037961e-02	 
 -7.280673e-05	 3.717745e-01	 2.748232e-01	 3.434376e-01	 2.571066e+01	 2.569926e+01	 1.139163e-02	 0	 5.395084e+02	 1.508586e-02	 1.271694e-02	 3.165222e-01	 6.093270e-02	 
 -7.280673e-05	 3.717745e-01	 2.748232e-01	 3.434376e-01	 2.571066e+01	 2.569926e+01	 1.139163e-02	 0	 5.395084e+02	 1.508586e-02	 1.271694e-02	 3.165222e-01	 6.093270e-02	 
 -7.280673e-05	 3.717745e-01	 2.748232e-01	 3.434376e-01	 2.571066e+01	 2.569926e+01	 1.139163e-02	 0	 5.395084e+02	 1.508586e-02	 1.271694e-02	 3.165222e-01	 6.093270e-02	 
 -7.280673e-05	 3.717745e-01	 2.748232e-01	 3.434376e-01	 2.571066e+01	 2.569926e+01	 1.139163e-02	 0	 5.395084e+02	 1.508586e-02	 1.271694e-02	 3.165222e-01	 6.093270e-02	 
 -7.280673e-05	 3.717745e-01	 2.748232e-01	 3.434376e-01	 2.571066e+01	 2.569926e+01	 1.139163e-02	 0	 5.395084e+02	 1.508586e-02	 1.271694e-02	 3.165222e-01	 6.093270e-02	 
 -7.280673e-05	 3.717745e-01	 2.748232e-01	 3.434376e-01	 2.571066e+01	 2.569926e+01	 1.139163e-02	 0	 5.395084e+02	 1.508586e-02	 1.271694e-02	 3.165222e-01	 6.093270e-02	 
 1.050027e-03	 4.980774e-01	 2.626662e-01	 2.307306e-01	 2.562173e+01	 2.570987e+01	 8.814466e-02	 1	 6.167623e+03	 8.685578e-02	 2.311788e-01	 2.763243e-01	 4.089047e-01	 
 1.050027e-03	 4.980774e-01	 2.626662e-01	 2.307306e-01	 2.562173e+01	 2.570987e+01	 8.814466e-02	 1	 6.167623e+03	 8.685578e-02	 2.311788e-01	 2.763243e-01	 4.089047e-01	 
 1.050027e-03	 4.980774e-01	 2.626662e-01	 2.307306e-01	 2.562173e+01	 2.570987e+01	 8.814466e-02	 1	 6.167623e+03	 8.685578e-02	 2.311788e-01	 2.763243e-01	 4.089047e-01	 
 1.050027e-03	 4.980774e-01	 2.626662e-01	 2.307306e-01	 2.562173e+01	 2.570987e+01	 8.814466e-02	 1	 6.167623e+03	 8.685578e-02	 2.311788e-01	 2.763243e-01	 4.089047e-01	 
 1.050027e-03	 4.980774e-01	 2.626662e-01	 2.307306e-01	 2.562173e+01	 2.570987e+01	 8.814466e-02	 1	 6.167623e+03	 8.685578e-02	 2.311788e-01	 2.763243e-01	 4.089047e-01	 
 1.050027e-03	 4.980774e-01	 2.626662e-01	 2.307306e-01	 2.562173e+01	 2.570987e+01	 8.814466e-02	 1	 6.167623e+03	 8.685578e-02	 2.311788e-01	 2.763243e-01	 4.089047e-01	 
 1.070520e-03	 4.985238e-01	 2.609719e-01	 2.322664e-01	 2.562748e+01	 2.570987e+01	 8.239515e-02	 1	 6.194006e+03	 8.676079e-02	 2.323263e-01	 2.801285e-01	 4.028194e-01	 
 1.070520e-03	 4.985238e-01	 2.609719e-01	 2.322664e-01	 2.562748e+01	 2.570987e+01	 8.239515e-02	 1	 6.194006e+03	 8.676079e-02	 2.323263e-01	 2.801285e-01	 4.028194e-01	 
 1.070520e-03	 4.985238e-01	 2.609719e-01	 2.322664e-01	 2.562748e+01	 2.570987e+01	 8.239515e-02	 1	 6.194006e+03	 8.676079e-02	 2.323263e-01	 2.801285e-01	 4.028194e-01	 
 1.070520e-03	 4.985238e-01	 2.609719e-01	 2.322664e-01	 2.562748e+01	 2.570987e+01	 8.239515e-02	 1	 6.194006e+03	 8.676079e-02	 2.323263e-01	 2.801285e-01	 4.028194e-01	 
 1.070520e-03	 4.985238e-01	 2.609719e-01	 2.322664e-01	 2.562748e+01	 2.570987e+01	 8.239515e-02	 1	 6.194006e+03	 8.676079e-02	 2.323263e-01	 2.801285e-01	 4.028194e-01	 
 1.070520e-03	 4.985238e-01	 2.609719e-01	 2.322664e-01	 2.562748e+01	 2.570987e+01	 8.239515e-02	 1	 6.194006e+03	 8.676079e-02	 2.323263e-01	 2.801285e-01	 4.028194e-01	 
 -7.280673e-05	 3.717745e-01	 2.748232e-01	 3.434376e-01	 2.571066e+01	 2.569926e+01	 1.139163e-02	 0	 5.395084e+02	 1.508586e-02	 1.271694e-02	 3.165222e-01	 6.093270e-02	 
 -7.280673e-05	 3.717745e-01	 2.748232e-01	 3.434376e-01	 2.571066e+01	 2.569926e+01	 1.139163e-02	 0	 5.395084e+02	 1.508586e-02	 1.271694e-02	 3.165222e-01	 6.093270e-02	 
 -7.280673e-05	 3.717745e-01	 2.748232e-01	 3.434376e-01	 2.571066e+01	 2.569926e+01	 1.139163e-02	 0	 5.395084e+02	 1.508586e-02	 1.271694e-02	 3.165222e-01	 6.093270e-02	 
 -7.280673e-05	 3.717745e-01	 2.748232e-01	 3.434376e-01	 2.571066e+01	 2.569926e+01	 1.139163e-02	 0	 5.395084e+02	 1.508586e-02	 1.271694e-02	 3.165222e-01	 6.093270e-02	 
 -7.280673e-05	 3.717745e-01	 2.748232e-01	 3.434376e-01	 2.571066e+01	 2.569926e+01	 1.139163e-02	 0	 5.395084e+02	 1.508586e-02	 1.271694e-02	 3.165222e-01	 6.093270e-02	 
 -7.280673e-05	 3.717745e-01	 2.748232e-01	 3.434376e-01	 2.571066e+01	 2.569926e+01	 1.139163e-02	 0	 5.395084e+02	 1.508586e-02	 1.271694e-02	 3.165222e-01	 6.093270e-02	 
 1.050027e-03	 4.980774e-01	 2.626662e-01	 2.307306e-01	 2.562173e+01	 2.570987e+01	 8.814466e-02	 1	 6.167623e+03	 8.685578e-02	 2.311788e-01	 2.763243e-01	 4.089047e-01	 
 1.050027e-03	 4.980774e-01	 2.626662e-01	 2.307306e-01	 2.562173e+01	 2.570987e+01	 8.814466e-02	 1	 6.167623e+03	 8.685578e-02	 2.311788e-01	 2.763243e-01	 4.089047e-01	 
 1.050027e-03	 4.980774e-01	 2.626662e-01	 2.307306e-01	 2.562173e+01	 2.570987e+01	 8.814466e-02	 1	 6.167623e+03	 8.685578e-02	 2.311788e-01	 2.763243e-01	 4.089047e-01	 
 1.050027e-03	 4.980774e-01	 2.626662e-01	 2.307306e-01	 2.562173e+01	 2.570987e+01	 8.814466e-02	 1	 6.167623e+03	 8.685578e-02	 2.311788e-01	 2.763243e-01	 4.089047e-01	 
 1.050027e-03	 4.980774e-01	 2.626662e-01	 2.307306e-01	 2.562173e+01	 2.570987e+01	 8.814466e-02	 1	 6.167623e+03	 8.685578e-02	 2.311788e-01	 2.763243e-01	 4.089047e-01	 
 1.050027e-03	 4.980774e-01	 2.626662e-01	 2.307306e-01	 2.562173e+01	 2.570987e+01	 8.814466e-02	 1	 6.167623e+03	 8.685578e-02	 2.311788e-01	 2.763243e-01	 4.089047e-01	 
 8.082150e-04	 5.042548e-01	 2.440234e-01	 2.459021e-01	 2.565845e+01	 2.570987e+01	 5.141858e-02	 1	 8.790634e+03	 8.585018e-02	 2.329183e-01	 2.700413e-01	 4.086382e-01	 
 8.082150e-04	 5.042548e-01	 2.440234e-01	 2.459021e-01	 2.565845e+01	 2.570987e+01	 5.141858e-02	 1	 8.790634e+03	 8.585018e-02	 2.329183e-01	 2.700413e-01	 4.086382e-01	 
 8.082150e-04	 5.042548e-01	 2.440234e-01	 2.459021e-01	 2.565845e+01	 2.570987e+01	 5.141858e-02	 1	 8.790634e+03	 8.585018e-02	 2.329183e-01	 2.700413e-01	 4.086382e-01	 
 8.082150e-04	 5.042548e-01	 2.440234e-01	 2.459021e-01	 2.565845e+01	 2.570987e+01	 5.141858e-02	 1	 8.790634e+03	 8.585018e-02	 2.329183e-01	 2.700413e-01	 4.086382e-01	 
 8.082150e-04	 5.042548e-01	 2.440234e-01	 2.459021e-01	 2.565845e+01	 2.570987e+01	 5.141858e-02	 1	 8.790634e+03	 8.585018e-02	 2.329183e-01	 2.700413e-01	 4.086382e-01	 
 8.082150e-04	 5.042548e-01	 2.440234e-01	 2.459021e-01	 2.565845e+01	 2.570987e+01	 5.141858e-02	 1	 8.790634e+03	 8.585018e-02	 2.329183e-01	 2.700413e-01	 4.086382e-01	 
 -7.280673e-05	 3.717745e-01	 2.748232e-01	 3.434376e-01	 2.571066e+01	 2.569926e+01	 1.139163e-02	 0	 5.395084e+02	 1.508586e-02	 1.271694e-02	 3.165222e-01	 6.093270e-02	 
 -7.280673e-05	 3.717745e-01	 2.748232e-01	 3.434376e-01	 2.571066e+01	 2.569926e+01	 1.139163e-02	 0	 5.395084e+02	 1.508586e-02	 1.271694e-02	 3.165222e-01	 6.093270e-02	 
 -7.280673e-05	 3.717745e-01	 2.748232e-01	 3.434376e-01	 2.571066e+01	 2.569926e+01	 1.139163e-02	 0	 5.395084e+02	 1.508586e-02	 1.271694e-02	 3.165222e-01	 6.093270e-02	 
 -7.280673e-05	 3.717745e-01	 2.748232e-01	 3.434376e-01	 2.571066e+01	 2.569926e+01	 1.139163e-02	 0	 5.395084e+02	 1.508586e-02	 1.271694e-02	 3.165222e-01	 6.093270e-02	 
 -7.280673e-05	 3.717745e-01	 2.748232e-01	 3.434376e-01	 2.571066e+01	 2.569926e+01	 1.139163e-02	 0	 5.395084e+02	 1.508586e-02	 1.271694e-02	 3.165222e-01	 6.093270e-02	 
 -7.280673e-05	 3.717745e-01	 2.748232e-01	 3.434376e-01	 2.571066e+01	 2.569926e+01	 1.139163e-02	 0	 5.395084e+02	 1.508586e-02	 1.271694e-02	 3.165222e-01	 6.093270e-02	 
 -3.006460e-04	 5.016896e-01	 -1.246671e-02	 4.986177e-01	 4.706658e+01	 4.700376e+01	 6.282265e-02	 0	 3.187085e+03	 2.006771e-02	 1.717094e-02	 3.800425e-01	 2.536373e-01	 
 -3.006460e-04	 5.016896e-01	 -1.246671e-02	 4.986177e-01	 4.706658e+01	 4.700376e+01	 6.282265e-02	 0	 3.187085e+03	 2.006771e-02	 1.717094e-02	 3.800425e-01	 2.536373e-01	 
 -3.006460e-04	 5.016896e-01	 -1.246671e-02	 4.986177e-01	 4.706658e+01	 4.700376e+01	 6.282265e-02	 0	 3.187085e+03	 2.006771e-02	 1.717094e-02	 3.800425e-01	 2.536373e-01	 
 -3.006460e-04	 5.016896e-01	 -1.246671e-02	 4.986177e-01	 4.706658e+01	 4.700376e+01	 6.282265e-02	 0	 3.187085e+03	 2.006771e-02	 1.717094e-02	 3.800425e-01	 2.536373e-01	 
 -3.006460e-04	 5.016896e-01	 -1.246671e-02	 4.986177e-01	 4.706658e+01	 4.700376e+01	 6.282265e-02	 0	 3.187085e+03	 2.006771e-02	 1.717094e-02	 3.800425e-01	 2.536373e-01	 
 -3.006460e-04	 5.016896e-01	 -1.246671e-02	 4.986177e-01	 4.706658e+01	 4.700376e+01	 6.282265e-02	 0	 3.187085e+03	 2.006771e-02	 1.717094e-02	 3.800425e-01	 2.536373e-01	 
 -3.006460e-04	 5.016896e-01	 -1.246671e-02	 4.986177e-01	 4.706658e+01	 4.700376e+01	 6.282265e-02	 0	 3.187085e+03	 2.006771e-02	 1.717094e-02	 3.800425e-01	 2.536373e-01	 
 -3.006460e-04	 5.016896e-01	 -1.246671e-02	 4.986177e-01	 4.706658e+01	 4.700376e+01	 6.282265e-02	 0	 3.187085e+03	 2.006771e-02	 1.717094e-02	 3.800425e-01	 2.536373e-01	 
 -3.006460e-04	 5.016896e-01	 -1.246671e-02	 4.986177e-01	 4.706658e+01	 4.700376e+01	 6.282265e-02	 0	 3.187085e+03	 2.006771e-02	 1.717094e-02	 3.800425e-01	 2.536373e-01	 
 -3.006460e-04	 5.016896e-01	 -1.246671e-02	 4.986177e-01	 4.706658e+01	 4.700376e+01	 6.282265e-02	 0	 3.187085e+03	 2.006771e-02	 1.717094e-02	 3.800425e-01	 2.536373e-01	 
 -3.006460e-04	 5.016896e-01	 -1.246671e-02	 4.986177e-01	 4.706658e+01	 4.700376e+01	 6.282265e-02	 0	 3.187085e+03	 2.006771e-02	 1.717094e-02	 3.800425e-01	 2.536373e-01	 
 -3.006460e-04	 5.016896e-01	 -1.246671e-02	 4.986177e-01	 4.706658e+01	 4.700376e+01	 6.282265e-02	 0	 3.187085e+03	 2.006771e-02	 1.717094e-02	 3.800425e-01	 2.536373e-01	 
 -7.280673e-05	 3.717745e-01	 2.748232e-01	 3.434376e-01	 2.571066e+01	 2.569926e+01	 1.139163e-02	 0	 5.395084e+02	 1.508586e-02	 1.271694e-02	 3.165222e-01	 6.093270e-02	 
 -7.280673e-05	 3.717745e-01	 2.748232e-01	 3.434376e-01	 2.571066e+01	 2.569926e+01	 1.139163e-02	 0	 5.395084e+02	 1.508586e-02	 1.271694e-02	 3.165222e-01	 6.093270e-02	 
 -7.280673e-05	 3.717745e-01	 2.748232e-01	 3.434376e-01	 2.571066e+01	 2.569926e+01	 1.139163e-02	 0	 5.395084e+02	 1.508586e-02	 1.271694e-02	 3.165222e-01	 6.093270e-02	 
 -7.280673e-05	 3.717745e-01	 2.748232e-01	 3.434376e-01	 2.571066e+01	 2.569926e+01	 1.139163e-02	 0	 5.395084e+02	 1.508586e-02	 1.271694e-02	 3.165222e-01	 6.093270e-02	 
 -7.280673e-05	 3.717745e-01	 2.748232e-01	 3.434376e-01	 2.571066e+01	 2.569926e+01	 1.139163e-02	 0	 5.395084e+02	 1.508586e-02	 1.271694e-02	 3.165222e-01	 6.093270e-02	 
 -7.280673e-05	 3.717745e-01	 2.748232e-01	 3.434376e-01	 2.571066e+01	 2.569926e+01	 1.139163e-02	 0	 5.395084e+02	 1.508586e-02	 1.271694e-02	 3.165222e-01	 6.093270e-02	 
 3.263779e-03	 3.066935e-01	 6.144800e-01	 3.088703e-02	 4.829927e+01	 4.913846e+01	 8.391947e-01	 1	 1.384347e+03	 7.995157e-02	 5.974507e-02	 4.062644e-01	 3.690832e-01	 
 3.263779e-03	 3.066935e-01	 6.144800e-01	 3.088703e-02	 4.829927e+01	 4.913846e+01	 8.391947e-01	 1	 1.384347e+03	 7.995157e-02	 5.974507e-02	 4.062644e-01	 3.690832e-01	 
 3.263779e-03	 3.066935e-01	 6.144800e-01	 3.088703e-02	 4.829927e+01	 4.913846e+01	 8.391947e-01	 1	 1.384347e+03	 7.995157e-02	 5.974507e-02	 4.062644e-01	 3.690832e-01	 
 3.263779e-03	 3.066935e-01	 6.144800e-01	 3.088703e-02	 4.829927e+01	 4.913846e+01	 8.391947e-01	 1	 1.384347e+03	 7.995157e-02	 5.974507e-02	 4.062644e-01	 3.690832e-01	 
 3.263779e-03	 3.066935e-01	 6.144800e-01	 3.088703e-02	 4.829927e+01	 4.913846e+01	 8.391947e-01	 1	 1.384347e+03	 7.995157e-02	 5.974507e-02	 4.062644e-01	 3.690832e-01	 
 3.263779e-03	 3.066935e-01	 6.144800e-01	 3.088703e-02	 4.829927e+01	 4.913846e+01	 8.391947e-01	 1	 1.384347e+03	 7.995157e-02	 5.974507e-02	 4.062644e-01	 3.690832e-01	 
 2.290117e-03	 4.283023e-01	 4.550231e-01	 8.128940e-02	 4.858339e+01	 4.913846e+01	 5.550749e-01	 1	 8.009027e+02	 4.652483e-02	 3.665243e-02	 6.135320e-01	 4.629402e-01	 
 2.290117e-03	 4.283023e-01	 4.550231e-01	 8.128940e-02	 4.858339e+01	 4.913846e+01	 5.550749e-01	 1	 8.009027e+02	 4.652483e-02	 3.665243e-02	 6.135320e-01	 4.629402e-01	 
 2.290117e-03	 4.283023e-01	 4.550231e-01	 8.128940e-02	 4.858339e+01	 4.913846e+01	 5.550749e-01	 1	 8.009027e+02	 4.652483e-02	 3.665243e-02	 6.135320e-01	 4.629402e-01	 
 2.290117e-03	 4.283023e-01	 4.550231e-01	 8.128940e-02	 4.858339e+01	 4.913846e+01	 5.550749e-01	 1	 8.009027e+02	 4.652483e-02	 3.665243e-02	 6.135320e-01	 4.629402e-01	 
 2.290117e-03	 4.283023e-01	 4.550231e-01	 8.128940e-02	 4.858339e+01	 4.913846e+01	 5.550749e-01	 1	 8.009027e+02	 4.652483e-02	 3.665243e-02	 6.135320e-01	 4.629402e-01	 
 2.290117e-03	 4.283023e-01	 4.550231e-01	 8.128940e-02	 4.858339e+01	 4.913846e+01	 5.550749e-01	 1	 8.009027e+02	 4.652483e-02	 3.665243e-02	 6.135320e-01	 4.629402e-01	 
 -7.280673e-05	 3.717745e-01	 2.748232e-01	 3.434376e-01	 2.571066e+01	 2.569926e+01	 1.139163e-02	 0	 5.395084e+02	 1.508586e-02	 1.271694e-02	 3.165222e-01	 6.093270e-02	 
 -7.280673e-05	 3.717745e-01	 2.748232e-01	 3.434376e-01	 2.571066e+01	 2.569926e+01	 1.139163e-02	 0	 5.395084e+02	 1.508586e-02	 1.271694e-02	 3.165222e-01	 6.093270e-02	 
 -7.280673e-05	 3.717745e-01	 2.748232e-01	 3.434376e-01	 2.571066e+01	 2.569926e+01	 1.139163e-02	 0	 5.395084e+02	 1.508586e-02	 1.271694e-02	 3.165222e-01	 6.093270e-02	 
 -7.280673e-05	 3.717745e-01	 2.748232e-01	 3.434376e-01	 2.571066e+01	 2.569926e+01	 1.139163e-02	 0	 5.395084e+02	 1.508586e-02	 1.271694e-02	 3.165222e-01	 6.093270e-02	 
 -7.280673e-05	 3.717745e-01	 2.748232e-01	 3.434376e-01	 2.571066e+01	 2.569926e+01	 1.139163e-02	 0	 5.395084e+02	 1.508586e-02	 1.271694e-02	 3.165222e-01	 6.093270e-02	 
 -7.280673e-05	 3.717745e-01	 2.748232e-01	 3.434376e-01	 2.571066e+01	 2.569926e+01	 1.139163e-02	 0	 5.395084e+02	 1.508586e-02	 1.271694e-02	 3.165222e-01	 6.093270e-02	 
 -7.280673e-05	 3.717745e-01	 2.748232e-01	 3.434376e-01	 2.571066e+01	 2.569926e+01	 1.139163e-02	 0	 5.395084e+02	 1.508586e-02	 1.271694e-02	 3.165222e-01	 6.093270e-02	 
 -7.280673e-05	 3.717745e-01	 2.748232e-01	 3.434376e-01	 2.571066e+01	 2.569926e+01	 1.139163e-02	 0	 5.395084e+02	 1.508586e-02	 1.271694e-02	 3.165222e-01	 6.093270e-02	 
 -7.280673e-05	 3.717745e-01	 2.748232e-01	 3.434376e-01	 2.571066e+01	 2.569926e+01	 1.139163e-02	 0	 5.395084e+02	 1.508586e-02	 1.271694e-02	 3.165222e-01	 6.093270e-02	 
 -7.280673e-05	 3.717745e-01	 2.748232e-01	 3.434376e-01	 2.571066e+01	 2.569926e+01	 1.139163e-02	 0	 5.395084e+02	 1.508586e-02	 1.271694e-02	 3.165222e-01	 6.093270e-02	 
 -7.280673e-05	 3.717745e-01	 2.748232e-01	 3.434376e-01	 2.571066e+01	 2.569926e+01	 1.139163e-02	 0	 5.395084e+02	 1.508586e-02	 1.271694e-02	 3.165222e-01	 6.093270e-02	 
 -7.280673e-05	 3.717745e-01	 2.748232e-01	 3.434376e-01	 2.571066e+01	 2.569926e+01	 1.139163e-02	 0	 5.395084e+02	 1.508586e-02	 1.271694e-02	 3.165222e-01	 6.093270e-02	 
 -7.280673e-05	 3.717745e-01	 2.748232e-01	 3.434376e-01	 2.571066e+01	 2.569926e+01	 1.139163e-02	 0	 5.395084e+02	 1.508586e-02	 1.271694e-02	 3.165222e-01	 6.093270e-02	 
 -7.280673e-05	 3.717745e-01	 2.748232e-01	 3.434376e-01	 2.571066e+01	 2.569926e+01	 1.139163e-02	 0	 5.395084e+02	 1.508586e-02	 1.271694e-02	 3.165222e-01	 6.093270e-02	 
 -7.280673e-05	 3.717745e-01	 2.748232e-01	 3.434376e-01	 2.571066e+01	 2.569926e+01	 1.139163e-02	 0	 5.395084e+02	 1.508586e-02	 1.271694e-02	 3.165222e-01	 6.093270e-02	 
 -7.280673e-05	 3.717745e-01	 2.748232e-01	 3.434376e-01	 2.571066e+01	 2.569926e+01	 1.139163e-02	 0	 5.395084e+02	 1.508586e-02	 1.271694e-02	 3.165222e-01	 6.093270e-02	 
 -7.280673e-05	 3.717745e-01	 2.748232e-01	 3.434376e-01	 2.571066e+01	 2.569926e+01	 1.139163e-02	 0	 5.395084e+02	 1.508586e-02	 1.271694e-02	 3.165222e-01	 6.093270e-02	 
 -7.280673e-05	 3.717745e-01	 2.748232e-01	 3.434376e-01	 2.571066e+01	 2.569926e+01	 1.139163e-02	 0	 5.395084e+02	 1.508586e-02	 1.271694e-02	 3.165222e-01	 6.093270e-02	 
 -7.280673e-05	 3.717745e-01	 2.748232e-01	 3.434376e-01	 2.571066e+01	 2.569926e+01	 1.139163e-02	 0	 5.395084e+02	 1.508586e-02	 1.271694e-02	 3.165222e-01	 6.093270e-02	 
 -7.280673e-05	 3.717745e-01	 2.748232e-01	 3.434376e-01	 2.571066e+01	 2.569926e+01	 1.139163e-02	 0	 5.395084e+02	 1.508586e-02	 1.271694e-02	 3.165222e-01	 6.093270e-02	 
 -7.280673e-05	 3.717745e-01	 2.748232e-01	 3.434376e-01	 2.571066e+01	 2.569926e+01	 1.139163e-02	 0	 5.395084e+02	 1.508586e-02	 1.271694e-02	 3.165222e-01	 6.093270e-02	 
 -7.280673e-05	 3.717745e-01	 2.748232e-01	 3.434376e-01	 2.571066e+01	 2.569926e+01	 1.139163e-02	 0	 5.395084e+02	 1.508586e-02	 1.271694e-02	 3.165222e-01	 6.093270e-02	 
 -7.280673e-05	 3.717745e-01	 2.748232e-01	 3.434376e-01	 2.571066e+01	 2.569926e+01	 1.139163e-02	 0	 5.395084e+02	 1.508586e-02	 1.271694e-02	 3.165222e-01	 6.093270e-02	 
 -7.280673e-05	 3.717745e-01	 2.748232e-01	 3.434376e-01	 2.571066e+01	 2.569926e+01	 1.139163e-02	 0	 5.395084e+02	 1.508586e-02	 1.271694e-02	 3.165222e-01	 6.093270e-02	 
 3.263779e-03	 3.066935e-01	 6.144800e-01	 3.088703e-02	 4.829927e+01	 4.913846e+01	 8.391947e-01	 1	 1.384347e+03	 7.995157e-02	 5.974507e-02	 4.062644e-01	 3.690832e-01	 
 3.263779e-03	 3.066935e-01	 6.144800e-01	 3.088703e-02	 4.829927e+01	 4.913846e+01	 8.391947e-01	 1	 1.384347e+03	 7.995157e-02	 5.974507e-02	 4.062644e-01	 3.690832e-01	 
 3.263779e-03	 3.066935e-01	 6.144800e-01	 3.088703e-02	 4.829927e+01	 4.913846e+01	 8.391947e-01	 1	 1.384347e+03	 7.995157e-02	 5.974507e-02	 4.062644e-01	 3.690832e-01	 
 3.263779e-03	 3.066935e-01	 6.144800e-01	 3.088703e-02	 4.829927e+01	 4.913846e+01	 8.391947e-01	 1	 1.384347e+03	 7.995157e-02	 5.974507e-02	 4.062644e-01	 3.690832e-01	 
 3.263779e-03	 3.066935e-01	 6.144800e-01	 3.088703e-02	 4.829927e+01	 4.913846e+01	 8.391947e-01	 1	 1.384347e+03	 7.995157e-02	 5.974507e-02	 4.062644e-01	 3.690832e-01	 
 3.263779e-03	 3.066935e-01	 6.144800e-01	 3.088703e-02	 4.829927e+01	 4.913846e+01	 8.391947e-01	 1	 1.384347e+03	 7.995157e-02	 5.974507e-02	 4.062644e-01	 3.690832e-01	 
 2.290117e-03	 4.283023e-01	 4.550231e-01	 8.128940e-02	 4.858339e+01	 4.913846e+01	 5.550749e-01	 1	 8.009027e+02	 4.652483e-02	 3.665243e-02	 6.135320e-01	 4.629402e-01	 
 2.290117e-03	 4.283023e-01	 4.550231e-01	 8.128940e-02	 4.858339e+01	 4.913846e+01	 5.550749e-01	 1	 8.009027e+02	 4.652483e-02	 3.665243e-02	 6.135320e-01	 4.629402e-01	 
 2.290117e-03	 4.283023e-01	 4.550231e-01	 8.128940e-02	 4.858339e+01	 4.913846e+01	 5.550749e-01	 1	 8.009027e+02	 4.652483e-02	 3.665243e-02	 6.135320e-01	 4.629402e-01	 
 2.290117e-03	 4.283023e-01	 4.550231e-01	 8.128940e-02	 4.858339e+01	 4.913846e+01	 5.550749e-01	 1	 8.009027e+02	 4.652483e-02	 3.665243e-02	 6.135320e-01	 4.629402e-01	 
 2.290117e-03	 4.283023e-01	 4.550231e-01	 8.128940e-02	 4.858339e+01	 4.913846e+01	 5.550749e-01	 1	 8.009027e+02	 4.652483e-02	 3.665243e-02	 6.135320e-01	 4.629402e-01	 
 2.290117e-03	 4.283023e-01	 4.550231e-01	 8.128940e-02	 4.858339e+01	 4.913846e+01	 5.550749e-01	 1	 8.009027e+02	 4.652483e-02	 3.665243e-02	 6.135320e-01	 4.629402e-01	 
 