2.403393e-01	 6.646620e-01	 1.154879e-02	 8.344987e-02	 1.059294e+03	 8.545025e+00	 
 2.545088e-01	 6.881309e-01	 1.126142e-04	 5.724770e-02	 3.118257e+02	 7.500276e+00	 
 2.684692e-01	 6.837311e-01	 2.178025e-04	 4.758191e-02	 2.552785e+02	 6.388615e+00	 
 2.749031e-01	 6.800594e-01	 2.123391e-04	 4.482514e-02	 1.964125e+02	 9.612218e+00	 
 2.372280e-01	 6.927775e-01	 8.280424e-05	 6.991163e-02	 9.209344e+01	 1.006979e+01	 
 2.657797e-01	 6.828336e-01	 1.224054e-03	 5.016265e-02	 4.775995e+01	 8.279381e+00	 
 2.665344e-01	 6.827031e-01	 1.237037e-03	 4.952549e-02	 4.393659e+01	 8.286780e+00	 
 2.641579e-01	 6.841197e-01	 9.238941e-04	 5.079851e-02	 3.054903e+01	 8.304369e+00	 
 2.639340e-01	 6.842445e-01	 9.231088e-04	 5.089846e-02	 2.856186e+01	 8.311160e+00	 
 2.622545e-01	 6.851771e-01	 7.421188e-04	 5.182625e-02	 2.005084e+01	 8.322233e+00	 
 2.622909e-01	 6.851696e-01	 7.421192e-04	 5.179741e-02	 1.993252e+01	 8.328169e+00	 
 