3.947098e-01	 7.273632e-01	 5.666508e-05	 -8.992907e-02	 5.003642e+04	 5.003642e+04	 0	 
 3.947098e-01	 7.273632e-01	 5.666508e-05	 -8.992907e-02	 5.003642e+04	 5.003642e+04	 0	 
 3.947098e-01	 7.273632e-01	 5.666508e-05	 -8.992907e-02	 5.003642e+04	 5.003642e+04	 0	 
 3.947098e-01	 7.273632e-01	 5.666508e-05	 -8.992907e-02	 5.003642e+04	 5.003642e+04	 0	 
 3.947098e-01	 7.273632e-01	 5.666508e-05	 -8.992907e-02	 5.003642e+04	 5.003642e+04	 0	 
 3.947098e-01	 7.273632e-01	 5.666508e-05	 -8.992907e-02	 5.003642e+04	 5.003642e+04	 0	 
 2.284041e-01	 7.633306e-01	 7.074517e-03	 2.570765e-02	 5.124478e+04	 5.176601e+04	 1	 
 2.284041e-01	 7.633306e-01	 7.074517e-03	 2.570765e-02	 5.124478e+04	 5.176601e+04	 1	 
 2.284041e-01	 7.633306e-01	 7.074517e-03	 2.570765e-02	 5.124478e+04	 5.176601e+04	 1	 
 2.284041e-01	 7.633306e-01	 7.074517e-03	 2.570765e-02	 5.124478e+04	 5.176601e+04	 1	 
 2.284041e-01	 7.633306e-01	 7.074517e-03	 2.570765e-02	 5.124478e+04	 5.176601e+04	 1	 
 2.284041e-01	 7.633306e-01	 7.074517e-03	 2.570765e-02	 5.124478e+04	 5.176601e+04	 1	 
 2.246067e-01	 5.585365e-01	 -4.826247e-04	 1.671706e-01	 4.297984e+04	 4.297984e+04	 0	 
 2.246067e-01	 5.585365e-01	 -4.826247e-04	 1.671706e-01	 4.297984e+04	 4.297984e+04	 0	 
 2.246067e-01	 5.585365e-01	 -4.826247e-04	 1.671706e-01	 4.297984e+04	 4.297984e+04	 0	 
 2.246067e-01	 5.585365e-01	 -4.826247e-04	 1.671706e-01	 4.297984e+04	 4.297984e+04	 0	 
 2.246067e-01	 5.585365e-01	 -4.826247e-04	 1.671706e-01	 4.297984e+04	 4.297984e+04	 0	 
 2.246067e-01	 5.585365e-01	 -4.826247e-04	 1.671706e-01	 4.297984e+04	 4.297984e+04	 0	 
 9.023294e-01	 2.126881e-01	 1.319445e-02	 -2.185465e-01	 4.750046e+04	 4.750046e+04	 0	 
 9.023294e-01	 2.126881e-01	 1.319445e-02	 -2.185465e-01	 4.750046e+04	 4.750046e+04	 0	 
 9.023294e-01	 2.126881e-01	 1.319445e-02	 -2.185465e-01	 4.750046e+04	 4.750046e+04	 0	 
 9.023294e-01	 2.126881e-01	 1.319445e-02	 -2.185465e-01	 4.750046e+04	 4.750046e+04	 0	 
 9.023294e-01	 2.126881e-01	 1.319445e-02	 -2.185465e-01	 4.750046e+04	 4.750046e+04	 0	 
 9.023294e-01	 2.126881e-01	 1.319445e-02	 -2.185465e-01	 4.750046e+04	 4.750046e+04	 0	 
 3.680568e-01	 5.805622e-01	 6.987012e-05	 2.498737e-02	 5.024814e+04	 5.043503e+04	 1	 
 3.680568e-01	 5.805622e-01	 6.987012e-05	 2.498737e-02	 5.024814e+04	 5.043503e+04	 1	 
 3.680568e-01	 5.805622e-01	 6.987012e-05	 2.498737e-02	 5.024814e+04	 5.043503e+04	 1	 
 3.680568e-01	 5.805622e-01	 6.987012e-05	 2.498737e-02	 5.024814e+04	 5.043503e+04	 1	 
 3.680568e-01	 5.805622e-01	 6.987012e-05	 2.498737e-02	 5.024814e+04	 5.043503e+04	 1	 
 3.680568e-01	 5.805622e-01	 6.987012e-05	 2.498737e-02	 5.024814e+04	 5.043503e+04	 1	 
 4.349319e-01	 3.474695e-01	 1.152072e-02	 9.408024e-02	 5.465532e+04	 5.580248e+04	 1	 
 4.349319e-01	 3.474695e-01	 1.152072e-02	 9.408024e-02	 5.465532e+04	 5.580248e+04	 1	 
 4.349319e-01	 3.474695e-01	 1.152072e-02	 9.408024e-02	 5.465532e+04	 5.580248e+04	 1	 
 4.349319e-01	 3.474695e-01	 1.152072e-02	 9.408024e-02	 5.465532e+04	 5.580248e+04	 1	 
 4.349319e-01	 3.474695e-01	 1.152072e-02	 9.408024e-02	 5.465532e+04	 5.580248e+04	 1	 
 4.349319e-01	 3.474695e-01	 1.152072e-02	 9.408024e-02	 5.465532e+04	 5.580248e+04	 1	 
 2.825760e-02	 1.671251e+00	 1.071415e-04	 -4.029997e-01	 5.518687e+04	 5.518687e+04	 0	 
 2.825760e-02	 1.671251e+00	 1.071415e-04	 -4.029997e-01	 5.518687e+04	 5.518687e+04	 0	 
 2.825760e-02	 1.671251e+00	 1.071415e-04	 -4.029997e-01	 5.518687e+04	 5.518687e+04	 0	 
 2.825760e-02	 1.671251e+00	 1.071415e-04	 -4.029997e-01	 5.518687e+04	 5.518687e+04	 0	 
 2.825760e-02	 1.671251e+00	 1.071415e-04	 -4.029997e-01	 5.518687e+04	 5.518687e+04	 0	 
 2.825760e-02	 1.671251e+00	 1.071415e-04	 -4.029997e-01	 5.518687e+04	 5.518687e+04	 0	 
 5.295556e-01	 6.525530e-01	 7.163739e-04	 -1.597024e-01	 6.659667e+04	 6.659667e+04	 0	 
 5.295556e-01	 6.525530e-01	 7.163739e-04	 -1.597024e-01	 6.659667e+04	 6.659667e+04	 0	 
 5.295556e-01	 6.525530e-01	 7.163739e-04	 -1.597024e-01	 6.659667e+04	 6.659667e+04	 0	 
 5.295556e-01	 6.525530e-01	 7.163739e-04	 -1.597024e-01	 6.659667e+04	 6.659667e+04	 0	 
 5.295556e-01	 6.525530e-01	 7.163739e-04	 -1.597024e-01	 6.659667e+04	 6.659667e+04	 0	 
 5.295556e-01	 6.525530e-01	 7.163739e-04	 -1.597024e-01	 6.659667e+04	 6.659667e+04	 0	 
 1.693101e-01	 5.288313e-01	 4.145056e-03	 2.247363e-01	 1.052468e+05	 1.049740e+05	 1	 
 1.693101e-01	 5.288313e-01	 4.145056e-03	 2.247363e-01	 1.052468e+05	 1.049740e+05	 1	 
 1.693101e-01	 5.288313e-01	 4.145056e-03	 2.247363e-01	 1.052468e+05	 1.049740e+05	 1	 
 1.693101e-01	 5.288313e-01	 4.145056e-03	 2.247363e-01	 1.052468e+05	 1.049740e+05	 1	 
 1.693101e-01	 5.288313e-01	 4.145056e-03	 2.247363e-01	 1.052468e+05	 1.049740e+05	 1	 
 1.693101e-01	 5.288313e-01	 4.145056e-03	 2.247363e-01	 1.052468e+05	 1.049740e+05	 1	 
 1.818773e-01	 8.074704e-01	 -3.660138e-04	 4.810004e-02	 7.710348e+04	 7.710348e+04	 0	 
 1.818773e-01	 8.074704e-01	 -3.660138e-04	 4.810004e-02	 7.710348e+04	 7.710348e+04	 0	 
 1.818773e-01	 8.074704e-01	 -3.660138e-04	 4.810004e-02	 7.710348e+04	 7.710348e+04	 0	 
 1.818773e-01	 8.074704e-01	 -3.660138e-04	 4.810004e-02	 7.710348e+04	 7.710348e+04	 0	 
 1.818773e-01	 8.074704e-01	 -3.660138e-04	 4.810004e-02	 7.710348e+04	 7.710348e+04	 0	 
 1.818773e-01	 8.074704e-01	 -3.660138e-04	 4.810004e-02	 7.710348e+04	 7.710348e+04	 0	 
 1.818773e-01	 8.074704e-01	 -3.660138e-04	 4.810004e-02	 7.710348e+04	 7.710348e+04	 0	 
 1.818773e-01	 8.074704e-01	 -3.660138e-04	 4.810004e-02	 7.710348e+04	 7.710348e+04	 0	 
 1.818773e-01	 8.074704e-01	 -3.660138e-04	 4.810004e-02	 7.710348e+04	 7.710348e+04	 0	 
 1.818773e-01	 8.074704e-01	 -3.660138e-04	 4.810004e-02	 7.710348e+04	 7.710348e+04	 0	 
 1.818773e-01	 8.074704e-01	 -3.660138e-04	 4.810004e-02	 7.710348e+04	 7.710348e+04	 0	 
 1.818773e-01	 8.074704e-01	 -3.660138e-04	 4.810004e-02	 7.710348e+04	 7.710348e+04	 0	 
 2.246067e-01	 5.585365e-01	 -4.826247e-04	 1.671706e-01	 4.297984e+04	 4.297984e+04	 0	 
 2.246067e-01	 5.585365e-01	 -4.826247e-04	 1.671706e-01	 4.297984e+04	 4.297984e+04	 0	 
 2.246067e-01	 5.585365e-01	 -4.826247e-04	 1.671706e-01	 4.297984e+04	 4.297984e+04	 0	 
 2.246067e-01	 5.585365e-01	 -4.826247e-04	 1.671706e-01	 4.297984e+04	 4.297984e+04	 0	 
 2.246067e-01	 5.585365e-01	 -4.826247e-04	 1.671706e-01	 4.297984e+04	 4.297984e+04	 0	 
 2.246067e-01	 5.585365e-01	 -4.826247e-04	 1.671706e-01	 4.297984e+04	 4.297984e+04	 0	 
 2.246067e-01	 5.585365e-01	 -4.826247e-04	 1.671706e-01	 4.297984e+04	 4.297984e+04	 0	 
 2.246067e-01	 5.585365e-01	 -4.826247e-04	 1.671706e-01	 4.297984e+04	 4.297984e+04	 0	 
 2.246067e-01	 5.585365e-01	 -4.826247e-04	 1.671706e-01	 4.297984e+04	 4.297984e+04	 0	 
 2.246067e-01	 5.585365e-01	 -4.826247e-04	 1.671706e-01	 4.297984e+04	 4.297984e+04	 0	 
 2.246067e-01	 5.585365e-01	 -4.826247e-04	 1.671706e-01	 4.297984e+04	 4.297984e+04	 0	 
 2.246067e-01	 5.585365e-01	 -4.826247e-04	 1.671706e-01	 4.297984e+04	 4.297984e+04	 0	 
 1.818773e-01	 8.074704e-01	 -3.660138e-04	 4.810004e-02	 7.710348e+04	 7.710348e+04	 0	 
 1.818773e-01	 8.074704e-01	 -3.660138e-04	 4.810004e-02	 7.710348e+04	 7.710348e+04	 0	 
 1.818773e-01	 8.074704e-01	 -3.660138e-04	 4.810004e-02	 7.710348e+04	 7.710348e+04	 0	 
 1.818773e-01	 8.074704e-01	 -3.660138e-04	 4.810004e-02	 7.710348e+04	 7.710348e+04	 0	 
 1.818773e-01	 8.074704e-01	 -3.660138e-04	 4.810004e-02	 7.710348e+04	 7.710348e+04	 0	 
 1.818773e-01	 8.074704e-01	 -3.660138e-04	 4.810004e-02	 7.710348e+04	 7.710348e+04	 0	 
 2.825760e-02	 1.671251e+00	 1.071415e-04	 -4.029997e-01	 5.518687e+04	 5.518687e+04	 0	 
 2.825760e-02	 1.671251e+00	 1.071415e-04	 -4.029997e-01	 5.518687e+04	 5.518687e+04	 0	 
 2.825760e-02	 1.671251e+00	 1.071415e-04	 -4.029997e-01	 5.518687e+04	 5.518687e+04	 0	 
 2.825760e-02	 1.671251e+00	 1.071415e-04	 -4.029997e-01	 5.518687e+04	 5.518687e+04	 0	 
 2.825760e-02	 1.671251e+00	 1.071415e-04	 -4.029997e-01	 5.518687e+04	 5.518687e+04	 0	 
 2.825760e-02	 1.671251e+00	 1.071415e-04	 -4.029997e-01	 5.518687e+04	 5.518687e+04	 0	 
 2.825760e-02	 1.671251e+00	 1.071415e-04	 -4.029997e-01	 5.518687e+04	 5.518687e+04	 0	 
 2.825760e-02	 1.671251e+00	 1.071415e-04	 -4.029997e-01	 5.518687e+04	 5.518687e+04	 0	 
 2.825760e-02	 1.671251e+00	 1.071415e-04	 -4.029997e-01	 5.518687e+04	 5.518687e+04	 0	 
 2.825760e-02	 1.671251e+00	 1.071415e-04	 -4.029997e-01	 5.518687e+04	 5.518687e+04	 0	 
 2.825760e-02	 1.671251e+00	 1.071415e-04	 -4.029997e-01	 5.518687e+04	 5.518687e+04	 0	 
 2.825760e-02	 1.671251e+00	 1.071415e-04	 -4.029997e-01	 5.518687e+04	 5.518687e+04	 0	 
 1.818773e-01	 8.074704e-01	 -3.660138e-04	 4.810004e-02	 7.710348e+04	 7.710348e+04	 0	 
 1.818773e-01	 8.074704e-01	 -3.660138e-04	 4.810004e-02	 7.710348e+04	 7.710348e+04	 0	 
 1.818773e-01	 8.074704e-01	 -3.660138e-04	 4.810004e-02	 7.710348e+04	 7.710348e+04	 0	 
 1.818773e-01	 8.074704e-01	 -3.660138e-04	 4.810004e-02	 7.710348e+04	 7.710348e+04	 0	 
 1.818773e-01	 8.074704e-01	 -3.660138e-04	 4.810004e-02	 7.710348e+04	 7.710348e+04	 0	 
 1.818773e-01	 8.074704e-01	 -3.660138e-04	 4.810004e-02	 7.710348e+04	 7.710348e+04	 0	 
 2.695798e-01	 7.285755e-01	 6.653225e-03	 1.791443e-02	 5.150661e+04	 5.124483e+04	 1	 
 2.695798e-01	 7.285755e-01	 6.653225e-03	 1.791443e-02	 5.150661e+04	 5.124483e+04	 1	 
 2.695798e-01	 7.285755e-01	 6.653225e-03	 1.791443e-02	 5.150661e+04	 5.124483e+04	 1	 
 2.695798e-01	 7.285755e-01	 6.653225e-03	 1.791443e-02	 5.150661e+04	 5.124483e+04	 1	 
 2.695798e-01	 7.285755e-01	 6.653225e-03	 1.791443e-02	 5.150661e+04	 5.124483e+04	 1	 
 2.695798e-01	 7.285755e-01	 6.653225e-03	 1.791443e-02	 5.150661e+04	 5.124483e+04	 1	 
 2.583292e-01	 4.267948e-01	 7.147731e-02	 1.942893e-01	 5.170671e+04	 5.148792e+04	 1	 
 2.583292e-01	 4.267948e-01	 7.147731e-02	 1.942893e-01	 5.170671e+04	 5.148792e+04	 1	 
 2.583292e-01	 4.267948e-01	 7.147731e-02	 1.942893e-01	 5.170671e+04	 5.148792e+04	 1	 
 2.583292e-01	 4.267948e-01	 7.147731e-02	 1.942893e-01	 5.170671e+04	 5.148792e+04	 1	 
 2.583292e-01	 4.267948e-01	 7.147731e-02	 1.942893e-01	 5.170671e+04	 5.148792e+04	 1	 
 2.583292e-01	 4.267948e-01	 7.147731e-02	 1.942893e-01	 5.170671e+04	 5.148792e+04	 1	 
 1.818773e-01	 8.074704e-01	 -3.660138e-04	 4.810004e-02	 7.710348e+04	 7.710348e+04	 0	 
 1.818773e-01	 8.074704e-01	 -3.660138e-04	 4.810004e-02	 7.710348e+04	 7.710348e+04	 0	 
 1.818773e-01	 8.074704e-01	 -3.660138e-04	 4.810004e-02	 7.710348e+04	 7.710348e+04	 0	 
 1.818773e-01	 8.074704e-01	 -3.660138e-04	 4.810004e-02	 7.710348e+04	 7.710348e+04	 0	 
 1.818773e-01	 8.074704e-01	 -3.660138e-04	 4.810004e-02	 7.710348e+04	 7.710348e+04	 0	 
 1.818773e-01	 8.074704e-01	 -3.660138e-04	 4.810004e-02	 7.710348e+04	 7.710348e+04	 0	 
 1.678579e-01	 5.284828e-01	 4.219847e-03	 2.259753e-01	 1.052299e+05	 1.052299e+05	 1	 
 1.678579e-01	 5.284828e-01	 4.219847e-03	 2.259753e-01	 1.052299e+05	 1.052299e+05	 1	 
 1.678579e-01	 5.284828e-01	 4.219847e-03	 2.259753e-01	 1.052299e+05	 1.052299e+05	 1	 
 1.678579e-01	 5.284828e-01	 4.219847e-03	 2.259753e-01	 1.052299e+05	 1.052299e+05	 1	 
 1.678579e-01	 5.284828e-01	 4.219847e-03	 2.259753e-01	 1.052299e+05	 1.052299e+05	 1	 
 1.678579e-01	 5.284828e-01	 4.219847e-03	 2.259753e-01	 1.052299e+05	 1.052299e+05	 1	 
 1.953068e-01	 4.563972e-01	 4.032192e-03	 2.463423e-01	 1.052345e+05	 1.052236e+05	 1	 
 1.953068e-01	 4.563972e-01	 4.032192e-03	 2.463423e-01	 1.052345e+05	 1.052236e+05	 1	 
 1.953068e-01	 4.563972e-01	 4.032192e-03	 2.463423e-01	 1.052345e+05	 1.052236e+05	 1	 
 1.953068e-01	 4.563972e-01	 4.032192e-03	 2.463423e-01	 1.052345e+05	 1.052236e+05	 1	 
 1.953068e-01	 4.563972e-01	 4.032192e-03	 2.463423e-01	 1.052345e+05	 1.052236e+05	 1	 
 1.953068e-01	 4.563972e-01	 4.032192e-03	 2.463423e-01	 1.052345e+05	 1.052236e+05	 1	 
 1.818773e-01	 8.074704e-01	 -3.660138e-04	 4.810004e-02	 7.710348e+04	 7.710348e+04	 0	 
 1.818773e-01	 8.074704e-01	 -3.660138e-04	 4.810004e-02	 7.710348e+04	 7.710348e+04	 0	 
 1.818773e-01	 8.074704e-01	 -3.660138e-04	 4.810004e-02	 7.710348e+04	 7.710348e+04	 0	 
 1.818773e-01	 8.074704e-01	 -3.660138e-04	 4.810004e-02	 7.710348e+04	 7.710348e+04	 0	 
 1.818773e-01	 8.074704e-01	 -3.660138e-04	 4.810004e-02	 7.710348e+04	 7.710348e+04	 0	 
 1.818773e-01	 8.074704e-01	 -3.660138e-04	 4.810004e-02	 7.710348e+04	 7.710348e+04	 0	 
 4.526347e-01	 3.665680e-01	 1.997072e-04	 8.042027e-02	 5.024130e+04	 5.024130e+04	 1	 
 4.526347e-01	 3.665680e-01	 1.997072e-04	 8.042027e-02	 5.024130e+04	 5.024130e+04	 1	 
 4.526347e-01	 3.665680e-01	 1.997072e-04	 8.042027e-02	 5.024130e+04	 5.024130e+04	 1	 
 4.526347e-01	 3.665680e-01	 1.997072e-04	 8.042027e-02	 5.024130e+04	 5.024130e+04	 1	 
 4.526347e-01	 3.665680e-01	 1.997072e-04	 8.042027e-02	 5.024130e+04	 5.024130e+04	 1	 
 4.526347e-01	 3.665680e-01	 1.997072e-04	 8.042027e-02	 5.024130e+04	 5.024130e+04	 1	 
 4.526347e-01	 3.665680e-01	 1.997072e-04	 8.042027e-02	 5.024130e+04	 5.024130e+04	 1	 
 4.526347e-01	 3.665680e-01	 1.997072e-04	 8.042027e-02	 5.024130e+04	 5.024130e+04	 1	 
 4.526347e-01	 3.665680e-01	 1.997072e-04	 8.042027e-02	 5.024130e+04	 5.024130e+04	 1	 
 4.526347e-01	 3.665680e-01	 1.997072e-04	 8.042027e-02	 5.024130e+04	 5.024130e+04	 1	 
 4.526347e-01	 3.665680e-01	 1.997072e-04	 8.042027e-02	 5.024130e+04	 5.024130e+04	 1	 
 4.526347e-01	 3.665680e-01	 1.997072e-04	 8.042027e-02	 5.024130e+04	 5.024130e+04	 1	 
 1.818773e-01	 8.074704e-01	 -3.660138e-04	 4.810004e-02	 7.710348e+04	 7.710348e+04	 0	 
 1.818773e-01	 8.074704e-01	 -3.660138e-04	 4.810004e-02	 7.710348e+04	 7.710348e+04	 0	 
 1.818773e-01	 8.074704e-01	 -3.660138e-04	 4.810004e-02	 7.710348e+04	 7.710348e+04	 0	 
 1.818773e-01	 8.074704e-01	 -3.660138e-04	 4.810004e-02	 7.710348e+04	 7.710348e+04	 0	 
 1.818773e-01	 8.074704e-01	 -3.660138e-04	 4.810004e-02	 7.710348e+04	 7.710348e+04	 0	 
 1.818773e-01	 8.074704e-01	 -3.660138e-04	 4.810004e-02	 7.710348e+04	 7.710348e+04	 0	 
 5.295556e-01	 6.525530e-01	 7.163739e-04	 -1.597024e-01	 6.659667e+04	 6.659667e+04	 0	 
 5.295556e-01	 6.525530e-01	 7.163739e-04	 -1.597024e-01	 6.659667e+04	 6.659667e+04	 0	 
 5.295556e-01	 6.525530e-01	 7.163739e-04	 -1.597024e-01	 6.659667e+04	 6.659667e+04	 0	 
 5.295556e-01	 6.525530e-01	 7.163739e-04	 -1.597024e-01	 6.659667e+04	 6.659667e+04	 0	 
 5.295556e-01	 6.525530e-01	 7.163739e-04	 -1.597024e-01	 6.659667e+04	 6.659667e+04	 0	 
 5.295556e-01	 6.525530e-01	 7.163739e-04	 -1.597024e-01	 6.659667e+04	 6.659667e+04	 0	 
 5.295556e-01	 6.525530e-01	 7.163739e-04	 -1.597024e-01	 6.659667e+04	 6.659667e+04	 0	 
 5.295556e-01	 6.525530e-01	 7.163739e-04	 -1.597024e-01	 6.659667e+04	 6.659667e+04	 0	 
 5.295556e-01	 6.525530e-01	 7.163739e-04	 -1.597024e-01	 6.659667e+04	 6.659667e+04	 0	 
 5.295556e-01	 6.525530e-01	 7.163739e-04	 -1.597024e-01	 6.659667e+04	 6.659667e+04	 0	 
 5.295556e-01	 6.525530e-01	 7.163739e-04	 -1.597024e-01	 6.659667e+04	 6.659667e+04	 0	 
 5.295556e-01	 6.525530e-01	 7.163739e-04	 -1.597024e-01	 6.659667e+04	 6.659667e+04	 0	 
 1.818773e-01	 8.074704e-01	 -3.660138e-04	 4.810004e-02	 7.710348e+04	 7.710348e+04	 0	 
 1.818773e-01	 8.074704e-01	 -3.660138e-04	 4.810004e-02	 7.710348e+04	 7.710348e+04	 0	 
 1.818773e-01	 8.074704e-01	 -3.660138e-04	 4.810004e-02	 7.710348e+04	 7.710348e+04	 0	 
 1.818773e-01	 8.074704e-01	 -3.660138e-04	 4.810004e-02	 7.710348e+04	 7.710348e+04	 0	 
 1.818773e-01	 8.074704e-01	 -3.660138e-04	 4.810004e-02	 7.710348e+04	 7.710348e+04	 0	 
 1.818773e-01	 8.074704e-01	 -3.660138e-04	 4.810004e-02	 7.710348e+04	 7.710348e+04	 0	 
 2.246067e-01	 5.585365e-01	 -4.826247e-04	 1.671706e-01	 4.297984e+04	 4.297984e+04	 0	 
 2.246067e-01	 5.585365e-01	 -4.826247e-04	 1.671706e-01	 4.297984e+04	 4.297984e+04	 0	 
 2.246067e-01	 5.585365e-01	 -4.826247e-04	 1.671706e-01	 4.297984e+04	 4.297984e+04	 0	 
 2.246067e-01	 5.585365e-01	 -4.826247e-04	 1.671706e-01	 4.297984e+04	 4.297984e+04	 0	 
 2.246067e-01	 5.585365e-01	 -4.826247e-04	 1.671706e-01	 4.297984e+04	 4.297984e+04	 0	 
 2.246067e-01	 5.585365e-01	 -4.826247e-04	 1.671706e-01	 4.297984e+04	 4.297984e+04	 0	 
 2.246067e-01	 5.585365e-01	 -4.826247e-04	 1.671706e-01	 4.297984e+04	 4.297984e+04	 0	 
 2.246067e-01	 5.585365e-01	 -4.826247e-04	 1.671706e-01	 4.297984e+04	 4.297984e+04	 0	 
 2.246067e-01	 5.585365e-01	 -4.826247e-04	 1.671706e-01	 4.297984e+04	 4.297984e+04	 0	 
 2.246067e-01	 5.585365e-01	 -4.826247e-04	 1.671706e-01	 4.297984e+04	 4.297984e+04	 0	 
 2.246067e-01	 5.585365e-01	 -4.826247e-04	 1.671706e-01	 4.297984e+04	 4.297984e+04	 0	 
 2.246067e-01	 5.585365e-01	 -4.826247e-04	 1.671706e-01	 4.297984e+04	 4.297984e+04	 0	 
 1.818773e-01	 8.074704e-01	 -3.660138e-04	 4.810004e-02	 7.710348e+04	 7.710348e+04	 0	 
 1.818773e-01	 8.074704e-01	 -3.660138e-04	 4.810004e-02	 7.710348e+04	 7.710348e+04	 0	 
 1.818773e-01	 8.074704e-01	 -3.660138e-04	 4.810004e-02	 7.710348e+04	 7.710348e+04	 0	 
 1.818773e-01	 8.074704e-01	 -3.660138e-04	 4.810004e-02	 7.710348e+04	 7.710348e+04	 0	 
 1.818773e-01	 8.074704e-01	 -3.660138e-04	 4.810004e-02	 7.710348e+04	 7.710348e+04	 0	 
 1.818773e-01	 8.074704e-01	 -3.660138e-04	 4.810004e-02	 7.710348e+04	 7.710348e+04	 0	 
 1.818773e-01	 8.074704e-01	 -3.660138e-04	 4.810004e-02	 7.710348e+04	 7.710348e+04	 0	 
 1.818773e-01	 8.074704e-01	 -3.660138e-04	 4.810004e-02	 7.710348e+04	 7.710348e+04	 0	 
 1.818773e-01	 8.074704e-01	 -3.660138e-04	 4.810004e-02	 7.710348e+04	 7.710348e+04	 0	 
 1.818773e-01	 8.074704e-01	 -3.660138e-04	 4.810004e-02	 7.710348e+04	 7.710348e+04	 0	 
 1.818773e-01	 8.074704e-01	 -3.660138e-04	 4.810004e-02	 7.710348e+04	 7.710348e+04	 0	 
 1.818773e-01	 8.074704e-01	 -3.660138e-04	 4.810004e-02	 7.710348e+04	 7.710348e+04	 0	 
 1.818773e-01	 8.074704e-01	 -3.660138e-04	 4.810004e-02	 7.710348e+04	 7.710348e+04	 0	 
 1.818773e-01	 8.074704e-01	 -3.660138e-04	 4.810004e-02	 7.710348e+04	 7.710348e+04	 0	 
 1.818773e-01	 8.074704e-01	 -3.660138e-04	 4.810004e-02	 7.710348e+04	 7.710348e+04	 0	 
 1.818773e-01	 8.074704e-01	 -3.660138e-04	 4.810004e-02	 7.710348e+04	 7.710348e+04	 0	 
 1.818773e-01	 8.074704e-01	 -3.660138e-04	 4.810004e-02	 7.710348e+04	 7.710348e+04	 0	 
 1.818773e-01	 8.074704e-01	 -3.660138e-04	 4.810004e-02	 7.710348e+04	 7.710348e+04	 0	 
 1.818773e-01	 8.074704e-01	 -3.660138e-04	 4.810004e-02	 7.710348e+04	 7.710348e+04	 0	 
 1.818773e-01	 8.074704e-01	 -3.660138e-04	 4.810004e-02	 7.710348e+04	 7.710348e+04	 0	 
 1.818773e-01	 8.074704e-01	 -3.660138e-04	 4.810004e-02	 7.710348e+04	 7.710348e+04	 0	 
 1.818773e-01	 8.074704e-01	 -3.660138e-04	 4.810004e-02	 7.710348e+04	 7.710348e+04	 0	 
 1.818773e-01	 8.074704e-01	 -3.660138e-04	 4.810004e-02	 7.710348e+04	 7.710348e+04	 0	 
 1.818773e-01	 8.074704e-01	 -3.660138e-04	 4.810004e-02	 7.710348e+04	 7.710348e+04	 0	 
 1.818773e-01	 8.074704e-01	 -3.660138e-04	 4.810004e-02	 7.710348e+04	 7.710348e+04	 0	 
 1.818773e-01	 8.074704e-01	 -3.660138e-04	 4.810004e-02	 7.710348e+04	 7.710348e+04	 0	 
 1.818773e-01	 8.074704e-01	 -3.660138e-04	 4.810004e-02	 7.710348e+04	 7.710348e+04	 0	 
 1.818773e-01	 8.074704e-01	 -3.660138e-04	 4.810004e-02	 7.710348e+04	 7.710348e+04	 0	 
 1.818773e-01	 8.074704e-01	 -3.660138e-04	 4.810004e-02	 7.710348e+04	 7.710348e+04	 0	 
 1.818773e-01	 8.074704e-01	 -3.660138e-04	 4.810004e-02	 7.710348e+04	 7.710348e+04	 0	 
 1.818773e-01	 8.074704e-01	 -3.660138e-04	 4.810004e-02	 7.710348e+04	 7.710348e+04	 0	 
 1.818773e-01	 8.074704e-01	 -3.660138e-04	 4.810004e-02	 7.710348e+04	 7.710348e+04	 0	 
 1.818773e-01	 8.074704e-01	 -3.660138e-04	 4.810004e-02	 7.710348e+04	 7.710348e+04	 0	 
 1.818773e-01	 8.074704e-01	 -3.660138e-04	 4.810004e-02	 7.710348e+04	 7.710348e+04	 0	 
 1.818773e-01	 8.074704e-01	 -3.660138e-04	 4.810004e-02	 7.710348e+04	 7.710348e+04	 0	 
 1.818773e-01	 8.074704e-01	 -3.660138e-04	 4.810004e-02	 7.710348e+04	 7.710348e+04	 0	 
 1.818773e-01	 8.074704e-01	 -3.660138e-04	 4.810004e-02	 7.710348e+04	 7.710348e+04	 0	 
 1.818773e-01	 8.074704e-01	 -3.660138e-04	 4.810004e-02	 7.710348e+04	 7.710348e+04	 0	 
 1.818773e-01	 8.074704e-01	 -3.660138e-04	 4.810004e-02	 7.710348e+04	 7.710348e+04	 0	 
 1.818773e-01	 8.074704e-01	 -3.660138e-04	 4.810004e-02	 7.710348e+04	 7.710348e+04	 0	 
 1.818773e-01	 8.074704e-01	 -3.660138e-04	 4.810004e-02	 7.710348e+04	 7.710348e+04	 0	 
 1.818773e-01	 8.074704e-01	 -3.660138e-04	 4.810004e-02	 7.710348e+04	 7.710348e+04	 0	 
 1.818773e-01	 8.074704e-01	 -3.660138e-04	 4.810004e-02	 7.710348e+04	 7.710348e+04	 0	 
 1.818773e-01	 8.074704e-01	 -3.660138e-04	 4.810004e-02	 7.710348e+04	 7.710348e+04	 0	 
 1.818773e-01	 8.074704e-01	 -3.660138e-04	 4.810004e-02	 7.710348e+04	 7.710348e+04	 0	 
 1.818773e-01	 8.074704e-01	 -3.660138e-04	 4.810004e-02	 7.710348e+04	 7.710348e+04	 0	 
 1.818773e-01	 8.074704e-01	 -3.660138e-04	 4.810004e-02	 7.710348e+04	 7.710348e+04	 0	 
 1.818773e-01	 8.074704e-01	 -3.660138e-04	 4.810004e-02	 7.710348e+04	 7.710348e+04	 0	 
 1.818773e-01	 8.074704e-01	 -3.660138e-04	 4.810004e-02	 7.710348e+04	 7.710348e+04	 0	 
 1.818773e-01	 8.074704e-01	 -3.660138e-04	 4.810004e-02	 7.710348e+04	 7.710348e+04	 0	 
 1.818773e-01	 8.074704e-01	 -3.660138e-04	 4.810004e-02	 7.710348e+04	 7.710348e+04	 0	 
 1.818773e-01	 8.074704e-01	 -3.660138e-04	 4.810004e-02	 7.710348e+04	 7.710348e+04	 0	 
 1.818773e-01	 8.074704e-01	 -3.660138e-04	 4.810004e-02	 7.710348e+04	 7.710348e+04	 0	 
 1.818773e-01	 8.074704e-01	 -3.660138e-04	 4.810004e-02	 7.710348e+04	 7.710348e+04	 0	 
 