8.065767e-02	 7.168027e-01	 3.054863e-01	 5.585389e-06	 3.806398e+00	 8.743038e+00	 
 8.053647e-02	 7.161097e-01	 3.063002e-01	 5.518502e-06	 4.154492e+00	 8.917805e+00	 
 8.061411e-02	 7.167681e-01	 3.055732e-01	 5.581116e-06	 3.931971e+00	 8.788225e+00	 
 8.068977e-02	 7.171276e-01	 3.051352e-01	 4.973296e-06	 3.791998e+00	 8.802904e+00	 
 8.055607e-02	 7.164923e-01	 3.059091e-01	 5.554257e-06	 4.098793e+00	 8.866786e+00	 
 8.076107e-02	 7.172892e-01	 3.048924e-01	 4.498854e-06	 3.645883e+00	 8.818077e+00	 
 1.767363e-01	 4.891924e-01	 4.058735e-01	 3.410675e-04	 2.606803e+02	 7.670951e+00	 
 1.802622e-01	 4.765644e-01	 4.134683e-01	 3.748860e-04	 2.558397e+02	 7.602671e+00	 
 1.808536e-01	 4.753433e-01	 4.138962e-01	 3.518742e-04	 2.565517e+02	 7.658717e+00	 
 1.760225e-01	 4.899270e-01	 4.060545e-01	 4.028201e-04	 2.573050e+02	 7.523808e+00	 
 1.913631e-01	 4.526700e-01	 4.214986e-01	 3.533078e-04	 2.877258e+02	 7.718251e+00	 
 1.771436e-01	 4.852720e-01	 4.090729e-01	 3.865621e-04	 2.604724e+02	 7.579244e+00	 
 2.067707e-01	 6.181466e-01	 1.904418e-01	 1.416928e-04	 1.296097e+02	 1.456525e+01	 
 1.445974e-01	 5.574703e-01	 3.919248e-01	 3.097221e-05	 1.985106e+01	 9.928742e+00	 
 1.443584e-01	 5.576667e-01	 3.920307e-01	 3.037248e-05	 2.167840e+01	 9.959312e+00	 
 1.445221e-01	 5.575054e-01	 3.919875e-01	 3.083134e-05	 2.032859e+01	 9.936230e+00	 
 1.445651e-01	 5.574342e-01	 3.920078e-01	 2.854297e-05	 2.013259e+01	 1.001277e+01	 
 1.445530e-01	 5.575774e-01	 3.918670e-01	 3.073316e-05	 2.044278e+01	 9.935368e+00	 
 1.443584e-01	 5.576667e-01	 3.920307e-01	 3.037248e-05	 2.167840e+01	 9.959312e+00	 
 6.542918e-02	 4.650913e-01	 5.902177e-01	 1.015452e-05	 1.754664e+01	 1.203864e+01	 
 3.688277e-02	 4.450687e-01	 6.508402e-01	 1.099874e-05	 1.844467e+01	 1.207746e+01	 
 3.687663e-02	 4.446738e-01	 6.512285e-01	 1.162542e-05	 1.931952e+01	 1.207349e+01	 
 6.542040e-02	 4.650863e-01	 5.902343e-01	 1.015513e-05	 1.757364e+01	 1.203999e+01	 
 5.164353e-02	 4.555799e-01	 6.193470e-01	 1.007381e-05	 1.748955e+01	 1.207239e+01	 
 3.721272e-02	 4.453649e-01	 6.500827e-01	 1.063688e-05	 1.814449e+01	 1.209301e+01	 
 3.496324e-01	 2.176358e-01	 4.392794e-01	 3.967491e-04	 6.499362e+02	 1.100126e+01	 
 3.494229e-01	 2.227871e-01	 4.341841e-01	 3.935823e-04	 6.654492e+02	 1.100356e+01	 
 3.483957e-01	 2.242733e-01	 4.340834e-01	 3.920930e-04	 6.548057e+02	 1.100125e+01	 
 3.497699e-01	 2.174247e-01	 4.393043e-01	 4.178495e-04	 6.500817e+02	 1.095030e+01	 
 3.494229e-01	 2.227871e-01	 4.341841e-01	 3.935823e-04	 6.654492e+02	 1.100356e+01	 
 3.462761e-01	 2.348050e-01	 4.260607e-01	 3.846136e-04	 6.601328e+02	 1.100172e+01	 
 2.140265e-01	 7.771575e-01	 5.209636e-02	 4.342869e-05	 4.763219e+01	 9.629219e+00	 
 2.140167e-01	 7.771497e-01	 5.211760e-02	 4.571218e-05	 4.767400e+01	 9.577907e+00	 
 2.125690e-01	 7.811646e-01	 4.988578e-02	 4.114436e-05	 4.706737e+01	 9.696735e+00	 
 2.127524e-01	 7.806584e-01	 5.016598e-02	 4.140531e-05	 4.714598e+01	 9.688688e+00	 
 2.126226e-01	 7.810311e-01	 4.995259e-02	 4.142185e-05	 4.703330e+01	 9.689578e+00	 
 2.140217e-01	 7.771537e-01	 5.210672e-02	 4.342766e-05	 4.768877e+01	 9.629208e+00	 
 1.598115e-01	 5.620995e-01	 3.576218e-01	 1.314747e-04	 1.396947e+02	 1.067004e+01	 
 1.598115e-01	 5.620995e-01	 3.576218e-01	 1.314747e-04	 1.396947e+02	 1.067004e+01	 
 1.607981e-01	 5.631207e-01	 3.551561e-01	 1.348690e-04	 1.460155e+02	 1.066586e+01	 
 1.597365e-01	 5.624176e-01	 3.573776e-01	 1.342869e-04	 1.408821e+02	 1.065261e+01	 
 1.598115e-01	 5.620995e-01	 3.576218e-01	 1.314747e-04	 1.396947e+02	 1.067004e+01	 
 1.591006e-01	 5.627216e-01	 3.579182e-01	 1.309708e-04	 1.414629e+02	 1.067727e+01	 
 2.031375e-02	 5.811992e-01	 5.078756e-01	 1.550669e-04	 1.702336e+02	 8.001344e+00	 
 9.118587e-03	 5.870997e-01	 5.162330e-01	 1.315256e-04	 1.671660e+02	 8.089886e+00	 
 5.391022e-03	 5.891160e-01	 5.190255e-01	 1.281157e-04	 1.610155e+02	 8.071921e+00	 
 5.065382e-04	 5.949625e-01	 5.196294e-01	 1.128311e-04	 1.460984e+02	 8.120347e+00	 
 1.610009e-02	 5.852375e-01	 5.092484e-01	 1.369742e-04	 1.685665e+02	 8.098220e+00	 
 1.635940e-02	 5.836509e-01	 5.105469e-01	 1.509403e-04	 1.624442e+02	 7.977003e+00	 
 1.835579e-01	 8.608584e-01	 5.952427e-03	 4.963570e-05	 3.429326e+01	 9.848548e+00	 
 1.835533e-01	 8.608518e-01	 5.965462e-03	 5.224670e-05	 3.427333e+01	 9.797272e+00	 
 1.835579e-01	 8.608584e-01	 5.952427e-03	 4.963570e-05	 3.429326e+01	 9.848548e+00	 
 1.835484e-01	 8.608449e-01	 5.979272e-03	 5.224520e-05	 3.434178e+01	 9.797292e+00	 
 1.835623e-01	 8.608647e-01	 5.940029e-03	 4.715512e-05	 3.431219e+01	 9.899829e+00	 
 1.835579e-01	 8.608584e-01	 5.952427e-03	 4.963570e-05	 3.429326e+01	 9.848548e+00	 
 1.725254e-01	 8.451849e-01	 3.699423e-02	 6.260400e-03	 1.310682e+01	 6.882226e+00	 
 1.730472e-01	 8.459271e-01	 3.552480e-02	 5.966697e-03	 1.086493e+01	 6.889353e+00	 
 1.824026e-01	 8.592172e-01	 9.202982e-03	 7.000354e-04	 2.932950e+01	 7.348228e+00	 
 1.824026e-01	 8.592172e-01	 9.202982e-03	 7.000354e-04	 2.932950e+01	 7.348228e+00	 
 1.730473e-01	 8.459261e-01	 3.552611e-02	 5.966650e-03	 1.086492e+01	 6.889346e+00	 
 1.730472e-01	 8.459271e-01	 3.552480e-02	 5.966697e-03	 1.086493e+01	 6.889353e+00	 
 2.131509e-01	 4.501918e-01	 3.969307e-01	 4.410236e-04	 1.225684e+02	 6.976410e+00	 
 1.982452e-01	 4.843909e-01	 3.840666e-01	 4.034785e-04	 8.948921e+01	 6.900913e+00	 
 1.925330e-01	 5.043756e-01	 3.722090e-01	 3.861119e-04	 9.380786e+01	 6.902502e+00	 
 1.969233e-01	 4.890157e-01	 3.813225e-01	 4.204837e-04	 8.792318e+01	 6.849197e+00	 
 1.987757e-01	 4.825350e-01	 3.851678e-01	 3.768220e-04	 9.253795e+01	 6.973492e+00	 
 1.982452e-01	 4.843908e-01	 3.840666e-01	 4.034786e-04	 8.948926e+01	 6.900914e+00	 
 1.164877e-01	 7.460475e-01	 2.373497e-01	 1.365602e-03	 5.730783e+01	 6.139101e+00	 
 1.161584e-01	 7.715811e-01	 2.136668e-01	 1.231282e-03	 2.007955e+01	 6.135416e+00	 
 1.161584e-01	 7.715811e-01	 2.136668e-01	 1.231282e-03	 2.007955e+01	 6.135416e+00	 
 1.222936e-01	 7.501167e-01	 2.264022e-01	 1.380499e-03	 4.914341e-01	 5.986117e+00	 
 1.242127e-01	 7.434027e-01	 2.303857e-01	 1.427175e-03	 6.925738e+00	 5.947887e+00	 
 1.204049e-01	 7.567249e-01	 2.224813e-01	 1.404798e-03	 2.729009e+00	 5.993765e+00	 
 4.776785e-02	 4.596580e-01	 6.208163e-01	 1.032741e-05	 8.508831e+00	 1.155023e+01	 
 4.775829e-02	 4.596528e-01	 6.208341e-01	 9.811612e-06	 8.559222e+00	 1.160461e+01	 
 4.820932e-02	 4.599442e-01	 6.199128e-01	 1.031509e-05	 8.216992e+00	 1.151089e+01	 
 4.764715e-02	 4.595669e-01	 6.210854e-01	 9.525682e-06	 8.377128e+00	 1.160839e+01	 
 4.766305e-02	 4.595571e-01	 6.210874e-01	 9.803233e-06	 7.962822e+00	 1.152498e+01	 
 4.775829e-02	 4.596528e-01	 6.208341e-01	 9.811612e-06	 8.559222e+00	 1.160461e+01	 
 4.991213e-02	 4.608243e-01	 6.168138e-01	 9.682135e-06	 2.756402e+00	 1.086799e+01	 
 4.907881e-02	 4.598086e-01	 6.190135e-01	 9.453845e-06	 3.341231e+00	 1.091449e+01	 
 5.023985e-02	 4.610481e-01	 6.161236e-01	 1.018641e-05	 2.735613e+00	 1.081627e+01	 
 4.973144e-02	 4.607009e-01	 6.171943e-01	 9.404121e-06	 2.768031e+00	 1.089765e+01	 
 4.991217e-02	 4.608243e-01	 6.168137e-01	 1.019172e-05	 2.732112e+00	 1.081670e+01	 
 5.058446e-02	 4.612835e-01	 6.153979e-01	 1.071666e-05	 2.713707e+00	 1.076453e+01	 
 1.518709e-01	 5.579124e-01	 3.730705e-01	 1.270940e-04	 1.063965e+02	 1.064504e+01	 
 1.512458e-01	 5.584986e-01	 3.732884e-01	 1.266466e-04	 1.081381e+02	 1.065358e+01	 
 1.524109e-01	 5.574069e-01	 3.728813e-01	 1.274802e-04	 1.048898e+02	 1.063802e+01	 
 1.520869e-01	 5.577107e-01	 3.729943e-01	 1.246959e-04	 1.059774e+02	 1.066243e+01	 
 1.534215e-01	 5.564579e-01	 3.725300e-01	 1.282040e-04	 1.020761e+02	 1.062588e+01	 
 1.512458e-01	 5.584986e-01	 3.732884e-01	 1.266466e-04	 1.081381e+02	 1.065358e+01	 
 1.633442e-01	 5.471535e-01	 3.690687e-01	 1.353062e-04	 7.442526e+01	 1.058310e+01	 
 1.633469e-01	 5.471461e-01	 3.690722e-01	 1.424313e-04	 7.391255e+01	 1.053183e+01	 
 1.633449e-01	 5.471517e-01	 3.690696e-01	 1.325930e-04	 7.462204e+01	 1.060337e+01	 
 1.648265e-01	 5.480258e-01	 3.660856e-01	 1.361143e-04	 8.108777e+01	 1.058109e+01	 
 1.620328e-01	 5.483812e-01	 3.695279e-01	 1.343683e-04	 7.808340e+01	 1.058035e+01	 
 1.633478e-01	 5.471438e-01	 3.690733e-01	 1.499289e-04	 7.337138e+01	 1.048055e+01	 
 1.925330e-01	 5.043756e-01	 3.722090e-01	 3.861119e-04	 9.380786e+01	 6.902502e+00	 
 1.987757e-01	 4.825350e-01	 3.851678e-01	 3.768220e-04	 9.253795e+01	 6.973492e+00	 
 1.987757e-01	 4.825350e-01	 3.851678e-01	 3.768220e-04	 9.253795e+01	 6.973492e+00	 
 1.949954e-01	 4.886510e-01	 3.840272e-01	 3.982024e-04	 1.070564e+02	 6.916378e+00	 
 1.955599e-01	 4.937857e-01	 3.784924e-01	 4.380214e-04	 8.630801e+01	 6.798048e+00	 
 1.925330e-01	 5.043756e-01	 3.722090e-01	 3.861119e-04	 9.380786e+01	 6.902502e+00	 
 8.067853e-02	 8.957114e-01	 1.400160e-01	 1.550914e-03	 5.263604e+00	 6.367348e+00	 
 7.540832e-02	 8.869251e-01	 1.547573e-01	 1.524819e-03	 5.996180e+01	 6.475290e+00	 
 8.214888e-02	 8.905674e-01	 1.430681e-01	 1.616425e-03	 1.382389e+01	 6.317734e+00	 
 8.139843e-02	 8.931928e-01	 1.415104e-01	 1.543417e-03	 4.626101e+00	 6.362799e+00	 
 8.139843e-02	 8.931928e-01	 1.415104e-01	 1.543417e-03	 4.626101e+00	 6.362799e+00	 
 1.223645e-01	 7.498683e-01	 2.265498e-01	 1.116815e-03	 3.165838e+01	 6.147008e+00	 
 4.915243e-02	 5.452462e-01	 5.076963e-01	 8.869108e-05	 1.294268e+02	 8.399361e+00	 
 3.322577e-02	 5.592334e-01	 5.138860e-01	 8.648381e-05	 1.345135e+02	 8.377389e+00	 
 5.342754e-02	 5.404435e-01	 5.070416e-01	 9.743272e-05	 1.291837e+02	 8.323726e+00	 
 6.447236e-02	 5.331368e-01	 5.001768e-01	 1.031542e-04	 1.408843e+02	 8.381763e+00	 
 2.222961e-02	 5.702093e-01	 5.170500e-01	 8.015374e-05	 1.241049e+02	 8.368986e+00	 
 4.915243e-02	 5.452462e-01	 5.076963e-01	 8.869108e-05	 1.294268e+02	 8.399361e+00	 
 3.818570e-04	 5.780768e-01	 5.373259e-01	 6.388781e-05	 8.704099e+01	 8.263921e+00	 
 7.377547e-03	 5.712934e-01	 5.352885e-01	 6.866467e-05	 8.059076e+01	 8.186885e+00	 
 1.168310e-03	 5.778859e-01	 5.366203e-01	 6.878097e-05	 7.915950e+01	 8.161301e+00	 
 2.532431e-03	 5.745886e-01	 5.381035e-01	 6.644011e-05	 8.352745e+01	 8.209994e+00	 
 5.418299e-03	 5.733285e-01	 5.357520e-01	 6.631337e-05	 8.052615e+01	 8.213807e+00	 
 9.188249e-03	 5.708647e-01	 5.333785e-01	 6.809809e-05	 8.457919e+01	 8.225661e+00	 
 2.029648e-01	 6.135860e-01	 2.007470e-01	 1.406455e-04	 7.871399e+01	 1.433151e+01	 
 1.808750e-01	 7.840188e-01	 5.251693e-02	 8.363341e-05	 4.967545e+01	 1.389305e+01	 
 1.817031e-01	 7.899478e-01	 4.568869e-02	 8.240989e-05	 5.293670e+01	 1.386815e+01	 
 2.026837e-01	 6.132560e-01	 2.015017e-01	 1.479639e-04	 7.474054e+01	 1.427998e+01	 
 2.026837e-01	 6.132560e-01	 2.015017e-01	 1.479639e-04	 7.474054e+01	 1.427998e+01	 
 2.023546e-01	 5.991595e-01	 2.157658e-01	 1.443260e-04	 7.740918e+01	 1.437073e+01	 
 2.023543e-01	 5.991622e-01	 2.157635e-01	 1.519209e-04	 7.719355e+01	 1.431944e+01	 
 1.805272e-01	 7.789529e-01	 5.775316e-02	 8.491194e-05	 5.293991e+01	 1.391959e+01	 
 2.026430e-01	 5.994945e-01	 2.149956e-01	 1.444089e-04	 8.126167e+01	 1.437097e+01	 
 1.803651e-01	 7.786961e-01	 5.825864e-02	 8.488299e-05	 5.067809e+01	 1.391958e+01	 
 2.023543e-01	 5.991622e-01	 2.157635e-01	 1.519209e-04	 7.719355e+01	 1.431944e+01	 
 2.044107e-01	 6.871875e-01	 1.266925e-01	 1.208431e-04	 6.198204e+01	 1.409630e+01	 
 