s	 e	 integralPartic	 alturaRetang	 metadePartic	 maximaPartic	 minimoPArtic	 alturaPartic	 p	 comparativoMet
79	 112	 1.314331e+04	 3.865680e+02	 2.101009e+02	 4.201390e+02	 6.285714e-02	 1.839916e+00	 1	 5.435031e-01	 
 79	 112	 1.314331e+04	 3.865680e+02	 2.101009e+02	 4.201390e+02	 6.285714e-02	 1.839916e+00	 1	 5.435031e-01	 
 79	 112	 1.314331e+04	 3.865680e+02	 2.101009e+02	 4.201390e+02	 6.285714e-02	 1.839916e+00	 1	 5.435031e-01	 
 79	 112	 1.314331e+04	 3.865680e+02	 2.101009e+02	 4.201390e+02	 6.285714e-02	 1.839916e+00	 1	 5.435031e-01	 
 79	 112	 1.314331e+04	 3.865680e+02	 2.101009e+02	 4.201390e+02	 6.285714e-02	 1.839916e+00	 1	 5.435031e-01	 
 79	 112	 1.314331e+04	 3.865680e+02	 2.101009e+02	 4.201390e+02	 6.285714e-02	 1.839916e+00	 1	 5.435031e-01	 
 79	 112	 1.314331e+04	 3.865680e+02	 2.101009e+02	 4.201390e+02	 6.285714e-02	 1.839916e+00	 1	 5.435031e-01	 
 79	 112	 1.314331e+04	 3.865680e+02	 2.101009e+02	 4.201390e+02	 6.285714e-02	 1.839916e+00	 1	 5.435031e-01	 
 79	 112	 1.314331e+04	 3.865680e+02	 2.101009e+02	 4.201390e+02	 6.285714e-02	 1.839916e+00	 1	 5.435031e-01	 
 79	 112	 1.314331e+04	 3.865680e+02	 2.101009e+02	 4.201390e+02	 6.285714e-02	 1.839916e+00	 1	 5.435031e-01	 
 