minimo	maximo	maximTot	minimTot	
1.317269e-02	 5.096621e+00	 2.084285e-03	 4.640135e-03	 
 1.317269e-02	 5.096621e+00	 3.986670e-01	 5.349070e-01	 
 1.317269e-02	 5.096621e+00	 3.347419e-01	 7.451747e-01	 
 1.317269e-02	 5.096621e+00	 2.309539e-02	 2.953859e-02	 
 2.784352e-05	 1.908900e+00	 3.477680e-03	 3.623321e-02	 
 2.784352e-05	 1.908900e+00	 3.986670e-01	 6.048595e-01	 
 2.784352e-05	 1.908900e+00	 3.986670e-01	 7.451747e-01	 
 2.784352e-05	 1.908900e+00	 2.361705e-02	 3.088190e-02	 
 6.833841e-05	 2.357940e+00	 6.098416e-03	 9.031024e-01	 
 6.833841e-05	 2.357940e+00	 3.986670e-01	 7.518543e-01	 
 6.833841e-05	 2.357940e+00	 3.986670e-01	 7.451747e-01	 
 6.833841e-05	 2.357940e+00	 2.128606e-02	 3.088190e-02	 
 3.692485e-04	 2.623167e+00	 1.146264e-02	 9.382180e-01	 
 3.692485e-04	 2.623167e+00	 4.363198e-01	 5.694550e-01	 
 3.692485e-04	 2.623167e+00	 4.234427e-01	 7.451747e-01	 
 3.692485e-04	 2.623167e+00	 2.128606e-02	 3.088190e-02	 
 1.390760e-04	 2.727793e+00	 3.477680e-03	 1.581497e-02	 
 1.390760e-04	 2.727793e+00	 5.044781e-01	 6.461824e-01	 
 1.390760e-04	 2.727793e+00	 4.234427e-01	 7.451747e-01	 
 1.390760e-04	 2.727793e+00	 2.309539e-02	 2.953859e-02	 
 1.687432e-02	 4.745656e+00	 1.936314e-03	 8.490989e-03	 
 1.687432e-02	 4.745656e+00	 3.986670e-01	 6.888491e-01	 
 1.687432e-02	 4.745656e+00	 3.986670e-01	 5.416737e-01	 
 1.687432e-02	 4.745656e+00	 2.309539e-02	 3.088190e-02	 
 1.384418e-04	 2.066026e+00	 1.102385e-02	 9.750237e-01	 
 1.384418e-04	 2.066026e+00	 3.986670e-01	 7.518543e-01	 
 1.384418e-04	 2.066026e+00	 3.347419e-01	 7.451747e-01	 
 1.384418e-04	 2.066026e+00	 2.288447e-02	 2.953859e-02	 
 1.227827e-04	 2.261399e+00	 7.770641e-03	 8.149175e-01	 
 1.227827e-04	 2.261399e+00	 3.986670e-01	 7.451747e-01	 
 1.227827e-04	 2.261399e+00	 3.347419e-01	 7.451747e-01	 
 1.227827e-04	 2.261399e+00	 2.128606e-02	 2.790704e-02	 
 5.478529e-05	 2.634107e+00	 1.581497e-02	 9.750237e-01	 
 5.478529e-05	 2.634107e+00	 4.070680e-01	 7.451747e-01	 
 5.478529e-05	 2.634107e+00	 3.347419e-01	 7.451747e-01	 
 5.478529e-05	 2.634107e+00	 2.311995e-02	 2.953859e-02	 
 2.900737e-04	 2.721710e+00	 3.623321e-02	 9.382180e-01	 
 2.900737e-04	 2.721710e+00	 3.986670e-01	 7.451747e-01	 
 2.900737e-04	 2.721710e+00	 3.986670e-01	 7.451747e-01	 
 2.900737e-04	 2.721710e+00	 2.309539e-02	 3.088190e-02	 
 1.281538e-04	 2.107390e+00	 3.623321e-02	 9.382180e-01	 
 2.231122e-03	 2.104512e+00	 1.146264e-02	 9.382180e-01	 
 1.928769e-03	 2.112565e+00	 1.346671e-02	 9.382180e-01	 
 2.238891e-04	 2.249313e+00	 1.581497e-02	 9.382180e-01	 
 1.526220e-03	 2.788769e+00	 8.797678e-02	 9.382180e-01	 
 4.561121e-04	 2.710347e+00	 3.623321e-02	 9.382180e-01	 
 1.975513e-04	 2.951015e+00	 3.623321e-02	 9.382180e-01	 
 6.134260e-04	 2.926520e+00	 3.623321e-02	 9.382180e-01	 
 4.628202e-04	 3.145183e+00	 3.623321e-02	 9.382180e-01	 
 5.645444e-05	 2.926806e+00	 3.623321e-02	 9.382180e-01	 
 8.671789e-04	 2.233528e+00	 3.623321e-02	 9.382180e-01	 
 1.294980e-03	 2.107795e+00	 3.623321e-02	 9.382180e-01	 
 1.031711e-03	 2.106650e+00	 3.623321e-02	 9.382180e-01	 
 2.693088e-04	 2.108250e+00	 3.623321e-02	 9.382180e-01	 
 4.931548e-04	 2.108335e+00	 3.623321e-02	 9.031024e-01	 
 1.281538e-04	 2.107390e+00	 3.623321e-02	 9.382180e-01	 
 4.369901e-04	 2.104874e+00	 3.492476e-03	 9.382180e-01	 
 3.768485e-04	 2.104880e+00	 3.477680e-03	 9.382180e-01	 
 6.018867e-04	 2.104852e+00	 5.009495e-03	 9.382180e-01	 
 2.865914e-04	 2.104892e+00	 4.197909e-03	 9.382180e-01	 
 3.722706e-04	 2.104827e+00	 6.786384e-03	 9.382180e-01	 
 2.993759e-04	 2.104890e+00	 4.755988e-03	 9.382180e-01	 
 1.069132e-04	 2.104772e+00	 5.063288e-03	 9.382180e-01	 
 2.549737e-04	 2.104900e+00	 4.820620e-03	 9.382180e-01	 
 3.915270e-04	 2.104753e+00	 5.889105e-03	 9.382180e-01	 
 2.243054e-05	 2.104817e+00	 7.220531e-03	 9.382180e-01	 
 5.839534e-04	 2.104833e+00	 6.098416e-03	 9.382180e-01	 
 2.177128e-04	 2.104904e+00	 7.271292e-03	 9.382180e-01	 
 2.686772e-04	 2.104654e+00	 6.996064e-03	 9.382180e-01	 
 2.076707e-03	 2.104497e+00	 8.490989e-03	 9.382180e-01	 
 1.385409e-03	 2.104743e+00	 7.770641e-03	 9.382180e-01	 
 5.532241e-04	 2.104665e+00	 8.345781e-03	 9.382180e-01	 
 1.438097e-04	 2.104621e+00	 1.033343e-02	 9.382180e-01	 
 9.728294e-04	 2.104683e+00	 9.026447e-03	 9.382180e-01	 
 1.701140e-04	 2.104639e+00	 1.102385e-02	 9.382180e-01	 
 2.231122e-03	 2.104512e+00	 1.146264e-02	 9.382180e-01	 
 1.928769e-03	 2.112565e+00	 1.346671e-02	 9.382180e-01	 
 2.238891e-04	 2.249313e+00	 1.581497e-02	 9.382180e-01	 
 4.931548e-04	 2.108335e+00	 3.623321e-02	 9.031024e-01	 
 1.281538e-04	 2.107390e+00	 3.623321e-02	 9.382180e-01	 
 5.839534e-04	 2.104833e+00	 6.098416e-03	 9.382180e-01	 
 2.177128e-04	 2.104904e+00	 7.271292e-03	 9.382180e-01	 
 2.686772e-04	 2.104654e+00	 6.996064e-03	 9.382180e-01	 
 2.076707e-03	 2.104497e+00	 8.490989e-03	 9.382180e-01	 
 1.385409e-03	 2.104743e+00	 7.770641e-03	 9.382180e-01	 
 5.532241e-04	 2.104665e+00	 8.345781e-03	 9.382180e-01	 
 1.438097e-04	 2.104621e+00	 1.033343e-02	 9.382180e-01	 
 9.728294e-04	 2.104683e+00	 9.026447e-03	 9.382180e-01	 
 1.701140e-04	 2.104639e+00	 1.102385e-02	 9.382180e-01	 
 2.231122e-03	 2.104512e+00	 1.146264e-02	 9.382180e-01	 
 1.928769e-03	 2.112565e+00	 1.346671e-02	 9.382180e-01	 
 2.238891e-04	 2.249313e+00	 1.581497e-02	 9.382180e-01	 
 4.931548e-04	 2.108335e+00	 3.623321e-02	 9.031024e-01	 
 1.281538e-04	 2.107390e+00	 3.623321e-02	 9.382180e-01	 
 5.839534e-04	 2.104833e+00	 6.098416e-03	 9.382180e-01	 
 2.177128e-04	 2.104904e+00	 7.271292e-03	 9.382180e-01	 
 2.686772e-04	 2.104654e+00	 6.996064e-03	 9.382180e-01	 
 2.076707e-03	 2.104497e+00	 8.490989e-03	 9.382180e-01	 
 1.385409e-03	 2.104743e+00	 7.770641e-03	 9.382180e-01	 
 5.532241e-04	 2.104665e+00	 8.345781e-03	 9.382180e-01	 
 1.438097e-04	 2.104621e+00	 1.033343e-02	 9.382180e-01	 
 9.728294e-04	 2.104683e+00	 9.026447e-03	 9.382180e-01	 
 1.701140e-04	 2.104639e+00	 1.102385e-02	 9.382180e-01	 
 2.231122e-03	 2.104512e+00	 1.146264e-02	 9.382180e-01	 
 1.928769e-03	 2.112565e+00	 1.346671e-02	 9.382180e-01	 
 2.238891e-04	 2.249313e+00	 1.581497e-02	 9.382180e-01	 
 1.526220e-03	 2.788769e+00	 8.797678e-02	 9.382180e-01	 
 4.561121e-04	 2.710347e+00	 3.623321e-02	 9.382180e-01	 
 1.975513e-04	 2.951015e+00	 3.623321e-02	 9.382180e-01	 
 6.134260e-04	 2.926520e+00	 3.623321e-02	 9.382180e-01	 
 4.628202e-04	 3.145183e+00	 3.623321e-02	 9.382180e-01	 
 5.645444e-05	 2.926806e+00	 3.623321e-02	 9.382180e-01	 
 8.671789e-04	 2.233528e+00	 3.623321e-02	 9.382180e-01	 
 1.294980e-03	 2.107795e+00	 3.623321e-02	 9.382180e-01	 
 1.031711e-03	 2.106650e+00	 3.623321e-02	 9.382180e-01	 
 2.693088e-04	 2.108250e+00	 3.623321e-02	 9.382180e-01	 
 4.931548e-04	 2.108335e+00	 3.623321e-02	 9.031024e-01	 
 1.281538e-04	 2.107390e+00	 3.623321e-02	 9.382180e-01	 
 4.369901e-04	 2.104874e+00	 3.492476e-03	 9.382180e-01	 
 3.768485e-04	 2.104880e+00	 3.477680e-03	 9.382180e-01	 
 6.018867e-04	 2.104852e+00	 5.009495e-03	 9.382180e-01	 
 2.865914e-04	 2.104892e+00	 4.197909e-03	 9.382180e-01	 
 3.722706e-04	 2.104827e+00	 6.786384e-03	 9.382180e-01	 
 2.993759e-04	 2.104890e+00	 4.755988e-03	 9.382180e-01	 
 1.069132e-04	 2.104772e+00	 5.063288e-03	 9.382180e-01	 
 2.549737e-04	 2.104900e+00	 4.820620e-03	 9.382180e-01	 
 3.915270e-04	 2.104753e+00	 5.889105e-03	 9.382180e-01	 
 2.243054e-05	 2.104817e+00	 7.220531e-03	 9.382180e-01	 
 5.839534e-04	 2.104833e+00	 6.098416e-03	 9.382180e-01	 
 2.177128e-04	 2.104904e+00	 7.271292e-03	 9.382180e-01	 
 2.686772e-04	 2.104654e+00	 6.996064e-03	 9.382180e-01	 
 2.076707e-03	 2.104497e+00	 8.490989e-03	 9.382180e-01	 
 1.385409e-03	 2.104743e+00	 7.770641e-03	 9.382180e-01	 
 5.532241e-04	 2.104665e+00	 8.345781e-03	 9.382180e-01	 
 1.438097e-04	 2.104621e+00	 1.033343e-02	 9.382180e-01	 
 9.728294e-04	 2.104683e+00	 9.026447e-03	 9.382180e-01	 
 1.701140e-04	 2.104639e+00	 1.102385e-02	 9.382180e-01	 
 2.231122e-03	 2.104512e+00	 1.146264e-02	 9.382180e-01	 
 1.928769e-03	 2.112565e+00	 1.346671e-02	 9.382180e-01	 
 2.238891e-04	 2.249313e+00	 1.581497e-02	 9.382180e-01	 
 4.561121e-04	 2.710347e+00	 3.623321e-02	 9.382180e-01	 
 1.975513e-04	 2.951015e+00	 3.623321e-02	 9.382180e-01	 
 6.134260e-04	 2.926520e+00	 3.623321e-02	 9.382180e-01	 
 4.628202e-04	 3.145183e+00	 3.623321e-02	 9.382180e-01	 
 5.645444e-05	 2.926806e+00	 3.623321e-02	 9.382180e-01	 
 8.671789e-04	 2.233528e+00	 3.623321e-02	 9.382180e-01	 
 1.294980e-03	 2.107795e+00	 3.623321e-02	 9.382180e-01	 
 1.031711e-03	 2.106650e+00	 3.623321e-02	 9.382180e-01	 
 2.693088e-04	 2.108250e+00	 3.623321e-02	 9.382180e-01	 
 4.931548e-04	 2.108335e+00	 3.623321e-02	 9.031024e-01	 
 1.281538e-04	 2.107390e+00	 3.623321e-02	 9.382180e-01	 
 3.346442e-04	 2.104826e+00	 4.365050e-03	 9.382180e-01	 
 4.369901e-04	 2.104874e+00	 3.492476e-03	 9.382180e-01	 
 3.768485e-04	 2.104880e+00	 3.477680e-03	 9.382180e-01	 
 6.018867e-04	 2.104852e+00	 5.009495e-03	 9.382180e-01	 
 2.865914e-04	 2.104892e+00	 4.197909e-03	 9.382180e-01	 
 3.722706e-04	 2.104827e+00	 6.786384e-03	 9.382180e-01	 
 2.993759e-04	 2.104890e+00	 4.755988e-03	 9.382180e-01	 
 1.069132e-04	 2.104772e+00	 5.063288e-03	 9.382180e-01	 
 2.549737e-04	 2.104900e+00	 4.820620e-03	 9.382180e-01	 
 3.915270e-04	 2.104753e+00	 5.889105e-03	 9.382180e-01	 
 2.243054e-05	 2.104817e+00	 7.220531e-03	 9.382180e-01	 
 5.839534e-04	 2.104833e+00	 6.098416e-03	 9.382180e-01	 
 2.177128e-04	 2.104904e+00	 7.271292e-03	 9.382180e-01	 
 2.686772e-04	 2.104654e+00	 6.996064e-03	 9.382180e-01	 
 2.076707e-03	 2.104497e+00	 8.490989e-03	 9.382180e-01	 
 1.385409e-03	 2.104743e+00	 7.770641e-03	 9.382180e-01	 
 5.532241e-04	 2.104665e+00	 8.345781e-03	 9.382180e-01	 
 1.438097e-04	 2.104621e+00	 1.033343e-02	 9.382180e-01	 
 9.728294e-04	 2.104683e+00	 9.026447e-03	 9.382180e-01	 
 1.701140e-04	 2.104639e+00	 1.102385e-02	 9.382180e-01	 
 2.231122e-03	 2.104512e+00	 1.146264e-02	 9.382180e-01	 
 1.928769e-03	 2.112565e+00	 1.346671e-02	 9.382180e-01	 
 2.238891e-04	 2.249313e+00	 1.581497e-02	 9.382180e-01	 
 1.526220e-03	 2.788769e+00	 8.797678e-02	 9.382180e-01	 
 4.561121e-04	 2.710347e+00	 3.623321e-02	 9.382180e-01	 
 1.975513e-04	 2.951015e+00	 3.623321e-02	 9.382180e-01	 
 6.134260e-04	 2.926520e+00	 3.623321e-02	 9.382180e-01	 
 4.628202e-04	 3.145183e+00	 3.623321e-02	 9.382180e-01	 
 5.645444e-05	 2.926806e+00	 3.623321e-02	 9.382180e-01	 
 8.671789e-04	 2.233528e+00	 3.623321e-02	 9.382180e-01	 
 1.294980e-03	 2.107795e+00	 3.623321e-02	 9.382180e-01	 
 1.031711e-03	 2.106650e+00	 3.623321e-02	 9.382180e-01	 
 2.693088e-04	 2.108250e+00	 3.623321e-02	 9.382180e-01	 
 4.931548e-04	 2.108335e+00	 3.623321e-02	 9.031024e-01	 
 1.281538e-04	 2.107390e+00	 3.623321e-02	 9.382180e-01	 
 3.720733e-04	 2.104920e+00	 2.783298e-03	 9.382180e-01	 
 1.130874e-04	 2.104950e+00	 3.253825e-03	 9.382180e-01	 
 7.136322e-04	 2.104869e+00	 3.036805e-03	 9.382180e-01	 
 4.810186e-05	 2.104968e+00	 1.936314e-03	 9.382180e-01	 
 8.086210e-04	 2.104856e+00	 3.355302e-03	 9.382180e-01	 
 7.432133e-04	 2.104860e+00	 2.804672e-03	 9.382180e-01	 
 1.850295e-04	 2.104926e+00	 3.159544e-03	 9.382180e-01	 
 5.233518e-04	 2.104879e+00	 3.152250e-03	 9.382180e-01	 
 3.287567e-05	 2.104952e+00	 3.767663e-03	 9.382180e-01	 
 7.352635e-04	 2.104849e+00	 4.640135e-03	 9.382180e-01	 
 5.508894e-04	 2.104872e+00	 3.235534e-03	 9.382180e-01	 
 2.598638e-04	 2.104745e+00	 3.999390e-03	 9.382180e-01	 
 6.766956e-04	 2.104852e+00	 2.084285e-03	 9.382180e-01	 
 3.732210e-04	 2.104787e+00	 4.035765e-03	 9.382180e-01	 
 3.544047e-06	 2.104935e+00	 3.025286e-03	 9.382180e-01	 
 6.289786e-04	 2.104852e+00	 3.822336e-03	 9.382180e-01	 
 1.632921e-04	 2.104948e+00	 3.648156e-03	 9.382180e-01	 
 3.500277e-04	 2.104881e+00	 3.948829e-03	 9.382180e-01	 
 4.727599e-04	 2.104797e+00	 4.198377e-03	 9.382180e-01	 
 3.346442e-04	 2.104826e+00	 4.365050e-03	 9.382180e-01	 
 4.369901e-04	 2.104874e+00	 3.492476e-03	 9.382180e-01	 
 3.768485e-04	 2.104880e+00	 3.477680e-03	 9.382180e-01	 
 6.018867e-04	 2.104852e+00	 5.009495e-03	 9.382180e-01	 
 2.865914e-04	 2.104892e+00	 4.197909e-03	 9.382180e-01	 
 3.722706e-04	 2.104827e+00	 6.786384e-03	 9.382180e-01	 
 2.993759e-04	 2.104890e+00	 4.755988e-03	 9.382180e-01	 
 1.069132e-04	 2.104772e+00	 5.063288e-03	 9.382180e-01	 
 2.549737e-04	 2.104900e+00	 4.820620e-03	 9.382180e-01	 
 3.915270e-04	 2.104753e+00	 5.889105e-03	 9.382180e-01	 
 2.243054e-05	 2.104817e+00	 7.220531e-03	 9.382180e-01	 
 5.839534e-04	 2.104833e+00	 6.098416e-03	 9.382180e-01	 
 2.177128e-04	 2.104904e+00	 7.271292e-03	 9.382180e-01	 
 2.686772e-04	 2.104654e+00	 6.996064e-03	 9.382180e-01	 
 2.076707e-03	 2.104497e+00	 8.490989e-03	 9.382180e-01	 
 1.385409e-03	 2.104743e+00	 7.770641e-03	 9.382180e-01	 
 4.931548e-04	 2.108335e+00	 3.623321e-02	 9.031024e-01	 
 1.281538e-04	 2.107390e+00	 3.623321e-02	 9.382180e-01	 
 5.839534e-04	 2.104833e+00	 6.098416e-03	 9.382180e-01	 
 2.177128e-04	 2.104904e+00	 7.271292e-03	 9.382180e-01	 
 2.686772e-04	 2.104654e+00	 6.996064e-03	 9.382180e-01	 
 2.076707e-03	 2.104497e+00	 8.490989e-03	 9.382180e-01	 
 1.385409e-03	 2.104743e+00	 7.770641e-03	 9.382180e-01	 
 5.532241e-04	 2.104665e+00	 8.345781e-03	 9.382180e-01	 
 1.438097e-04	 2.104621e+00	 1.033343e-02	 9.382180e-01	 
 9.728294e-04	 2.104683e+00	 9.026447e-03	 9.382180e-01	 
 1.701140e-04	 2.104639e+00	 1.102385e-02	 9.382180e-01	 
 2.231122e-03	 2.104512e+00	 1.146264e-02	 9.382180e-01	 
 1.928769e-03	 2.112565e+00	 1.346671e-02	 9.382180e-01	 
 2.238891e-04	 2.249313e+00	 1.581497e-02	 9.382180e-01	 
 1.294980e-03	 2.107795e+00	 3.623321e-02	 9.382180e-01	 
 1.031711e-03	 2.106650e+00	 3.623321e-02	 9.382180e-01	 
 2.693088e-04	 2.108250e+00	 3.623321e-02	 9.382180e-01	 
 4.931548e-04	 2.108335e+00	 3.623321e-02	 9.031024e-01	 
 1.281538e-04	 2.107390e+00	 3.623321e-02	 9.382180e-01	 
 2.076707e-03	 2.104497e+00	 8.490989e-03	 9.382180e-01	 
 1.385409e-03	 2.104743e+00	 7.770641e-03	 9.382180e-01	 
 5.532241e-04	 2.104665e+00	 8.345781e-03	 9.382180e-01	 
 1.438097e-04	 2.104621e+00	 1.033343e-02	 9.382180e-01	 
 9.728294e-04	 2.104683e+00	 9.026447e-03	 9.382180e-01	 
 1.701140e-04	 2.104639e+00	 1.102385e-02	 9.382180e-01	 
 2.231122e-03	 2.104512e+00	 1.146264e-02	 9.382180e-01	 
 1.928769e-03	 2.112565e+00	 1.346671e-02	 9.382180e-01	 
 2.238891e-04	 2.249313e+00	 1.581497e-02	 9.382180e-01	 
 