8.824881e-01	 -1.418325e-04	 -2.658220e-01	 3.150100e-01	 3.559973e+01	 3.560337e+01	 3.644480e-03	 0	 3.182760e+02	 1.169537e-01	 1.012279e-01	 2.814146e-01	 1.750137e-01	 
 7.356875e-01	 4.048132e-04	 3.496269e-01	 -8.745967e-02	 4.163870e+01	 4.164944e+01	 1.073871e-02	 0	 9.055416e+03	 9.598026e-03	 9.733589e-03	 6.035033e-01	 2.731914e-02	 
 7.974132e-01	 -1.544258e-03	 6.060163e-01	 -3.480292e-01	 2.000305e+01	 2.000168e+01	 1.368765e-03	 0	 9.614056e+01	 7.838716e-02	 4.513122e-01	 5.085438e-01	 6.893210e-02	 
 3.043185e-01	 3.291948e-03	 4.433693e-01	 2.001347e-01	 1.869130e+01	 1.872384e+01	 3.253843e-02	 1	 2.882993e+02	 8.641450e-02	 6.635503e-02	 4.918091e-01	 8.056216e-02	 
 5.347581e-01	 3.101945e-03	 6.318529e-01	 -1.705355e-01	 4.892583e+01	 4.894216e+01	 1.632775e-02	 0	 1.323857e+04	 1.277029e-02	 1.050272e-01	 2.336772e-01	 1.108653e-01	 
 -4.778063e+01	 1.068959e-02	 1.545694e+01	 3.330089e+01	 1.929550e+01	 1.938944e+01	 9.394212e-02	 0	 6.005681e+04	 4.305877e-02	 3.963331e-02	 6.239007e-01	 2.615689e-01	 
 1.882042e-01	 1.915520e-03	 4.460011e-01	 3.261837e-01	 2.581080e+01	 2.577183e+01	 3.896541e-02	 1	 1.978378e+03	 5.062510e-02	 3.904786e-02	 7.159141e-01	 4.745055e-02	 
 4.056998e-01	 -4.741518e-04	 8.864896e-01	 -2.917179e-01	 1.950658e+01	 1.948355e+01	 2.302943e-02	 0	 1.445419e+05	 4.108746e-04	 5.419777e-03	 3.288122e-01	 8.940888e-02	 
 1.999341e+00	 1.681278e-02	 -7.216083e-01	 -3.188321e-01	 2.818353e+01	 2.802156e+01	 1.619669e-01	 0	 4.048161e+03	 4.061388e-02	 3.280150e-02	 8.030981e-01	 1.710860e-01	 
 -1.026473e+00	 -1.387171e-02	 4.636085e-01	 1.566682e+00	 1.433172e+01	 1.432721e+01	 4.504439e-03	 0	 1.810955e+03	 3.218465e-02	 3.035080e-02	 5.791393e-01	 1.109322e-01	 
 -1.026473e+00	 -1.387171e-02	 4.636085e-01	 1.566682e+00	 1.433172e+01	 1.432721e+01	 4.504439e-03	 0	 1.810955e+03	 3.218465e-02	 3.035080e-02	 5.791393e-01	 1.109322e-01	 
 -1.026473e+00	 -1.387171e-02	 4.636085e-01	 1.566682e+00	 1.433172e+01	 1.432721e+01	 4.504439e-03	 0	 1.810955e+03	 3.218465e-02	 3.035080e-02	 5.791393e-01	 1.109322e-01	 
 -1.026473e+00	 -1.387171e-02	 4.636085e-01	 1.566682e+00	 1.433172e+01	 1.432721e+01	 4.504439e-03	 0	 1.810955e+03	 3.218465e-02	 3.035080e-02	 5.791393e-01	 1.109322e-01	 
 -1.026473e+00	 -1.387171e-02	 4.636085e-01	 1.566682e+00	 1.433172e+01	 1.432721e+01	 4.504439e-03	 0	 1.810955e+03	 3.218465e-02	 3.035080e-02	 5.791393e-01	 1.109322e-01	 
 7.974132e-01	 -1.544258e-03	 6.060163e-01	 -3.480292e-01	 2.000305e+01	 2.000168e+01	 1.368765e-03	 0	 9.614056e+01	 7.838716e-02	 4.513122e-01	 5.085438e-01	 6.893210e-02	 
 7.974132e-01	 -1.544258e-03	 6.060163e-01	 -3.480292e-01	 2.000305e+01	 2.000168e+01	 1.368765e-03	 0	 9.614056e+01	 7.838716e-02	 4.513122e-01	 5.085438e-01	 6.893210e-02	 
 -1.026473e+00	 -1.387171e-02	 4.636085e-01	 1.566682e+00	 1.433172e+01	 1.432721e+01	 4.504439e-03	 0	 1.810955e+03	 3.218465e-02	 3.035080e-02	 5.791393e-01	 1.109322e-01	 
 -1.026473e+00	 -1.387171e-02	 4.636085e-01	 1.566682e+00	 1.433172e+01	 1.432721e+01	 4.504439e-03	 0	 1.810955e+03	 3.218465e-02	 3.035080e-02	 5.791393e-01	 1.109322e-01	 
 -1.026473e+00	 -1.387171e-02	 4.636085e-01	 1.566682e+00	 1.433172e+01	 1.432721e+01	 4.504439e-03	 0	 1.810955e+03	 3.218465e-02	 3.035080e-02	 5.791393e-01	 1.109322e-01	 
 -1.026473e+00	 -1.387171e-02	 4.636085e-01	 1.566682e+00	 1.433172e+01	 1.432721e+01	 4.504439e-03	 0	 1.810955e+03	 3.218465e-02	 3.035080e-02	 5.791393e-01	 1.109322e-01	 
 1.999341e+00	 1.681278e-02	 -7.216083e-01	 -3.188321e-01	 2.818353e+01	 2.802156e+01	 1.619669e-01	 0	 4.048161e+03	 4.061388e-02	 3.280150e-02	 8.030981e-01	 1.710860e-01	 
 1.999341e+00	 1.681278e-02	 -7.216083e-01	 -3.188321e-01	 2.818353e+01	 2.802156e+01	 1.619669e-01	 0	 4.048161e+03	 4.061388e-02	 3.280150e-02	 8.030981e-01	 1.710860e-01	 
 -1.026473e+00	 -1.387171e-02	 4.636085e-01	 1.566682e+00	 1.433172e+01	 1.432721e+01	 4.504439e-03	 0	 1.810955e+03	 3.218465e-02	 3.035080e-02	 5.791393e-01	 1.109322e-01	 
 1.216800e-01	 4.692777e-04	 4.333914e-01	 4.062724e-01	 2.578752e+01	 2.577183e+01	 1.569192e-02	 1	 1.756112e+03	 4.866497e-02	 3.902450e-02	 7.447095e-01	 4.679921e-02	 
 1.064076e-01	 5.303541e-05	 4.301080e-01	 4.250798e-01	 2.578057e+01	 2.577183e+01	 8.741216e-03	 1	 1.826766e+03	 4.667099e-02	 3.901319e-02	 7.526127e-01	 4.937869e-02	 
 -1.026473e+00	 -1.387171e-02	 4.636085e-01	 1.566682e+00	 1.433172e+01	 1.432721e+01	 4.504439e-03	 0	 1.810955e+03	 3.218465e-02	 3.035080e-02	 5.791393e-01	 1.109322e-01	 
 1.999341e+00	 1.681278e-02	 -7.216083e-01	 -3.188321e-01	 2.818353e+01	 2.802156e+01	 1.619669e-01	 0	 4.048161e+03	 4.061388e-02	 3.280150e-02	 8.030981e-01	 1.710860e-01	 
 1.999341e+00	 1.681278e-02	 -7.216083e-01	 -3.188321e-01	 2.818353e+01	 2.802156e+01	 1.619669e-01	 0	 4.048161e+03	 4.061388e-02	 3.280150e-02	 8.030981e-01	 1.710860e-01	 
 -1.026473e+00	 -1.387171e-02	 4.636085e-01	 1.566682e+00	 1.433172e+01	 1.432721e+01	 4.504439e-03	 0	 1.810955e+03	 3.218465e-02	 3.035080e-02	 5.791393e-01	 1.109322e-01	 
 7.356875e-01	 4.048132e-04	 3.496269e-01	 -8.745967e-02	 4.163870e+01	 4.164944e+01	 1.073871e-02	 0	 9.055416e+03	 9.598026e-03	 9.733589e-03	 6.035033e-01	 2.731914e-02	 
 7.356875e-01	 4.048132e-04	 3.496269e-01	 -8.745967e-02	 4.163870e+01	 4.164944e+01	 1.073871e-02	 0	 9.055416e+03	 9.598026e-03	 9.733589e-03	 6.035033e-01	 2.731914e-02	 
 -1.026473e+00	 -1.387171e-02	 4.636085e-01	 1.566682e+00	 1.433172e+01	 1.432721e+01	 4.504439e-03	 0	 1.810955e+03	 3.218465e-02	 3.035080e-02	 5.791393e-01	 1.109322e-01	 
 5.025376e-01	 3.898394e-03	 3.286465e-01	 1.417699e-01	 4.902621e+01	 4.894216e+01	 8.404541e-02	 1	 2.079359e+03	 1.073359e-01	 1.004447e-01	 1.844189e-01	 1.065084e-01	 
 4.500827e-01	 4.702810e-04	 3.704996e-01	 1.549388e-01	 4.895570e+01	 4.894216e+01	 1.354117e-02	 1	 2.057867e+03	 1.032310e-01	 1.002993e-01	 1.904716e-01	 1.064959e-01	 
 -1.026473e+00	 -1.387171e-02	 4.636085e-01	 1.566682e+00	 1.433172e+01	 1.432721e+01	 4.504439e-03	 0	 1.810955e+03	 3.218465e-02	 3.035080e-02	 5.791393e-01	 1.109322e-01	 
 -1.026473e+00	 -1.387171e-02	 4.636085e-01	 1.566682e+00	 1.433172e+01	 1.432721e+01	 4.504439e-03	 0	 1.810955e+03	 3.218465e-02	 3.035080e-02	 5.791393e-01	 1.109322e-01	 
 -1.026473e+00	 -1.387171e-02	 4.636085e-01	 1.566682e+00	 1.433172e+01	 1.432721e+01	 4.504439e-03	 0	 1.810955e+03	 3.218465e-02	 3.035080e-02	 5.791393e-01	 1.109322e-01	 
 -1.026473e+00	 -1.387171e-02	 4.636085e-01	 1.566682e+00	 1.433172e+01	 1.432721e+01	 4.504439e-03	 0	 1.810955e+03	 3.218465e-02	 3.035080e-02	 5.791393e-01	 1.109322e-01	 
 -1.026473e+00	 -1.387171e-02	 4.636085e-01	 1.566682e+00	 1.433172e+01	 1.432721e+01	 4.504439e-03	 0	 1.810955e+03	 3.218465e-02	 3.035080e-02	 5.791393e-01	 1.109322e-01	 
 -1.026473e+00	 -1.387171e-02	 4.636085e-01	 1.566682e+00	 1.433172e+01	 1.432721e+01	 4.504439e-03	 0	 1.810955e+03	 3.218465e-02	 3.035080e-02	 5.791393e-01	 1.109322e-01	 
 