s	 e	 nS	 nE	 p	 f
0	 0	 0	 0	 0	 0	 
 77	 93	 1920	 95	 1	 -1825	 
 77	 93	 1920	 96	 1	 -1824	 
 77	 93	 1920	 98	 1	 -1822	 
 77	 93	 1920	 95	 1	 -1825	 
 77	 93	 1920	 101	 1	 -1819	 
 77	 93	 1920	 96	 1	 -1824	 
 77	 93	 1920	 95	 1	 -1825	 
 77	 93	 1920	 101	 1	 -1819	 
 77	 93	 1920	 95	 1	 -1825	 
 77	 93	 1920	 98	 1	 -1822	 
 77	 93	 1920	 99	 1	 -1821	 
 77	 93	 1920	 101	 1	 -1819	 
 77	 93	 1920	 101	 1	 -1819	 
 77	 93	 1920	 95	 1	 -1825	 
 77	 93	 1920	 99	 1	 -1821	 
 77	 93	 1920	 100	 1	 -1820	 
 77	 93	 1920	 97	 1	 -1823	 
 77	 93	 1920	 101	 1	 -1819	 
 77	 93	 1920	 101	 1	 -1819	 
 77	 93	 1920	 98	 1	 -1822	 
 77	 93	 1920	 102	 1	 -1818	 
 77	 93	 1920	 95	 1	 -1825	 
 77	 93	 1920	 97	 1	 -1823	 
 77	 93	 1920	 102	 1	 -1818	 
 77	 93	 1920	 94	 1	 -1826	 
 77	 93	 1920	 100	 1	 -1820	 
 77	 93	 1920	 99	 1	 -1821	 
 77	 93	 1920	 102	 1	 -1818	 
 77	 93	 1920	 99	 1	 -1821	 
 77	 93	 1920	 98	 1	 -1822	 
 77	 93	 1920	 98	 1	 -1822	 
 77	 93	 1920	 97	 1	 -1823	 
 77	 93	 1920	 100	 1	 -1820	 
 77	 93	 1920	 95	 1	 -1825	 
 77	 93	 1920	 102	 1	 -1818	 
 77	 93	 1920	 102	 1	 -1818	 
 77	 93	 1920	 99	 1	 -1821	 
 77	 93	 1920	 100	 1	 -1820	 
 77	 93	 1920	 102	 1	 -1818	 
 77	 93	 1920	 96	 1	 -1824	 
 77	 93	 1920	 94	 1	 -1826	 
 77	 93	 1920	 99	 1	 -1821	 
 77	 93	 1920	 94	 1	 -1826	 
 77	 93	 1920	 98	 1	 -1822	 
 77	 93	 1920	 98	 1	 -1822	 
 77	 93	 1920	 97	 1	 -1823	 
 77	 93	 1920	 95	 1	 -1825	 
 77	 93	 1920	 94	 1	 -1826	 
 77	 93	 1920	 100	 1	 -1820	 
 77	 93	 1920	 94	 1	 -1826	 
 77	 93	 1920	 97	 1	 -1823	 
 77	 93	 1920	 101	 1	 -1819	 
 77	 93	 1920	 101	 1	 -1819	 
 77	 93	 1920	 100	 1	 -1820	 
 77	 93	 1920	 100	 1	 -1820	 
 77	 93	 1920	 100	 1	 -1820	 
 77	 93	 1920	 99	 1	 -1821	 
 77	 93	 1920	 102	 1	 -1818	 
 77	 93	 1920	 101	 1	 -1819	 
 77	 93	 1920	 100	 1	 -1820	 
 77	 93	 1920	 101	 1	 -1819	 
 77	 93	 1920	 98	 1	 -1822	 
 77	 93	 1920	 96	 1	 -1824	 
 77	 93	 1920	 100	 1	 -1820	 
 77	 93	 1920	 100	 1	 -1820	 
 77	 93	 1920	 102	 1	 -1818	 
 77	 93	 1920	 99	 1	 -1821	 
 77	 93	 1920	 96	 1	 -1824	 
 77	 93	 1920	 102	 1	 -1818	 
 77	 93	 1920	 100	 1	 -1820	 
 77	 93	 1920	 100	 1	 -1820	 
 77	 93	 1920	 95	 1	 -1825	 
 77	 93	 1920	 98	 1	 -1822	 
 77	 93	 1920	 98	 1	 -1822	 
 77	 93	 1920	 100	 1	 -1820	 
 77	 93	 1920	 98	 1	 -1822	 
 77	 93	 1920	 94	 1	 -1826	 
 77	 93	 1920	 99	 1	 -1821	 
 77	 93	 1920	 97	 1	 -1823	 
 77	 93	 1920	 97	 1	 -1823	 
 77	 93	 1920	 97	 1	 -1823	 
 77	 93	 1920	 99	 1	 -1821	 
 77	 93	 1920	 101	 1	 -1819	 
 77	 93	 1920	 97	 1	 -1823	 
 77	 93	 1920	 95	 1	 -1825	 
 77	 93	 1920	 100	 1	 -1820	 
 77	 93	 1920	 97	 1	 -1823	 
 77	 93	 1920	 97	 1	 -1823	 
 77	 93	 1920	 95	 1	 -1825	 
 77	 93	 1920	 100	 1	 -1820	 
 77	 93	 1920	 98	 1	 -1822	 
 77	 93	 1920	 96	 1	 -1824	 
 77	 93	 1920	 102	 1	 -1818	 
 77	 93	 1920	 94	 1	 -1826	 
 77	 93	 1920	 96	 1	 -1824	 
 77	 93	 1920	 97	 1	 -1823	 
 77	 93	 1920	 94	 1	 -1826	 
 77	 93	 1920	 101	 1	 -1819	 
 77	 93	 1920	 96	 1	 -1824	 
 0	 0	 0	 0	 0	 0	 
 0	 0	 0	 0	 0	 0	 
 72	 112	 1920	 120	 0	 -1800	 
 72	 112	 1920	 122	 0	 -1798	 
 72	 112	 1920	 127	 0	 -1793	 
 72	 112	 1920	 127	 0	 -1793	 
 72	 112	 1920	 114	 0	 -1806	 
 72	 112	 1920	 113	 0	 -1807	 
 72	 112	 1920	 122	 0	 -1798	 
 72	 112	 1920	 127	 0	 -1793	 
 72	 112	 1920	 121	 0	 -1799	 
 72	 112	 1920	 124	 0	 -1796	 
 72	 112	 1920	 125	 0	 -1795	 
 72	 112	 1920	 117	 0	 -1803	 
 72	 112	 1920	 133	 0	 -1787	 
 72	 112	 1920	 114	 0	 -1806	 
 72	 112	 1920	 117	 0	 -1803	 
 72	 112	 1920	 123	 0	 -1797	 
 72	 112	 1920	 122	 0	 -1798	 
 72	 112	 1920	 130	 0	 -1790	 
 72	 112	 1920	 132	 0	 -1788	 
 72	 112	 1920	 126	 0	 -1794	 
 72	 112	 1920	 118	 0	 -1802	 
 72	 112	 1920	 122	 0	 -1798	 
 72	 112	 1920	 131	 0	 -1789	 
 72	 112	 1920	 119	 0	 -1801	 
 72	 112	 1920	 123	 0	 -1797	 
 72	 112	 1920	 126	 0	 -1794	 
 72	 112	 1920	 125	 0	 -1795	 
 72	 112	 1920	 121	 0	 -1799	 
 72	 112	 1920	 130	 0	 -1790	 
 72	 112	 1920	 133	 0	 -1787	 
 72	 112	 1920	 127	 0	 -1793	 
 72	 112	 1920	 133	 0	 -1787	 
 72	 112	 1920	 131	 0	 -1789	 
 72	 112	 1920	 132	 0	 -1788	 
 72	 112	 1920	 114	 0	 -1806	 
 72	 112	 1920	 128	 0	 -1792	 
 72	 112	 1920	 120	 0	 -1800	 
 72	 112	 1920	 118	 0	 -1802	 
 72	 112	 1920	 117	 0	 -1803	 
 72	 112	 1920	 125	 0	 -1795	 
 72	 112	 1920	 115	 0	 -1805	 
 72	 112	 1920	 114	 0	 -1806	 
 72	 112	 1920	 128	 0	 -1792	 
 72	 112	 1920	 117	 0	 -1803	 
 72	 112	 1920	 116	 0	 -1804	 
 72	 112	 1920	 129	 0	 -1791	 
 72	 112	 1920	 131	 0	 -1789	 
 72	 112	 1920	 120	 0	 -1800	 
 72	 112	 1920	 132	 0	 -1788	 
 72	 112	 1920	 127	 0	 -1793	 
 72	 112	 1920	 126	 0	 -1794	 
 72	 112	 1920	 121	 0	 -1799	 
 72	 112	 1920	 124	 0	 -1796	 
 72	 112	 1920	 121	 0	 -1799	 
 72	 112	 1920	 116	 0	 -1804	 
 72	 112	 1920	 115	 0	 -1805	 
 72	 112	 1920	 120	 0	 -1800	 
 72	 112	 1920	 118	 0	 -1802	 
 72	 112	 1920	 116	 0	 -1804	 
 72	 112	 1920	 117	 0	 -1803	 
 72	 112	 1920	 125	 0	 -1795	 
 72	 112	 1920	 122	 0	 -1798	 
 72	 112	 1920	 124	 0	 -1796	 
 72	 112	 1920	 132	 0	 -1788	 
 72	 112	 1920	 114	 0	 -1806	 
 72	 112	 1920	 114	 0	 -1806	 
 72	 112	 1920	 120	 0	 -1800	 
 72	 112	 1920	 124	 0	 -1796	 
 72	 112	 1920	 117	 0	 -1803	 
 72	 112	 1920	 127	 0	 -1793	 
 72	 112	 1920	 118	 0	 -1802	 
 72	 112	 1920	 121	 0	 -1799	 
 72	 112	 1920	 129	 0	 -1791	 
 72	 112	 1920	 115	 0	 -1805	 
 72	 112	 1920	 116	 0	 -1804	 
 72	 112	 1920	 125	 0	 -1795	 
 72	 112	 1920	 125	 0	 -1795	 
 72	 112	 1920	 119	 0	 -1801	 
 72	 112	 1920	 129	 0	 -1791	 
 72	 112	 1920	 124	 0	 -1796	 
 72	 112	 1920	 122	 0	 -1798	 
 72	 112	 1920	 117	 0	 -1803	 
 72	 112	 1920	 122	 0	 -1798	 
 72	 112	 1920	 129	 0	 -1791	 
 72	 112	 1920	 121	 0	 -1799	 
 72	 112	 1920	 123	 0	 -1797	 
 72	 112	 1920	 122	 0	 -1798	 
 72	 112	 1920	 118	 0	 -1802	 
 72	 112	 1920	 124	 0	 -1796	 
 72	 112	 1920	 120	 0	 -1800	 
 72	 112	 1920	 115	 0	 -1805	 
 72	 112	 1920	 131	 0	 -1789	 
 72	 112	 1920	 116	 0	 -1804	 
 72	 112	 1920	 133	 0	 -1787	 
 72	 112	 1920	 130	 0	 -1790	 
 72	 112	 1920	 126	 0	 -1794	 
 72	 112	 1920	 119	 0	 -1801	 
 72	 112	 1920	 117	 0	 -1803	 
 72	 112	 1920	 118	 0	 -1802	 
 0	 0	 0	 0	 0	 0	 
 0	 0	 0	 0	 0	 0	 
 77	 93	 1920	 99	 1	 -1821	 
 77	 93	 1920	 95	 1	 -1825	 
 77	 93	 1920	 97	 1	 -1823	 
 77	 93	 1920	 100	 1	 -1820	 
 77	 93	 1920	 102	 1	 -1818	 
 77	 93	 1920	 95	 1	 -1825	 
 77	 93	 1920	 99	 1	 -1821	 
 77	 93	 1920	 94	 1	 -1826	 
 77	 93	 1920	 100	 1	 -1820	 
 77	 93	 1920	 101	 1	 -1819	 
 77	 93	 1920	 97	 1	 -1823	 
 77	 93	 1920	 98	 1	 -1822	 
 77	 93	 1920	 101	 1	 -1819	 
 77	 93	 1920	 96	 1	 -1824	 
 77	 93	 1920	 98	 1	 -1822	 
 77	 93	 1920	 94	 1	 -1826	 
 77	 93	 1920	 94	 1	 -1826	 
 77	 93	 1920	 100	 1	 -1820	 
 77	 93	 1920	 98	 1	 -1822	 
 77	 93	 1920	 99	 1	 -1821	 
 77	 93	 1920	 96	 1	 -1824	 
 77	 93	 1920	 100	 1	 -1820	 
 77	 93	 1920	 99	 1	 -1821	 
 77	 93	 1920	 97	 1	 -1823	 
 77	 93	 1920	 95	 1	 -1825	 
 77	 93	 1920	 97	 1	 -1823	 
 77	 93	 1920	 101	 1	 -1819	 
 77	 93	 1920	 96	 1	 -1824	 
 77	 93	 1920	 101	 1	 -1819	 
 77	 93	 1920	 101	 1	 -1819	 
 77	 93	 1920	 100	 1	 -1820	 
 77	 93	 1920	 97	 1	 -1823	 
 77	 93	 1920	 95	 1	 -1825	 
 77	 93	 1920	 100	 1	 -1820	 
 77	 93	 1920	 101	 1	 -1819	 
 77	 93	 1920	 101	 1	 -1819	 
 77	 93	 1920	 95	 1	 -1825	 
 77	 93	 1920	 96	 1	 -1824	 
 77	 93	 1920	 94	 1	 -1826	 
 77	 93	 1920	 95	 1	 -1825	 
 77	 93	 1920	 96	 1	 -1824	 
 77	 93	 1920	 99	 1	 -1821	 
 77	 93	 1920	 99	 1	 -1821	 
 77	 93	 1920	 99	 1	 -1821	 
 77	 93	 1920	 102	 1	 -1818	 
 77	 93	 1920	 97	 1	 -1823	 
 77	 93	 1920	 99	 1	 -1821	 
 77	 93	 1920	 97	 1	 -1823	 
 77	 93	 1920	 102	 1	 -1818	 
 77	 93	 1920	 99	 1	 -1821	 
 77	 93	 1920	 97	 1	 -1823	 
 77	 93	 1920	 100	 1	 -1820	 
 77	 93	 1920	 96	 1	 -1824	 
 77	 93	 1920	 96	 1	 -1824	 
 77	 93	 1920	 99	 1	 -1821	 
 77	 93	 1920	 95	 1	 -1825	 
 77	 93	 1920	 99	 1	 -1821	 
 77	 93	 1920	 98	 1	 -1822	 
 77	 93	 1920	 100	 1	 -1820	 
 77	 93	 1920	 94	 1	 -1826	 
 77	 93	 1920	 102	 1	 -1818	 
 77	 93	 1920	 94	 1	 -1826	 
 77	 93	 1920	 102	 1	 -1818	 
 77	 93	 1920	 95	 1	 -1825	 
 77	 93	 1920	 101	 1	 -1819	 
 77	 93	 1920	 101	 1	 -1819	 
 77	 93	 1920	 98	 1	 -1822	 
 77	 93	 1920	 100	 1	 -1820	 
 77	 93	 1920	 94	 1	 -1826	 
 77	 93	 1920	 101	 1	 -1819	 
 77	 93	 1920	 100	 1	 -1820	 
 77	 93	 1920	 95	 1	 -1825	 
 77	 93	 1920	 95	 1	 -1825	 
 77	 93	 1920	 98	 1	 -1822	 
 77	 93	 1920	 101	 1	 -1819	 
 77	 93	 1920	 100	 1	 -1820	 
 77	 93	 1920	 98	 1	 -1822	 
 77	 93	 1920	 97	 1	 -1823	 
 77	 93	 1920	 95	 1	 -1825	 
 77	 93	 1920	 97	 1	 -1823	 
 77	 93	 1920	 98	 1	 -1822	 
 77	 93	 1920	 95	 1	 -1825	 
 77	 93	 1920	 101	 1	 -1819	 
 77	 93	 1920	 94	 1	 -1826	 
 77	 93	 1920	 102	 1	 -1818	 
 77	 93	 1920	 95	 1	 -1825	 
 77	 93	 1920	 100	 1	 -1820	 
 77	 93	 1920	 101	 1	 -1819	 
 77	 93	 1920	 100	 1	 -1820	 
 77	 93	 1920	 98	 1	 -1822	 
 77	 93	 1920	 99	 1	 -1821	 
 77	 93	 1920	 99	 1	 -1821	 
 77	 93	 1920	 98	 1	 -1822	 
 77	 93	 1920	 99	 1	 -1821	 
 77	 93	 1920	 102	 1	 -1818	 
 77	 93	 1920	 95	 1	 -1825	 
 77	 93	 1920	 98	 1	 -1822	 
 77	 93	 1920	 94	 1	 -1826	 
 77	 93	 1920	 99	 1	 -1821	 
 0	 0	 0	 0	 0	 0	 
 0	 0	 0	 0	 0	 0	 
 77	 93	 1920	 98	 1	 -1822	 
 77	 93	 1920	 94	 1	 -1826	 
 77	 93	 1920	 101	 1	 -1819	 
 77	 93	 1920	 100	 1	 -1820	 
 77	 93	 1920	 95	 1	 -1825	 
 77	 93	 1920	 97	 1	 -1823	 
 77	 93	 1920	 102	 1	 -1818	 
 77	 93	 1920	 94	 1	 -1826	 
 77	 93	 1920	 97	 1	 -1823	 
 77	 93	 1920	 98	 1	 -1822	 
 77	 93	 1920	 96	 1	 -1824	 
 77	 93	 1920	 100	 1	 -1820	 
 77	 93	 1920	 94	 1	 -1826	 
 77	 93	 1920	 102	 1	 -1818	 
 77	 93	 1920	 96	 1	 -1824	 
 77	 93	 1920	 100	 1	 -1820	 
 77	 93	 1920	 101	 1	 -1819	 
 77	 93	 1920	 94	 1	 -1826	 
 77	 93	 1920	 101	 1	 -1819	 
 77	 93	 1920	 96	 1	 -1824	 
 77	 93	 1920	 94	 1	 -1826	 
 77	 93	 1920	 94	 1	 -1826	 
 77	 93	 1920	 96	 1	 -1824	 
 77	 93	 1920	 100	 1	 -1820	 
 77	 93	 1920	 102	 1	 -1818	 
 77	 93	 1920	 97	 1	 -1823	 
 77	 93	 1920	 96	 1	 -1824	 
 77	 93	 1920	 98	 1	 -1822	 
 77	 93	 1920	 99	 1	 -1821	 
 77	 93	 1920	 99	 1	 -1821	 
 77	 93	 1920	 94	 1	 -1826	 
 77	 93	 1920	 94	 1	 -1826	 
 77	 93	 1920	 99	 1	 -1821	 
 77	 93	 1920	 96	 1	 -1824	 
 77	 93	 1920	 94	 1	 -1826	 
 77	 93	 1920	 96	 1	 -1824	 
 77	 93	 1920	 96	 1	 -1824	 
 77	 93	 1920	 102	 1	 -1818	 
 77	 93	 1920	 96	 1	 -1824	 
 77	 93	 1920	 97	 1	 -1823	 
 77	 93	 1920	 102	 1	 -1818	 
 77	 93	 1920	 98	 1	 -1822	 
 77	 93	 1920	 94	 1	 -1826	 
 77	 93	 1920	 96	 1	 -1824	 
 77	 93	 1920	 101	 1	 -1819	 
 77	 93	 1920	 97	 1	 -1823	 
 77	 93	 1920	 101	 1	 -1819	 
 77	 93	 1920	 99	 1	 -1821	 
 77	 93	 1920	 100	 1	 -1820	 
 77	 93	 1920	 102	 1	 -1818	 
 77	 93	 1920	 98	 1	 -1822	 
 77	 93	 1920	 96	 1	 -1824	 
 77	 93	 1920	 94	 1	 -1826	 
 77	 93	 1920	 97	 1	 -1823	 
 77	 93	 1920	 96	 1	 -1824	 
 77	 93	 1920	 98	 1	 -1822	 
 77	 93	 1920	 100	 1	 -1820	 
 77	 93	 1920	 95	 1	 -1825	 
 77	 93	 1920	 95	 1	 -1825	 
 77	 93	 1920	 101	 1	 -1819	 
 77	 93	 1920	 95	 1	 -1825	 
 77	 93	 1920	 100	 1	 -1820	 
 77	 93	 1920	 100	 1	 -1820	 
 77	 93	 1920	 98	 1	 -1822	 
 77	 93	 1920	 94	 1	 -1826	 
 77	 93	 1920	 99	 1	 -1821	 
 77	 93	 1920	 101	 1	 -1819	 
 77	 93	 1920	 100	 1	 -1820	 
 77	 93	 1920	 99	 1	 -1821	 
 77	 93	 1920	 100	 1	 -1820	 
 77	 93	 1920	 94	 1	 -1826	 
 77	 93	 1920	 100	 1	 -1820	 
 77	 93	 1920	 99	 1	 -1821	 
 77	 93	 1920	 100	 1	 -1820	 
 77	 93	 1920	 94	 1	 -1826	 
 77	 93	 1920	 98	 1	 -1822	 
 77	 93	 1920	 95	 1	 -1825	 
 77	 93	 1920	 98	 1	 -1822	 
 77	 93	 1920	 95	 1	 -1825	 
 77	 93	 1920	 97	 1	 -1823	 
 77	 93	 1920	 97	 1	 -1823	 
 77	 93	 1920	 97	 1	 -1823	 
 77	 93	 1920	 98	 1	 -1822	 
 77	 93	 1920	 94	 1	 -1826	 
 77	 93	 1920	 94	 1	 -1826	 
 77	 93	 1920	 98	 1	 -1822	 
 77	 93	 1920	 98	 1	 -1822	 
 77	 93	 1920	 96	 1	 -1824	 
 77	 93	 1920	 100	 1	 -1820	 
 77	 93	 1920	 95	 1	 -1825	 
 77	 93	 1920	 100	 1	 -1820	 
 77	 93	 1920	 98	 1	 -1822	 
 77	 93	 1920	 101	 1	 -1819	 
 77	 93	 1920	 101	 1	 -1819	 
 77	 93	 1920	 102	 1	 -1818	 
 77	 93	 1920	 96	 1	 -1824	 
 77	 93	 1920	 95	 1	 -1825	 
 77	 93	 1920	 100	 1	 -1820	 
 77	 93	 1920	 99	 1	 -1821	 
 0	 0	 0	 0	 0	 0	 
 0	 0	 0	 0	 0	 0	 
 77	 93	 1920	 95	 1	 -1825	 
 77	 93	 1920	 102	 1	 -1818	 
 77	 93	 1920	 95	 1	 -1825	 
 77	 93	 1920	 98	 1	 -1822	 
 77	 93	 1920	 96	 1	 -1824	 
 77	 93	 1920	 96	 1	 -1824	 
 77	 93	 1920	 101	 1	 -1819	 
 77	 93	 1920	 95	 1	 -1825	 
 77	 93	 1920	 95	 1	 -1825	 
 77	 93	 1920	 100	 1	 -1820	 
 77	 93	 1920	 97	 1	 -1823	 
 77	 93	 1920	 96	 1	 -1824	 
 77	 93	 1920	 94	 1	 -1826	 
 77	 93	 1920	 100	 1	 -1820	 
 77	 93	 1920	 98	 1	 -1822	 
 77	 93	 1920	 99	 1	 -1821	 
 77	 93	 1920	 96	 1	 -1824	 
 77	 93	 1920	 94	 1	 -1826	 
 77	 93	 1920	 99	 1	 -1821	 
 77	 93	 1920	 101	 1	 -1819	 
 77	 93	 1920	 101	 1	 -1819	 
 77	 93	 1920	 99	 1	 -1821	 
 77	 93	 1920	 102	 1	 -1818	 
 77	 93	 1920	 98	 1	 -1822	 
 77	 93	 1920	 100	 1	 -1820	 
 77	 93	 1920	 95	 1	 -1825	 
 77	 93	 1920	 100	 1	 -1820	 
 77	 93	 1920	 100	 1	 -1820	 
 77	 93	 1920	 99	 1	 -1821	 
 77	 93	 1920	 101	 1	 -1819	 
 77	 93	 1920	 97	 1	 -1823	 
 77	 93	 1920	 99	 1	 -1821	 
 77	 93	 1920	 96	 1	 -1824	 
 77	 93	 1920	 100	 1	 -1820	 
 77	 93	 1920	 99	 1	 -1821	 
 77	 93	 1920	 101	 1	 -1819	 
 77	 93	 1920	 96	 1	 -1824	 
 77	 93	 1920	 96	 1	 -1824	 
 77	 93	 1920	 95	 1	 -1825	 
 77	 93	 1920	 97	 1	 -1823	 
 77	 93	 1920	 102	 1	 -1818	 
 77	 93	 1920	 96	 1	 -1824	 
 77	 93	 1920	 96	 1	 -1824	 
 77	 93	 1920	 94	 1	 -1826	 
 77	 93	 1920	 99	 1	 -1821	 
 77	 93	 1920	 100	 1	 -1820	 
 77	 93	 1920	 99	 1	 -1821	 
 77	 93	 1920	 95	 1	 -1825	 
 77	 93	 1920	 101	 1	 -1819	 
 77	 93	 1920	 94	 1	 -1826	 
 77	 93	 1920	 98	 1	 -1822	 
 77	 93	 1920	 96	 1	 -1824	 
 77	 93	 1920	 100	 1	 -1820	 
 77	 93	 1920	 98	 1	 -1822	 
 77	 93	 1920	 95	 1	 -1825	 
 77	 93	 1920	 98	 1	 -1822	 
 77	 93	 1920	 99	 1	 -1821	 
 77	 93	 1920	 96	 1	 -1824	 
 77	 93	 1920	 98	 1	 -1822	 
 77	 93	 1920	 94	 1	 -1826	 
 77	 93	 1920	 94	 1	 -1826	 
 77	 93	 1920	 97	 1	 -1823	 
 77	 93	 1920	 98	 1	 -1822	 
 77	 93	 1920	 98	 1	 -1822	 
 77	 93	 1920	 100	 1	 -1820	 
 77	 93	 1920	 97	 1	 -1823	 
 77	 93	 1920	 95	 1	 -1825	 
 77	 93	 1920	 100	 1	 -1820	 
 77	 93	 1920	 102	 1	 -1818	 
 77	 93	 1920	 102	 1	 -1818	 
 77	 93	 1920	 94	 1	 -1826	 
 77	 93	 1920	 102	 1	 -1818	 
 77	 93	 1920	 98	 1	 -1822	 
 77	 93	 1920	 99	 1	 -1821	 
 77	 93	 1920	 102	 1	 -1818	 
 77	 93	 1920	 101	 1	 -1819	 
 77	 93	 1920	 100	 1	 -1820	 
 77	 93	 1920	 99	 1	 -1821	 
 77	 93	 1920	 99	 1	 -1821	 
 77	 93	 1920	 98	 1	 -1822	 
 77	 93	 1920	 102	 1	 -1818	 
 77	 93	 1920	 97	 1	 -1823	 
 77	 93	 1920	 96	 1	 -1824	 
 77	 93	 1920	 97	 1	 -1823	 
 77	 93	 1920	 99	 1	 -1821	 
 77	 93	 1920	 99	 1	 -1821	 
 77	 93	 1920	 102	 1	 -1818	 
 77	 93	 1920	 97	 1	 -1823	 
 77	 93	 1920	 101	 1	 -1819	 
 77	 93	 1920	 97	 1	 -1823	 
 77	 93	 1920	 96	 1	 -1824	 
 77	 93	 1920	 102	 1	 -1818	 
 77	 93	 1920	 97	 1	 -1823	 
 77	 93	 1920	 96	 1	 -1824	 
 77	 93	 1920	 98	 1	 -1822	 
 77	 93	 1920	 97	 1	 -1823	 
 77	 93	 1920	 94	 1	 -1826	 
 77	 93	 1920	 101	 1	 -1819	 
 77	 93	 1920	 96	 1	 -1824	 
 0	 0	 0	 0	 0	 0	 
 0	 0	 0	 0	 0	 0	 
 72	 91	 1920	 96	 0	 -1824	 
 72	 91	 1920	 99	 0	 -1821	 
 72	 91	 1920	 98	 0	 -1822	 
 72	 91	 1920	 99	 0	 -1821	 
 72	 91	 1920	 93	 0	 -1827	 
 72	 91	 1920	 97	 0	 -1823	 
 72	 91	 1920	 92	 0	 -1828	 
 72	 91	 1920	 93	 0	 -1827	 
 72	 91	 1920	 97	 0	 -1823	 
 72	 91	 1920	 99	 0	 -1821	 
 72	 91	 1920	 94	 0	 -1826	 
 72	 91	 1920	 93	 0	 -1827	 
 72	 91	 1920	 96	 0	 -1824	 
 72	 91	 1920	 94	 0	 -1826	 
 72	 91	 1920	 99	 0	 -1821	 
 72	 91	 1920	 92	 0	 -1828	 
 72	 91	 1920	 95	 0	 -1825	 
 72	 91	 1920	 92	 0	 -1828	 
 72	 91	 1920	 94	 0	 -1826	 
 72	 91	 1920	 92	 0	 -1828	 
 72	 91	 1920	 93	 0	 -1827	 
 72	 91	 1920	 100	 0	 -1820	 
 72	 91	 1920	 96	 0	 -1824	 
 72	 91	 1920	 98	 0	 -1822	 
 72	 91	 1920	 92	 0	 -1828	 
 72	 91	 1920	 94	 0	 -1826	 
 72	 91	 1920	 99	 0	 -1821	 
 72	 91	 1920	 97	 0	 -1823	 
 72	 91	 1920	 98	 0	 -1822	 
 72	 91	 1920	 100	 0	 -1820	 
 72	 91	 1920	 101	 0	 -1819	 
 72	 91	 1920	 93	 0	 -1827	 
 72	 91	 1920	 94	 0	 -1826	 
 72	 91	 1920	 97	 0	 -1823	 
 72	 91	 1920	 98	 0	 -1822	 
 72	 91	 1920	 99	 0	 -1821	 
 72	 91	 1920	 100	 0	 -1820	 
 72	 91	 1920	 96	 0	 -1824	 
 72	 91	 1920	 92	 0	 -1828	 
 72	 91	 1920	 94	 0	 -1826	 
 72	 91	 1920	 93	 0	 -1827	 
 72	 91	 1920	 100	 0	 -1820	 
 72	 91	 1920	 100	 0	 -1820	 
 72	 91	 1920	 97	 0	 -1823	 
 72	 91	 1920	 92	 0	 -1828	 
 72	 91	 1920	 95	 0	 -1825	 
 72	 91	 1920	 97	 0	 -1823	 
 72	 91	 1920	 97	 0	 -1823	 
 72	 91	 1920	 94	 0	 -1826	 
 72	 91	 1920	 98	 0	 -1822	 
 72	 91	 1920	 95	 0	 -1825	 
 72	 91	 1920	 95	 0	 -1825	 
 72	 91	 1920	 97	 0	 -1823	 
 72	 91	 1920	 92	 0	 -1828	 
 72	 91	 1920	 92	 0	 -1828	 
 72	 91	 1920	 101	 0	 -1819	 
 72	 91	 1920	 99	 0	 -1821	 
 72	 91	 1920	 100	 0	 -1820	 
 72	 91	 1920	 95	 0	 -1825	 
 72	 91	 1920	 96	 0	 -1824	 
 72	 91	 1920	 98	 0	 -1822	 
 72	 91	 1920	 94	 0	 -1826	 
 72	 91	 1920	 97	 0	 -1823	 
 72	 91	 1920	 100	 0	 -1820	 
 72	 91	 1920	 92	 0	 -1828	 
 72	 91	 1920	 95	 0	 -1825	 
 72	 91	 1920	 95	 0	 -1825	 
 72	 91	 1920	 101	 0	 -1819	 
 72	 91	 1920	 100	 0	 -1820	 
 72	 91	 1920	 99	 0	 -1821	 
 72	 91	 1920	 95	 0	 -1825	 
 72	 91	 1920	 101	 0	 -1819	 
 72	 91	 1920	 99	 0	 -1821	 
 72	 91	 1920	 100	 0	 -1820	 
 72	 91	 1920	 100	 0	 -1820	 
 72	 91	 1920	 101	 0	 -1819	 
 72	 91	 1920	 93	 0	 -1827	 
 72	 91	 1920	 97	 0	 -1823	 
 72	 91	 1920	 97	 0	 -1823	 
 72	 91	 1920	 93	 0	 -1827	 
 72	 91	 1920	 92	 0	 -1828	 
 72	 91	 1920	 98	 0	 -1822	 
 72	 91	 1920	 92	 0	 -1828	 
 72	 91	 1920	 99	 0	 -1821	 
 72	 91	 1920	 99	 0	 -1821	 
 72	 91	 1920	 92	 0	 -1828	 
 72	 91	 1920	 100	 0	 -1820	 
 72	 91	 1920	 101	 0	 -1819	 
 72	 91	 1920	 99	 0	 -1821	 
 72	 91	 1920	 98	 0	 -1822	 
 72	 91	 1920	 97	 0	 -1823	 
 72	 91	 1920	 97	 0	 -1823	 
 72	 91	 1920	 101	 0	 -1819	 
 72	 91	 1920	 94	 0	 -1826	 
 72	 91	 1920	 94	 0	 -1826	 
 72	 91	 1920	 97	 0	 -1823	 
 72	 91	 1920	 98	 0	 -1822	 
 72	 91	 1920	 99	 0	 -1821	 
 72	 91	 1920	 96	 0	 -1824	 
 0	 0	 0	 0	 0	 0	 
 0	 0	 0	 0	 0	 0	 
 77	 93	 1920	 100	 1	 -1820	 
 77	 93	 1920	 96	 1	 -1824	 
 77	 93	 1920	 96	 1	 -1824	 
 77	 93	 1920	 94	 1	 -1826	 
 77	 93	 1920	 101	 1	 -1819	 
 77	 93	 1920	 96	 1	 -1824	 
 77	 93	 1920	 98	 1	 -1822	 
 77	 93	 1920	 100	 1	 -1820	 
 77	 93	 1920	 97	 1	 -1823	 
 77	 93	 1920	 96	 1	 -1824	 
 77	 93	 1920	 99	 1	 -1821	 
 77	 93	 1920	 97	 1	 -1823	 
 77	 93	 1920	 96	 1	 -1824	 
 77	 93	 1920	 94	 1	 -1826	 
 77	 93	 1920	 98	 1	 -1822	 
 77	 93	 1920	 100	 1	 -1820	 
 77	 93	 1920	 101	 1	 -1819	 
 77	 93	 1920	 100	 1	 -1820	 
 77	 93	 1920	 100	 1	 -1820	 
 77	 93	 1920	 101	 1	 -1819	 
 77	 93	 1920	 95	 1	 -1825	 
 77	 93	 1920	 99	 1	 -1821	 
 77	 93	 1920	 101	 1	 -1819	 
 77	 93	 1920	 102	 1	 -1818	 
 77	 93	 1920	 101	 1	 -1819	 
 77	 93	 1920	 99	 1	 -1821	 
 77	 93	 1920	 94	 1	 -1826	 
 77	 93	 1920	 101	 1	 -1819	 
 77	 93	 1920	 94	 1	 -1826	 
 77	 93	 1920	 95	 1	 -1825	 
 77	 93	 1920	 100	 1	 -1820	 
 77	 93	 1920	 101	 1	 -1819	 
 77	 93	 1920	 94	 1	 -1826	 
 77	 93	 1920	 95	 1	 -1825	 
 77	 93	 1920	 98	 1	 -1822	 
 77	 93	 1920	 99	 1	 -1821	 
 77	 93	 1920	 102	 1	 -1818	 
 77	 93	 1920	 99	 1	 -1821	 
 77	 93	 1920	 102	 1	 -1818	 
 77	 93	 1920	 101	 1	 -1819	 
 77	 93	 1920	 94	 1	 -1826	 
 77	 93	 1920	 95	 1	 -1825	 
 77	 93	 1920	 99	 1	 -1821	 
 77	 93	 1920	 95	 1	 -1825	 
 77	 93	 1920	 96	 1	 -1824	 
 77	 93	 1920	 99	 1	 -1821	 
 77	 93	 1920	 100	 1	 -1820	 
 77	 93	 1920	 96	 1	 -1824	 
 77	 93	 1920	 98	 1	 -1822	 
 77	 93	 1920	 101	 1	 -1819	 
 77	 93	 1920	 95	 1	 -1825	 
 77	 93	 1920	 102	 1	 -1818	 
 77	 93	 1920	 98	 1	 -1822	 
 77	 93	 1920	 100	 1	 -1820	 
 77	 93	 1920	 95	 1	 -1825	 
 77	 93	 1920	 98	 1	 -1822	 
 77	 93	 1920	 96	 1	 -1824	 
 77	 93	 1920	 100	 1	 -1820	 
 77	 93	 1920	 101	 1	 -1819	 
 77	 93	 1920	 95	 1	 -1825	 
 77	 93	 1920	 102	 1	 -1818	 
 77	 93	 1920	 100	 1	 -1820	 
 77	 93	 1920	 99	 1	 -1821	 
 77	 93	 1920	 97	 1	 -1823	 
 77	 93	 1920	 99	 1	 -1821	 
 77	 93	 1920	 94	 1	 -1826	 
 77	 93	 1920	 94	 1	 -1826	 
 77	 93	 1920	 94	 1	 -1826	 
 77	 93	 1920	 94	 1	 -1826	 
 77	 93	 1920	 98	 1	 -1822	 
 77	 93	 1920	 94	 1	 -1826	 
 77	 93	 1920	 96	 1	 -1824	 
 77	 93	 1920	 96	 1	 -1824	 
 77	 93	 1920	 97	 1	 -1823	 
 77	 93	 1920	 95	 1	 -1825	 
 77	 93	 1920	 96	 1	 -1824	 
 77	 93	 1920	 100	 1	 -1820	 
 77	 93	 1920	 100	 1	 -1820	 
 77	 93	 1920	 100	 1	 -1820	 
 77	 93	 1920	 95	 1	 -1825	 
 77	 93	 1920	 94	 1	 -1826	 
 77	 93	 1920	 99	 1	 -1821	 
 77	 93	 1920	 96	 1	 -1824	 
 77	 93	 1920	 95	 1	 -1825	 
 77	 93	 1920	 102	 1	 -1818	 
 77	 93	 1920	 101	 1	 -1819	 
 77	 93	 1920	 101	 1	 -1819	 
 77	 93	 1920	 94	 1	 -1826	 
 77	 93	 1920	 100	 1	 -1820	 
 77	 93	 1920	 100	 1	 -1820	 
 77	 93	 1920	 100	 1	 -1820	 
 77	 93	 1920	 96	 1	 -1824	 
 77	 93	 1920	 101	 1	 -1819	 
 77	 93	 1920	 97	 1	 -1823	 
 77	 93	 1920	 101	 1	 -1819	 
 77	 93	 1920	 101	 1	 -1819	 
 77	 93	 1920	 101	 1	 -1819	 
 77	 93	 1920	 100	 1	 -1820	 
 77	 93	 1920	 99	 1	 -1821	 
 0	 0	 0	 0	 0	 0	 
 0	 0	 0	 0	 0	 0	 
 72	 91	 1920	 96	 0	 -1824	 
 72	 91	 1920	 98	 0	 -1822	 
 72	 91	 1920	 98	 0	 -1822	 
 72	 91	 1920	 96	 0	 -1824	 
 72	 91	 1920	 97	 0	 -1823	 
 72	 91	 1920	 101	 0	 -1819	 
 72	 91	 1920	 98	 0	 -1822	 
 72	 91	 1920	 93	 0	 -1827	 
 72	 91	 1920	 94	 0	 -1826	 
 72	 91	 1920	 92	 0	 -1828	 
 72	 91	 1920	 101	 0	 -1819	 
 72	 91	 1920	 97	 0	 -1823	 
 72	 91	 1920	 98	 0	 -1822	 
 72	 91	 1920	 95	 0	 -1825	 
 72	 91	 1920	 98	 0	 -1822	 
 72	 91	 1920	 100	 0	 -1820	 
 72	 91	 1920	 99	 0	 -1821	 
 72	 91	 1920	 100	 0	 -1820	 
 72	 91	 1920	 92	 0	 -1828	 
 72	 91	 1920	 97	 0	 -1823	 
 72	 91	 1920	 100	 0	 -1820	 
 72	 91	 1920	 100	 0	 -1820	 
 72	 91	 1920	 99	 0	 -1821	 
 72	 91	 1920	 92	 0	 -1828	 
 72	 91	 1920	 100	 0	 -1820	 
 72	 91	 1920	 99	 0	 -1821	 
 72	 91	 1920	 96	 0	 -1824	 
 72	 91	 1920	 95	 0	 -1825	 
 72	 91	 1920	 96	 0	 -1824	 
 72	 91	 1920	 92	 0	 -1828	 
 72	 91	 1920	 93	 0	 -1827	 
 72	 91	 1920	 94	 0	 -1826	 
 72	 91	 1920	 93	 0	 -1827	 
 72	 91	 1920	 99	 0	 -1821	 
 72	 91	 1920	 94	 0	 -1826	 
 72	 91	 1920	 101	 0	 -1819	 
 72	 91	 1920	 92	 0	 -1828	 
 72	 91	 1920	 97	 0	 -1823	 
 72	 91	 1920	 97	 0	 -1823	 
 72	 91	 1920	 92	 0	 -1828	 
 72	 91	 1920	 98	 0	 -1822	 
 72	 91	 1920	 97	 0	 -1823	 
 72	 91	 1920	 99	 0	 -1821	 
 72	 91	 1920	 96	 0	 -1824	 
 72	 91	 1920	 100	 0	 -1820	 
 72	 91	 1920	 96	 0	 -1824	 
 72	 91	 1920	 98	 0	 -1822	 
 72	 91	 1920	 98	 0	 -1822	 
 72	 91	 1920	 98	 0	 -1822	 
 72	 91	 1920	 97	 0	 -1823	 
 72	 91	 1920	 97	 0	 -1823	 
 72	 91	 1920	 97	 0	 -1823	 
 72	 91	 1920	 92	 0	 -1828	 
 72	 91	 1920	 92	 0	 -1828	 
 72	 91	 1920	 99	 0	 -1821	 
 72	 91	 1920	 101	 0	 -1819	 
 72	 91	 1920	 94	 0	 -1826	 
 72	 91	 1920	 94	 0	 -1826	 
 72	 91	 1920	 92	 0	 -1828	 
 72	 91	 1920	 93	 0	 -1827	 
 72	 91	 1920	 97	 0	 -1823	 
 72	 91	 1920	 101	 0	 -1819	 
 72	 91	 1920	 100	 0	 -1820	 
 72	 91	 1920	 96	 0	 -1824	 
 72	 91	 1920	 98	 0	 -1822	 
 72	 91	 1920	 97	 0	 -1823	 
 72	 91	 1920	 99	 0	 -1821	 
 72	 91	 1920	 94	 0	 -1826	 
 72	 91	 1920	 94	 0	 -1826	 
 72	 91	 1920	 97	 0	 -1823	 
 72	 91	 1920	 98	 0	 -1822	 
 72	 91	 1920	 96	 0	 -1824	 
 72	 91	 1920	 94	 0	 -1826	 
 72	 91	 1920	 94	 0	 -1826	 
 72	 91	 1920	 98	 0	 -1822	 
 72	 91	 1920	 93	 0	 -1827	 
 72	 91	 1920	 100	 0	 -1820	 
 72	 91	 1920	 100	 0	 -1820	 
 72	 91	 1920	 100	 0	 -1820	 
 72	 91	 1920	 95	 0	 -1825	 
 72	 91	 1920	 98	 0	 -1822	 
 72	 91	 1920	 95	 0	 -1825	 
 72	 91	 1920	 101	 0	 -1819	 
 72	 91	 1920	 99	 0	 -1821	 
 72	 91	 1920	 96	 0	 -1824	 
 72	 91	 1920	 99	 0	 -1821	 
 72	 91	 1920	 96	 0	 -1824	 
 72	 91	 1920	 97	 0	 -1823	 
 72	 91	 1920	 99	 0	 -1821	 
 72	 91	 1920	 94	 0	 -1826	 
 72	 91	 1920	 95	 0	 -1825	 
 72	 91	 1920	 96	 0	 -1824	 
 72	 91	 1920	 96	 0	 -1824	 
 72	 91	 1920	 95	 0	 -1825	 
 72	 91	 1920	 97	 0	 -1823	 
 72	 91	 1920	 95	 0	 -1825	 
 72	 91	 1920	 95	 0	 -1825	 
 72	 91	 1920	 97	 0	 -1823	 
 72	 91	 1920	 98	 0	 -1822	 
 0	 0	 0	 0	 0	 0	 
 0	 0	 0	 0	 0	 0	 
 77	 93	 1920	 94	 1	 -1826	 
 77	 93	 1920	 95	 1	 -1825	 
 77	 93	 1920	 94	 1	 -1826	 
 77	 93	 1920	 98	 1	 -1822	 
 77	 93	 1920	 100	 1	 -1820	 
 77	 93	 1920	 101	 1	 -1819	 
 77	 93	 1920	 101	 1	 -1819	 
 77	 93	 1920	 95	 1	 -1825	 
 77	 93	 1920	 101	 1	 -1819	 
 77	 93	 1920	 96	 1	 -1824	 
 77	 93	 1920	 96	 1	 -1824	 
 77	 93	 1920	 101	 1	 -1819	 
 77	 93	 1920	 101	 1	 -1819	 
 77	 93	 1920	 99	 1	 -1821	 
 77	 93	 1920	 94	 1	 -1826	 
 77	 93	 1920	 100	 1	 -1820	 
 77	 93	 1920	 100	 1	 -1820	 
 77	 93	 1920	 100	 1	 -1820	 
 77	 93	 1920	 94	 1	 -1826	 
 77	 93	 1920	 100	 1	 -1820	 
 77	 93	 1920	 94	 1	 -1826	 
 77	 93	 1920	 100	 1	 -1820	 
 77	 93	 1920	 96	 1	 -1824	 
 77	 93	 1920	 99	 1	 -1821	 
 77	 93	 1920	 96	 1	 -1824	 
 77	 93	 1920	 97	 1	 -1823	 
 77	 93	 1920	 95	 1	 -1825	 
 77	 93	 1920	 99	 1	 -1821	 
 77	 93	 1920	 95	 1	 -1825	 
 77	 93	 1920	 99	 1	 -1821	 
 77	 93	 1920	 97	 1	 -1823	 
 77	 93	 1920	 99	 1	 -1821	 
 77	 93	 1920	 96	 1	 -1824	 
 77	 93	 1920	 97	 1	 -1823	 
 77	 93	 1920	 97	 1	 -1823	 
 77	 93	 1920	 94	 1	 -1826	 
 77	 93	 1920	 95	 1	 -1825	 
 77	 93	 1920	 100	 1	 -1820	 
 77	 93	 1920	 99	 1	 -1821	 
 77	 93	 1920	 101	 1	 -1819	 
 77	 93	 1920	 96	 1	 -1824	 
 77	 93	 1920	 99	 1	 -1821	 
 77	 93	 1920	 95	 1	 -1825	 
 77	 93	 1920	 96	 1	 -1824	 
 77	 93	 1920	 102	 1	 -1818	 
 77	 93	 1920	 94	 1	 -1826	 
 77	 93	 1920	 100	 1	 -1820	 
 77	 93	 1920	 102	 1	 -1818	 
 77	 93	 1920	 96	 1	 -1824	 
 77	 93	 1920	 98	 1	 -1822	 
 77	 93	 1920	 100	 1	 -1820	 
 77	 93	 1920	 102	 1	 -1818	 
 77	 93	 1920	 102	 1	 -1818	 
 77	 93	 1920	 96	 1	 -1824	 
 77	 93	 1920	 97	 1	 -1823	 
 77	 93	 1920	 99	 1	 -1821	 
 77	 93	 1920	 98	 1	 -1822	 
 77	 93	 1920	 101	 1	 -1819	 
 77	 93	 1920	 99	 1	 -1821	 
 77	 93	 1920	 94	 1	 -1826	 
 77	 93	 1920	 102	 1	 -1818	 
 77	 93	 1920	 97	 1	 -1823	 
 77	 93	 1920	 97	 1	 -1823	 
 77	 93	 1920	 99	 1	 -1821	 
 77	 93	 1920	 95	 1	 -1825	 
 77	 93	 1920	 98	 1	 -1822	 
 77	 93	 1920	 99	 1	 -1821	 
 77	 93	 1920	 100	 1	 -1820	 
 77	 93	 1920	 101	 1	 -1819	 
 77	 93	 1920	 94	 1	 -1826	 
 77	 93	 1920	 96	 1	 -1824	 
 77	 93	 1920	 97	 1	 -1823	 
 77	 93	 1920	 101	 1	 -1819	 
 77	 93	 1920	 98	 1	 -1822	 
 77	 93	 1920	 102	 1	 -1818	 
 77	 93	 1920	 98	 1	 -1822	 
 77	 93	 1920	 101	 1	 -1819	 
 77	 93	 1920	 100	 1	 -1820	 
 77	 93	 1920	 99	 1	 -1821	 
 77	 93	 1920	 101	 1	 -1819	 
 77	 93	 1920	 100	 1	 -1820	 
 77	 93	 1920	 100	 1	 -1820	 
 77	 93	 1920	 101	 1	 -1819	 
 77	 93	 1920	 94	 1	 -1826	 
 77	 93	 1920	 94	 1	 -1826	 
 77	 93	 1920	 97	 1	 -1823	 
 77	 93	 1920	 98	 1	 -1822	 
 77	 93	 1920	 97	 1	 -1823	 
 77	 93	 1920	 99	 1	 -1821	 
 77	 93	 1920	 99	 1	 -1821	 
 77	 93	 1920	 98	 1	 -1822	 
 77	 93	 1920	 98	 1	 -1822	 
 77	 93	 1920	 101	 1	 -1819	 
 77	 93	 1920	 95	 1	 -1825	 
 77	 93	 1920	 95	 1	 -1825	 
 77	 93	 1920	 101	 1	 -1819	 
 77	 93	 1920	 95	 1	 -1825	 
 77	 93	 1920	 98	 1	 -1822	 
 77	 93	 1920	 97	 1	 -1823	 
 0	 0	 0	 0	 0	 0	 
 0	 0	 0	 0	 0	 0	 
 77	 93	 1920	 100	 1	 -1820	 
 77	 93	 1920	 94	 1	 -1826	 
 77	 93	 1920	 100	 1	 -1820	 
 77	 93	 1920	 99	 1	 -1821	 
 77	 93	 1920	 101	 1	 -1819	 
 77	 93	 1920	 96	 1	 -1824	 
 77	 93	 1920	 98	 1	 -1822	 
 77	 93	 1920	 95	 1	 -1825	 
 77	 93	 1920	 99	 1	 -1821	 
 77	 93	 1920	 100	 1	 -1820	 
 77	 93	 1920	 100	 1	 -1820	 
 77	 93	 1920	 100	 1	 -1820	 
 77	 93	 1920	 95	 1	 -1825	 
 77	 93	 1920	 96	 1	 -1824	 
 77	 93	 1920	 98	 1	 -1822	 
 77	 93	 1920	 100	 1	 -1820	 
 77	 93	 1920	 99	 1	 -1821	 
 77	 93	 1920	 98	 1	 -1822	 
 77	 93	 1920	 99	 1	 -1821	 
 77	 93	 1920	 97	 1	 -1823	 
 77	 93	 1920	 99	 1	 -1821	 
 77	 93	 1920	 99	 1	 -1821	 
 77	 93	 1920	 96	 1	 -1824	 
 77	 93	 1920	 99	 1	 -1821	 
 77	 93	 1920	 95	 1	 -1825	 
 77	 93	 1920	 101	 1	 -1819	 
 77	 93	 1920	 95	 1	 -1825	 
 77	 93	 1920	 100	 1	 -1820	 
 77	 93	 1920	 98	 1	 -1822	 
 77	 93	 1920	 99	 1	 -1821	 
 77	 93	 1920	 95	 1	 -1825	 
 77	 93	 1920	 101	 1	 -1819	 
 77	 93	 1920	 102	 1	 -1818	 
 77	 93	 1920	 98	 1	 -1822	 
 77	 93	 1920	 97	 1	 -1823	 
 77	 93	 1920	 101	 1	 -1819	 
 77	 93	 1920	 97	 1	 -1823	 
 77	 93	 1920	 95	 1	 -1825	 
 77	 93	 1920	 102	 1	 -1818	 
 77	 93	 1920	 98	 1	 -1822	 
 77	 93	 1920	 95	 1	 -1825	 
 77	 93	 1920	 98	 1	 -1822	 
 77	 93	 1920	 94	 1	 -1826	 
 77	 93	 1920	 94	 1	 -1826	 
 77	 93	 1920	 98	 1	 -1822	 
 77	 93	 1920	 102	 1	 -1818	 
 77	 93	 1920	 100	 1	 -1820	 
 77	 93	 1920	 99	 1	 -1821	 
 77	 93	 1920	 97	 1	 -1823	 
 77	 93	 1920	 100	 1	 -1820	 
 77	 93	 1920	 98	 1	 -1822	 
 77	 93	 1920	 99	 1	 -1821	 
 77	 93	 1920	 98	 1	 -1822	 
 77	 93	 1920	 100	 1	 -1820	 
 77	 93	 1920	 95	 1	 -1825	 
 77	 93	 1920	 96	 1	 -1824	 
 77	 93	 1920	 99	 1	 -1821	 
 77	 93	 1920	 94	 1	 -1826	 
 77	 93	 1920	 101	 1	 -1819	 
 77	 93	 1920	 97	 1	 -1823	 
 77	 93	 1920	 98	 1	 -1822	 
 77	 93	 1920	 101	 1	 -1819	 
 77	 93	 1920	 99	 1	 -1821	 
 77	 93	 1920	 98	 1	 -1822	 
 77	 93	 1920	 97	 1	 -1823	 
 77	 93	 1920	 97	 1	 -1823	 
 77	 93	 1920	 94	 1	 -1826	 
 77	 93	 1920	 100	 1	 -1820	 
 77	 93	 1920	 97	 1	 -1823	 
 77	 93	 1920	 101	 1	 -1819	 
 77	 93	 1920	 95	 1	 -1825	 
 77	 93	 1920	 98	 1	 -1822	 
 77	 93	 1920	 99	 1	 -1821	 
 77	 93	 1920	 95	 1	 -1825	 
 77	 93	 1920	 94	 1	 -1826	 
 77	 93	 1920	 96	 1	 -1824	 
 77	 93	 1920	 101	 1	 -1819	 
 77	 93	 1920	 99	 1	 -1821	 
 77	 93	 1920	 101	 1	 -1819	 
 77	 93	 1920	 98	 1	 -1822	 
 77	 93	 1920	 98	 1	 -1822	 
 77	 93	 1920	 99	 1	 -1821	 
 77	 93	 1920	 98	 1	 -1822	 
 77	 93	 1920	 100	 1	 -1820	 
 77	 93	 1920	 94	 1	 -1826	 
 77	 93	 1920	 101	 1	 -1819	 
 77	 93	 1920	 100	 1	 -1820	 
 77	 93	 1920	 96	 1	 -1824	 
 77	 93	 1920	 96	 1	 -1824	 
 77	 93	 1920	 100	 1	 -1820	 
 77	 93	 1920	 98	 1	 -1822	 
 77	 93	 1920	 101	 1	 -1819	 
 77	 93	 1920	 100	 1	 -1820	 
 77	 93	 1920	 99	 1	 -1821	 
 77	 93	 1920	 98	 1	 -1822	 
 77	 93	 1920	 100	 1	 -1820	 
 77	 93	 1920	 96	 1	 -1824	 
 77	 93	 1920	 94	 1	 -1826	 
 77	 93	 1920	 95	 1	 -1825	 
 0	 0	 0	 0	 0	 0	 
 0	 0	 0	 0	 0	 0	 
 77	 93	 1920	 98	 1	 -1822	 
 77	 93	 1920	 101	 1	 -1819	 
 77	 93	 1920	 99	 1	 -1821	 
 77	 93	 1920	 101	 1	 -1819	 
 77	 93	 1920	 99	 1	 -1821	 
 77	 93	 1920	 94	 1	 -1826	 
 77	 93	 1920	 101	 1	 -1819	 
 77	 93	 1920	 102	 1	 -1818	 
 77	 93	 1920	 97	 1	 -1823	 
 77	 93	 1920	 100	 1	 -1820	 
 77	 93	 1920	 100	 1	 -1820	 
 77	 93	 1920	 99	 1	 -1821	 
 77	 93	 1920	 102	 1	 -1818	 
 77	 93	 1920	 96	 1	 -1824	 
 77	 93	 1920	 94	 1	 -1826	 
 77	 93	 1920	 101	 1	 -1819	 
 77	 93	 1920	 96	 1	 -1824	 
 77	 93	 1920	 98	 1	 -1822	 
 77	 93	 1920	 96	 1	 -1824	 
 77	 93	 1920	 100	 1	 -1820	 
 77	 93	 1920	 95	 1	 -1825	 
 77	 93	 1920	 95	 1	 -1825	 
 77	 93	 1920	 96	 1	 -1824	 
 77	 93	 1920	 97	 1	 -1823	 
 77	 93	 1920	 96	 1	 -1824	 
 77	 93	 1920	 96	 1	 -1824	 
 77	 93	 1920	 99	 1	 -1821	 
 77	 93	 1920	 96	 1	 -1824	 
 77	 93	 1920	 97	 1	 -1823	 
 77	 93	 1920	 101	 1	 -1819	 
 77	 93	 1920	 100	 1	 -1820	 
 77	 93	 1920	 102	 1	 -1818	 
 77	 93	 1920	 97	 1	 -1823	 
 77	 93	 1920	 98	 1	 -1822	 
 77	 93	 1920	 98	 1	 -1822	 
 77	 93	 1920	 94	 1	 -1826	 
 77	 93	 1920	 96	 1	 -1824	 
 77	 93	 1920	 101	 1	 -1819	 
 77	 93	 1920	 95	 1	 -1825	 
 77	 93	 1920	 97	 1	 -1823	 
 77	 93	 1920	 96	 1	 -1824	 
 77	 93	 1920	 99	 1	 -1821	 
 77	 93	 1920	 95	 1	 -1825	 
 77	 93	 1920	 96	 1	 -1824	 
 77	 93	 1920	 98	 1	 -1822	 
 77	 93	 1920	 101	 1	 -1819	 
 77	 93	 1920	 97	 1	 -1823	 
 77	 93	 1920	 94	 1	 -1826	 
 77	 93	 1920	 96	 1	 -1824	 
 77	 93	 1920	 96	 1	 -1824	 
 77	 93	 1920	 94	 1	 -1826	 
 77	 93	 1920	 101	 1	 -1819	 
 77	 93	 1920	 100	 1	 -1820	 
 77	 93	 1920	 97	 1	 -1823	 
 77	 93	 1920	 102	 1	 -1818	 
 77	 93	 1920	 94	 1	 -1826	 
 77	 93	 1920	 100	 1	 -1820	 
 77	 93	 1920	 100	 1	 -1820	 
 77	 93	 1920	 99	 1	 -1821	 
 77	 93	 1920	 94	 1	 -1826	 
 77	 93	 1920	 97	 1	 -1823	 
 77	 93	 1920	 99	 1	 -1821	 
 77	 93	 1920	 95	 1	 -1825	 
 77	 93	 1920	 101	 1	 -1819	 
 77	 93	 1920	 100	 1	 -1820	 
 77	 93	 1920	 97	 1	 -1823	 
 77	 93	 1920	 98	 1	 -1822	 
 77	 93	 1920	 94	 1	 -1826	 
 77	 93	 1920	 95	 1	 -1825	 
 77	 93	 1920	 95	 1	 -1825	 
 77	 93	 1920	 94	 1	 -1826	 
 77	 93	 1920	 102	 1	 -1818	 
 77	 93	 1920	 96	 1	 -1824	 
 77	 93	 1920	 97	 1	 -1823	 
 77	 93	 1920	 95	 1	 -1825	 
 77	 93	 1920	 98	 1	 -1822	 
 77	 93	 1920	 97	 1	 -1823	 
 77	 93	 1920	 95	 1	 -1825	 
 77	 93	 1920	 99	 1	 -1821	 
 77	 93	 1920	 98	 1	 -1822	 
 77	 93	 1920	 97	 1	 -1823	 
 77	 93	 1920	 97	 1	 -1823	 
 77	 93	 1920	 97	 1	 -1823	 
 77	 93	 1920	 96	 1	 -1824	 
 77	 93	 1920	 100	 1	 -1820	 
 77	 93	 1920	 97	 1	 -1823	 
 77	 93	 1920	 102	 1	 -1818	 
 77	 93	 1920	 95	 1	 -1825	 
 77	 93	 1920	 94	 1	 -1826	 
 77	 93	 1920	 98	 1	 -1822	 
 77	 93	 1920	 97	 1	 -1823	 
 77	 93	 1920	 101	 1	 -1819	 
 77	 93	 1920	 98	 1	 -1822	 
 77	 93	 1920	 100	 1	 -1820	 
 77	 93	 1920	 100	 1	 -1820	 
 77	 93	 1920	 97	 1	 -1823	 
 77	 93	 1920	 96	 1	 -1824	 
 77	 93	 1920	 100	 1	 -1820	 
 77	 93	 1920	 95	 1	 -1825	 
 0	 0	 0	 0	 0	 0	 
 0	 0	 0	 0	 0	 0	 
 70	 87	 1920	 92	 0	 -1828	 
 70	 87	 1920	 96	 0	 -1824	 
 70	 87	 1920	 93	 0	 -1827	 
 70	 87	 1920	 90	 0	 -1830	 
 70	 87	 1920	 91	 0	 -1829	 
 70	 87	 1920	 92	 0	 -1828	 
 70	 87	 1920	 91	 0	 -1829	 
 70	 87	 1920	 88	 0	 -1832	 
 70	 87	 1920	 88	 0	 -1832	 
 70	 87	 1920	 88	 0	 -1832	 
 70	 87	 1920	 92	 0	 -1828	 
 70	 87	 1920	 90	 0	 -1830	 
 70	 87	 1920	 89	 0	 -1831	 
 70	 87	 1920	 91	 0	 -1829	 
 70	 87	 1920	 94	 0	 -1826	 
 70	 87	 1920	 93	 0	 -1827	 
 70	 87	 1920	 95	 0	 -1825	 
 70	 87	 1920	 95	 0	 -1825	 
 70	 87	 1920	 90	 0	 -1830	 
 70	 87	 1920	 93	 0	 -1827	 
 70	 87	 1920	 94	 0	 -1826	 
 70	 87	 1920	 90	 0	 -1830	 
 70	 87	 1920	 94	 0	 -1826	 
 70	 87	 1920	 90	 0	 -1830	 
 70	 87	 1920	 92	 0	 -1828	 
 70	 87	 1920	 95	 0	 -1825	 
 70	 87	 1920	 93	 0	 -1827	 
 70	 87	 1920	 92	 0	 -1828	 
 70	 87	 1920	 91	 0	 -1829	 
 70	 87	 1920	 93	 0	 -1827	 
 70	 87	 1920	 92	 0	 -1828	 
 70	 87	 1920	 91	 0	 -1829	 
 70	 87	 1920	 92	 0	 -1828	 
 70	 87	 1920	 92	 0	 -1828	 
 70	 87	 1920	 93	 0	 -1827	 
 70	 87	 1920	 90	 0	 -1830	 
 70	 87	 1920	 93	 0	 -1827	 
 70	 87	 1920	 90	 0	 -1830	 
 70	 87	 1920	 94	 0	 -1826	 
 70	 87	 1920	 92	 0	 -1828	 
 70	 87	 1920	 91	 0	 -1829	 
 70	 87	 1920	 92	 0	 -1828	 
 70	 87	 1920	 93	 0	 -1827	 
 70	 87	 1920	 91	 0	 -1829	 
 70	 87	 1920	 95	 0	 -1825	 
 70	 87	 1920	 92	 0	 -1828	 
 70	 87	 1920	 91	 0	 -1829	 
 70	 87	 1920	 90	 0	 -1830	 
 70	 87	 1920	 88	 0	 -1832	 
 70	 87	 1920	 93	 0	 -1827	 
 70	 87	 1920	 90	 0	 -1830	 
 70	 87	 1920	 95	 0	 -1825	 
 70	 87	 1920	 90	 0	 -1830	 
 70	 87	 1920	 94	 0	 -1826	 
 70	 87	 1920	 93	 0	 -1827	 
 70	 87	 1920	 93	 0	 -1827	 
 70	 87	 1920	 90	 0	 -1830	 
 70	 87	 1920	 90	 0	 -1830	 
 70	 87	 1920	 93	 0	 -1827	 
 70	 87	 1920	 93	 0	 -1827	 
 70	 87	 1920	 92	 0	 -1828	 
 70	 87	 1920	 94	 0	 -1826	 
 70	 87	 1920	 88	 0	 -1832	 
 70	 87	 1920	 94	 0	 -1826	 
 70	 87	 1920	 96	 0	 -1824	 
 70	 87	 1920	 89	 0	 -1831	 
 70	 87	 1920	 88	 0	 -1832	 
 70	 87	 1920	 92	 0	 -1828	 
 70	 87	 1920	 88	 0	 -1832	 
 70	 87	 1920	 94	 0	 -1826	 
 70	 87	 1920	 94	 0	 -1826	 
 70	 87	 1920	 91	 0	 -1829	 
 70	 87	 1920	 96	 0	 -1824	 
 70	 87	 1920	 92	 0	 -1828	 
 70	 87	 1920	 94	 0	 -1826	 
 70	 87	 1920	 90	 0	 -1830	 
 70	 87	 1920	 96	 0	 -1824	 
 70	 87	 1920	 96	 0	 -1824	 
 70	 87	 1920	 96	 0	 -1824	 
 70	 87	 1920	 96	 0	 -1824	 
 70	 87	 1920	 88	 0	 -1832	 
 70	 87	 1920	 95	 0	 -1825	 
 70	 87	 1920	 89	 0	 -1831	 
 70	 87	 1920	 96	 0	 -1824	 
 70	 87	 1920	 93	 0	 -1827	 
 70	 87	 1920	 94	 0	 -1826	 
 70	 87	 1920	 92	 0	 -1828	 
 70	 87	 1920	 89	 0	 -1831	 
 70	 87	 1920	 92	 0	 -1828	 
 70	 87	 1920	 90	 0	 -1830	 
 70	 87	 1920	 92	 0	 -1828	 
 70	 87	 1920	 89	 0	 -1831	 
 70	 87	 1920	 93	 0	 -1827	 
 70	 87	 1920	 92	 0	 -1828	 
 70	 87	 1920	 93	 0	 -1827	 
 70	 87	 1920	 94	 0	 -1826	 
 70	 87	 1920	 90	 0	 -1830	 
 70	 87	 1920	 91	 0	 -1829	 
 70	 87	 1920	 95	 0	 -1825	 
 0	 0	 0	 0	 0	 0	 
 0	 0	 0	 0	 0	 0	 
 77	 93	 1920	 96	 1	 -1824	 
 77	 93	 1920	 98	 1	 -1822	 
 77	 93	 1920	 95	 1	 -1825	 
 77	 93	 1920	 94	 1	 -1826	 
 77	 93	 1920	 100	 1	 -1820	 
 77	 93	 1920	 101	 1	 -1819	 
 77	 93	 1920	 101	 1	 -1819	 
 77	 93	 1920	 101	 1	 -1819	 
 77	 93	 1920	 101	 1	 -1819	 
 77	 93	 1920	 102	 1	 -1818	 
 77	 93	 1920	 96	 1	 -1824	 
 77	 93	 1920	 99	 1	 -1821	 
 77	 93	 1920	 100	 1	 -1820	 
 77	 93	 1920	 102	 1	 -1818	 
 77	 93	 1920	 96	 1	 -1824	 
 77	 93	 1920	 99	 1	 -1821	 
 77	 93	 1920	 95	 1	 -1825	 
 77	 93	 1920	 101	 1	 -1819	 
 77	 93	 1920	 97	 1	 -1823	 
 77	 93	 1920	 97	 1	 -1823	 
 77	 93	 1920	 102	 1	 -1818	 
 77	 93	 1920	 96	 1	 -1824	 
 77	 93	 1920	 94	 1	 -1826	 
 77	 93	 1920	 99	 1	 -1821	 
 77	 93	 1920	 102	 1	 -1818	 
 77	 93	 1920	 95	 1	 -1825	 
 77	 93	 1920	 95	 1	 -1825	 
 77	 93	 1920	 100	 1	 -1820	 
 77	 93	 1920	 97	 1	 -1823	 
 77	 93	 1920	 100	 1	 -1820	 
 77	 93	 1920	 102	 1	 -1818	 
 77	 93	 1920	 100	 1	 -1820	 
 77	 93	 1920	 94	 1	 -1826	 
 77	 93	 1920	 99	 1	 -1821	 
 77	 93	 1920	 100	 1	 -1820	 
 77	 93	 1920	 96	 1	 -1824	 
 77	 93	 1920	 102	 1	 -1818	 
 77	 93	 1920	 97	 1	 -1823	 
 77	 93	 1920	 96	 1	 -1824	 
 77	 93	 1920	 99	 1	 -1821	 
 77	 93	 1920	 94	 1	 -1826	 
 77	 93	 1920	 98	 1	 -1822	 
 77	 93	 1920	 94	 1	 -1826	 
 77	 93	 1920	 96	 1	 -1824	 
 77	 93	 1920	 95	 1	 -1825	 
 77	 93	 1920	 95	 1	 -1825	 
 77	 93	 1920	 97	 1	 -1823	 
 77	 93	 1920	 101	 1	 -1819	 
 77	 93	 1920	 94	 1	 -1826	 
 77	 93	 1920	 98	 1	 -1822	 
 77	 93	 1920	 95	 1	 -1825	 
 77	 93	 1920	 102	 1	 -1818	 
 77	 93	 1920	 100	 1	 -1820	 
 77	 93	 1920	 100	 1	 -1820	 
 77	 93	 1920	 99	 1	 -1821	 
 77	 93	 1920	 100	 1	 -1820	 
 77	 93	 1920	 100	 1	 -1820	 
 77	 93	 1920	 96	 1	 -1824	 
 77	 93	 1920	 100	 1	 -1820	 
 77	 93	 1920	 100	 1	 -1820	 
 77	 93	 1920	 97	 1	 -1823	 
 77	 93	 1920	 100	 1	 -1820	 
 77	 93	 1920	 96	 1	 -1824	 
 77	 93	 1920	 97	 1	 -1823	 
 77	 93	 1920	 98	 1	 -1822	 
 77	 93	 1920	 101	 1	 -1819	 
 77	 93	 1920	 98	 1	 -1822	 
 77	 93	 1920	 102	 1	 -1818	 
 77	 93	 1920	 98	 1	 -1822	 
 77	 93	 1920	 102	 1	 -1818	 
 77	 93	 1920	 100	 1	 -1820	 
 77	 93	 1920	 97	 1	 -1823	 
 77	 93	 1920	 94	 1	 -1826	 
 77	 93	 1920	 101	 1	 -1819	 
 77	 93	 1920	 100	 1	 -1820	 
 77	 93	 1920	 95	 1	 -1825	 
 77	 93	 1920	 98	 1	 -1822	 
 77	 93	 1920	 99	 1	 -1821	 
 77	 93	 1920	 98	 1	 -1822	 
 77	 93	 1920	 95	 1	 -1825	 
 77	 93	 1920	 94	 1	 -1826	 
 77	 93	 1920	 100	 1	 -1820	 
 77	 93	 1920	 99	 1	 -1821	 
 77	 93	 1920	 101	 1	 -1819	 
 77	 93	 1920	 94	 1	 -1826	 
 77	 93	 1920	 97	 1	 -1823	 
 77	 93	 1920	 99	 1	 -1821	 
 77	 93	 1920	 99	 1	 -1821	 
 77	 93	 1920	 101	 1	 -1819	 
 77	 93	 1920	 98	 1	 -1822	 
 77	 93	 1920	 97	 1	 -1823	 
 77	 93	 1920	 95	 1	 -1825	 
 77	 93	 1920	 94	 1	 -1826	 
 77	 93	 1920	 100	 1	 -1820	 
 77	 93	 1920	 94	 1	 -1826	 
 77	 93	 1920	 99	 1	 -1821	 
 77	 93	 1920	 101	 1	 -1819	 
 77	 93	 1920	 94	 1	 -1826	 
 77	 93	 1920	 98	 1	 -1822	 
 0	 0	 0	 0	 0	 0	 
 0	 0	 0	 0	 0	 0	 
 65	 104	 1920	 106	 1	 -1814	 
 65	 104	 1920	 111	 1	 -1809	 
 65	 104	 1920	 108	 1	 -1812	 
 65	 104	 1920	 124	 1	 -1796	 
 65	 104	 1920	 105	 1	 -1815	 
 65	 104	 1920	 118	 1	 -1802	 
 65	 104	 1920	 106	 1	 -1814	 
 65	 104	 1920	 110	 1	 -1810	 
 65	 104	 1920	 111	 1	 -1809	 
 65	 104	 1920	 123	 1	 -1797	 
 65	 104	 1920	 108	 1	 -1812	 
 65	 104	 1920	 116	 1	 -1804	 
 65	 104	 1920	 119	 1	 -1801	 
 65	 104	 1920	 116	 1	 -1804	 
 65	 104	 1920	 124	 1	 -1796	 
 65	 104	 1920	 110	 1	 -1810	 
 65	 104	 1920	 121	 1	 -1799	 
 65	 104	 1920	 106	 1	 -1814	 
 65	 104	 1920	 121	 1	 -1799	 
 65	 104	 1920	 123	 1	 -1797	 
 65	 104	 1920	 123	 1	 -1797	 
 65	 104	 1920	 119	 1	 -1801	 
 65	 104	 1920	 120	 1	 -1800	 
 65	 104	 1920	 121	 1	 -1799	 
 65	 104	 1920	 118	 1	 -1802	 
 65	 104	 1920	 118	 1	 -1802	 
 65	 104	 1920	 107	 1	 -1813	 
 65	 104	 1920	 111	 1	 -1809	 
 65	 104	 1920	 119	 1	 -1801	 
 65	 104	 1920	 117	 1	 -1803	 
 65	 104	 1920	 109	 1	 -1811	 
 65	 104	 1920	 116	 1	 -1804	 
 65	 104	 1920	 106	 1	 -1814	 
 65	 104	 1920	 107	 1	 -1813	 
 65	 104	 1920	 109	 1	 -1811	 
 65	 104	 1920	 113	 1	 -1807	 
 65	 104	 1920	 111	 1	 -1809	 
 65	 104	 1920	 118	 1	 -1802	 
 65	 104	 1920	 109	 1	 -1811	 
 65	 104	 1920	 118	 1	 -1802	 
 65	 104	 1920	 116	 1	 -1804	 
 65	 104	 1920	 120	 1	 -1800	 
 65	 104	 1920	 120	 1	 -1800	 
 65	 104	 1920	 108	 1	 -1812	 
 65	 104	 1920	 119	 1	 -1801	 
 65	 104	 1920	 106	 1	 -1814	 
 65	 104	 1920	 113	 1	 -1807	 
 65	 104	 1920	 107	 1	 -1813	 
 65	 104	 1920	 123	 1	 -1797	 
 65	 104	 1920	 122	 1	 -1798	 
 65	 104	 1920	 105	 1	 -1815	 
 65	 104	 1920	 114	 1	 -1806	 
 65	 104	 1920	 115	 1	 -1805	 
 65	 104	 1920	 112	 1	 -1808	 
 65	 104	 1920	 114	 1	 -1806	 
 65	 104	 1920	 106	 1	 -1814	 
 65	 104	 1920	 111	 1	 -1809	 
 65	 104	 1920	 118	 1	 -1802	 
 65	 104	 1920	 116	 1	 -1804	 
 65	 104	 1920	 114	 1	 -1806	 
 65	 104	 1920	 122	 1	 -1798	 
 65	 104	 1920	 112	 1	 -1808	 
 65	 104	 1920	 110	 1	 -1810	 
 65	 104	 1920	 122	 1	 -1798	 
 65	 104	 1920	 115	 1	 -1805	 
 65	 104	 1920	 120	 1	 -1800	 
 65	 104	 1920	 107	 1	 -1813	 
 65	 104	 1920	 109	 1	 -1811	 
 65	 104	 1920	 109	 1	 -1811	 
 65	 104	 1920	 108	 1	 -1812	 
 65	 104	 1920	 109	 1	 -1811	 
 65	 104	 1920	 117	 1	 -1803	 
 65	 104	 1920	 111	 1	 -1809	 
 65	 104	 1920	 119	 1	 -1801	 
 65	 104	 1920	 111	 1	 -1809	 
 65	 104	 1920	 123	 1	 -1797	 
 65	 104	 1920	 124	 1	 -1796	 
 65	 104	 1920	 112	 1	 -1808	 
 65	 104	 1920	 111	 1	 -1809	 
 65	 104	 1920	 111	 1	 -1809	 
 65	 104	 1920	 113	 1	 -1807	 
 65	 104	 1920	 123	 1	 -1797	 
 65	 104	 1920	 122	 1	 -1798	 
 65	 104	 1920	 124	 1	 -1796	 
 65	 104	 1920	 122	 1	 -1798	 
 65	 104	 1920	 117	 1	 -1803	 
 65	 104	 1920	 111	 1	 -1809	 
 65	 104	 1920	 121	 1	 -1799	 
 65	 104	 1920	 112	 1	 -1808	 
 65	 104	 1920	 120	 1	 -1800	 
 65	 104	 1920	 105	 1	 -1815	 
 65	 104	 1920	 108	 1	 -1812	 
 65	 104	 1920	 118	 1	 -1802	 
 65	 104	 1920	 117	 1	 -1803	 
 65	 104	 1920	 122	 1	 -1798	 
 65	 104	 1920	 122	 1	 -1798	 
 65	 104	 1920	 116	 1	 -1804	 
 65	 104	 1920	 117	 1	 -1803	 
 65	 104	 1920	 120	 1	 -1800	 
 0	 0	 0	 0	 0	 0	 
 0	 0	 0	 0	 0	 0	 
 77	 93	 1920	 99	 1	 -1821	 
 77	 93	 1920	 101	 1	 -1819	 
 77	 93	 1920	 97	 1	 -1823	 
 77	 93	 1920	 98	 1	 -1822	 
 77	 93	 1920	 95	 1	 -1825	 
 77	 93	 1920	 96	 1	 -1824	 
 77	 93	 1920	 95	 1	 -1825	 
 77	 93	 1920	 102	 1	 -1818	 
 77	 93	 1920	 94	 1	 -1826	 
 77	 93	 1920	 98	 1	 -1822	 
 77	 93	 1920	 95	 1	 -1825	 
 77	 93	 1920	 100	 1	 -1820	 
 77	 93	 1920	 99	 1	 -1821	 
 77	 93	 1920	 96	 1	 -1824	 
 77	 93	 1920	 99	 1	 -1821	 
 77	 93	 1920	 99	 1	 -1821	 
 77	 93	 1920	 101	 1	 -1819	 
 77	 93	 1920	 100	 1	 -1820	 
 77	 93	 1920	 99	 1	 -1821	 
 77	 93	 1920	 101	 1	 -1819	 
 77	 93	 1920	 99	 1	 -1821	 
 77	 93	 1920	 96	 1	 -1824	 
 77	 93	 1920	 99	 1	 -1821	 
 77	 93	 1920	 101	 1	 -1819	 
 77	 93	 1920	 102	 1	 -1818	 
 77	 93	 1920	 94	 1	 -1826	 
 77	 93	 1920	 96	 1	 -1824	 
 77	 93	 1920	 97	 1	 -1823	 
 77	 93	 1920	 98	 1	 -1822	 
 77	 93	 1920	 101	 1	 -1819	 
 77	 93	 1920	 96	 1	 -1824	 
 77	 93	 1920	 97	 1	 -1823	 
 77	 93	 1920	 100	 1	 -1820	 
 77	 93	 1920	 94	 1	 -1826	 
 77	 93	 1920	 102	 1	 -1818	 
 77	 93	 1920	 96	 1	 -1824	 
 77	 93	 1920	 99	 1	 -1821	 
 77	 93	 1920	 102	 1	 -1818	 
 77	 93	 1920	 98	 1	 -1822	 
 77	 93	 1920	 95	 1	 -1825	 
 77	 93	 1920	 100	 1	 -1820	 
 77	 93	 1920	 95	 1	 -1825	 
 77	 93	 1920	 95	 1	 -1825	 
 77	 93	 1920	 98	 1	 -1822	 
 77	 93	 1920	 99	 1	 -1821	 
 77	 93	 1920	 94	 1	 -1826	 
 77	 93	 1920	 101	 1	 -1819	 
 77	 93	 1920	 101	 1	 -1819	 
 77	 93	 1920	 100	 1	 -1820	 
 77	 93	 1920	 98	 1	 -1822	 
 77	 93	 1920	 98	 1	 -1822	 
 77	 93	 1920	 95	 1	 -1825	 
 77	 93	 1920	 99	 1	 -1821	 
 77	 93	 1920	 94	 1	 -1826	 
 77	 93	 1920	 101	 1	 -1819	 
 77	 93	 1920	 94	 1	 -1826	 
 77	 93	 1920	 99	 1	 -1821	 
 77	 93	 1920	 99	 1	 -1821	 
 77	 93	 1920	 102	 1	 -1818	 
 77	 93	 1920	 98	 1	 -1822	 
 77	 93	 1920	 97	 1	 -1823	 
 77	 93	 1920	 102	 1	 -1818	 
 77	 93	 1920	 98	 1	 -1822	 
 77	 93	 1920	 98	 1	 -1822	 
 77	 93	 1920	 101	 1	 -1819	 
 77	 93	 1920	 95	 1	 -1825	 
 77	 93	 1920	 100	 1	 -1820	 
 77	 93	 1920	 100	 1	 -1820	 
 77	 93	 1920	 102	 1	 -1818	 
 77	 93	 1920	 94	 1	 -1826	 
 77	 93	 1920	 96	 1	 -1824	 
 77	 93	 1920	 101	 1	 -1819	 
 77	 93	 1920	 95	 1	 -1825	 
 77	 93	 1920	 96	 1	 -1824	 
 77	 93	 1920	 98	 1	 -1822	 
 77	 93	 1920	 96	 1	 -1824	 
 77	 93	 1920	 97	 1	 -1823	 
 77	 93	 1920	 95	 1	 -1825	 
 77	 93	 1920	 94	 1	 -1826	 
 77	 93	 1920	 100	 1	 -1820	 
 77	 93	 1920	 94	 1	 -1826	 
 77	 93	 1920	 96	 1	 -1824	 
 77	 93	 1920	 98	 1	 -1822	 
 77	 93	 1920	 98	 1	 -1822	 
 77	 93	 1920	 95	 1	 -1825	 
 77	 93	 1920	 94	 1	 -1826	 
 77	 93	 1920	 95	 1	 -1825	 
 77	 93	 1920	 100	 1	 -1820	 
 77	 93	 1920	 95	 1	 -1825	 
 77	 93	 1920	 100	 1	 -1820	 
 77	 93	 1920	 96	 1	 -1824	 
 77	 93	 1920	 100	 1	 -1820	 
 77	 93	 1920	 97	 1	 -1823	 
 77	 93	 1920	 97	 1	 -1823	 
 77	 93	 1920	 102	 1	 -1818	 
 77	 93	 1920	 96	 1	 -1824	 
 77	 93	 1920	 99	 1	 -1821	 
 77	 93	 1920	 94	 1	 -1826	 
 77	 93	 1920	 97	 1	 -1823	 
 0	 0	 0	 0	 0	 0	 
 0	 0	 0	 0	 0	 0	 
 83	 119	 1920	 128	 0	 -1792	 
 83	 119	 1920	 124	 0	 -1796	 
 83	 119	 1920	 125	 0	 -1795	 
 83	 119	 1920	 132	 0	 -1788	 
 83	 119	 1920	 138	 0	 -1782	 
 83	 119	 1920	 122	 0	 -1798	 
 83	 119	 1920	 128	 0	 -1792	 
 83	 119	 1920	 121	 0	 -1799	 
 83	 119	 1920	 130	 0	 -1790	 
 83	 119	 1920	 128	 0	 -1792	 
 83	 119	 1920	 128	 0	 -1792	 
 83	 119	 1920	 123	 0	 -1797	 
 83	 119	 1920	 127	 0	 -1793	 
 83	 119	 1920	 122	 0	 -1798	 
 83	 119	 1920	 137	 0	 -1783	 
 83	 119	 1920	 132	 0	 -1788	 
 83	 119	 1920	 129	 0	 -1791	 
 83	 119	 1920	 128	 0	 -1792	 
 83	 119	 1920	 132	 0	 -1788	 
 83	 119	 1920	 120	 0	 -1800	 
 83	 119	 1920	 129	 0	 -1791	 
 83	 119	 1920	 130	 0	 -1790	 
 83	 119	 1920	 120	 0	 -1800	 
 83	 119	 1920	 120	 0	 -1800	 
 83	 119	 1920	 131	 0	 -1789	 
 83	 119	 1920	 130	 0	 -1790	 
 83	 119	 1920	 126	 0	 -1794	 
 83	 119	 1920	 135	 0	 -1785	 
 83	 119	 1920	 121	 0	 -1799	 
 83	 119	 1920	 120	 0	 -1800	 
 83	 119	 1920	 127	 0	 -1793	 
 83	 119	 1920	 137	 0	 -1783	 
 83	 119	 1920	 120	 0	 -1800	 
 83	 119	 1920	 122	 0	 -1798	 
 83	 119	 1920	 132	 0	 -1788	 
 83	 119	 1920	 122	 0	 -1798	 
 83	 119	 1920	 122	 0	 -1798	 
 83	 119	 1920	 138	 0	 -1782	 
 83	 119	 1920	 128	 0	 -1792	 
 83	 119	 1920	 121	 0	 -1799	 
 83	 119	 1920	 130	 0	 -1790	 
 83	 119	 1920	 124	 0	 -1796	 
 83	 119	 1920	 124	 0	 -1796	 
 83	 119	 1920	 132	 0	 -1788	 
 83	 119	 1920	 135	 0	 -1785	 
 83	 119	 1920	 125	 0	 -1795	 
 83	 119	 1920	 135	 0	 -1785	 
 83	 119	 1920	 130	 0	 -1790	 
 83	 119	 1920	 133	 0	 -1787	 
 83	 119	 1920	 121	 0	 -1799	 
 83	 119	 1920	 128	 0	 -1792	 
 83	 119	 1920	 128	 0	 -1792	 
 83	 119	 1920	 134	 0	 -1786	 
 83	 119	 1920	 125	 0	 -1795	 
 83	 119	 1920	 134	 0	 -1786	 
 83	 119	 1920	 128	 0	 -1792	 
 83	 119	 1920	 128	 0	 -1792	 
 83	 119	 1920	 129	 0	 -1791	 
 83	 119	 1920	 132	 0	 -1788	 
 83	 119	 1920	 131	 0	 -1789	 
 83	 119	 1920	 133	 0	 -1787	 
 83	 119	 1920	 122	 0	 -1798	 
 83	 119	 1920	 122	 0	 -1798	 
 83	 119	 1920	 137	 0	 -1783	 
 83	 119	 1920	 128	 0	 -1792	 
 83	 119	 1920	 134	 0	 -1786	 
 83	 119	 1920	 134	 0	 -1786	 
 83	 119	 1920	 131	 0	 -1789	 
 83	 119	 1920	 132	 0	 -1788	 
 83	 119	 1920	 137	 0	 -1783	 
 83	 119	 1920	 128	 0	 -1792	 
 83	 119	 1920	 134	 0	 -1786	 
 83	 119	 1920	 123	 0	 -1797	 
 83	 119	 1920	 126	 0	 -1794	 
 83	 119	 1920	 132	 0	 -1788	 
 83	 119	 1920	 137	 0	 -1783	 
 83	 119	 1920	 122	 0	 -1798	 
 83	 119	 1920	 138	 0	 -1782	 
 83	 119	 1920	 132	 0	 -1788	 
 83	 119	 1920	 128	 0	 -1792	 
 83	 119	 1920	 123	 0	 -1797	 
 83	 119	 1920	 133	 0	 -1787	 
 83	 119	 1920	 122	 0	 -1798	 
 83	 119	 1920	 131	 0	 -1789	 
 83	 119	 1920	 127	 0	 -1793	 
 83	 119	 1920	 137	 0	 -1783	 
 83	 119	 1920	 124	 0	 -1796	 
 83	 119	 1920	 133	 0	 -1787	 
 83	 119	 1920	 137	 0	 -1783	 
 83	 119	 1920	 126	 0	 -1794	 
 83	 119	 1920	 129	 0	 -1791	 
 83	 119	 1920	 120	 0	 -1800	 
 83	 119	 1920	 134	 0	 -1786	 
 83	 119	 1920	 120	 0	 -1800	 
 83	 119	 1920	 136	 0	 -1784	 
 83	 119	 1920	 121	 0	 -1799	 
 83	 119	 1920	 132	 0	 -1788	 
 83	 119	 1920	 136	 0	 -1784	 
 83	 119	 1920	 122	 0	 -1798	 
 0	 0	 0	 0	 0	 0	 
 0	 0	 0	 0	 0	 0	 
 77	 93	 1920	 99	 1	 -1821	 
 77	 93	 1920	 96	 1	 -1824	 
 77	 93	 1920	 96	 1	 -1824	 
 77	 93	 1920	 96	 1	 -1824	 
 77	 93	 1920	 97	 1	 -1823	 
 77	 93	 1920	 94	 1	 -1826	 
 77	 93	 1920	 100	 1	 -1820	 
 77	 93	 1920	 100	 1	 -1820	 
 77	 93	 1920	 101	 1	 -1819	 
 77	 93	 1920	 101	 1	 -1819	 
 77	 93	 1920	 97	 1	 -1823	 
 77	 93	 1920	 100	 1	 -1820	 
 77	 93	 1920	 94	 1	 -1826	 
 77	 93	 1920	 96	 1	 -1824	 
 77	 93	 1920	 94	 1	 -1826	 
 77	 93	 1920	 97	 1	 -1823	 
 77	 93	 1920	 95	 1	 -1825	 
 77	 93	 1920	 97	 1	 -1823	 
 77	 93	 1920	 102	 1	 -1818	 
 77	 93	 1920	 94	 1	 -1826	 
 77	 93	 1920	 100	 1	 -1820	 
 77	 93	 1920	 97	 1	 -1823	 
 77	 93	 1920	 98	 1	 -1822	 
 77	 93	 1920	 100	 1	 -1820	 
 77	 93	 1920	 98	 1	 -1822	 
 77	 93	 1920	 96	 1	 -1824	 
 77	 93	 1920	 99	 1	 -1821	 
 77	 93	 1920	 95	 1	 -1825	 
 77	 93	 1920	 96	 1	 -1824	 
 77	 93	 1920	 96	 1	 -1824	 
 77	 93	 1920	 96	 1	 -1824	 
 77	 93	 1920	 99	 1	 -1821	 
 77	 93	 1920	 95	 1	 -1825	 
 77	 93	 1920	 101	 1	 -1819	 
 77	 93	 1920	 96	 1	 -1824	 
 77	 93	 1920	 97	 1	 -1823	 
 77	 93	 1920	 97	 1	 -1823	 
 77	 93	 1920	 100	 1	 -1820	 
 77	 93	 1920	 99	 1	 -1821	 
 77	 93	 1920	 100	 1	 -1820	 
 77	 93	 1920	 99	 1	 -1821	 
 77	 93	 1920	 96	 1	 -1824	 
 77	 93	 1920	 101	 1	 -1819	 
 77	 93	 1920	 101	 1	 -1819	 
 77	 93	 1920	 96	 1	 -1824	 
 77	 93	 1920	 102	 1	 -1818	 
 77	 93	 1920	 94	 1	 -1826	 
 77	 93	 1920	 101	 1	 -1819	 
 77	 93	 1920	 94	 1	 -1826	 
 77	 93	 1920	 96	 1	 -1824	 
 77	 93	 1920	 94	 1	 -1826	 
 77	 93	 1920	 94	 1	 -1826	 
 77	 93	 1920	 100	 1	 -1820	 
 77	 93	 1920	 99	 1	 -1821	 
 77	 93	 1920	 98	 1	 -1822	 
 77	 93	 1920	 98	 1	 -1822	 
 77	 93	 1920	 100	 1	 -1820	 
 77	 93	 1920	 95	 1	 -1825	 
 77	 93	 1920	 98	 1	 -1822	 
 77	 93	 1920	 99	 1	 -1821	 
 77	 93	 1920	 99	 1	 -1821	 
 77	 93	 1920	 99	 1	 -1821	 
 77	 93	 1920	 100	 1	 -1820	 
 77	 93	 1920	 94	 1	 -1826	 
 77	 93	 1920	 99	 1	 -1821	 
 77	 93	 1920	 94	 1	 -1826	 
 77	 93	 1920	 96	 1	 -1824	 
 77	 93	 1920	 102	 1	 -1818	 
 77	 93	 1920	 96	 1	 -1824	 
 77	 93	 1920	 98	 1	 -1822	 
 77	 93	 1920	 100	 1	 -1820	 
 77	 93	 1920	 95	 1	 -1825	 
 77	 93	 1920	 96	 1	 -1824	 
 77	 93	 1920	 94	 1	 -1826	 
 77	 93	 1920	 101	 1	 -1819	 
 77	 93	 1920	 99	 1	 -1821	 
 77	 93	 1920	 99	 1	 -1821	 
 77	 93	 1920	 97	 1	 -1823	 
 77	 93	 1920	 94	 1	 -1826	 
 77	 93	 1920	 100	 1	 -1820	 
 77	 93	 1920	 99	 1	 -1821	 
 77	 93	 1920	 96	 1	 -1824	 
 77	 93	 1920	 99	 1	 -1821	 
 77	 93	 1920	 100	 1	 -1820	 
 77	 93	 1920	 96	 1	 -1824	 
 77	 93	 1920	 99	 1	 -1821	 
 77	 93	 1920	 97	 1	 -1823	 
 77	 93	 1920	 97	 1	 -1823	 
 77	 93	 1920	 95	 1	 -1825	 
 77	 93	 1920	 101	 1	 -1819	 
 77	 93	 1920	 94	 1	 -1826	 
 77	 93	 1920	 101	 1	 -1819	 
 77	 93	 1920	 102	 1	 -1818	 
 77	 93	 1920	 98	 1	 -1822	 
 77	 93	 1920	 102	 1	 -1818	 
 77	 93	 1920	 99	 1	 -1821	 
 77	 93	 1920	 97	 1	 -1823	 
 77	 93	 1920	 101	 1	 -1819	 
 77	 93	 1920	 98	 1	 -1822	 
 0	 0	 0	 0	 0	 0	 
 0	 0	 0	 0	 0	 0	 
 77	 93	 1920	 97	 1	 -1823	 
 77	 93	 1920	 97	 1	 -1823	 
 77	 93	 1920	 102	 1	 -1818	 
 77	 93	 1920	 98	 1	 -1822	 
 77	 93	 1920	 94	 1	 -1826	 
 77	 93	 1920	 101	 1	 -1819	 
 77	 93	 1920	 96	 1	 -1824	 
 77	 93	 1920	 98	 1	 -1822	 
 77	 93	 1920	 100	 1	 -1820	 
 77	 93	 1920	 97	 1	 -1823	 
 77	 93	 1920	 99	 1	 -1821	 
 77	 93	 1920	 97	 1	 -1823	 
 77	 93	 1920	 96	 1	 -1824	 
 77	 93	 1920	 97	 1	 -1823	 
 77	 93	 1920	 100	 1	 -1820	 
 77	 93	 1920	 97	 1	 -1823	 
 77	 93	 1920	 100	 1	 -1820	 
 77	 93	 1920	 95	 1	 -1825	 
 77	 93	 1920	 99	 1	 -1821	 
 77	 93	 1920	 101	 1	 -1819	 
 77	 93	 1920	 101	 1	 -1819	 
 77	 93	 1920	 94	 1	 -1826	 
 77	 93	 1920	 94	 1	 -1826	 
 77	 93	 1920	 100	 1	 -1820	 
 77	 93	 1920	 101	 1	 -1819	 
 77	 93	 1920	 102	 1	 -1818	 
 77	 93	 1920	 97	 1	 -1823	 
 77	 93	 1920	 97	 1	 -1823	 
 77	 93	 1920	 98	 1	 -1822	 
 77	 93	 1920	 100	 1	 -1820	 
 77	 93	 1920	 94	 1	 -1826	 
 77	 93	 1920	 99	 1	 -1821	 
 77	 93	 1920	 99	 1	 -1821	 
 77	 93	 1920	 94	 1	 -1826	 
 77	 93	 1920	 99	 1	 -1821	 
 77	 93	 1920	 98	 1	 -1822	 
 77	 93	 1920	 102	 1	 -1818	 
 77	 93	 1920	 96	 1	 -1824	 
 77	 93	 1920	 95	 1	 -1825	 
 77	 93	 1920	 98	 1	 -1822	 
 77	 93	 1920	 99	 1	 -1821	 
 77	 93	 1920	 100	 1	 -1820	 
 77	 93	 1920	 97	 1	 -1823	 
 77	 93	 1920	 101	 1	 -1819	 
 77	 93	 1920	 97	 1	 -1823	 
 77	 93	 1920	 98	 1	 -1822	 
 77	 93	 1920	 102	 1	 -1818	 
 77	 93	 1920	 99	 1	 -1821	 
 77	 93	 1920	 101	 1	 -1819	 
 77	 93	 1920	 101	 1	 -1819	 
 77	 93	 1920	 97	 1	 -1823	 
 77	 93	 1920	 100	 1	 -1820	 
 77	 93	 1920	 94	 1	 -1826	 
 77	 93	 1920	 95	 1	 -1825	 
 77	 93	 1920	 94	 1	 -1826	 
 77	 93	 1920	 94	 1	 -1826	 
 77	 93	 1920	 97	 1	 -1823	 
 77	 93	 1920	 98	 1	 -1822	 
 77	 93	 1920	 94	 1	 -1826	 
 77	 93	 1920	 96	 1	 -1824	 
 77	 93	 1920	 100	 1	 -1820	 
 77	 93	 1920	 100	 1	 -1820	 
 77	 93	 1920	 94	 1	 -1826	 
 77	 93	 1920	 98	 1	 -1822	 
 77	 93	 1920	 97	 1	 -1823	 
 77	 93	 1920	 95	 1	 -1825	 
 77	 93	 1920	 94	 1	 -1826	 
 77	 93	 1920	 95	 1	 -1825	 
 77	 93	 1920	 95	 1	 -1825	 
 77	 93	 1920	 96	 1	 -1824	 
 77	 93	 1920	 98	 1	 -1822	 
 77	 93	 1920	 100	 1	 -1820	 
 77	 93	 1920	 96	 1	 -1824	 
 77	 93	 1920	 95	 1	 -1825	 
 77	 93	 1920	 102	 1	 -1818	 
 77	 93	 1920	 96	 1	 -1824	 
 77	 93	 1920	 100	 1	 -1820	 
 77	 93	 1920	 94	 1	 -1826	 
 77	 93	 1920	 100	 1	 -1820	 
 77	 93	 1920	 95	 1	 -1825	 
 77	 93	 1920	 94	 1	 -1826	 
 77	 93	 1920	 99	 1	 -1821	 
 77	 93	 1920	 96	 1	 -1824	 
 77	 93	 1920	 99	 1	 -1821	 
 77	 93	 1920	 99	 1	 -1821	 
 77	 93	 1920	 100	 1	 -1820	 
 77	 93	 1920	 100	 1	 -1820	 
 77	 93	 1920	 95	 1	 -1825	 
 77	 93	 1920	 99	 1	 -1821	 
 77	 93	 1920	 99	 1	 -1821	 
 77	 93	 1920	 97	 1	 -1823	 
 77	 93	 1920	 98	 1	 -1822	 
 77	 93	 1920	 94	 1	 -1826	 
 77	 93	 1920	 96	 1	 -1824	 
 77	 93	 1920	 95	 1	 -1825	 
 77	 93	 1920	 98	 1	 -1822	 
 77	 93	 1920	 102	 1	 -1818	 
 77	 93	 1920	 97	 1	 -1823	 
 77	 93	 1920	 101	 1	 -1819	 
 0	 0	 0	 0	 0	 0	 
 0	 0	 0	 0	 0	 0	 
 77	 93	 1920	 96	 1	 -1824	 
 77	 93	 1920	 94	 1	 -1826	 
 77	 93	 1920	 95	 1	 -1825	 
 77	 93	 1920	 101	 1	 -1819	 
 77	 93	 1920	 98	 1	 -1822	 
 77	 93	 1920	 96	 1	 -1824	 
 77	 93	 1920	 96	 1	 -1824	 
 77	 93	 1920	 94	 1	 -1826	 
 77	 93	 1920	 97	 1	 -1823	 
 77	 93	 1920	 99	 1	 -1821	 
 77	 93	 1920	 96	 1	 -1824	 
 77	 93	 1920	 97	 1	 -1823	 
 77	 93	 1920	 101	 1	 -1819	 
 77	 93	 1920	 94	 1	 -1826	 
 77	 93	 1920	 96	 1	 -1824	 
 77	 93	 1920	 97	 1	 -1823	 
 77	 93	 1920	 101	 1	 -1819	 
 77	 93	 1920	 96	 1	 -1824	 
 77	 93	 1920	 98	 1	 -1822	 
 77	 93	 1920	 102	 1	 -1818	 
 77	 93	 1920	 99	 1	 -1821	 
 77	 93	 1920	 96	 1	 -1824	 
 77	 93	 1920	 95	 1	 -1825	 
 77	 93	 1920	 97	 1	 -1823	 
 77	 93	 1920	 101	 1	 -1819	 
 77	 93	 1920	 98	 1	 -1822	 
 77	 93	 1920	 100	 1	 -1820	 
 77	 93	 1920	 95	 1	 -1825	 
 77	 93	 1920	 94	 1	 -1826	 
 77	 93	 1920	 96	 1	 -1824	 
 77	 93	 1920	 101	 1	 -1819	 
 77	 93	 1920	 101	 1	 -1819	 
 77	 93	 1920	 101	 1	 -1819	 
 77	 93	 1920	 96	 1	 -1824	 
 77	 93	 1920	 98	 1	 -1822	 
 77	 93	 1920	 99	 1	 -1821	 
 77	 93	 1920	 94	 1	 -1826	 
 77	 93	 1920	 98	 1	 -1822	 
 77	 93	 1920	 95	 1	 -1825	 
 77	 93	 1920	 102	 1	 -1818	 
 77	 93	 1920	 100	 1	 -1820	 
 77	 93	 1920	 101	 1	 -1819	 
 77	 93	 1920	 99	 1	 -1821	 
 77	 93	 1920	 101	 1	 -1819	 
 77	 93	 1920	 94	 1	 -1826	 
 77	 93	 1920	 100	 1	 -1820	 
 77	 93	 1920	 100	 1	 -1820	 
 77	 93	 1920	 96	 1	 -1824	 
 77	 93	 1920	 95	 1	 -1825	 
 77	 93	 1920	 98	 1	 -1822	 
 77	 93	 1920	 102	 1	 -1818	 
 77	 93	 1920	 102	 1	 -1818	 
 77	 93	 1920	 96	 1	 -1824	 
 77	 93	 1920	 102	 1	 -1818	 
 77	 93	 1920	 102	 1	 -1818	 
 77	 93	 1920	 95	 1	 -1825	 
 77	 93	 1920	 102	 1	 -1818	 
 77	 93	 1920	 102	 1	 -1818	 
 77	 93	 1920	 96	 1	 -1824	 
 77	 93	 1920	 95	 1	 -1825	 
 77	 93	 1920	 102	 1	 -1818	 
 77	 93	 1920	 96	 1	 -1824	 
 77	 93	 1920	 94	 1	 -1826	 
 77	 93	 1920	 100	 1	 -1820	 
 77	 93	 1920	 94	 1	 -1826	 
 77	 93	 1920	 100	 1	 -1820	 
 77	 93	 1920	 101	 1	 -1819	 
 77	 93	 1920	 102	 1	 -1818	 
 77	 93	 1920	 96	 1	 -1824	 
 77	 93	 1920	 95	 1	 -1825	 
 77	 93	 1920	 99	 1	 -1821	 
 77	 93	 1920	 99	 1	 -1821	 
 77	 93	 1920	 94	 1	 -1826	 
 77	 93	 1920	 96	 1	 -1824	 
 77	 93	 1920	 97	 1	 -1823	 
 77	 93	 1920	 99	 1	 -1821	 
 77	 93	 1920	 99	 1	 -1821	 
 77	 93	 1920	 100	 1	 -1820	 
 77	 93	 1920	 98	 1	 -1822	 
 77	 93	 1920	 98	 1	 -1822	 
 77	 93	 1920	 97	 1	 -1823	 
 77	 93	 1920	 99	 1	 -1821	 
 77	 93	 1920	 102	 1	 -1818	 
 77	 93	 1920	 96	 1	 -1824	 
 77	 93	 1920	 95	 1	 -1825	 
 77	 93	 1920	 101	 1	 -1819	 
 77	 93	 1920	 96	 1	 -1824	 
 77	 93	 1920	 94	 1	 -1826	 
 77	 93	 1920	 94	 1	 -1826	 
 77	 93	 1920	 95	 1	 -1825	 
 77	 93	 1920	 97	 1	 -1823	 
 77	 93	 1920	 94	 1	 -1826	 
 77	 93	 1920	 101	 1	 -1819	 
 77	 93	 1920	 97	 1	 -1823	 
 77	 93	 1920	 96	 1	 -1824	 
 77	 93	 1920	 94	 1	 -1826	 
 77	 93	 1920	 96	 1	 -1824	 
 77	 93	 1920	 100	 1	 -1820	 
 77	 93	 1920	 99	 1	 -1821	 
 0	 0	 0	 0	 0	 0	 
 0	 0	 0	 0	 0	 0	 
 72	 112	 1920	 124	 0	 -1796	 
 72	 112	 1920	 130	 0	 -1790	 
 72	 112	 1920	 132	 0	 -1788	 
 72	 112	 1920	 125	 0	 -1795	 
 72	 112	 1920	 130	 0	 -1790	 
 72	 112	 1920	 126	 0	 -1794	 
 72	 112	 1920	 123	 0	 -1797	 
 72	 112	 1920	 133	 0	 -1787	 
 72	 112	 1920	 126	 0	 -1794	 
 72	 112	 1920	 120	 0	 -1800	 
 72	 112	 1920	 116	 0	 -1804	 
 72	 112	 1920	 115	 0	 -1805	 
 72	 112	 1920	 113	 0	 -1807	 
 72	 112	 1920	 131	 0	 -1789	 
 72	 112	 1920	 116	 0	 -1804	 
 72	 112	 1920	 114	 0	 -1806	 
 72	 112	 1920	 133	 0	 -1787	 
 72	 112	 1920	 122	 0	 -1798	 
 72	 112	 1920	 116	 0	 -1804	 
 72	 112	 1920	 117	 0	 -1803	 
 72	 112	 1920	 122	 0	 -1798	 
 72	 112	 1920	 124	 0	 -1796	 
 72	 112	 1920	 131	 0	 -1789	 
 72	 112	 1920	 132	 0	 -1788	 
 72	 112	 1920	 126	 0	 -1794	 
 72	 112	 1920	 122	 0	 -1798	 
 72	 112	 1920	 122	 0	 -1798	 
 72	 112	 1920	 113	 0	 -1807	 
 72	 112	 1920	 121	 0	 -1799	 
 72	 112	 1920	 123	 0	 -1797	 
 72	 112	 1920	 122	 0	 -1798	 
 72	 112	 1920	 114	 0	 -1806	 
 72	 112	 1920	 121	 0	 -1799	 
 72	 112	 1920	 123	 0	 -1797	 
 72	 112	 1920	 123	 0	 -1797	 
 72	 112	 1920	 117	 0	 -1803	 
 72	 112	 1920	 117	 0	 -1803	 
 72	 112	 1920	 118	 0	 -1802	 
 72	 112	 1920	 127	 0	 -1793	 
 72	 112	 1920	 120	 0	 -1800	 
 72	 112	 1920	 119	 0	 -1801	 
 72	 112	 1920	 119	 0	 -1801	 
 72	 112	 1920	 121	 0	 -1799	 
 72	 112	 1920	 132	 0	 -1788	 
 72	 112	 1920	 127	 0	 -1793	 
 72	 112	 1920	 129	 0	 -1791	 
 72	 112	 1920	 127	 0	 -1793	 
 72	 112	 1920	 123	 0	 -1797	 
 72	 112	 1920	 128	 0	 -1792	 
 72	 112	 1920	 118	 0	 -1802	 
 72	 112	 1920	 115	 0	 -1805	 
 72	 112	 1920	 120	 0	 -1800	 
 72	 112	 1920	 119	 0	 -1801	 
 72	 112	 1920	 119	 0	 -1801	 
 72	 112	 1920	 125	 0	 -1795	 
 72	 112	 1920	 124	 0	 -1796	 
 72	 112	 1920	 129	 0	 -1791	 
 72	 112	 1920	 118	 0	 -1802	 
 72	 112	 1920	 117	 0	 -1803	 
 72	 112	 1920	 126	 0	 -1794	 
 72	 112	 1920	 118	 0	 -1802	 
 72	 112	 1920	 114	 0	 -1806	 
 72	 112	 1920	 124	 0	 -1796	 
 72	 112	 1920	 123	 0	 -1797	 
 72	 112	 1920	 126	 0	 -1794	 
 72	 112	 1920	 117	 0	 -1803	 
 72	 112	 1920	 130	 0	 -1790	 
 72	 112	 1920	 131	 0	 -1789	 
 72	 112	 1920	 123	 0	 -1797	 
 72	 112	 1920	 123	 0	 -1797	 
 72	 112	 1920	 117	 0	 -1803	 
 72	 112	 1920	 128	 0	 -1792	 
 72	 112	 1920	 119	 0	 -1801	 
 72	 112	 1920	 116	 0	 -1804	 
 72	 112	 1920	 131	 0	 -1789	 
 72	 112	 1920	 122	 0	 -1798	 
 72	 112	 1920	 127	 0	 -1793	 
 72	 112	 1920	 116	 0	 -1804	 
 72	 112	 1920	 131	 0	 -1789	 
 72	 112	 1920	 127	 0	 -1793	 
 72	 112	 1920	 118	 0	 -1802	 
 72	 112	 1920	 132	 0	 -1788	 
 72	 112	 1920	 120	 0	 -1800	 
 72	 112	 1920	 116	 0	 -1804	 
 72	 112	 1920	 126	 0	 -1794	 
 72	 112	 1920	 132	 0	 -1788	 
 72	 112	 1920	 115	 0	 -1805	 
 72	 112	 1920	 116	 0	 -1804	 
 72	 112	 1920	 118	 0	 -1802	 
 72	 112	 1920	 113	 0	 -1807	 
 72	 112	 1920	 127	 0	 -1793	 
 72	 112	 1920	 129	 0	 -1791	 
 72	 112	 1920	 117	 0	 -1803	 
 72	 112	 1920	 126	 0	 -1794	 
 72	 112	 1920	 128	 0	 -1792	 
 72	 112	 1920	 116	 0	 -1804	 
 72	 112	 1920	 122	 0	 -1798	 
 72	 112	 1920	 123	 0	 -1797	 
 72	 112	 1920	 121	 0	 -1799	 
 0	 0	 0	 0	 0	 0	 
 