s	 e	 integralPartic	 alturaRetang	 metadePartic	 maximaPartic	 minimoPArtic	 alturaPartic	 p	 comparativoMet
66	 86	 8.541947e+03	 4.067594e+02	 4.142296e+02	 8.283559e+02	 1.032258e-01	 9.819661e-01	 0	 1.018365e+00	 
 82	 110	 9.526994e+03	 3.285170e+02	 4.142296e+02	 8.283559e+02	 1.032258e-01	 7.134924e-01	 0	 1.260907e+00	 
 84	 119	 1.577324e+03	 4.381455e+01	 4.142296e+02	 8.283559e+02	 1.032258e-01	 6.090587e-03	 0	 9.454155e+00	 
 66	 86	 8.541947e+03	 4.067594e+02	 4.142296e+02	 8.283559e+02	 1.032258e-01	 9.819661e-01	 0	 1.018365e+00	 
 68	 113	 3.404962e+04	 7.402091e+02	 4.142296e+02	 8.283559e+02	 1.032258e-01	 1.786954e+00	 1	 5.596116e-01	 
 82	 117	 2.817004e+04	 7.825011e+02	 4.142296e+02	 8.283559e+02	 1.032258e-01	 1.988462e+00	 1	 5.293661e-01	 
 82	 110	 1.025176e+04	 3.535090e+02	 4.142296e+02	 8.283559e+02	 1.032258e-01	 7.134924e-01	 0	 1.171765e+00	 
 68	 113	 3.404962e+04	 7.402091e+02	 4.142296e+02	 8.283559e+02	 1.032258e-01	 1.786954e+00	 1	 5.596116e-01	 
 65	 85	 1.876615e+03	 8.936263e+01	 4.142296e+02	 8.283559e+02	 1.032258e-01	 2.157321e-01	 0	 4.635378e+00	 
 84	 119	 9.082444e+01	 2.522901e+00	 4.142296e+02	 8.283559e+02	 1.032258e-01	 6.090587e-03	 0	 1.641878e+02	 
 