2.331280e-01	 7.184628e-01	 3.812715e-03	 5.591448e-02	 1.305263e+02	 8.381342e+00	 
 2.308143e-01	 6.631759e-01	 2.689147e-03	 9.293088e-02	 9.829865e+01	 7.792847e+00	 
 2.340955e-01	 6.604329e-01	 2.355577e-03	 9.187257e-02	 8.543177e+01	 7.771995e+00	 
 2.356748e-01	 6.592643e-01	 1.906470e-03	 9.134433e-02	 6.809741e+01	 7.764497e+00	 
 2.312338e-01	 6.627187e-01	 2.780257e-03	 9.280819e-02	 9.974460e+01	 7.789811e+00	 
 2.356748e-01	 6.592630e-01	 1.906437e-03	 9.134520e-02	 6.809628e+01	 7.764479e+00	 
 2.140886e-01	 6.788415e-01	 1.030000e-05	 9.914804e-02	 1.064924e+00	 8.340332e+00	 
 2.140922e-01	 6.787874e-01	 9.989473e-06	 9.917864e-02	 1.017137e+00	 8.357346e+00	 
 2.140936e-01	 6.788589e-01	 9.579600e-06	 9.913292e-02	 9.641194e-01	 8.334768e+00	 
 2.140971e-01	 6.787842e-01	 9.994826e-06	 9.917654e-02	 1.022191e+00	 8.357723e+00	 
 2.140945e-01	 6.788720e-01	 9.657306e-06	 9.912396e-02	 9.776712e-01	 8.330369e+00	 
 2.140886e-01	 6.788415e-01	 1.030000e-05	 9.914804e-02	 1.064924e+00	 8.340332e+00	 
 2.082543e-01	 7.183638e-01	 9.678720e-05	 7.954989e-02	 1.753019e+00	 8.008354e+00	 
 2.082590e-01	 7.174839e-01	 9.411443e-05	 8.009518e-02	 1.752561e+00	 7.983114e+00	 
 2.085190e-01	 7.164750e-01	 9.193091e-05	 8.049487e-02	 1.777935e+00	 7.955416e+00	 
 2.083027e-01	 7.179710e-01	 9.665249e-05	 7.975179e-02	 1.765817e+00	 7.997622e+00	 
 2.082501e-01	 7.175638e-01	 9.445933e-05	 8.005322e-02	 1.764929e+00	 7.985182e+00	 
 2.083738e-01	 7.175888e-01	 9.672261e-05	 7.992927e-02	 1.978682e+00	 7.983880e+00	 
 2.352172e-01	 6.843178e-01	 1.455073e-02	 7.566414e-02	 8.417562e+02	 7.667257e+00	 
 2.413056e-01	 6.791804e-01	 1.550883e-02	 7.347729e-02	 8.892901e+02	 7.689804e+00	 
 2.428486e-01	 6.780120e-01	 1.555888e-02	 7.289591e-02	 8.933555e+02	 7.696454e+00	 
 2.428514e-01	 6.780140e-01	 1.555956e-02	 7.289216e-02	 8.933944e+02	 7.696498e+00	 
 2.413108e-01	 6.791845e-01	 1.551015e-02	 7.347005e-02	 8.893653e+02	 7.689889e+00	 
 2.399133e-01	 6.803894e-01	 1.501782e-02	 7.397179e-02	 8.590374e+02	 7.684277e+00	 
 2.080012e-01	 7.091286e-01	 1.787233e-03	 8.488111e-02	 6.259804e+01	 8.747161e+00	 
 2.088378e-01	 6.809284e-01	 1.286388e-03	 1.019379e-01	 4.629491e+01	 8.293811e+00	 
 2.087776e-01	 6.810045e-01	 1.261192e-03	 1.019542e-01	 4.587012e+01	 8.293985e+00	 
 2.087295e-01	 6.810312e-01	 1.277903e-03	 1.019738e-01	 4.650581e+01	 8.294162e+00	 
 2.104079e-01	 6.798646e-01	 8.485468e-04	 1.014054e-01	 3.239242e+01	 8.283221e+00	 
 2.086293e-01	 6.810516e-01	 1.361358e-03	 1.020109e-01	 4.830767e+01	 8.295368e+00	 
 1.514121e-01	 7.492085e-01	 2.873520e-03	 1.081555e-01	 2.609978e+02	 8.399017e+00	 
 1.509750e-01	 7.497185e-01	 2.581065e-03	 1.082822e-01	 2.382825e+02	 8.399500e+00	 
 1.499825e-01	 7.505177e-01	 2.439395e-03	 1.086327e-01	 2.206587e+02	 8.400411e+00	 
 1.506110e-01	 7.500004e-01	 2.525675e-03	 1.084129e-01	 2.303487e+02	 8.399910e+00	 
 1.506319e-01	 7.498560e-01	 2.756749e-03	 1.084274e-01	 2.482254e+02	 8.399510e+00	 
 1.509752e-01	 7.497188e-01	 2.581077e-03	 1.082819e-01	 2.382834e+02	 8.399505e+00	 
 1.308100e-01	 7.613282e-01	 2.219635e-03	 1.176392e-01	 2.109116e+02	 8.335755e+00	 
 1.315762e-01	 7.607075e-01	 2.220544e-03	 1.173769e-01	 2.105296e+02	 8.332161e+00	 
 1.310054e-01	 7.611493e-01	 2.225413e-03	 1.175746e-01	 2.092910e+02	 8.335122e+00	 
 1.305003e-01	 7.615641e-01	 2.249559e-03	 1.177458e-01	 2.131733e+02	 8.337249e+00	 
 1.312918e-01	 7.609238e-01	 2.248980e-03	 1.174747e-01	 2.126730e+02	 8.333532e+00	 
 1.324370e-01	 7.599687e-01	 2.295397e-03	 1.170866e-01	 2.152355e+02	 8.328191e+00	 
 1.886029e-01	 7.236108e-01	 6.965190e-03	 9.244687e-02	 4.600085e+02	 7.666506e+00	 
 1.854570e-01	 7.262480e-01	 6.596544e-03	 9.358025e-02	 4.444584e+02	 7.677386e+00	 
 1.792576e-01	 7.308848e-01	 6.332853e-03	 9.592177e-02	 4.193542e+02	 7.698584e+00	 
 1.860348e-01	 7.258153e-01	 6.605361e-03	 9.336235e-02	 4.455621e+02	 7.675606e+00	 
 1.854569e-01	 7.262462e-01	 6.596422e-03	 9.358145e-02	 4.444502e+02	 7.677368e+00	 
 1.854564e-01	 7.262466e-01	 6.596351e-03	 9.358162e-02	 4.444467e+02	 7.677370e+00	 
 1.533761e-01	 7.502727e-01	 6.101670e-03	 1.056783e-01	 3.829576e+02	 7.820395e+00	 
 1.533765e-01	 7.502708e-01	 6.101543e-03	 1.056792e-01	 3.829502e+02	 7.820379e+00	 
 1.540656e-01	 7.494971e-01	 6.499497e-03	 1.054656e-01	 4.001212e+02	 7.815434e+00	 
 1.539075e-01	 7.498718e-01	 6.027818e-03	 1.054798e-01	 3.775227e+02	 7.817504e+00	 
 1.533765e-01	 7.502708e-01	 6.101543e-03	 1.056792e-01	 3.829502e+02	 7.820379e+00	 
 1.513015e-01	 7.518380e-01	 6.389962e-03	 1.064532e-01	 4.041733e+02	 7.831784e+00	 
 1.823981e-01	 7.285327e-01	 6.380028e-03	 9.473760e-02	 4.252752e+02	 7.687307e+00	 
 1.854569e-01	 7.262462e-01	 6.596422e-03	 9.358145e-02	 4.444502e+02	 7.677368e+00	 
 1.860353e-01	 7.258149e-01	 6.605429e-03	 9.336220e-02	 4.455654e+02	 7.675605e+00	 
 1.854570e-01	 7.262480e-01	 6.596544e-03	 9.358025e-02	 4.444584e+02	 7.677386e+00	 
 1.860354e-01	 7.258130e-01	 6.605342e-03	 9.336332e-02	 4.455590e+02	 7.675585e+00	 
 1.854570e-01	 7.262480e-01	 6.596544e-03	 9.358025e-02	 4.444584e+02	 7.677386e+00	 
 1.513016e-01	 7.518379e-01	 6.390029e-03	 1.064532e-01	 4.041762e+02	 7.831783e+00	 
 1.533770e-01	 7.502689e-01	 6.101506e-03	 1.056800e-01	 3.829469e+02	 7.820363e+00	 
 1.544003e-01	 7.495016e-01	 5.959452e-03	 1.052946e-01	 3.724887e+02	 7.814848e+00	 
 1.546220e-01	 7.490823e-01	 6.415945e-03	 1.052561e-01	 3.941251e+02	 7.812455e+00	 
 1.553642e-01	 7.487838e-01	 6.132386e-03	 1.049286e-01	 3.867706e+02	 7.809694e+00	 
 1.533757e-01	 7.502747e-01	 6.101836e-03	 1.056773e-01	 3.829667e+02	 7.820411e+00	 
 1.321578e-01	 7.602098e-01	 1.969332e-03	 1.171883e-01	 1.758242e+02	 8.332070e+00	 
 1.321578e-01	 7.602098e-01	 1.969332e-03	 1.171883e-01	 1.758242e+02	 8.332070e+00	 
 1.304963e-01	 7.615783e-01	 1.935496e-03	 1.177537e-01	 1.747269e+02	 8.339762e+00	 
 1.315967e-01	 7.606678e-01	 2.077265e-03	 1.173768e-01	 1.900679e+02	 8.333580e+00	 
 1.299992e-01	 7.619062e-01	 2.042249e-03	 1.179353e-01	 1.815237e+02	 8.342279e+00	 
 1.299487e-01	 7.619489e-01	 2.026160e-03	 1.179527e-01	 1.797030e+02	 8.342651e+00	 
 1.250393e-01	 7.952444e-01	 2.135636e-03	 1.013335e-01	 1.936734e+02	 8.530844e+00	 
 1.323859e-01	 7.601986e-01	 1.709494e-03	 1.170842e-01	 1.591176e+02	 8.330544e+00	 
 1.334481e-01	 7.593232e-01	 1.728176e-03	 1.167241e-01	 1.596309e+02	 8.325661e+00	 
 1.324017e-01	 7.601142e-01	 1.800179e-03	 1.170900e-01	 1.638643e+02	 8.330880e+00	 
 1.334470e-01	 7.593271e-01	 1.819185e-03	 1.167225e-01	 1.716054e+02	 8.324632e+00	 
 1.324607e-01	 7.600659e-01	 1.812229e-03	 1.170696e-01	 1.652931e+02	 8.330485e+00	 
 1.206873e-01	 8.032766e-01	 2.480020e-03	 9.990569e-02	 2.187842e+02	 8.571888e+00	 
 1.310414e-01	 7.611298e-01	 1.933105e-03	 1.175685e-01	 1.734351e+02	 8.337369e+00	 
 1.195506e-01	 8.034538e-01	 2.423983e-03	 1.007715e-01	 2.149239e+02	 8.572331e+00	 
 1.312351e-01	 7.609716e-01	 1.936051e-03	 1.175060e-01	 1.743299e+02	 8.336259e+00	 
 1.315967e-01	 7.606678e-01	 2.077265e-03	 1.173768e-01	 1.900679e+02	 8.333580e+00	 
 1.310414e-01	 7.611298e-01	 1.933105e-03	 1.175685e-01	 1.734351e+02	 8.337369e+00	 
 1.315206e-01	 7.607393e-01	 1.822788e-03	 1.174080e-01	 1.590494e+02	 8.336471e+00	 
 1.299928e-01	 7.619924e-01	 1.793689e-03	 1.179311e-01	 1.582934e+02	 8.343476e+00	 
 1.294664e-01	 7.623569e-01	 1.872373e-03	 1.181187e-01	 1.622986e+02	 8.346353e+00	 
 1.198521e-01	 8.007597e-01	 2.243227e-03	 1.022158e-01	 1.951983e+02	 8.559776e+00	 
 1.295063e-01	 7.623232e-01	 1.885084e-03	 1.181050e-01	 1.637371e+02	 8.346036e+00	 
 1.295063e-01	 7.623232e-01	 1.885084e-03	 1.181050e-01	 1.637371e+02	 8.346036e+00	 
 2.077393e-01	 7.224049e-01	 1.003314e-04	 7.748978e-02	 1.970731e+00	 8.110965e+00	 
 2.079032e-01	 7.210987e-01	 9.550554e-05	 7.815874e-02	 1.773319e+00	 8.078833e+00	 
 2.076421e-01	 7.223480e-01	 9.834657e-05	 7.760988e-02	 1.745116e+00	 8.111726e+00	 
 2.079032e-01	 7.210987e-01	 9.550554e-05	 7.815874e-02	 1.773319e+00	 8.078833e+00	 
 2.079032e-01	 7.210987e-01	 9.550554e-05	 7.815874e-02	 1.773319e+00	 8.078833e+00	 
 2.076642e-01	 7.221714e-01	 9.837317e-05	 7.770036e-02	 1.754920e+00	 8.107107e+00	 
 2.076202e-01	 7.222205e-01	 9.842930e-05	 7.770684e-02	 1.592167e+00	 8.110967e+00	 
 2.076603e-01	 7.221888e-01	 9.842622e-05	 7.769343e-02	 1.795199e+00	 8.106883e+00	 
 2.077906e-01	 7.208259e-01	 9.327324e-05	 7.842759e-02	 1.600975e+00	 8.073011e+00	 
 2.075627e-01	 7.226898e-01	 9.883422e-05	 7.746526e-02	 1.587975e+00	 8.123031e+00	 
 2.073250e-01	 7.227394e-01	 9.879299e-05	 7.764480e-02	 1.595601e+00	 8.122791e+00	 
 2.075986e-01	 7.220464e-01	 9.760262e-05	 7.783714e-02	 1.792164e+00	 8.102503e+00	 
 1.304963e-01	 7.615783e-01	 1.935496e-03	 1.177537e-01	 1.747269e+02	 8.339762e+00	 
 1.299992e-01	 7.619062e-01	 2.042249e-03	 1.179353e-01	 1.815237e+02	 8.342279e+00	 
 1.310414e-01	 7.611298e-01	 1.933105e-03	 1.175685e-01	 1.734351e+02	 8.337369e+00	 
 1.310414e-01	 7.611298e-01	 1.933105e-03	 1.175685e-01	 1.734351e+02	 8.337369e+00	 
 1.307633e-01	 7.613748e-01	 1.913303e-03	 1.176617e-01	 1.732183e+02	 8.338450e+00	 
 1.310414e-01	 7.611298e-01	 1.933105e-03	 1.175685e-01	 1.734351e+02	 8.337369e+00	 
 1.306728e-01	 7.614468e-01	 1.794347e-03	 1.176950e-01	 1.579363e+02	 8.340338e+00	 
 1.289821e-01	 7.628273e-01	 1.774567e-03	 1.182733e-01	 1.578015e+02	 8.348156e+00	 
 1.301218e-01	 7.618979e-01	 1.783910e-03	 1.178842e-01	 1.576667e+02	 8.342859e+00	 
 1.305440e-01	 7.615468e-01	 1.899288e-03	 1.177383e-01	 1.710724e+02	 8.339724e+00	 
 1.296025e-01	 7.623282e-01	 1.774179e-03	 1.180592e-01	 1.574196e+02	 8.345271e+00	 
 1.198521e-01	 8.007597e-01	 2.243227e-03	 1.022158e-01	 1.951983e+02	 8.559776e+00	 
 2.140982e-01	 6.791714e-01	 8.934225e-06	 9.893406e-02	 9.013432e-01	 8.233966e+00	 
 2.141006e-01	 6.792555e-01	 8.586068e-06	 9.887952e-02	 8.597870e-01	 8.206849e+00	 
 2.140982e-01	 6.791714e-01	 8.934225e-06	 9.893406e-02	 9.013432e-01	 8.233966e+00	 
 2.141030e-01	 6.792755e-01	 8.804516e-06	 9.886478e-02	 8.548799e-01	 8.201138e+00	 
 2.140979e-01	 6.792243e-01	 8.573397e-06	 9.890136e-02	 8.523947e-01	 8.217316e+00	 
 2.141039e-01	 6.792217e-01	 8.718956e-06	 9.889774e-02	 8.793769e-01	 8.217137e+00	 
 2.141142e-01	 6.791449e-01	 8.185362e-06	 9.893675e-02	 7.641861e-01	 8.242618e+00	 
 2.141131e-01	 6.790757e-01	 7.899150e-06	 9.898097e-02	 7.527927e-01	 8.264201e+00	 
 2.141121e-01	 6.790524e-01	 8.039261e-06	 9.899639e-02	 7.704373e-01	 8.271699e+00	 
 2.141158e-01	 6.790500e-01	 8.042552e-06	 9.899471e-02	 7.741711e-01	 8.271954e+00	 
 2.141145e-01	 6.791591e-01	 8.132320e-06	 9.892766e-02	 7.580893e-01	 8.238058e+00	 
 2.141110e-01	 6.789996e-01	 8.225547e-06	 9.903027e-02	 7.921291e-01	 8.288694e+00	 
 