2.338684e-01	 6.606665e-01	 2.205279e-03	 9.194163e-02	 7.775169e+00	 
 2.338684e-01	 6.606665e-01	 2.205279e-03	 9.194163e-02	 7.775169e+00	 
 2.338684e-01	 6.606665e-01	 2.205279e-03	 9.194163e-02	 7.775169e+00	 
 2.338684e-01	 6.606665e-01	 2.205279e-03	 9.194163e-02	 7.775169e+00	 
 2.338684e-01	 6.606665e-01	 2.205279e-03	 9.194163e-02	 7.775169e+00	 
 2.338684e-01	 6.606665e-01	 2.205279e-03	 9.194163e-02	 7.775169e+00	 
 2.140922e-01	 6.787874e-01	 9.989496e-06	 9.917864e-02	 8.357345e+00	 
 2.140922e-01	 6.787874e-01	 9.989496e-06	 9.917864e-02	 8.357345e+00	 
 2.140922e-01	 6.787874e-01	 9.989496e-06	 9.917864e-02	 8.357345e+00	 
 2.140922e-01	 6.787874e-01	 9.989496e-06	 9.917864e-02	 8.357345e+00	 
 2.140922e-01	 6.787874e-01	 9.989496e-06	 9.917864e-02	 8.357345e+00	 
 2.140922e-01	 6.787874e-01	 9.989496e-06	 9.917864e-02	 8.357345e+00	 
 2.085098e-01	 7.165052e-01	 9.203770e-05	 8.048422e-02	 7.956238e+00	 
 2.085098e-01	 7.165052e-01	 9.203770e-05	 8.048422e-02	 7.956238e+00	 
 2.085098e-01	 7.165052e-01	 9.203770e-05	 8.048422e-02	 7.956238e+00	 
 2.085098e-01	 7.165052e-01	 9.203770e-05	 8.048422e-02	 7.956238e+00	 
 2.085098e-01	 7.165052e-01	 9.203770e-05	 8.048422e-02	 7.956238e+00	 
 2.085098e-01	 7.165052e-01	 9.203770e-05	 8.048422e-02	 7.956238e+00	 
 2.413108e-01	 6.791845e-01	 1.551015e-02	 7.347005e-02	 7.689889e+00	 
 2.413108e-01	 6.791845e-01	 1.551015e-02	 7.347005e-02	 7.689889e+00	 
 2.413108e-01	 6.791845e-01	 1.551015e-02	 7.347005e-02	 7.689889e+00	 
 2.413108e-01	 6.791845e-01	 1.551015e-02	 7.347005e-02	 7.689889e+00	 
 2.413108e-01	 6.791845e-01	 1.551015e-02	 7.347005e-02	 7.689889e+00	 
 2.413108e-01	 6.791845e-01	 1.551015e-02	 7.347005e-02	 7.689889e+00	 
 2.087293e-01	 6.810367e-01	 1.277997e-03	 1.019705e-01	 8.294242e+00	 
 2.087293e-01	 6.810367e-01	 1.277997e-03	 1.019705e-01	 8.294242e+00	 
 2.087293e-01	 6.810367e-01	 1.277997e-03	 1.019705e-01	 8.294242e+00	 
 2.087293e-01	 6.810367e-01	 1.277997e-03	 1.019705e-01	 8.294242e+00	 
 2.087293e-01	 6.810367e-01	 1.277997e-03	 1.019705e-01	 8.294242e+00	 
 2.087293e-01	 6.810367e-01	 1.277997e-03	 1.019705e-01	 8.294242e+00	 
 1.510398e-01	 7.496434e-01	 2.624300e-03	 1.082632e-01	 8.399436e+00	 
 1.510398e-01	 7.496434e-01	 2.624300e-03	 1.082632e-01	 8.399436e+00	 
 1.510398e-01	 7.496434e-01	 2.624300e-03	 1.082632e-01	 8.399436e+00	 
 1.510398e-01	 7.496434e-01	 2.624300e-03	 1.082632e-01	 8.399436e+00	 
 1.510398e-01	 7.496434e-01	 2.624300e-03	 1.082632e-01	 8.399436e+00	 
 1.510398e-01	 7.496434e-01	 2.624300e-03	 1.082632e-01	 8.399436e+00	 
 1.311359e-01	 7.610405e-01	 2.264602e-03	 1.175295e-01	 8.334272e+00	 
 1.311359e-01	 7.610405e-01	 2.264602e-03	 1.175295e-01	 8.334272e+00	 
 1.311359e-01	 7.610405e-01	 2.264602e-03	 1.175295e-01	 8.334272e+00	 
 1.311359e-01	 7.610405e-01	 2.264602e-03	 1.175295e-01	 8.334272e+00	 
 1.311359e-01	 7.610405e-01	 2.264602e-03	 1.175295e-01	 8.334272e+00	 
 1.311359e-01	 7.610405e-01	 2.264602e-03	 1.175295e-01	 8.334272e+00	 
 1.854570e-01	 7.262480e-01	 6.596544e-03	 9.358025e-02	 7.677386e+00	 
 1.854570e-01	 7.262480e-01	 6.596544e-03	 9.358025e-02	 7.677386e+00	 
 1.854570e-01	 7.262480e-01	 6.596544e-03	 9.358025e-02	 7.677386e+00	 
 1.854570e-01	 7.262480e-01	 6.596544e-03	 9.358025e-02	 7.677386e+00	 
 1.854570e-01	 7.262480e-01	 6.596544e-03	 9.358025e-02	 7.677386e+00	 
 1.854570e-01	 7.262480e-01	 6.596544e-03	 9.358025e-02	 7.677386e+00	 
 1.533761e-01	 7.502727e-01	 6.101670e-03	 1.056783e-01	 7.820395e+00	 
 1.533761e-01	 7.502727e-01	 6.101670e-03	 1.056783e-01	 7.820395e+00	 
 1.533761e-01	 7.502727e-01	 6.101670e-03	 1.056783e-01	 7.820395e+00	 
 1.533761e-01	 7.502727e-01	 6.101670e-03	 1.056783e-01	 7.820395e+00	 
 1.533761e-01	 7.502727e-01	 6.101670e-03	 1.056783e-01	 7.820395e+00	 
 1.533761e-01	 7.502727e-01	 6.101670e-03	 1.056783e-01	 7.820395e+00	 
 1.854570e-01	 7.262480e-01	 6.596544e-03	 9.358025e-02	 7.677386e+00	 
 1.854570e-01	 7.262480e-01	 6.596544e-03	 9.358025e-02	 7.677386e+00	 
 1.854570e-01	 7.262480e-01	 6.596544e-03	 9.358025e-02	 7.677386e+00	 
 1.854570e-01	 7.262480e-01	 6.596544e-03	 9.358025e-02	 7.677386e+00	 
 1.854570e-01	 7.262480e-01	 6.596544e-03	 9.358025e-02	 7.677386e+00	 
 1.854570e-01	 7.262480e-01	 6.596544e-03	 9.358025e-02	 7.677386e+00	 
 1.533757e-01	 7.502747e-01	 6.101836e-03	 1.056773e-01	 7.820411e+00	 
 1.533757e-01	 7.502747e-01	 6.101836e-03	 1.056773e-01	 7.820411e+00	 
 1.533757e-01	 7.502747e-01	 6.101836e-03	 1.056773e-01	 7.820411e+00	 
 1.533757e-01	 7.502747e-01	 6.101836e-03	 1.056773e-01	 7.820411e+00	 
 1.533757e-01	 7.502747e-01	 6.101836e-03	 1.056773e-01	 7.820411e+00	 
 1.533757e-01	 7.502747e-01	 6.101836e-03	 1.056773e-01	 7.820411e+00	 
 1.310978e-01	 7.610829e-01	 1.947744e-03	 1.175491e-01	 8.336975e+00	 
 1.310978e-01	 7.610829e-01	 1.947744e-03	 1.175491e-01	 8.336975e+00	 
 1.310978e-01	 7.610829e-01	 1.947744e-03	 1.175491e-01	 8.336975e+00	 
 1.310978e-01	 7.610829e-01	 1.947744e-03	 1.175491e-01	 8.336975e+00	 
 1.310978e-01	 7.610829e-01	 1.947744e-03	 1.175491e-01	 8.336975e+00	 
 1.310978e-01	 7.610829e-01	 1.947744e-03	 1.175491e-01	 8.336975e+00	 
 1.334472e-01	 7.593264e-01	 1.728216e-03	 1.167227e-01	 8.325681e+00	 
 1.334472e-01	 7.593264e-01	 1.728216e-03	 1.167227e-01	 8.325681e+00	 
 1.334472e-01	 7.593264e-01	 1.728216e-03	 1.167227e-01	 8.325681e+00	 
 1.334472e-01	 7.593264e-01	 1.728216e-03	 1.167227e-01	 8.325681e+00	 
 1.334472e-01	 7.593264e-01	 1.728216e-03	 1.167227e-01	 8.325681e+00	 
 1.334472e-01	 7.593264e-01	 1.728216e-03	 1.167227e-01	 8.325681e+00	 
 1.310978e-01	 7.610829e-01	 1.947744e-03	 1.175491e-01	 8.336975e+00	 
 1.310978e-01	 7.610829e-01	 1.947744e-03	 1.175491e-01	 8.336975e+00	 
 1.310978e-01	 7.610829e-01	 1.947744e-03	 1.175491e-01	 8.336975e+00	 
 1.310978e-01	 7.610829e-01	 1.947744e-03	 1.175491e-01	 8.336975e+00	 
 1.310978e-01	 7.610829e-01	 1.947744e-03	 1.175491e-01	 8.336975e+00	 
 1.310978e-01	 7.610829e-01	 1.947744e-03	 1.175491e-01	 8.336975e+00	 
 1.305451e-01	 7.615427e-01	 1.804278e-03	 1.177399e-01	 8.340962e+00	 
 1.305451e-01	 7.615427e-01	 1.804278e-03	 1.177399e-01	 8.340962e+00	 
 1.305451e-01	 7.615427e-01	 1.804278e-03	 1.177399e-01	 8.340962e+00	 
 1.305451e-01	 7.615427e-01	 1.804278e-03	 1.177399e-01	 8.340962e+00	 
 1.305451e-01	 7.615427e-01	 1.804278e-03	 1.177399e-01	 8.340962e+00	 
 1.305451e-01	 7.615427e-01	 1.804278e-03	 1.177399e-01	 8.340962e+00	 
 2.079143e-01	 7.212509e-01	 9.618439e-05	 7.805381e-02	 8.083181e+00	 
 2.079143e-01	 7.212509e-01	 9.618439e-05	 7.805381e-02	 8.083181e+00	 
 2.079143e-01	 7.212509e-01	 9.618439e-05	 7.805381e-02	 8.083181e+00	 
 2.079143e-01	 7.212509e-01	 9.618439e-05	 7.805381e-02	 8.083181e+00	 
 2.079143e-01	 7.212509e-01	 9.618439e-05	 7.805381e-02	 8.083181e+00	 
 2.079143e-01	 7.212509e-01	 9.618439e-05	 7.805381e-02	 8.083181e+00	 
 2.078007e-01	 7.209726e-01	 9.392062e-05	 7.832699e-02	 8.077220e+00	 
 2.078007e-01	 7.209726e-01	 9.392062e-05	 7.832699e-02	 8.077220e+00	 
 2.078007e-01	 7.209726e-01	 9.392062e-05	 7.832699e-02	 8.077220e+00	 
 2.078007e-01	 7.209726e-01	 9.392062e-05	 7.832699e-02	 8.077220e+00	 
 2.078007e-01	 7.209726e-01	 9.392062e-05	 7.832699e-02	 8.077220e+00	 
 2.078007e-01	 7.209726e-01	 9.392062e-05	 7.832699e-02	 8.077220e+00	 
 1.310978e-01	 7.610829e-01	 1.947744e-03	 1.175491e-01	 8.336975e+00	 
 1.310978e-01	 7.610829e-01	 1.947744e-03	 1.175491e-01	 8.336975e+00	 
 1.310978e-01	 7.610829e-01	 1.947744e-03	 1.175491e-01	 8.336975e+00	 
 1.310978e-01	 7.610829e-01	 1.947744e-03	 1.175491e-01	 8.336975e+00	 
 1.310978e-01	 7.610829e-01	 1.947744e-03	 1.175491e-01	 8.336975e+00	 
 1.310978e-01	 7.610829e-01	 1.947744e-03	 1.175491e-01	 8.336975e+00	 
 1.305451e-01	 7.615427e-01	 1.804278e-03	 1.177399e-01	 8.340962e+00	 
 1.305451e-01	 7.615427e-01	 1.804278e-03	 1.177399e-01	 8.340962e+00	 
 1.305451e-01	 7.615427e-01	 1.804278e-03	 1.177399e-01	 8.340962e+00	 
 1.305451e-01	 7.615427e-01	 1.804278e-03	 1.177399e-01	 8.340962e+00	 
 1.305451e-01	 7.615427e-01	 1.804278e-03	 1.177399e-01	 8.340962e+00	 
 1.305451e-01	 7.615427e-01	 1.804278e-03	 1.177399e-01	 8.340962e+00	 
 2.140997e-01	 6.792244e-01	 8.714898e-06	 9.889970e-02	 8.216869e+00	 
 2.140997e-01	 6.792244e-01	 8.714898e-06	 9.889970e-02	 8.216869e+00	 
 2.140997e-01	 6.792244e-01	 8.714898e-06	 9.889970e-02	 8.216869e+00	 
 2.140997e-01	 6.792244e-01	 8.714898e-06	 9.889970e-02	 8.216869e+00	 
 2.140997e-01	 6.792244e-01	 8.714898e-06	 9.889970e-02	 8.216869e+00	 
 2.140997e-01	 6.792244e-01	 8.714898e-06	 9.889970e-02	 8.216869e+00	 
 2.141121e-01	 6.790524e-01	 8.039275e-06	 9.899639e-02	 8.271698e+00	 
 2.141121e-01	 6.790524e-01	 8.039275e-06	 9.899639e-02	 8.271698e+00	 
 2.141121e-01	 6.790524e-01	 8.039275e-06	 9.899639e-02	 8.271698e+00	 
 2.141121e-01	 6.790524e-01	 8.039275e-06	 9.899639e-02	 8.271698e+00	 
 2.141121e-01	 6.790524e-01	 8.039275e-06	 9.899639e-02	 8.271698e+00	 
 2.141121e-01	 6.790524e-01	 8.039275e-06	 9.899639e-02	 8.271698e+00	 
 