2.234882e-01	 6.985186e-01	 1.282342e-04	 7.786496e-02	 2.910649e+01	 1.019441e+01	 
 2.236541e-01	 6.984520e-01	 1.287504e-04	 7.776515e-02	 2.902297e+01	 9.757600e+00	 
 2.237372e-01	 6.984186e-01	 1.290090e-04	 7.771515e-02	 2.898088e+01	 9.598103e+00	 
 2.237788e-01	 6.984019e-01	 1.291383e-04	 7.769012e-02	 2.895975e+01	 9.527834e+00	 
 2.237996e-01	 6.983936e-01	 1.292031e-04	 7.767760e-02	 2.894917e+01	 9.494678e+00	 
 2.238101e-01	 6.983894e-01	 1.292354e-04	 7.767134e-02	 2.894387e+01	 9.478556e+00	 
 2.238153e-01	 6.983873e-01	 1.292516e-04	 7.766820e-02	 2.894122e+01	 9.470603e+00	 
 2.238179e-01	 6.983862e-01	 1.292597e-04	 7.766664e-02	 2.893989e+01	 9.466653e+00	 
 2.238192e-01	 6.983857e-01	 1.292638e-04	 7.766585e-02	 2.893923e+01	 9.464685e+00	 
 2.238192e-01	 6.983857e-01	 1.292639e-04	 7.766583e-02	 2.893921e+01	 9.464635e+00	 
 2.238195e-01	 6.983856e-01	 1.292649e-04	 7.766564e-02	 2.893905e+01	 9.464156e+00	 
 2.238198e-01	 6.983855e-01	 1.292656e-04	 7.766550e-02	 2.893893e+01	 9.463797e+00	 
 2.491717e-01	 6.893417e-01	 3.858438e-04	 6.110076e-02	 9.257392e+00	 1.079388e+01	 
 2.495703e-01	 6.891791e-01	 3.874582e-04	 6.086313e-02	 8.655789e+00	 9.767702e+00	 
 2.497709e-01	 6.890972e-01	 3.882705e-04	 6.074355e-02	 8.353044e+00	 9.514676e+00	 
 2.498716e-01	 6.890562e-01	 3.886781e-04	 6.068356e-02	 8.201169e+00	 9.413919e+00	 
 2.499220e-01	 6.890356e-01	 3.888822e-04	 6.065351e-02	 8.125099e+00	 9.368288e+00	 
 2.499472e-01	 6.890253e-01	 3.889844e-04	 6.063848e-02	 8.087027e+00	 9.346511e+00	 
 2.499598e-01	 6.890202e-01	 3.890355e-04	 6.063095e-02	 8.067981e+00	 9.335865e+00	 
 2.499661e-01	 6.890176e-01	 3.890610e-04	 6.062719e-02	 8.058454e+00	 9.330600e+00	 
 2.499693e-01	 6.890163e-01	 3.890738e-04	 6.062531e-02	 8.053689e+00	 9.327982e+00	 
 2.499709e-01	 6.890157e-01	 3.890802e-04	 6.062437e-02	 8.051307e+00	 9.326676e+00	 
 2.499717e-01	 6.890154e-01	 3.890834e-04	 6.062390e-02	 8.050115e+00	 9.326024e+00	 
 2.419075e-01	 6.900213e-01	 1.350764e-03	 6.672043e-02	 8.039571e+00	 9.269868e+00	 
 2.367053e-01	 6.897390e-01	 2.376587e-03	 7.117910e-02	 3.066155e+00	 8.284363e+00	 
 2.336388e-01	 6.785743e-01	 2.703348e-03	 8.077896e-02	 4.580051e-03	 7.994876e+00	 
 2.139077e-01	 6.910234e-01	 8.390549e-05	 9.168071e-02	 3.521719e-03	 9.814796e+00	 
 2.107282e-01	 6.988250e-01	 9.450523e-05	 8.953881e-02	 1.146088e-03	 7.540859e+00	 
 2.104612e-01	 7.009536e-01	 9.916574e-05	 8.844870e-02	 2.201045e-04	 7.564517e+00	 
 