2.034670e-01	 3.981430e-01	 3.916402e-01	 2.341507e-04	 9.388539e-03	 7.721763e+00	 
 1.824459e-01	 4.166685e-01	 3.959421e-01	 2.139725e-04	 9.212154e-03	 7.644827e+00	 
 1.818179e-01	 4.172185e-01	 3.960748e-01	 2.132958e-04	 9.111603e-03	 7.645901e+00	 
 1.815056e-01	 4.174919e-01	 3.961409e-01	 2.129578e-04	 9.061530e-03	 7.646469e+00	 
 1.813498e-01	 4.176282e-01	 3.961739e-01	 2.127888e-04	 9.036544e-03	 7.646760e+00	 
 1.812721e-01	 4.176963e-01	 3.961903e-01	 2.127043e-04	 9.024064e-03	 7.646908e+00	 
 1.812332e-01	 4.177303e-01	 3.961986e-01	 2.126621e-04	 9.017827e-03	 7.646982e+00	 
 1.812138e-01	 4.177473e-01	 3.962027e-01	 2.126410e-04	 9.014709e-03	 7.647019e+00	 
 1.812041e-01	 4.177558e-01	 3.962047e-01	 2.126304e-04	 9.013150e-03	 7.647038e+00	 
 1.811993e-01	 4.177600e-01	 3.962058e-01	 2.126252e-04	 9.012371e-03	 7.647047e+00	 
 1.811968e-01	 4.177622e-01	 3.962063e-01	 2.126225e-04	 9.011981e-03	 7.647052e+00	 
 1.811956e-01	 4.177632e-01	 3.962065e-01	 2.126212e-04	 9.011786e-03	 7.647054e+00	 
 1.811950e-01	 4.177638e-01	 3.962067e-01	 2.126205e-04	 9.011689e-03	 7.647055e+00	 
 2.210264e-01	 3.995724e-01	 3.746182e-01	 2.426537e-04	 8.859428e-03	 7.145294e+00	 
 2.240617e-01	 3.997618e-01	 3.717331e-01	 2.435622e-04	 8.221571e-03	 7.097165e+00	 
 2.255859e-01	 3.998509e-01	 3.702902e-01	 2.439599e-04	 7.899818e-03	 7.083992e+00	 
 2.263493e-01	 3.998940e-01	 3.695691e-01	 2.441446e-04	 7.738299e-03	 7.080506e+00	 
 2.267313e-01	 3.999152e-01	 3.692086e-01	 2.442334e-04	 7.657387e-03	 7.079570e+00	 
 2.269224e-01	 3.999258e-01	 3.690283e-01	 2.442769e-04	 7.616893e-03	 7.079305e+00	 
 2.270179e-01	 3.999310e-01	 3.689382e-01	 2.442984e-04	 7.596637e-03	 7.079224e+00	 
 2.270657e-01	 3.999336e-01	 3.688932e-01	 2.443091e-04	 7.586506e-03	 7.079196e+00	 
 2.270896e-01	 3.999349e-01	 3.688706e-01	 2.443144e-04	 7.581440e-03	 7.079186e+00	 
 2.271015e-01	 3.999356e-01	 3.688594e-01	 2.443171e-04	 7.578907e-03	 7.079181e+00	 
 2.271075e-01	 3.999359e-01	 3.688538e-01	 2.443184e-04	 7.577640e-03	 7.079179e+00	 
 2.271105e-01	 3.999361e-01	 3.688509e-01	 2.443191e-04	 7.577007e-03	 7.079178e+00	 
 2.271120e-01	 3.999361e-01	 3.688495e-01	 2.443194e-04	 7.576690e-03	 7.079178e+00	 
 2.271127e-01	 3.999362e-01	 3.688488e-01	 2.443196e-04	 7.576532e-03	 7.079177e+00	 
 1.359075e-01	 5.222713e-01	 3.392562e-01	 5.899006e-04	 3.947920e-03	 7.926310e+00	 
 1.031407e-01	 5.825411e-01	 3.138787e-01	 7.553452e-04	 6.454898e-04	 8.146026e+00	 
 1.695793e-01	 4.712397e-01	 3.589367e-01	 2.779589e-04	 2.929418e-04	 9.314068e+00	 
 1.740525e-01	 4.512420e-01	 3.745686e-01	 1.267849e-04	 1.236147e-04	 1.057187e+01	 
 1.506242e-01	 5.043692e-01	 3.446816e-01	 3.282226e-04	 1.219707e-04	 1.150422e+01	 
 1.676335e-01	 7.001578e-01	 1.295737e-01	 2.634093e-03	 1.003436e-05	 9.424288e+00	 
 