2.227301e-01	 4.277440e-03	 7.996583e-01	 2.559753e-02	 5.079616e+02	 1.091726e+01	 
 2.222495e-01	 4.637252e-03	 8.043967e-01	 2.310356e-02	 5.523749e+02	 1.090916e+01	 
 2.237667e-01	 4.128910e-03	 7.975117e-01	 2.604402e-02	 4.939794e+02	 1.092024e+01	 
 2.258567e-01	 3.670498e-03	 7.909461e-01	 2.824773e-02	 4.317760e+02	 1.093056e+01	 
 2.237667e-01	 4.128910e-03	 7.975117e-01	 2.604402e-02	 4.939794e+02	 1.092024e+01	 
 2.244479e-01	 3.921621e-03	 7.898265e-01	 3.017059e-02	 4.703491e+02	 1.093318e+01	 
 2.660376e-01	 1.047633e-03	 6.285370e-01	 8.895412e-02	 3.179157e+01	 1.574571e+01	 
 2.661616e-01	 1.008280e-03	 6.298435e-01	 8.803804e-02	 3.031088e+01	 1.577850e+01	 
 2.660376e-01	 1.047633e-03	 6.285370e-01	 8.895412e-02	 3.179157e+01	 1.574571e+01	 
 2.660376e-01	 1.047633e-03	 6.285370e-01	 8.895412e-02	 3.179157e+01	 1.574571e+01	 
 2.671389e-01	 1.109611e-03	 6.400715e-01	 8.085812e-02	 3.325646e+01	 1.610138e+01	 
 2.661616e-01	 1.008280e-03	 6.298435e-01	 8.803804e-02	 3.031088e+01	 1.577850e+01	 
 1.617314e-01	 1.407068e-04	 9.060513e-01	 1.087182e-02	 1.077324e+01	 9.864187e+00	 
 1.617219e-01	 1.387998e-04	 9.047094e-01	 1.170620e-02	 1.047017e+01	 9.867987e+00	 
 1.617314e-01	 1.407068e-04	 9.060513e-01	 1.087182e-02	 1.077324e+01	 9.864187e+00	 
 1.617195e-01	 1.393119e-04	 9.045817e-01	 1.178701e-02	 1.051087e+01	 9.868322e+00	 
 1.617095e-01	 1.390418e-04	 9.046442e-01	 1.175735e-02	 1.051965e+01	 9.868050e+00	 
 1.617222e-01	 1.403032e-04	 9.056289e-01	 1.114019e-02	 1.074636e+01	 9.865170e+00	 
 1.277729e-02	 1.538146e-03	 9.806040e-01	 9.806215e-02	 6.693817e+01	 1.030901e+01	 
 3.748911e-02	 1.575349e-03	 8.941496e-01	 1.292597e-01	 6.822925e+01	 1.026268e+01	 
 3.912786e-02	 1.427412e-03	 8.855697e-01	 1.331031e-01	 6.270588e+01	 1.025800e+01	 
 3.995004e-02	 1.496852e-03	 8.849609e-01	 1.327448e-01	 6.596748e+01	 1.025766e+01	 
 3.801019e-02	 1.571000e-03	 8.937661e-01	 1.290506e-01	 6.940850e+01	 1.026199e+01	 
 8.086694e-03	 1.640054e-03	 9.931065e-01	 9.452382e-02	 7.103447e+01	 1.031620e+01	 
 2.749616e-02	 1.073142e-03	 9.098107e-01	 1.285322e-01	 4.548927e+01	 1.027066e+01	 
 2.107538e-02	 1.134312e-03	 9.348496e-01	 1.188336e-01	 4.791676e+01	 1.028401e+01	 
 2.484807e-02	 1.065095e-03	 9.204961e-01	 1.243129e-01	 4.483750e+01	 1.027646e+01	 
 3.881583e-03	 1.100785e-03	 9.915760e-01	 9.922479e-02	 4.610786e+01	 1.031574e+01	 
 2.669764e-02	 1.062623e-03	 9.142172e-01	 1.265313e-01	 4.475142e+01	 1.027318e+01	 
 2.428896e-02	 1.048899e-03	 9.246024e-01	 1.222808e-01	 4.351097e+01	 1.027914e+01	 
 3.106339e-02	 9.010219e-04	 8.971559e-01	 1.331483e-01	 3.686950e+01	 1.026524e+01	 
 2.845771e-02	 8.908580e-04	 9.063449e-01	 1.298118e-01	 3.623322e+01	 1.027009e+01	 
 2.816639e-02	 9.027758e-04	 9.077127e-01	 1.292289e-01	 3.677135e+01	 1.027076e+01	 
 1.228333e-02	 9.224027e-04	 9.608576e-01	 1.106567e-01	 3.755722e+01	 1.029907e+01	 
 2.722381e-02	 9.085616e-04	 9.086948e-01	 1.294647e-01	 3.742665e+01	 1.027080e+01	 
 2.580658e-02	 9.616409e-04	 9.148000e-01	 1.269557e-01	 3.893823e+01	 1.027454e+01	 
 2.661616e-01	 1.008280e-03	 6.298435e-01	 8.803804e-02	 3.031088e+01	 1.577850e+01	 
 2.653079e-01	 1.058526e-03	 6.354169e-01	 8.535235e-02	 3.143002e+01	 1.592656e+01	 
 2.671389e-01	 1.109611e-03	 6.400715e-01	 8.085812e-02	 3.325646e+01	 1.610138e+01	 
 2.767710e-01	 2.030535e-03	 7.333243e-01	 1.475389e-02	 5.997555e+01	 1.518731e+01	 
 2.660376e-01	 1.047633e-03	 6.285370e-01	 8.895412e-02	 3.179157e+01	 1.574571e+01	 
 2.661616e-01	 1.008280e-03	 6.298435e-01	 8.803804e-02	 3.031088e+01	 1.577850e+01	 
 2.661616e-01	 1.008280e-03	 6.298435e-01	 8.803804e-02	 3.031088e+01	 1.577850e+01	 
 2.653079e-01	 1.058526e-03	 6.354169e-01	 8.535235e-02	 3.143002e+01	 1.592656e+01	 
 2.660376e-01	 1.047633e-03	 6.285370e-01	 8.895412e-02	 3.179157e+01	 1.574571e+01	 
 2.650117e-01	 9.353313e-04	 6.177823e-01	 9.650167e-02	 2.845134e+01	 1.549764e+01	 
 2.661616e-01	 1.008280e-03	 6.298435e-01	 8.803804e-02	 3.031088e+01	 1.577850e+01	 
 2.653079e-01	 1.058526e-03	 6.354169e-01	 8.535235e-02	 3.143002e+01	 1.592656e+01	 
 