s	 e	 integralPartic	 alturaRetang	 metadePartic	 maximaPartic	 minimoPArtic	 alturaPartic	 p	 comparativoMet
169	 180	 1.279190e+04	 1.065991e+03	 1.385916e+03	 2.771639e+03	 1.925957e-01	 7.691605e-01	 0	 1.300119e+00	 
 161	 177	 2.269797e+04	 1.335175e+03	 8.020681e+02	 1.599233e+03	 4.902889e+00	 1.664665e+00	 1	 6.007215e-01	 
 127	 164	 4.381797e+04	 1.153104e+03	 1.307038e+03	 2.611427e+03	 2.648612e+00	 8.822272e-01	 0	 1.133495e+00	 
 123	 168	 8.787386e+04	 1.910301e+03	 2.250610e+03	 4.497415e+03	 3.804815e+00	 9.403080e-01	 0	 1.178144e+00	 
 142	 154	 1.340472e+04	 1.031133e+03	 1.557677e+03	 2.771639e+03	 3.437154e+02	 6.619682e-01	 0	 1.510647e+00	 
 124	 150	 3.740281e+04	 1.385289e+03	 1.128039e+03	 2.251176e+03	 4.902889e+00	 1.228050e+00	 1	 8.142989e-01	 
 136	 157	 1.886616e+04	 8.575526e+02	 2.248951e+03	 4.497415e+03	 4.868484e-01	 4.013700e-01	 0	 2.622522e+00	 
 164	 178	 1.264503e+04	 8.430019e+02	 8.413342e+02	 1.677766e+03	 4.902889e+00	 1.001982e+00	 1	 9.980217e-01	 
 137	 166	 1.980722e+04	 6.602405e+02	 1.629357e+03	 2.771639e+03	 4.870753e+02	 6.016458e-01	 0	 2.467823e+00	 
 162	 176	 4.425548e+04	 2.950365e+03	 2.604305e+03	 4.497415e+03	 7.111952e+02	 1.132880e+00	 1	 8.827060e-01	 
 1	 1	 1.000000e-05	 1.000000e-05	 1.000000e-05	 1.000000e-05	 1.000000e-05	 1.000000e-05	 1	 1.000000e-05	 
 1	 1	 1.000000e-05	 1.000000e-05	 1.000000e-05	 1.000000e-05	 1.000000e-05	 1.000000e-05	 1	 1.000000e-05	 
 1	 1	 1.000000e-05	 1.000000e-05	 1.000000e-05	 1.000000e-05	 1.000000e-05	 1.000000e-05	 1	 1.000000e-05	 
 1	 1	 1.000000e-05	 1.000000e-05	 1.000000e-05	 1.000000e-05	 1.000000e-05	 1.000000e-05	 1	 1.000000e-05	 
 1	 1	 1.000000e-05	 1.000000e-05	 1.000000e-05	 1.000000e-05	 1.000000e-05	 1.000000e-05	 1	 1.000000e-05	 
 1	 1	 1.000000e-05	 1.000000e-05	 1.000000e-05	 1.000000e-05	 1.000000e-05	 1.000000e-05	 1	 1.000000e-05	 
 1	 1	 1.000000e-05	 1.000000e-05	 1.000000e-05	 1.000000e-05	 1.000000e-05	 1.000000e-05	 1	 1.000000e-05	 
 1	 1	 1.000000e-05	 1.000000e-05	 1.000000e-05	 1.000000e-05	 1.000000e-05	 1.000000e-05	 1	 1.000000e-05	 
 1	 1	 1.000000e-05	 1.000000e-05	 1.000000e-05	 1.000000e-05	 1.000000e-05	 1.000000e-05	 1	 1.000000e-05	 
 1	 1	 1.000000e-05	 1.000000e-05	 1.000000e-05	 1.000000e-05	 1.000000e-05	 1.000000e-05	 1	 1.000000e-05	 
 