2.268935e+03	 1.954440e+03	 2.253210e+03	 0	 0	 
 2.268935e+03	 1.954440e+03	 2.237485e+03	 0	 0	 
 2.268935e+03	 1.954440e+03	 2.221761e+03	 0	 0	 
 2.268935e+03	 1.954440e+03	 2.206036e+03	 0	 0	 
 2.268935e+03	 1.954440e+03	 2.190311e+03	 0	 0	 
 2.268935e+03	 1.954440e+03	 2.174586e+03	 0	 0	 
 2.268935e+03	 1.954440e+03	 2.158862e+03	 0	 0	 
 2.268935e+03	 1.954440e+03	 2.143137e+03	 0	 0	 
 2.268935e+03	 1.954440e+03	 2.127412e+03	 0	 0	 
 2.268935e+03	 1.954440e+03	 2.111687e+03	 0	 0	 
 2.268935e+03	 1.954440e+03	 2.095963e+03	 0	 0	 
 2.268935e+03	 1.954440e+03	 2.080238e+03	 0	 0	 
 2.268935e+03	 1.954440e+03	 2.064513e+03	 0	 0	 
 2.268935e+03	 1.954440e+03	 2.048788e+03	 0	 0	 
 2.268935e+03	 1.954440e+03	 2.033064e+03	 0	 0	 
 2.268935e+03	 1.954440e+03	 2.017339e+03	 0	 0	 
 2.268935e+03	 1.954440e+03	 2.001614e+03	 0	 0	 
 2.268935e+03	 1.954440e+03	 1.985889e+03	 0	 0	 
 2.268935e+03	 1.954440e+03	 1.970165e+03	 0	 0	 
 2.268935e+03	 1.954440e+03	 1.954440e+03	 0	 0	 
 2.268935e+03	 2.268935e+03	 2.268935e+03	 1.424503e-05	 1.424503e-05	 1.424503e-05	 
 2.268935e+03	 2.268935e+03	 2.268935e+03	 1.424503e-05	 1.424503e-05	 1.424503e-05	 
 2.268935e+03	 2.268935e+03	 2.268935e+03	 1.424503e-05	 1.424503e-05	 1.424503e-05	 
 2.268935e+03	 2.268935e+03	 2.268935e+03	 1.424503e-05	 1.424503e-05	 1.424503e-05	 
 2.268935e+03	 2.268935e+03	 2.268935e+03	 1.424503e-05	 1.424503e-05	 1.424503e-05	 
 2.268935e+03	 2.268935e+03	 2.268935e+03	 1.424503e-05	 1.424503e-05	 1.424503e-05	 
 2.268935e+03	 2.268935e+03	 2.268935e+03	 1.424503e-05	 1.424503e-05	 1.424503e-05	 
 2.268935e+03	 2.268935e+03	 2.268935e+03	 1.424503e-05	 1.424503e-05	 1.424503e-05	 
 2.268935e+03	 2.268935e+03	 2.268935e+03	 1.424503e-05	 1.424503e-05	 1.424503e-05	 
 2.268935e+03	 2.268935e+03	 2.268935e+03	 1.424503e-05	 1.424503e-05	 1.424503e-05	 
 2.268935e+03	 2.268935e+03	 2.268935e+03	 1.424503e-05	 1.424503e-05	 1.424503e-05	 
 2.268935e+03	 2.268935e+03	 2.268935e+03	 1.424503e-05	 1.424503e-05	 1.424503e-05	 
 2.268935e+03	 2.268935e+03	 2.268935e+03	 1.424503e-05	 1.424503e-05	 1.424503e-05	 
 2.268935e+03	 2.268935e+03	 2.268935e+03	 1.424503e-05	 1.424503e-05	 1.424503e-05	 
 2.268935e+03	 2.268935e+03	 2.268935e+03	 1.424503e-05	 1.424503e-05	 1.424503e-05	 
 2.268935e+03	 2.268935e+03	 2.268935e+03	 1.424503e-05	 1.424503e-05	 1.424503e-05	 
 2.268935e+03	 2.268935e+03	 2.268935e+03	 1.424503e-05	 1.424503e-05	 1.424503e-05	 
 2.268935e+03	 2.268935e+03	 2.268935e+03	 1.424503e-05	 1.424503e-05	 1.424503e-05	 
 2.268935e+03	 2.268935e+03	 2.268935e+03	 1.424503e-05	 1.424503e-05	 1.424503e-05	 
 2.268935e+03	 2.268935e+03	 2.268935e+03	 1.424503e-05	 1.424503e-05	 1.424503e-05	 
 2.268935e+03	 2.268935e+03	 2.268935e+03	 1.424503e-05	 1.424503e-05	 1.424503e-05	 
 2.268935e+03	 2.268935e+03	 2.268935e+03	 1.424503e-05	 1.424503e-05	 1.424503e-05	 
 2.268935e+03	 2.268935e+03	 2.268935e+03	 1.424503e-05	 1.424503e-05	 1.424503e-05	 
 2.268935e+03	 2.268935e+03	 2.268935e+03	 1.424503e-05	 1.424503e-05	 1.424503e-05	 
 2.268935e+03	 2.268935e+03	 2.268935e+03	 1.424503e-05	 1.424503e-05	 1.424503e-05	 
 2.268935e+03	 2.268935e+03	 2.268935e+03	 1.424503e-05	 1.424503e-05	 1.424503e-05	 
 2.268935e+03	 2.268935e+03	 2.268935e+03	 1.424503e-05	 1.424503e-05	 1.424503e-05	 
 2.268935e+03	 2.268935e+03	 2.268935e+03	 1.424503e-05	 1.424503e-05	 1.424503e-05	 
 2.268935e+03	 2.268935e+03	 2.268935e+03	 1.424503e-05	 1.424503e-05	 1.424503e-05	 
 2.268935e+03	 2.268935e+03	 2.268935e+03	 1.424503e-05	 1.424503e-05	 1.424503e-05	 
 2.268935e+03	 2.268935e+03	 2.268935e+03	 1.424503e-05	 1.424503e-05	 1.424503e-05	 
 2.268935e+03	 2.268935e+03	 2.268935e+03	 1.424503e-05	 1.424503e-05	 1.424503e-05	 
 2.268935e+03	 2.268935e+03	 2.268935e+03	 1.424503e-05	 1.424503e-05	 1.424503e-05	 
 2.268935e+03	 2.268935e+03	 2.268935e+03	 1.424503e-05	 1.424503e-05	 1.424503e-05	 
 2.268935e+03	 2.268935e+03	 2.268935e+03	 1.424503e-05	 1.424503e-05	 1.424503e-05	 
 2.268935e+03	 2.268935e+03	 2.268935e+03	 1.424503e-05	 1.424503e-05	 1.424503e-05	 
 2.268935e+03	 2.268935e+03	 2.268935e+03	 1.424503e-05	 1.424503e-05	 1.424503e-05	 
 2.268935e+03	 2.268935e+03	 2.268935e+03	 1.424503e-05	 1.424503e-05	 1.424503e-05	 
 2.268935e+03	 2.268935e+03	 2.268935e+03	 1.424503e-05	 1.424503e-05	 1.424503e-05	 
 2.268935e+03	 2.268935e+03	 2.268935e+03	 1.424503e-05	 1.424503e-05	 1.424503e-05	 
 2.268935e+03	 2.508082e+03	 2.256978e+03	 1.424503e-05	 4.015888e-05	 1.424503e-05	 
 2.268935e+03	 2.508082e+03	 2.245020e+03	 1.424503e-05	 4.015888e-05	 1.424503e-05	 
 2.268935e+03	 2.508082e+03	 2.233063e+03	 1.424503e-05	 4.015888e-05	 1.424503e-05	 
 2.268935e+03	 2.508082e+03	 2.221106e+03	 1.424503e-05	 4.015888e-05	 1.424503e-05	 
 2.268935e+03	 2.508082e+03	 2.209148e+03	 1.424503e-05	 4.015888e-05	 1.424503e-05	 
 2.268935e+03	 2.508082e+03	 2.197191e+03	 1.424503e-05	 4.015888e-05	 1.424503e-05	 
 2.268935e+03	 2.508082e+03	 2.185233e+03	 1.424503e-05	 4.015888e-05	 1.424503e-05	 
 2.268935e+03	 2.508082e+03	 2.173276e+03	 1.424503e-05	 4.015888e-05	 1.424503e-05	 
 2.268935e+03	 2.508082e+03	 2.161319e+03	 1.424503e-05	 4.015888e-05	 1.424503e-05	 
 2.268935e+03	 2.508082e+03	 2.149361e+03	 1.424503e-05	 4.015888e-05	 1.424503e-05	 
 2.268935e+03	 2.508082e+03	 2.137404e+03	 1.424503e-05	 4.015888e-05	 1.424503e-05	 
 2.268935e+03	 2.508082e+03	 2.125447e+03	 1.424503e-05	 4.015888e-05	 1.424503e-05	 
 2.268935e+03	 2.508082e+03	 2.113489e+03	 1.424503e-05	 4.015888e-05	 1.424503e-05	 
 2.268935e+03	 2.508082e+03	 2.101532e+03	 1.424503e-05	 4.015888e-05	 1.424503e-05	 
 2.268935e+03	 2.508082e+03	 2.089575e+03	 1.424503e-05	 4.015888e-05	 1.424503e-05	 
 2.268935e+03	 2.508082e+03	 2.077617e+03	 1.424503e-05	 4.015888e-05	 1.424503e-05	 
 2.268935e+03	 2.508082e+03	 2.065660e+03	 1.424503e-05	 4.015888e-05	 1.424503e-05	 
 2.268935e+03	 2.508082e+03	 2.053703e+03	 1.424503e-05	 4.015888e-05	 1.424503e-05	 
 2.268935e+03	 2.508082e+03	 2.041745e+03	 1.424503e-05	 4.015888e-05	 1.424503e-05	 
 2.268935e+03	 2.508082e+03	 2.029788e+03	 1.424503e-05	 4.015888e-05	 1.424503e-05	 
 2.268935e+03	 2.268935e+03	 2.268935e+03	 1.424503e-05	 1.424503e-05	 1.424503e-05	 
 2.268935e+03	 2.268935e+03	 2.268935e+03	 1.424503e-05	 1.424503e-05	 1.424503e-05	 
 2.268935e+03	 2.268935e+03	 2.268935e+03	 1.424503e-05	 1.424503e-05	 1.424503e-05	 
 2.268935e+03	 2.268935e+03	 2.268935e+03	 1.424503e-05	 1.424503e-05	 1.424503e-05	 
 2.268935e+03	 2.268935e+03	 2.268935e+03	 1.424503e-05	 1.424503e-05	 1.424503e-05	 
 2.268935e+03	 2.268935e+03	 2.268935e+03	 1.424503e-05	 1.424503e-05	 1.424503e-05	 
 2.268935e+03	 2.268935e+03	 2.268935e+03	 1.424503e-05	 1.424503e-05	 1.424503e-05	 
 2.268935e+03	 2.268935e+03	 2.268935e+03	 1.424503e-05	 1.424503e-05	 1.424503e-05	 
 2.268935e+03	 2.268935e+03	 2.268935e+03	 1.424503e-05	 1.424503e-05	 1.424503e-05	 
 2.268935e+03	 2.268935e+03	 2.268935e+03	 1.424503e-05	 1.424503e-05	 1.424503e-05	 
 2.268935e+03	 2.268935e+03	 2.268935e+03	 1.424503e-05	 1.424503e-05	 1.424503e-05	 
 2.268935e+03	 2.268935e+03	 2.268935e+03	 1.424503e-05	 1.424503e-05	 1.424503e-05	 
 2.268935e+03	 2.268935e+03	 2.268935e+03	 1.424503e-05	 1.424503e-05	 1.424503e-05	 
 2.268935e+03	 2.268935e+03	 2.268935e+03	 1.424503e-05	 1.424503e-05	 1.424503e-05	 
 2.268935e+03	 2.268935e+03	 2.268935e+03	 1.424503e-05	 1.424503e-05	 1.424503e-05	 
 2.268935e+03	 2.268935e+03	 2.268935e+03	 1.424503e-05	 1.424503e-05	 1.424503e-05	 
 2.268935e+03	 2.268935e+03	 2.268935e+03	 1.424503e-05	 1.424503e-05	 1.424503e-05	 
 2.268935e+03	 2.268935e+03	 2.268935e+03	 1.424503e-05	 1.424503e-05	 1.424503e-05	 
 2.268935e+03	 2.268935e+03	 2.268935e+03	 1.424503e-05	 1.424503e-05	 1.424503e-05	 
 2.268935e+03	 2.268935e+03	 2.268935e+03	 1.424503e-05	 1.424503e-05	 1.424503e-05	 
 2.268935e+03	 2.268935e+03	 2.268935e+03	 1.424503e-05	 1.424503e-05	 1.424503e-05	 
 2.268935e+03	 2.268935e+03	 2.268935e+03	 1.424503e-05	 1.424503e-05	 1.424503e-05	 
 2.268935e+03	 2.268935e+03	 2.268935e+03	 1.424503e-05	 1.424503e-05	 1.424503e-05	 
 2.268935e+03	 2.268935e+03	 2.268935e+03	 1.424503e-05	 1.424503e-05	 1.424503e-05	 
 2.268935e+03	 2.268935e+03	 2.268935e+03	 1.424503e-05	 1.424503e-05	 1.424503e-05	 
 2.268935e+03	 2.268935e+03	 2.268935e+03	 1.424503e-05	 1.424503e-05	 1.424503e-05	 
 2.268935e+03	 2.268935e+03	 2.268935e+03	 1.424503e-05	 1.424503e-05	 1.424503e-05	 
 2.268935e+03	 2.268935e+03	 2.268935e+03	 1.424503e-05	 1.424503e-05	 1.424503e-05	 
 2.268935e+03	 2.268935e+03	 2.268935e+03	 1.424503e-05	 1.424503e-05	 1.424503e-05	 
 2.268935e+03	 2.268935e+03	 2.268935e+03	 1.424503e-05	 1.424503e-05	 1.424503e-05	 
 2.268935e+03	 2.268935e+03	 2.268935e+03	 1.424503e-05	 1.424503e-05	 1.424503e-05	 
 2.268935e+03	 2.268935e+03	 2.268935e+03	 1.424503e-05	 1.424503e-05	 1.424503e-05	 
 2.268935e+03	 2.268935e+03	 2.268935e+03	 1.424503e-05	 1.424503e-05	 1.424503e-05	 
 2.268935e+03	 2.268935e+03	 2.268935e+03	 1.424503e-05	 1.424503e-05	 1.424503e-05	 
 2.268935e+03	 2.268935e+03	 2.268935e+03	 1.424503e-05	 1.424503e-05	 1.424503e-05	 
 2.268935e+03	 2.268935e+03	 2.268935e+03	 1.424503e-05	 1.424503e-05	 1.424503e-05	 
 2.268935e+03	 2.268935e+03	 2.268935e+03	 1.424503e-05	 1.424503e-05	 1.424503e-05	 
 2.268935e+03	 2.268935e+03	 2.268935e+03	 1.424503e-05	 1.424503e-05	 1.424503e-05	 
 2.268935e+03	 2.268935e+03	 2.268935e+03	 1.424503e-05	 1.424503e-05	 1.424503e-05	 
 2.268935e+03	 2.268935e+03	 2.268935e+03	 1.424503e-05	 1.424503e-05	 1.424503e-05	 
 2.268935e+03	 2.508082e+03	 2.256978e+03	 1.424503e-05	 4.015888e-05	 1.424503e-05	 
 2.268935e+03	 2.508082e+03	 2.245020e+03	 1.424503e-05	 4.015888e-05	 1.424503e-05	 
 2.268935e+03	 2.508082e+03	 2.233063e+03	 1.424503e-05	 4.015888e-05	 1.424503e-05	 
 2.268935e+03	 2.508082e+03	 2.221106e+03	 1.424503e-05	 4.015888e-05	 1.424503e-05	 
 2.268935e+03	 2.508082e+03	 2.209148e+03	 1.424503e-05	 4.015888e-05	 1.424503e-05	 
 2.268935e+03	 2.508082e+03	 2.197191e+03	 1.424503e-05	 4.015888e-05	 1.424503e-05	 
 2.268935e+03	 2.508082e+03	 2.185233e+03	 1.424503e-05	 4.015888e-05	 1.424503e-05	 
 2.268935e+03	 2.508082e+03	 2.173276e+03	 1.424503e-05	 4.015888e-05	 1.424503e-05	 
 2.268935e+03	 2.508082e+03	 2.161319e+03	 1.424503e-05	 4.015888e-05	 1.424503e-05	 
 2.268935e+03	 2.508082e+03	 2.149361e+03	 1.424503e-05	 4.015888e-05	 1.424503e-05	 
 2.268935e+03	 2.508082e+03	 2.137404e+03	 1.424503e-05	 4.015888e-05	 1.424503e-05	 
 2.268935e+03	 2.508082e+03	 2.125447e+03	 1.424503e-05	 4.015888e-05	 1.424503e-05	 
 2.268935e+03	 2.508082e+03	 2.113489e+03	 1.424503e-05	 4.015888e-05	 1.424503e-05	 
 2.268935e+03	 2.508082e+03	 2.101532e+03	 1.424503e-05	 4.015888e-05	 1.424503e-05	 
 2.268935e+03	 2.508082e+03	 2.089575e+03	 1.424503e-05	 4.015888e-05	 1.424503e-05	 
 2.268935e+03	 2.508082e+03	 2.077617e+03	 1.424503e-05	 4.015888e-05	 1.424503e-05	 
 2.268935e+03	 2.508082e+03	 2.065660e+03	 1.424503e-05	 4.015888e-05	 1.424503e-05	 
 2.268935e+03	 2.508082e+03	 2.053703e+03	 1.424503e-05	 4.015888e-05	 1.424503e-05	 
 2.268935e+03	 2.508082e+03	 2.041745e+03	 1.424503e-05	 4.015888e-05	 1.424503e-05	 
 2.268935e+03	 2.508082e+03	 2.029788e+03	 1.424503e-05	 4.015888e-05	 1.424503e-05	 
 2.268935e+03	 2.268935e+03	 2.268935e+03	 1.424503e-05	 1.424503e-05	 1.424503e-05	 
 2.268935e+03	 2.268935e+03	 2.268935e+03	 1.424503e-05	 1.424503e-05	 1.424503e-05	 
 2.268935e+03	 2.268935e+03	 2.268935e+03	 1.424503e-05	 1.424503e-05	 1.424503e-05	 
 2.268935e+03	 2.268935e+03	 2.268935e+03	 1.424503e-05	 1.424503e-05	 1.424503e-05	 
 2.268935e+03	 2.268935e+03	 2.268935e+03	 1.424503e-05	 1.424503e-05	 1.424503e-05	 
 2.268935e+03	 2.268935e+03	 2.268935e+03	 1.424503e-05	 1.424503e-05	 1.424503e-05	 
 2.268935e+03	 2.268935e+03	 2.268935e+03	 1.424503e-05	 1.424503e-05	 1.424503e-05	 
 2.268935e+03	 2.268935e+03	 2.268935e+03	 1.424503e-05	 1.424503e-05	 1.424503e-05	 
 2.268935e+03	 2.268935e+03	 2.268935e+03	 1.424503e-05	 1.424503e-05	 1.424503e-05	 
 2.268935e+03	 2.268935e+03	 2.268935e+03	 1.424503e-05	 1.424503e-05	 1.424503e-05	 
 2.268935e+03	 2.268935e+03	 2.268935e+03	 1.424503e-05	 1.424503e-05	 1.424503e-05	 
 2.268935e+03	 2.268935e+03	 2.268935e+03	 1.424503e-05	 1.424503e-05	 1.424503e-05	 
 2.268935e+03	 2.268935e+03	 2.268935e+03	 1.424503e-05	 1.424503e-05	 1.424503e-05	 
 2.268935e+03	 2.268935e+03	 2.268935e+03	 1.424503e-05	 1.424503e-05	 1.424503e-05	 
 2.268935e+03	 2.268935e+03	 2.268935e+03	 1.424503e-05	 1.424503e-05	 1.424503e-05	 
 2.268935e+03	 2.268935e+03	 2.268935e+03	 1.424503e-05	 1.424503e-05	 1.424503e-05	 
 2.268935e+03	 2.268935e+03	 2.268935e+03	 1.424503e-05	 1.424503e-05	 1.424503e-05	 
 2.268935e+03	 2.268935e+03	 2.268935e+03	 1.424503e-05	 1.424503e-05	 1.424503e-05	 
 2.268935e+03	 2.268935e+03	 2.268935e+03	 1.424503e-05	 1.424503e-05	 1.424503e-05	 
 2.268935e+03	 2.268935e+03	 2.268935e+03	 1.424503e-05	 1.424503e-05	 1.424503e-05	 
 2.268935e+03	 2.268935e+03	 2.268935e+03	 1.424503e-05	 1.424503e-05	 1.424503e-05	 
 2.268935e+03	 2.268935e+03	 2.268935e+03	 1.424503e-05	 1.424503e-05	 1.424503e-05	 
 2.268935e+03	 2.268935e+03	 2.268935e+03	 1.424503e-05	 1.424503e-05	 1.424503e-05	 
 2.268935e+03	 2.268935e+03	 2.268935e+03	 1.424503e-05	 1.424503e-05	 1.424503e-05	 
 2.268935e+03	 2.268935e+03	 2.268935e+03	 1.424503e-05	 1.424503e-05	 1.424503e-05	 
 2.268935e+03	 2.268935e+03	 2.268935e+03	 1.424503e-05	 1.424503e-05	 1.424503e-05	 
 2.268935e+03	 2.268935e+03	 2.268935e+03	 1.424503e-05	 1.424503e-05	 1.424503e-05	 
 2.268935e+03	 2.268935e+03	 2.268935e+03	 1.424503e-05	 1.424503e-05	 1.424503e-05	 
 2.268935e+03	 2.268935e+03	 2.268935e+03	 1.424503e-05	 1.424503e-05	 1.424503e-05	 
 2.268935e+03	 2.268935e+03	 2.268935e+03	 1.424503e-05	 1.424503e-05	 1.424503e-05	 
 2.268935e+03	 2.268935e+03	 2.268935e+03	 1.424503e-05	 1.424503e-05	 1.424503e-05	 
 2.268935e+03	 2.268935e+03	 2.268935e+03	 1.424503e-05	 1.424503e-05	 1.424503e-05	 
 2.268935e+03	 2.268935e+03	 2.268935e+03	 1.424503e-05	 1.424503e-05	 1.424503e-05	 
 2.268935e+03	 2.268935e+03	 2.268935e+03	 1.424503e-05	 1.424503e-05	 1.424503e-05	 
 2.268935e+03	 2.268935e+03	 2.268935e+03	 1.424503e-05	 1.424503e-05	 1.424503e-05	 
 2.268935e+03	 2.268935e+03	 2.268935e+03	 1.424503e-05	 1.424503e-05	 1.424503e-05	 
 2.268935e+03	 2.268935e+03	 2.268935e+03	 1.424503e-05	 1.424503e-05	 1.424503e-05	 
 2.268935e+03	 2.268935e+03	 2.268935e+03	 1.424503e-05	 1.424503e-05	 1.424503e-05	 
 2.268935e+03	 2.268935e+03	 2.268935e+03	 1.424503e-05	 1.424503e-05	 1.424503e-05	 
 2.268935e+03	 2.268935e+03	 2.268935e+03	 1.424503e-05	 1.424503e-05	 1.424503e-05	 
 2.268935e+03	 3.424267e+03	 2.211168e+03	 1.424503e-05	 1.023065e-03	 1.424503e-05	 
 2.268935e+03	 3.424267e+03	 2.153402e+03	 1.424503e-05	 1.023065e-03	 1.424503e-05	 
 2.268935e+03	 3.424267e+03	 2.095635e+03	 1.424503e-05	 1.023065e-03	 1.424503e-05	 
 2.268935e+03	 3.424267e+03	 2.037869e+03	 1.424503e-05	 1.023065e-03	 1.424503e-05	 
 2.268935e+03	 3.424267e+03	 1.980102e+03	 1.424503e-05	 1.023065e-03	 1.424503e-05	 
 2.268935e+03	 3.424267e+03	 1.922336e+03	 1.424503e-05	 1.023065e-03	 1.424503e-05	 
 2.268935e+03	 3.424267e+03	 1.864569e+03	 1.424503e-05	 1.023065e-03	 1.424503e-05	 
 2.268935e+03	 3.424267e+03	 1.806802e+03	 1.424503e-05	 1.023065e-03	 1.424503e-05	 
 2.268935e+03	 3.424267e+03	 1.749036e+03	 1.424503e-05	 1.023065e-03	 1.424503e-05	 
 2.268935e+03	 3.424267e+03	 1.691269e+03	 1.424503e-05	 1.023065e-03	 1.424503e-05	 
 2.268935e+03	 3.424267e+03	 1.633503e+03	 1.424503e-05	 1.023065e-03	 1.424503e-05	 
 2.268935e+03	 3.424267e+03	 1.575736e+03	 1.424503e-05	 1.023065e-03	 1.424503e-05	 
 2.268935e+03	 3.424267e+03	 1.517969e+03	 1.424503e-05	 1.023065e-03	 1.424503e-05	 
 2.268935e+03	 3.424267e+03	 1.460203e+03	 1.424503e-05	 1.023065e-03	 1.424503e-05	 
 2.268935e+03	 3.424267e+03	 1.402436e+03	 1.424503e-05	 1.023065e-03	 1.424503e-05	 
 2.268935e+03	 3.424267e+03	 1.344670e+03	 1.424503e-05	 1.023065e-03	 1.424503e-05	 
 2.268935e+03	 3.424267e+03	 1.286903e+03	 1.424503e-05	 1.023065e-03	 1.424503e-05	 
 2.268935e+03	 3.424267e+03	 1.229137e+03	 1.424503e-05	 1.023065e-03	 1.424503e-05	 
 2.268935e+03	 3.424267e+03	 1.171370e+03	 1.424503e-05	 1.023065e-03	 1.424503e-05	 
 2.268935e+03	 3.424267e+03	 1.113603e+03	 1.424503e-05	 1.023065e-03	 1.424503e-05	 
 