s	 e	 integralPartic	 alturaRetang	 metadePartic	 maximaPartic	 minimoPArtic	 alturaPartic	 p	 comparativoMet
69	 118	 1.703843e+04	 3.407686e+02	 4.142296e+02	 8.283559e+02	 1.032258e-01	 9.594645e-01	 0	 1.215574e+00	 
 75	 98	 3.197366e+03	 1.332236e+02	 4.142296e+02	 8.283559e+02	 1.032258e-01	 1.590651e-01	 0	 3.109281e+00	 
 69	 118	 1.000209e+01	 2.000418e-01	 4.142296e+02	 8.283559e+02	 1.032258e-01	 9.594645e-01	 0	 2.070715e+03	 
 62	 108	 2.411226e+04	 5.130269e+02	 4.142296e+02	 8.283559e+02	 1.032258e-01	 1.198443e+00	 1	 8.074227e-01	 
 62	 108	 2.411226e+04	 5.130269e+02	 4.142296e+02	 8.283559e+02	 1.032258e-01	 1.198443e+00	 1	 8.074227e-01	 
 90	 120	 1.063306e+04	 3.430019e+02	 4.142296e+02	 8.283559e+02	 1.032258e-01	 7.014650e-01	 0	 1.207660e+00	 
 67	 96	 1.611195e+04	 5.370649e+02	 4.142296e+02	 8.283559e+02	 1.032258e-01	 5.193054e-01	 1	 7.712840e-01	 
 64	 89	 1.890090e+04	 7.269578e+02	 4.142296e+02	 8.283559e+02	 1.032258e-01	 1.754964e+00	 1	 5.698124e-01	 
 65	 94	 2.474409e+04	 8.248031e+02	 4.142296e+02	 8.283559e+02	 1.032258e-01	 1.991174e+00	 1	 5.022163e-01	 
 67	 96	 1.611195e+04	 5.370649e+02	 4.142296e+02	 8.283559e+02	 1.032258e-01	 5.193054e-01	 1	 7.712840e-01	 
 