5.073118e-03	 2.183596e-01	 3.031362e-01	 3.753459e-01	 4.732606e+04	 8.922035e+00	 
 5.060278e-03	 2.183563e-01	 3.032195e-01	 3.753199e-01	 4.732637e+04	 8.922514e+00	 
 7.731241e-03	 2.186226e-01	 2.861659e-01	 3.808407e-01	 4.726063e+04	 8.865893e+00	 
 8.008531e-03	 2.167295e-01	 2.855703e-01	 3.818779e-01	 4.980685e+04	 8.971164e+00	 
 8.044355e-03	 2.165954e-01	 2.854292e-01	 3.819831e-01	 4.851983e+04	 8.917491e+00	 
 8.782657e-03	 2.184905e-01	 2.795985e-01	 3.830708e-01	 4.723467e+04	 8.856013e+00	 
 5.868200e-03	 2.185293e-01	 2.980042e-01	 3.769677e-01	 4.730651e+04	 8.897737e+00	 
 5.137270e-02	 1.223706e-01	 7.014190e-02	 4.946839e-01	 5.219955e+04	 8.934315e+00	 
 5.619810e-03	 2.174960e-01	 3.002009e-01	 3.767016e-01	 5.120618e+04	 9.135840e+00	 
 6.409977e-03	 2.186001e-01	 2.945348e-01	 3.780835e-01	 4.729318e+04	 8.885741e+00	 
 1.042866e-02	 2.180214e-01	 2.694785e-01	 3.866248e-01	 4.719396e+04	 8.846468e+00	 
 1.615888e-02	 2.123167e-01	 2.367309e-01	 3.999854e-01	 5.087838e+04	 8.934506e+00	 
 4.759395e-03	 2.182710e-01	 3.051745e-01	 3.747112e-01	 4.733376e+04	 8.934733e+00	 
 1.774988e-02	 2.097814e-01	 2.282394e-01	 4.039131e-01	 4.952564e+04	 8.883805e+00	 
 5.515669e-02	 9.084779e-02	 6.587033e-02	 5.099797e-01	 4.604396e+04	 9.000766e+00	 
 8.490223e-03	 2.185405e-01	 2.814170e-01	 3.824473e-01	 4.724190e+04	 8.858385e+00	 
 6.400281e-03	 2.185991e-01	 2.945967e-01	 3.780634e-01	 4.729342e+04	 8.885931e+00	 
 4.882459e-03	 2.177917e-01	 3.046812e-01	 3.750894e-01	 5.257621e+04	 9.243900e+00	 
 5.523483e-02	 9.034616e-02	 6.569185e-02	 5.102588e-01	 4.604182e+04	 9.002057e+00	 
 1.983562e-02	 2.094378e-01	 2.152667e-01	 4.083534e-01	 4.695938e+04	 8.839703e+00	 
 2.279059e-02	 2.033647e-01	 2.002950e-01	 4.159994e-01	 5.067051e+04	 8.918405e+00	 
 1.072055e-02	 2.170395e-01	 2.682176e-01	 3.874820e-01	 5.238288e+04	 9.017280e+00	 
 9.713477e-03	 2.160292e-01	 2.752224e-01	 3.856089e-01	 4.847520e+04	 8.892757e+00	 
 1.878540e-02	 2.108808e-01	 2.210215e-01	 4.058111e-01	 4.698572e+04	 8.838729e+00	 
 4.832420e-03	 2.182927e-01	 3.046994e-01	 3.748587e-01	 4.733197e+04	 8.931580e+00	 
 5.106646e-03	 2.183684e-01	 3.029188e-01	 3.754139e-01	 4.732523e+04	 8.920800e+00	 
 4.962352e-03	 2.183298e-01	 3.038550e-01	 3.751215e-01	 4.732878e+04	 8.926274e+00	 
 8.607264e-03	 2.185217e-01	 2.806885e-01	 3.826966e-01	 4.723901e+04	 8.857405e+00	 
 1.666811e-02	 2.117816e-01	 2.338393e-01	 4.011787e-01	 5.086247e+04	 8.932371e+00	 
 9.177619e-03	 2.202605e-01	 2.808824e-01	 3.804720e-01	 4.719397e+04	 8.867071e+00	 
 1.770810e-02	 2.152076e-01	 2.361798e-01	 3.957401e-01	 4.819187e+04	 8.865680e+00	 
 5.507329e-03	 2.176154e-01	 3.031119e-01	 3.750372e-01	 4.986448e+04	 9.074579e+00	 
 7.841497e-03	 2.199739e-01	 2.885555e-01	 3.783336e-01	 4.723297e+04	 8.878103e+00	 
 7.148595e-02	 8.288311e-03	 6.621667e-02	 5.313445e-01	 4.527268e+04	 1.366673e+01	 
 5.412874e-03	 2.174978e-01	 3.037178e-01	 3.749071e-01	 4.857614e+04	 9.009867e+00	 
 6.794457e-02	 6.826295e-02	 4.841960e-02	 5.116124e-01	 5.377675e+04	 9.299861e+00	 
 4.953075e-03	 2.187268e-01	 3.055347e-01	 3.738576e-01	 4.731705e+04	 8.938346e+00	 
 5.770063e-02	 1.251630e-01	 6.876788e-02	 4.823789e-01	 4.573269e+04	 8.995794e+00	 
 7.908652e-03	 2.192307e-01	 2.886222e-01	 3.786309e-01	 5.245232e+04	 9.086865e+00	 
 6.219257e-03	 2.172771e-01	 2.993212e-01	 3.762968e-01	 5.379814e+04	 9.246427e+00	 
 9.223002e-03	 2.202671e-01	 2.806237e-01	 3.805453e-01	 4.719264e+04	 8.866784e+00	 
 3.954771e-02	 1.835573e-01	 1.335000e-01	 4.391525e-01	 4.872302e+04	 8.892750e+00	 
 3.466016e-02	 1.945814e-01	 1.539931e-01	 4.285316e-01	 4.643810e+04	 8.885529e+00	 
 4.589246e-03	 2.185072e-01	 3.077125e-01	 3.733085e-01	 4.732762e+04	 8.953940e+00	 
 7.264794e-03	 2.180382e-01	 2.929885e-01	 3.778404e-01	 4.980641e+04	 9.000826e+00	 
 6.704696e-02	 7.644006e-02	 4.753174e-02	 5.087229e-01	 4.543544e+04	 9.156470e+00	 
 5.637793e-03	 2.191017e-01	 3.014603e-01	 3.749001e-01	 4.729715e+04	 8.916099e+00	 
 4.554141e-03	 2.184853e-01	 3.079231e-01	 3.732557e-01	 4.732864e+04	 8.955622e+00	 
 1.346580e-02	 2.182852e-01	 2.580375e-01	 3.880278e-01	 5.091448e+04	 8.960731e+00	 
 4.874248e-03	 2.186804e-01	 3.060058e-01	 3.737384e-01	 4.731934e+04	 8.941461e+00	 
 5.179643e-03	 2.188564e-01	 3.041831e-01	 3.742013e-01	 4.731047e+04	 8.930096e+00	 
 5.687858e-03	 2.181255e-01	 3.017753e-01	 3.752194e-01	 5.118950e+04	 9.138219e+00	 
 7.567683e-03	 2.198928e-01	 2.901419e-01	 3.779006e-01	 4.724096e+04	 8.881146e+00	 
 1.267903e-02	 2.191868e-01	 2.618844e-01	 3.865204e-01	 5.227373e+04	 9.002251e+00	 
 4.226670e-02	 1.768564e-01	 1.224835e-01	 4.451758e-01	 5.115110e+04	 8.968336e+00	 
 2.125251e-02	 2.123856e-01	 2.180607e-01	 4.022506e-01	 4.808022e+04	 8.861691e+00	 
 5.216728e-03	 2.126413e-01	 3.065767e-01	 3.769152e-01	 4.734469e+04	 8.881231e+00	 
 1.514645e-02	 2.022876e-01	 2.520996e-01	 3.997421e-01	 5.098146e+04	 8.900701e+00	 
 1.639700e-02	 2.021507e-01	 2.445308e-01	 4.023314e-01	 4.711452e+04	 8.794835e+00	 
 4.814999e-03	 2.123476e-01	 3.092129e-01	 3.761660e-01	 5.260223e+04	 9.208765e+00	 
 2.109434e-02	 1.913218e-01	 2.223997e-01	 4.145553e-01	 5.339607e+04	 8.939794e+00	 
 4.517720e-03	 2.124847e-01	 3.109500e-01	 3.755242e-01	 5.261062e+04	 9.237398e+00	 
 1.128501e-02	 2.062545e-01	 2.733279e-01	 3.908753e-01	 4.976357e+04	 8.885864e+00	 
 4.410912e-03	 2.129586e-01	 3.113178e-01	 3.751888e-01	 4.736114e+04	 8.914604e+00	 
 8.598880e-03	 2.106591e-01	 2.870766e-01	 3.843172e-01	 4.727543e+04	 8.821882e+00	 
 1.021526e-02	 2.093449e-01	 2.779825e-01	 3.879429e-01	 4.724222e+04	 8.810703e+00	 
 6.300966e-02	 3.481304e-02	 6.378567e-02	 5.367167e-01	 4.845640e+04	 8.860857e+00	 
 5.318067e-03	 2.125971e-01	 3.059830e-01	 3.771333e-01	 4.734262e+04	 8.877939e+00	 
 1.239635e-02	 2.071988e-01	 2.659398e-01	 3.929249e-01	 4.719728e+04	 8.801927e+00	 
 1.114782e-02	 2.084796e-01	 2.728013e-01	 3.900604e-01	 4.722302e+04	 8.806296e+00	 
 6.063811e-03	 2.122431e-01	 3.016324e-01	 3.787454e-01	 4.732737e+04	 8.858006e+00	 
 5.228468e-03	 2.126362e-01	 3.065079e-01	 3.769404e-01	 4.734445e+04	 8.880841e+00	 
 4.716438e-03	 2.123939e-01	 3.097883e-01	 3.759530e-01	 5.260501e+04	 9.217862e+00	 
 5.594363e-02	 6.997165e-02	 8.464483e-02	 5.143191e-01	 4.626249e+04	 8.857649e+00	 
 5.902079e-03	 2.123242e-01	 3.025733e-01	 3.783948e-01	 4.733068e+04	 8.861774e+00	 
 1.415929e-02	 2.020740e-01	 2.582849e-01	 3.977674e-01	 5.360634e+04	 8.988707e+00	 
 1.140009e-02	 2.067960e-01	 2.722824e-01	 3.909859e-01	 5.108058e+04	 8.932841e+00	 
 7.287316e-03	 2.115518e-01	 2.945625e-01	 3.814170e-01	 4.730233e+04	 8.836381e+00	 
 7.383820e-03	 2.114914e-01	 2.940084e-01	 3.816291e-01	 4.730035e+04	 8.835072e+00	 
 8.635382e-03	 2.088457e-01	 2.879668e-01	 3.848272e-01	 4.982791e+04	 8.923899e+00	 
 5.598709e-03	 2.124699e-01	 3.043421e-01	 3.777385e-01	 4.733688e+04	 8.869622e+00	 
 1.990039e-02	 1.965452e-01	 2.265070e-01	 4.108554e-01	 4.704170e+04	 8.793149e+00	 
 4.899460e-03	 2.127734e-01	 3.084390e-01	 3.762338e-01	 4.735117e+04	 8.892693e+00	 
 