s	 e	 integralPartic	 alturaRetang	 metadePartic	 maximaPartic	 minimoPArtic	 alturaPartic	 p	 comparativoMet
61	 101	 6.819572e+03	 1.663310e+02	 4.142296e+02	 8.283559e+02	 1.032258e-01	 4.226638e-01	 0	 2.490393e+00	 
 61	 101	 6.819572e+03	 1.663310e+02	 4.142296e+02	 8.283559e+02	 1.032258e-01	 4.226638e-01	 0	 2.490393e+00	 
 61	 101	 6.819572e+03	 1.663310e+02	 4.142296e+02	 8.283559e+02	 1.032258e-01	 4.226638e-01	 0	 2.490393e+00	 
 61	 101	 6.819572e+03	 1.663310e+02	 4.142296e+02	 8.283559e+02	 1.032258e-01	 4.226638e-01	 0	 2.490393e+00	 
 61	 101	 6.819572e+03	 1.663310e+02	 4.142296e+02	 8.283559e+02	 1.032258e-01	 4.226638e-01	 0	 2.490393e+00	 
 61	 101	 6.819572e+03	 1.663310e+02	 4.142296e+02	 8.283559e+02	 1.032258e-01	 4.226638e-01	 0	 2.490393e+00	 
 61	 101	 6.478805e+03	 1.580196e+02	 4.142296e+02	 8.283559e+02	 1.032258e-01	 4.226638e-01	 0	 2.621380e+00	 
 61	 101	 6.819572e+03	 1.663310e+02	 4.142296e+02	 8.283559e+02	 1.032258e-01	 4.226638e-01	 0	 2.490393e+00	 
 61	 101	 6.819572e+03	 1.663310e+02	 4.142296e+02	 8.283559e+02	 1.032258e-01	 4.226638e-01	 0	 2.490393e+00	 
 61	 101	 8.176723e+03	 1.994323e+02	 4.142296e+02	 8.283559e+02	 1.032258e-01	 4.226638e-01	 0	 2.077044e+00	 
 