s	 e	 integralPartic	 alturaRetang	 metadePartic	 maximaPartic	 minimoPArtic	 alturaPartic	 p	 comparativoMet
32	 49	 8.146706e+00	 4.525948e-01	 3.438133e+03	 6.876024e+03	 2.426001e-01	 5.383488e-01	 0	 7.596493e+03	 
 27	 54	 9.446092e+04	 3.373604e+03	 5.752339e+03	 1.150052e+04	 4.155865e+00	 5.864753e-01	 0	 1.705102e+00	 
 19	 50	 4.199863e+04	 1.312457e+03	 2.161477e+03	 4.322948e+03	 5.614759e-03	 6.072039e-01	 0	 1.646893e+00	 
 31	 44	 4.589106e+04	 3.277933e+03	 3.437356e+03	 6.874535e+03	 1.772060e-01	 9.536203e-01	 0	 1.048635e+00	 
 17	 43	 3.228385e+04	 1.195698e+03	 7.701995e+03	 1.540393e+04	 6.393558e-02	 1.552452e-01	 0	 6.441422e+00	 
 9	 34	 6.416167e+04	 2.467757e+03	 2.215260e+03	 4.430491e+03	 2.905182e-02	 1.172610e+00	 1	 8.976817e-01	 
 24	 60	 9.083907e+04	 2.455110e+03	 2.871261e+03	 5.742383e+03	 1.388233e-01	 7.948060e-01	 0	 1.169504e+00	 
 9	 52	 1.385661e+00	 3.149230e-02	 3.145894e+03	 6.291766e+03	 2.107069e-02	 6.794024e-01	 0	 9.989407e+04	 
 20	 34	 1.346430e+05	 8.976198e+03	 4.888260e+03	 9.776496e+03	 2.326622e-02	 1.836277e+00	 1	 5.445802e-01	 
 9	 42	 6.669971e+00	 1.961756e-01	 6.007750e+03	 1.201538e+04	 1.168084e-01	 1.116473e+00	 0	 3.062435e+04	 
 1	 1	 1.000000e-05	 1.000000e-05	 1.000000e-05	 1.000000e-05	 1.000000e-05	 1.000000e-05	 1	 1.000000e-05	 
 1	 1	 1.000000e-05	 1.000000e-05	 1.000000e-05	 1.000000e-05	 1.000000e-05	 1.000000e-05	 1	 1.000000e-05	 
 1	 1	 1.000000e-05	 1.000000e-05	 1.000000e-05	 1.000000e-05	 1.000000e-05	 1.000000e-05	 1	 1.000000e-05	 
 1	 1	 1.000000e-05	 1.000000e-05	 1.000000e-05	 1.000000e-05	 1.000000e-05	 1.000000e-05	 1	 1.000000e-05	 
 1	 1	 1.000000e-05	 1.000000e-05	 1.000000e-05	 1.000000e-05	 1.000000e-05	 1.000000e-05	 1	 1.000000e-05	 
 1	 1	 1.000000e-05	 1.000000e-05	 1.000000e-05	 1.000000e-05	 1.000000e-05	 1.000000e-05	 1	 1.000000e-05	 
 1	 1	 1.000000e-05	 1.000000e-05	 1.000000e-05	 1.000000e-05	 1.000000e-05	 1.000000e-05	 1	 1.000000e-05	 
 1	 1	 1.000000e-05	 1.000000e-05	 1.000000e-05	 1.000000e-05	 1.000000e-05	 1.000000e-05	 1	 1.000000e-05	 
 1	 1	 1.000000e-05	 1.000000e-05	 1.000000e-05	 1.000000e-05	 1.000000e-05	 1.000000e-05	 1	 1.000000e-05	 
 1	 1	 1.000000e-05	 1.000000e-05	 1.000000e-05	 1.000000e-05	 1.000000e-05	 1.000000e-05	 1	 1.000000e-05	 
 