3.002959e-01	 3.567713e-04	 6.896178e-01	 9.729489e-03	 1.926498e+03	 1.251464e+01	 
 2.994145e-01	 7.589302e-04	 6.897284e-01	 1.009812e-02	 1.843711e+03	 1.242258e+01	 
 2.996046e-01	 1.667002e-03	 6.892267e-01	 9.501640e-03	 1.825176e+03	 1.230874e+01	 
 3.024182e-01	 2.408103e-04	 6.889414e-01	 8.399582e-03	 2.083904e+03	 1.260791e+01	 
 1.965517e-01	 1.801187e-03	 7.248007e-01	 7.684641e-02	 2.313504e+03	 1.155831e+01	 
 2.840031e-01	 4.470719e-03	 6.932642e-01	 1.826201e-02	 1.830180e+03	 1.244384e+01	 
 2.994523e-01	 9.804701e-04	 6.896086e-01	 9.958564e-03	 1.835921e+03	 1.239205e+01	 
 2.864488e-01	 3.974680e-03	 6.926577e-01	 1.691879e-02	 1.783898e+03	 1.236403e+01	 
 3.030049e-01	 1.606474e-05	 6.888474e-01	 8.131696e-03	 2.196001e+03	 1.269600e+01	 
 3.032246e-01	 9.553867e-04	 6.883227e-01	 7.497386e-03	 1.973654e+03	 1.244932e+01	 
 2.999325e-01	 9.414073e-04	 6.894616e-01	 9.664463e-03	 1.857680e+03	 1.240561e+01	 
 3.010924e-01	 6.183716e-04	 6.892169e-01	 9.072367e-03	 1.938859e+03	 1.248432e+01	 
 