8.055607e-02	 7.164923e-01	 3.059091e-01	 5.554258e-06	 8.166690e+04	 81671	 4.098798e+00	 1	 7.092449e+03	 1.029984e-01	 9.804312e+02	 1.718563e+03	 1.450292e+03	 
 8.055607e-02	 7.164923e-01	 3.059091e-01	 5.554258e-06	 8.166690e+04	 81671	 4.098798e+00	 1	 7.092449e+03	 1.029984e-01	 9.804312e+02	 1.718563e+03	 1.450292e+03	 
 8.055607e-02	 7.164923e-01	 3.059091e-01	 5.554258e-06	 8.166690e+04	 81671	 4.098798e+00	 1	 7.092449e+03	 1.029984e-01	 9.804312e+02	 1.718563e+03	 1.450292e+03	 
 8.055607e-02	 7.164923e-01	 3.059091e-01	 5.554258e-06	 8.166690e+04	 81671	 4.098798e+00	 1	 7.092449e+03	 1.029984e-01	 9.804312e+02	 1.718563e+03	 1.450292e+03	 
 8.055607e-02	 7.164923e-01	 3.059091e-01	 5.554258e-06	 8.166690e+04	 81671	 4.098798e+00	 1	 7.092449e+03	 1.029984e-01	 9.804312e+02	 1.718563e+03	 1.450292e+03	 
 8.055607e-02	 7.164923e-01	 3.059091e-01	 5.554258e-06	 8.166690e+04	 81671	 4.098798e+00	 1	 7.092449e+03	 1.029984e-01	 9.804312e+02	 1.718563e+03	 1.450292e+03	 
 1.782299e-01	 4.807614e-01	 4.119977e-01	 3.708085e-04	 8.106806e+04	 8.133160e+04	 2.635417e+02	 1	 2.069124e+03	 7.141165e-02	 2.961956e+02	 1.719313e+03	 1.233916e+03	 
 1.782299e-01	 4.807614e-01	 4.119977e-01	 3.708085e-04	 8.106806e+04	 8.133160e+04	 2.635417e+02	 1	 2.069124e+03	 7.141165e-02	 2.961956e+02	 1.719313e+03	 1.233916e+03	 
 1.782299e-01	 4.807614e-01	 4.119977e-01	 3.708085e-04	 8.106806e+04	 8.133160e+04	 2.635417e+02	 1	 2.069124e+03	 7.141165e-02	 2.961956e+02	 1.719313e+03	 1.233916e+03	 
 1.782299e-01	 4.807614e-01	 4.119977e-01	 3.708085e-04	 8.106806e+04	 8.133160e+04	 2.635417e+02	 1	 2.069124e+03	 7.141165e-02	 2.961956e+02	 1.719313e+03	 1.233916e+03	 
 1.782299e-01	 4.807614e-01	 4.119977e-01	 3.708085e-04	 8.106806e+04	 8.133160e+04	 2.635417e+02	 1	 2.069124e+03	 7.141165e-02	 2.961956e+02	 1.719313e+03	 1.233916e+03	 
 1.782299e-01	 4.807614e-01	 4.119977e-01	 3.708085e-04	 8.106806e+04	 8.133160e+04	 2.635417e+02	 1	 2.069124e+03	 7.141165e-02	 2.961956e+02	 1.719313e+03	 1.233916e+03	 
 2.343939e-01	 1.028270e+00	 -2.387444e-01	 -7.290976e-07	 2.313412e+04	 2.313320e+04	 9.248190e-01	 0	 2.156761e+04	 2.395557e-02	 1.850788e+01	 5.762750e+02	 1.697191e+02	 
 2.343939e-01	 1.028270e+00	 -2.387444e-01	 -7.290976e-07	 2.313412e+04	 2.313320e+04	 9.248190e-01	 0	 2.156761e+04	 2.395557e-02	 1.850788e+01	 5.762750e+02	 1.697191e+02	 
 2.343939e-01	 1.028270e+00	 -2.387444e-01	 -7.290976e-07	 2.313412e+04	 2.313320e+04	 9.248190e-01	 0	 2.156761e+04	 2.395557e-02	 1.850788e+01	 5.762750e+02	 1.697191e+02	 
 2.343939e-01	 1.028270e+00	 -2.387444e-01	 -7.290976e-07	 2.313412e+04	 2.313320e+04	 9.248190e-01	 0	 2.156761e+04	 2.395557e-02	 1.850788e+01	 5.762750e+02	 1.697191e+02	 
 2.343939e-01	 1.028270e+00	 -2.387444e-01	 -7.290976e-07	 2.313412e+04	 2.313320e+04	 9.248190e-01	 0	 2.156761e+04	 2.395557e-02	 1.850788e+01	 5.762750e+02	 1.697191e+02	 
 2.063581e-01	 5.918727e-01	 2.167189e-01	 1.488223e-04	 2.299619e+04	 2.313320e+04	 1.370084e+02	 1	 2.266180e+06	 1.680589e-02	 4.437873e-01	 5.114555e+02	 8.636202e+01	 
 1.445530e-01	 5.575774e-01	 3.918670e-01	 3.073316e-05	 7.201606e+04	 7.203650e+04	 2.044278e+01	 1	 2.064789e+04	 9.494840e-02	 1.007275e+01	 1.774837e+03	 3.778656e+02	 
 1.445530e-01	 5.575774e-01	 3.918670e-01	 3.073316e-05	 7.201606e+04	 7.203650e+04	 2.044278e+01	 1	 2.064789e+04	 9.494840e-02	 1.007275e+01	 1.774837e+03	 3.778656e+02	 
 1.445530e-01	 5.575774e-01	 3.918670e-01	 3.073316e-05	 7.201606e+04	 7.203650e+04	 2.044278e+01	 1	 2.064789e+04	 9.494840e-02	 1.007275e+01	 1.774837e+03	 3.778656e+02	 
 1.445530e-01	 5.575774e-01	 3.918670e-01	 3.073316e-05	 7.201606e+04	 7.203650e+04	 2.044278e+01	 1	 2.064789e+04	 9.494840e-02	 1.007275e+01	 1.774837e+03	 3.778656e+02	 
 1.445530e-01	 5.575774e-01	 3.918670e-01	 3.073316e-05	 7.201606e+04	 7.203650e+04	 2.044278e+01	 1	 2.064789e+04	 9.494840e-02	 1.007275e+01	 1.774837e+03	 3.778656e+02	 
 1.445530e-01	 5.575774e-01	 3.918670e-01	 3.073316e-05	 7.201606e+04	 7.203650e+04	 2.044278e+01	 1	 2.064789e+04	 9.494840e-02	 1.007275e+01	 1.774837e+03	 3.778656e+02	 
 3.724371e-02	 4.453190e-01	 6.500764e-01	 1.099256e-05	 3.339206e+04	 3.341050e+04	 1.843955e+01	 1	 1.757515e+05	 1.367817e-01	 4.723700e+00	 2.318075e+02	 5.426666e+02	 
 3.724371e-02	 4.453190e-01	 6.500764e-01	 1.099256e-05	 3.339206e+04	 3.341050e+04	 1.843955e+01	 1	 1.757515e+05	 1.367817e-01	 4.723700e+00	 2.318075e+02	 5.426666e+02	 
 3.724371e-02	 4.453190e-01	 6.500764e-01	 1.099256e-05	 3.339206e+04	 3.341050e+04	 1.843955e+01	 1	 1.757515e+05	 1.367817e-01	 4.723700e+00	 2.318075e+02	 5.426666e+02	 
 3.724371e-02	 4.453190e-01	 6.500764e-01	 1.099256e-05	 3.339206e+04	 3.341050e+04	 1.843955e+01	 1	 1.757515e+05	 1.367817e-01	 4.723700e+00	 2.318075e+02	 5.426666e+02	 
 3.724371e-02	 4.453190e-01	 6.500764e-01	 1.099256e-05	 3.339206e+04	 3.341050e+04	 1.843955e+01	 1	 1.757515e+05	 1.367817e-01	 4.723700e+00	 2.318075e+02	 5.426666e+02	 
 3.724371e-02	 4.453190e-01	 6.500764e-01	 1.099256e-05	 3.339206e+04	 3.341050e+04	 1.843955e+01	 1	 1.757515e+05	 1.367817e-01	 4.723700e+00	 2.318075e+02	 5.426666e+02	 
 3.483955e-01	 2.242695e-01	 4.340873e-01	 3.920958e-04	 4.463369e+04	 4.528850e+04	 6.548106e+02	 1	 5.994943e+04	 7.160403e-03	 3.537253e+00	 2.205003e+03	 2.028310e+02	 
 3.483955e-01	 2.242695e-01	 4.340873e-01	 3.920958e-04	 4.463369e+04	 4.528850e+04	 6.548106e+02	 1	 5.994943e+04	 7.160403e-03	 3.537253e+00	 2.205003e+03	 2.028310e+02	 
 3.483955e-01	 2.242695e-01	 4.340873e-01	 3.920958e-04	 4.463369e+04	 4.528850e+04	 6.548106e+02	 1	 5.994943e+04	 7.160403e-03	 3.537253e+00	 2.205003e+03	 2.028310e+02	 
 3.483955e-01	 2.242695e-01	 4.340873e-01	 3.920958e-04	 4.463369e+04	 4.528850e+04	 6.548106e+02	 1	 5.994943e+04	 7.160403e-03	 3.537253e+00	 2.205003e+03	 2.028310e+02	 
 3.483955e-01	 2.242695e-01	 4.340873e-01	 3.920958e-04	 4.463369e+04	 4.528850e+04	 6.548106e+02	 1	 5.994943e+04	 7.160403e-03	 3.537253e+00	 2.205003e+03	 2.028310e+02	 
 3.483955e-01	 2.242695e-01	 4.340873e-01	 3.920958e-04	 4.463369e+04	 4.528850e+04	 6.548106e+02	 1	 5.994943e+04	 7.160403e-03	 3.537253e+00	 2.205003e+03	 2.028310e+02	 
 2.126181e-01	 7.810274e-01	 4.996251e-02	 4.142091e-05	 1.991321e+04	 1.996030e+04	 4.708729e+01	 1	 1.614823e+04	 4.392190e-02	 8.304850e+00	 1.557206e+02	 2.112232e+02	 
 2.126181e-01	 7.810274e-01	 4.996251e-02	 4.142091e-05	 1.991321e+04	 1.996030e+04	 4.708729e+01	 1	 1.614823e+04	 4.392190e-02	 8.304850e+00	 1.557206e+02	 2.112232e+02	 
 2.126181e-01	 7.810274e-01	 4.996251e-02	 4.142091e-05	 1.991321e+04	 1.996030e+04	 4.708729e+01	 1	 1.614823e+04	 4.392190e-02	 8.304850e+00	 1.557206e+02	 2.112232e+02	 
 2.126181e-01	 7.810274e-01	 4.996251e-02	 4.142091e-05	 1.991321e+04	 1.996030e+04	 4.708729e+01	 1	 1.614823e+04	 4.392190e-02	 8.304850e+00	 1.557206e+02	 2.112232e+02	 
 2.126181e-01	 7.810274e-01	 4.996251e-02	 4.142091e-05	 1.991321e+04	 1.996030e+04	 4.708729e+01	 1	 1.614823e+04	 4.392190e-02	 8.304850e+00	 1.557206e+02	 2.112232e+02	 
 2.126181e-01	 7.810274e-01	 4.996251e-02	 4.142091e-05	 1.991321e+04	 1.996030e+04	 4.708729e+01	 1	 1.614823e+04	 4.392190e-02	 8.304850e+00	 1.557206e+02	 2.112232e+02	 
 1.597365e-01	 5.624176e-01	 3.573776e-01	 1.342869e-04	 4.812542e+04	 4.826630e+04	 1.408821e+02	 1	 4.230302e+04	 8.032742e-02	 9.926286e+00	 9.068592e+02	 7.370461e+02	 
 1.597365e-01	 5.624176e-01	 3.573776e-01	 1.342869e-04	 4.812542e+04	 4.826630e+04	 1.408821e+02	 1	 4.230302e+04	 8.032742e-02	 9.926286e+00	 9.068592e+02	 7.370461e+02	 
 1.597365e-01	 5.624176e-01	 3.573776e-01	 1.342869e-04	 4.812542e+04	 4.826630e+04	 1.408821e+02	 1	 4.230302e+04	 8.032742e-02	 9.926286e+00	 9.068592e+02	 7.370461e+02	 
 1.597365e-01	 5.624176e-01	 3.573776e-01	 1.342869e-04	 4.812542e+04	 4.826630e+04	 1.408821e+02	 1	 4.230302e+04	 8.032742e-02	 9.926286e+00	 9.068592e+02	 7.370461e+02	 
 1.597365e-01	 5.624176e-01	 3.573776e-01	 1.342869e-04	 4.812542e+04	 4.826630e+04	 1.408821e+02	 1	 4.230302e+04	 8.032742e-02	 9.926286e+00	 9.068592e+02	 7.370461e+02	 
 1.597365e-01	 5.624176e-01	 3.573776e-01	 1.342869e-04	 4.812542e+04	 4.826630e+04	 1.408821e+02	 1	 4.230302e+04	 8.032742e-02	 9.926286e+00	 9.068592e+02	 7.370461e+02	 
 1.971326e-02	 5.811819e-01	 5.086384e-01	 1.546491e-04	 8.336071e+04	 8.353180e+04	 1.710903e+02	 1	 2.989345e+03	 1.098720e-01	 2.010335e+02	 2.621445e+02	 2.086279e+02	 
 1.971326e-02	 5.811819e-01	 5.086384e-01	 1.546491e-04	 8.336071e+04	 8.353180e+04	 1.710903e+02	 1	 2.989345e+03	 1.098720e-01	 2.010335e+02	 2.621445e+02	 2.086279e+02	 
 1.971326e-02	 5.811819e-01	 5.086384e-01	 1.546491e-04	 8.336071e+04	 8.353180e+04	 1.710903e+02	 1	 2.989345e+03	 1.098720e-01	 2.010335e+02	 2.621445e+02	 2.086279e+02	 
 1.971326e-02	 5.811819e-01	 5.086384e-01	 1.546491e-04	 8.336071e+04	 8.353180e+04	 1.710903e+02	 1	 2.989345e+03	 1.098720e-01	 2.010335e+02	 2.621445e+02	 2.086279e+02	 
 1.971326e-02	 5.811819e-01	 5.086384e-01	 1.546491e-04	 8.336071e+04	 8.353180e+04	 1.710903e+02	 1	 2.989345e+03	 1.098720e-01	 2.010335e+02	 2.621445e+02	 2.086279e+02	 
 1.971326e-02	 5.811819e-01	 5.086384e-01	 1.546491e-04	 8.336071e+04	 8.353180e+04	 1.710903e+02	 1	 2.989345e+03	 1.098720e-01	 2.010335e+02	 2.621445e+02	 2.086279e+02	 
 -7.061293e-01	 -6.252388e-02	 2.000188e+00	 1.360054e-06	 7.726817e+04	 7.727220e+04	 4.025955e+00	 0	 2.499537e+04	 2.321786e-01	 2.341777e+02	 2.285470e+02	 4.484709e+02	 
 -7.061293e-01	 -6.252388e-02	 2.000188e+00	 1.360054e-06	 7.726817e+04	 7.727220e+04	 4.025955e+00	 0	 2.499537e+04	 2.321786e-01	 2.341777e+02	 2.285470e+02	 4.484709e+02	 
 -7.061293e-01	 -6.252388e-02	 2.000188e+00	 1.360054e-06	 7.726817e+04	 7.727220e+04	 4.025955e+00	 0	 2.499537e+04	 2.321786e-01	 2.341777e+02	 2.285470e+02	 4.484709e+02	 
 -7.061293e-01	 -6.252388e-02	 2.000188e+00	 1.360054e-06	 7.726817e+04	 7.727220e+04	 4.025955e+00	 0	 2.499537e+04	 2.321786e-01	 2.341777e+02	 2.285470e+02	 4.484709e+02	 
 -7.061293e-01	 -6.252388e-02	 2.000188e+00	 1.360054e-06	 7.726817e+04	 7.727220e+04	 4.025955e+00	 0	 2.499537e+04	 2.321786e-01	 2.341777e+02	 2.285470e+02	 4.484709e+02	 
 -7.061293e-01	 -6.252388e-02	 2.000188e+00	 1.360054e-06	 7.726817e+04	 7.727220e+04	 4.025955e+00	 0	 2.499537e+04	 2.321786e-01	 2.341777e+02	 2.285470e+02	 4.484709e+02	 
 -7.061293e-01	 -6.252388e-02	 2.000188e+00	 1.360054e-06	 7.726817e+04	 7.727220e+04	 4.025955e+00	 0	 2.499537e+04	 2.321786e-01	 2.341777e+02	 2.285470e+02	 4.484709e+02	 
 -7.061293e-01	 -6.252388e-02	 2.000188e+00	 1.360054e-06	 7.726817e+04	 7.727220e+04	 4.025955e+00	 0	 2.499537e+04	 2.321786e-01	 2.341777e+02	 2.285470e+02	 4.484709e+02	 
 -7.061293e-01	 -6.252388e-02	 2.000188e+00	 1.360054e-06	 7.726817e+04	 7.727220e+04	 4.025955e+00	 0	 2.499537e+04	 2.321786e-01	 2.341777e+02	 2.285470e+02	 4.484709e+02	 
 -7.061293e-01	 -6.252388e-02	 2.000188e+00	 1.360054e-06	 7.726817e+04	 7.727220e+04	 4.025955e+00	 0	 2.499537e+04	 2.321786e-01	 2.341777e+02	 2.285470e+02	 4.484709e+02	 
 -7.061293e-01	 -6.252388e-02	 2.000188e+00	 1.360054e-06	 7.726817e+04	 7.727220e+04	 4.025955e+00	 0	 2.499537e+04	 2.321786e-01	 2.341777e+02	 2.285470e+02	 4.484709e+02	 
 -7.061293e-01	 -6.252388e-02	 2.000188e+00	 1.360054e-06	 7.726817e+04	 7.727220e+04	 4.025955e+00	 0	 2.499537e+04	 2.321786e-01	 2.341777e+02	 2.285470e+02	 4.484709e+02	 
 -7.061293e-01	 -6.252388e-02	 2.000188e+00	 1.360054e-06	 7.726817e+04	 7.727220e+04	 4.025955e+00	 0	 2.499537e+04	 2.321786e-01	 2.341777e+02	 2.285470e+02	 4.484709e+02	 
 -7.061293e-01	 -6.252388e-02	 2.000188e+00	 1.360054e-06	 7.726817e+04	 7.727220e+04	 4.025955e+00	 0	 2.499537e+04	 2.321786e-01	 2.341777e+02	 2.285470e+02	 4.484709e+02	 
 -7.061293e-01	 -6.252388e-02	 2.000188e+00	 1.360054e-06	 7.726817e+04	 7.727220e+04	 4.025955e+00	 0	 2.499537e+04	 2.321786e-01	 2.341777e+02	 2.285470e+02	 4.484709e+02	 
 -7.061293e-01	 -6.252388e-02	 2.000188e+00	 1.360054e-06	 7.726817e+04	 7.727220e+04	 4.025955e+00	 0	 2.499537e+04	 2.321786e-01	 2.341777e+02	 2.285470e+02	 4.484709e+02	 
 -7.061293e-01	 -6.252388e-02	 2.000188e+00	 1.360054e-06	 7.726817e+04	 7.727220e+04	 4.025955e+00	 0	 2.499537e+04	 2.321786e-01	 2.341777e+02	 2.285470e+02	 4.484709e+02	 
 -7.061293e-01	 -6.252388e-02	 2.000188e+00	 1.360054e-06	 7.726817e+04	 7.727220e+04	 4.025955e+00	 0	 2.499537e+04	 2.321786e-01	 2.341777e+02	 2.285470e+02	 4.484709e+02	 
 -7.061293e-01	 -6.252388e-02	 2.000188e+00	 1.360054e-06	 7.726817e+04	 7.727220e+04	 4.025955e+00	 0	 2.499537e+04	 2.321786e-01	 2.341777e+02	 2.285470e+02	 4.484709e+02	 
 -7.061293e-01	 -6.252388e-02	 2.000188e+00	 1.360054e-06	 7.726817e+04	 7.727220e+04	 4.025955e+00	 0	 2.499537e+04	 2.321786e-01	 2.341777e+02	 2.285470e+02	 4.484709e+02	 
 -7.061293e-01	 -6.252388e-02	 2.000188e+00	 1.360054e-06	 7.726817e+04	 7.727220e+04	 4.025955e+00	 0	 2.499537e+04	 2.321786e-01	 2.341777e+02	 2.285470e+02	 4.484709e+02	 
 -7.061293e-01	 -6.252388e-02	 2.000188e+00	 1.360054e-06	 7.726817e+04	 7.727220e+04	 4.025955e+00	 0	 2.499537e+04	 2.321786e-01	 2.341777e+02	 2.285470e+02	 4.484709e+02	 
 -7.061293e-01	 -6.252388e-02	 2.000188e+00	 1.360054e-06	 7.726817e+04	 7.727220e+04	 4.025955e+00	 0	 2.499537e+04	 2.321786e-01	 2.341777e+02	 2.285470e+02	 4.484709e+02	 
 -7.061293e-01	 -6.252388e-02	 2.000188e+00	 1.360054e-06	 7.726817e+04	 7.727220e+04	 4.025955e+00	 0	 2.499537e+04	 2.321786e-01	 2.341777e+02	 2.285470e+02	 4.484709e+02	 
 -7.061293e-01	 -6.252388e-02	 2.000188e+00	 1.360054e-06	 7.726817e+04	 7.727220e+04	 4.025955e+00	 0	 2.499537e+04	 2.321786e-01	 2.341777e+02	 2.285470e+02	 4.484709e+02	 
 -7.061293e-01	 -6.252388e-02	 2.000188e+00	 1.360054e-06	 7.726817e+04	 7.727220e+04	 4.025955e+00	 0	 2.499537e+04	 2.321786e-01	 2.341777e+02	 2.285470e+02	 4.484709e+02	 
 -7.061293e-01	 -6.252388e-02	 2.000188e+00	 1.360054e-06	 7.726817e+04	 7.727220e+04	 4.025955e+00	 0	 2.499537e+04	 2.321786e-01	 2.341777e+02	 2.285470e+02	 4.484709e+02	 
 -7.061293e-01	 -6.252388e-02	 2.000188e+00	 1.360054e-06	 7.726817e+04	 7.727220e+04	 4.025955e+00	 0	 2.499537e+04	 2.321786e-01	 2.341777e+02	 2.285470e+02	 4.484709e+02	 
 -7.061293e-01	 -6.252388e-02	 2.000188e+00	 1.360054e-06	 7.726817e+04	 7.727220e+04	 4.025955e+00	 0	 2.499537e+04	 2.321786e-01	 2.341777e+02	 2.285470e+02	 4.484709e+02	 
 -7.061293e-01	 -6.252388e-02	 2.000188e+00	 1.360054e-06	 7.726817e+04	 7.727220e+04	 4.025955e+00	 0	 2.499537e+04	 2.321786e-01	 2.341777e+02	 2.285470e+02	 4.484709e+02	 
 1.835579e-01	 8.608584e-01	 5.952483e-03	 4.715390e-05	 1.992593e+04	 1.996030e+04	 3.437397e+01	 1	 1.992719e+04	 5.068625e-02	 1.115833e+01	 1.017595e+04	 6.303568e-02	 
 1.835579e-01	 8.608584e-01	 5.952483e-03	 4.715390e-05	 1.992593e+04	 1.996030e+04	 3.437397e+01	 1	 1.992719e+04	 5.068625e-02	 1.115833e+01	 1.017595e+04	 6.303568e-02	 
 1.835579e-01	 8.608584e-01	 5.952483e-03	 4.715390e-05	 1.992593e+04	 1.996030e+04	 3.437397e+01	 1	 1.992719e+04	 5.068625e-02	 1.115833e+01	 1.017595e+04	 6.303568e-02	 
 1.835579e-01	 8.608584e-01	 5.952483e-03	 4.715390e-05	 1.992593e+04	 1.996030e+04	 3.437397e+01	 1	 1.992719e+04	 5.068625e-02	 1.115833e+01	 1.017595e+04	 6.303568e-02	 
 1.835579e-01	 8.608584e-01	 5.952483e-03	 4.715390e-05	 1.992593e+04	 1.996030e+04	 3.437397e+01	 1	 1.992719e+04	 5.068625e-02	 1.115833e+01	 1.017595e+04	 6.303568e-02	 
 1.835579e-01	 8.608584e-01	 5.952483e-03	 4.715390e-05	 1.992593e+04	 1.996030e+04	 3.437397e+01	 1	 1.992719e+04	 5.068625e-02	 1.115833e+01	 1.017595e+04	 6.303568e-02	 
 1.730472e-01	 8.459271e-01	 3.552480e-02	 5.966697e-03	 1.997116e+04	 1.996030e+04	 1.086493e+01	 1	 9.817660e+02	 6.074576e-02	 1.866151e+01	 8.788213e+02	 6.048762e-02	 
 1.730472e-01	 8.459271e-01	 3.552480e-02	 5.966697e-03	 1.997116e+04	 1.996030e+04	 1.086493e+01	 1	 9.817660e+02	 6.074576e-02	 1.866151e+01	 8.788213e+02	 6.048762e-02	 
 1.730472e-01	 8.459271e-01	 3.552480e-02	 5.966697e-03	 1.997116e+04	 1.996030e+04	 1.086493e+01	 1	 9.817660e+02	 6.074576e-02	 1.866151e+01	 8.788213e+02	 6.048762e-02	 
 1.730472e-01	 8.459271e-01	 3.552480e-02	 5.966697e-03	 1.997116e+04	 1.996030e+04	 1.086493e+01	 1	 9.817660e+02	 6.074576e-02	 1.866151e+01	 8.788213e+02	 6.048762e-02	 
 1.730472e-01	 8.459271e-01	 3.552480e-02	 5.966697e-03	 1.997116e+04	 1.996030e+04	 1.086493e+01	 1	 9.817660e+02	 6.074576e-02	 1.866151e+01	 8.788213e+02	 6.048762e-02	 
 1.730472e-01	 8.459271e-01	 3.552480e-02	 5.966697e-03	 1.997116e+04	 1.996030e+04	 1.086493e+01	 1	 9.817660e+02	 6.074576e-02	 1.866151e+01	 8.788213e+02	 6.048762e-02	 
 -7.061293e-01	 -6.252388e-02	 2.000188e+00	 1.360054e-06	 7.726817e+04	 7.727220e+04	 4.025955e+00	 0	 2.499537e+04	 2.321786e-01	 2.341777e+02	 2.285470e+02	 4.484709e+02	 
 -7.061293e-01	 -6.252388e-02	 2.000188e+00	 1.360054e-06	 7.726817e+04	 7.727220e+04	 4.025955e+00	 0	 2.499537e+04	 2.321786e-01	 2.341777e+02	 2.285470e+02	 4.484709e+02	 
 -7.061293e-01	 -6.252388e-02	 2.000188e+00	 1.360054e-06	 7.726817e+04	 7.727220e+04	 4.025955e+00	 0	 2.499537e+04	 2.321786e-01	 2.341777e+02	 2.285470e+02	 4.484709e+02	 
 -7.061293e-01	 -6.252388e-02	 2.000188e+00	 1.360054e-06	 7.726817e+04	 7.727220e+04	 4.025955e+00	 0	 2.499537e+04	 2.321786e-01	 2.341777e+02	 2.285470e+02	 4.484709e+02	 
 -7.061293e-01	 -6.252388e-02	 2.000188e+00	 1.360054e-06	 7.726817e+04	 7.727220e+04	 4.025955e+00	 0	 2.499537e+04	 2.321786e-01	 2.341777e+02	 2.285470e+02	 4.484709e+02	 
 -7.061293e-01	 -6.252388e-02	 2.000188e+00	 1.360054e-06	 7.726817e+04	 7.727220e+04	 4.025955e+00	 0	 2.499537e+04	 2.321786e-01	 2.341777e+02	 2.285470e+02	 4.484709e+02	 
 1.969232e-01	 4.890159e-01	 3.813225e-01	 3.994595e-04	 8.124111e+04	 8.133160e+04	 9.048878e+01	 1	 9.926544e+02	 6.771072e-02	 2.659357e+02	 4.915958e+02	 6.002270e+01	 
 1.969232e-01	 4.890159e-01	 3.813225e-01	 3.994595e-04	 8.124111e+04	 8.133160e+04	 9.048878e+01	 1	 9.926544e+02	 6.771072e-02	 2.659357e+02	 4.915958e+02	 6.002270e+01	 
 1.969232e-01	 4.890159e-01	 3.813225e-01	 3.994595e-04	 8.124111e+04	 8.133160e+04	 9.048878e+01	 1	 9.926544e+02	 6.771072e-02	 2.659357e+02	 4.915958e+02	 6.002270e+01	 
 1.969232e-01	 4.890159e-01	 3.813225e-01	 3.994595e-04	 8.124111e+04	 8.133160e+04	 9.048878e+01	 1	 9.926544e+02	 6.771072e-02	 2.659357e+02	 4.915958e+02	 6.002270e+01	 
 1.969232e-01	 4.890159e-01	 3.813225e-01	 3.994595e-04	 8.124111e+04	 8.133160e+04	 9.048878e+01	 1	 9.926544e+02	 6.771072e-02	 2.659357e+02	 4.915958e+02	 6.002270e+01	 
 1.969232e-01	 4.890159e-01	 3.813225e-01	 3.994595e-04	 8.124111e+04	 8.133160e+04	 9.048878e+01	 1	 9.926544e+02	 6.771072e-02	 2.659357e+02	 4.915958e+02	 6.002270e+01	 
 1.222937e-01	 7.501166e-01	 2.264022e-01	 1.380500e-03	 8.133209e+04	 8.133160e+04	 4.913047e-01	 1	 3.978665e+02	 1.002596e-01	 3.276019e+02	 8.361657e+02	 3.580203e+02	 
 1.222937e-01	 7.501166e-01	 2.264022e-01	 1.380500e-03	 8.133209e+04	 8.133160e+04	 4.913047e-01	 1	 3.978665e+02	 1.002596e-01	 3.276019e+02	 8.361657e+02	 3.580203e+02	 
 1.222937e-01	 7.501166e-01	 2.264022e-01	 1.380500e-03	 8.133209e+04	 8.133160e+04	 4.913047e-01	 1	 3.978665e+02	 1.002596e-01	 3.276019e+02	 8.361657e+02	 3.580203e+02	 
 1.222937e-01	 7.501166e-01	 2.264022e-01	 1.380500e-03	 8.133209e+04	 8.133160e+04	 4.913047e-01	 1	 3.978665e+02	 1.002596e-01	 3.276019e+02	 8.361657e+02	 3.580203e+02	 
 1.222937e-01	 7.501166e-01	 2.264022e-01	 1.380500e-03	 8.133209e+04	 8.133160e+04	 4.913047e-01	 1	 3.978665e+02	 1.002596e-01	 3.276019e+02	 8.361657e+02	 3.580203e+02	 
 1.222937e-01	 7.501166e-01	 2.264022e-01	 1.380500e-03	 8.133209e+04	 8.133160e+04	 4.913047e-01	 1	 3.978665e+02	 1.002596e-01	 3.276019e+02	 8.361657e+02	 3.580203e+02	 
 -7.061293e-01	 -6.252388e-02	 2.000188e+00	 1.360054e-06	 7.726817e+04	 7.727220e+04	 4.025955e+00	 0	 2.499537e+04	 2.321786e-01	 2.341777e+02	 2.285470e+02	 4.484709e+02	 
 -7.061293e-01	 -6.252388e-02	 2.000188e+00	 1.360054e-06	 7.726817e+04	 7.727220e+04	 4.025955e+00	 0	 2.499537e+04	 2.321786e-01	 2.341777e+02	 2.285470e+02	 4.484709e+02	 
 -7.061293e-01	 -6.252388e-02	 2.000188e+00	 1.360054e-06	 7.726817e+04	 7.727220e+04	 4.025955e+00	 0	 2.499537e+04	 2.321786e-01	 2.341777e+02	 2.285470e+02	 4.484709e+02	 
 -7.061293e-01	 -6.252388e-02	 2.000188e+00	 1.360054e-06	 7.726817e+04	 7.727220e+04	 4.025955e+00	 0	 2.499537e+04	 2.321786e-01	 2.341777e+02	 2.285470e+02	 4.484709e+02	 
 -7.061293e-01	 -6.252388e-02	 2.000188e+00	 1.360054e-06	 7.726817e+04	 7.727220e+04	 4.025955e+00	 0	 2.499537e+04	 2.321786e-01	 2.341777e+02	 2.285470e+02	 4.484709e+02	 
 -7.061293e-01	 -6.252388e-02	 2.000188e+00	 1.360054e-06	 7.726817e+04	 7.727220e+04	 4.025955e+00	 0	 2.499537e+04	 2.321786e-01	 2.341777e+02	 2.285470e+02	 4.484709e+02	 
 -7.061293e-01	 -6.252388e-02	 2.000188e+00	 1.360054e-06	 7.726817e+04	 7.727220e+04	 4.025955e+00	 0	 2.499537e+04	 2.321786e-01	 2.341777e+02	 2.285470e+02	 4.484709e+02	 
 -7.061293e-01	 -6.252388e-02	 2.000188e+00	 1.360054e-06	 7.726817e+04	 7.727220e+04	 4.025955e+00	 0	 2.499537e+04	 2.321786e-01	 2.341777e+02	 2.285470e+02	 4.484709e+02	 
 -7.061293e-01	 -6.252388e-02	 2.000188e+00	 1.360054e-06	 7.726817e+04	 7.727220e+04	 4.025955e+00	 0	 2.499537e+04	 2.321786e-01	 2.341777e+02	 2.285470e+02	 4.484709e+02	 
 -7.061293e-01	 -6.252388e-02	 2.000188e+00	 1.360054e-06	 7.726817e+04	 7.727220e+04	 4.025955e+00	 0	 2.499537e+04	 2.321786e-01	 2.341777e+02	 2.285470e+02	 4.484709e+02	 
 -7.061293e-01	 -6.252388e-02	 2.000188e+00	 1.360054e-06	 7.726817e+04	 7.727220e+04	 4.025955e+00	 0	 2.499537e+04	 2.321786e-01	 2.341777e+02	 2.285470e+02	 4.484709e+02	 
 -7.061293e-01	 -6.252388e-02	 2.000188e+00	 1.360054e-06	 7.726817e+04	 7.727220e+04	 4.025955e+00	 0	 2.499537e+04	 2.321786e-01	 2.341777e+02	 2.285470e+02	 4.484709e+02	 
 -7.061293e-01	 -6.252388e-02	 2.000188e+00	 1.360054e-06	 7.726817e+04	 7.727220e+04	 4.025955e+00	 0	 2.499537e+04	 2.321786e-01	 2.341777e+02	 2.285470e+02	 4.484709e+02	 
 -7.061293e-01	 -6.252388e-02	 2.000188e+00	 1.360054e-06	 7.726817e+04	 7.727220e+04	 4.025955e+00	 0	 2.499537e+04	 2.321786e-01	 2.341777e+02	 2.285470e+02	 4.484709e+02	 
 -7.061293e-01	 -6.252388e-02	 2.000188e+00	 1.360054e-06	 7.726817e+04	 7.727220e+04	 4.025955e+00	 0	 2.499537e+04	 2.321786e-01	 2.341777e+02	 2.285470e+02	 4.484709e+02	 
 -7.061293e-01	 -6.252388e-02	 2.000188e+00	 1.360054e-06	 7.726817e+04	 7.727220e+04	 4.025955e+00	 0	 2.499537e+04	 2.321786e-01	 2.341777e+02	 2.285470e+02	 4.484709e+02	 
 -7.061293e-01	 -6.252388e-02	 2.000188e+00	 1.360054e-06	 7.726817e+04	 7.727220e+04	 4.025955e+00	 0	 2.499537e+04	 2.321786e-01	 2.341777e+02	 2.285470e+02	 4.484709e+02	 
 -7.061293e-01	 -6.252388e-02	 2.000188e+00	 1.360054e-06	 7.726817e+04	 7.727220e+04	 4.025955e+00	 0	 2.499537e+04	 2.321786e-01	 2.341777e+02	 2.285470e+02	 4.484709e+02	 
 -7.061293e-01	 -6.252388e-02	 2.000188e+00	 1.360054e-06	 7.726817e+04	 7.727220e+04	 4.025955e+00	 0	 2.499537e+04	 2.321786e-01	 2.341777e+02	 2.285470e+02	 4.484709e+02	 
 -7.061293e-01	 -6.252388e-02	 2.000188e+00	 1.360054e-06	 7.726817e+04	 7.727220e+04	 4.025955e+00	 0	 2.499537e+04	 2.321786e-01	 2.341777e+02	 2.285470e+02	 4.484709e+02	 
 -7.061293e-01	 -6.252388e-02	 2.000188e+00	 1.360054e-06	 7.726817e+04	 7.727220e+04	 4.025955e+00	 0	 2.499537e+04	 2.321786e-01	 2.341777e+02	 2.285470e+02	 4.484709e+02	 
 -7.061293e-01	 -6.252388e-02	 2.000188e+00	 1.360054e-06	 7.726817e+04	 7.727220e+04	 4.025955e+00	 0	 2.499537e+04	 2.321786e-01	 2.341777e+02	 2.285470e+02	 4.484709e+02	 
 -7.061293e-01	 -6.252388e-02	 2.000188e+00	 1.360054e-06	 7.726817e+04	 7.727220e+04	 4.025955e+00	 0	 2.499537e+04	 2.321786e-01	 2.341777e+02	 2.285470e+02	 4.484709e+02	 
 -7.061293e-01	 -6.252388e-02	 2.000188e+00	 1.360054e-06	 7.726817e+04	 7.727220e+04	 4.025955e+00	 0	 2.499537e+04	 2.321786e-01	 2.341777e+02	 2.285470e+02	 4.484709e+02	 
 4.776780e-02	 4.596580e-01	 6.208164e-01	 9.811040e-06	 3.340197e+04	 3.341050e+04	 8.533609e+00	 1	 1.092349e+05	 1.320680e-01	 4.524487e+00	 1.073415e+03	 8.357029e+01	 
 4.776780e-02	 4.596580e-01	 6.208164e-01	 9.811040e-06	 3.340197e+04	 3.341050e+04	 8.533609e+00	 1	 1.092349e+05	 1.320680e-01	 4.524487e+00	 1.073415e+03	 8.357029e+01	 
 4.776780e-02	 4.596580e-01	 6.208164e-01	 9.811040e-06	 3.340197e+04	 3.341050e+04	 8.533609e+00	 1	 1.092349e+05	 1.320680e-01	 4.524487e+00	 1.073415e+03	 8.357029e+01	 
 4.776780e-02	 4.596580e-01	 6.208164e-01	 9.811040e-06	 3.340197e+04	 3.341050e+04	 8.533609e+00	 1	 1.092349e+05	 1.320680e-01	 4.524487e+00	 1.073415e+03	 8.357029e+01	 
 4.776780e-02	 4.596580e-01	 6.208164e-01	 9.811040e-06	 3.340197e+04	 3.341050e+04	 8.533609e+00	 1	 1.092349e+05	 1.320680e-01	 4.524487e+00	 1.073415e+03	 8.357029e+01	 
 4.776780e-02	 4.596580e-01	 6.208164e-01	 9.811040e-06	 3.340197e+04	 3.341050e+04	 8.533609e+00	 1	 1.092349e+05	 1.320680e-01	 4.524487e+00	 1.073415e+03	 8.357029e+01	 
 4.991212e-02	 4.608243e-01	 6.168138e-01	 9.682136e-06	 3.340774e+04	 3.341050e+04	 2.756569e+00	 1	 5.246982e+04	 1.313701e-01	 4.511813e+00	 1.512821e+02	 7.939830e+01	 
 4.991212e-02	 4.608243e-01	 6.168138e-01	 9.682136e-06	 3.340774e+04	 3.341050e+04	 2.756569e+00	 1	 5.246982e+04	 1.313701e-01	 4.511813e+00	 1.512821e+02	 7.939830e+01	 
 4.991212e-02	 4.608243e-01	 6.168138e-01	 9.682136e-06	 3.340774e+04	 3.341050e+04	 2.756569e+00	 1	 5.246982e+04	 1.313701e-01	 4.511813e+00	 1.512821e+02	 7.939830e+01	 
 4.991212e-02	 4.608243e-01	 6.168138e-01	 9.682136e-06	 3.340774e+04	 3.341050e+04	 2.756569e+00	 1	 5.246982e+04	 1.313701e-01	 4.511813e+00	 1.512821e+02	 7.939830e+01	 
 4.991212e-02	 4.608243e-01	 6.168138e-01	 9.682136e-06	 3.340774e+04	 3.341050e+04	 2.756569e+00	 1	 5.246982e+04	 1.313701e-01	 4.511813e+00	 1.512821e+02	 7.939830e+01	 
 4.991212e-02	 4.608243e-01	 6.168138e-01	 9.682136e-06	 3.340774e+04	 3.341050e+04	 2.756569e+00	 1	 5.246982e+04	 1.313701e-01	 4.511813e+00	 1.512821e+02	 7.939830e+01	 
 -7.061293e-01	 -6.252388e-02	 2.000188e+00	 1.360054e-06	 7.726817e+04	 7.727220e+04	 4.025955e+00	 0	 2.499537e+04	 2.321786e-01	 2.341777e+02	 2.285470e+02	 4.484709e+02	 
 -7.061293e-01	 -6.252388e-02	 2.000188e+00	 1.360054e-06	 7.726817e+04	 7.727220e+04	 4.025955e+00	 0	 2.499537e+04	 2.321786e-01	 2.341777e+02	 2.285470e+02	 4.484709e+02	 
 -7.061293e-01	 -6.252388e-02	 2.000188e+00	 1.360054e-06	 7.726817e+04	 7.727220e+04	 4.025955e+00	 0	 2.499537e+04	 2.321786e-01	 2.341777e+02	 2.285470e+02	 4.484709e+02	 
 -7.061293e-01	 -6.252388e-02	 2.000188e+00	 1.360054e-06	 7.726817e+04	 7.727220e+04	 4.025955e+00	 0	 2.499537e+04	 2.321786e-01	 2.341777e+02	 2.285470e+02	 4.484709e+02	 
 -7.061293e-01	 -6.252388e-02	 2.000188e+00	 1.360054e-06	 7.726817e+04	 7.727220e+04	 4.025955e+00	 0	 2.499537e+04	 2.321786e-01	 2.341777e+02	 2.285470e+02	 4.484709e+02	 
 -7.061293e-01	 -6.252388e-02	 2.000188e+00	 1.360054e-06	 7.726817e+04	 7.727220e+04	 4.025955e+00	 0	 2.499537e+04	 2.321786e-01	 2.341777e+02	 2.285470e+02	 4.484709e+02	 
 1.518709e-01	 5.579124e-01	 3.730705e-01	 1.270940e-04	 4.815990e+04	 4.826630e+04	 1.063965e+02	 1	 4.198401e+04	 8.361918e-02	 1.132225e+01	 1.011125e+03	 7.376196e+02	 
 1.518709e-01	 5.579124e-01	 3.730705e-01	 1.270940e-04	 4.815990e+04	 4.826630e+04	 1.063965e+02	 1	 4.198401e+04	 8.361918e-02	 1.132225e+01	 1.011125e+03	 7.376196e+02	 
 1.518709e-01	 5.579124e-01	 3.730705e-01	 1.270940e-04	 4.815990e+04	 4.826630e+04	 1.063965e+02	 1	 4.198401e+04	 8.361918e-02	 1.132225e+01	 1.011125e+03	 7.376196e+02	 
 1.518709e-01	 5.579124e-01	 3.730705e-01	 1.270940e-04	 4.815990e+04	 4.826630e+04	 1.063965e+02	 1	 4.198401e+04	 8.361918e-02	 1.132225e+01	 1.011125e+03	 7.376196e+02	 
 1.518709e-01	 5.579124e-01	 3.730705e-01	 1.270940e-04	 4.815990e+04	 4.826630e+04	 1.063965e+02	 1	 4.198401e+04	 8.361918e-02	 1.132225e+01	 1.011125e+03	 7.376196e+02	 
 1.518709e-01	 5.579124e-01	 3.730705e-01	 1.270940e-04	 4.815990e+04	 4.826630e+04	 1.063965e+02	 1	 4.198401e+04	 8.361918e-02	 1.132225e+01	 1.011125e+03	 7.376196e+02	 
 1.633454e-01	 5.471501e-01	 3.690703e-01	 1.353078e-04	 4.819187e+04	 4.826630e+04	 7.442628e+01	 1	 3.946268e+04	 8.036398e-02	 9.939830e+00	 3.318874e+03	 2.314673e-01	 
 1.633454e-01	 5.471501e-01	 3.690703e-01	 1.353078e-04	 4.819187e+04	 4.826630e+04	 7.442628e+01	 1	 3.946268e+04	 8.036398e-02	 9.939830e+00	 3.318874e+03	 2.314673e-01	 
 1.633454e-01	 5.471501e-01	 3.690703e-01	 1.353078e-04	 4.819187e+04	 4.826630e+04	 7.442628e+01	 1	 3.946268e+04	 8.036398e-02	 9.939830e+00	 3.318874e+03	 2.314673e-01	 
 1.633454e-01	 5.471501e-01	 3.690703e-01	 1.353078e-04	 4.819187e+04	 4.826630e+04	 7.442628e+01	 1	 3.946268e+04	 8.036398e-02	 9.939830e+00	 3.318874e+03	 2.314673e-01	 
 1.633454e-01	 5.471501e-01	 3.690703e-01	 1.353078e-04	 4.819187e+04	 4.826630e+04	 7.442628e+01	 1	 3.946268e+04	 8.036398e-02	 9.939830e+00	 3.318874e+03	 2.314673e-01	 
 1.633454e-01	 5.471501e-01	 3.690703e-01	 1.353078e-04	 4.819187e+04	 4.826630e+04	 7.442628e+01	 1	 3.946268e+04	 8.036398e-02	 9.939830e+00	 3.318874e+03	 2.314673e-01	 
 -7.061293e-01	 -6.252388e-02	 2.000188e+00	 1.360054e-06	 7.726817e+04	 7.727220e+04	 4.025955e+00	 0	 2.499537e+04	 2.321786e-01	 2.341777e+02	 2.285470e+02	 4.484709e+02	 
 -7.061293e-01	 -6.252388e-02	 2.000188e+00	 1.360054e-06	 7.726817e+04	 7.727220e+04	 4.025955e+00	 0	 2.499537e+04	 2.321786e-01	 2.341777e+02	 2.285470e+02	 4.484709e+02	 
 -7.061293e-01	 -6.252388e-02	 2.000188e+00	 1.360054e-06	 7.726817e+04	 7.727220e+04	 4.025955e+00	 0	 2.499537e+04	 2.321786e-01	 2.341777e+02	 2.285470e+02	 4.484709e+02	 
 -7.061293e-01	 -6.252388e-02	 2.000188e+00	 1.360054e-06	 7.726817e+04	 7.727220e+04	 4.025955e+00	 0	 2.499537e+04	 2.321786e-01	 2.341777e+02	 2.285470e+02	 4.484709e+02	 
 -7.061293e-01	 -6.252388e-02	 2.000188e+00	 1.360054e-06	 7.726817e+04	 7.727220e+04	 4.025955e+00	 0	 2.499537e+04	 2.321786e-01	 2.341777e+02	 2.285470e+02	 4.484709e+02	 
 -7.061293e-01	 -6.252388e-02	 2.000188e+00	 1.360054e-06	 7.726817e+04	 7.727220e+04	 4.025955e+00	 0	 2.499537e+04	 2.321786e-01	 2.341777e+02	 2.285470e+02	 4.484709e+02	 
 1.969232e-01	 4.890159e-01	 3.813225e-01	 3.994595e-04	 8.124111e+04	 8.133160e+04	 9.048878e+01	 1	 9.926544e+02	 6.771072e-02	 2.659357e+02	 4.915958e+02	 6.002270e+01	 
 1.969232e-01	 4.890159e-01	 3.813225e-01	 3.994595e-04	 8.124111e+04	 8.133160e+04	 9.048878e+01	 1	 9.926544e+02	 6.771072e-02	 2.659357e+02	 4.915958e+02	 6.002270e+01	 
 1.969232e-01	 4.890159e-01	 3.813225e-01	 3.994595e-04	 8.124111e+04	 8.133160e+04	 9.048878e+01	 1	 9.926544e+02	 6.771072e-02	 2.659357e+02	 4.915958e+02	 6.002270e+01	 
 1.969232e-01	 4.890159e-01	 3.813225e-01	 3.994595e-04	 8.124111e+04	 8.133160e+04	 9.048878e+01	 1	 9.926544e+02	 6.771072e-02	 2.659357e+02	 4.915958e+02	 6.002270e+01	 
 1.969232e-01	 4.890159e-01	 3.813225e-01	 3.994595e-04	 8.124111e+04	 8.133160e+04	 9.048878e+01	 1	 9.926544e+02	 6.771072e-02	 2.659357e+02	 4.915958e+02	 6.002270e+01	 
 1.969232e-01	 4.890159e-01	 3.813225e-01	 3.994595e-04	 8.124111e+04	 8.133160e+04	 9.048878e+01	 1	 9.926544e+02	 6.771072e-02	 2.659357e+02	 4.915958e+02	 6.002270e+01	 
 8.139842e-02	 8.931928e-01	 1.415104e-01	 1.543417e-03	 8.133623e+04	 8.133160e+04	 4.625985e+00	 1	 5.798675e+02	 1.177188e-01	 2.612984e+02	 2.723531e+03	 6.477729e+02	 
 8.139842e-02	 8.931928e-01	 1.415104e-01	 1.543417e-03	 8.133623e+04	 8.133160e+04	 4.625985e+00	 1	 5.798675e+02	 1.177188e-01	 2.612984e+02	 2.723531e+03	 6.477729e+02	 
 8.139842e-02	 8.931928e-01	 1.415104e-01	 1.543417e-03	 8.133623e+04	 8.133160e+04	 4.625985e+00	 1	 5.798675e+02	 1.177188e-01	 2.612984e+02	 2.723531e+03	 6.477729e+02	 
 8.139842e-02	 8.931928e-01	 1.415104e-01	 1.543417e-03	 8.133623e+04	 8.133160e+04	 4.625985e+00	 1	 5.798675e+02	 1.177188e-01	 2.612984e+02	 2.723531e+03	 6.477729e+02	 
 8.139842e-02	 8.931928e-01	 1.415104e-01	 1.543417e-03	 8.133623e+04	 8.133160e+04	 4.625985e+00	 1	 5.798675e+02	 1.177188e-01	 2.612984e+02	 2.723531e+03	 6.477729e+02	 
 8.139842e-02	 8.931928e-01	 1.415104e-01	 1.543417e-03	 8.133623e+04	 8.133160e+04	 4.625985e+00	 1	 5.798675e+02	 1.177188e-01	 2.612984e+02	 2.723531e+03	 6.477729e+02	 
 -7.061293e-01	 -6.252388e-02	 2.000188e+00	 1.360054e-06	 7.726817e+04	 7.727220e+04	 4.025955e+00	 0	 2.499537e+04	 2.321786e-01	 2.341777e+02	 2.285470e+02	 4.484709e+02	 
 -7.061293e-01	 -6.252388e-02	 2.000188e+00	 1.360054e-06	 7.726817e+04	 7.727220e+04	 4.025955e+00	 0	 2.499537e+04	 2.321786e-01	 2.341777e+02	 2.285470e+02	 4.484709e+02	 
 -7.061293e-01	 -6.252388e-02	 2.000188e+00	 1.360054e-06	 7.726817e+04	 7.727220e+04	 4.025955e+00	 0	 2.499537e+04	 2.321786e-01	 2.341777e+02	 2.285470e+02	 4.484709e+02	 
 -7.061293e-01	 -6.252388e-02	 2.000188e+00	 1.360054e-06	 7.726817e+04	 7.727220e+04	 4.025955e+00	 0	 2.499537e+04	 2.321786e-01	 2.341777e+02	 2.285470e+02	 4.484709e+02	 
 -7.061293e-01	 -6.252388e-02	 2.000188e+00	 1.360054e-06	 7.726817e+04	 7.727220e+04	 4.025955e+00	 0	 2.499537e+04	 2.321786e-01	 2.341777e+02	 2.285470e+02	 4.484709e+02	 
 -7.061293e-01	 -6.252388e-02	 2.000188e+00	 1.360054e-06	 7.726817e+04	 7.727220e+04	 4.025955e+00	 0	 2.499537e+04	 2.321786e-01	 2.341777e+02	 2.285470e+02	 4.484709e+02	 
 6.021070e-02	 5.359561e-01	 5.028256e-01	 1.009465e-04	 8.339543e+04	 8.353180e+04	 1.363696e+02	 1	 4.269617e+03	 9.927750e-02	 1.517601e+02	 2.808786e+02	 1.906593e+02	 
 6.021070e-02	 5.359561e-01	 5.028256e-01	 1.009465e-04	 8.339543e+04	 8.353180e+04	 1.363696e+02	 1	 4.269617e+03	 9.927750e-02	 1.517601e+02	 2.808786e+02	 1.906593e+02	 
 6.021070e-02	 5.359561e-01	 5.028256e-01	 1.009465e-04	 8.339543e+04	 8.353180e+04	 1.363696e+02	 1	 4.269617e+03	 9.927750e-02	 1.517601e+02	 2.808786e+02	 1.906593e+02	 
 6.021070e-02	 5.359561e-01	 5.028256e-01	 1.009465e-04	 8.339543e+04	 8.353180e+04	 1.363696e+02	 1	 4.269617e+03	 9.927750e-02	 1.517601e+02	 2.808786e+02	 1.906593e+02	 
 6.021070e-02	 5.359561e-01	 5.028256e-01	 1.009465e-04	 8.339543e+04	 8.353180e+04	 1.363696e+02	 1	 4.269617e+03	 9.927750e-02	 1.517601e+02	 2.808786e+02	 1.906593e+02	 
 6.021070e-02	 5.359561e-01	 5.028256e-01	 1.009465e-04	 8.339543e+04	 8.353180e+04	 1.363696e+02	 1	 4.269617e+03	 9.927750e-02	 1.517601e+02	 2.808786e+02	 1.906593e+02	 
 4.068755e-03	 5.745871e-01	 5.362088e-01	 6.693773e-05	 8.345130e+04	 8.353180e+04	 8.049608e+01	 1	 3.640396e+03	 1.151137e-01	 2.216414e+02	 4.125220e+02	 3.694851e+02	 
 4.068755e-03	 5.745871e-01	 5.362088e-01	 6.693773e-05	 8.345130e+04	 8.353180e+04	 8.049608e+01	 1	 3.640396e+03	 1.151137e-01	 2.216414e+02	 4.125220e+02	 3.694851e+02	 
 4.068755e-03	 5.745871e-01	 5.362088e-01	 6.693773e-05	 8.345130e+04	 8.353180e+04	 8.049608e+01	 1	 3.640396e+03	 1.151137e-01	 2.216414e+02	 4.125220e+02	 3.694851e+02	 
 4.068755e-03	 5.745871e-01	 5.362088e-01	 6.693773e-05	 8.345130e+04	 8.353180e+04	 8.049608e+01	 1	 3.640396e+03	 1.151137e-01	 2.216414e+02	 4.125220e+02	 3.694851e+02	 
 4.068755e-03	 5.745871e-01	 5.362088e-01	 6.693773e-05	 8.345130e+04	 8.353180e+04	 8.049608e+01	 1	 3.640396e+03	 1.151137e-01	 2.216414e+02	 4.125220e+02	 3.694851e+02	 
 4.068755e-03	 5.745871e-01	 5.362088e-01	 6.693773e-05	 8.345130e+04	 8.353180e+04	 8.049608e+01	 1	 3.640396e+03	 1.151137e-01	 2.216414e+02	 4.125220e+02	 3.694851e+02	 
 -7.061293e-01	 -6.252388e-02	 2.000188e+00	 1.360054e-06	 7.726817e+04	 7.727220e+04	 4.025955e+00	 0	 2.499537e+04	 2.321786e-01	 2.341777e+02	 2.285470e+02	 4.484709e+02	 
 -7.061293e-01	 -6.252388e-02	 2.000188e+00	 1.360054e-06	 7.726817e+04	 7.727220e+04	 4.025955e+00	 0	 2.499537e+04	 2.321786e-01	 2.341777e+02	 2.285470e+02	 4.484709e+02	 
 -7.061293e-01	 -6.252388e-02	 2.000188e+00	 1.360054e-06	 7.726817e+04	 7.727220e+04	 4.025955e+00	 0	 2.499537e+04	 2.321786e-01	 2.341777e+02	 2.285470e+02	 4.484709e+02	 
 -7.061293e-01	 -6.252388e-02	 2.000188e+00	 1.360054e-06	 7.726817e+04	 7.727220e+04	 4.025955e+00	 0	 2.499537e+04	 2.321786e-01	 2.341777e+02	 2.285470e+02	 4.484709e+02	 
 -7.061293e-01	 -6.252388e-02	 2.000188e+00	 1.360054e-06	 7.726817e+04	 7.727220e+04	 4.025955e+00	 0	 2.499537e+04	 2.321786e-01	 2.341777e+02	 2.285470e+02	 4.484709e+02	 
 -7.061293e-01	 -6.252388e-02	 2.000188e+00	 1.360054e-06	 7.726817e+04	 7.727220e+04	 4.025955e+00	 0	 2.499537e+04	 2.321786e-01	 2.341777e+02	 2.285470e+02	 4.484709e+02	 
 -7.061293e-01	 -6.252388e-02	 2.000188e+00	 1.360054e-06	 7.726817e+04	 7.727220e+04	 4.025955e+00	 0	 2.499537e+04	 2.321786e-01	 2.341777e+02	 2.285470e+02	 4.484709e+02	 
 -7.061293e-01	 -6.252388e-02	 2.000188e+00	 1.360054e-06	 7.726817e+04	 7.727220e+04	 4.025955e+00	 0	 2.499537e+04	 2.321786e-01	 2.341777e+02	 2.285470e+02	 4.484709e+02	 
 -7.061293e-01	 -6.252388e-02	 2.000188e+00	 1.360054e-06	 7.726817e+04	 7.727220e+04	 4.025955e+00	 0	 2.499537e+04	 2.321786e-01	 2.341777e+02	 2.285470e+02	 4.484709e+02	 
 -7.061293e-01	 -6.252388e-02	 2.000188e+00	 1.360054e-06	 7.726817e+04	 7.727220e+04	 4.025955e+00	 0	 2.499537e+04	 2.321786e-01	 2.341777e+02	 2.285470e+02	 4.484709e+02	 
 -7.061293e-01	 -6.252388e-02	 2.000188e+00	 1.360054e-06	 7.726817e+04	 7.727220e+04	 4.025955e+00	 0	 2.499537e+04	 2.321786e-01	 2.341777e+02	 2.285470e+02	 4.484709e+02	 
 -7.061293e-01	 -6.252388e-02	 2.000188e+00	 1.360054e-06	 7.726817e+04	 7.727220e+04	 4.025955e+00	 0	 2.499537e+04	 2.321786e-01	 2.341777e+02	 2.285470e+02	 4.484709e+02	 
 -7.061293e-01	 -6.252388e-02	 2.000188e+00	 1.360054e-06	 7.726817e+04	 7.727220e+04	 4.025955e+00	 0	 2.499537e+04	 2.321786e-01	 2.341777e+02	 2.285470e+02	 4.484709e+02	 
 -7.061293e-01	 -6.252388e-02	 2.000188e+00	 1.360054e-06	 7.726817e+04	 7.727220e+04	 4.025955e+00	 0	 2.499537e+04	 2.321786e-01	 2.341777e+02	 2.285470e+02	 4.484709e+02	 
 -7.061293e-01	 -6.252388e-02	 2.000188e+00	 1.360054e-06	 7.726817e+04	 7.727220e+04	 4.025955e+00	 0	 2.499537e+04	 2.321786e-01	 2.341777e+02	 2.285470e+02	 4.484709e+02	 
 -7.061293e-01	 -6.252388e-02	 2.000188e+00	 1.360054e-06	 7.726817e+04	 7.727220e+04	 4.025955e+00	 0	 2.499537e+04	 2.321786e-01	 2.341777e+02	 2.285470e+02	 4.484709e+02	 
 -7.061293e-01	 -6.252388e-02	 2.000188e+00	 1.360054e-06	 7.726817e+04	 7.727220e+04	 4.025955e+00	 0	 2.499537e+04	 2.321786e-01	 2.341777e+02	 2.285470e+02	 4.484709e+02	 
 -7.061293e-01	 -6.252388e-02	 2.000188e+00	 1.360054e-06	 7.726817e+04	 7.727220e+04	 4.025955e+00	 0	 2.499537e+04	 2.321786e-01	 2.341777e+02	 2.285470e+02	 4.484709e+02	 
 -7.061293e-01	 -6.252388e-02	 2.000188e+00	 1.360054e-06	 7.726817e+04	 7.727220e+04	 4.025955e+00	 0	 2.499537e+04	 2.321786e-01	 2.341777e+02	 2.285470e+02	 4.484709e+02	 
 -7.061293e-01	 -6.252388e-02	 2.000188e+00	 1.360054e-06	 7.726817e+04	 7.727220e+04	 4.025955e+00	 0	 2.499537e+04	 2.321786e-01	 2.341777e+02	 2.285470e+02	 4.484709e+02	 
 -7.061293e-01	 -6.252388e-02	 2.000188e+00	 1.360054e-06	 7.726817e+04	 7.727220e+04	 4.025955e+00	 0	 2.499537e+04	 2.321786e-01	 2.341777e+02	 2.285470e+02	 4.484709e+02	 
 -7.061293e-01	 -6.252388e-02	 2.000188e+00	 1.360054e-06	 7.726817e+04	 7.727220e+04	 4.025955e+00	 0	 2.499537e+04	 2.321786e-01	 2.341777e+02	 2.285470e+02	 4.484709e+02	 
 -7.061293e-01	 -6.252388e-02	 2.000188e+00	 1.360054e-06	 7.726817e+04	 7.727220e+04	 4.025955e+00	 0	 2.499537e+04	 2.321786e-01	 2.341777e+02	 2.285470e+02	 4.484709e+02	 
 -7.061293e-01	 -6.252388e-02	 2.000188e+00	 1.360054e-06	 7.726817e+04	 7.727220e+04	 4.025955e+00	 0	 2.499537e+04	 2.321786e-01	 2.341777e+02	 2.285470e+02	 4.484709e+02	 
 2.026838e-01	 6.132535e-01	 2.015049e-01	 1.405665e-04	 2.305827e+04	 2.313320e+04	 7.492870e+01	 1	 1.674925e+06	 3.336421e-02	 7.193427e-01	 6.353854e+02	 1.964619e+01	 
 2.026838e-01	 6.132535e-01	 2.015049e-01	 1.405665e-04	 2.305827e+04	 2.313320e+04	 7.492870e+01	 1	 1.674925e+06	 3.336421e-02	 7.193427e-01	 6.353854e+02	 1.964619e+01	 
 2.026838e-01	 6.132535e-01	 2.015049e-01	 1.405665e-04	 2.305827e+04	 2.313320e+04	 7.492870e+01	 1	 1.674925e+06	 3.336421e-02	 7.193427e-01	 6.353854e+02	 1.964619e+01	 
 2.026838e-01	 6.132535e-01	 2.015049e-01	 1.405665e-04	 2.305827e+04	 2.313320e+04	 7.492870e+01	 1	 1.674925e+06	 3.336421e-02	 7.193427e-01	 6.353854e+02	 1.964619e+01	 
 2.026838e-01	 6.132535e-01	 2.015049e-01	 1.405665e-04	 2.305827e+04	 2.313320e+04	 7.492870e+01	 1	 1.674925e+06	 3.336421e-02	 7.193427e-01	 6.353854e+02	 1.964619e+01	 
 2.026838e-01	 6.132535e-01	 2.015049e-01	 1.405665e-04	 2.305827e+04	 2.313320e+04	 7.492870e+01	 1	 1.674925e+06	 3.336421e-02	 7.193427e-01	 6.353854e+02	 1.964619e+01	 
 2.023544e-01	 5.991602e-01	 2.157652e-01	 1.443260e-04	 2.305579e+04	 2.313320e+04	 7.740888e+01	 1	 1.742327e+06	 1.994145e-02	 6.955073e-01	 6.386507e+02	 1.949537e+01	 
 2.023544e-01	 5.991602e-01	 2.157652e-01	 1.443260e-04	 2.305579e+04	 2.313320e+04	 7.740888e+01	 1	 1.742327e+06	 1.994145e-02	 6.955073e-01	 6.386507e+02	 1.949537e+01	 
 2.023544e-01	 5.991602e-01	 2.157652e-01	 1.443260e-04	 2.305579e+04	 2.313320e+04	 7.740888e+01	 1	 1.742327e+06	 1.994145e-02	 6.955073e-01	 6.386507e+02	 1.949537e+01	 
 2.023544e-01	 5.991602e-01	 2.157652e-01	 1.443260e-04	 2.305579e+04	 2.313320e+04	 7.740888e+01	 1	 1.742327e+06	 1.994145e-02	 6.955073e-01	 6.386507e+02	 1.949537e+01	 
 2.023544e-01	 5.991602e-01	 2.157652e-01	 1.443260e-04	 2.305579e+04	 2.313320e+04	 7.740888e+01	 1	 1.742327e+06	 1.994145e-02	 6.955073e-01	 6.386507e+02	 1.949537e+01	 
 2.023544e-01	 5.991602e-01	 2.157652e-01	 1.443260e-04	 2.305579e+04	 2.313320e+04	 7.740888e+01	 1	 1.742327e+06	 1.994145e-02	 6.955073e-01	 6.386507e+02	 1.949537e+01	 
 