-1.252757e+00	 -2.933911e-03	 4.664340e-01	 1.522658e+00	 4.844455e+04	 4.844455e+04	 0	 
 -1.252757e+00	 -2.933911e-03	 4.664340e-01	 1.522658e+00	 4.844455e+04	 4.844455e+04	 0	 
 -1.252757e+00	 -2.933911e-03	 4.664340e-01	 1.522658e+00	 4.844455e+04	 4.844455e+04	 0	 
 -1.252757e+00	 -2.933911e-03	 4.664340e-01	 1.522658e+00	 4.844455e+04	 4.844455e+04	 0	 
 -1.252757e+00	 -2.933911e-03	 4.664340e-01	 1.522658e+00	 4.844455e+04	 4.844455e+04	 0	 
 -1.252757e+00	 -2.933911e-03	 4.664340e-01	 1.522658e+00	 4.844455e+04	 4.844455e+04	 0	 
 1.343649e+00	 -1.048724e-01	 -5.598725e-02	 -2.661387e-01	 1.343763e+05	 1.343763e+05	 0	 
 1.343649e+00	 -1.048724e-01	 -5.598725e-02	 -2.661387e-01	 1.343763e+05	 1.343763e+05	 0	 
 1.343649e+00	 -1.048724e-01	 -5.598725e-02	 -2.661387e-01	 1.343763e+05	 1.343763e+05	 0	 
 1.343649e+00	 -1.048724e-01	 -5.598725e-02	 -2.661387e-01	 1.343763e+05	 1.343763e+05	 0	 
 1.343649e+00	 -1.048724e-01	 -5.598725e-02	 -2.661387e-01	 1.343763e+05	 1.343763e+05	 0	 
 1.343649e+00	 -1.048724e-01	 -5.598725e-02	 -2.661387e-01	 1.343763e+05	 1.343763e+05	 0	 
 9.270715e-01	 -5.718981e-02	 8.379236e-02	 -6.775031e-02	 8.671223e+04	 8.671223e+04	 0	 
 9.270715e-01	 -5.718981e-02	 8.379236e-02	 -6.775031e-02	 8.671223e+04	 8.671223e+04	 0	 
 9.270715e-01	 -5.718981e-02	 8.379236e-02	 -6.775031e-02	 8.671223e+04	 8.671223e+04	 0	 
 9.270715e-01	 -5.718981e-02	 8.379236e-02	 -6.775031e-02	 8.671223e+04	 8.671223e+04	 0	 
 9.270715e-01	 -5.718981e-02	 8.379236e-02	 -6.775031e-02	 8.671223e+04	 8.671223e+04	 0	 
 9.270715e-01	 -5.718981e-02	 8.379236e-02	 -6.775031e-02	 8.671223e+04	 8.671223e+04	 0	 
 -5.081324e-01	 4.197367e-04	 6.699411e-01	 7.107007e-01	 7.122595e+04	 7.122595e+04	 0	 
 -5.081324e-01	 4.197367e-04	 6.699411e-01	 7.107007e-01	 7.122595e+04	 7.122595e+04	 0	 
 -5.081324e-01	 4.197367e-04	 6.699411e-01	 7.107007e-01	 7.122595e+04	 7.122595e+04	 0	 
 -5.081324e-01	 4.197367e-04	 6.699411e-01	 7.107007e-01	 7.122595e+04	 7.122595e+04	 0	 
 -5.081324e-01	 4.197367e-04	 6.699411e-01	 7.107007e-01	 7.122595e+04	 7.122595e+04	 0	 
 -5.081324e-01	 4.197367e-04	 6.699411e-01	 7.107007e-01	 7.122595e+04	 7.122595e+04	 0	 
 -1.868614e+00	 9.793086e-03	 4.267103e-01	 2.112163e+00	 4.142578e+04	 4.142578e+04	 0	 
 -1.868614e+00	 9.793086e-03	 4.267103e-01	 2.112163e+00	 4.142578e+04	 4.142578e+04	 0	 
 -1.868614e+00	 9.793086e-03	 4.267103e-01	 2.112163e+00	 4.142578e+04	 4.142578e+04	 0	 
 -1.868614e+00	 9.793086e-03	 4.267103e-01	 2.112163e+00	 4.142578e+04	 4.142578e+04	 0	 
 -1.868614e+00	 9.793086e-03	 4.267103e-01	 2.112163e+00	 4.142578e+04	 4.142578e+04	 0	 
 2.941363e-02	 3.767893e-02	 8.507214e-01	 3.575469e-03	 4.039162e+04	 4.142578e+04	 1	 
 1.614109e-01	 -2.072595e-02	 6.500446e-01	 1.876011e-01	 7.395433e+04	 7.395433e+04	 0	 
 1.614109e-01	 -2.072595e-02	 6.500446e-01	 1.876011e-01	 7.395433e+04	 7.395433e+04	 0	 
 1.614109e-01	 -2.072595e-02	 6.500446e-01	 1.876011e-01	 7.395433e+04	 7.395433e+04	 0	 
 1.614109e-01	 -2.072595e-02	 6.500446e-01	 1.876011e-01	 7.395433e+04	 7.395433e+04	 0	 
 1.614109e-01	 -2.072595e-02	 6.500446e-01	 1.876011e-01	 7.395433e+04	 7.395433e+04	 0	 
 1.614109e-01	 -2.072595e-02	 6.500446e-01	 1.876011e-01	 7.395433e+04	 7.395433e+04	 0	 
 -2.947093e-01	 -5.721013e-04	 5.006355e-01	 6.425271e-01	 5.716769e+04	 5.716769e+04	 0	 
 -2.947093e-01	 -5.721013e-04	 5.006355e-01	 6.425271e-01	 5.716769e+04	 5.716769e+04	 0	 
 -2.947093e-01	 -5.721013e-04	 5.006355e-01	 6.425271e-01	 5.716769e+04	 5.716769e+04	 0	 
 -2.947093e-01	 -5.721013e-04	 5.006355e-01	 6.425271e-01	 5.716769e+04	 5.716769e+04	 0	 
 -2.947093e-01	 -5.721013e-04	 5.006355e-01	 6.425271e-01	 5.716769e+04	 5.716769e+04	 0	 
 -2.947093e-01	 -5.721013e-04	 5.006355e-01	 6.425271e-01	 5.716769e+04	 5.716769e+04	 0	 
 -9.126537e-01	 -6.755275e-03	 2.875396e-01	 1.305322e+00	 6.089490e+04	 6.089490e+04	 0	 
 -9.126537e-01	 -6.755275e-03	 2.875396e-01	 1.305322e+00	 6.089490e+04	 6.089490e+04	 0	 
 -9.126537e-01	 -6.755275e-03	 2.875396e-01	 1.305322e+00	 6.089490e+04	 6.089490e+04	 0	 
 -9.126537e-01	 -6.755275e-03	 2.875396e-01	 1.305322e+00	 6.089490e+04	 6.089490e+04	 0	 
 -9.126537e-01	 -6.755275e-03	 2.875396e-01	 1.305322e+00	 6.089490e+04	 6.089490e+04	 0	 
 -9.126537e-01	 -6.755275e-03	 2.875396e-01	 1.305322e+00	 6.089490e+04	 6.089490e+04	 0	 
 3.321522e-01	 -1.383786e-02	 3.860566e-01	 1.840715e-01	 7.529472e+04	 7.529472e+04	 0	 
 3.321522e-01	 -1.383786e-02	 3.860566e-01	 1.840715e-01	 7.529472e+04	 7.529472e+04	 0	 
 3.321522e-01	 -1.383786e-02	 3.860566e-01	 1.840715e-01	 7.529472e+04	 7.529472e+04	 0	 
 3.321522e-01	 -1.383786e-02	 3.860566e-01	 1.840715e-01	 7.529472e+04	 7.529472e+04	 0	 
 3.321522e-01	 -1.383786e-02	 3.860566e-01	 1.840715e-01	 7.529472e+04	 7.529472e+04	 0	 
 3.321522e-01	 -1.383786e-02	 3.860566e-01	 1.840715e-01	 7.529472e+04	 7.529472e+04	 0	 
 -1.151178e-01	 -3.551359e-02	 5.268111e-01	 5.226081e-01	 5.357492e+04	 5.357492e+04	 0	 
 -1.151178e-01	 -3.551359e-02	 5.268111e-01	 5.226081e-01	 5.357492e+04	 5.357492e+04	 0	 
 -1.151178e-01	 -3.551359e-02	 5.268111e-01	 5.226081e-01	 5.357492e+04	 5.357492e+04	 0	 
 -1.151178e-01	 -3.551359e-02	 5.268111e-01	 5.226081e-01	 5.357492e+04	 5.357492e+04	 0	 
 -1.151178e-01	 -3.551359e-02	 5.268111e-01	 5.226081e-01	 5.357492e+04	 5.357492e+04	 0	 
 -1.151178e-01	 -3.551359e-02	 5.268111e-01	 5.226081e-01	 5.357492e+04	 5.357492e+04	 0	 
 -1.151178e-01	 -3.551359e-02	 5.268111e-01	 5.226081e-01	 5.357492e+04	 5.357492e+04	 0	 
 -1.151178e-01	 -3.551359e-02	 5.268111e-01	 5.226081e-01	 5.357492e+04	 5.357492e+04	 0	 
 -1.151178e-01	 -3.551359e-02	 5.268111e-01	 5.226081e-01	 5.357492e+04	 5.357492e+04	 0	 
 -1.151178e-01	 -3.551359e-02	 5.268111e-01	 5.226081e-01	 5.357492e+04	 5.357492e+04	 0	 
 -1.151178e-01	 -3.551359e-02	 5.268111e-01	 5.226081e-01	 5.357492e+04	 5.357492e+04	 0	 
 -1.151178e-01	 -3.551359e-02	 5.268111e-01	 5.226081e-01	 5.357492e+04	 5.357492e+04	 0	 
 -5.081324e-01	 4.197367e-04	 6.699411e-01	 7.107007e-01	 7.122595e+04	 7.122595e+04	 0	 
 -5.081324e-01	 4.197367e-04	 6.699411e-01	 7.107007e-01	 7.122595e+04	 7.122595e+04	 0	 
 -5.081324e-01	 4.197367e-04	 6.699411e-01	 7.107007e-01	 7.122595e+04	 7.122595e+04	 0	 
 -5.081324e-01	 4.197367e-04	 6.699411e-01	 7.107007e-01	 7.122595e+04	 7.122595e+04	 0	 
 -5.081324e-01	 4.197367e-04	 6.699411e-01	 7.107007e-01	 7.122595e+04	 7.122595e+04	 0	 
 -5.081324e-01	 4.197367e-04	 6.699411e-01	 7.107007e-01	 7.122595e+04	 7.122595e+04	 0	 
 -5.081324e-01	 4.197367e-04	 6.699411e-01	 7.107007e-01	 7.122595e+04	 7.122595e+04	 0	 
 -5.081324e-01	 4.197367e-04	 6.699411e-01	 7.107007e-01	 7.122595e+04	 7.122595e+04	 0	 
 -5.081324e-01	 4.197367e-04	 6.699411e-01	 7.107007e-01	 7.122595e+04	 7.122595e+04	 0	 
 -5.081324e-01	 4.197367e-04	 6.699411e-01	 7.107007e-01	 7.122595e+04	 7.122595e+04	 0	 
 -5.081324e-01	 4.197367e-04	 6.699411e-01	 7.107007e-01	 7.122595e+04	 7.122595e+04	 0	 
 -5.081324e-01	 4.197367e-04	 6.699411e-01	 7.107007e-01	 7.122595e+04	 7.122595e+04	 0	 
 -1.151178e-01	 -3.551359e-02	 5.268111e-01	 5.226081e-01	 5.357492e+04	 5.357492e+04	 0	 
 -1.151178e-01	 -3.551359e-02	 5.268111e-01	 5.226081e-01	 5.357492e+04	 5.357492e+04	 0	 
 -1.151178e-01	 -3.551359e-02	 5.268111e-01	 5.226081e-01	 5.357492e+04	 5.357492e+04	 0	 
 -1.151178e-01	 -3.551359e-02	 5.268111e-01	 5.226081e-01	 5.357492e+04	 5.357492e+04	 0	 
 -1.151178e-01	 -3.551359e-02	 5.268111e-01	 5.226081e-01	 5.357492e+04	 5.357492e+04	 0	 
 -1.151178e-01	 -3.551359e-02	 5.268111e-01	 5.226081e-01	 5.357492e+04	 5.357492e+04	 0	 
 -1.151178e-01	 -3.551359e-02	 5.268111e-01	 5.226081e-01	 5.357492e+04	 5.357492e+04	 0	 
 -1.151178e-01	 -3.551359e-02	 5.268111e-01	 5.226081e-01	 5.357492e+04	 5.357492e+04	 0	 
 -1.151178e-01	 -3.551359e-02	 5.268111e-01	 5.226081e-01	 5.357492e+04	 5.357492e+04	 0	 
 -1.151178e-01	 -3.551359e-02	 5.268111e-01	 5.226081e-01	 5.357492e+04	 5.357492e+04	 0	 
 -1.151178e-01	 -3.551359e-02	 5.268111e-01	 5.226081e-01	 5.357492e+04	 5.357492e+04	 0	 
 -1.151178e-01	 -3.551359e-02	 5.268111e-01	 5.226081e-01	 5.357492e+04	 5.357492e+04	 0	 
 -1.151178e-01	 -3.551359e-02	 5.268111e-01	 5.226081e-01	 5.357492e+04	 5.357492e+04	 0	 
 -1.151178e-01	 -3.551359e-02	 5.268111e-01	 5.226081e-01	 5.357492e+04	 5.357492e+04	 0	 
 -1.151178e-01	 -3.551359e-02	 5.268111e-01	 5.226081e-01	 5.357492e+04	 5.357492e+04	 0	 
 -1.151178e-01	 -3.551359e-02	 5.268111e-01	 5.226081e-01	 5.357492e+04	 5.357492e+04	 0	 
 -1.151178e-01	 -3.551359e-02	 5.268111e-01	 5.226081e-01	 5.357492e+04	 5.357492e+04	 0	 
 -1.151178e-01	 -3.551359e-02	 5.268111e-01	 5.226081e-01	 5.357492e+04	 5.357492e+04	 0	 
 -1.151178e-01	 -3.551359e-02	 5.268111e-01	 5.226081e-01	 5.357492e+04	 5.357492e+04	 0	 
 -1.151178e-01	 -3.551359e-02	 5.268111e-01	 5.226081e-01	 5.357492e+04	 5.357492e+04	 0	 
 -1.151178e-01	 -3.551359e-02	 5.268111e-01	 5.226081e-01	 5.357492e+04	 5.357492e+04	 0	 
 -1.151178e-01	 -3.551359e-02	 5.268111e-01	 5.226081e-01	 5.357492e+04	 5.357492e+04	 0	 
 -1.151178e-01	 -3.551359e-02	 5.268111e-01	 5.226081e-01	 5.357492e+04	 5.357492e+04	 0	 
 -1.151178e-01	 -3.551359e-02	 5.268111e-01	 5.226081e-01	 5.357492e+04	 5.357492e+04	 0	 
 -5.081324e-01	 4.197367e-04	 6.699411e-01	 7.107007e-01	 7.122595e+04	 7.122595e+04	 0	 
 -5.081324e-01	 4.197367e-04	 6.699411e-01	 7.107007e-01	 7.122595e+04	 7.122595e+04	 0	 
 -5.081324e-01	 4.197367e-04	 6.699411e-01	 7.107007e-01	 7.122595e+04	 7.122595e+04	 0	 
 -5.081324e-01	 4.197367e-04	 6.699411e-01	 7.107007e-01	 7.122595e+04	 7.122595e+04	 0	 
 -5.081324e-01	 4.197367e-04	 6.699411e-01	 7.107007e-01	 7.122595e+04	 7.122595e+04	 0	 
 -5.081324e-01	 4.197367e-04	 6.699411e-01	 7.107007e-01	 7.122595e+04	 7.122595e+04	 0	 
 -5.081324e-01	 4.197367e-04	 6.699411e-01	 7.107007e-01	 7.122595e+04	 7.122595e+04	 0	 
 -5.081324e-01	 4.197367e-04	 6.699411e-01	 7.107007e-01	 7.122595e+04	 7.122595e+04	 0	 
 -5.081324e-01	 4.197367e-04	 6.699411e-01	 7.107007e-01	 7.122595e+04	 7.122595e+04	 0	 
 -5.081324e-01	 4.197367e-04	 6.699411e-01	 7.107007e-01	 7.122595e+04	 7.122595e+04	 0	 
 -5.081324e-01	 4.197367e-04	 6.699411e-01	 7.107007e-01	 7.122595e+04	 7.122595e+04	 0	 
 -5.081324e-01	 4.197367e-04	 6.699411e-01	 7.107007e-01	 7.122595e+04	 7.122595e+04	 0	 
 -1.151178e-01	 -3.551359e-02	 5.268111e-01	 5.226081e-01	 5.357492e+04	 5.357492e+04	 0	 
 -1.151178e-01	 -3.551359e-02	 5.268111e-01	 5.226081e-01	 5.357492e+04	 5.357492e+04	 0	 
 -1.151178e-01	 -3.551359e-02	 5.268111e-01	 5.226081e-01	 5.357492e+04	 5.357492e+04	 0	 
 -1.151178e-01	 -3.551359e-02	 5.268111e-01	 5.226081e-01	 5.357492e+04	 5.357492e+04	 0	 
 -1.151178e-01	 -3.551359e-02	 5.268111e-01	 5.226081e-01	 5.357492e+04	 5.357492e+04	 0	 
 -1.151178e-01	 -3.551359e-02	 5.268111e-01	 5.226081e-01	 5.357492e+04	 5.357492e+04	 0	 
 -2.947093e-01	 -5.721013e-04	 5.006355e-01	 6.425271e-01	 5.716769e+04	 5.716769e+04	 0	 
 -2.947093e-01	 -5.721013e-04	 5.006355e-01	 6.425271e-01	 5.716769e+04	 5.716769e+04	 0	 
 -2.947093e-01	 -5.721013e-04	 5.006355e-01	 6.425271e-01	 5.716769e+04	 5.716769e+04	 0	 
 -2.947093e-01	 -5.721013e-04	 5.006355e-01	 6.425271e-01	 5.716769e+04	 5.716769e+04	 0	 
 -2.947093e-01	 -5.721013e-04	 5.006355e-01	 6.425271e-01	 5.716769e+04	 5.716769e+04	 0	 
 -2.947093e-01	 -5.721013e-04	 5.006355e-01	 6.425271e-01	 5.716769e+04	 5.716769e+04	 0	 
 -2.947093e-01	 -5.721013e-04	 5.006355e-01	 6.425271e-01	 5.716769e+04	 5.716769e+04	 0	 
 -2.947093e-01	 -5.721013e-04	 5.006355e-01	 6.425271e-01	 5.716769e+04	 5.716769e+04	 0	 
 -2.947093e-01	 -5.721013e-04	 5.006355e-01	 6.425271e-01	 5.716769e+04	 5.716769e+04	 0	 
 -2.947093e-01	 -5.721013e-04	 5.006355e-01	 6.425271e-01	 5.716769e+04	 5.716769e+04	 0	 
 -2.947093e-01	 -5.721013e-04	 5.006355e-01	 6.425271e-01	 5.716769e+04	 5.716769e+04	 0	 
 -2.947093e-01	 -5.721013e-04	 5.006355e-01	 6.425271e-01	 5.716769e+04	 5.716769e+04	 0	 
 -1.151178e-01	 -3.551359e-02	 5.268111e-01	 5.226081e-01	 5.357492e+04	 5.357492e+04	 0	 
 -1.151178e-01	 -3.551359e-02	 5.268111e-01	 5.226081e-01	 5.357492e+04	 5.357492e+04	 0	 
 -1.151178e-01	 -3.551359e-02	 5.268111e-01	 5.226081e-01	 5.357492e+04	 5.357492e+04	 0	 
 -1.151178e-01	 -3.551359e-02	 5.268111e-01	 5.226081e-01	 5.357492e+04	 5.357492e+04	 0	 
 -1.151178e-01	 -3.551359e-02	 5.268111e-01	 5.226081e-01	 5.357492e+04	 5.357492e+04	 0	 
 -1.151178e-01	 -3.551359e-02	 5.268111e-01	 5.226081e-01	 5.357492e+04	 5.357492e+04	 0	 
 -1.151178e-01	 -3.551359e-02	 5.268111e-01	 5.226081e-01	 5.357492e+04	 5.357492e+04	 0	 
 -1.151178e-01	 -3.551359e-02	 5.268111e-01	 5.226081e-01	 5.357492e+04	 5.357492e+04	 0	 
 -1.151178e-01	 -3.551359e-02	 5.268111e-01	 5.226081e-01	 5.357492e+04	 5.357492e+04	 0	 
 -1.151178e-01	 -3.551359e-02	 5.268111e-01	 5.226081e-01	 5.357492e+04	 5.357492e+04	 0	 
 -1.151178e-01	 -3.551359e-02	 5.268111e-01	 5.226081e-01	 5.357492e+04	 5.357492e+04	 0	 
 -1.151178e-01	 -3.551359e-02	 5.268111e-01	 5.226081e-01	 5.357492e+04	 5.357492e+04	 0	 
 -1.151178e-01	 -3.551359e-02	 5.268111e-01	 5.226081e-01	 5.357492e+04	 5.357492e+04	 0	 
 -1.151178e-01	 -3.551359e-02	 5.268111e-01	 5.226081e-01	 5.357492e+04	 5.357492e+04	 0	 
 -1.151178e-01	 -3.551359e-02	 5.268111e-01	 5.226081e-01	 5.357492e+04	 5.357492e+04	 0	 
 -1.151178e-01	 -3.551359e-02	 5.268111e-01	 5.226081e-01	 5.357492e+04	 5.357492e+04	 0	 
 -1.151178e-01	 -3.551359e-02	 5.268111e-01	 5.226081e-01	 5.357492e+04	 5.357492e+04	 0	 
 -1.151178e-01	 -3.551359e-02	 5.268111e-01	 5.226081e-01	 5.357492e+04	 5.357492e+04	 0	 
 -1.151178e-01	 -3.551359e-02	 5.268111e-01	 5.226081e-01	 5.357492e+04	 5.357492e+04	 0	 
 -1.151178e-01	 -3.551359e-02	 5.268111e-01	 5.226081e-01	 5.357492e+04	 5.357492e+04	 0	 
 -1.151178e-01	 -3.551359e-02	 5.268111e-01	 5.226081e-01	 5.357492e+04	 5.357492e+04	 0	 
 -1.151178e-01	 -3.551359e-02	 5.268111e-01	 5.226081e-01	 5.357492e+04	 5.357492e+04	 0	 
 -1.151178e-01	 -3.551359e-02	 5.268111e-01	 5.226081e-01	 5.357492e+04	 5.357492e+04	 0	 
 -1.151178e-01	 -3.551359e-02	 5.268111e-01	 5.226081e-01	 5.357492e+04	 5.357492e+04	 0	 
 9.270715e-01	 -5.718981e-02	 8.379236e-02	 -6.775031e-02	 8.671223e+04	 8.671223e+04	 0	 
 9.270715e-01	 -5.718981e-02	 8.379236e-02	 -6.775031e-02	 8.671223e+04	 8.671223e+04	 0	 
 9.270715e-01	 -5.718981e-02	 8.379236e-02	 -6.775031e-02	 8.671223e+04	 8.671223e+04	 0	 
 9.270715e-01	 -5.718981e-02	 8.379236e-02	 -6.775031e-02	 8.671223e+04	 8.671223e+04	 0	 
 9.270715e-01	 -5.718981e-02	 8.379236e-02	 -6.775031e-02	 8.671223e+04	 8.671223e+04	 0	 
 9.270715e-01	 -5.718981e-02	 8.379236e-02	 -6.775031e-02	 8.671223e+04	 8.671223e+04	 0	 
 9.270715e-01	 -5.718981e-02	 8.379236e-02	 -6.775031e-02	 8.671223e+04	 8.671223e+04	 0	 
 9.270715e-01	 -5.718981e-02	 8.379236e-02	 -6.775031e-02	 8.671223e+04	 8.671223e+04	 0	 
 9.270715e-01	 -5.718981e-02	 8.379236e-02	 -6.775031e-02	 8.671223e+04	 8.671223e+04	 0	 
 9.270715e-01	 -5.718981e-02	 8.379236e-02	 -6.775031e-02	 8.671223e+04	 8.671223e+04	 0	 
 9.270715e-01	 -5.718981e-02	 8.379236e-02	 -6.775031e-02	 8.671223e+04	 8.671223e+04	 0	 
 9.270715e-01	 -5.718981e-02	 8.379236e-02	 -6.775031e-02	 8.671223e+04	 8.671223e+04	 0	 
 -1.151178e-01	 -3.551359e-02	 5.268111e-01	 5.226081e-01	 5.357492e+04	 5.357492e+04	 0	 
 -1.151178e-01	 -3.551359e-02	 5.268111e-01	 5.226081e-01	 5.357492e+04	 5.357492e+04	 0	 
 -1.151178e-01	 -3.551359e-02	 5.268111e-01	 5.226081e-01	 5.357492e+04	 5.357492e+04	 0	 
 -1.151178e-01	 -3.551359e-02	 5.268111e-01	 5.226081e-01	 5.357492e+04	 5.357492e+04	 0	 
 -1.151178e-01	 -3.551359e-02	 5.268111e-01	 5.226081e-01	 5.357492e+04	 5.357492e+04	 0	 
 -1.151178e-01	 -3.551359e-02	 5.268111e-01	 5.226081e-01	 5.357492e+04	 5.357492e+04	 0	 
 9.270715e-01	 -5.718981e-02	 8.379236e-02	 -6.775031e-02	 8.671223e+04	 8.671223e+04	 0	 
 9.270715e-01	 -5.718981e-02	 8.379236e-02	 -6.775031e-02	 8.671223e+04	 8.671223e+04	 0	 
 9.270715e-01	 -5.718981e-02	 8.379236e-02	 -6.775031e-02	 8.671223e+04	 8.671223e+04	 0	 
 9.270715e-01	 -5.718981e-02	 8.379236e-02	 -6.775031e-02	 8.671223e+04	 8.671223e+04	 0	 
 9.270715e-01	 -5.718981e-02	 8.379236e-02	 -6.775031e-02	 8.671223e+04	 8.671223e+04	 0	 
 9.270715e-01	 -5.718981e-02	 8.379236e-02	 -6.775031e-02	 8.671223e+04	 8.671223e+04	 0	 
 9.270715e-01	 -5.718981e-02	 8.379236e-02	 -6.775031e-02	 8.671223e+04	 8.671223e+04	 0	 
 9.270715e-01	 -5.718981e-02	 8.379236e-02	 -6.775031e-02	 8.671223e+04	 8.671223e+04	 0	 
 9.270715e-01	 -5.718981e-02	 8.379236e-02	 -6.775031e-02	 8.671223e+04	 8.671223e+04	 0	 
 9.270715e-01	 -5.718981e-02	 8.379236e-02	 -6.775031e-02	 8.671223e+04	 8.671223e+04	 0	 
 9.270715e-01	 -5.718981e-02	 8.379236e-02	 -6.775031e-02	 8.671223e+04	 8.671223e+04	 0	 
 9.270715e-01	 -5.718981e-02	 8.379236e-02	 -6.775031e-02	 8.671223e+04	 8.671223e+04	 0	 
 -1.151178e-01	 -3.551359e-02	 5.268111e-01	 5.226081e-01	 5.357492e+04	 5.357492e+04	 0	 
 -1.151178e-01	 -3.551359e-02	 5.268111e-01	 5.226081e-01	 5.357492e+04	 5.357492e+04	 0	 
 -1.151178e-01	 -3.551359e-02	 5.268111e-01	 5.226081e-01	 5.357492e+04	 5.357492e+04	 0	 
 -1.151178e-01	 -3.551359e-02	 5.268111e-01	 5.226081e-01	 5.357492e+04	 5.357492e+04	 0	 
 -1.151178e-01	 -3.551359e-02	 5.268111e-01	 5.226081e-01	 5.357492e+04	 5.357492e+04	 0	 
 -1.151178e-01	 -3.551359e-02	 5.268111e-01	 5.226081e-01	 5.357492e+04	 5.357492e+04	 0	 
 -1.151178e-01	 -3.551359e-02	 5.268111e-01	 5.226081e-01	 5.357492e+04	 5.357492e+04	 0	 
 -1.151178e-01	 -3.551359e-02	 5.268111e-01	 5.226081e-01	 5.357492e+04	 5.357492e+04	 0	 
 -1.151178e-01	 -3.551359e-02	 5.268111e-01	 5.226081e-01	 5.357492e+04	 5.357492e+04	 0	 
 -1.151178e-01	 -3.551359e-02	 5.268111e-01	 5.226081e-01	 5.357492e+04	 5.357492e+04	 0	 
 -1.151178e-01	 -3.551359e-02	 5.268111e-01	 5.226081e-01	 5.357492e+04	 5.357492e+04	 0	 
 -1.151178e-01	 -3.551359e-02	 5.268111e-01	 5.226081e-01	 5.357492e+04	 5.357492e+04	 0	 
 -1.151178e-01	 -3.551359e-02	 5.268111e-01	 5.226081e-01	 5.357492e+04	 5.357492e+04	 0	 
 -1.151178e-01	 -3.551359e-02	 5.268111e-01	 5.226081e-01	 5.357492e+04	 5.357492e+04	 0	 
 -1.151178e-01	 -3.551359e-02	 5.268111e-01	 5.226081e-01	 5.357492e+04	 5.357492e+04	 0	 
 -1.151178e-01	 -3.551359e-02	 5.268111e-01	 5.226081e-01	 5.357492e+04	 5.357492e+04	 0	 
 -1.151178e-01	 -3.551359e-02	 5.268111e-01	 5.226081e-01	 5.357492e+04	 5.357492e+04	 0	 
 -1.151178e-01	 -3.551359e-02	 5.268111e-01	 5.226081e-01	 5.357492e+04	 5.357492e+04	 0	 
 -1.151178e-01	 -3.551359e-02	 5.268111e-01	 5.226081e-01	 5.357492e+04	 5.357492e+04	 0	 
 -1.151178e-01	 -3.551359e-02	 5.268111e-01	 5.226081e-01	 5.357492e+04	 5.357492e+04	 0	 
 -1.151178e-01	 -3.551359e-02	 5.268111e-01	 5.226081e-01	 5.357492e+04	 5.357492e+04	 0	 
 -1.151178e-01	 -3.551359e-02	 5.268111e-01	 5.226081e-01	 5.357492e+04	 5.357492e+04	 0	 
 -1.151178e-01	 -3.551359e-02	 5.268111e-01	 5.226081e-01	 5.357492e+04	 5.357492e+04	 0	 
 -1.151178e-01	 -3.551359e-02	 5.268111e-01	 5.226081e-01	 5.357492e+04	 5.357492e+04	 0	 
 -2.947093e-01	 -5.721013e-04	 5.006355e-01	 6.425271e-01	 5.716769e+04	 5.716769e+04	 0	 
 -2.947093e-01	 -5.721013e-04	 5.006355e-01	 6.425271e-01	 5.716769e+04	 5.716769e+04	 0	 
 -2.947093e-01	 -5.721013e-04	 5.006355e-01	 6.425271e-01	 5.716769e+04	 5.716769e+04	 0	 
 -2.947093e-01	 -5.721013e-04	 5.006355e-01	 6.425271e-01	 5.716769e+04	 5.716769e+04	 0	 
 -2.947093e-01	 -5.721013e-04	 5.006355e-01	 6.425271e-01	 5.716769e+04	 5.716769e+04	 0	 
 -2.947093e-01	 -5.721013e-04	 5.006355e-01	 6.425271e-01	 5.716769e+04	 5.716769e+04	 0	 
 -2.947093e-01	 -5.721013e-04	 5.006355e-01	 6.425271e-01	 5.716769e+04	 5.716769e+04	 0	 
 -2.947093e-01	 -5.721013e-04	 5.006355e-01	 6.425271e-01	 5.716769e+04	 5.716769e+04	 0	 
 -2.947093e-01	 -5.721013e-04	 5.006355e-01	 6.425271e-01	 5.716769e+04	 5.716769e+04	 0	 
 -2.947093e-01	 -5.721013e-04	 5.006355e-01	 6.425271e-01	 5.716769e+04	 5.716769e+04	 0	 
 -2.947093e-01	 -5.721013e-04	 5.006355e-01	 6.425271e-01	 5.716769e+04	 5.716769e+04	 0	 
 -2.947093e-01	 -5.721013e-04	 5.006355e-01	 6.425271e-01	 5.716769e+04	 5.716769e+04	 0	 
 -1.151178e-01	 -3.551359e-02	 5.268111e-01	 5.226081e-01	 5.357492e+04	 5.357492e+04	 0	 
 -1.151178e-01	 -3.551359e-02	 5.268111e-01	 5.226081e-01	 5.357492e+04	 5.357492e+04	 0	 
 -1.151178e-01	 -3.551359e-02	 5.268111e-01	 5.226081e-01	 5.357492e+04	 5.357492e+04	 0	 
 -1.151178e-01	 -3.551359e-02	 5.268111e-01	 5.226081e-01	 5.357492e+04	 5.357492e+04	 0	 
 -1.151178e-01	 -3.551359e-02	 5.268111e-01	 5.226081e-01	 5.357492e+04	 5.357492e+04	 0	 
 -1.151178e-01	 -3.551359e-02	 5.268111e-01	 5.226081e-01	 5.357492e+04	 5.357492e+04	 0	 
 3.321522e-01	 -1.383786e-02	 3.860566e-01	 1.840715e-01	 7.529472e+04	 7.529472e+04	 0	 
 3.321522e-01	 -1.383786e-02	 3.860566e-01	 1.840715e-01	 7.529472e+04	 7.529472e+04	 0	 
 3.321522e-01	 -1.383786e-02	 3.860566e-01	 1.840715e-01	 7.529472e+04	 7.529472e+04	 0	 
 3.321522e-01	 -1.383786e-02	 3.860566e-01	 1.840715e-01	 7.529472e+04	 7.529472e+04	 0	 
 3.321522e-01	 -1.383786e-02	 3.860566e-01	 1.840715e-01	 7.529472e+04	 7.529472e+04	 0	 
 3.321522e-01	 -1.383786e-02	 3.860566e-01	 1.840715e-01	 7.529472e+04	 7.529472e+04	 0	 
 3.321522e-01	 -1.383786e-02	 3.860566e-01	 1.840715e-01	 7.529472e+04	 7.529472e+04	 0	 
 3.321522e-01	 -1.383786e-02	 3.860566e-01	 1.840715e-01	 7.529472e+04	 7.529472e+04	 0	 
 3.321522e-01	 -1.383786e-02	 3.860566e-01	 1.840715e-01	 7.529472e+04	 7.529472e+04	 0	 
 3.321522e-01	 -1.383786e-02	 3.860566e-01	 1.840715e-01	 7.529472e+04	 7.529472e+04	 0	 
 3.321522e-01	 -1.383786e-02	 3.860566e-01	 1.840715e-01	 7.529472e+04	 7.529472e+04	 0	 
 3.321522e-01	 -1.383786e-02	 3.860566e-01	 1.840715e-01	 7.529472e+04	 7.529472e+04	 0	 
 