s	 e	 integralPartic	 alturaRetang	 metadePartic	 maximaPartic	 minimoPArtic	 alturaPartic	 p	 comparativoMet
9	 42	 6.669971e+00	 1.961756e-01	 6.007750e+03	 1.201538e+04	 1.168084e-01	 1.116473e+00	 0	 3.062435e+04	 
 9	 42	 6.669971e+00	 1.961756e-01	 6.007750e+03	 1.201538e+04	 1.168084e-01	 1.116473e+00	 0	 3.062435e+04	 
 9	 42	 6.669971e+00	 1.961756e-01	 6.007750e+03	 1.201538e+04	 1.168084e-01	 1.116473e+00	 0	 3.062435e+04	 
 9	 42	 6.669971e+00	 1.961756e-01	 6.007750e+03	 1.201538e+04	 1.168084e-01	 1.116473e+00	 0	 3.062435e+04	 
 9	 42	 6.669971e+00	 1.961756e-01	 6.007750e+03	 1.201538e+04	 1.168084e-01	 1.116473e+00	 0	 3.062435e+04	 
 9	 42	 6.669971e+00	 1.961756e-01	 6.007750e+03	 1.201538e+04	 1.168084e-01	 1.116473e+00	 0	 3.062435e+04	 
 9	 42	 6.669971e+00	 1.961756e-01	 6.007750e+03	 1.201538e+04	 1.168084e-01	 1.116473e+00	 0	 3.062435e+04	 
 9	 42	 6.669971e+00	 1.961756e-01	 6.007750e+03	 1.201538e+04	 1.168084e-01	 1.116473e+00	 0	 3.062435e+04	 
 9	 42	 6.669971e+00	 1.961756e-01	 6.007750e+03	 1.201538e+04	 1.168084e-01	 1.116473e+00	 0	 3.062435e+04	 
 9	 42	 6.669971e+00	 1.961756e-01	 6.007750e+03	 1.201538e+04	 1.168084e-01	 1.116473e+00	 0	 3.062435e+04	 
 