Condicionamento
1.394301e+02	 
 3.527954e+02	 
 4.108131e+03	 
 9.784778e+02	 
 1.888267e+02	 
 4.828781e+02	 
 8.314424e+02	 
 2.695842e+02	 
 8.432279e+04	 
 6.709265e+02	 
 6.709265e+02	 
 8.314424e+02	 
 8.314424e+02	 
 6.709265e+02	 
 9.784778e+02	 
 9.784778e+02	 
 6.709265e+02	 
 3.527954e+02	 
 3.527954e+02	 
 6.709265e+02	 
 6.709265e+02	 
 6.709265e+02	 
 6.709265e+02	 
 1.888267e+02	 
 1.888267e+02	 
 6.709265e+02	 
 6.709265e+02	 
 6.709265e+02	 
 6.709265e+02	 
 9.784778e+02	 
 9.784778e+02	 
 6.709265e+02	 
 3.527954e+02	 
 3.527954e+02	 
 6.709265e+02	 
 4.108131e+03	 
 4.108131e+03	 
 6.709265e+02	 
 6.709265e+02	 
 6.709265e+02	 
 