2.931465e-01	 6.179261e-01	 4.401463e-02	 6.337465e-02	 1.091387e+05	 1.057350e+05	 1	 
 2.931465e-01	 6.179261e-01	 4.401463e-02	 6.337465e-02	 1.091387e+05	 1.057350e+05	 1	 
 2.931465e-01	 6.179261e-01	 4.401463e-02	 6.337465e-02	 1.091387e+05	 1.057350e+05	 1	 
 2.931465e-01	 6.179261e-01	 4.401463e-02	 6.337465e-02	 1.091387e+05	 1.057350e+05	 1	 
 2.931465e-01	 6.179261e-01	 4.401463e-02	 6.337465e-02	 1.091387e+05	 1.057350e+05	 1	 
 2.931465e-01	 6.179261e-01	 4.401463e-02	 6.337465e-02	 1.091387e+05	 1.057350e+05	 1	 
 2.318043e-01	 7.494428e-01	 2.945735e-03	 3.906166e-02	 4.827185e+04	 4.796531e+04	 1	 
 2.318043e-01	 7.494428e-01	 2.945735e-03	 3.906166e-02	 4.827185e+04	 4.796531e+04	 1	 
 2.318043e-01	 7.494428e-01	 2.945735e-03	 3.906166e-02	 4.827185e+04	 4.796531e+04	 1	 
 2.318043e-01	 7.494428e-01	 2.945735e-03	 3.906166e-02	 4.827185e+04	 4.796531e+04	 1	 
 2.318043e-01	 7.494428e-01	 2.945735e-03	 3.906166e-02	 4.827185e+04	 4.796531e+04	 1	 
 2.318043e-01	 7.494428e-01	 2.945735e-03	 3.906166e-02	 4.827185e+04	 4.796531e+04	 1	 
 2.231171e-01	 6.823158e-01	 8.021743e-04	 8.870763e-02	 8.027274e+04	 7.974165e+04	 1	 
 2.231171e-01	 6.823158e-01	 8.021743e-04	 8.870763e-02	 8.027274e+04	 7.974165e+04	 1	 
 2.231171e-01	 6.823158e-01	 8.021743e-04	 8.870763e-02	 8.027274e+04	 7.974165e+04	 1	 
 2.231171e-01	 6.823158e-01	 8.021743e-04	 8.870763e-02	 8.027274e+04	 7.974165e+04	 1	 
 2.231171e-01	 6.823158e-01	 8.021743e-04	 8.870763e-02	 8.027274e+04	 7.974165e+04	 1	 
 2.231171e-01	 6.823158e-01	 8.021743e-04	 8.870763e-02	 8.027274e+04	 7.974165e+04	 1	 
 2.128239e-01	 6.921407e-01	 6.209589e-04	 9.182555e-02	 7.793054e+04	 7.795276e+04	 1	 
 2.128239e-01	 6.921407e-01	 6.209589e-04	 9.182555e-02	 7.793054e+04	 7.795276e+04	 1	 
 2.128239e-01	 6.921407e-01	 6.209589e-04	 9.182555e-02	 7.793054e+04	 7.795276e+04	 1	 
 2.128239e-01	 6.921407e-01	 6.209589e-04	 9.182555e-02	 7.793054e+04	 7.795276e+04	 1	 
 2.128239e-01	 6.921407e-01	 6.209589e-04	 9.182555e-02	 7.793054e+04	 7.795276e+04	 1	 
 2.128239e-01	 6.921407e-01	 6.209589e-04	 9.182555e-02	 7.793054e+04	 7.795276e+04	 1	 
 2.319330e-01	 7.419447e-01	 2.416017e-04	 4.404256e-02	 9.194396e+04	 9.197862e+04	 1	 
 2.319330e-01	 7.419447e-01	 2.416017e-04	 4.404256e-02	 9.194396e+04	 9.197862e+04	 1	 
 2.319330e-01	 7.419447e-01	 2.416017e-04	 4.404256e-02	 9.194396e+04	 9.197862e+04	 1	 
 2.319330e-01	 7.419447e-01	 2.416017e-04	 4.404256e-02	 9.194396e+04	 9.197862e+04	 1	 
 2.319330e-01	 7.419447e-01	 2.416017e-04	 4.404256e-02	 9.194396e+04	 9.197862e+04	 1	 
 2.319330e-01	 7.419447e-01	 2.416017e-04	 4.404256e-02	 9.194396e+04	 9.197862e+04	 1	 
 2.080333e-01	 7.301947e-01	 1.775387e-04	 7.227544e-02	 1.311827e+05	 1.311900e+05	 1	 
 2.080333e-01	 7.301947e-01	 1.775387e-04	 7.227544e-02	 1.311827e+05	 1.311900e+05	 1	 
 2.080333e-01	 7.301947e-01	 1.775387e-04	 7.227544e-02	 1.311827e+05	 1.311900e+05	 1	 
 2.080333e-01	 7.301947e-01	 1.775387e-04	 7.227544e-02	 1.311827e+05	 1.311900e+05	 1	 
 2.080333e-01	 7.301947e-01	 1.775387e-04	 7.227544e-02	 1.311827e+05	 1.311900e+05	 1	 
 2.080333e-01	 7.301947e-01	 1.775387e-04	 7.227544e-02	 1.311827e+05	 1.311900e+05	 1	 
 2.563970e-01	 6.925014e-01	 1.846361e-03	 5.251571e-02	 7.886562e+04	 7.869674e+04	 1	 
 2.563970e-01	 6.925014e-01	 1.846361e-03	 5.251571e-02	 7.886562e+04	 7.869674e+04	 1	 
 2.563970e-01	 6.925014e-01	 1.846361e-03	 5.251571e-02	 7.886562e+04	 7.869674e+04	 1	 
 2.563970e-01	 6.925014e-01	 1.846361e-03	 5.251571e-02	 7.886562e+04	 7.869674e+04	 1	 
 2.563970e-01	 6.925014e-01	 1.846361e-03	 5.251571e-02	 7.886562e+04	 7.869674e+04	 1	 
 2.563970e-01	 6.925014e-01	 1.846361e-03	 5.251571e-02	 7.886562e+04	 7.869674e+04	 1	 
 2.516241e-01	 7.469642e-01	 4.656140e-03	 2.282881e-02	 8.387474e+04	 8.367693e+04	 1	 
 2.516241e-01	 7.469642e-01	 4.656140e-03	 2.282881e-02	 8.387474e+04	 8.367693e+04	 1	 
 2.516241e-01	 7.469642e-01	 4.656140e-03	 2.282881e-02	 8.387474e+04	 8.367693e+04	 1	 
 2.516241e-01	 7.469642e-01	 4.656140e-03	 2.282881e-02	 8.387474e+04	 8.367693e+04	 1	 
 2.516241e-01	 7.469642e-01	 4.656140e-03	 2.282881e-02	 8.387474e+04	 8.367693e+04	 1	 
 2.516241e-01	 7.469642e-01	 4.656140e-03	 2.282881e-02	 8.387474e+04	 8.367693e+04	 1	 
 3.085626e-01	 5.994269e-01	 2.516990e-03	 6.445950e-02	 4.976596e+04	 4.994554e+04	 1	 
 3.085626e-01	 5.994269e-01	 2.516990e-03	 6.445950e-02	 4.976596e+04	 4.994554e+04	 1	 
 3.085626e-01	 5.994269e-01	 2.516990e-03	 6.445950e-02	 4.976596e+04	 4.994554e+04	 1	 
 3.085626e-01	 5.994269e-01	 2.516990e-03	 6.445950e-02	 4.976596e+04	 4.994554e+04	 1	 
 3.085626e-01	 5.994269e-01	 2.516990e-03	 6.445950e-02	 4.976596e+04	 4.994554e+04	 1	 
 3.085626e-01	 5.994269e-01	 2.516990e-03	 6.445950e-02	 4.976596e+04	 4.994554e+04	 1	 
 1.781109e-01	 7.670065e-01	 2.529580e-04	 7.611778e-02	 4.789487e+04	 4.787271e+04	 1	 
 1.781109e-01	 7.670065e-01	 2.529580e-04	 7.611778e-02	 4.789487e+04	 4.787271e+04	 1	 
 1.781109e-01	 7.670065e-01	 2.529580e-04	 7.611778e-02	 4.789487e+04	 4.787271e+04	 1	 
 1.781109e-01	 7.670065e-01	 2.529580e-04	 7.611778e-02	 4.789487e+04	 4.787271e+04	 1	 
 1.781109e-01	 7.670065e-01	 2.529580e-04	 7.611778e-02	 4.789487e+04	 4.787271e+04	 1	 
 1.781109e-01	 7.670065e-01	 2.529580e-04	 7.611778e-02	 4.789487e+04	 4.787271e+04	 1	 
 1.762818e-01	 7.742389e-01	 2.145517e-04	 7.324108e-02	 4.789311e+04	 4.789425e+04	 1	 
 1.762818e-01	 7.742389e-01	 2.145517e-04	 7.324108e-02	 4.789311e+04	 4.789425e+04	 1	 
 1.762818e-01	 7.742389e-01	 2.145517e-04	 7.324108e-02	 4.789311e+04	 4.789425e+04	 1	 
 1.762818e-01	 7.742389e-01	 2.145517e-04	 7.324108e-02	 4.789311e+04	 4.789425e+04	 1	 
 1.762818e-01	 7.742389e-01	 2.145517e-04	 7.324108e-02	 4.789311e+04	 4.789425e+04	 1	 
 1.762818e-01	 7.742389e-01	 2.145517e-04	 7.324108e-02	 4.789311e+04	 4.789425e+04	 1	 
 2.233753e-01	 6.821135e-01	 6.368655e-04	 8.862494e-02	 8.026293e+04	 8.027162e+04	 1	 
 2.233753e-01	 6.821135e-01	 6.368655e-04	 8.862494e-02	 8.026293e+04	 8.027162e+04	 1	 
 2.233753e-01	 6.821135e-01	 6.368655e-04	 8.862494e-02	 8.026293e+04	 8.027162e+04	 1	 
 2.233753e-01	 6.821135e-01	 6.368655e-04	 8.862494e-02	 8.026293e+04	 8.027162e+04	 1	 
 2.233753e-01	 6.821135e-01	 6.368655e-04	 8.862494e-02	 8.026293e+04	 8.027162e+04	 1	 
 2.233753e-01	 6.821135e-01	 6.368655e-04	 8.862494e-02	 8.026293e+04	 8.027162e+04	 1	 
 2.242677e-01	 6.813982e-01	 5.146710e-04	 8.832865e-02	 8.025795e+04	 8.026239e+04	 1	 
 2.242677e-01	 6.813982e-01	 5.146710e-04	 8.832865e-02	 8.025795e+04	 8.026239e+04	 1	 
 2.242677e-01	 6.813982e-01	 5.146710e-04	 8.832865e-02	 8.025795e+04	 8.026239e+04	 1	 
 2.242677e-01	 6.813982e-01	 5.146710e-04	 8.832865e-02	 8.025795e+04	 8.026239e+04	 1	 
 2.242677e-01	 6.813982e-01	 5.146710e-04	 8.832865e-02	 8.025795e+04	 8.026239e+04	 1	 
 2.242677e-01	 6.813982e-01	 5.146710e-04	 8.832865e-02	 8.025795e+04	 8.026239e+04	 1	 
 1.762818e-01	 7.742389e-01	 2.145517e-04	 7.324108e-02	 4.789311e+04	 4.789425e+04	 1	 
 1.762818e-01	 7.742389e-01	 2.145517e-04	 7.324108e-02	 4.789311e+04	 4.789425e+04	 1	 
 1.762818e-01	 7.742389e-01	 2.145517e-04	 7.324108e-02	 4.789311e+04	 4.789425e+04	 1	 
 1.762818e-01	 7.742389e-01	 2.145517e-04	 7.324108e-02	 4.789311e+04	 4.789425e+04	 1	 
 1.762818e-01	 7.742389e-01	 2.145517e-04	 7.324108e-02	 4.789311e+04	 4.789425e+04	 1	 
 1.762818e-01	 7.742389e-01	 2.145517e-04	 7.324108e-02	 4.789311e+04	 4.789425e+04	 1	 
 2.081888e-01	 7.307207e-01	 1.512415e-04	 7.182041e-02	 1.311809e+05	 1.311829e+05	 1	 
 2.081888e-01	 7.307207e-01	 1.512415e-04	 7.182041e-02	 1.311809e+05	 1.311829e+05	 1	 
 2.081888e-01	 7.307207e-01	 1.512415e-04	 7.182041e-02	 1.311809e+05	 1.311829e+05	 1	 
 2.081888e-01	 7.307207e-01	 1.512415e-04	 7.182041e-02	 1.311809e+05	 1.311829e+05	 1	 
 2.081888e-01	 7.307207e-01	 1.512415e-04	 7.182041e-02	 1.311809e+05	 1.311829e+05	 1	 
 2.081888e-01	 7.307207e-01	 1.512415e-04	 7.182041e-02	 1.311809e+05	 1.311829e+05	 1	 
 2.082627e-01	 7.290627e-01	 1.416034e-04	 7.279303e-02	 1.311798e+05	 1.311806e+05	 1	 
 2.082627e-01	 7.290627e-01	 1.416034e-04	 7.279303e-02	 1.311798e+05	 1.311806e+05	 1	 
 2.082627e-01	 7.290627e-01	 1.416034e-04	 7.279303e-02	 1.311798e+05	 1.311806e+05	 1	 
 2.082627e-01	 7.290627e-01	 1.416034e-04	 7.279303e-02	 1.311798e+05	 1.311806e+05	 1	 
 2.082627e-01	 7.290627e-01	 1.416034e-04	 7.279303e-02	 1.311798e+05	 1.311806e+05	 1	 
 2.082627e-01	 7.290627e-01	 1.416034e-04	 7.279303e-02	 1.311798e+05	 1.311806e+05	 1	 
 1.762818e-01	 7.742389e-01	 2.145517e-04	 7.324108e-02	 4.789311e+04	 4.789425e+04	 1	 
 1.762818e-01	 7.742389e-01	 2.145517e-04	 7.324108e-02	 4.789311e+04	 4.789425e+04	 1	 
 1.762818e-01	 7.742389e-01	 2.145517e-04	 7.324108e-02	 4.789311e+04	 4.789425e+04	 1	 
 1.762818e-01	 7.742389e-01	 2.145517e-04	 7.324108e-02	 4.789311e+04	 4.789425e+04	 1	 
 1.762818e-01	 7.742389e-01	 2.145517e-04	 7.324108e-02	 4.789311e+04	 4.789425e+04	 1	 
 1.762818e-01	 7.742389e-01	 2.145517e-04	 7.324108e-02	 4.789311e+04	 4.789425e+04	 1	 
 2.130033e-01	 7.055476e-01	 2.151217e-04	 8.327992e-02	 8.368922e+04	 8.387470e+04	 1	 
 2.130033e-01	 7.055476e-01	 2.151217e-04	 8.327992e-02	 8.368922e+04	 8.387470e+04	 1	 
 2.130033e-01	 7.055476e-01	 2.151217e-04	 8.327992e-02	 8.368922e+04	 8.387470e+04	 1	 
 2.130033e-01	 7.055476e-01	 2.151217e-04	 8.327992e-02	 8.368922e+04	 8.387470e+04	 1	 
 2.130033e-01	 7.055476e-01	 2.151217e-04	 8.327992e-02	 8.368922e+04	 8.387470e+04	 1	 
 2.130033e-01	 7.055476e-01	 2.151217e-04	 8.327992e-02	 8.368922e+04	 8.387470e+04	 1	 
 2.125049e-01	 7.066801e-01	 1.470844e-04	 8.301904e-02	 8.368623e+04	 8.368892e+04	 1	 
 2.125049e-01	 7.066801e-01	 1.470844e-04	 8.301904e-02	 8.368623e+04	 8.368892e+04	 1	 
 2.125049e-01	 7.066801e-01	 1.470844e-04	 8.301904e-02	 8.368623e+04	 8.368892e+04	 1	 
 2.125049e-01	 7.066801e-01	 1.470844e-04	 8.301904e-02	 8.368623e+04	 8.368892e+04	 1	 
 2.125049e-01	 7.066801e-01	 1.470844e-04	 8.301904e-02	 8.368623e+04	 8.368892e+04	 1	 
 2.125049e-01	 7.066801e-01	 1.470844e-04	 8.301904e-02	 8.368623e+04	 8.368892e+04	 1	 
 1.762818e-01	 7.742389e-01	 2.145517e-04	 7.324108e-02	 4.789311e+04	 4.789425e+04	 1	 
 1.762818e-01	 7.742389e-01	 2.145517e-04	 7.324108e-02	 4.789311e+04	 4.789425e+04	 1	 
 1.762818e-01	 7.742389e-01	 2.145517e-04	 7.324108e-02	 4.789311e+04	 4.789425e+04	 1	 
 1.762818e-01	 7.742389e-01	 2.145517e-04	 7.324108e-02	 4.789311e+04	 4.789425e+04	 1	 
 1.762818e-01	 7.742389e-01	 2.145517e-04	 7.324108e-02	 4.789311e+04	 4.789425e+04	 1	 
 1.762818e-01	 7.742389e-01	 2.145517e-04	 7.324108e-02	 4.789311e+04	 4.789425e+04	 1	 
 1.737173e-01	 7.710469e-01	 1.906725e-04	 7.751002e-02	 4.789231e+04	 4.789287e+04	 1	 
 1.737173e-01	 7.710469e-01	 1.906725e-04	 7.751002e-02	 4.789231e+04	 4.789287e+04	 1	 
 1.737173e-01	 7.710469e-01	 1.906725e-04	 7.751002e-02	 4.789231e+04	 4.789287e+04	 1	 
 1.737173e-01	 7.710469e-01	 1.906725e-04	 7.751002e-02	 4.789231e+04	 4.789287e+04	 1	 
 1.737173e-01	 7.710469e-01	 1.906725e-04	 7.751002e-02	 4.789231e+04	 4.789287e+04	 1	 
 1.737173e-01	 7.710469e-01	 1.906725e-04	 7.751002e-02	 4.789231e+04	 4.789287e+04	 1	 
 1.732531e-01	 7.737364e-01	 2.004641e-04	 7.624159e-02	 4.789220e+04	 4.789220e+04	 1	 
 1.732531e-01	 7.737364e-01	 2.004641e-04	 7.624159e-02	 4.789220e+04	 4.789220e+04	 1	 
 1.732531e-01	 7.737364e-01	 2.004641e-04	 7.624159e-02	 4.789220e+04	 4.789220e+04	 1	 
 1.732531e-01	 7.737364e-01	 2.004641e-04	 7.624159e-02	 4.789220e+04	 4.789220e+04	 1	 
 1.732531e-01	 7.737364e-01	 2.004641e-04	 7.624159e-02	 4.789220e+04	 4.789220e+04	 1	 
 1.732531e-01	 7.737364e-01	 2.004641e-04	 7.624159e-02	 4.789220e+04	 4.789220e+04	 1	 
 1.762818e-01	 7.742389e-01	 2.145517e-04	 7.324108e-02	 4.789311e+04	 4.789425e+04	 1	 
 1.762818e-01	 7.742389e-01	 2.145517e-04	 7.324108e-02	 4.789311e+04	 4.789425e+04	 1	 
 1.762818e-01	 7.742389e-01	 2.145517e-04	 7.324108e-02	 4.789311e+04	 4.789425e+04	 1	 
 1.762818e-01	 7.742389e-01	 2.145517e-04	 7.324108e-02	 4.789311e+04	 4.789425e+04	 1	 
 1.762818e-01	 7.742389e-01	 2.145517e-04	 7.324108e-02	 4.789311e+04	 4.789425e+04	 1	 
 1.762818e-01	 7.742389e-01	 2.145517e-04	 7.324108e-02	 4.789311e+04	 4.789425e+04	 1	 
 2.505782e-01	 6.637617e-01	 1.473224e-03	 7.570066e-02	 7.885821e+04	 7.887105e+04	 1	 
 2.505782e-01	 6.637617e-01	 1.473224e-03	 7.570066e-02	 7.885821e+04	 7.887105e+04	 1	 
 2.505782e-01	 6.637617e-01	 1.473224e-03	 7.570066e-02	 7.885821e+04	 7.887105e+04	 1	 
 2.505782e-01	 6.637617e-01	 1.473224e-03	 7.570066e-02	 7.885821e+04	 7.887105e+04	 1	 
 2.505782e-01	 6.637617e-01	 1.473224e-03	 7.570066e-02	 7.885821e+04	 7.887105e+04	 1	 
 2.505782e-01	 6.637617e-01	 1.473224e-03	 7.570066e-02	 7.885821e+04	 7.887105e+04	 1	 
 2.503805e-01	 6.639396e-01	 1.450481e-03	 7.576691e-02	 7.885722e+04	 7.886271e+04	 1	 
 2.503805e-01	 6.639396e-01	 1.450481e-03	 7.576691e-02	 7.885722e+04	 7.886271e+04	 1	 
 2.503805e-01	 6.639396e-01	 1.450481e-03	 7.576691e-02	 7.885722e+04	 7.886271e+04	 1	 
 2.503805e-01	 6.639396e-01	 1.450481e-03	 7.576691e-02	 7.885722e+04	 7.886271e+04	 1	 
 2.503805e-01	 6.639396e-01	 1.450481e-03	 7.576691e-02	 7.885722e+04	 7.886271e+04	 1	 
 2.503805e-01	 6.639396e-01	 1.450481e-03	 7.576691e-02	 7.885722e+04	 7.886271e+04	 1	 
 1.762818e-01	 7.742389e-01	 2.145517e-04	 7.324108e-02	 4.789311e+04	 4.789425e+04	 1	 
 1.762818e-01	 7.742389e-01	 2.145517e-04	 7.324108e-02	 4.789311e+04	 4.789425e+04	 1	 
 1.762818e-01	 7.742389e-01	 2.145517e-04	 7.324108e-02	 4.789311e+04	 4.789425e+04	 1	 
 1.762818e-01	 7.742389e-01	 2.145517e-04	 7.324108e-02	 4.789311e+04	 4.789425e+04	 1	 
 1.762818e-01	 7.742389e-01	 2.145517e-04	 7.324108e-02	 4.789311e+04	 4.789425e+04	 1	 
 1.762818e-01	 7.742389e-01	 2.145517e-04	 7.324108e-02	 4.789311e+04	 4.789425e+04	 1	 
 2.124933e-01	 6.924490e-01	 4.771691e-04	 9.193313e-02	 7.792249e+04	 7.792861e+04	 1	 
 2.124933e-01	 6.924490e-01	 4.771691e-04	 9.193313e-02	 7.792249e+04	 7.792861e+04	 1	 
 2.124933e-01	 6.924490e-01	 4.771691e-04	 9.193313e-02	 7.792249e+04	 7.792861e+04	 1	 
 2.124933e-01	 6.924490e-01	 4.771691e-04	 9.193313e-02	 7.792249e+04	 7.792861e+04	 1	 
 2.124933e-01	 6.924490e-01	 4.771691e-04	 9.193313e-02	 7.792249e+04	 7.792861e+04	 1	 
 2.124933e-01	 6.924490e-01	 4.771691e-04	 9.193313e-02	 7.792249e+04	 7.792861e+04	 1	 
 2.124240e-01	 6.925135e-01	 4.343038e-04	 9.195605e-02	 7.791998e+04	 7.792208e+04	 1	 
 2.124240e-01	 6.925135e-01	 4.343038e-04	 9.195605e-02	 7.791998e+04	 7.792208e+04	 1	 
 2.124240e-01	 6.925135e-01	 4.343038e-04	 9.195605e-02	 7.791998e+04	 7.792208e+04	 1	 
 2.124240e-01	 6.925135e-01	 4.343038e-04	 9.195605e-02	 7.791998e+04	 7.792208e+04	 1	 
 2.124240e-01	 6.925135e-01	 4.343038e-04	 9.195605e-02	 7.791998e+04	 7.792208e+04	 1	 
 2.124240e-01	 6.925135e-01	 4.343038e-04	 9.195605e-02	 7.791998e+04	 7.792208e+04	 1	 
 1.762818e-01	 7.742389e-01	 2.145517e-04	 7.324108e-02	 4.789311e+04	 4.789425e+04	 1	 
 1.762818e-01	 7.742389e-01	 2.145517e-04	 7.324108e-02	 4.789311e+04	 4.789425e+04	 1	 
 1.762818e-01	 7.742389e-01	 2.145517e-04	 7.324108e-02	 4.789311e+04	 4.789425e+04	 1	 
 1.762818e-01	 7.742389e-01	 2.145517e-04	 7.324108e-02	 4.789311e+04	 4.789425e+04	 1	 
 1.762818e-01	 7.742389e-01	 2.145517e-04	 7.324108e-02	 4.789311e+04	 4.789425e+04	 1	 
 1.762818e-01	 7.742389e-01	 2.145517e-04	 7.324108e-02	 4.789311e+04	 4.789425e+04	 1	 
 2.081888e-01	 7.307207e-01	 1.512415e-04	 7.182041e-02	 1.311809e+05	 1.311829e+05	 1	 
 2.081888e-01	 7.307207e-01	 1.512415e-04	 7.182041e-02	 1.311809e+05	 1.311829e+05	 1	 
 2.081888e-01	 7.307207e-01	 1.512415e-04	 7.182041e-02	 1.311809e+05	 1.311829e+05	 1	 
 2.081888e-01	 7.307207e-01	 1.512415e-04	 7.182041e-02	 1.311809e+05	 1.311829e+05	 1	 
 2.081888e-01	 7.307207e-01	 1.512415e-04	 7.182041e-02	 1.311809e+05	 1.311829e+05	 1	 
 2.081888e-01	 7.307207e-01	 1.512415e-04	 7.182041e-02	 1.311809e+05	 1.311829e+05	 1	 
 2.083643e-01	 7.335401e-01	 1.618564e-04	 6.989658e-02	 1.311797e+05	 1.311806e+05	 1	 
 2.083643e-01	 7.335401e-01	 1.618564e-04	 6.989658e-02	 1.311797e+05	 1.311806e+05	 1	 
 2.083643e-01	 7.335401e-01	 1.618564e-04	 6.989658e-02	 1.311797e+05	 1.311806e+05	 1	 
 2.083643e-01	 7.335401e-01	 1.618564e-04	 6.989658e-02	 1.311797e+05	 1.311806e+05	 1	 
 2.083643e-01	 7.335401e-01	 1.618564e-04	 6.989658e-02	 1.311797e+05	 1.311806e+05	 1	 
 2.083643e-01	 7.335401e-01	 1.618564e-04	 6.989658e-02	 1.311797e+05	 1.311806e+05	 1	 
 1.762818e-01	 7.742389e-01	 2.145517e-04	 7.324108e-02	 4.789311e+04	 4.789425e+04	 1	 
 1.762818e-01	 7.742389e-01	 2.145517e-04	 7.324108e-02	 4.789311e+04	 4.789425e+04	 1	 
 1.762818e-01	 7.742389e-01	 2.145517e-04	 7.324108e-02	 4.789311e+04	 4.789425e+04	 1	 
 1.762818e-01	 7.742389e-01	 2.145517e-04	 7.324108e-02	 4.789311e+04	 4.789425e+04	 1	 
 1.762818e-01	 7.742389e-01	 2.145517e-04	 7.324108e-02	 4.789311e+04	 4.789425e+04	 1	 
 1.762818e-01	 7.742389e-01	 2.145517e-04	 7.324108e-02	 4.789311e+04	 4.789425e+04	 1	 
 2.321836e-01	 7.202870e-01	 1.572258e-03	 5.694014e-02	 4.821871e+04	 4.827185e+04	 1	 
 2.321836e-01	 7.202870e-01	 1.572258e-03	 5.694014e-02	 4.821871e+04	 4.827185e+04	 1	 
 2.321836e-01	 7.202870e-01	 1.572258e-03	 5.694014e-02	 4.821871e+04	 4.827185e+04	 1	 
 2.321836e-01	 7.202870e-01	 1.572258e-03	 5.694014e-02	 4.821871e+04	 4.827185e+04	 1	 
 2.321836e-01	 7.202870e-01	 1.572258e-03	 5.694014e-02	 4.821871e+04	 4.827185e+04	 1	 
 2.321836e-01	 7.202870e-01	 1.572258e-03	 5.694014e-02	 4.821871e+04	 4.827185e+04	 1	 
 2.322719e-01	 7.134874e-01	 1.251938e-03	 6.110978e-02	 4.820632e+04	 4.821607e+04	 1	 
 2.322719e-01	 7.134874e-01	 1.251938e-03	 6.110978e-02	 4.820632e+04	 4.821607e+04	 1	 
 2.322719e-01	 7.134874e-01	 1.251938e-03	 6.110978e-02	 4.820632e+04	 4.821607e+04	 1	 
 2.322719e-01	 7.134874e-01	 1.251938e-03	 6.110978e-02	 4.820632e+04	 4.821607e+04	 1	 
 2.322719e-01	 7.134874e-01	 1.251938e-03	 6.110978e-02	 4.820632e+04	 4.821607e+04	 1	 
 2.322719e-01	 7.134874e-01	 1.251938e-03	 6.110978e-02	 4.820632e+04	 4.821607e+04	 1	 
 1.762818e-01	 7.742389e-01	 2.145517e-04	 7.324108e-02	 4.789311e+04	 4.789425e+04	 1	 
 1.762818e-01	 7.742389e-01	 2.145517e-04	 7.324108e-02	 4.789311e+04	 4.789425e+04	 1	 
 1.762818e-01	 7.742389e-01	 2.145517e-04	 7.324108e-02	 4.789311e+04	 4.789425e+04	 1	 
 1.762818e-01	 7.742389e-01	 2.145517e-04	 7.324108e-02	 4.789311e+04	 4.789425e+04	 1	 
 1.762818e-01	 7.742389e-01	 2.145517e-04	 7.324108e-02	 4.789311e+04	 4.789425e+04	 1	 
 1.762818e-01	 7.742389e-01	 2.145517e-04	 7.324108e-02	 4.789311e+04	 4.789425e+04	 1	 
 3.139321e-01	 5.952210e-01	 1.685923e-03	 6.266188e-02	 4.975072e+04	 4.976509e+04	 1	 
 3.139321e-01	 5.952210e-01	 1.685923e-03	 6.266188e-02	 4.975072e+04	 4.976509e+04	 1	 
 3.139321e-01	 5.952210e-01	 1.685923e-03	 6.266188e-02	 4.975072e+04	 4.976509e+04	 1	 
 3.139321e-01	 5.952210e-01	 1.685923e-03	 6.266188e-02	 4.975072e+04	 4.976509e+04	 1	 
 3.139321e-01	 5.952210e-01	 1.685923e-03	 6.266188e-02	 4.975072e+04	 4.976509e+04	 1	 
 3.139321e-01	 5.952210e-01	 1.685923e-03	 6.266188e-02	 4.975072e+04	 4.976509e+04	 1	 
 3.130128e-01	 5.960539e-01	 1.557172e-03	 6.295889e-02	 4.974589e+04	 4.974938e+04	 1	 
 3.130128e-01	 5.960539e-01	 1.557172e-03	 6.295889e-02	 4.974589e+04	 4.974938e+04	 1	 
 3.130128e-01	 5.960539e-01	 1.557172e-03	 6.295889e-02	 4.974589e+04	 4.974938e+04	 1	 
 3.130128e-01	 5.960539e-01	 1.557172e-03	 6.295889e-02	 4.974589e+04	 4.974938e+04	 1	 
 3.130128e-01	 5.960539e-01	 1.557172e-03	 6.295889e-02	 4.974589e+04	 4.974938e+04	 1	 
 3.130128e-01	 5.960539e-01	 1.557172e-03	 6.295889e-02	 4.974589e+04	 4.974938e+04	 1	 
 1.762818e-01	 7.742389e-01	 2.145517e-04	 7.324108e-02	 4.789311e+04	 4.789425e+04	 1	 
 1.762818e-01	 7.742389e-01	 2.145517e-04	 7.324108e-02	 4.789311e+04	 4.789425e+04	 1	 
 1.762818e-01	 7.742389e-01	 2.145517e-04	 7.324108e-02	 4.789311e+04	 4.789425e+04	 1	 
 1.762818e-01	 7.742389e-01	 2.145517e-04	 7.324108e-02	 4.789311e+04	 4.789425e+04	 1	 
 1.762818e-01	 7.742389e-01	 2.145517e-04	 7.324108e-02	 4.789311e+04	 4.789425e+04	 1	 
 1.762818e-01	 7.742389e-01	 2.145517e-04	 7.324108e-02	 4.789311e+04	 4.789425e+04	 1	 
 2.081888e-01	 7.307207e-01	 1.512415e-04	 7.182041e-02	 1.311809e+05	 1.311829e+05	 1	 
 2.081888e-01	 7.307207e-01	 1.512415e-04	 7.182041e-02	 1.311809e+05	 1.311829e+05	 1	 
 2.081888e-01	 7.307207e-01	 1.512415e-04	 7.182041e-02	 1.311809e+05	 1.311829e+05	 1	 
 2.081888e-01	 7.307207e-01	 1.512415e-04	 7.182041e-02	 1.311809e+05	 1.311829e+05	 1	 
 2.081888e-01	 7.307207e-01	 1.512415e-04	 7.182041e-02	 1.311809e+05	 1.311829e+05	 1	 
 2.081888e-01	 7.307207e-01	 1.512415e-04	 7.182041e-02	 1.311809e+05	 1.311829e+05	 1	 
 2.083645e-01	 7.338996e-01	 1.632831e-04	 6.967117e-02	 1.311798e+05	 1.311806e+05	 1	 
 2.083645e-01	 7.338996e-01	 1.632831e-04	 6.967117e-02	 1.311798e+05	 1.311806e+05	 1	 
 2.083645e-01	 7.338996e-01	 1.632831e-04	 6.967117e-02	 1.311798e+05	 1.311806e+05	 1	 
 2.083645e-01	 7.338996e-01	 1.632831e-04	 6.967117e-02	 1.311798e+05	 1.311806e+05	 1	 
 2.083645e-01	 7.338996e-01	 1.632831e-04	 6.967117e-02	 1.311798e+05	 1.311806e+05	 1	 
 2.083645e-01	 7.338996e-01	 1.632831e-04	 6.967117e-02	 1.311798e+05	 1.311806e+05	 1	 
 