3.003248e-01	 6.857267e-01	 4.870264e-02	 1.425729e-02	 3.536987e+03	 7.622781e+00	 
 2.964394e-01	 6.490283e-01	 4.616517e-02	 4.084299e-02	 3.356210e+03	 7.567884e+00	 
 2.946444e-01	 6.320739e-01	 4.499287e-02	 5.312542e-02	 3.272692e+03	 7.542592e+00	 
 2.937805e-01	 6.239142e-01	 4.442868e-02	 5.903664e-02	 3.232497e+03	 7.530471e+00	 
 2.933566e-01	 6.199099e-01	 4.415180e-02	 6.193749e-02	 3.212772e+03	 7.524538e+00	 
 2.931465e-01	 6.179261e-01	 4.401463e-02	 6.337465e-02	 3.203000e+03	 7.521604e+00	 
 2.710004e-01	 6.361458e-01	 4.398104e-02	 7.088003e-02	 3.184611e+03	 7.532692e+00	 
 2.852463e-01	 6.256195e-01	 3.982949e-02	 6.591843e-02	 2.904913e+03	 7.526395e+00	 
 2.790174e-01	 6.316853e-01	 3.652972e-02	 6.792407e-02	 2.669888e+03	 7.530291e+00	 
 2.013494e-01	 8.083782e-01	 4.505687e-03	 2.900179e-02	 1.494511e+02	 7.867141e+00	 
 2.197769e-01	 7.727181e-01	 3.561803e-03	 3.508864e-02	 1.221149e+02	 7.791606e+00	 
 2.263707e-01	 7.599578e-01	 3.224053e-03	 3.726677e-02	 1.123332e+02	 7.765463e+00	 
 2.292203e-01	 7.544433e-01	 3.078091e-03	 3.820809e-02	 1.081059e+02	 7.754361e+00	 
 2.305507e-01	 7.518688e-01	 3.009947e-03	 3.864755e-02	 1.061323e+02	 7.749222e+00	 
 2.311941e-01	 7.506236e-01	 2.976990e-03	 3.886010e-02	 1.051778e+02	 7.746748e+00	 
 2.315106e-01	 7.500112e-01	 2.960778e-03	 3.896465e-02	 1.047083e+02	 7.745533e+00	 
 2.316676e-01	 7.497074e-01	 2.952737e-03	 3.901651e-02	 1.044754e+02	 7.744931e+00	 
 2.317457e-01	 7.495561e-01	 2.948732e-03	 3.904233e-02	 1.043595e+02	 7.744632e+00	 
 2.317848e-01	 7.494806e-01	 2.946734e-03	 3.905522e-02	 1.043016e+02	 7.744482e+00	 
 2.318043e-01	 7.494428e-01	 2.945735e-03	 3.906166e-02	 1.042727e+02	 7.744408e+00	 
 2.318047e-01	 7.494420e-01	 2.945714e-03	 3.906180e-02	 1.042720e+02	 7.744406e+00	 
 2.322590e-01	 7.456292e-01	 2.929717e-03	 4.103733e-02	 1.038176e+02	 7.736162e+00	 
 2.318541e-01	 7.455227e-01	 2.906087e-03	 4.146654e-02	 1.031594e+02	 7.735659e+00	 
 2.314754e-01	 7.454231e-01	 2.883989e-03	 4.186793e-02	 1.025439e+02	 7.735189e+00	 
 2.319002e-01	 7.418951e-01	 2.869397e-03	 4.369198e-02	 1.021292e+02	 7.727642e+00	 
 2.318696e-01	 7.444193e-01	 2.709081e-03	 4.214217e-02	 9.511684e+01	 7.733411e+00	 
 2.375781e-01	 7.859170e-01	 1.729180e-03	 1.093252e-02	 8.386892e+01	 8.958055e+00	 
 2.276958e-01	 7.151189e-01	 1.095707e-03	 6.408192e-02	 5.443122e+01	 8.431058e+00	 
 2.250486e-01	 6.961538e-01	 9.260037e-04	 7.831924e-02	 4.654502e+01	 8.242909e+00	 
 2.240102e-01	 6.887139e-01	 8.594278e-04	 8.390450e-02	 4.345119e+01	 8.162932e+00	 
 2.235449e-01	 6.853803e-01	 8.295970e-04	 8.640709e-02	 4.206496e+01	 8.126119e+00	 
 2.233241e-01	 6.837984e-01	 8.154411e-04	 8.759466e-02	 4.140710e+01	 8.108468e+00	 
 2.232164e-01	 6.830273e-01	 8.085409e-04	 8.817352e-02	 4.108644e+01	 8.099826e+00	 
 2.231633e-01	 6.826465e-01	 8.051335e-04	 8.845937e-02	 4.092812e+01	 8.095550e+00	 
 2.231369e-01	 6.824573e-01	 8.034401e-04	 8.860144e-02	 4.084942e+01	 8.093422e+00	 
 2.231237e-01	 6.823629e-01	 8.025959e-04	 8.867226e-02	 4.081019e+01	 8.092361e+00	 
 2.231171e-01	 6.823158e-01	 8.021743e-04	 8.870763e-02	 4.079059e+01	 8.091831e+00	 
 2.233313e-01	 6.821160e-01	 8.076822e-04	 8.864012e-02	 4.043758e+01	 8.091624e+00	 
 2.231330e-01	 6.823036e-01	 7.843404e-04	 8.870271e-02	 3.969579e+01	 8.091941e+00	 
 2.232744e-01	 6.821895e-01	 7.771561e-04	 8.865547e-02	 3.966445e+01	 8.091309e+00	 
 2.171304e-01	 7.664866e-01	 1.193164e-03	 4.148437e-02	 3.112935e+01	 8.380429e+00	 
 2.131203e-01	 6.972571e-01	 6.603410e-04	 8.836116e-02	 2.989211e+01	 7.840036e+00	 
 2.129665e-01	 6.946014e-01	 6.399000e-04	 9.015934e-02	 2.909804e+01	 7.805749e+00	 
 2.128930e-01	 6.933337e-01	 6.301416e-04	 9.101777e-02	 2.871894e+01	 7.789668e+00	 
 2.128571e-01	 6.927138e-01	 6.253707e-04	 9.143746e-02	 2.853358e+01	 7.781890e+00	 
 2.128394e-01	 6.924073e-01	 6.230109e-04	 9.164504e-02	 2.844191e+01	 7.778065e+00	 
 2.128305e-01	 6.922548e-01	 6.218371e-04	 9.174831e-02	 2.839633e+01	 7.776168e+00	 
 2.128261e-01	 6.921787e-01	 6.212515e-04	 9.179982e-02	 2.837358e+01	 7.775223e+00	 
 2.128239e-01	 6.921407e-01	 6.209589e-04	 9.182555e-02	 2.836220e+01	 7.774751e+00	 
 2.128239e-01	 6.921398e-01	 6.209523e-04	 9.182614e-02	 2.836195e+01	 7.774741e+00	 
 2.128306e-01	 6.921354e-01	 6.182316e-04	 9.182378e-02	 2.825291e+01	 7.774711e+00	 
 2.127782e-01	 6.921833e-01	 6.041940e-04	 9.184033e-02	 2.745134e+01	 7.775156e+00	 
 2.128613e-01	 6.921057e-01	 6.060752e-04	 9.181430e-02	 2.725626e+01	 7.775232e+00	 
 2.128179e-01	 6.921462e-01	 5.908730e-04	 9.182832e-02	 2.643779e+01	 7.775621e+00	 
 2.410339e-01	 7.913023e-01	 4.599320e-04	 5.187226e-03	 7.493713e+00	 8.768645e+00	 
 2.350660e-01	 7.589360e-01	 3.167618e-04	 3.066665e-02	 6.366799e+00	 8.398197e+00	 
 2.332873e-01	 7.492898e-01	 2.740924e-04	 3.826034e-02	 6.030739e+00	 8.257018e+00	 
 2.325662e-01	 7.453792e-01	 2.567940e-04	 4.133885e-02	 5.894567e+00	 8.194124e+00	 
 2.322387e-01	 7.436031e-01	 2.489375e-04	 4.273703e-02	 5.832705e+00	 8.164334e+00	 
 2.320824e-01	 7.427551e-01	 2.451864e-04	 4.340461e-02	 5.803201e+00	 8.149825e+00	 
 2.320059e-01	 7.423406e-01	 2.433526e-04	 4.373096e-02	 5.788704e+00	 8.142663e+00	 
 2.319681e-01	 7.421356e-01	 2.424459e-04	 4.389233e-02	 5.781537e+00	 8.139105e+00	 
 2.319493e-01	 7.420336e-01	 2.419950e-04	 4.397257e-02	 5.778016e+00	 8.137331e+00	 
 2.319400e-01	 7.419828e-01	 2.417701e-04	 4.401259e-02	 5.776235e+00	 8.136446e+00	 
 2.319353e-01	 7.419574e-01	 2.416578e-04	 4.403257e-02	 5.775359e+00	 8.136003e+00	 
 2.319330e-01	 7.419447e-01	 2.416017e-04	 4.404256e-02	 5.774947e+00	 8.135782e+00	 
 2.319329e-01	 7.419444e-01	 2.416004e-04	 4.404279e-02	 5.774902e+00	 8.135777e+00	 
 2.319529e-01	 7.420489e-01	 2.413200e-04	 4.396007e-02	 5.744404e+00	 8.137592e+00	 
 2.319719e-01	 7.421477e-01	 2.410529e-04	 4.388188e-02	 5.715499e+00	 8.139304e+00	 
 2.319898e-01	 7.422413e-01	 2.407997e-04	 4.380777e-02	 5.688043e+00	 8.140925e+00	 
 2.320069e-01	 7.423300e-01	 2.405597e-04	 4.373750e-02	 5.662068e+00	 8.142459e+00	 
 2.316995e-01	 7.410092e-01	 2.372738e-04	 4.483098e-02	 5.613860e+00	 8.119022e+00	 
 2.319843e-01	 7.428839e-01	 2.446225e-04	 4.340711e-02	 5.514723e+00	 8.151409e+00	 
 2.317407e-01	 7.410173e-01	 2.367142e-04	 4.478959e-02	 5.486331e+00	 8.119961e+00	 
 2.317608e-01	 7.409271e-01	 2.364414e-04	 4.482799e-02	 5.393725e+00	 8.119130e+00	 
 1.776970e-01	 7.666816e-01	 2.489259e-04	 7.668863e-02	 2.569178e+00	 8.637265e+00	 
 1.785843e-01	 7.634345e-01	 2.350068e-04	 7.792569e-02	 2.358942e+00	 8.577362e+00	 
 1.782117e-01	 7.631976e-01	 2.316942e-04	 7.840499e-02	 2.263671e+00	 8.571914e+00	 
 1.789757e-01	 7.604808e-01	 2.201625e-04	 7.942067e-02	 2.091785e+00	 8.518772e+00	 
 1.790381e-01	 7.620083e-01	 2.223041e-04	 7.841297e-02	 2.055101e+00	 8.550472e+00	 
 1.763882e-01	 7.740705e-01	 2.142823e-04	 7.324782e-02	 1.266127e-01	 8.410163e+00	 
 1.763882e-01	 7.740705e-01	 2.142823e-04	 7.324782e-02	 1.147615e-01	 8.716538e+00	 
 1.744244e-01	 7.688223e-01	 1.838787e-04	 7.826901e-02	 6.822675e-02	 8.678896e+00	 
 1.743134e-01	 7.693355e-01	 1.836043e-04	 7.804793e-02	 2.245808e-02	 8.687988e+00	 
 1.749428e-01	 7.673501e-01	 1.776012e-04	 7.872681e-02	 -1.725313e-02	 8.653521e+00	 
 