8.274491e-02	 8.274491e-02	 8.274491e-02	 2.217758e-03	 2.217758e-03	 2.217758e-03	 
 8.274491e-02	 8.274491e-02	 8.274491e-02	 2.217758e-03	 2.217758e-03	 2.217758e-03	 
 8.274491e-02	 8.274491e-02	 8.274491e-02	 2.217758e-03	 2.217758e-03	 2.217758e-03	 
 8.274491e-02	 8.274491e-02	 8.274491e-02	 2.217758e-03	 2.217758e-03	 2.217758e-03	 
 8.274491e-02	 8.274491e-02	 8.274491e-02	 2.217758e-03	 2.217758e-03	 2.217758e-03	 
 8.274491e-02	 8.274491e-02	 8.274491e-02	 2.217758e-03	 2.217758e-03	 2.217758e-03	 
 8.274491e-02	 8.274491e-02	 8.274491e-02	 2.217758e-03	 2.217758e-03	 2.217758e-03	 
 8.274491e-02	 8.274491e-02	 8.274491e-02	 2.217758e-03	 2.217758e-03	 2.217758e-03	 
 8.274491e-02	 8.274491e-02	 8.274491e-02	 2.217758e-03	 2.217758e-03	 2.217758e-03	 
 8.274491e-02	 8.274491e-02	 8.274491e-02	 2.217758e-03	 2.217758e-03	 2.217758e-03	 
 8.274491e-02	 8.274491e-02	 8.274491e-02	 2.217758e-03	 2.217758e-03	 2.217758e-03	 
 8.274491e-02	 8.274491e-02	 8.274491e-02	 2.217758e-03	 2.217758e-03	 2.217758e-03	 
 8.274491e-02	 8.274491e-02	 8.274491e-02	 2.217758e-03	 2.217758e-03	 2.217758e-03	 
 8.274491e-02	 8.274491e-02	 8.274491e-02	 2.217758e-03	 2.217758e-03	 2.217758e-03	 
 8.274491e-02	 8.274491e-02	 8.274491e-02	 2.217758e-03	 2.217758e-03	 2.217758e-03	 
 8.274491e-02	 8.274491e-02	 8.274491e-02	 2.217758e-03	 2.217758e-03	 2.217758e-03	 
 8.274491e-02	 8.274491e-02	 8.274491e-02	 2.217758e-03	 2.217758e-03	 2.217758e-03	 
 8.274491e-02	 8.274491e-02	 8.274491e-02	 2.217758e-03	 2.217758e-03	 2.217758e-03	 
 8.274491e-02	 8.274491e-02	 8.274491e-02	 2.217758e-03	 2.217758e-03	 2.217758e-03	 
 8.274491e-02	 8.274491e-02	 8.274491e-02	 2.217758e-03	 2.217758e-03	 2.217758e-03	 
 8.274491e-02	 2.221529e-01	 7.577451e-02	 2.217758e-03	 7.340704e-04	 2.217758e-03	 
 8.274491e-02	 2.221529e-01	 6.880411e-02	 2.217758e-03	 7.340704e-04	 2.217758e-03	 
 8.274491e-02	 2.221529e-01	 6.183371e-02	 2.217758e-03	 7.340704e-04	 2.217758e-03	 
 8.274491e-02	 2.221529e-01	 5.486331e-02	 2.217758e-03	 7.340704e-04	 2.217758e-03	 
 8.274491e-02	 1.944457e-01	 7.715987e-02	 2.217758e-03	 2.312735e-04	 2.217758e-03	 
 8.274491e-02	 1.944457e-01	 7.157483e-02	 2.217758e-03	 2.312735e-04	 2.217758e-03	 
 8.274491e-02	 1.944457e-01	 6.598979e-02	 2.217758e-03	 2.312735e-04	 2.217758e-03	 
 8.274491e-02	 1.944457e-01	 6.040476e-02	 2.217758e-03	 2.312735e-04	 2.217758e-03	 
 8.274491e-02	 1.944457e-01	 5.481972e-02	 2.217758e-03	 2.312735e-04	 2.217758e-03	 
 