9.134063e-02	 -4.384662e-03	 1.038425e+00	 -1.046871e-01	 2.624219e+01	 2.618374e+01	 5.844691e-02	 0	 1.042656e+03	 6.225926e-02	 5.114179e-02	 3.473708e-01	 3.394490e-01	 
 6.509843e-01	 -2.164224e-04	 1.037615e-01	 2.076169e-01	 2.457409e+01	 2.456854e+01	 5.544072e-03	 0	 7.104581e+01	 4.210692e-02	 3.910612e-02	 5.243744e-01	 3.958579e-02	 
 7.732302e-01	 -5.884822e-04	 4.607960e-01	 -2.060187e-01	 2.449689e+01	 2.449980e+01	 2.914549e-03	 0	 8.611077e+01	 3.831577e-02	 1.893094e-01	 2.946502e-01	 8.677161e-02	 
 7.219563e-01	 5.558339e-03	 2.056767e-01	 4.827922e-02	 2.153333e+01	 2.148107e+01	 5.226441e-02	 1	 1.810976e+02	 3.062619e-02	 2.414386e-02	 3.364408e-01	 2.403252e-02	 
 3.012680e-01	 3.187788e-04	 6.701793e-01	 2.821011e-02	 1.911300e+01	 1.911575e+01	 2.750790e-03	 1	 3.060317e+04	 2.761845e-03	 6.479609e-03	 7.646041e-02	 3.351294e-02	 
 -4.614176e-01	 -2.444602e-03	 8.497091e-01	 6.052362e-01	 3.197411e+01	 3.199861e+01	 2.449858e-02	 0	 6.236185e+03	 1.616097e-02	 1.384620e-02	 2.077900e-01	 8.803822e-02	 
 9.217551e-01	 2.371273e-03	 -1.128462e+00	 1.144626e+00	 3.305610e+01	 3.305531e+01	 7.962577e-04	 0	 7.377679e+03	 1.147980e-01	 8.419449e-02	 1.026701e+00	 3.560286e-01	 
 1.246171e+00	 -6.713325e-03	 3.672068e-01	 -5.047070e-01	 2.044699e+01	 2.052202e+01	 7.503851e-02	 0	 6.091308e+01	 1.602842e-01	 6.899633e-01	 8.020885e-01	 1.475892e-01	 
 3.851450e-01	 4.672519e-03	 1.070820e+00	 -4.566744e-01	 2.764549e+01	 2.765832e+01	 1.283409e-02	 0	 5.041017e+02	 8.335857e-03	 5.530334e-02	 1.168308e-01	 3.647288e-02	 
 8.697874e-01	 -6.779874e-05	 -1.825974e-01	 2.567075e-01	 3.365264e+01	 3.364736e+01	 5.275896e-03	 0	 5.792140e+02	 6.528419e-02	 5.948169e-02	 8.743359e-01	 2.555517e-01	 
 8.697874e-01	 -6.779874e-05	 -1.825974e-01	 2.567075e-01	 3.365264e+01	 3.364736e+01	 5.275896e-03	 0	 5.792140e+02	 6.528419e-02	 5.948169e-02	 8.743359e-01	 2.555517e-01	 
 1.246171e+00	 -6.713325e-03	 3.672068e-01	 -5.047070e-01	 2.044699e+01	 2.052202e+01	 7.503851e-02	 0	 6.091308e+01	 1.602842e-01	 6.899633e-01	 8.020885e-01	 1.475892e-01	 
 1.246171e+00	 -6.713325e-03	 3.672068e-01	 -5.047070e-01	 2.044699e+01	 2.052202e+01	 7.503851e-02	 0	 6.091308e+01	 1.602842e-01	 6.899633e-01	 8.020885e-01	 1.475892e-01	 
 8.697874e-01	 -6.779874e-05	 -1.825974e-01	 2.567075e-01	 3.365264e+01	 3.364736e+01	 5.275896e-03	 0	 5.792140e+02	 6.528419e-02	 5.948169e-02	 8.743359e-01	 2.555517e-01	 
 3.851450e-01	 4.672519e-03	 1.070820e+00	 -4.566744e-01	 2.764549e+01	 2.765832e+01	 1.283409e-02	 0	 5.041017e+02	 8.335857e-03	 5.530334e-02	 1.168308e-01	 3.647288e-02	 
 3.851450e-01	 4.672519e-03	 1.070820e+00	 -4.566744e-01	 2.764549e+01	 2.765832e+01	 1.283409e-02	 0	 5.041017e+02	 8.335857e-03	 5.530334e-02	 1.168308e-01	 3.647288e-02	 
 8.697874e-01	 -6.779874e-05	 -1.825974e-01	 2.567075e-01	 3.365264e+01	 3.364736e+01	 5.275896e-03	 0	 5.792140e+02	 6.528419e-02	 5.948169e-02	 8.743359e-01	 2.555517e-01	 
 8.697874e-01	 -6.779874e-05	 -1.825974e-01	 2.567075e-01	 3.365264e+01	 3.364736e+01	 5.275896e-03	 0	 5.792140e+02	 6.528419e-02	 5.948169e-02	 8.743359e-01	 2.555517e-01	 
 8.697874e-01	 -6.779874e-05	 -1.825974e-01	 2.567075e-01	 3.365264e+01	 3.364736e+01	 5.275896e-03	 0	 5.792140e+02	 6.528419e-02	 5.948169e-02	 8.743359e-01	 2.555517e-01	 
 8.697874e-01	 -6.779874e-05	 -1.825974e-01	 2.567075e-01	 3.365264e+01	 3.364736e+01	 5.275896e-03	 0	 5.792140e+02	 6.528419e-02	 5.948169e-02	 8.743359e-01	 2.555517e-01	 
 6.849258e-01	 1.784932e-03	 2.072068e-01	 8.325840e-02	 2.148411e+01	 2.148107e+01	 3.041808e-03	 1	 1.460321e+02	 2.930940e-02	 2.389807e-02	 3.999194e-01	 2.359668e-02	 
 6.879095e-01	 1.726058e-03	 2.067248e-01	 8.078920e-02	 2.148069e+01	 2.148107e+01	 3.745881e-04	 1	 1.877618e+02	 2.924650e-02	 2.389525e-02	 4.005083e-01	 2.401712e-02	 
 8.697874e-01	 -6.779874e-05	 -1.825974e-01	 2.567075e-01	 3.365264e+01	 3.364736e+01	 5.275896e-03	 0	 5.792140e+02	 6.528419e-02	 5.948169e-02	 8.743359e-01	 2.555517e-01	 
 8.697874e-01	 -6.779874e-05	 -1.825974e-01	 2.567075e-01	 3.365264e+01	 3.364736e+01	 5.275896e-03	 0	 5.792140e+02	 6.528419e-02	 5.948169e-02	 8.743359e-01	 2.555517e-01	 
 8.697874e-01	 -6.779874e-05	 -1.825974e-01	 2.567075e-01	 3.365264e+01	 3.364736e+01	 5.275896e-03	 0	 5.792140e+02	 6.528419e-02	 5.948169e-02	 8.743359e-01	 2.555517e-01	 
 8.697874e-01	 -6.779874e-05	 -1.825974e-01	 2.567075e-01	 3.365264e+01	 3.364736e+01	 5.275896e-03	 0	 5.792140e+02	 6.528419e-02	 5.948169e-02	 8.743359e-01	 2.555517e-01	 
 6.849258e-01	 1.784932e-03	 2.072068e-01	 8.325840e-02	 2.148411e+01	 2.148107e+01	 3.041808e-03	 1	 1.460321e+02	 2.930940e-02	 2.389807e-02	 3.999194e-01	 2.359668e-02	 
 6.904141e-01	 1.979609e-03	 2.059143e-01	 7.896548e-02	 2.148097e+01	 2.148107e+01	 1.009819e-04	 1	 1.905444e+02	 2.951975e-02	 2.390792e-02	 3.974479e-01	 2.409095e-02	 
 8.697874e-01	 -6.779874e-05	 -1.825974e-01	 2.567075e-01	 3.365264e+01	 3.364736e+01	 5.275896e-03	 0	 5.792140e+02	 6.528419e-02	 5.948169e-02	 8.743359e-01	 2.555517e-01	 
 7.732302e-01	 -5.884822e-04	 4.607960e-01	 -2.060187e-01	 2.449689e+01	 2.449980e+01	 2.914549e-03	 0	 8.611077e+01	 3.831577e-02	 1.893094e-01	 2.946502e-01	 8.677161e-02	 
 7.732302e-01	 -5.884822e-04	 4.607960e-01	 -2.060187e-01	 2.449689e+01	 2.449980e+01	 2.914549e-03	 0	 8.611077e+01	 3.831577e-02	 1.893094e-01	 2.946502e-01	 8.677161e-02	 
 8.697874e-01	 -6.779874e-05	 -1.825974e-01	 2.567075e-01	 3.365264e+01	 3.364736e+01	 5.275896e-03	 0	 5.792140e+02	 6.528419e-02	 5.948169e-02	 8.743359e-01	 2.555517e-01	 
 8.697874e-01	 -6.779874e-05	 -1.825974e-01	 2.567075e-01	 3.365264e+01	 3.364736e+01	 5.275896e-03	 0	 5.792140e+02	 6.528419e-02	 5.948169e-02	 8.743359e-01	 2.555517e-01	 
 8.697874e-01	 -6.779874e-05	 -1.825974e-01	 2.567075e-01	 3.365264e+01	 3.364736e+01	 5.275896e-03	 0	 5.792140e+02	 6.528419e-02	 5.948169e-02	 8.743359e-01	 2.555517e-01	 
 8.697874e-01	 -6.779874e-05	 -1.825974e-01	 2.567075e-01	 3.365264e+01	 3.364736e+01	 5.275896e-03	 0	 5.792140e+02	 6.528419e-02	 5.948169e-02	 8.743359e-01	 2.555517e-01	 
 -4.614176e-01	 -2.444602e-03	 8.497091e-01	 6.052362e-01	 3.197411e+01	 3.199861e+01	 2.449858e-02	 0	 6.236185e+03	 1.616097e-02	 1.384620e-02	 2.077900e-01	 8.803822e-02	 
 -4.614176e-01	 -2.444602e-03	 8.497091e-01	 6.052362e-01	 3.197411e+01	 3.199861e+01	 2.449858e-02	 0	 6.236185e+03	 1.616097e-02	 1.384620e-02	 2.077900e-01	 8.803822e-02	 
 8.697874e-01	 -6.779874e-05	 -1.825974e-01	 2.567075e-01	 3.365264e+01	 3.364736e+01	 5.275896e-03	 0	 5.792140e+02	 6.528419e-02	 5.948169e-02	 8.743359e-01	 2.555517e-01	 
 6.849258e-01	 1.784932e-03	 2.072068e-01	 8.325840e-02	 2.148411e+01	 2.148107e+01	 3.041808e-03	 1	 1.460321e+02	 2.930940e-02	 2.389807e-02	 3.999194e-01	 2.359668e-02	 
 6.924384e-01	 2.232416e-03	 2.048992e-01	 7.777977e-02	 2.148093e+01	 2.148107e+01	 1.386790e-04	 1	 1.981584e+02	 2.966370e-02	 2.391507e-02	 3.966333e-01	 2.405231e-02	 
 