Condicionamento
3.025333e+03	 1	 0	 
 2.454669e+05	 1	 0	 
 1.226806e+04	 1	 0	 
 6.015250e+03	 1	 0	 
 2.706087e+04	 1	 0	 
 8.328486e+03	 1	 0	 
 1.657169e+04	 1	 0	 
 3.814161e+03	 1	 0	 
 7.383058e+03	 1	 0	 
 5.550423e+04	 1	 0	 
 5.550423e+04	 1	 1	 
 2.706087e+04	 1	 2	 
 2.706087e+04	 1	 3	 
 5.550423e+04	 2	 1	 
 2.454669e+05	 2	 2	 
 2.454669e+05	 2	 3	 
 5.550423e+04	 3	 1	 
 3.814161e+03	 3	 2	 
 3.814161e+03	 3	 3	 
 5.550423e+04	 4	 1	 
 5.550423e+04	 4	 2	 
 5.550423e+04	 4	 3	 
 5.550423e+04	 5	 1	 
 2.454669e+05	 5	 2	 
 2.454669e+05	 5	 3	 
 5.550423e+04	 6	 1	 
 2.706087e+04	 6	 2	 
 2.706087e+04	 6	 3	 
 5.550423e+04	 7	 1	 
 2.454669e+05	 7	 2	 
 2.454669e+05	 7	 3	 
 5.550423e+04	 8	 1	 
 2.706087e+04	 8	 2	 
 2.706087e+04	 8	 3	 
 5.550423e+04	 9	 1	 
 3.814161e+03	 9	 2	 
 3.814161e+03	 9	 3	 
 5.550423e+04	 10	 1	 
 5.550423e+04	 10	 2	 
 5.550423e+04	 10	 3	 
 