s	 e	 nS	 nE	 p	 f
0	 0	 0	 0	 0	 0	 
 85	 112	 1920	 123	 1	 -1797	 
 85	 112	 1920	 120	 1	 -1800	 
 85	 112	 1920	 118	 1	 -1802	 
 85	 112	 1920	 123	 1	 -1797	 
 85	 112	 1920	 119	 1	 -1801	 
 85	 112	 1920	 114	 1	 -1806	 
 85	 112	 1920	 122	 1	 -1798	 
 85	 112	 1920	 126	 1	 -1794	 
 85	 112	 1920	 114	 1	 -1806	 
 85	 112	 1920	 118	 1	 -1802	 
 85	 112	 1920	 125	 1	 -1795	 
 85	 112	 1920	 125	 1	 -1795	 
 85	 112	 1920	 113	 1	 -1807	 
 85	 112	 1920	 126	 1	 -1794	 
 85	 112	 1920	 123	 1	 -1797	 
 85	 112	 1920	 118	 1	 -1802	 
 85	 112	 1920	 114	 1	 -1806	 
 85	 112	 1920	 120	 1	 -1800	 
 85	 112	 1920	 115	 1	 -1805	 
 85	 112	 1920	 121	 1	 -1799	 
 85	 112	 1920	 122	 1	 -1798	 
 85	 112	 1920	 116	 1	 -1804	 
 85	 112	 1920	 123	 1	 -1797	 
 85	 112	 1920	 114	 1	 -1806	 
 85	 112	 1920	 116	 1	 -1804	 
 85	 112	 1920	 121	 1	 -1799	 
 85	 112	 1920	 119	 1	 -1801	 
 85	 112	 1920	 125	 1	 -1795	 
 85	 112	 1920	 116	 1	 -1804	 
 85	 112	 1920	 116	 1	 -1804	 
 85	 112	 1920	 113	 1	 -1807	 
 85	 112	 1920	 121	 1	 -1799	 
 85	 112	 1920	 123	 1	 -1797	 
 85	 112	 1920	 123	 1	 -1797	 
 85	 112	 1920	 119	 1	 -1801	 
 85	 112	 1920	 113	 1	 -1807	 
 85	 112	 1920	 126	 1	 -1794	 
 85	 112	 1920	 114	 1	 -1806	 
 85	 112	 1920	 120	 1	 -1800	 
 85	 112	 1920	 122	 1	 -1798	 
 85	 112	 1920	 125	 1	 -1795	 
 85	 112	 1920	 117	 1	 -1803	 
 85	 112	 1920	 114	 1	 -1806	 
 85	 112	 1920	 118	 1	 -1802	 
 85	 112	 1920	 114	 1	 -1806	 
 85	 112	 1920	 125	 1	 -1795	 
 85	 112	 1920	 126	 1	 -1794	 
 85	 112	 1920	 120	 1	 -1800	 
 85	 112	 1920	 116	 1	 -1804	 
 85	 112	 1920	 124	 1	 -1796	 
 85	 112	 1920	 114	 1	 -1806	 
 85	 112	 1920	 125	 1	 -1795	 
 85	 112	 1920	 126	 1	 -1794	 
 85	 112	 1920	 121	 1	 -1799	 
 85	 112	 1920	 123	 1	 -1797	 
 85	 112	 1920	 117	 1	 -1803	 
 85	 112	 1920	 123	 1	 -1797	 
 85	 112	 1920	 123	 1	 -1797	 
 85	 112	 1920	 126	 1	 -1794	 
 85	 112	 1920	 125	 1	 -1795	 
 85	 112	 1920	 115	 1	 -1805	 
 85	 112	 1920	 117	 1	 -1803	 
 85	 112	 1920	 125	 1	 -1795	 
 85	 112	 1920	 119	 1	 -1801	 
 85	 112	 1920	 123	 1	 -1797	 
 85	 112	 1920	 117	 1	 -1803	 
 85	 112	 1920	 115	 1	 -1805	 
 85	 112	 1920	 121	 1	 -1799	 
 85	 112	 1920	 113	 1	 -1807	 
 85	 112	 1920	 124	 1	 -1796	 
 85	 112	 1920	 113	 1	 -1807	 
 85	 112	 1920	 125	 1	 -1795	 
 85	 112	 1920	 126	 1	 -1794	 
 85	 112	 1920	 121	 1	 -1799	 
 85	 112	 1920	 120	 1	 -1800	 
 85	 112	 1920	 120	 1	 -1800	 
 85	 112	 1920	 115	 1	 -1805	 
 85	 112	 1920	 120	 1	 -1800	 
 85	 112	 1920	 113	 1	 -1807	 
 85	 112	 1920	 121	 1	 -1799	 
 85	 112	 1920	 123	 1	 -1797	 
 85	 112	 1920	 113	 1	 -1807	 
 85	 112	 1920	 117	 1	 -1803	 
 85	 112	 1920	 126	 1	 -1794	 
 85	 112	 1920	 118	 1	 -1802	 
 85	 112	 1920	 125	 1	 -1795	 
 85	 112	 1920	 125	 1	 -1795	 
 85	 112	 1920	 120	 1	 -1800	 
 85	 112	 1920	 124	 1	 -1796	 
 85	 112	 1920	 116	 1	 -1804	 
 85	 112	 1920	 118	 1	 -1802	 
 85	 112	 1920	 113	 1	 -1807	 
 85	 112	 1920	 116	 1	 -1804	 
 85	 112	 1920	 118	 1	 -1802	 
 85	 112	 1920	 121	 1	 -1799	 
 85	 112	 1920	 114	 1	 -1806	 
 85	 112	 1920	 123	 1	 -1797	 
 85	 112	 1920	 126	 1	 -1794	 
 85	 112	 1920	 122	 1	 -1798	 
 0	 0	 0	 0	 0	 0	 
 0	 0	 0	 0	 0	 0	 
 75	 118	 1920	 121	 0	 -1799	 
 75	 118	 1920	 119	 0	 -1801	 
 75	 118	 1920	 126	 0	 -1794	 
 75	 118	 1920	 126	 0	 -1794	 
 75	 118	 1920	 125	 0	 -1795	 
 75	 118	 1920	 123	 0	 -1797	 
 75	 118	 1920	 119	 0	 -1801	 
 75	 118	 1920	 123	 0	 -1797	 
 75	 118	 1920	 129	 0	 -1791	 
 75	 118	 1920	 138	 0	 -1782	 
 75	 118	 1920	 135	 0	 -1785	 
 75	 118	 1920	 127	 0	 -1793	 
 75	 118	 1920	 139	 0	 -1781	 
 75	 118	 1920	 123	 0	 -1797	 
 75	 118	 1920	 137	 0	 -1783	 
 75	 118	 1920	 134	 0	 -1786	 
 75	 118	 1920	 136	 0	 -1784	 
 75	 118	 1920	 138	 0	 -1782	 
 75	 118	 1920	 136	 0	 -1784	 
 75	 118	 1920	 129	 0	 -1791	 
 75	 118	 1920	 128	 0	 -1792	 
 75	 118	 1920	 131	 0	 -1789	 
 75	 118	 1920	 136	 0	 -1784	 
 75	 118	 1920	 133	 0	 -1787	 
 75	 118	 1920	 132	 0	 -1788	 
 75	 118	 1920	 120	 0	 -1800	 
 75	 118	 1920	 120	 0	 -1800	 
 75	 118	 1920	 134	 0	 -1786	 
 75	 118	 1920	 137	 0	 -1783	 
 75	 118	 1920	 121	 0	 -1799	 
 75	 118	 1920	 136	 0	 -1784	 
 75	 118	 1920	 140	 0	 -1780	 
 75	 118	 1920	 123	 0	 -1797	 
 75	 118	 1920	 124	 0	 -1796	 
 75	 118	 1920	 121	 0	 -1799	 
 75	 118	 1920	 137	 0	 -1783	 
 75	 118	 1920	 123	 0	 -1797	 
 75	 118	 1920	 131	 0	 -1789	 
 75	 118	 1920	 120	 0	 -1800	 
 75	 118	 1920	 132	 0	 -1788	 
 75	 118	 1920	 125	 0	 -1795	 
 75	 118	 1920	 119	 0	 -1801	 
 75	 118	 1920	 123	 0	 -1797	 
 75	 118	 1920	 133	 0	 -1787	 
 75	 118	 1920	 136	 0	 -1784	 
 75	 118	 1920	 120	 0	 -1800	 
 75	 118	 1920	 128	 0	 -1792	 
 75	 118	 1920	 129	 0	 -1791	 
 75	 118	 1920	 137	 0	 -1783	 
 75	 118	 1920	 131	 0	 -1789	 
 75	 118	 1920	 119	 0	 -1801	 
 75	 118	 1920	 130	 0	 -1790	 
 75	 118	 1920	 139	 0	 -1781	 
 75	 118	 1920	 129	 0	 -1791	 
 75	 118	 1920	 133	 0	 -1787	 
 75	 118	 1920	 122	 0	 -1798	 
 75	 118	 1920	 125	 0	 -1795	 
 75	 118	 1920	 138	 0	 -1782	 
 75	 118	 1920	 129	 0	 -1791	 
 75	 118	 1920	 121	 0	 -1799	 
 75	 118	 1920	 140	 0	 -1780	 
 75	 118	 1920	 122	 0	 -1798	 
 75	 118	 1920	 132	 0	 -1788	 
 75	 118	 1920	 140	 0	 -1780	 
 75	 118	 1920	 133	 0	 -1787	 
 75	 118	 1920	 132	 0	 -1788	 
 75	 118	 1920	 121	 0	 -1799	 
 75	 118	 1920	 119	 0	 -1801	 
 75	 118	 1920	 135	 0	 -1785	 
 75	 118	 1920	 126	 0	 -1794	 
 75	 118	 1920	 137	 0	 -1783	 
 75	 118	 1920	 136	 0	 -1784	 
 75	 118	 1920	 140	 0	 -1780	 
 75	 118	 1920	 135	 0	 -1785	 
 75	 118	 1920	 120	 0	 -1800	 
 75	 118	 1920	 133	 0	 -1787	 
 75	 118	 1920	 119	 0	 -1801	 
 75	 118	 1920	 120	 0	 -1800	 
 75	 118	 1920	 138	 0	 -1782	 
 75	 118	 1920	 120	 0	 -1800	 
 75	 118	 1920	 127	 0	 -1793	 
 75	 118	 1920	 120	 0	 -1800	 
 75	 118	 1920	 132	 0	 -1788	 
 75	 118	 1920	 128	 0	 -1792	 
 75	 118	 1920	 134	 0	 -1786	 
 75	 118	 1920	 133	 0	 -1787	 
 75	 118	 1920	 131	 0	 -1789	 
 75	 118	 1920	 133	 0	 -1787	 
 75	 118	 1920	 120	 0	 -1800	 
 75	 118	 1920	 136	 0	 -1784	 
 75	 118	 1920	 123	 0	 -1797	 
 75	 118	 1920	 124	 0	 -1796	 
 75	 118	 1920	 127	 0	 -1793	 
 75	 118	 1920	 138	 0	 -1782	 
 75	 118	 1920	 128	 0	 -1792	 
 75	 118	 1920	 119	 0	 -1801	 
 75	 118	 1920	 120	 0	 -1800	 
 75	 118	 1920	 139	 0	 -1781	 
 75	 118	 1920	 140	 0	 -1780	 
 0	 0	 0	 0	 0	 0	 
 0	 0	 0	 0	 0	 0	 
 85	 112	 1920	 120	 1	 -1800	 
 85	 112	 1920	 113	 1	 -1807	 
 85	 112	 1920	 120	 1	 -1800	 
 85	 112	 1920	 118	 1	 -1802	 
 85	 112	 1920	 115	 1	 -1805	 
 85	 112	 1920	 114	 1	 -1806	 
 85	 112	 1920	 124	 1	 -1796	 
 85	 112	 1920	 113	 1	 -1807	 
 85	 112	 1920	 115	 1	 -1805	 
 85	 112	 1920	 122	 1	 -1798	 
 85	 112	 1920	 126	 1	 -1794	 
 85	 112	 1920	 126	 1	 -1794	 
 85	 112	 1920	 114	 1	 -1806	 
 85	 112	 1920	 123	 1	 -1797	 
 85	 112	 1920	 121	 1	 -1799	 
 85	 112	 1920	 125	 1	 -1795	 
 85	 112	 1920	 122	 1	 -1798	 
 85	 112	 1920	 126	 1	 -1794	 
 85	 112	 1920	 113	 1	 -1807	 
 85	 112	 1920	 119	 1	 -1801	 
 85	 112	 1920	 123	 1	 -1797	 
 85	 112	 1920	 125	 1	 -1795	 
 85	 112	 1920	 120	 1	 -1800	 
 85	 112	 1920	 121	 1	 -1799	 
 85	 112	 1920	 119	 1	 -1801	 
 85	 112	 1920	 125	 1	 -1795	 
 85	 112	 1920	 120	 1	 -1800	 
 85	 112	 1920	 122	 1	 -1798	 
 85	 112	 1920	 117	 1	 -1803	 
 85	 112	 1920	 113	 1	 -1807	 
 85	 112	 1920	 120	 1	 -1800	 
 85	 112	 1920	 125	 1	 -1795	 
 85	 112	 1920	 125	 1	 -1795	 
 85	 112	 1920	 119	 1	 -1801	 
 85	 112	 1920	 116	 1	 -1804	 
 85	 112	 1920	 120	 1	 -1800	 
 85	 112	 1920	 113	 1	 -1807	 
 85	 112	 1920	 124	 1	 -1796	 
 85	 112	 1920	 118	 1	 -1802	 
 85	 112	 1920	 124	 1	 -1796	 
 85	 112	 1920	 125	 1	 -1795	 
 85	 112	 1920	 116	 1	 -1804	 
 85	 112	 1920	 113	 1	 -1807	 
 85	 112	 1920	 124	 1	 -1796	 
 85	 112	 1920	 120	 1	 -1800	 
 85	 112	 1920	 122	 1	 -1798	 
 85	 112	 1920	 124	 1	 -1796	 
 85	 112	 1920	 126	 1	 -1794	 
 85	 112	 1920	 122	 1	 -1798	 
 85	 112	 1920	 116	 1	 -1804	 
 85	 112	 1920	 114	 1	 -1806	 
 85	 112	 1920	 118	 1	 -1802	 
 85	 112	 1920	 118	 1	 -1802	 
 85	 112	 1920	 119	 1	 -1801	 
 85	 112	 1920	 115	 1	 -1805	 
 85	 112	 1920	 123	 1	 -1797	 
 85	 112	 1920	 117	 1	 -1803	 
 85	 112	 1920	 116	 1	 -1804	 
 85	 112	 1920	 124	 1	 -1796	 
 85	 112	 1920	 125	 1	 -1795	 
 85	 112	 1920	 124	 1	 -1796	 
 85	 112	 1920	 118	 1	 -1802	 
 85	 112	 1920	 113	 1	 -1807	 
 85	 112	 1920	 117	 1	 -1803	 
 85	 112	 1920	 124	 1	 -1796	 
 85	 112	 1920	 122	 1	 -1798	 
 85	 112	 1920	 125	 1	 -1795	 
 85	 112	 1920	 126	 1	 -1794	 
 85	 112	 1920	 116	 1	 -1804	 
 85	 112	 1920	 117	 1	 -1803	 
 85	 112	 1920	 119	 1	 -1801	 
 85	 112	 1920	 117	 1	 -1803	 
 85	 112	 1920	 118	 1	 -1802	 
 85	 112	 1920	 114	 1	 -1806	 
 85	 112	 1920	 121	 1	 -1799	 
 85	 112	 1920	 126	 1	 -1794	 
 85	 112	 1920	 123	 1	 -1797	 
 85	 112	 1920	 125	 1	 -1795	 
 85	 112	 1920	 122	 1	 -1798	 
 85	 112	 1920	 125	 1	 -1795	 
 85	 112	 1920	 122	 1	 -1798	 
 85	 112	 1920	 119	 1	 -1801	 
 85	 112	 1920	 126	 1	 -1794	 
 85	 112	 1920	 116	 1	 -1804	 
 85	 112	 1920	 115	 1	 -1805	 
 85	 112	 1920	 120	 1	 -1800	 
 85	 112	 1920	 123	 1	 -1797	 
 85	 112	 1920	 124	 1	 -1796	 
 85	 112	 1920	 124	 1	 -1796	 
 85	 112	 1920	 116	 1	 -1804	 
 85	 112	 1920	 115	 1	 -1805	 
 85	 112	 1920	 114	 1	 -1806	 
 85	 112	 1920	 121	 1	 -1799	 
 85	 112	 1920	 123	 1	 -1797	 
 85	 112	 1920	 126	 1	 -1794	 
 85	 112	 1920	 123	 1	 -1797	 
 85	 112	 1920	 119	 1	 -1801	 
 85	 112	 1920	 120	 1	 -1800	 
 85	 112	 1920	 115	 1	 -1805	 
 0	 0	 0	 0	 0	 0	 
 0	 0	 0	 0	 0	 0	 
 63	 72	 1920	 73	 0	 -1847	 
 63	 72	 1920	 77	 0	 -1843	 
 63	 72	 1920	 74	 0	 -1846	 
 63	 72	 1920	 75	 0	 -1845	 
 63	 72	 1920	 74	 0	 -1846	 
 63	 72	 1920	 77	 0	 -1843	 
 63	 72	 1920	 73	 0	 -1847	 
 63	 72	 1920	 76	 0	 -1844	 
 63	 72	 1920	 74	 0	 -1846	 
 63	 72	 1920	 73	 0	 -1847	 
 63	 72	 1920	 76	 0	 -1844	 
 63	 72	 1920	 77	 0	 -1843	 
 63	 72	 1920	 75	 0	 -1845	 
 63	 72	 1920	 77	 0	 -1843	 
 63	 72	 1920	 73	 0	 -1847	 
 63	 72	 1920	 74	 0	 -1846	 
 63	 72	 1920	 77	 0	 -1843	 
 63	 72	 1920	 73	 0	 -1847	 
 63	 72	 1920	 74	 0	 -1846	 
 63	 72	 1920	 74	 0	 -1846	 
 63	 72	 1920	 77	 0	 -1843	 
 63	 72	 1920	 74	 0	 -1846	 
 63	 72	 1920	 73	 0	 -1847	 
 63	 72	 1920	 76	 0	 -1844	 
 63	 72	 1920	 77	 0	 -1843	 
 63	 72	 1920	 75	 0	 -1845	 
 63	 72	 1920	 77	 0	 -1843	 
 63	 72	 1920	 74	 0	 -1846	 
 63	 72	 1920	 73	 0	 -1847	 
 63	 72	 1920	 77	 0	 -1843	 
 63	 72	 1920	 77	 0	 -1843	 
 63	 72	 1920	 73	 0	 -1847	 
 63	 72	 1920	 73	 0	 -1847	 
 63	 72	 1920	 74	 0	 -1846	 
 63	 72	 1920	 74	 0	 -1846	 
 63	 72	 1920	 75	 0	 -1845	 
 63	 72	 1920	 75	 0	 -1845	 
 63	 72	 1920	 77	 0	 -1843	 
 63	 72	 1920	 76	 0	 -1844	 
 63	 72	 1920	 77	 0	 -1843	 
 63	 72	 1920	 74	 0	 -1846	 
 63	 72	 1920	 75	 0	 -1845	 
 63	 72	 1920	 73	 0	 -1847	 
 63	 72	 1920	 73	 0	 -1847	 
 63	 72	 1920	 74	 0	 -1846	 
 63	 72	 1920	 74	 0	 -1846	 
 63	 72	 1920	 74	 0	 -1846	 
 63	 72	 1920	 75	 0	 -1845	 
 63	 72	 1920	 77	 0	 -1843	 
 63	 72	 1920	 74	 0	 -1846	 
 63	 72	 1920	 77	 0	 -1843	 
 63	 72	 1920	 76	 0	 -1844	 
 63	 72	 1920	 74	 0	 -1846	 
 63	 72	 1920	 75	 0	 -1845	 
 63	 72	 1920	 75	 0	 -1845	 
 63	 72	 1920	 73	 0	 -1847	 
 63	 72	 1920	 75	 0	 -1845	 
 63	 72	 1920	 77	 0	 -1843	 
 63	 72	 1920	 73	 0	 -1847	 
 63	 72	 1920	 74	 0	 -1846	 
 63	 72	 1920	 74	 0	 -1846	 
 63	 72	 1920	 76	 0	 -1844	 
 63	 72	 1920	 75	 0	 -1845	 
 63	 72	 1920	 75	 0	 -1845	 
 63	 72	 1920	 73	 0	 -1847	 
 63	 72	 1920	 76	 0	 -1844	 
 63	 72	 1920	 75	 0	 -1845	 
 63	 72	 1920	 76	 0	 -1844	 
 63	 72	 1920	 73	 0	 -1847	 
 63	 72	 1920	 75	 0	 -1845	 
 63	 72	 1920	 73	 0	 -1847	 
 63	 72	 1920	 76	 0	 -1844	 
 63	 72	 1920	 76	 0	 -1844	 
 63	 72	 1920	 74	 0	 -1846	 
 63	 72	 1920	 75	 0	 -1845	 
 63	 72	 1920	 75	 0	 -1845	 
 63	 72	 1920	 74	 0	 -1846	 
 63	 72	 1920	 74	 0	 -1846	 
 63	 72	 1920	 74	 0	 -1846	 
 63	 72	 1920	 77	 0	 -1843	 
 63	 72	 1920	 76	 0	 -1844	 
 63	 72	 1920	 74	 0	 -1846	 
 63	 72	 1920	 76	 0	 -1844	 
 63	 72	 1920	 74	 0	 -1846	 
 63	 72	 1920	 76	 0	 -1844	 
 63	 72	 1920	 73	 0	 -1847	 
 63	 72	 1920	 77	 0	 -1843	 
 63	 72	 1920	 75	 0	 -1845	 
 63	 72	 1920	 77	 0	 -1843	 
 63	 72	 1920	 76	 0	 -1844	 
 63	 72	 1920	 75	 0	 -1845	 
 63	 72	 1920	 74	 0	 -1846	 
 63	 72	 1920	 73	 0	 -1847	 
 63	 72	 1920	 73	 0	 -1847	 
 63	 72	 1920	 73	 0	 -1847	 
 63	 72	 1920	 73	 0	 -1847	 
 63	 72	 1920	 74	 0	 -1846	 
 63	 72	 1920	 76	 0	 -1844	 
 63	 72	 1920	 73	 0	 -1847	 
 0	 0	 0	 0	 0	 0	 
 0	 0	 0	 0	 0	 0	 
 85	 112	 1920	 122	 1	 -1798	 
 85	 112	 1920	 118	 1	 -1802	 
 85	 112	 1920	 116	 1	 -1804	 
 85	 112	 1920	 121	 1	 -1799	 
 85	 112	 1920	 118	 1	 -1802	 
 85	 112	 1920	 124	 1	 -1796	 
 85	 112	 1920	 120	 1	 -1800	 
 85	 112	 1920	 117	 1	 -1803	 
 85	 112	 1920	 113	 1	 -1807	 
 85	 112	 1920	 122	 1	 -1798	 
 85	 112	 1920	 119	 1	 -1801	 
 85	 112	 1920	 114	 1	 -1806	 
 85	 112	 1920	 122	 1	 -1798	 
 85	 112	 1920	 118	 1	 -1802	 
 85	 112	 1920	 124	 1	 -1796	 
 85	 112	 1920	 122	 1	 -1798	 
 85	 112	 1920	 121	 1	 -1799	 
 85	 112	 1920	 116	 1	 -1804	 
 85	 112	 1920	 118	 1	 -1802	 
 85	 112	 1920	 123	 1	 -1797	 
 85	 112	 1920	 119	 1	 -1801	 
 85	 112	 1920	 117	 1	 -1803	 
 85	 112	 1920	 115	 1	 -1805	 
 85	 112	 1920	 124	 1	 -1796	 
 85	 112	 1920	 125	 1	 -1795	 
 85	 112	 1920	 125	 1	 -1795	 
 85	 112	 1920	 120	 1	 -1800	 
 85	 112	 1920	 115	 1	 -1805	 
 85	 112	 1920	 122	 1	 -1798	 
 85	 112	 1920	 125	 1	 -1795	 
 85	 112	 1920	 117	 1	 -1803	 
 85	 112	 1920	 125	 1	 -1795	 
 85	 112	 1920	 116	 1	 -1804	 
 85	 112	 1920	 125	 1	 -1795	 
 85	 112	 1920	 118	 1	 -1802	 
 85	 112	 1920	 120	 1	 -1800	 
 85	 112	 1920	 123	 1	 -1797	 
 85	 112	 1920	 117	 1	 -1803	 
 85	 112	 1920	 126	 1	 -1794	 
 85	 112	 1920	 121	 1	 -1799	 
 85	 112	 1920	 114	 1	 -1806	 
 85	 112	 1920	 121	 1	 -1799	 
 85	 112	 1920	 118	 1	 -1802	 
 85	 112	 1920	 125	 1	 -1795	 
 85	 112	 1920	 126	 1	 -1794	 
 85	 112	 1920	 126	 1	 -1794	 
 85	 112	 1920	 124	 1	 -1796	 
 85	 112	 1920	 125	 1	 -1795	 
 85	 112	 1920	 126	 1	 -1794	 
 85	 112	 1920	 115	 1	 -1805	 
 85	 112	 1920	 122	 1	 -1798	 
 85	 112	 1920	 114	 1	 -1806	 
 85	 112	 1920	 118	 1	 -1802	 
 85	 112	 1920	 124	 1	 -1796	 
 85	 112	 1920	 119	 1	 -1801	 
 85	 112	 1920	 119	 1	 -1801	 
 85	 112	 1920	 115	 1	 -1805	 
 85	 112	 1920	 125	 1	 -1795	 
 85	 112	 1920	 125	 1	 -1795	 
 85	 112	 1920	 115	 1	 -1805	 
 85	 112	 1920	 113	 1	 -1807	 
 85	 112	 1920	 116	 1	 -1804	 
 85	 112	 1920	 115	 1	 -1805	 
 85	 112	 1920	 123	 1	 -1797	 
 85	 112	 1920	 123	 1	 -1797	 
 85	 112	 1920	 124	 1	 -1796	 
 85	 112	 1920	 122	 1	 -1798	 
 85	 112	 1920	 117	 1	 -1803	 
 85	 112	 1920	 120	 1	 -1800	 
 85	 112	 1920	 122	 1	 -1798	 
 85	 112	 1920	 115	 1	 -1805	 
 85	 112	 1920	 124	 1	 -1796	 
 85	 112	 1920	 113	 1	 -1807	 
 85	 112	 1920	 119	 1	 -1801	 
 85	 112	 1920	 118	 1	 -1802	 
 85	 112	 1920	 126	 1	 -1794	 
 85	 112	 1920	 114	 1	 -1806	 
 85	 112	 1920	 115	 1	 -1805	 
 85	 112	 1920	 121	 1	 -1799	 
 85	 112	 1920	 120	 1	 -1800	 
 85	 112	 1920	 119	 1	 -1801	 
 85	 112	 1920	 124	 1	 -1796	 
 85	 112	 1920	 113	 1	 -1807	 
 85	 112	 1920	 117	 1	 -1803	 
 85	 112	 1920	 114	 1	 -1806	 
 85	 112	 1920	 124	 1	 -1796	 
 85	 112	 1920	 118	 1	 -1802	 
 85	 112	 1920	 121	 1	 -1799	 
 85	 112	 1920	 118	 1	 -1802	 
 85	 112	 1920	 120	 1	 -1800	 
 85	 112	 1920	 120	 1	 -1800	 
 85	 112	 1920	 114	 1	 -1806	 
 85	 112	 1920	 116	 1	 -1804	 
 85	 112	 1920	 123	 1	 -1797	 
 85	 112	 1920	 126	 1	 -1794	 
 85	 112	 1920	 119	 1	 -1801	 
 85	 112	 1920	 116	 1	 -1804	 
 85	 112	 1920	 121	 1	 -1799	 
 85	 112	 1920	 120	 1	 -1800	 
 0	 0	 0	 0	 0	 0	 
 0	 0	 0	 0	 0	 0	 
 75	 118	 1920	 124	 0	 -1796	 
 75	 118	 1920	 135	 0	 -1785	 
 75	 118	 1920	 132	 0	 -1788	 
 75	 118	 1920	 132	 0	 -1788	 
 75	 118	 1920	 134	 0	 -1786	 
 75	 118	 1920	 129	 0	 -1791	 
 75	 118	 1920	 135	 0	 -1785	 
 75	 118	 1920	 128	 0	 -1792	 
 75	 118	 1920	 128	 0	 -1792	 
 75	 118	 1920	 130	 0	 -1790	 
 75	 118	 1920	 139	 0	 -1781	 
 75	 118	 1920	 137	 0	 -1783	 
 75	 118	 1920	 132	 0	 -1788	 
 75	 118	 1920	 125	 0	 -1795	 
 75	 118	 1920	 134	 0	 -1786	 
 75	 118	 1920	 121	 0	 -1799	 
 75	 118	 1920	 139	 0	 -1781	 
 75	 118	 1920	 128	 0	 -1792	 
 75	 118	 1920	 132	 0	 -1788	 
 75	 118	 1920	 120	 0	 -1800	 
 75	 118	 1920	 134	 0	 -1786	 
 75	 118	 1920	 125	 0	 -1795	 
 75	 118	 1920	 126	 0	 -1794	 
 75	 118	 1920	 135	 0	 -1785	 
 75	 118	 1920	 135	 0	 -1785	 
 75	 118	 1920	 124	 0	 -1796	 
 75	 118	 1920	 138	 0	 -1782	 
 75	 118	 1920	 130	 0	 -1790	 
 75	 118	 1920	 127	 0	 -1793	 
 75	 118	 1920	 126	 0	 -1794	 
 75	 118	 1920	 121	 0	 -1799	 
 75	 118	 1920	 134	 0	 -1786	 
 75	 118	 1920	 125	 0	 -1795	 
 75	 118	 1920	 121	 0	 -1799	 
 75	 118	 1920	 132	 0	 -1788	 
 75	 118	 1920	 136	 0	 -1784	 
 75	 118	 1920	 131	 0	 -1789	 
 75	 118	 1920	 132	 0	 -1788	 
 75	 118	 1920	 134	 0	 -1786	 
 75	 118	 1920	 124	 0	 -1796	 
 75	 118	 1920	 139	 0	 -1781	 
 75	 118	 1920	 140	 0	 -1780	 
 75	 118	 1920	 140	 0	 -1780	 
 75	 118	 1920	 122	 0	 -1798	 
 75	 118	 1920	 138	 0	 -1782	 
 75	 118	 1920	 122	 0	 -1798	 
 75	 118	 1920	 121	 0	 -1799	 
 75	 118	 1920	 122	 0	 -1798	 
 75	 118	 1920	 135	 0	 -1785	 
 75	 118	 1920	 127	 0	 -1793	 
 75	 118	 1920	 139	 0	 -1781	 
 75	 118	 1920	 128	 0	 -1792	 
 75	 118	 1920	 134	 0	 -1786	 
 75	 118	 1920	 122	 0	 -1798	 
 75	 118	 1920	 127	 0	 -1793	 
 75	 118	 1920	 134	 0	 -1786	 
 75	 118	 1920	 138	 0	 -1782	 
 75	 118	 1920	 133	 0	 -1787	 
 75	 118	 1920	 133	 0	 -1787	 
 75	 118	 1920	 121	 0	 -1799	 
 75	 118	 1920	 133	 0	 -1787	 
 75	 118	 1920	 121	 0	 -1799	 
 75	 118	 1920	 138	 0	 -1782	 
 75	 118	 1920	 129	 0	 -1791	 
 75	 118	 1920	 138	 0	 -1782	 
 75	 118	 1920	 134	 0	 -1786	 
 75	 118	 1920	 124	 0	 -1796	 
 75	 118	 1920	 128	 0	 -1792	 
 75	 118	 1920	 128	 0	 -1792	 
 75	 118	 1920	 128	 0	 -1792	 
 75	 118	 1920	 135	 0	 -1785	 
 75	 118	 1920	 131	 0	 -1789	 
 75	 118	 1920	 124	 0	 -1796	 
 75	 118	 1920	 123	 0	 -1797	 
 75	 118	 1920	 125	 0	 -1795	 
 75	 118	 1920	 140	 0	 -1780	 
 75	 118	 1920	 120	 0	 -1800	 
 75	 118	 1920	 134	 0	 -1786	 
 75	 118	 1920	 136	 0	 -1784	 
 75	 118	 1920	 124	 0	 -1796	 
 75	 118	 1920	 124	 0	 -1796	 
 75	 118	 1920	 124	 0	 -1796	 
 75	 118	 1920	 132	 0	 -1788	 
 75	 118	 1920	 119	 0	 -1801	 
 75	 118	 1920	 134	 0	 -1786	 
 75	 118	 1920	 131	 0	 -1789	 
 75	 118	 1920	 130	 0	 -1790	 
 75	 118	 1920	 125	 0	 -1795	 
 75	 118	 1920	 139	 0	 -1781	 
 75	 118	 1920	 125	 0	 -1795	 
 75	 118	 1920	 126	 0	 -1794	 
 75	 118	 1920	 138	 0	 -1782	 
 75	 118	 1920	 129	 0	 -1791	 
 75	 118	 1920	 139	 0	 -1781	 
 75	 118	 1920	 133	 0	 -1787	 
 75	 118	 1920	 126	 0	 -1794	 
 75	 118	 1920	 132	 0	 -1788	 
 75	 118	 1920	 129	 0	 -1791	 
 75	 118	 1920	 122	 0	 -1798	 
 0	 0	 0	 0	 0	 0	 
 0	 0	 0	 0	 0	 0	 
 85	 112	 1920	 117	 1	 -1803	 
 85	 112	 1920	 125	 1	 -1795	 
 85	 112	 1920	 121	 1	 -1799	 
 85	 112	 1920	 126	 1	 -1794	 
 85	 112	 1920	 126	 1	 -1794	 
 85	 112	 1920	 118	 1	 -1802	 
 85	 112	 1920	 120	 1	 -1800	 
 85	 112	 1920	 123	 1	 -1797	 
 85	 112	 1920	 113	 1	 -1807	 
 85	 112	 1920	 113	 1	 -1807	 
 85	 112	 1920	 126	 1	 -1794	 
 85	 112	 1920	 126	 1	 -1794	 
 85	 112	 1920	 116	 1	 -1804	 
 85	 112	 1920	 116	 1	 -1804	 
 85	 112	 1920	 113	 1	 -1807	 
 85	 112	 1920	 115	 1	 -1805	 
 85	 112	 1920	 119	 1	 -1801	 
 85	 112	 1920	 113	 1	 -1807	 
 85	 112	 1920	 122	 1	 -1798	 
 85	 112	 1920	 125	 1	 -1795	 
 85	 112	 1920	 114	 1	 -1806	 
 85	 112	 1920	 116	 1	 -1804	 
 85	 112	 1920	 123	 1	 -1797	 
 85	 112	 1920	 115	 1	 -1805	 
 85	 112	 1920	 123	 1	 -1797	 
 85	 112	 1920	 117	 1	 -1803	 
 85	 112	 1920	 119	 1	 -1801	 
 85	 112	 1920	 113	 1	 -1807	 
 85	 112	 1920	 116	 1	 -1804	 
 85	 112	 1920	 126	 1	 -1794	 
 85	 112	 1920	 117	 1	 -1803	 
 85	 112	 1920	 125	 1	 -1795	 
 85	 112	 1920	 120	 1	 -1800	 
 85	 112	 1920	 115	 1	 -1805	 
 85	 112	 1920	 122	 1	 -1798	 
 85	 112	 1920	 121	 1	 -1799	 
 85	 112	 1920	 115	 1	 -1805	 
 85	 112	 1920	 120	 1	 -1800	 
 85	 112	 1920	 113	 1	 -1807	 
 85	 112	 1920	 116	 1	 -1804	 
 85	 112	 1920	 117	 1	 -1803	 
 85	 112	 1920	 118	 1	 -1802	 
 85	 112	 1920	 116	 1	 -1804	 
 85	 112	 1920	 116	 1	 -1804	 
 85	 112	 1920	 124	 1	 -1796	 
 85	 112	 1920	 114	 1	 -1806	 
 85	 112	 1920	 125	 1	 -1795	 
 85	 112	 1920	 120	 1	 -1800	 
 85	 112	 1920	 122	 1	 -1798	 
 85	 112	 1920	 117	 1	 -1803	 
 85	 112	 1920	 113	 1	 -1807	 
 85	 112	 1920	 117	 1	 -1803	 
 85	 112	 1920	 114	 1	 -1806	 
 85	 112	 1920	 120	 1	 -1800	 
 85	 112	 1920	 116	 1	 -1804	 
 85	 112	 1920	 126	 1	 -1794	 
 85	 112	 1920	 124	 1	 -1796	 
 85	 112	 1920	 116	 1	 -1804	 
 85	 112	 1920	 114	 1	 -1806	 
 85	 112	 1920	 123	 1	 -1797	 
 85	 112	 1920	 118	 1	 -1802	 
 85	 112	 1920	 122	 1	 -1798	 
 85	 112	 1920	 118	 1	 -1802	 
 85	 112	 1920	 125	 1	 -1795	 
 85	 112	 1920	 124	 1	 -1796	 
 85	 112	 1920	 115	 1	 -1805	 
 85	 112	 1920	 117	 1	 -1803	 
 85	 112	 1920	 119	 1	 -1801	 
 85	 112	 1920	 117	 1	 -1803	 
 85	 112	 1920	 119	 1	 -1801	 
 85	 112	 1920	 126	 1	 -1794	 
 85	 112	 1920	 126	 1	 -1794	 
 85	 112	 1920	 123	 1	 -1797	 
 85	 112	 1920	 113	 1	 -1807	 
 85	 112	 1920	 120	 1	 -1800	 
 85	 112	 1920	 114	 1	 -1806	 
 85	 112	 1920	 115	 1	 -1805	 
 85	 112	 1920	 115	 1	 -1805	 
 85	 112	 1920	 121	 1	 -1799	 
 85	 112	 1920	 124	 1	 -1796	 
 85	 112	 1920	 125	 1	 -1795	 
 85	 112	 1920	 118	 1	 -1802	 
 85	 112	 1920	 125	 1	 -1795	 
 85	 112	 1920	 123	 1	 -1797	 
 85	 112	 1920	 125	 1	 -1795	 
 85	 112	 1920	 113	 1	 -1807	 
 85	 112	 1920	 118	 1	 -1802	 
 85	 112	 1920	 120	 1	 -1800	 
 85	 112	 1920	 118	 1	 -1802	 
 85	 112	 1920	 121	 1	 -1799	 
 85	 112	 1920	 125	 1	 -1795	 
 85	 112	 1920	 124	 1	 -1796	 
 85	 112	 1920	 119	 1	 -1801	 
 85	 112	 1920	 114	 1	 -1806	 
 85	 112	 1920	 126	 1	 -1794	 
 85	 112	 1920	 126	 1	 -1794	 
 85	 112	 1920	 124	 1	 -1796	 
 85	 112	 1920	 121	 1	 -1799	 
 85	 112	 1920	 125	 1	 -1795	 
 0	 0	 0	 0	 0	 0	 
 0	 0	 0	 0	 0	 0	 
 89	 116	 1920	 124	 0	 -1796	 
 89	 116	 1920	 123	 0	 -1797	 
 89	 116	 1920	 130	 0	 -1790	 
 89	 116	 1920	 122	 0	 -1798	 
 89	 116	 1920	 128	 0	 -1792	 
 89	 116	 1920	 129	 0	 -1791	 
 89	 116	 1920	 130	 0	 -1790	 
 89	 116	 1920	 119	 0	 -1801	 
 89	 116	 1920	 118	 0	 -1802	 
 89	 116	 1920	 121	 0	 -1799	 
 89	 116	 1920	 118	 0	 -1802	 
 89	 116	 1920	 117	 0	 -1803	 
 89	 116	 1920	 124	 0	 -1796	 
 89	 116	 1920	 130	 0	 -1790	 
 89	 116	 1920	 119	 0	 -1801	 
 89	 116	 1920	 127	 0	 -1793	 
 89	 116	 1920	 117	 0	 -1803	 
 89	 116	 1920	 121	 0	 -1799	 
 89	 116	 1920	 130	 0	 -1790	 
 89	 116	 1920	 122	 0	 -1798	 
 89	 116	 1920	 118	 0	 -1802	 
 89	 116	 1920	 125	 0	 -1795	 
 89	 116	 1920	 120	 0	 -1800	 
 89	 116	 1920	 127	 0	 -1793	 
 89	 116	 1920	 117	 0	 -1803	 
 89	 116	 1920	 118	 0	 -1802	 
 89	 116	 1920	 118	 0	 -1802	 
 89	 116	 1920	 122	 0	 -1798	 
 89	 116	 1920	 123	 0	 -1797	 
 89	 116	 1920	 117	 0	 -1803	 
 89	 116	 1920	 121	 0	 -1799	 
 89	 116	 1920	 128	 0	 -1792	 
 89	 116	 1920	 121	 0	 -1799	 
 89	 116	 1920	 123	 0	 -1797	 
 89	 116	 1920	 121	 0	 -1799	 
 89	 116	 1920	 126	 0	 -1794	 
 89	 116	 1920	 126	 0	 -1794	 
 89	 116	 1920	 118	 0	 -1802	 
 89	 116	 1920	 123	 0	 -1797	 
 89	 116	 1920	 121	 0	 -1799	 
 89	 116	 1920	 124	 0	 -1796	 
 89	 116	 1920	 128	 0	 -1792	 
 89	 116	 1920	 123	 0	 -1797	 
 89	 116	 1920	 127	 0	 -1793	 
 89	 116	 1920	 121	 0	 -1799	 
 89	 116	 1920	 123	 0	 -1797	 
 89	 116	 1920	 123	 0	 -1797	 
 89	 116	 1920	 119	 0	 -1801	 
 89	 116	 1920	 121	 0	 -1799	 
 89	 116	 1920	 129	 0	 -1791	 
 89	 116	 1920	 124	 0	 -1796	 
 89	 116	 1920	 120	 0	 -1800	 
 89	 116	 1920	 124	 0	 -1796	 
 89	 116	 1920	 118	 0	 -1802	 
 89	 116	 1920	 122	 0	 -1798	 
 89	 116	 1920	 127	 0	 -1793	 
 89	 116	 1920	 122	 0	 -1798	 
 89	 116	 1920	 128	 0	 -1792	 
 89	 116	 1920	 119	 0	 -1801	 
 89	 116	 1920	 129	 0	 -1791	 
 89	 116	 1920	 120	 0	 -1800	 
 89	 116	 1920	 125	 0	 -1795	 
 89	 116	 1920	 117	 0	 -1803	 
 89	 116	 1920	 120	 0	 -1800	 
 89	 116	 1920	 126	 0	 -1794	 
 89	 116	 1920	 128	 0	 -1792	 
 89	 116	 1920	 124	 0	 -1796	 
 89	 116	 1920	 122	 0	 -1798	 
 89	 116	 1920	 117	 0	 -1803	 
 89	 116	 1920	 129	 0	 -1791	 
 89	 116	 1920	 128	 0	 -1792	 
 89	 116	 1920	 127	 0	 -1793	 
 89	 116	 1920	 121	 0	 -1799	 
 89	 116	 1920	 118	 0	 -1802	 
 89	 116	 1920	 124	 0	 -1796	 
 89	 116	 1920	 129	 0	 -1791	 
 89	 116	 1920	 119	 0	 -1801	 
 89	 116	 1920	 118	 0	 -1802	 
 89	 116	 1920	 118	 0	 -1802	 
 89	 116	 1920	 128	 0	 -1792	 
 89	 116	 1920	 117	 0	 -1803	 
 89	 116	 1920	 123	 0	 -1797	 
 89	 116	 1920	 123	 0	 -1797	 
 89	 116	 1920	 122	 0	 -1798	 
 89	 116	 1920	 118	 0	 -1802	 
 89	 116	 1920	 129	 0	 -1791	 
 89	 116	 1920	 122	 0	 -1798	 
 89	 116	 1920	 126	 0	 -1794	 
 89	 116	 1920	 128	 0	 -1792	 
 89	 116	 1920	 123	 0	 -1797	 
 89	 116	 1920	 120	 0	 -1800	 
 89	 116	 1920	 128	 0	 -1792	 
 89	 116	 1920	 120	 0	 -1800	 
 89	 116	 1920	 128	 0	 -1792	 
 89	 116	 1920	 123	 0	 -1797	 
 89	 116	 1920	 125	 0	 -1795	 
 89	 116	 1920	 118	 0	 -1802	 
 89	 116	 1920	 123	 0	 -1797	 
 89	 116	 1920	 118	 0	 -1802	 
 0	 0	 0	 0	 0	 0	 
 0	 0	 0	 0	 0	 0	 
 85	 112	 1920	 117	 1	 -1803	 
 85	 112	 1920	 124	 1	 -1796	 
 85	 112	 1920	 116	 1	 -1804	 
 85	 112	 1920	 118	 1	 -1802	 
 85	 112	 1920	 122	 1	 -1798	 
 85	 112	 1920	 125	 1	 -1795	 
 85	 112	 1920	 120	 1	 -1800	 
 85	 112	 1920	 126	 1	 -1794	 
 85	 112	 1920	 115	 1	 -1805	 
 85	 112	 1920	 120	 1	 -1800	 
 85	 112	 1920	 121	 1	 -1799	 
 85	 112	 1920	 120	 1	 -1800	 
 85	 112	 1920	 115	 1	 -1805	 
 85	 112	 1920	 124	 1	 -1796	 
 85	 112	 1920	 120	 1	 -1800	 
 85	 112	 1920	 124	 1	 -1796	 
 85	 112	 1920	 125	 1	 -1795	 
 85	 112	 1920	 126	 1	 -1794	 
 85	 112	 1920	 125	 1	 -1795	 
 85	 112	 1920	 116	 1	 -1804	 
 85	 112	 1920	 115	 1	 -1805	 
 85	 112	 1920	 120	 1	 -1800	 
 85	 112	 1920	 119	 1	 -1801	 
 85	 112	 1920	 117	 1	 -1803	 
 85	 112	 1920	 118	 1	 -1802	 
 85	 112	 1920	 113	 1	 -1807	 
 85	 112	 1920	 118	 1	 -1802	 
 85	 112	 1920	 116	 1	 -1804	 
 85	 112	 1920	 125	 1	 -1795	 
 85	 112	 1920	 115	 1	 -1805	 
 85	 112	 1920	 114	 1	 -1806	 
 85	 112	 1920	 121	 1	 -1799	 
 85	 112	 1920	 117	 1	 -1803	 
 85	 112	 1920	 118	 1	 -1802	 
 85	 112	 1920	 123	 1	 -1797	 
 85	 112	 1920	 119	 1	 -1801	 
 85	 112	 1920	 114	 1	 -1806	 
 85	 112	 1920	 119	 1	 -1801	 
 85	 112	 1920	 120	 1	 -1800	 
 85	 112	 1920	 118	 1	 -1802	 
 85	 112	 1920	 113	 1	 -1807	 
 85	 112	 1920	 119	 1	 -1801	 
 85	 112	 1920	 118	 1	 -1802	 
 85	 112	 1920	 120	 1	 -1800	 
 85	 112	 1920	 114	 1	 -1806	 
 85	 112	 1920	 124	 1	 -1796	 
 85	 112	 1920	 117	 1	 -1803	 
 85	 112	 1920	 123	 1	 -1797	 
 85	 112	 1920	 123	 1	 -1797	 
 85	 112	 1920	 120	 1	 -1800	 
 85	 112	 1920	 126	 1	 -1794	 
 85	 112	 1920	 118	 1	 -1802	 
 85	 112	 1920	 114	 1	 -1806	 
 85	 112	 1920	 116	 1	 -1804	 
 85	 112	 1920	 117	 1	 -1803	 
 85	 112	 1920	 117	 1	 -1803	 
 85	 112	 1920	 124	 1	 -1796	 
 85	 112	 1920	 113	 1	 -1807	 
 85	 112	 1920	 122	 1	 -1798	 
 85	 112	 1920	 125	 1	 -1795	 
 85	 112	 1920	 115	 1	 -1805	 
 85	 112	 1920	 122	 1	 -1798	 
 85	 112	 1920	 124	 1	 -1796	 
 85	 112	 1920	 116	 1	 -1804	 
 85	 112	 1920	 124	 1	 -1796	 
 85	 112	 1920	 124	 1	 -1796	 
 85	 112	 1920	 119	 1	 -1801	 
 85	 112	 1920	 114	 1	 -1806	 
 85	 112	 1920	 118	 1	 -1802	 
 85	 112	 1920	 119	 1	 -1801	 
 85	 112	 1920	 114	 1	 -1806	 
 85	 112	 1920	 116	 1	 -1804	 
 85	 112	 1920	 118	 1	 -1802	 
 85	 112	 1920	 115	 1	 -1805	 
 85	 112	 1920	 125	 1	 -1795	 
 85	 112	 1920	 126	 1	 -1794	 
 85	 112	 1920	 126	 1	 -1794	 
 85	 112	 1920	 115	 1	 -1805	 
 85	 112	 1920	 123	 1	 -1797	 
 85	 112	 1920	 118	 1	 -1802	 
 85	 112	 1920	 126	 1	 -1794	 
 85	 112	 1920	 120	 1	 -1800	 
 85	 112	 1920	 120	 1	 -1800	 
 85	 112	 1920	 118	 1	 -1802	 
 85	 112	 1920	 114	 1	 -1806	 
 85	 112	 1920	 121	 1	 -1799	 
 85	 112	 1920	 122	 1	 -1798	 
 85	 112	 1920	 124	 1	 -1796	 
 85	 112	 1920	 119	 1	 -1801	 
 85	 112	 1920	 114	 1	 -1806	 
 85	 112	 1920	 126	 1	 -1794	 
 85	 112	 1920	 120	 1	 -1800	 
 85	 112	 1920	 118	 1	 -1802	 
 85	 112	 1920	 126	 1	 -1794	 
 85	 112	 1920	 126	 1	 -1794	 
 85	 112	 1920	 126	 1	 -1794	 
 85	 112	 1920	 125	 1	 -1795	 
 85	 112	 1920	 115	 1	 -1805	 
 85	 112	 1920	 115	 1	 -1805	 
 0	 0	 0	 0	 0	 0	 
 0	 0	 0	 0	 0	 0	 
 75	 118	 1920	 131	 0	 -1789	 
 75	 118	 1920	 136	 0	 -1784	 
 75	 118	 1920	 133	 0	 -1787	 
 75	 118	 1920	 133	 0	 -1787	 
 75	 118	 1920	 121	 0	 -1799	 
 75	 118	 1920	 121	 0	 -1799	 
 75	 118	 1920	 131	 0	 -1789	 
 75	 118	 1920	 121	 0	 -1799	 
 75	 118	 1920	 128	 0	 -1792	 
 75	 118	 1920	 135	 0	 -1785	 
 75	 118	 1920	 134	 0	 -1786	 
 75	 118	 1920	 123	 0	 -1797	 
 75	 118	 1920	 140	 0	 -1780	 
 75	 118	 1920	 129	 0	 -1791	 
 75	 118	 1920	 123	 0	 -1797	 
 75	 118	 1920	 131	 0	 -1789	 
 75	 118	 1920	 138	 0	 -1782	 
 75	 118	 1920	 127	 0	 -1793	 
 75	 118	 1920	 128	 0	 -1792	 
 75	 118	 1920	 127	 0	 -1793	 
 75	 118	 1920	 136	 0	 -1784	 
 75	 118	 1920	 123	 0	 -1797	 
 75	 118	 1920	 136	 0	 -1784	 
 75	 118	 1920	 138	 0	 -1782	 
 75	 118	 1920	 140	 0	 -1780	 
 75	 118	 1920	 125	 0	 -1795	 
 75	 118	 1920	 121	 0	 -1799	 
 75	 118	 1920	 124	 0	 -1796	 
 75	 118	 1920	 130	 0	 -1790	 
 75	 118	 1920	 122	 0	 -1798	 
 75	 118	 1920	 132	 0	 -1788	 
 75	 118	 1920	 124	 0	 -1796	 
 75	 118	 1920	 123	 0	 -1797	 
 75	 118	 1920	 126	 0	 -1794	 
 75	 118	 1920	 120	 0	 -1800	 
 75	 118	 1920	 140	 0	 -1780	 
 75	 118	 1920	 121	 0	 -1799	 
 75	 118	 1920	 136	 0	 -1784	 
 75	 118	 1920	 137	 0	 -1783	 
 75	 118	 1920	 134	 0	 -1786	 
 75	 118	 1920	 131	 0	 -1789	 
 75	 118	 1920	 126	 0	 -1794	 
 75	 118	 1920	 127	 0	 -1793	 
 75	 118	 1920	 131	 0	 -1789	 
 75	 118	 1920	 130	 0	 -1790	 
 75	 118	 1920	 139	 0	 -1781	 
 75	 118	 1920	 123	 0	 -1797	 
 75	 118	 1920	 124	 0	 -1796	 
 75	 118	 1920	 129	 0	 -1791	 
 75	 118	 1920	 126	 0	 -1794	 
 75	 118	 1920	 132	 0	 -1788	 
 75	 118	 1920	 134	 0	 -1786	 
 75	 118	 1920	 129	 0	 -1791	 
 75	 118	 1920	 137	 0	 -1783	 
 75	 118	 1920	 139	 0	 -1781	 
 75	 118	 1920	 127	 0	 -1793	 
 75	 118	 1920	 133	 0	 -1787	 
 75	 118	 1920	 119	 0	 -1801	 
 75	 118	 1920	 134	 0	 -1786	 
 75	 118	 1920	 123	 0	 -1797	 
 75	 118	 1920	 139	 0	 -1781	 
 75	 118	 1920	 137	 0	 -1783	 
 75	 118	 1920	 124	 0	 -1796	 
 75	 118	 1920	 139	 0	 -1781	 
 75	 118	 1920	 128	 0	 -1792	 
 75	 118	 1920	 132	 0	 -1788	 
 75	 118	 1920	 126	 0	 -1794	 
 75	 118	 1920	 127	 0	 -1793	 
 75	 118	 1920	 124	 0	 -1796	 
 75	 118	 1920	 128	 0	 -1792	 
 75	 118	 1920	 125	 0	 -1795	 
 75	 118	 1920	 137	 0	 -1783	 
 75	 118	 1920	 138	 0	 -1782	 
 75	 118	 1920	 139	 0	 -1781	 
 75	 118	 1920	 133	 0	 -1787	 
 75	 118	 1920	 139	 0	 -1781	 
 75	 118	 1920	 121	 0	 -1799	 
 75	 118	 1920	 123	 0	 -1797	 
 75	 118	 1920	 125	 0	 -1795	 
 75	 118	 1920	 134	 0	 -1786	 
 75	 118	 1920	 136	 0	 -1784	 
 75	 118	 1920	 132	 0	 -1788	 
 75	 118	 1920	 134	 0	 -1786	 
 75	 118	 1920	 122	 0	 -1798	 
 75	 118	 1920	 121	 0	 -1799	 
 75	 118	 1920	 125	 0	 -1795	 
 75	 118	 1920	 128	 0	 -1792	 
 75	 118	 1920	 128	 0	 -1792	 
 75	 118	 1920	 132	 0	 -1788	 
 75	 118	 1920	 129	 0	 -1791	 
 75	 118	 1920	 129	 0	 -1791	 
 75	 118	 1920	 121	 0	 -1799	 
 75	 118	 1920	 127	 0	 -1793	 
 75	 118	 1920	 124	 0	 -1796	 
 75	 118	 1920	 136	 0	 -1784	 
 75	 118	 1920	 140	 0	 -1780	 
 75	 118	 1920	 134	 0	 -1786	 
 75	 118	 1920	 134	 0	 -1786	 
 75	 118	 1920	 128	 0	 -1792	 
 0	 0	 0	 0	 0	 0	 
 0	 0	 0	 0	 0	 0	 
 85	 112	 1920	 119	 1	 -1801	 
 85	 112	 1920	 114	 1	 -1806	 
 85	 112	 1920	 125	 1	 -1795	 
 85	 112	 1920	 117	 1	 -1803	 
 85	 112	 1920	 118	 1	 -1802	 
 85	 112	 1920	 114	 1	 -1806	 
 85	 112	 1920	 119	 1	 -1801	 
 85	 112	 1920	 118	 1	 -1802	 
 85	 112	 1920	 119	 1	 -1801	 
 85	 112	 1920	 125	 1	 -1795	 
 85	 112	 1920	 123	 1	 -1797	 
 85	 112	 1920	 122	 1	 -1798	 
 85	 112	 1920	 116	 1	 -1804	 
 85	 112	 1920	 121	 1	 -1799	 
 85	 112	 1920	 121	 1	 -1799	 
 85	 112	 1920	 118	 1	 -1802	 
 85	 112	 1920	 121	 1	 -1799	 
 85	 112	 1920	 113	 1	 -1807	 
 85	 112	 1920	 123	 1	 -1797	 
 85	 112	 1920	 123	 1	 -1797	 
 85	 112	 1920	 125	 1	 -1795	 
 85	 112	 1920	 113	 1	 -1807	 
 85	 112	 1920	 116	 1	 -1804	 
 85	 112	 1920	 124	 1	 -1796	 
 85	 112	 1920	 125	 1	 -1795	 
 85	 112	 1920	 120	 1	 -1800	 
 85	 112	 1920	 125	 1	 -1795	 
 85	 112	 1920	 125	 1	 -1795	 
 85	 112	 1920	 121	 1	 -1799	 
 85	 112	 1920	 114	 1	 -1806	 
 85	 112	 1920	 122	 1	 -1798	 
 85	 112	 1920	 113	 1	 -1807	 
 85	 112	 1920	 117	 1	 -1803	 
 85	 112	 1920	 121	 1	 -1799	 
 85	 112	 1920	 119	 1	 -1801	 
 85	 112	 1920	 117	 1	 -1803	 
 85	 112	 1920	 119	 1	 -1801	 
 85	 112	 1920	 118	 1	 -1802	 
 85	 112	 1920	 117	 1	 -1803	 
 85	 112	 1920	 121	 1	 -1799	 
 85	 112	 1920	 121	 1	 -1799	 
 85	 112	 1920	 117	 1	 -1803	 
 85	 112	 1920	 120	 1	 -1800	 
 85	 112	 1920	 121	 1	 -1799	 
 85	 112	 1920	 126	 1	 -1794	 
 85	 112	 1920	 123	 1	 -1797	 
 85	 112	 1920	 119	 1	 -1801	 
 85	 112	 1920	 120	 1	 -1800	 
 85	 112	 1920	 125	 1	 -1795	 
 85	 112	 1920	 121	 1	 -1799	 
 85	 112	 1920	 126	 1	 -1794	 
 85	 112	 1920	 125	 1	 -1795	 
 85	 112	 1920	 114	 1	 -1806	 
 85	 112	 1920	 120	 1	 -1800	 
 85	 112	 1920	 122	 1	 -1798	 
 85	 112	 1920	 126	 1	 -1794	 
 85	 112	 1920	 121	 1	 -1799	 
 85	 112	 1920	 125	 1	 -1795	 
 85	 112	 1920	 125	 1	 -1795	 
 85	 112	 1920	 125	 1	 -1795	 
 85	 112	 1920	 122	 1	 -1798	 
 85	 112	 1920	 116	 1	 -1804	 
 85	 112	 1920	 114	 1	 -1806	 
 85	 112	 1920	 114	 1	 -1806	 
 85	 112	 1920	 124	 1	 -1796	 
 85	 112	 1920	 126	 1	 -1794	 
 85	 112	 1920	 115	 1	 -1805	 
 85	 112	 1920	 115	 1	 -1805	 
 85	 112	 1920	 117	 1	 -1803	 
 85	 112	 1920	 113	 1	 -1807	 
 85	 112	 1920	 116	 1	 -1804	 
 85	 112	 1920	 122	 1	 -1798	 
 85	 112	 1920	 125	 1	 -1795	 
 85	 112	 1920	 114	 1	 -1806	 
 85	 112	 1920	 119	 1	 -1801	 
 85	 112	 1920	 126	 1	 -1794	 
 85	 112	 1920	 115	 1	 -1805	 
 85	 112	 1920	 122	 1	 -1798	 
 85	 112	 1920	 118	 1	 -1802	 
 85	 112	 1920	 122	 1	 -1798	 
 85	 112	 1920	 113	 1	 -1807	 
 85	 112	 1920	 118	 1	 -1802	 
 85	 112	 1920	 119	 1	 -1801	 
 85	 112	 1920	 125	 1	 -1795	 
 85	 112	 1920	 114	 1	 -1806	 
 85	 112	 1920	 121	 1	 -1799	 
 85	 112	 1920	 124	 1	 -1796	 
 85	 112	 1920	 126	 1	 -1794	 
 85	 112	 1920	 126	 1	 -1794	 
 85	 112	 1920	 114	 1	 -1806	 
 85	 112	 1920	 125	 1	 -1795	 
 85	 112	 1920	 119	 1	 -1801	 
 85	 112	 1920	 117	 1	 -1803	 
 85	 112	 1920	 126	 1	 -1794	 
 85	 112	 1920	 120	 1	 -1800	 
 85	 112	 1920	 117	 1	 -1803	 
 85	 112	 1920	 123	 1	 -1797	 
 85	 112	 1920	 120	 1	 -1800	 
 85	 112	 1920	 117	 1	 -1803	 
 0	 0	 0	 0	 0	 0	 
 0	 0	 0	 0	 0	 0	 
 85	 112	 1920	 121	 1	 -1799	 
 85	 112	 1920	 124	 1	 -1796	 
 85	 112	 1920	 121	 1	 -1799	 
 85	 112	 1920	 121	 1	 -1799	 
 85	 112	 1920	 123	 1	 -1797	 
 85	 112	 1920	 113	 1	 -1807	 
 85	 112	 1920	 119	 1	 -1801	 
 85	 112	 1920	 115	 1	 -1805	 
 85	 112	 1920	 123	 1	 -1797	 
 85	 112	 1920	 116	 1	 -1804	 
 85	 112	 1920	 115	 1	 -1805	 
 85	 112	 1920	 116	 1	 -1804	 
 85	 112	 1920	 122	 1	 -1798	 
 85	 112	 1920	 123	 1	 -1797	 
 85	 112	 1920	 120	 1	 -1800	 
 85	 112	 1920	 122	 1	 -1798	 
 85	 112	 1920	 114	 1	 -1806	 
 85	 112	 1920	 125	 1	 -1795	 
 85	 112	 1920	 122	 1	 -1798	 
 85	 112	 1920	 120	 1	 -1800	 
 85	 112	 1920	 122	 1	 -1798	 
 85	 112	 1920	 123	 1	 -1797	 
 85	 112	 1920	 123	 1	 -1797	 
 85	 112	 1920	 124	 1	 -1796	 
 85	 112	 1920	 121	 1	 -1799	 
 85	 112	 1920	 125	 1	 -1795	 
 85	 112	 1920	 119	 1	 -1801	 
 85	 112	 1920	 120	 1	 -1800	 
 85	 112	 1920	 121	 1	 -1799	 
 85	 112	 1920	 125	 1	 -1795	 
 85	 112	 1920	 117	 1	 -1803	 
 85	 112	 1920	 125	 1	 -1795	 
 85	 112	 1920	 121	 1	 -1799	 
 85	 112	 1920	 113	 1	 -1807	 
 85	 112	 1920	 120	 1	 -1800	 
 85	 112	 1920	 123	 1	 -1797	 
 85	 112	 1920	 121	 1	 -1799	 
 85	 112	 1920	 118	 1	 -1802	 
 85	 112	 1920	 125	 1	 -1795	 
 85	 112	 1920	 123	 1	 -1797	 
 85	 112	 1920	 124	 1	 -1796	 
 85	 112	 1920	 122	 1	 -1798	 
 85	 112	 1920	 114	 1	 -1806	 
 85	 112	 1920	 123	 1	 -1797	 
 85	 112	 1920	 119	 1	 -1801	 
 85	 112	 1920	 117	 1	 -1803	 
 85	 112	 1920	 121	 1	 -1799	 
 85	 112	 1920	 119	 1	 -1801	 
 85	 112	 1920	 123	 1	 -1797	 
 85	 112	 1920	 119	 1	 -1801	 
 85	 112	 1920	 113	 1	 -1807	 
 85	 112	 1920	 122	 1	 -1798	 
 85	 112	 1920	 123	 1	 -1797	 
 85	 112	 1920	 119	 1	 -1801	 
 85	 112	 1920	 120	 1	 -1800	 
 85	 112	 1920	 122	 1	 -1798	 
 85	 112	 1920	 125	 1	 -1795	 
 85	 112	 1920	 120	 1	 -1800	 
 85	 112	 1920	 126	 1	 -1794	 
 85	 112	 1920	 122	 1	 -1798	 
 85	 112	 1920	 119	 1	 -1801	 
 85	 112	 1920	 114	 1	 -1806	 
 85	 112	 1920	 115	 1	 -1805	 
 85	 112	 1920	 125	 1	 -1795	 
 85	 112	 1920	 122	 1	 -1798	 
 85	 112	 1920	 120	 1	 -1800	 
 85	 112	 1920	 114	 1	 -1806	 
 85	 112	 1920	 126	 1	 -1794	 
 85	 112	 1920	 114	 1	 -1806	 
 85	 112	 1920	 124	 1	 -1796	 
 85	 112	 1920	 116	 1	 -1804	 
 85	 112	 1920	 116	 1	 -1804	 
 85	 112	 1920	 126	 1	 -1794	 
 85	 112	 1920	 121	 1	 -1799	 
 85	 112	 1920	 124	 1	 -1796	 
 85	 112	 1920	 113	 1	 -1807	 
 85	 112	 1920	 120	 1	 -1800	 
 85	 112	 1920	 114	 1	 -1806	 
 85	 112	 1920	 119	 1	 -1801	 
 85	 112	 1920	 120	 1	 -1800	 
 85	 112	 1920	 114	 1	 -1806	 
 85	 112	 1920	 122	 1	 -1798	 
 85	 112	 1920	 124	 1	 -1796	 
 85	 112	 1920	 113	 1	 -1807	 
 85	 112	 1920	 113	 1	 -1807	 
 85	 112	 1920	 126	 1	 -1794	 
 85	 112	 1920	 126	 1	 -1794	 
 85	 112	 1920	 123	 1	 -1797	 
 85	 112	 1920	 113	 1	 -1807	 
 85	 112	 1920	 119	 1	 -1801	 
 85	 112	 1920	 125	 1	 -1795	 
 85	 112	 1920	 123	 1	 -1797	 
 85	 112	 1920	 113	 1	 -1807	 
 85	 112	 1920	 123	 1	 -1797	 
 85	 112	 1920	 115	 1	 -1805	 
 85	 112	 1920	 118	 1	 -1802	 
 85	 112	 1920	 122	 1	 -1798	 
 85	 112	 1920	 117	 1	 -1803	 
 85	 112	 1920	 126	 1	 -1794	 
 0	 0	 0	 0	 0	 0	 
 0	 0	 0	 0	 0	 0	 
 85	 112	 1920	 124	 1	 -1796	 
 85	 112	 1920	 126	 1	 -1794	 
 85	 112	 1920	 117	 1	 -1803	 
 85	 112	 1920	 117	 1	 -1803	 
 85	 112	 1920	 123	 1	 -1797	 
 85	 112	 1920	 123	 1	 -1797	 
 85	 112	 1920	 115	 1	 -1805	 
 85	 112	 1920	 124	 1	 -1796	 
 85	 112	 1920	 117	 1	 -1803	 
 85	 112	 1920	 121	 1	 -1799	 
 85	 112	 1920	 114	 1	 -1806	 
 85	 112	 1920	 126	 1	 -1794	 
 85	 112	 1920	 122	 1	 -1798	 
 85	 112	 1920	 116	 1	 -1804	 
 85	 112	 1920	 125	 1	 -1795	 
 85	 112	 1920	 121	 1	 -1799	 
 85	 112	 1920	 119	 1	 -1801	 
 85	 112	 1920	 119	 1	 -1801	 
 85	 112	 1920	 113	 1	 -1807	 
 85	 112	 1920	 122	 1	 -1798	 
 85	 112	 1920	 122	 1	 -1798	 
 85	 112	 1920	 121	 1	 -1799	 
 85	 112	 1920	 123	 1	 -1797	 
 85	 112	 1920	 126	 1	 -1794	 
 85	 112	 1920	 122	 1	 -1798	 
 85	 112	 1920	 121	 1	 -1799	 
 85	 112	 1920	 120	 1	 -1800	 
 85	 112	 1920	 117	 1	 -1803	 
 85	 112	 1920	 124	 1	 -1796	 
 85	 112	 1920	 121	 1	 -1799	 
 85	 112	 1920	 114	 1	 -1806	 
 85	 112	 1920	 122	 1	 -1798	 
 85	 112	 1920	 117	 1	 -1803	 
 85	 112	 1920	 124	 1	 -1796	 
 85	 112	 1920	 123	 1	 -1797	 
 85	 112	 1920	 115	 1	 -1805	 
 85	 112	 1920	 116	 1	 -1804	 
 85	 112	 1920	 118	 1	 -1802	 
 85	 112	 1920	 113	 1	 -1807	 
 85	 112	 1920	 114	 1	 -1806	 
 85	 112	 1920	 122	 1	 -1798	 
 85	 112	 1920	 123	 1	 -1797	 
 85	 112	 1920	 116	 1	 -1804	 
 85	 112	 1920	 118	 1	 -1802	 
 85	 112	 1920	 117	 1	 -1803	 
 85	 112	 1920	 126	 1	 -1794	 
 85	 112	 1920	 125	 1	 -1795	 
 85	 112	 1920	 119	 1	 -1801	 
 85	 112	 1920	 116	 1	 -1804	 
 85	 112	 1920	 120	 1	 -1800	 
 85	 112	 1920	 126	 1	 -1794	 
 85	 112	 1920	 118	 1	 -1802	 
 85	 112	 1920	 123	 1	 -1797	 
 85	 112	 1920	 119	 1	 -1801	 
 85	 112	 1920	 124	 1	 -1796	 
 85	 112	 1920	 114	 1	 -1806	 
 85	 112	 1920	 124	 1	 -1796	 
 85	 112	 1920	 126	 1	 -1794	 
 85	 112	 1920	 126	 1	 -1794	 
 85	 112	 1920	 120	 1	 -1800	 
 85	 112	 1920	 120	 1	 -1800	 
 85	 112	 1920	 126	 1	 -1794	 
 85	 112	 1920	 119	 1	 -1801	 
 85	 112	 1920	 115	 1	 -1805	 
 85	 112	 1920	 118	 1	 -1802	 
 85	 112	 1920	 120	 1	 -1800	 
 85	 112	 1920	 121	 1	 -1799	 
 85	 112	 1920	 121	 1	 -1799	 
 85	 112	 1920	 120	 1	 -1800	 
 85	 112	 1920	 118	 1	 -1802	 
 85	 112	 1920	 116	 1	 -1804	 
 85	 112	 1920	 122	 1	 -1798	 
 85	 112	 1920	 120	 1	 -1800	 
 85	 112	 1920	 125	 1	 -1795	 
 85	 112	 1920	 119	 1	 -1801	 
 85	 112	 1920	 122	 1	 -1798	 
 85	 112	 1920	 122	 1	 -1798	 
 85	 112	 1920	 116	 1	 -1804	 
 85	 112	 1920	 116	 1	 -1804	 
 85	 112	 1920	 117	 1	 -1803	 
 85	 112	 1920	 120	 1	 -1800	 
 85	 112	 1920	 119	 1	 -1801	 
 85	 112	 1920	 115	 1	 -1805	 
 85	 112	 1920	 114	 1	 -1806	 
 85	 112	 1920	 120	 1	 -1800	 
 85	 112	 1920	 124	 1	 -1796	 
 85	 112	 1920	 115	 1	 -1805	 
 85	 112	 1920	 123	 1	 -1797	 
 85	 112	 1920	 117	 1	 -1803	 
 85	 112	 1920	 119	 1	 -1801	 
 85	 112	 1920	 123	 1	 -1797	 
 85	 112	 1920	 113	 1	 -1807	 
 85	 112	 1920	 120	 1	 -1800	 
 85	 112	 1920	 124	 1	 -1796	 
 85	 112	 1920	 124	 1	 -1796	 
 85	 112	 1920	 120	 1	 -1800	 
 85	 112	 1920	 120	 1	 -1800	 
 85	 112	 1920	 124	 1	 -1796	 
 85	 112	 1920	 113	 1	 -1807	 
 0	 0	 0	 0	 0	 0	 
 0	 0	 0	 0	 0	 0	 
 65	 80	 1920	 86	 0	 -1834	 
 65	 80	 1920	 85	 0	 -1835	 
 65	 80	 1920	 82	 0	 -1838	 
 65	 80	 1920	 84	 0	 -1836	 
 65	 80	 1920	 87	 0	 -1833	 
 65	 80	 1920	 84	 0	 -1836	 
 65	 80	 1920	 84	 0	 -1836	 
 65	 80	 1920	 84	 0	 -1836	 
 65	 80	 1920	 82	 0	 -1838	 
 65	 80	 1920	 86	 0	 -1834	 
 65	 80	 1920	 87	 0	 -1833	 
 65	 80	 1920	 87	 0	 -1833	 
 65	 80	 1920	 83	 0	 -1837	 
 65	 80	 1920	 81	 0	 -1839	 
 65	 80	 1920	 85	 0	 -1835	 
 65	 80	 1920	 88	 0	 -1832	 
 65	 80	 1920	 82	 0	 -1838	 
 65	 80	 1920	 83	 0	 -1837	 
 65	 80	 1920	 88	 0	 -1832	 
 65	 80	 1920	 83	 0	 -1837	 
 65	 80	 1920	 86	 0	 -1834	 
 65	 80	 1920	 85	 0	 -1835	 
 65	 80	 1920	 81	 0	 -1839	 
 65	 80	 1920	 84	 0	 -1836	 
 65	 80	 1920	 84	 0	 -1836	 
 65	 80	 1920	 87	 0	 -1833	 
 65	 80	 1920	 87	 0	 -1833	 
 65	 80	 1920	 88	 0	 -1832	 
 65	 80	 1920	 85	 0	 -1835	 
 65	 80	 1920	 82	 0	 -1838	 
 65	 80	 1920	 86	 0	 -1834	 
 65	 80	 1920	 88	 0	 -1832	 
 65	 80	 1920	 83	 0	 -1837	 
 65	 80	 1920	 85	 0	 -1835	 
 65	 80	 1920	 81	 0	 -1839	 
 65	 80	 1920	 82	 0	 -1838	 
 65	 80	 1920	 81	 0	 -1839	 
 65	 80	 1920	 88	 0	 -1832	 
 65	 80	 1920	 81	 0	 -1839	 
 65	 80	 1920	 86	 0	 -1834	 
 65	 80	 1920	 86	 0	 -1834	 
 65	 80	 1920	 88	 0	 -1832	 
 65	 80	 1920	 86	 0	 -1834	 
 65	 80	 1920	 83	 0	 -1837	 
 65	 80	 1920	 81	 0	 -1839	 
 65	 80	 1920	 81	 0	 -1839	 
 65	 80	 1920	 87	 0	 -1833	 
 65	 80	 1920	 86	 0	 -1834	 
 65	 80	 1920	 82	 0	 -1838	 
 65	 80	 1920	 87	 0	 -1833	 
 65	 80	 1920	 81	 0	 -1839	 
 65	 80	 1920	 83	 0	 -1837	 
 65	 80	 1920	 84	 0	 -1836	 
 65	 80	 1920	 82	 0	 -1838	 
 65	 80	 1920	 87	 0	 -1833	 
 65	 80	 1920	 86	 0	 -1834	 
 65	 80	 1920	 82	 0	 -1838	 
 65	 80	 1920	 84	 0	 -1836	 
 65	 80	 1920	 82	 0	 -1838	 
 65	 80	 1920	 87	 0	 -1833	 
 65	 80	 1920	 87	 0	 -1833	 
 65	 80	 1920	 88	 0	 -1832	 
 65	 80	 1920	 84	 0	 -1836	 
 65	 80	 1920	 82	 0	 -1838	 
 65	 80	 1920	 87	 0	 -1833	 
 65	 80	 1920	 83	 0	 -1837	 
 65	 80	 1920	 88	 0	 -1832	 
 65	 80	 1920	 85	 0	 -1835	 
 65	 80	 1920	 85	 0	 -1835	 
 65	 80	 1920	 84	 0	 -1836	 
 65	 80	 1920	 86	 0	 -1834	 
 65	 80	 1920	 86	 0	 -1834	 
 65	 80	 1920	 85	 0	 -1835	 
 65	 80	 1920	 83	 0	 -1837	 
 65	 80	 1920	 83	 0	 -1837	 
 65	 80	 1920	 86	 0	 -1834	 
 65	 80	 1920	 81	 0	 -1839	 
 65	 80	 1920	 84	 0	 -1836	 
 65	 80	 1920	 81	 0	 -1839	 
 65	 80	 1920	 86	 0	 -1834	 
 65	 80	 1920	 85	 0	 -1835	 
 65	 80	 1920	 81	 0	 -1839	 
 65	 80	 1920	 87	 0	 -1833	 
 65	 80	 1920	 83	 0	 -1837	 
 65	 80	 1920	 87	 0	 -1833	 
 65	 80	 1920	 85	 0	 -1835	 
 65	 80	 1920	 86	 0	 -1834	 
 65	 80	 1920	 85	 0	 -1835	 
 65	 80	 1920	 85	 0	 -1835	 
 65	 80	 1920	 82	 0	 -1838	 
 65	 80	 1920	 84	 0	 -1836	 
 65	 80	 1920	 86	 0	 -1834	 
 65	 80	 1920	 86	 0	 -1834	 
 65	 80	 1920	 81	 0	 -1839	 
 65	 80	 1920	 87	 0	 -1833	 
 65	 80	 1920	 81	 0	 -1839	 
 65	 80	 1920	 88	 0	 -1832	 
 65	 80	 1920	 82	 0	 -1838	 
 65	 80	 1920	 86	 0	 -1834	 
 0	 0	 0	 0	 0	 0	 
 0	 0	 0	 0	 0	 0	 
 85	 112	 1920	 114	 1	 -1806	 
 85	 112	 1920	 116	 1	 -1804	 
 85	 112	 1920	 121	 1	 -1799	 
 85	 112	 1920	 120	 1	 -1800	 
 85	 112	 1920	 115	 1	 -1805	 
 85	 112	 1920	 122	 1	 -1798	 
 85	 112	 1920	 115	 1	 -1805	 
 85	 112	 1920	 124	 1	 -1796	 
 85	 112	 1920	 119	 1	 -1801	 
 85	 112	 1920	 120	 1	 -1800	 
 85	 112	 1920	 113	 1	 -1807	 
 85	 112	 1920	 115	 1	 -1805	 
 85	 112	 1920	 126	 1	 -1794	 
 85	 112	 1920	 126	 1	 -1794	 
 85	 112	 1920	 124	 1	 -1796	 
 85	 112	 1920	 113	 1	 -1807	 
 85	 112	 1920	 114	 1	 -1806	 
 85	 112	 1920	 119	 1	 -1801	 
 85	 112	 1920	 113	 1	 -1807	 
 85	 112	 1920	 113	 1	 -1807	 
 85	 112	 1920	 113	 1	 -1807	 
 85	 112	 1920	 117	 1	 -1803	 
 85	 112	 1920	 114	 1	 -1806	 
 85	 112	 1920	 121	 1	 -1799	 
 85	 112	 1920	 118	 1	 -1802	 
 85	 112	 1920	 124	 1	 -1796	 
 85	 112	 1920	 113	 1	 -1807	 
 85	 112	 1920	 119	 1	 -1801	 
 85	 112	 1920	 123	 1	 -1797	 
 85	 112	 1920	 126	 1	 -1794	 
 85	 112	 1920	 126	 1	 -1794	 
 85	 112	 1920	 122	 1	 -1798	 
 85	 112	 1920	 123	 1	 -1797	 
 85	 112	 1920	 124	 1	 -1796	 
 85	 112	 1920	 114	 1	 -1806	 
 85	 112	 1920	 116	 1	 -1804	 
 85	 112	 1920	 114	 1	 -1806	 
 85	 112	 1920	 117	 1	 -1803	 
 85	 112	 1920	 126	 1	 -1794	 
 85	 112	 1920	 115	 1	 -1805	 
 85	 112	 1920	 125	 1	 -1795	 
 85	 112	 1920	 118	 1	 -1802	 
 85	 112	 1920	 114	 1	 -1806	 
 85	 112	 1920	 126	 1	 -1794	 
 85	 112	 1920	 119	 1	 -1801	 
 85	 112	 1920	 121	 1	 -1799	 
 85	 112	 1920	 126	 1	 -1794	 
 85	 112	 1920	 115	 1	 -1805	 
 85	 112	 1920	 123	 1	 -1797	 
 85	 112	 1920	 118	 1	 -1802	 
 85	 112	 1920	 114	 1	 -1806	 
 85	 112	 1920	 122	 1	 -1798	 
 85	 112	 1920	 121	 1	 -1799	 
 85	 112	 1920	 113	 1	 -1807	 
 85	 112	 1920	 119	 1	 -1801	 
 85	 112	 1920	 118	 1	 -1802	 
 85	 112	 1920	 122	 1	 -1798	 
 85	 112	 1920	 119	 1	 -1801	 
 85	 112	 1920	 119	 1	 -1801	 
 85	 112	 1920	 118	 1	 -1802	 
 85	 112	 1920	 124	 1	 -1796	 
 85	 112	 1920	 122	 1	 -1798	 
 85	 112	 1920	 113	 1	 -1807	 
 85	 112	 1920	 114	 1	 -1806	 
 85	 112	 1920	 120	 1	 -1800	 
 85	 112	 1920	 113	 1	 -1807	 
 85	 112	 1920	 120	 1	 -1800	 
 85	 112	 1920	 117	 1	 -1803	 
 85	 112	 1920	 121	 1	 -1799	 
 85	 112	 1920	 122	 1	 -1798	 
 85	 112	 1920	 119	 1	 -1801	 
 85	 112	 1920	 115	 1	 -1805	 
 85	 112	 1920	 124	 1	 -1796	 
 85	 112	 1920	 122	 1	 -1798	 
 85	 112	 1920	 114	 1	 -1806	 
 85	 112	 1920	 124	 1	 -1796	 
 85	 112	 1920	 119	 1	 -1801	 
 85	 112	 1920	 120	 1	 -1800	 
 85	 112	 1920	 126	 1	 -1794	 
 85	 112	 1920	 126	 1	 -1794	 
 85	 112	 1920	 113	 1	 -1807	 
 85	 112	 1920	 124	 1	 -1796	 
 85	 112	 1920	 121	 1	 -1799	 
 85	 112	 1920	 124	 1	 -1796	 
 85	 112	 1920	 117	 1	 -1803	 
 85	 112	 1920	 115	 1	 -1805	 
 85	 112	 1920	 117	 1	 -1803	 
 85	 112	 1920	 125	 1	 -1795	 
 85	 112	 1920	 126	 1	 -1794	 
 85	 112	 1920	 122	 1	 -1798	 
 85	 112	 1920	 126	 1	 -1794	 
 85	 112	 1920	 120	 1	 -1800	 
 85	 112	 1920	 114	 1	 -1806	 
 85	 112	 1920	 122	 1	 -1798	 
 85	 112	 1920	 126	 1	 -1794	 
 85	 112	 1920	 116	 1	 -1804	 
 85	 112	 1920	 118	 1	 -1802	 
 85	 112	 1920	 117	 1	 -1803	 
 85	 112	 1920	 120	 1	 -1800	 
 0	 0	 0	 0	 0	 0	 
 0	 0	 0	 0	 0	 0	 
 68	 119	 1920	 127	 1	 -1793	 
 68	 119	 1920	 121	 1	 -1799	 
 68	 119	 1920	 134	 1	 -1786	 
 68	 119	 1920	 138	 1	 -1782	 
 68	 119	 1920	 140	 1	 -1780	 
 68	 119	 1920	 141	 1	 -1779	 
 68	 119	 1920	 122	 1	 -1798	 
 68	 119	 1920	 140	 1	 -1780	 
 68	 119	 1920	 131	 1	 -1789	 
 68	 119	 1920	 124	 1	 -1796	 
 68	 119	 1920	 129	 1	 -1791	 
 68	 119	 1920	 138	 1	 -1782	 
 68	 119	 1920	 127	 1	 -1793	 
 68	 119	 1920	 128	 1	 -1792	 
 68	 119	 1920	 122	 1	 -1798	 
 68	 119	 1920	 128	 1	 -1792	 
 68	 119	 1920	 124	 1	 -1796	 
 68	 119	 1920	 122	 1	 -1798	 
 68	 119	 1920	 125	 1	 -1795	 
 68	 119	 1920	 130	 1	 -1790	 
 68	 119	 1920	 126	 1	 -1794	 
 68	 119	 1920	 143	 1	 -1777	 
 68	 119	 1920	 139	 1	 -1781	 
 68	 119	 1920	 135	 1	 -1785	 
 68	 119	 1920	 123	 1	 -1797	 
 68	 119	 1920	 121	 1	 -1799	 
 68	 119	 1920	 123	 1	 -1797	 
 68	 119	 1920	 127	 1	 -1793	 
 68	 119	 1920	 126	 1	 -1794	 
 68	 119	 1920	 137	 1	 -1783	 
 68	 119	 1920	 128	 1	 -1792	 
 68	 119	 1920	 129	 1	 -1791	 
 68	 119	 1920	 132	 1	 -1788	 
 68	 119	 1920	 140	 1	 -1780	 
 68	 119	 1920	 125	 1	 -1795	 
 68	 119	 1920	 140	 1	 -1780	 
 68	 119	 1920	 121	 1	 -1799	 
 68	 119	 1920	 123	 1	 -1797	 
 68	 119	 1920	 121	 1	 -1799	 
 68	 119	 1920	 145	 1	 -1775	 
 68	 119	 1920	 130	 1	 -1790	 
 68	 119	 1920	 144	 1	 -1776	 
 68	 119	 1920	 121	 1	 -1799	 
 68	 119	 1920	 133	 1	 -1787	 
 68	 119	 1920	 133	 1	 -1787	 
 68	 119	 1920	 144	 1	 -1776	 
 68	 119	 1920	 144	 1	 -1776	 
 68	 119	 1920	 140	 1	 -1780	 
 68	 119	 1920	 140	 1	 -1780	 
 68	 119	 1920	 124	 1	 -1796	 
 68	 119	 1920	 137	 1	 -1783	 
 68	 119	 1920	 137	 1	 -1783	 
 68	 119	 1920	 128	 1	 -1792	 
 68	 119	 1920	 141	 1	 -1779	 
 68	 119	 1920	 138	 1	 -1782	 
 68	 119	 1920	 136	 1	 -1784	 
 68	 119	 1920	 122	 1	 -1798	 
 68	 119	 1920	 130	 1	 -1790	 
 68	 119	 1920	 131	 1	 -1789	 
 68	 119	 1920	 137	 1	 -1783	 
 68	 119	 1920	 130	 1	 -1790	 
 68	 119	 1920	 145	 1	 -1775	 
 68	 119	 1920	 142	 1	 -1778	 
 68	 119	 1920	 128	 1	 -1792	 
 68	 119	 1920	 129	 1	 -1791	 
 68	 119	 1920	 143	 1	 -1777	 
 68	 119	 1920	 125	 1	 -1795	 
 68	 119	 1920	 142	 1	 -1778	 
 68	 119	 1920	 144	 1	 -1776	 
 68	 119	 1920	 126	 1	 -1794	 
 68	 119	 1920	 131	 1	 -1789	 
 68	 119	 1920	 140	 1	 -1780	 
 68	 119	 1920	 122	 1	 -1798	 
 68	 119	 1920	 141	 1	 -1779	 
 68	 119	 1920	 122	 1	 -1798	 
 68	 119	 1920	 128	 1	 -1792	 
 68	 119	 1920	 125	 1	 -1795	 
 68	 119	 1920	 124	 1	 -1796	 
 68	 119	 1920	 130	 1	 -1790	 
 68	 119	 1920	 130	 1	 -1790	 
 68	 119	 1920	 122	 1	 -1798	 
 68	 119	 1920	 133	 1	 -1787	 
 68	 119	 1920	 136	 1	 -1784	 
 68	 119	 1920	 135	 1	 -1785	 
 68	 119	 1920	 143	 1	 -1777	 
 68	 119	 1920	 145	 1	 -1775	 
 68	 119	 1920	 140	 1	 -1780	 
 68	 119	 1920	 128	 1	 -1792	 
 68	 119	 1920	 129	 1	 -1791	 
 68	 119	 1920	 123	 1	 -1797	 
 68	 119	 1920	 127	 1	 -1793	 
 68	 119	 1920	 133	 1	 -1787	 
 68	 119	 1920	 122	 1	 -1798	 
 68	 119	 1920	 136	 1	 -1784	 
 68	 119	 1920	 123	 1	 -1797	 
 68	 119	 1920	 130	 1	 -1790	 
 68	 119	 1920	 143	 1	 -1777	 
 68	 119	 1920	 122	 1	 -1798	 
 68	 119	 1920	 130	 1	 -1790	 
 0	 0	 0	 0	 0	 0	 
 0	 0	 0	 0	 0	 0	 
 85	 112	 1920	 116	 1	 -1804	 
 85	 112	 1920	 126	 1	 -1794	 
 85	 112	 1920	 124	 1	 -1796	 
 85	 112	 1920	 118	 1	 -1802	 
 85	 112	 1920	 119	 1	 -1801	 
 85	 112	 1920	 115	 1	 -1805	 
 85	 112	 1920	 113	 1	 -1807	 
 85	 112	 1920	 119	 1	 -1801	 
 85	 112	 1920	 116	 1	 -1804	 
 85	 112	 1920	 125	 1	 -1795	 
 85	 112	 1920	 114	 1	 -1806	 
 85	 112	 1920	 117	 1	 -1803	 
 85	 112	 1920	 120	 1	 -1800	 
 85	 112	 1920	 125	 1	 -1795	 
 85	 112	 1920	 121	 1	 -1799	 
 85	 112	 1920	 117	 1	 -1803	 
 85	 112	 1920	 125	 1	 -1795	 
 85	 112	 1920	 115	 1	 -1805	 
 85	 112	 1920	 120	 1	 -1800	 
 85	 112	 1920	 119	 1	 -1801	 
 85	 112	 1920	 119	 1	 -1801	 
 85	 112	 1920	 117	 1	 -1803	 
 85	 112	 1920	 117	 1	 -1803	 
 85	 112	 1920	 117	 1	 -1803	 
 85	 112	 1920	 119	 1	 -1801	 
 85	 112	 1920	 126	 1	 -1794	 
 85	 112	 1920	 115	 1	 -1805	 
 85	 112	 1920	 118	 1	 -1802	 
 85	 112	 1920	 118	 1	 -1802	 
 85	 112	 1920	 125	 1	 -1795	 
 85	 112	 1920	 126	 1	 -1794	 
 85	 112	 1920	 118	 1	 -1802	 
 85	 112	 1920	 126	 1	 -1794	 
 85	 112	 1920	 117	 1	 -1803	 
 85	 112	 1920	 114	 1	 -1806	 
 85	 112	 1920	 126	 1	 -1794	 
 85	 112	 1920	 119	 1	 -1801	 
 85	 112	 1920	 121	 1	 -1799	 
 85	 112	 1920	 113	 1	 -1807	 
 85	 112	 1920	 121	 1	 -1799	 
 85	 112	 1920	 121	 1	 -1799	 
 85	 112	 1920	 121	 1	 -1799	 
 85	 112	 1920	 119	 1	 -1801	 
 85	 112	 1920	 122	 1	 -1798	 
 85	 112	 1920	 124	 1	 -1796	 
 85	 112	 1920	 118	 1	 -1802	 
 85	 112	 1920	 119	 1	 -1801	 
 85	 112	 1920	 118	 1	 -1802	 
 85	 112	 1920	 126	 1	 -1794	 
 85	 112	 1920	 117	 1	 -1803	 
 85	 112	 1920	 120	 1	 -1800	 
 85	 112	 1920	 123	 1	 -1797	 
 85	 112	 1920	 124	 1	 -1796	 
 85	 112	 1920	 123	 1	 -1797	 
 85	 112	 1920	 113	 1	 -1807	 
 85	 112	 1920	 126	 1	 -1794	 
 85	 112	 1920	 125	 1	 -1795	 
 85	 112	 1920	 119	 1	 -1801	 
 85	 112	 1920	 120	 1	 -1800	 
 85	 112	 1920	 118	 1	 -1802	 
 85	 112	 1920	 113	 1	 -1807	 
 85	 112	 1920	 125	 1	 -1795	 
 85	 112	 1920	 113	 1	 -1807	 
 85	 112	 1920	 113	 1	 -1807	 
 85	 112	 1920	 121	 1	 -1799	 
 85	 112	 1920	 122	 1	 -1798	 
 85	 112	 1920	 119	 1	 -1801	 
 85	 112	 1920	 120	 1	 -1800	 
 85	 112	 1920	 122	 1	 -1798	 
 85	 112	 1920	 115	 1	 -1805	 
 85	 112	 1920	 117	 1	 -1803	 
 85	 112	 1920	 125	 1	 -1795	 
 85	 112	 1920	 121	 1	 -1799	 
 85	 112	 1920	 119	 1	 -1801	 
 85	 112	 1920	 119	 1	 -1801	 
 85	 112	 1920	 120	 1	 -1800	 
 85	 112	 1920	 117	 1	 -1803	 
 85	 112	 1920	 114	 1	 -1806	 
 85	 112	 1920	 120	 1	 -1800	 
 85	 112	 1920	 120	 1	 -1800	 
 85	 112	 1920	 119	 1	 -1801	 
 85	 112	 1920	 124	 1	 -1796	 
 85	 112	 1920	 125	 1	 -1795	 
 85	 112	 1920	 125	 1	 -1795	 
 85	 112	 1920	 126	 1	 -1794	 
 85	 112	 1920	 123	 1	 -1797	 
 85	 112	 1920	 122	 1	 -1798	 
 85	 112	 1920	 121	 1	 -1799	 
 85	 112	 1920	 113	 1	 -1807	 
 85	 112	 1920	 117	 1	 -1803	 
 85	 112	 1920	 125	 1	 -1795	 
 85	 112	 1920	 122	 1	 -1798	 
 85	 112	 1920	 117	 1	 -1803	 
 85	 112	 1920	 117	 1	 -1803	 
 85	 112	 1920	 116	 1	 -1804	 
 85	 112	 1920	 125	 1	 -1795	 
 85	 112	 1920	 126	 1	 -1794	 
 85	 112	 1920	 125	 1	 -1795	 
 85	 112	 1920	 124	 1	 -1796	 
 0	 0	 0	 0	 0	 0	 
 0	 0	 0	 0	 0	 0	 
 89	 116	 1920	 128	 0	 -1792	 
 89	 116	 1920	 128	 0	 -1792	 
 89	 116	 1920	 119	 0	 -1801	 
 89	 116	 1920	 122	 0	 -1798	 
 89	 116	 1920	 120	 0	 -1800	 
 89	 116	 1920	 120	 0	 -1800	 
 89	 116	 1920	 123	 0	 -1797	 
 89	 116	 1920	 117	 0	 -1803	 
 89	 116	 1920	 128	 0	 -1792	 
 89	 116	 1920	 129	 0	 -1791	 
 89	 116	 1920	 128	 0	 -1792	 
 89	 116	 1920	 120	 0	 -1800	 
 89	 116	 1920	 128	 0	 -1792	 
 89	 116	 1920	 118	 0	 -1802	 
 89	 116	 1920	 124	 0	 -1796	 
 89	 116	 1920	 130	 0	 -1790	 
 89	 116	 1920	 118	 0	 -1802	 
 89	 116	 1920	 117	 0	 -1803	 
 89	 116	 1920	 120	 0	 -1800	 
 89	 116	 1920	 121	 0	 -1799	 
 89	 116	 1920	 121	 0	 -1799	 
 89	 116	 1920	 123	 0	 -1797	 
 89	 116	 1920	 125	 0	 -1795	 
 89	 116	 1920	 117	 0	 -1803	 
 89	 116	 1920	 128	 0	 -1792	 
 89	 116	 1920	 125	 0	 -1795	 
 89	 116	 1920	 125	 0	 -1795	 
 89	 116	 1920	 118	 0	 -1802	 
 89	 116	 1920	 127	 0	 -1793	 
 89	 116	 1920	 123	 0	 -1797	 
 89	 116	 1920	 119	 0	 -1801	 
 89	 116	 1920	 121	 0	 -1799	 
 89	 116	 1920	 124	 0	 -1796	 
 89	 116	 1920	 128	 0	 -1792	 
 89	 116	 1920	 122	 0	 -1798	 
 89	 116	 1920	 118	 0	 -1802	 
 89	 116	 1920	 128	 0	 -1792	 
 89	 116	 1920	 130	 0	 -1790	 
 89	 116	 1920	 124	 0	 -1796	 
 89	 116	 1920	 127	 0	 -1793	 
 89	 116	 1920	 118	 0	 -1802	 
 89	 116	 1920	 128	 0	 -1792	 
 89	 116	 1920	 119	 0	 -1801	 
 89	 116	 1920	 124	 0	 -1796	 
 89	 116	 1920	 129	 0	 -1791	 
 89	 116	 1920	 127	 0	 -1793	 
 89	 116	 1920	 118	 0	 -1802	 
 89	 116	 1920	 128	 0	 -1792	 
 89	 116	 1920	 117	 0	 -1803	 
 89	 116	 1920	 130	 0	 -1790	 
 89	 116	 1920	 117	 0	 -1803	 
 89	 116	 1920	 118	 0	 -1802	 
 89	 116	 1920	 130	 0	 -1790	 
 89	 116	 1920	 128	 0	 -1792	 
 89	 116	 1920	 117	 0	 -1803	 
 89	 116	 1920	 120	 0	 -1800	 
 89	 116	 1920	 130	 0	 -1790	 
 89	 116	 1920	 126	 0	 -1794	 
 89	 116	 1920	 117	 0	 -1803	 
 89	 116	 1920	 124	 0	 -1796	 
 89	 116	 1920	 125	 0	 -1795	 
 89	 116	 1920	 126	 0	 -1794	 
 89	 116	 1920	 128	 0	 -1792	 
 89	 116	 1920	 126	 0	 -1794	 
 89	 116	 1920	 118	 0	 -1802	 
 89	 116	 1920	 122	 0	 -1798	 
 89	 116	 1920	 124	 0	 -1796	 
 89	 116	 1920	 117	 0	 -1803	 
 89	 116	 1920	 127	 0	 -1793	 
 89	 116	 1920	 124	 0	 -1796	 
 89	 116	 1920	 127	 0	 -1793	 
 89	 116	 1920	 121	 0	 -1799	 
 89	 116	 1920	 120	 0	 -1800	 
 89	 116	 1920	 122	 0	 -1798	 
 89	 116	 1920	 130	 0	 -1790	 
 89	 116	 1920	 126	 0	 -1794	 
 89	 116	 1920	 128	 0	 -1792	 
 89	 116	 1920	 126	 0	 -1794	 
 89	 116	 1920	 121	 0	 -1799	 
 89	 116	 1920	 123	 0	 -1797	 
 89	 116	 1920	 130	 0	 -1790	 
 89	 116	 1920	 125	 0	 -1795	 
 89	 116	 1920	 122	 0	 -1798	 
 89	 116	 1920	 126	 0	 -1794	 
 89	 116	 1920	 125	 0	 -1795	 
 89	 116	 1920	 126	 0	 -1794	 
 89	 116	 1920	 123	 0	 -1797	 
 89	 116	 1920	 124	 0	 -1796	 
 89	 116	 1920	 125	 0	 -1795	 
 89	 116	 1920	 120	 0	 -1800	 
 89	 116	 1920	 120	 0	 -1800	 
 89	 116	 1920	 128	 0	 -1792	 
 89	 116	 1920	 127	 0	 -1793	 
 89	 116	 1920	 127	 0	 -1793	 
 89	 116	 1920	 128	 0	 -1792	 
 89	 116	 1920	 128	 0	 -1792	 
 89	 116	 1920	 127	 0	 -1793	 
 89	 116	 1920	 122	 0	 -1798	 
 89	 116	 1920	 130	 0	 -1790	 
 0	 0	 0	 0	 0	 0	 
 0	 0	 0	 0	 0	 0	 
 85	 112	 1920	 126	 1	 -1794	 
 85	 112	 1920	 119	 1	 -1801	 
 85	 112	 1920	 123	 1	 -1797	 
 85	 112	 1920	 123	 1	 -1797	 
 85	 112	 1920	 119	 1	 -1801	 
 85	 112	 1920	 120	 1	 -1800	 
 85	 112	 1920	 114	 1	 -1806	 
 85	 112	 1920	 121	 1	 -1799	 
 85	 112	 1920	 117	 1	 -1803	 
 85	 112	 1920	 117	 1	 -1803	 
 85	 112	 1920	 118	 1	 -1802	 
 85	 112	 1920	 116	 1	 -1804	 
 85	 112	 1920	 123	 1	 -1797	 
 85	 112	 1920	 119	 1	 -1801	 
 85	 112	 1920	 119	 1	 -1801	 
 85	 112	 1920	 117	 1	 -1803	 
 85	 112	 1920	 118	 1	 -1802	 
 85	 112	 1920	 125	 1	 -1795	 
 85	 112	 1920	 126	 1	 -1794	 
 85	 112	 1920	 118	 1	 -1802	 
 85	 112	 1920	 118	 1	 -1802	 
 85	 112	 1920	 122	 1	 -1798	 
 85	 112	 1920	 125	 1	 -1795	 
 85	 112	 1920	 118	 1	 -1802	 
 85	 112	 1920	 123	 1	 -1797	 
 85	 112	 1920	 125	 1	 -1795	 
 85	 112	 1920	 126	 1	 -1794	 
 85	 112	 1920	 121	 1	 -1799	 
 85	 112	 1920	 121	 1	 -1799	 
 85	 112	 1920	 122	 1	 -1798	 
 85	 112	 1920	 115	 1	 -1805	 
 85	 112	 1920	 124	 1	 -1796	 
 85	 112	 1920	 117	 1	 -1803	 
 85	 112	 1920	 114	 1	 -1806	 
 85	 112	 1920	 113	 1	 -1807	 
 85	 112	 1920	 117	 1	 -1803	 
 85	 112	 1920	 125	 1	 -1795	 
 85	 112	 1920	 121	 1	 -1799	 
 85	 112	 1920	 119	 1	 -1801	 
 85	 112	 1920	 114	 1	 -1806	 
 85	 112	 1920	 126	 1	 -1794	 
 85	 112	 1920	 114	 1	 -1806	 
 85	 112	 1920	 122	 1	 -1798	 
 85	 112	 1920	 121	 1	 -1799	 
 85	 112	 1920	 125	 1	 -1795	 
 85	 112	 1920	 114	 1	 -1806	 
 85	 112	 1920	 114	 1	 -1806	 
 85	 112	 1920	 115	 1	 -1805	 
 85	 112	 1920	 117	 1	 -1803	 
 85	 112	 1920	 113	 1	 -1807	 
 85	 112	 1920	 120	 1	 -1800	 
 85	 112	 1920	 119	 1	 -1801	 
 85	 112	 1920	 126	 1	 -1794	 
 85	 112	 1920	 115	 1	 -1805	 
 85	 112	 1920	 116	 1	 -1804	 
 85	 112	 1920	 115	 1	 -1805	 
 85	 112	 1920	 121	 1	 -1799	 
 85	 112	 1920	 119	 1	 -1801	 
 85	 112	 1920	 120	 1	 -1800	 
 85	 112	 1920	 122	 1	 -1798	 
 85	 112	 1920	 118	 1	 -1802	 
 85	 112	 1920	 123	 1	 -1797	 
 85	 112	 1920	 117	 1	 -1803	 
 85	 112	 1920	 121	 1	 -1799	 
 85	 112	 1920	 126	 1	 -1794	 
 85	 112	 1920	 119	 1	 -1801	 
 85	 112	 1920	 118	 1	 -1802	 
 85	 112	 1920	 122	 1	 -1798	 
 85	 112	 1920	 123	 1	 -1797	 
 85	 112	 1920	 121	 1	 -1799	 
 85	 112	 1920	 121	 1	 -1799	 
 85	 112	 1920	 120	 1	 -1800	 
 85	 112	 1920	 124	 1	 -1796	 
 85	 112	 1920	 124	 1	 -1796	 
 85	 112	 1920	 113	 1	 -1807	 
 85	 112	 1920	 117	 1	 -1803	 
 85	 112	 1920	 120	 1	 -1800	 
 85	 112	 1920	 115	 1	 -1805	 
 85	 112	 1920	 122	 1	 -1798	 
 85	 112	 1920	 113	 1	 -1807	 
 85	 112	 1920	 118	 1	 -1802	 
 85	 112	 1920	 114	 1	 -1806	 
 85	 112	 1920	 121	 1	 -1799	 
 85	 112	 1920	 126	 1	 -1794	 
 85	 112	 1920	 113	 1	 -1807	 
 85	 112	 1920	 113	 1	 -1807	 
 85	 112	 1920	 118	 1	 -1802	 
 85	 112	 1920	 116	 1	 -1804	 
 85	 112	 1920	 118	 1	 -1802	 
 85	 112	 1920	 116	 1	 -1804	 
 85	 112	 1920	 123	 1	 -1797	 
 85	 112	 1920	 125	 1	 -1795	 
 85	 112	 1920	 115	 1	 -1805	 
 85	 112	 1920	 125	 1	 -1795	 
 85	 112	 1920	 120	 1	 -1800	 
 85	 112	 1920	 117	 1	 -1803	 
 85	 112	 1920	 115	 1	 -1805	 
 85	 112	 1920	 117	 1	 -1803	 
 85	 112	 1920	 123	 1	 -1797	 
 0	 0	 0	 0	 0	 0	 
 0	 0	 0	 0	 0	 0	 
 63	 72	 1920	 76	 0	 -1844	 
 63	 72	 1920	 76	 0	 -1844	 
 63	 72	 1920	 77	 0	 -1843	 
 63	 72	 1920	 74	 0	 -1846	 
 63	 72	 1920	 76	 0	 -1844	 
 63	 72	 1920	 77	 0	 -1843	 
 63	 72	 1920	 73	 0	 -1847	 
 63	 72	 1920	 74	 0	 -1846	 
 63	 72	 1920	 74	 0	 -1846	 
 63	 72	 1920	 73	 0	 -1847	 
 63	 72	 1920	 74	 0	 -1846	 
 63	 72	 1920	 74	 0	 -1846	 
 63	 72	 1920	 74	 0	 -1846	 
 63	 72	 1920	 76	 0	 -1844	 
 63	 72	 1920	 76	 0	 -1844	 
 63	 72	 1920	 77	 0	 -1843	 
 63	 72	 1920	 73	 0	 -1847	 
 63	 72	 1920	 74	 0	 -1846	 
 63	 72	 1920	 76	 0	 -1844	 
 63	 72	 1920	 77	 0	 -1843	 
 63	 72	 1920	 75	 0	 -1845	 
 63	 72	 1920	 75	 0	 -1845	 
 63	 72	 1920	 77	 0	 -1843	 
 63	 72	 1920	 75	 0	 -1845	 
 63	 72	 1920	 75	 0	 -1845	 
 63	 72	 1920	 74	 0	 -1846	 
 63	 72	 1920	 75	 0	 -1845	 
 63	 72	 1920	 75	 0	 -1845	 
 63	 72	 1920	 77	 0	 -1843	 
 63	 72	 1920	 77	 0	 -1843	 
 63	 72	 1920	 74	 0	 -1846	 
 63	 72	 1920	 73	 0	 -1847	 
 63	 72	 1920	 74	 0	 -1846	 
 63	 72	 1920	 77	 0	 -1843	 
 63	 72	 1920	 76	 0	 -1844	 
 63	 72	 1920	 73	 0	 -1847	 
 63	 72	 1920	 76	 0	 -1844	 
 63	 72	 1920	 73	 0	 -1847	 
 63	 72	 1920	 75	 0	 -1845	 
 63	 72	 1920	 76	 0	 -1844	 
 63	 72	 1920	 77	 0	 -1843	 
 63	 72	 1920	 74	 0	 -1846	 
 63	 72	 1920	 74	 0	 -1846	 
 63	 72	 1920	 77	 0	 -1843	 
 63	 72	 1920	 76	 0	 -1844	 
 63	 72	 1920	 76	 0	 -1844	 
 63	 72	 1920	 75	 0	 -1845	 
 63	 72	 1920	 73	 0	 -1847	 
 63	 72	 1920	 73	 0	 -1847	 
 63	 72	 1920	 73	 0	 -1847	 
 63	 72	 1920	 73	 0	 -1847	 
 63	 72	 1920	 73	 0	 -1847	 
 63	 72	 1920	 76	 0	 -1844	 
 63	 72	 1920	 73	 0	 -1847	 
 63	 72	 1920	 75	 0	 -1845	 
 63	 72	 1920	 77	 0	 -1843	 
 63	 72	 1920	 73	 0	 -1847	 
 63	 72	 1920	 73	 0	 -1847	 
 63	 72	 1920	 75	 0	 -1845	 
 63	 72	 1920	 74	 0	 -1846	 
 63	 72	 1920	 75	 0	 -1845	 
 63	 72	 1920	 74	 0	 -1846	 
 63	 72	 1920	 74	 0	 -1846	 
 63	 72	 1920	 74	 0	 -1846	 
 63	 72	 1920	 73	 0	 -1847	 
 63	 72	 1920	 74	 0	 -1846	 
 63	 72	 1920	 76	 0	 -1844	 
 63	 72	 1920	 77	 0	 -1843	 
 63	 72	 1920	 73	 0	 -1847	 
 63	 72	 1920	 73	 0	 -1847	 
 63	 72	 1920	 75	 0	 -1845	 
 63	 72	 1920	 75	 0	 -1845	 
 63	 72	 1920	 74	 0	 -1846	 
 63	 72	 1920	 77	 0	 -1843	 
 63	 72	 1920	 77	 0	 -1843	 
 63	 72	 1920	 77	 0	 -1843	 
 63	 72	 1920	 73	 0	 -1847	 
 63	 72	 1920	 73	 0	 -1847	 
 63	 72	 1920	 74	 0	 -1846	 
 63	 72	 1920	 74	 0	 -1846	 
 63	 72	 1920	 75	 0	 -1845	 
 63	 72	 1920	 76	 0	 -1844	 
 63	 72	 1920	 75	 0	 -1845	 
 63	 72	 1920	 73	 0	 -1847	 
 63	 72	 1920	 74	 0	 -1846	 
 63	 72	 1920	 73	 0	 -1847	 
 63	 72	 1920	 74	 0	 -1846	 
 63	 72	 1920	 75	 0	 -1845	 
 63	 72	 1920	 77	 0	 -1843	 
 63	 72	 1920	 77	 0	 -1843	 
 63	 72	 1920	 74	 0	 -1846	 
 63	 72	 1920	 76	 0	 -1844	 
 63	 72	 1920	 76	 0	 -1844	 
 63	 72	 1920	 75	 0	 -1845	 
 63	 72	 1920	 75	 0	 -1845	 
 63	 72	 1920	 77	 0	 -1843	 
 63	 72	 1920	 76	 0	 -1844	 
 63	 72	 1920	 77	 0	 -1843	 
 63	 72	 1920	 76	 0	 -1844	 
 0	 0	 0	 0	 0	 0	 
 