7.182939e-02	 9.809489e-01	 7.740446e-03	 3.367067e-02	 9.547497e-02	 8.087460e+00	 
 1.396828e-01	 8.122459e-01	 5.237087e-03	 7.975682e-02	 3.721893e-02	 7.671327e+00	 
 1.594458e-01	 7.631093e-01	 4.507952e-03	 9.317991e-02	 2.037154e-02	 7.513912e+00	 
 1.673996e-01	 7.433339e-01	 4.214507e-03	 9.858211e-02	 1.360743e-02	 7.444243e+00	 
 1.710011e-01	 7.343795e-01	 4.081633e-03	 1.010283e-01	 1.054730e-02	 7.411382e+00	 
 1.727184e-01	 7.301099e-01	 4.018276e-03	 1.021946e-01	 9.088921e-03	 7.395415e+00	 
 1.735574e-01	 7.280240e-01	 3.987323e-03	 1.027645e-01	 8.376345e-03	 7.387542e+00	 
 1.739721e-01	 7.269928e-01	 3.972022e-03	 1.030462e-01	 8.024317e-03	 7.383633e+00	 
 1.741783e-01	 7.264801e-01	 3.964413e-03	 1.031862e-01	 7.849878e-03	 7.381685e+00	 
 1.742812e-01	 7.262244e-01	 3.960619e-03	 1.032561e-01	 7.762123e-03	 7.380713e+00	 
 1.742820e-01	 7.262223e-01	 3.960587e-03	 1.032567e-01	 7.761214e-03	 7.380705e+00	 
 1.742442e-01	 7.262577e-01	 3.937189e-03	 1.032685e-01	 7.747324e-03	 7.380874e+00	 
 1.742095e-01	 7.262889e-01	 3.915186e-03	 1.032801e-01	 7.733155e-03	 7.381026e+00	 
 1.744805e-01	 7.260689e-01	 3.934111e-03	 1.031875e-01	 7.710336e-03	 7.379967e+00	 
 1.746674e-01	 7.259230e-01	 3.909254e-03	 1.031232e-01	 7.662764e-03	 7.379268e+00	 
 1.795659e-01	 7.274428e-01	 1.641942e-04	 9.950221e-02	 6.801166e-03	 7.589298e+00	 
 1.797615e-01	 7.248987e-01	 1.658153e-04	 1.009130e-01	 5.826075e-03	 7.563093e+00	 
 1.798608e-01	 7.236075e-01	 1.666369e-04	 1.016290e-01	 5.346701e-03	 7.580312e+00	 
 1.799108e-01	 7.229570e-01	 1.670506e-04	 1.019897e-01	 5.104803e-03	 7.595444e+00	 
 1.799359e-01	 7.226305e-01	 1.672582e-04	 1.021708e-01	 4.981992e-03	 7.604427e+00	 
 1.799484e-01	 7.224669e-01	 1.673621e-04	 1.022615e-01	 4.920504e-03	 7.609246e+00	 
 1.799547e-01	 7.223850e-01	 1.674142e-04	 1.023069e-01	 4.890613e-03	 7.611735e+00	 
 1.799579e-01	 7.223440e-01	 1.674402e-04	 1.023296e-01	 4.875800e-03	 7.612998e+00	 
 1.799594e-01	 7.223235e-01	 1.674532e-04	 1.023410e-01	 4.867794e-03	 7.613635e+00	 
 1.799602e-01	 7.223133e-01	 1.674597e-04	 1.023467e-01	 4.865478e-03	 7.613954e+00	 
 1.848059e-01	 6.993153e-01	 1.236194e-02	 1.078567e-01	 4.385845e-03	 7.828406e+00	 
 1.863048e-01	 6.978171e-01	 1.239719e-02	 1.074046e-01	 3.952473e-03	 7.829166e+00	 
 2.131507e-01	 7.066387e-01	 1.049896e-03	 8.234673e-02	 3.206733e-03	 7.555135e+00	 
 2.132434e-01	 7.001746e-01	 9.932302e-04	 8.630713e-02	 7.213950e-04	 7.387558e+00	 
 2.132860e-01	 6.971962e-01	 9.671205e-04	 8.813190e-02	 4.236148e-04	 7.330942e+00	 
 1.832667e-01	 7.002914e-01	 1.294953e-02	 1.083937e-01	 2.220053e-04	 7.831027e+00	 
 2.000470e-01	 6.925691e-01	 6.645655e-03	 1.006837e-01	 6.138436e-05	 7.826232e+00	 
 