s	 e	 integralPartic	 alturaRetang	 metadePartic	 maximaPartic	 minimoPArtic	 alturaPartic	 p	 comparativoMet
1	 25	 4.094995e-01	 1.637998e-02	 1.276766e-02	 2.350371e-02	 2.031603e-03	 1.282928e+00	 1	 7.794672e-01	 
 32	 59	 3.113654e-01	 1.112019e-02	 1.800276e-02	 3.259221e-02	 3.413307e-03	 5.549197e-01	 0	 1.618925e+00	 
 16	 39	 1.246500e+00	 5.193749e-02	 2.911558e-02	 5.780409e-02	 4.270684e-04	 1.783839e+00	 1	 5.605889e-01	 
 25	 54	 6.083624e-01	 2.027875e-02	 2.555735e-02	 4.200414e-02	 9.110557e-03	 8.164597e-01	 0	 1.260302e+00	 
 45	 59	 9.775911e-02	 6.517274e-03	 6.055993e-03	 1.134062e-02	 7.713642e-04	 1.076169e+00	 1	 9.292217e-01	 
 2	 39	 1.051230e+00	 2.766394e-02	 2.455275e-02	 4.749283e-02	 1.612679e-03	 1.241341e+00	 1	 8.875365e-01	 
 8	 46	 1.053508e+00	 2.701302e-02	 2.081056e-02	 3.599287e-02	 5.628242e-03	 1.298044e+00	 1	 7.703898e-01	 
 34	 54	 3.513714e-01	 1.673197e-02	 1.479284e-02	 2.892317e-02	 6.625073e-04	 1.131086e+00	 1	 8.841063e-01	 
 23	 56	 1.505950e-01	 4.429266e-03	 1.963865e-02	 3.770825e-02	 1.569052e-03	 2.255382e-01	 0	 4.433839e+00	 
 17	 55	 6.879212e-01	 1.763900e-02	 2.095686e-02	 3.486153e-02	 7.052202e-03	 1.400028e+00	 0	 1.188098e+00	 
 1	 1	 1.000000e-05	 1.000000e-05	 1.000000e-05	 1.000000e-05	 1.000000e-05	 1.000000e-05	 1	 1.000000e-05	 
 1	 1	 1.000000e-05	 1.000000e-05	 1.000000e-05	 1.000000e-05	 1.000000e-05	 1.000000e-05	 1	 1.000000e-05	 
 1	 1	 1.000000e-05	 1.000000e-05	 1.000000e-05	 1.000000e-05	 1.000000e-05	 1.000000e-05	 1	 1.000000e-05	 
 1	 1	 1.000000e-05	 1.000000e-05	 1.000000e-05	 1.000000e-05	 1.000000e-05	 1.000000e-05	 1	 1.000000e-05	 
 1	 1	 1.000000e-05	 1.000000e-05	 1.000000e-05	 1.000000e-05	 1.000000e-05	 1.000000e-05	 1	 1.000000e-05	 
 1	 1	 1.000000e-05	 1.000000e-05	 1.000000e-05	 1.000000e-05	 1.000000e-05	 1.000000e-05	 1	 1.000000e-05	 
 1	 1	 1.000000e-05	 1.000000e-05	 1.000000e-05	 1.000000e-05	 1.000000e-05	 1.000000e-05	 1	 1.000000e-05	 
 1	 1	 1.000000e-05	 1.000000e-05	 1.000000e-05	 1.000000e-05	 1.000000e-05	 1.000000e-05	 1	 1.000000e-05	 
 1	 1	 1.000000e-05	 1.000000e-05	 1.000000e-05	 1.000000e-05	 1.000000e-05	 1.000000e-05	 1	 1.000000e-05	 
 1	 1	 1.000000e-05	 1.000000e-05	 1.000000e-05	 1.000000e-05	 1.000000e-05	 1.000000e-05	 1	 1.000000e-05	 
 