minimo	maximo	maximTot	minimTot	
2.031603e-03	 2.350371e-02	 5.590000e-04	 6.722280e-02	 
 2.031603e-03	 2.350371e-02	 8.670000e-04	 3.312900e-03	 
 2.031603e-03	 2.350371e-02	 9.140000e-04	 4.751000e-03	 
 2.031603e-03	 2.350371e-02	 3.150000e-04	 8.630000e-04	 
 3.413307e-03	 3.259221e-02	 5.390000e-04	 2.825840e-02	 
 3.413307e-03	 3.259221e-02	 3.267000e-04	 1.335300e-03	 
 3.413307e-03	 3.259221e-02	 4.067000e-03	 4.751000e-03	 
 3.413307e-03	 3.259221e-02	 3.150000e-04	 1.840000e-03	 
 4.270684e-04	 5.780409e-02	 6.379000e-04	 2.825840e-02	 
 4.270684e-04	 5.780409e-02	 3.250300e-04	 6.345900e-04	 
 4.270684e-04	 5.780409e-02	 4.670000e-04	 4.751000e-03	 
 4.270684e-04	 5.780409e-02	 3.330000e-04	 1.680000e-03	 
 9.110557e-03	 4.200414e-02	 5.390000e-04	 2.825840e-02	 
 9.110557e-03	 4.200414e-02	 3.250300e-04	 1.495800e-03	 
 9.110557e-03	 4.200414e-02	 1.640000e-03	 4.751000e-03	 
 9.110557e-03	 4.200414e-02	 1.680000e-03	 2.420000e-03	 
 7.713642e-04	 1.134062e-02	 5.390000e-04	 5.488000e-04	 
 7.713642e-04	 1.134062e-02	 3.642900e-04	 3.458500e-03	 
 7.713642e-04	 1.134062e-02	 3.790400e-04	 4.067000e-03	 
 7.713642e-04	 1.134062e-02	 4.140000e-04	 1.500000e-03	 
 1.612679e-03	 4.749283e-02	 5.590000e-04	 6.722280e-02	 
 1.612679e-03	 4.749283e-02	 3.322600e-04	 3.383200e-03	 
 1.612679e-03	 4.749283e-02	 1.470000e-03	 4.751000e-03	 
 1.612679e-03	 4.749283e-02	 3.150000e-04	 5.220000e-04	 
 5.628242e-03	 3.599287e-02	 5.448200e-04	 2.825840e-02	 
 5.628242e-03	 3.599287e-02	 3.375800e-04	 2.863100e-03	 
 5.628242e-03	 3.599287e-02	 1.307000e-03	 4.558000e-03	 
 5.628242e-03	 3.599287e-02	 5.220000e-04	 2.250000e-03	 
 6.625073e-04	 2.892317e-02	 5.390000e-04	 2.415650e-02	 
 6.625073e-04	 2.892317e-02	 3.267000e-04	 5.123000e-04	 
 6.625073e-04	 2.892317e-02	 2.682000e-03	 4.751000e-03	 
 6.625073e-04	 2.892317e-02	 3.370000e-04	 7.120000e-04	 
 1.569052e-03	 3.770825e-02	 5.390000e-04	 2.825840e-02	 
 1.569052e-03	 3.770825e-02	 3.267000e-04	 3.458500e-03	 
 1.569052e-03	 3.770825e-02	 3.790400e-04	 4.067000e-03	 
 1.569052e-03	 3.770825e-02	 3.150000e-04	 5.280000e-04	 
 7.052202e-03	 3.486153e-02	 5.390000e-04	 2.825840e-02	 
 7.052202e-03	 3.486153e-02	 1.302000e-03	 3.458500e-03	 
 7.052202e-03	 3.486153e-02	 9.140000e-04	 4.751000e-03	 
 7.052202e-03	 3.486153e-02	 1.160000e-03	 2.070000e-03	 
 4.637493e-03	 3.501827e-02	 5.390000e-04	 2.825840e-02	 
 4.637494e-03	 3.408755e-02	 5.390000e-04	 2.825840e-02	 
 4.637485e-03	 3.426590e-02	 5.390000e-04	 2.825840e-02	 
 4.637471e-03	 3.451508e-02	 5.390000e-04	 2.825840e-02	 
 4.637460e-03	 3.470567e-02	 5.390000e-04	 2.825840e-02	 
 4.637454e-03	 3.479643e-02	 5.390000e-04	 2.825840e-02	 
 4.637453e-03	 3.482508e-02	 5.390000e-04	 2.825840e-02	 
 4.637454e-03	 3.481716e-02	 5.390000e-04	 2.825840e-02	 
 4.637452e-03	 3.578120e-02	 5.390000e-04	 2.825840e-02	 
 4.637493e-03	 3.501827e-02	 5.390000e-04	 2.825840e-02	 
 4.637494e-03	 3.408755e-02	 5.390000e-04	 2.825840e-02	 
 4.637485e-03	 3.426590e-02	 5.390000e-04	 2.825840e-02	 
 4.637471e-03	 3.451508e-02	 5.390000e-04	 2.825840e-02	 
 4.637460e-03	 3.470567e-02	 5.390000e-04	 2.825840e-02	 
 4.637454e-03	 3.479643e-02	 5.390000e-04	 2.825840e-02	 
 4.637453e-03	 3.482508e-02	 5.390000e-04	 2.825840e-02	 
 4.637454e-03	 3.481716e-02	 5.390000e-04	 2.825840e-02	 
 4.637456e-03	 3.477535e-02	 5.390000e-04	 2.825840e-02	 
 4.637462e-03	 3.465413e-02	 5.390000e-04	 2.825840e-02	 
 4.637479e-03	 3.437310e-02	 5.390000e-04	 2.825840e-02	 
 4.637510e-03	 3.382036e-02	 5.390000e-04	 2.825840e-02	 
 4.637561e-03	 3.293983e-02	 5.390000e-04	 2.825840e-02	 
 4.637626e-03	 3.179964e-02	 5.390000e-04	 2.825840e-02	 
 4.637689e-03	 3.067696e-02	 5.390000e-04	 2.825840e-02	 
 4.637729e-03	 2.997482e-02	 5.390000e-04	 2.825840e-02	 
 4.637729e-03	 2.997521e-02	 5.390000e-04	 2.825510e-02	 
 4.637688e-03	 3.069566e-02	 5.390000e-04	 2.825840e-02	 
 4.637624e-03	 3.181746e-02	 5.390000e-04	 2.825840e-02	 
 4.637560e-03	 3.293991e-02	 5.390000e-04	 2.825840e-02	 
 4.637511e-03	 3.382985e-02	 5.390000e-04	 2.825840e-02	 
 4.637479e-03	 3.437830e-02	 5.390000e-04	 2.825840e-02	 
 4.637462e-03	 3.465874e-02	 5.390000e-04	 2.825840e-02	 
 4.637456e-03	 3.477696e-02	 5.390000e-04	 2.825840e-02	 
 4.637453e-03	 3.481914e-02	 5.390000e-04	 2.825840e-02	 
 4.637452e-03	 3.483377e-02	 5.390000e-04	 2.825840e-02	 
 4.637453e-03	 3.483609e-02	 5.390000e-04	 2.825840e-02	 
 4.637453e-03	 3.483628e-02	 5.390000e-04	 2.825840e-02	 
 4.637356e-03	 3.399008e-02	 5.390000e-04	 2.825840e-02	 
 4.637356e-03	 3.313968e-02	 5.390000e-04	 2.825840e-02	 
 4.637356e-03	 3.233176e-02	 5.390000e-04	 2.825840e-02	 
 4.637355e-03	 3.156197e-02	 5.390000e-04	 2.825840e-02	 
 4.637451e-03	 3.483817e-02	 5.390000e-04	 2.825840e-02	 
 4.637452e-03	 3.483799e-02	 5.390000e-04	 2.825840e-02	 
 4.637452e-03	 3.483788e-02	 5.390000e-04	 2.825840e-02	 
 4.637452e-03	 3.483811e-02	 5.390000e-04	 2.825840e-02	 
 4.637451e-03	 3.483961e-02	 5.390000e-04	 2.825840e-02	 
 4.637452e-03	 3.483811e-02	 5.390000e-04	 2.825840e-02	 
 4.637452e-03	 3.483948e-02	 5.390000e-04	 2.825840e-02	 
 4.637452e-03	 3.483945e-02	 5.406000e-04	 2.825840e-02	 
 4.637452e-03	 3.578120e-02	 5.390000e-04	 2.825840e-02	 
 4.637357e-03	 2.821538e-02	 5.390000e-04	 2.825840e-02	 
 4.637357e-03	 2.882288e-02	 5.390000e-04	 2.825840e-02	 
 4.637357e-03	 2.945994e-02	 5.390000e-04	 2.825840e-02	 
 4.637358e-03	 3.012909e-02	 5.390000e-04	 2.825840e-02	 
 4.637356e-03	 3.083950e-02	 5.390000e-04	 2.825840e-02	 
 4.637355e-03	 3.160643e-02	 5.390000e-04	 2.825840e-02	 
 4.637348e-03	 3.247102e-02	 5.390000e-04	 2.825840e-02	 
 4.637337e-03	 3.345621e-02	 5.390000e-04	 2.825840e-02	 
 4.637323e-03	 3.453974e-02	 5.390000e-04	 2.825840e-02	 
 4.637456e-03	 3.477696e-02	 5.390000e-04	 2.825840e-02	 
 4.637453e-03	 3.481914e-02	 5.390000e-04	 2.825840e-02	 
 4.637452e-03	 3.483377e-02	 5.390000e-04	 2.825840e-02	 
 4.637453e-03	 3.483609e-02	 5.390000e-04	 2.825840e-02	 
 4.637453e-03	 3.483628e-02	 5.390000e-04	 2.825840e-02	 
 4.637453e-03	 3.483746e-02	 5.390000e-04	 2.825840e-02	 
 4.637452e-03	 3.483678e-02	 5.390000e-04	 2.825840e-02	 
 4.637451e-03	 3.483817e-02	 5.390000e-04	 2.825840e-02	 
 4.637452e-03	 3.483799e-02	 5.390000e-04	 2.825840e-02	 
 4.637452e-03	 3.483788e-02	 5.390000e-04	 2.825840e-02	 
 4.637452e-03	 3.483811e-02	 5.390000e-04	 2.825840e-02	 
 4.637451e-03	 3.483961e-02	 5.390000e-04	 2.825840e-02	 
 4.637452e-03	 3.483811e-02	 5.390000e-04	 2.825840e-02	 
 4.637452e-03	 3.483948e-02	 5.390000e-04	 2.825840e-02	 
 4.637452e-03	 3.483945e-02	 5.406000e-04	 2.825840e-02	 
 4.637452e-03	 3.578120e-02	 5.390000e-04	 2.825840e-02	 
 4.630414e-03	 3.149805e-02	 5.390000e-04	 6.722280e-02	 
 4.635684e-03	 2.642861e-02	 5.390000e-04	 2.825840e-02	 
 4.637361e-03	 2.599177e-02	 5.390000e-04	 2.825840e-02	 
 4.637357e-03	 2.651767e-02	 5.390000e-04	 2.825840e-02	 
 4.637356e-03	 2.706629e-02	 5.390000e-04	 2.825840e-02	 
 4.637356e-03	 2.763236e-02	 5.390000e-04	 2.825840e-02	 
 4.637357e-03	 2.821538e-02	 5.390000e-04	 2.825840e-02	 
 4.637357e-03	 2.882288e-02	 5.390000e-04	 2.825840e-02	 
 4.637357e-03	 2.945994e-02	 5.390000e-04	 2.825840e-02	 
 4.637358e-03	 3.012909e-02	 5.390000e-04	 2.825840e-02	 
 4.637356e-03	 3.083950e-02	 5.390000e-04	 2.825840e-02	 
 4.637355e-03	 3.160643e-02	 5.390000e-04	 2.825840e-02	 
 4.637348e-03	 3.247102e-02	 5.390000e-04	 2.825840e-02	 
 4.637337e-03	 3.345621e-02	 5.390000e-04	 2.825840e-02	 
 4.637323e-03	 3.453974e-02	 5.390000e-04	 2.825840e-02	 
 4.637451e-03	 3.483817e-02	 5.390000e-04	 2.825840e-02	 
 4.637452e-03	 3.483799e-02	 5.390000e-04	 2.825840e-02	 
 4.637452e-03	 3.483788e-02	 5.390000e-04	 2.825840e-02	 
 4.637452e-03	 3.483811e-02	 5.390000e-04	 2.825840e-02	 
 4.637451e-03	 3.483961e-02	 5.390000e-04	 2.825840e-02	 
 4.637452e-03	 3.483811e-02	 5.390000e-04	 2.825840e-02	 
 4.637452e-03	 3.483948e-02	 5.390000e-04	 2.825840e-02	 
 4.637452e-03	 3.483945e-02	 5.406000e-04	 2.825840e-02	 
 4.637452e-03	 3.578120e-02	 5.390000e-04	 2.825840e-02	 
 4.637357e-03	 2.821538e-02	 5.390000e-04	 2.825840e-02	 
 4.637357e-03	 2.882288e-02	 5.390000e-04	 2.825840e-02	 
 4.637357e-03	 2.945994e-02	 5.390000e-04	 2.825840e-02	 
 4.637358e-03	 3.012909e-02	 5.390000e-04	 2.825840e-02	 
 4.637356e-03	 3.083950e-02	 5.390000e-04	 2.825840e-02	 
 4.637355e-03	 3.160643e-02	 5.390000e-04	 2.825840e-02	 
 4.637348e-03	 3.247102e-02	 5.390000e-04	 2.825840e-02	 
 4.637337e-03	 3.345621e-02	 5.390000e-04	 2.825840e-02	 
 4.637323e-03	 3.453974e-02	 5.390000e-04	 2.825840e-02	 
 4.637451e-03	 3.483817e-02	 5.390000e-04	 2.825840e-02	 
 4.637452e-03	 3.483799e-02	 5.390000e-04	 2.825840e-02	 
 4.637452e-03	 3.483788e-02	 5.390000e-04	 2.825840e-02	 
 4.637452e-03	 3.483811e-02	 5.390000e-04	 2.825840e-02	 
 4.637451e-03	 3.483961e-02	 5.390000e-04	 2.825840e-02	 
 4.637452e-03	 3.483811e-02	 5.390000e-04	 2.825840e-02	 
 4.637452e-03	 3.483948e-02	 5.390000e-04	 2.825840e-02	 
 4.637452e-03	 3.483945e-02	 5.406000e-04	 2.825840e-02	 
 4.637452e-03	 3.578120e-02	 5.390000e-04	 2.825840e-02	 
 4.637357e-03	 2.821538e-02	 5.390000e-04	 2.825840e-02	 
 4.637357e-03	 2.882288e-02	 5.390000e-04	 2.825840e-02	 
 4.637357e-03	 2.945994e-02	 5.390000e-04	 2.825840e-02	 
 4.637358e-03	 3.012909e-02	 5.390000e-04	 2.825840e-02	 
 4.637356e-03	 3.083950e-02	 5.390000e-04	 2.825840e-02	 
 4.637355e-03	 3.160643e-02	 5.390000e-04	 2.825840e-02	 
 4.637348e-03	 3.247102e-02	 5.390000e-04	 2.825840e-02	 
 4.637337e-03	 3.345621e-02	 5.390000e-04	 2.825840e-02	 
 4.637323e-03	 3.453974e-02	 5.390000e-04	 2.825840e-02	 
 4.637493e-03	 3.501827e-02	 5.390000e-04	 2.825840e-02	 
 4.637494e-03	 3.408755e-02	 5.390000e-04	 2.825840e-02	 
 4.637485e-03	 3.426590e-02	 5.390000e-04	 2.825840e-02	 
 4.637471e-03	 3.451508e-02	 5.390000e-04	 2.825840e-02	 
 4.637460e-03	 3.470567e-02	 5.390000e-04	 2.825840e-02	 
 4.637454e-03	 3.479643e-02	 5.390000e-04	 2.825840e-02	 
 4.637453e-03	 3.482508e-02	 5.390000e-04	 2.825840e-02	 
 4.637454e-03	 3.481716e-02	 5.390000e-04	 2.825840e-02	 
 4.637452e-03	 3.578120e-02	 5.390000e-04	 2.825840e-02	 
 