1.240249e-01	 4.999848e-01	 4.598176e-01	 1.230220e-04	 7.566474e+04	 7.582010e+04	 1.553613e+02	 1	 1.853573e+03	 8.400466e-02	 3.740807e+02	 9.139047e+02	 7.578575e+02	 
 1.240249e-01	 4.999848e-01	 4.598176e-01	 1.230220e-04	 7.566474e+04	 7.582010e+04	 1.553613e+02	 1	 1.853573e+03	 8.400466e-02	 3.740807e+02	 9.139047e+02	 7.578575e+02	 
 1.240249e-01	 4.999848e-01	 4.598176e-01	 1.230220e-04	 7.566474e+04	 7.582010e+04	 1.553613e+02	 1	 1.853573e+03	 8.400466e-02	 3.740807e+02	 9.139047e+02	 7.578575e+02	 
 1.240249e-01	 4.999848e-01	 4.598176e-01	 1.230220e-04	 7.566474e+04	 7.582010e+04	 1.553613e+02	 1	 1.853573e+03	 8.400466e-02	 3.740807e+02	 9.139047e+02	 7.578575e+02	 
 1.240249e-01	 4.999848e-01	 4.598176e-01	 1.230220e-04	 7.566474e+04	 7.582010e+04	 1.553613e+02	 1	 1.853573e+03	 8.400466e-02	 3.740807e+02	 9.139047e+02	 7.578575e+02	 
 1.240249e-01	 4.999848e-01	 4.598176e-01	 1.230220e-04	 7.566474e+04	 7.582010e+04	 1.553613e+02	 1	 1.853573e+03	 8.400466e-02	 3.740807e+02	 9.139047e+02	 7.578575e+02	 
 -2.480155e-02	 9.029038e-01	 2.567143e-01	 -1.131579e-05	 6.699809e+04	 6.697190e+04	 2.619066e+01	 0	 1.351737e+04	 1.349687e-01	 1.242449e+02	 1.083523e+04	 1.136961e+04	 
 -2.480155e-02	 9.029038e-01	 2.567143e-01	 -1.131579e-05	 6.699809e+04	 6.697190e+04	 2.619066e+01	 0	 1.351737e+04	 1.349687e-01	 1.242449e+02	 1.083523e+04	 1.136961e+04	 
 -2.480155e-02	 9.029038e-01	 2.567143e-01	 -1.131579e-05	 6.699809e+04	 6.697190e+04	 2.619066e+01	 0	 1.351737e+04	 1.349687e-01	 1.242449e+02	 1.083523e+04	 1.136961e+04	 
 -2.480155e-02	 9.029038e-01	 2.567143e-01	 -1.131579e-05	 6.699809e+04	 6.697190e+04	 2.619066e+01	 0	 1.351737e+04	 1.349687e-01	 1.242449e+02	 1.083523e+04	 1.136961e+04	 
 -2.480155e-02	 9.029038e-01	 2.567143e-01	 -1.131579e-05	 6.699809e+04	 6.697190e+04	 2.619066e+01	 0	 1.351737e+04	 1.349687e-01	 1.242449e+02	 1.083523e+04	 1.136961e+04	 
 -2.480155e-02	 9.029038e-01	 2.567143e-01	 -1.131579e-05	 6.699809e+04	 6.697190e+04	 2.619066e+01	 0	 1.351737e+04	 1.349687e-01	 1.242449e+02	 1.083523e+04	 1.136961e+04	 
 1.583842e-01	 4.775980e-01	 4.390931e-01	 7.248947e-05	 6.282968e+04	 6.293400e+04	 1.043182e+02	 1	 8.340383e+02	 7.517196e-02	 6.689519e+02	 1.293742e+03	 9.048515e+02	 
 1.583842e-01	 4.775980e-01	 4.390931e-01	 7.248947e-05	 6.282968e+04	 6.293400e+04	 1.043182e+02	 1	 8.340383e+02	 7.517196e-02	 6.689519e+02	 1.293742e+03	 9.048515e+02	 
 1.583842e-01	 4.775980e-01	 4.390931e-01	 7.248947e-05	 6.282968e+04	 6.293400e+04	 1.043182e+02	 1	 8.340383e+02	 7.517196e-02	 6.689519e+02	 1.293742e+03	 9.048515e+02	 
 1.583842e-01	 4.775980e-01	 4.390931e-01	 7.248947e-05	 6.282968e+04	 6.293400e+04	 1.043182e+02	 1	 8.340383e+02	 7.517196e-02	 6.689519e+02	 1.293742e+03	 9.048515e+02	 
 1.583842e-01	 4.775980e-01	 4.390931e-01	 7.248947e-05	 6.282968e+04	 6.293400e+04	 1.043182e+02	 1	 8.340383e+02	 7.517196e-02	 6.689519e+02	 1.293742e+03	 9.048515e+02	 
 1.583842e-01	 4.775980e-01	 4.390931e-01	 7.248947e-05	 6.282968e+04	 6.293400e+04	 1.043182e+02	 1	 8.340383e+02	 7.517196e-02	 6.689519e+02	 1.293742e+03	 9.048515e+02	 
 3.952758e-02	 9.644424e-01	 7.074493e-02	 6.534333e-05	 2.863827e+04	 2.874160e+04	 1.033289e+02	 1	 5.134339e+04	 7.524001e-02	 1.881267e+02	 7.370869e+02	 3.518448e+02	 
 3.952758e-02	 9.644424e-01	 7.074493e-02	 6.534333e-05	 2.863827e+04	 2.874160e+04	 1.033289e+02	 1	 5.134339e+04	 7.524001e-02	 1.881267e+02	 7.370869e+02	 3.518448e+02	 
 3.952758e-02	 9.644424e-01	 7.074493e-02	 6.534333e-05	 2.863827e+04	 2.874160e+04	 1.033289e+02	 1	 5.134339e+04	 7.524001e-02	 1.881267e+02	 7.370869e+02	 3.518448e+02	 
 3.952758e-02	 9.644424e-01	 7.074493e-02	 6.534333e-05	 2.863827e+04	 2.874160e+04	 1.033289e+02	 1	 5.134339e+04	 7.524001e-02	 1.881267e+02	 7.370869e+02	 3.518448e+02	 
 3.952758e-02	 9.644424e-01	 7.074493e-02	 6.534333e-05	 2.863827e+04	 2.874160e+04	 1.033289e+02	 1	 5.134339e+04	 7.524001e-02	 1.881267e+02	 7.370869e+02	 3.518448e+02	 
 3.952758e-02	 9.644424e-01	 7.074493e-02	 6.534333e-05	 2.863827e+04	 2.874160e+04	 1.033289e+02	 1	 5.134339e+04	 7.524001e-02	 1.881267e+02	 7.370869e+02	 3.518448e+02	 
 1.813830e-01	 5.814348e-01	 3.111489e-01	 -4.060304e-06	 5.020816e+04	 5.020260e+04	 5.560751e+00	 0	 2.030744e+03	 7.401167e-02	 3.640472e+02	 5.118021e+02	 3.990125e+02	 
 1.813830e-01	 5.814348e-01	 3.111489e-01	 -4.060304e-06	 5.020816e+04	 5.020260e+04	 5.560751e+00	 0	 2.030744e+03	 7.401167e-02	 3.640472e+02	 5.118021e+02	 3.990125e+02	 
 1.813830e-01	 5.814348e-01	 3.111489e-01	 -4.060304e-06	 5.020816e+04	 5.020260e+04	 5.560751e+00	 0	 2.030744e+03	 7.401167e-02	 3.640472e+02	 5.118021e+02	 3.990125e+02	 
 1.813830e-01	 5.814348e-01	 3.111489e-01	 -4.060304e-06	 5.020816e+04	 5.020260e+04	 5.560751e+00	 0	 2.030744e+03	 7.401167e-02	 3.640472e+02	 5.118021e+02	 3.990125e+02	 
 1.813830e-01	 5.814348e-01	 3.111489e-01	 -4.060304e-06	 5.020816e+04	 5.020260e+04	 5.560751e+00	 0	 2.030744e+03	 7.401167e-02	 3.640472e+02	 5.118021e+02	 3.990125e+02	 
 1.813830e-01	 5.814348e-01	 3.111489e-01	 -4.060304e-06	 5.020816e+04	 5.020260e+04	 5.560751e+00	 0	 2.030744e+03	 7.401167e-02	 3.640472e+02	 5.118021e+02	 3.990125e+02	 
 -1.257880e-01	 4.594394e-01	 8.323201e-01	 -1.100022e-05	 5.742421e+04	 5.740450e+04	 1.970550e+01	 0	 7.710907e+04	 1.668116e-01	 1.148162e+02	 3.234285e+03	 3.279420e+03	 
 -1.257880e-01	 4.594394e-01	 8.323201e-01	 -1.100022e-05	 5.742421e+04	 5.740450e+04	 1.970550e+01	 0	 7.710907e+04	 1.668116e-01	 1.148162e+02	 3.234285e+03	 3.279420e+03	 
 -1.257880e-01	 4.594394e-01	 8.323201e-01	 -1.100022e-05	 5.742421e+04	 5.740450e+04	 1.970550e+01	 0	 7.710907e+04	 1.668116e-01	 1.148162e+02	 3.234285e+03	 3.279420e+03	 
 -1.257880e-01	 4.594394e-01	 8.323201e-01	 -1.100022e-05	 5.742421e+04	 5.740450e+04	 1.970550e+01	 0	 7.710907e+04	 1.668116e-01	 1.148162e+02	 3.234285e+03	 3.279420e+03	 
 -1.257880e-01	 4.594394e-01	 8.323201e-01	 -1.100022e-05	 5.742421e+04	 5.740450e+04	 1.970550e+01	 0	 7.710907e+04	 1.668116e-01	 1.148162e+02	 3.234285e+03	 3.279420e+03	 
 -1.257880e-01	 4.594394e-01	 8.323201e-01	 -1.100022e-05	 5.742421e+04	 5.740450e+04	 1.970550e+01	 0	 7.710907e+04	 1.668116e-01	 1.148162e+02	 3.234285e+03	 3.279420e+03	 
 1.550483e-02	 4.545821e-01	 6.351450e-01	 4.835361e-04	 1.038696e+05	 1.040234e+05	 1.537779e+02	 1	 3.654289e+03	 1.061302e-01	 7.313494e+01	 1.165035e+02	 1.129823e+02	 
 1.550483e-02	 4.545821e-01	 6.351450e-01	 4.835361e-04	 1.038696e+05	 1.040234e+05	 1.537779e+02	 1	 3.654289e+03	 1.061302e-01	 7.313494e+01	 1.165035e+02	 1.129823e+02	 
 1.550483e-02	 4.545821e-01	 6.351450e-01	 4.835361e-04	 1.038696e+05	 1.040234e+05	 1.537779e+02	 1	 3.654289e+03	 1.061302e-01	 7.313494e+01	 1.165035e+02	 1.129823e+02	 
 1.550483e-02	 4.545821e-01	 6.351450e-01	 4.835361e-04	 1.038696e+05	 1.040234e+05	 1.537779e+02	 1	 3.654289e+03	 1.061302e-01	 7.313494e+01	 1.165035e+02	 1.129823e+02	 
 1.550483e-02	 4.545821e-01	 6.351450e-01	 4.835361e-04	 1.038696e+05	 1.040234e+05	 1.537779e+02	 1	 3.654289e+03	 1.061302e-01	 7.313494e+01	 1.165035e+02	 1.129823e+02	 
 1.550483e-02	 4.545821e-01	 6.351450e-01	 4.835361e-04	 1.038696e+05	 1.040234e+05	 1.537779e+02	 1	 3.654289e+03	 1.061302e-01	 7.313494e+01	 1.165035e+02	 1.129823e+02	 
 6.903851e-01	 1.079283e+00	 -7.491594e-01	 -2.585204e-04	 4.836561e+04	 4.784400e+04	 5.216078e+02	 0	 1.232569e+04	 2.025379e-02	 5.689875e+02	 1.670053e+04	 3.352048e+03	 
 6.903851e-01	 1.079283e+00	 -7.491594e-01	 -2.585204e-04	 4.836561e+04	 4.784400e+04	 5.216078e+02	 0	 1.232569e+04	 2.025379e-02	 5.689875e+02	 1.670053e+04	 3.352048e+03	 
 2.255640e-03	 9.910591e-01	 7.229785e-03	 1.700409e-03	 4.465134e+04	 4.784400e+04	 3.192662e+03	 1	 4.393406e+04	 2.247087e-03	 4.924051e+00	 1.461834e+04	 3.234795e+03	 
 2.255640e-03	 9.910591e-01	 7.229785e-03	 1.700409e-03	 4.465134e+04	 4.784400e+04	 3.192662e+03	 1	 4.393406e+04	 2.247087e-03	 4.924051e+00	 1.461834e+04	 3.234795e+03	 
 2.255640e-03	 9.910591e-01	 7.229785e-03	 1.700409e-03	 4.465134e+04	 4.784400e+04	 3.192662e+03	 1	 4.393406e+04	 2.247087e-03	 4.924051e+00	 1.461834e+04	 3.234795e+03	 
 2.255640e-03	 9.910591e-01	 7.229785e-03	 1.700409e-03	 4.465134e+04	 4.784400e+04	 3.192662e+03	 1	 4.393406e+04	 2.247087e-03	 4.924051e+00	 1.461834e+04	 3.234795e+03	 
 4.895030e-01	 1.808402e-01	 2.880069e-01	 9.210190e-04	 3.671238e+04	 37654	 9.416215e+02	 1	 5.341065e+04	 4.142915e-02	 4.092727e-02	 3.935446e+02	 2.355292e+02	 
 4.895030e-01	 1.808402e-01	 2.880069e-01	 9.210190e-04	 3.671238e+04	 37654	 9.416215e+02	 1	 5.341065e+04	 4.142915e-02	 4.092727e-02	 3.935446e+02	 2.355292e+02	 
 4.895030e-01	 1.808402e-01	 2.880069e-01	 9.210190e-04	 3.671238e+04	 37654	 9.416215e+02	 1	 5.341065e+04	 4.142915e-02	 4.092727e-02	 3.935446e+02	 2.355292e+02	 
 4.895030e-01	 1.808402e-01	 2.880069e-01	 9.210190e-04	 3.671238e+04	 37654	 9.416215e+02	 1	 5.341065e+04	 4.142915e-02	 4.092727e-02	 3.935446e+02	 2.355292e+02	 
 4.895030e-01	 1.808402e-01	 2.880069e-01	 9.210190e-04	 3.671238e+04	 37654	 9.416215e+02	 1	 5.341065e+04	 4.142915e-02	 4.092727e-02	 3.935446e+02	 2.355292e+02	 
 4.895030e-01	 1.808402e-01	 2.880069e-01	 9.210190e-04	 3.671238e+04	 37654	 9.416215e+02	 1	 5.341065e+04	 4.142915e-02	 4.092727e-02	 3.935446e+02	 2.355292e+02	 
 -2.868970e-01	 -2.247459e-01	 1.744127e+00	 6.990268e-05	 2.046656e+04	 2.055170e+04	 8.513686e+01	 0	 4.768835e+05	 2.406977e-01	 1.543908e+01	 1.150114e+02	 1.290351e+02	 
 -2.868970e-01	 -2.247459e-01	 1.744127e+00	 6.990268e-05	 2.046656e+04	 2.055170e+04	 8.513686e+01	 0	 4.768835e+05	 2.406977e-01	 1.543908e+01	 1.150114e+02	 1.290351e+02	 
 -2.868970e-01	 -2.247459e-01	 1.744127e+00	 6.990268e-05	 2.046656e+04	 2.055170e+04	 8.513686e+01	 0	 4.768835e+05	 2.406977e-01	 1.543908e+01	 1.150114e+02	 1.290351e+02	 
 -2.868970e-01	 -2.247459e-01	 1.744127e+00	 6.990268e-05	 2.046656e+04	 2.055170e+04	 8.513686e+01	 0	 4.768835e+05	 2.406977e-01	 1.543908e+01	 1.150114e+02	 1.290351e+02	 
 -2.868970e-01	 -2.247459e-01	 1.744127e+00	 6.990268e-05	 2.046656e+04	 2.055170e+04	 8.513686e+01	 0	 4.768835e+05	 2.406977e-01	 1.543908e+01	 1.150114e+02	 1.290351e+02	 
 -2.868970e-01	 -2.247459e-01	 1.744127e+00	 6.990268e-05	 2.046656e+04	 2.055170e+04	 8.513686e+01	 0	 4.768835e+05	 2.406977e-01	 1.543908e+01	 1.150114e+02	 1.290351e+02	 
 -2.868970e-01	 -2.247459e-01	 1.744127e+00	 6.990268e-05	 2.046656e+04	 2.055170e+04	 8.513686e+01	 0	 4.768835e+05	 2.406977e-01	 1.543908e+01	 1.150114e+02	 1.290351e+02	 
 -2.868970e-01	 -2.247459e-01	 1.744127e+00	 6.990268e-05	 2.046656e+04	 2.055170e+04	 8.513686e+01	 0	 4.768835e+05	 2.406977e-01	 1.543908e+01	 1.150114e+02	 1.290351e+02	 
 -2.868970e-01	 -2.247459e-01	 1.744127e+00	 6.990268e-05	 2.046656e+04	 2.055170e+04	 8.513686e+01	 0	 4.768835e+05	 2.406977e-01	 1.543908e+01	 1.150114e+02	 1.290351e+02	 
 -2.868970e-01	 -2.247459e-01	 1.744127e+00	 6.990268e-05	 2.046656e+04	 2.055170e+04	 8.513686e+01	 0	 4.768835e+05	 2.406977e-01	 1.543908e+01	 1.150114e+02	 1.290351e+02	 
 -2.868970e-01	 -2.247459e-01	 1.744127e+00	 6.990268e-05	 2.046656e+04	 2.055170e+04	 8.513686e+01	 0	 4.768835e+05	 2.406977e-01	 1.543908e+01	 1.150114e+02	 1.290351e+02	 
 -2.868970e-01	 -2.247459e-01	 1.744127e+00	 6.990268e-05	 2.046656e+04	 2.055170e+04	 8.513686e+01	 0	 4.768835e+05	 2.406977e-01	 1.543908e+01	 1.150114e+02	 1.290351e+02	 
 3.541008e-02	 9.670854e-01	 7.488719e-02	 6.392951e-05	 2.868349e+04	 2.874160e+04	 5.811090e+01	 1	 3.590773e+04	 7.792020e-02	 1.877252e+02	 2.204201e+02	 1.912192e+02	 
 3.541008e-02	 9.670854e-01	 7.488719e-02	 6.392951e-05	 2.868349e+04	 2.874160e+04	 5.811090e+01	 1	 3.590773e+04	 7.792020e-02	 1.877252e+02	 2.204201e+02	 1.912192e+02	 
 3.541008e-02	 9.670854e-01	 7.488719e-02	 6.392951e-05	 2.868349e+04	 2.874160e+04	 5.811090e+01	 1	 3.590773e+04	 7.792020e-02	 1.877252e+02	 2.204201e+02	 1.912192e+02	 
 3.541008e-02	 9.670854e-01	 7.488719e-02	 6.392951e-05	 2.868349e+04	 2.874160e+04	 5.811090e+01	 1	 3.590773e+04	 7.792020e-02	 1.877252e+02	 2.204201e+02	 1.912192e+02	 
 3.541008e-02	 9.670854e-01	 7.488719e-02	 6.392951e-05	 2.868349e+04	 2.874160e+04	 5.811090e+01	 1	 3.590773e+04	 7.792020e-02	 1.877252e+02	 2.204201e+02	 1.912192e+02	 
 3.541008e-02	 9.670854e-01	 7.488719e-02	 6.392951e-05	 2.868349e+04	 2.874160e+04	 5.811090e+01	 1	 3.590773e+04	 7.792020e-02	 1.877252e+02	 2.204201e+02	 1.912192e+02	 
 2.938407e-04	 6.730201e-01	 4.268699e-01	 9.718754e-05	 2.869927e+04	 2.874160e+04	 4.232512e+01	 1	 9.150817e+03	 1.007955e-01	 1.552483e+02	 7.855392e+01	 6.675530e+01	 
 2.938407e-04	 6.730201e-01	 4.268699e-01	 9.718754e-05	 2.869927e+04	 2.874160e+04	 4.232512e+01	 1	 9.150817e+03	 1.007955e-01	 1.552483e+02	 7.855392e+01	 6.675530e+01	 
 2.938407e-04	 6.730201e-01	 4.268699e-01	 9.718754e-05	 2.869927e+04	 2.874160e+04	 4.232512e+01	 1	 9.150817e+03	 1.007955e-01	 1.552483e+02	 7.855392e+01	 6.675530e+01	 
 2.938407e-04	 6.730201e-01	 4.268699e-01	 9.718754e-05	 2.869927e+04	 2.874160e+04	 4.232512e+01	 1	 9.150817e+03	 1.007955e-01	 1.552483e+02	 7.855392e+01	 6.675530e+01	 
 2.938407e-04	 6.730201e-01	 4.268699e-01	 9.718754e-05	 2.869927e+04	 2.874160e+04	 4.232512e+01	 1	 9.150817e+03	 1.007955e-01	 1.552483e+02	 7.855392e+01	 6.675530e+01	 
 2.938407e-04	 6.730201e-01	 4.268699e-01	 9.718754e-05	 2.869927e+04	 2.874160e+04	 4.232512e+01	 1	 9.150817e+03	 1.007955e-01	 1.552483e+02	 7.855392e+01	 6.675530e+01	 
 -2.868970e-01	 -2.247459e-01	 1.744127e+00	 6.990268e-05	 2.046656e+04	 2.055170e+04	 8.513686e+01	 0	 4.768835e+05	 2.406977e-01	 1.543908e+01	 1.150114e+02	 1.290351e+02	 
 -2.868970e-01	 -2.247459e-01	 1.744127e+00	 6.990268e-05	 2.046656e+04	 2.055170e+04	 8.513686e+01	 0	 4.768835e+05	 2.406977e-01	 1.543908e+01	 1.150114e+02	 1.290351e+02	 
 -2.868970e-01	 -2.247459e-01	 1.744127e+00	 6.990268e-05	 2.046656e+04	 2.055170e+04	 8.513686e+01	 0	 4.768835e+05	 2.406977e-01	 1.543908e+01	 1.150114e+02	 1.290351e+02	 
 -2.868970e-01	 -2.247459e-01	 1.744127e+00	 6.990268e-05	 2.046656e+04	 2.055170e+04	 8.513686e+01	 0	 4.768835e+05	 2.406977e-01	 1.543908e+01	 1.150114e+02	 1.290351e+02	 
 -2.868970e-01	 -2.247459e-01	 1.744127e+00	 6.990268e-05	 2.046656e+04	 2.055170e+04	 8.513686e+01	 0	 4.768835e+05	 2.406977e-01	 1.543908e+01	 1.150114e+02	 1.290351e+02	 
 -2.868970e-01	 -2.247459e-01	 1.744127e+00	 6.990268e-05	 2.046656e+04	 2.055170e+04	 8.513686e+01	 0	 4.768835e+05	 2.406977e-01	 1.543908e+01	 1.150114e+02	 1.290351e+02	 
 8.224154e-04	 4.700801e-01	 6.387700e-01	 4.175857e-04	 1.039337e+05	 1.040234e+05	 8.965967e+01	 1	 2.710408e+03	 1.104583e-01	 8.947872e+01	 9.230140e+01	 8.340894e+01	 
 8.224154e-04	 4.700801e-01	 6.387700e-01	 4.175857e-04	 1.039337e+05	 1.040234e+05	 8.965967e+01	 1	 2.710408e+03	 1.104583e-01	 8.947872e+01	 9.230140e+01	 8.340894e+01	 
 8.224154e-04	 4.700801e-01	 6.387700e-01	 4.175857e-04	 1.039337e+05	 1.040234e+05	 8.965967e+01	 1	 2.710408e+03	 1.104583e-01	 8.947872e+01	 9.230140e+01	 8.340894e+01	 
 8.224154e-04	 4.700801e-01	 6.387700e-01	 4.175857e-04	 1.039337e+05	 1.040234e+05	 8.965967e+01	 1	 2.710408e+03	 1.104583e-01	 8.947872e+01	 9.230140e+01	 8.340894e+01	 
 8.224154e-04	 4.700801e-01	 6.387700e-01	 4.175857e-04	 1.039337e+05	 1.040234e+05	 8.965967e+01	 1	 2.710408e+03	 1.104583e-01	 8.947872e+01	 9.230140e+01	 8.340894e+01	 
 8.224154e-04	 4.700801e-01	 6.387700e-01	 4.175857e-04	 1.039337e+05	 1.040234e+05	 8.965967e+01	 1	 2.710408e+03	 1.104583e-01	 8.947872e+01	 9.230140e+01	 8.340894e+01	 
 3.327939e-04	 4.706249e-01	 6.388684e-01	 4.134545e-04	 1.039361e+05	 1.040234e+05	 8.730365e+01	 1	 2.691846e+03	 1.106052e-01	 9.013696e+01	 9.105180e+01	 8.217003e+01	 
 3.327939e-04	 4.706249e-01	 6.388684e-01	 4.134545e-04	 1.039361e+05	 1.040234e+05	 8.730365e+01	 1	 2.691846e+03	 1.106052e-01	 9.013696e+01	 9.105180e+01	 8.217003e+01	 
 3.327939e-04	 4.706249e-01	 6.388684e-01	 4.134545e-04	 1.039361e+05	 1.040234e+05	 8.730365e+01	 1	 2.691846e+03	 1.106052e-01	 9.013696e+01	 9.105180e+01	 8.217003e+01	 
 3.327939e-04	 4.706249e-01	 6.388684e-01	 4.134545e-04	 1.039361e+05	 1.040234e+05	 8.730365e+01	 1	 2.691846e+03	 1.106052e-01	 9.013696e+01	 9.105180e+01	 8.217003e+01	 
 3.327939e-04	 4.706249e-01	 6.388684e-01	 4.134545e-04	 1.039361e+05	 1.040234e+05	 8.730365e+01	 1	 2.691846e+03	 1.106052e-01	 9.013696e+01	 9.105180e+01	 8.217003e+01	 
 3.327939e-04	 4.706249e-01	 6.388684e-01	 4.134545e-04	 1.039361e+05	 1.040234e+05	 8.730365e+01	 1	 2.691846e+03	 1.106052e-01	 9.013696e+01	 9.105180e+01	 8.217003e+01	 
 -2.868970e-01	 -2.247459e-01	 1.744127e+00	 6.990268e-05	 2.046656e+04	 2.055170e+04	 8.513686e+01	 0	 4.768835e+05	 2.406977e-01	 1.543908e+01	 1.150114e+02	 1.290351e+02	 
 -2.868970e-01	 -2.247459e-01	 1.744127e+00	 6.990268e-05	 2.046656e+04	 2.055170e+04	 8.513686e+01	 0	 4.768835e+05	 2.406977e-01	 1.543908e+01	 1.150114e+02	 1.290351e+02	 
 -2.868970e-01	 -2.247459e-01	 1.744127e+00	 6.990268e-05	 2.046656e+04	 2.055170e+04	 8.513686e+01	 0	 4.768835e+05	 2.406977e-01	 1.543908e+01	 1.150114e+02	 1.290351e+02	 
 -2.868970e-01	 -2.247459e-01	 1.744127e+00	 6.990268e-05	 2.046656e+04	 2.055170e+04	 8.513686e+01	 0	 4.768835e+05	 2.406977e-01	 1.543908e+01	 1.150114e+02	 1.290351e+02	 
 -2.868970e-01	 -2.247459e-01	 1.744127e+00	 6.990268e-05	 2.046656e+04	 2.055170e+04	 8.513686e+01	 0	 4.768835e+05	 2.406977e-01	 1.543908e+01	 1.150114e+02	 1.290351e+02	 
 -2.868970e-01	 -2.247459e-01	 1.744127e+00	 6.990268e-05	 2.046656e+04	 2.055170e+04	 8.513686e+01	 0	 4.768835e+05	 2.406977e-01	 1.543908e+01	 1.150114e+02	 1.290351e+02	 
 -2.480155e-02	 9.029038e-01	 2.567143e-01	 -1.131579e-05	 6.699809e+04	 6.697190e+04	 2.619066e+01	 0	 1.351737e+04	 1.349687e-01	 1.242449e+02	 1.083523e+04	 1.136961e+04	 
 -2.480155e-02	 9.029038e-01	 2.567143e-01	 -1.131579e-05	 6.699809e+04	 6.697190e+04	 2.619066e+01	 0	 1.351737e+04	 1.349687e-01	 1.242449e+02	 1.083523e+04	 1.136961e+04	 
 -2.480155e-02	 9.029038e-01	 2.567143e-01	 -1.131579e-05	 6.699809e+04	 6.697190e+04	 2.619066e+01	 0	 1.351737e+04	 1.349687e-01	 1.242449e+02	 1.083523e+04	 1.136961e+04	 
 -2.480155e-02	 9.029038e-01	 2.567143e-01	 -1.131579e-05	 6.699809e+04	 6.697190e+04	 2.619066e+01	 0	 1.351737e+04	 1.349687e-01	 1.242449e+02	 1.083523e+04	 1.136961e+04	 
 -2.480155e-02	 9.029038e-01	 2.567143e-01	 -1.131579e-05	 6.699809e+04	 6.697190e+04	 2.619066e+01	 0	 1.351737e+04	 1.349687e-01	 1.242449e+02	 1.083523e+04	 1.136961e+04	 
 -2.480155e-02	 9.029038e-01	 2.567143e-01	 -1.131579e-05	 6.699809e+04	 6.697190e+04	 2.619066e+01	 0	 1.351737e+04	 1.349687e-01	 1.242449e+02	 1.083523e+04	 1.136961e+04	 
 -2.480155e-02	 9.029038e-01	 2.567143e-01	 -1.131579e-05	 6.699809e+04	 6.697190e+04	 2.619066e+01	 0	 1.351737e+04	 1.349687e-01	 1.242449e+02	 1.083523e+04	 1.136961e+04	 
 -2.480155e-02	 9.029038e-01	 2.567143e-01	 -1.131579e-05	 6.699809e+04	 6.697190e+04	 2.619066e+01	 0	 1.351737e+04	 1.349687e-01	 1.242449e+02	 1.083523e+04	 1.136961e+04	 
 -2.480155e-02	 9.029038e-01	 2.567143e-01	 -1.131579e-05	 6.699809e+04	 6.697190e+04	 2.619066e+01	 0	 1.351737e+04	 1.349687e-01	 1.242449e+02	 1.083523e+04	 1.136961e+04	 
 -2.480155e-02	 9.029038e-01	 2.567143e-01	 -1.131579e-05	 6.699809e+04	 6.697190e+04	 2.619066e+01	 0	 1.351737e+04	 1.349687e-01	 1.242449e+02	 1.083523e+04	 1.136961e+04	 
 -2.480155e-02	 9.029038e-01	 2.567143e-01	 -1.131579e-05	 6.699809e+04	 6.697190e+04	 2.619066e+01	 0	 1.351737e+04	 1.349687e-01	 1.242449e+02	 1.083523e+04	 1.136961e+04	 
 -2.480155e-02	 9.029038e-01	 2.567143e-01	 -1.131579e-05	 6.699809e+04	 6.697190e+04	 2.619066e+01	 0	 1.351737e+04	 1.349687e-01	 1.242449e+02	 1.083523e+04	 1.136961e+04	 
 -2.868970e-01	 -2.247459e-01	 1.744127e+00	 6.990268e-05	 2.046656e+04	 2.055170e+04	 8.513686e+01	 0	 4.768835e+05	 2.406977e-01	 1.543908e+01	 1.150114e+02	 1.290351e+02	 
 -2.868970e-01	 -2.247459e-01	 1.744127e+00	 6.990268e-05	 2.046656e+04	 2.055170e+04	 8.513686e+01	 0	 4.768835e+05	 2.406977e-01	 1.543908e+01	 1.150114e+02	 1.290351e+02	 
 -2.868970e-01	 -2.247459e-01	 1.744127e+00	 6.990268e-05	 2.046656e+04	 2.055170e+04	 8.513686e+01	 0	 4.768835e+05	 2.406977e-01	 1.543908e+01	 1.150114e+02	 1.290351e+02	 
 -2.868970e-01	 -2.247459e-01	 1.744127e+00	 6.990268e-05	 2.046656e+04	 2.055170e+04	 8.513686e+01	 0	 4.768835e+05	 2.406977e-01	 1.543908e+01	 1.150114e+02	 1.290351e+02	 
 -2.868970e-01	 -2.247459e-01	 1.744127e+00	 6.990268e-05	 2.046656e+04	 2.055170e+04	 8.513686e+01	 0	 4.768835e+05	 2.406977e-01	 1.543908e+01	 1.150114e+02	 1.290351e+02	 
 -2.868970e-01	 -2.247459e-01	 1.744127e+00	 6.990268e-05	 2.046656e+04	 2.055170e+04	 8.513686e+01	 0	 4.768835e+05	 2.406977e-01	 1.543908e+01	 1.150114e+02	 1.290351e+02	 
 -2.868970e-01	 -2.247459e-01	 1.744127e+00	 6.990268e-05	 2.046656e+04	 2.055170e+04	 8.513686e+01	 0	 4.768835e+05	 2.406977e-01	 1.543908e+01	 1.150114e+02	 1.290351e+02	 
 -2.868970e-01	 -2.247459e-01	 1.744127e+00	 6.990268e-05	 2.046656e+04	 2.055170e+04	 8.513686e+01	 0	 4.768835e+05	 2.406977e-01	 1.543908e+01	 1.150114e+02	 1.290351e+02	 
 -2.868970e-01	 -2.247459e-01	 1.744127e+00	 6.990268e-05	 2.046656e+04	 2.055170e+04	 8.513686e+01	 0	 4.768835e+05	 2.406977e-01	 1.543908e+01	 1.150114e+02	 1.290351e+02	 
 -2.868970e-01	 -2.247459e-01	 1.744127e+00	 6.990268e-05	 2.046656e+04	 2.055170e+04	 8.513686e+01	 0	 4.768835e+05	 2.406977e-01	 1.543908e+01	 1.150114e+02	 1.290351e+02	 
 -2.868970e-01	 -2.247459e-01	 1.744127e+00	 6.990268e-05	 2.046656e+04	 2.055170e+04	 8.513686e+01	 0	 4.768835e+05	 2.406977e-01	 1.543908e+01	 1.150114e+02	 1.290351e+02	 
 -2.868970e-01	 -2.247459e-01	 1.744127e+00	 6.990268e-05	 2.046656e+04	 2.055170e+04	 8.513686e+01	 0	 4.768835e+05	 2.406977e-01	 1.543908e+01	 1.150114e+02	 1.290351e+02	 
 -2.868970e-01	 -2.247459e-01	 1.744127e+00	 6.990268e-05	 2.046656e+04	 2.055170e+04	 8.513686e+01	 0	 4.768835e+05	 2.406977e-01	 1.543908e+01	 1.150114e+02	 1.290351e+02	 
 -2.868970e-01	 -2.247459e-01	 1.744127e+00	 6.990268e-05	 2.046656e+04	 2.055170e+04	 8.513686e+01	 0	 4.768835e+05	 2.406977e-01	 1.543908e+01	 1.150114e+02	 1.290351e+02	 
 -2.868970e-01	 -2.247459e-01	 1.744127e+00	 6.990268e-05	 2.046656e+04	 2.055170e+04	 8.513686e+01	 0	 4.768835e+05	 2.406977e-01	 1.543908e+01	 1.150114e+02	 1.290351e+02	 
 -2.868970e-01	 -2.247459e-01	 1.744127e+00	 6.990268e-05	 2.046656e+04	 2.055170e+04	 8.513686e+01	 0	 4.768835e+05	 2.406977e-01	 1.543908e+01	 1.150114e+02	 1.290351e+02	 
 -2.868970e-01	 -2.247459e-01	 1.744127e+00	 6.990268e-05	 2.046656e+04	 2.055170e+04	 8.513686e+01	 0	 4.768835e+05	 2.406977e-01	 1.543908e+01	 1.150114e+02	 1.290351e+02	 
 -2.868970e-01	 -2.247459e-01	 1.744127e+00	 6.990268e-05	 2.046656e+04	 2.055170e+04	 8.513686e+01	 0	 4.768835e+05	 2.406977e-01	 1.543908e+01	 1.150114e+02	 1.290351e+02	 
 -2.868970e-01	 -2.247459e-01	 1.744127e+00	 6.990268e-05	 2.046656e+04	 2.055170e+04	 8.513686e+01	 0	 4.768835e+05	 2.406977e-01	 1.543908e+01	 1.150114e+02	 1.290351e+02	 
 -2.868970e-01	 -2.247459e-01	 1.744127e+00	 6.990268e-05	 2.046656e+04	 2.055170e+04	 8.513686e+01	 0	 4.768835e+05	 2.406977e-01	 1.543908e+01	 1.150114e+02	 1.290351e+02	 
 -2.868970e-01	 -2.247459e-01	 1.744127e+00	 6.990268e-05	 2.046656e+04	 2.055170e+04	 8.513686e+01	 0	 4.768835e+05	 2.406977e-01	 1.543908e+01	 1.150114e+02	 1.290351e+02	 
 -2.868970e-01	 -2.247459e-01	 1.744127e+00	 6.990268e-05	 2.046656e+04	 2.055170e+04	 8.513686e+01	 0	 4.768835e+05	 2.406977e-01	 1.543908e+01	 1.150114e+02	 1.290351e+02	 
 -2.868970e-01	 -2.247459e-01	 1.744127e+00	 6.990268e-05	 2.046656e+04	 2.055170e+04	 8.513686e+01	 0	 4.768835e+05	 2.406977e-01	 1.543908e+01	 1.150114e+02	 1.290351e+02	 
 -2.868970e-01	 -2.247459e-01	 1.744127e+00	 6.990268e-05	 2.046656e+04	 2.055170e+04	 8.513686e+01	 0	 4.768835e+05	 2.406977e-01	 1.543908e+01	 1.150114e+02	 1.290351e+02	 
 8.224154e-04	 4.700801e-01	 6.387700e-01	 4.175857e-04	 1.039337e+05	 1.040234e+05	 8.965967e+01	 1	 2.710408e+03	 1.104583e-01	 8.947872e+01	 9.230140e+01	 8.340894e+01	 
 8.224154e-04	 4.700801e-01	 6.387700e-01	 4.175857e-04	 1.039337e+05	 1.040234e+05	 8.965967e+01	 1	 2.710408e+03	 1.104583e-01	 8.947872e+01	 9.230140e+01	 8.340894e+01	 
 8.224154e-04	 4.700801e-01	 6.387700e-01	 4.175857e-04	 1.039337e+05	 1.040234e+05	 8.965967e+01	 1	 2.710408e+03	 1.104583e-01	 8.947872e+01	 9.230140e+01	 8.340894e+01	 
 8.224154e-04	 4.700801e-01	 6.387700e-01	 4.175857e-04	 1.039337e+05	 1.040234e+05	 8.965967e+01	 1	 2.710408e+03	 1.104583e-01	 8.947872e+01	 9.230140e+01	 8.340894e+01	 
 8.224154e-04	 4.700801e-01	 6.387700e-01	 4.175857e-04	 1.039337e+05	 1.040234e+05	 8.965967e+01	 1	 2.710408e+03	 1.104583e-01	 8.947872e+01	 9.230140e+01	 8.340894e+01	 
 8.224154e-04	 4.700801e-01	 6.387700e-01	 4.175857e-04	 1.039337e+05	 1.040234e+05	 8.965967e+01	 1	 2.710408e+03	 1.104583e-01	 8.947872e+01	 9.230140e+01	 8.340894e+01	 
 2.042632e-02	 4.587303e-01	 6.256065e-01	 3.009220e-04	 1.039106e+05	 1.040234e+05	 1.128180e+02	 1	 5.331800e+03	 1.054868e-01	 7.110357e+01	 6.021104e+01	 5.465911e+01	 
 2.042632e-02	 4.587303e-01	 6.256065e-01	 3.009220e-04	 1.039106e+05	 1.040234e+05	 1.128180e+02	 1	 5.331800e+03	 1.054868e-01	 7.110357e+01	 6.021104e+01	 5.465911e+01	 
 2.042632e-02	 4.587303e-01	 6.256065e-01	 3.009220e-04	 1.039106e+05	 1.040234e+05	 1.128180e+02	 1	 5.331800e+03	 1.054868e-01	 7.110357e+01	 6.021104e+01	 5.465911e+01	 
 2.042632e-02	 4.587303e-01	 6.256065e-01	 3.009220e-04	 1.039106e+05	 1.040234e+05	 1.128180e+02	 1	 5.331800e+03	 1.054868e-01	 7.110357e+01	 6.021104e+01	 5.465911e+01	 
 2.042632e-02	 4.587303e-01	 6.256065e-01	 3.009220e-04	 1.039106e+05	 1.040234e+05	 1.128180e+02	 1	 5.331800e+03	 1.054868e-01	 7.110357e+01	 6.021104e+01	 5.465911e+01	 
 2.042632e-02	 4.587303e-01	 6.256065e-01	 3.009220e-04	 1.039106e+05	 1.040234e+05	 1.128180e+02	 1	 5.331800e+03	 1.054868e-01	 7.110357e+01	 6.021104e+01	 5.465911e+01	 
 -2.868970e-01	 -2.247459e-01	 1.744127e+00	 6.990268e-05	 2.046656e+04	 2.055170e+04	 8.513686e+01	 0	 4.768835e+05	 2.406977e-01	 1.543908e+01	 1.150114e+02	 1.290351e+02	 
 -2.868970e-01	 -2.247459e-01	 1.744127e+00	 6.990268e-05	 2.046656e+04	 2.055170e+04	 8.513686e+01	 0	 4.768835e+05	 2.406977e-01	 1.543908e+01	 1.150114e+02	 1.290351e+02	 
 -2.868970e-01	 -2.247459e-01	 1.744127e+00	 6.990268e-05	 2.046656e+04	 2.055170e+04	 8.513686e+01	 0	 4.768835e+05	 2.406977e-01	 1.543908e+01	 1.150114e+02	 1.290351e+02	 
 -2.868970e-01	 -2.247459e-01	 1.744127e+00	 6.990268e-05	 2.046656e+04	 2.055170e+04	 8.513686e+01	 0	 4.768835e+05	 2.406977e-01	 1.543908e+01	 1.150114e+02	 1.290351e+02	 
 -2.868970e-01	 -2.247459e-01	 1.744127e+00	 6.990268e-05	 2.046656e+04	 2.055170e+04	 8.513686e+01	 0	 4.768835e+05	 2.406977e-01	 1.543908e+01	 1.150114e+02	 1.290351e+02	 
 -2.868970e-01	 -2.247459e-01	 1.744127e+00	 6.990268e-05	 2.046656e+04	 2.055170e+04	 8.513686e+01	 0	 4.768835e+05	 2.406977e-01	 1.543908e+01	 1.150114e+02	 1.290351e+02	 
 1.431439e-01	 5.043862e-01	 4.325206e-01	 8.566395e-05	 6.285573e+04	 6.293400e+04	 7.826595e+01	 1	 7.289280e+02	 8.015763e-02	 7.170599e+02	 1.063461e+04	 1.363834e+03	 
 1.431439e-01	 5.043862e-01	 4.325206e-01	 8.566395e-05	 6.285573e+04	 6.293400e+04	 7.826595e+01	 1	 7.289280e+02	 8.015763e-02	 7.170599e+02	 1.063461e+04	 1.363834e+03	 
 1.431439e-01	 5.043862e-01	 4.325206e-01	 8.566395e-05	 6.285573e+04	 6.293400e+04	 7.826595e+01	 1	 7.289280e+02	 8.015763e-02	 7.170599e+02	 1.063461e+04	 1.363834e+03	 
 1.431439e-01	 5.043862e-01	 4.325206e-01	 8.566395e-05	 6.285573e+04	 6.293400e+04	 7.826595e+01	 1	 7.289280e+02	 8.015763e-02	 7.170599e+02	 1.063461e+04	 1.363834e+03	 
 1.431439e-01	 5.043862e-01	 4.325206e-01	 8.566395e-05	 6.285573e+04	 6.293400e+04	 7.826595e+01	 1	 7.289280e+02	 8.015763e-02	 7.170599e+02	 1.063461e+04	 1.363834e+03	 
 1.431439e-01	 5.043862e-01	 4.325206e-01	 8.566395e-05	 6.285573e+04	 6.293400e+04	 7.826595e+01	 1	 7.289280e+02	 8.015763e-02	 7.170599e+02	 1.063461e+04	 1.363834e+03	 
 1.453598e-01	 5.052174e-01	 4.290245e-01	 8.039790e-05	 6.286784e+04	 6.293400e+04	 6.616264e+01	 1	 7.767512e+02	 7.970279e-02	 6.990625e+02	 8.451902e+03	 2.094107e+00	 
 1.453598e-01	 5.052174e-01	 4.290245e-01	 8.039790e-05	 6.286784e+04	 6.293400e+04	 6.616264e+01	 1	 7.767512e+02	 7.970279e-02	 6.990625e+02	 8.451902e+03	 2.094107e+00	 
 1.453598e-01	 5.052174e-01	 4.290245e-01	 8.039790e-05	 6.286784e+04	 6.293400e+04	 6.616264e+01	 1	 7.767512e+02	 7.970279e-02	 6.990625e+02	 8.451902e+03	 2.094107e+00	 
 1.453598e-01	 5.052174e-01	 4.290245e-01	 8.039790e-05	 6.286784e+04	 6.293400e+04	 6.616264e+01	 1	 7.767512e+02	 7.970279e-02	 6.990625e+02	 8.451902e+03	 2.094107e+00	 
 1.453598e-01	 5.052174e-01	 4.290245e-01	 8.039790e-05	 6.286784e+04	 6.293400e+04	 6.616264e+01	 1	 7.767512e+02	 7.970279e-02	 6.990625e+02	 8.451902e+03	 2.094107e+00	 
 1.453598e-01	 5.052174e-01	 4.290245e-01	 8.039790e-05	 6.286784e+04	 6.293400e+04	 6.616264e+01	 1	 7.767512e+02	 7.970279e-02	 6.990625e+02	 8.451902e+03	 2.094107e+00	 
 -2.868970e-01	 -2.247459e-01	 1.744127e+00	 6.990268e-05	 2.046656e+04	 2.055170e+04	 8.513686e+01	 0	 4.768835e+05	 2.406977e-01	 1.543908e+01	 1.150114e+02	 1.290351e+02	 
 -2.868970e-01	 -2.247459e-01	 1.744127e+00	 6.990268e-05	 2.046656e+04	 2.055170e+04	 8.513686e+01	 0	 4.768835e+05	 2.406977e-01	 1.543908e+01	 1.150114e+02	 1.290351e+02	 
 -2.868970e-01	 -2.247459e-01	 1.744127e+00	 6.990268e-05	 2.046656e+04	 2.055170e+04	 8.513686e+01	 0	 4.768835e+05	 2.406977e-01	 1.543908e+01	 1.150114e+02	 1.290351e+02	 
 -2.868970e-01	 -2.247459e-01	 1.744127e+00	 6.990268e-05	 2.046656e+04	 2.055170e+04	 8.513686e+01	 0	 4.768835e+05	 2.406977e-01	 1.543908e+01	 1.150114e+02	 1.290351e+02	 
 -2.868970e-01	 -2.247459e-01	 1.744127e+00	 6.990268e-05	 2.046656e+04	 2.055170e+04	 8.513686e+01	 0	 4.768835e+05	 2.406977e-01	 1.543908e+01	 1.150114e+02	 1.290351e+02	 
 -2.868970e-01	 -2.247459e-01	 1.744127e+00	 6.990268e-05	 2.046656e+04	 2.055170e+04	 8.513686e+01	 0	 4.768835e+05	 2.406977e-01	 1.543908e+01	 1.150114e+02	 1.290351e+02	 
 1.813830e-01	 5.814348e-01	 3.111489e-01	 -4.060304e-06	 5.020816e+04	 5.020260e+04	 5.560751e+00	 0	 2.030744e+03	 7.401167e-02	 3.640472e+02	 5.118021e+02	 3.990125e+02	 
 1.813830e-01	 5.814348e-01	 3.111489e-01	 -4.060304e-06	 5.020816e+04	 5.020260e+04	 5.560751e+00	 0	 2.030744e+03	 7.401167e-02	 3.640472e+02	 5.118021e+02	 3.990125e+02	 
 1.813830e-01	 5.814348e-01	 3.111489e-01	 -4.060304e-06	 5.020816e+04	 5.020260e+04	 5.560751e+00	 0	 2.030744e+03	 7.401167e-02	 3.640472e+02	 5.118021e+02	 3.990125e+02	 
 1.813830e-01	 5.814348e-01	 3.111489e-01	 -4.060304e-06	 5.020816e+04	 5.020260e+04	 5.560751e+00	 0	 2.030744e+03	 7.401167e-02	 3.640472e+02	 5.118021e+02	 3.990125e+02	 
 1.813830e-01	 5.814348e-01	 3.111489e-01	 -4.060304e-06	 5.020816e+04	 5.020260e+04	 5.560751e+00	 0	 2.030744e+03	 7.401167e-02	 3.640472e+02	 5.118021e+02	 3.990125e+02	 
 1.813830e-01	 5.814348e-01	 3.111489e-01	 -4.060304e-06	 5.020816e+04	 5.020260e+04	 5.560751e+00	 0	 2.030744e+03	 7.401167e-02	 3.640472e+02	 5.118021e+02	 3.990125e+02	 
 1.813830e-01	 5.814348e-01	 3.111489e-01	 -4.060304e-06	 5.020816e+04	 5.020260e+04	 5.560751e+00	 0	 2.030744e+03	 7.401167e-02	 3.640472e+02	 5.118021e+02	 3.990125e+02	 
 1.813830e-01	 5.814348e-01	 3.111489e-01	 -4.060304e-06	 5.020816e+04	 5.020260e+04	 5.560751e+00	 0	 2.030744e+03	 7.401167e-02	 3.640472e+02	 5.118021e+02	 3.990125e+02	 
 1.813830e-01	 5.814348e-01	 3.111489e-01	 -4.060304e-06	 5.020816e+04	 5.020260e+04	 5.560751e+00	 0	 2.030744e+03	 7.401167e-02	 3.640472e+02	 5.118021e+02	 3.990125e+02	 
 1.813830e-01	 5.814348e-01	 3.111489e-01	 -4.060304e-06	 5.020816e+04	 5.020260e+04	 5.560751e+00	 0	 2.030744e+03	 7.401167e-02	 3.640472e+02	 5.118021e+02	 3.990125e+02	 
 1.813830e-01	 5.814348e-01	 3.111489e-01	 -4.060304e-06	 5.020816e+04	 5.020260e+04	 5.560751e+00	 0	 2.030744e+03	 7.401167e-02	 3.640472e+02	 5.118021e+02	 3.990125e+02	 
 1.813830e-01	 5.814348e-01	 3.111489e-01	 -4.060304e-06	 5.020816e+04	 5.020260e+04	 5.560751e+00	 0	 2.030744e+03	 7.401167e-02	 3.640472e+02	 5.118021e+02	 3.990125e+02	 
 -2.868970e-01	 -2.247459e-01	 1.744127e+00	 6.990268e-05	 2.046656e+04	 2.055170e+04	 8.513686e+01	 0	 4.768835e+05	 2.406977e-01	 1.543908e+01	 1.150114e+02	 1.290351e+02	 
 -2.868970e-01	 -2.247459e-01	 1.744127e+00	 6.990268e-05	 2.046656e+04	 2.055170e+04	 8.513686e+01	 0	 4.768835e+05	 2.406977e-01	 1.543908e+01	 1.150114e+02	 1.290351e+02	 
 -2.868970e-01	 -2.247459e-01	 1.744127e+00	 6.990268e-05	 2.046656e+04	 2.055170e+04	 8.513686e+01	 0	 4.768835e+05	 2.406977e-01	 1.543908e+01	 1.150114e+02	 1.290351e+02	 
 -2.868970e-01	 -2.247459e-01	 1.744127e+00	 6.990268e-05	 2.046656e+04	 2.055170e+04	 8.513686e+01	 0	 4.768835e+05	 2.406977e-01	 1.543908e+01	 1.150114e+02	 1.290351e+02	 
 -2.868970e-01	 -2.247459e-01	 1.744127e+00	 6.990268e-05	 2.046656e+04	 2.055170e+04	 8.513686e+01	 0	 4.768835e+05	 2.406977e-01	 1.543908e+01	 1.150114e+02	 1.290351e+02	 
 -2.868970e-01	 -2.247459e-01	 1.744127e+00	 6.990268e-05	 2.046656e+04	 2.055170e+04	 8.513686e+01	 0	 4.768835e+05	 2.406977e-01	 1.543908e+01	 1.150114e+02	 1.290351e+02	 
 1.813830e-01	 5.814348e-01	 3.111489e-01	 -4.060304e-06	 5.020816e+04	 5.020260e+04	 5.560751e+00	 0	 2.030744e+03	 7.401167e-02	 3.640472e+02	 5.118021e+02	 3.990125e+02	 
 1.813830e-01	 5.814348e-01	 3.111489e-01	 -4.060304e-06	 5.020816e+04	 5.020260e+04	 5.560751e+00	 0	 2.030744e+03	 7.401167e-02	 3.640472e+02	 5.118021e+02	 3.990125e+02	 
 1.813830e-01	 5.814348e-01	 3.111489e-01	 -4.060304e-06	 5.020816e+04	 5.020260e+04	 5.560751e+00	 0	 2.030744e+03	 7.401167e-02	 3.640472e+02	 5.118021e+02	 3.990125e+02	 
 1.813830e-01	 5.814348e-01	 3.111489e-01	 -4.060304e-06	 5.020816e+04	 5.020260e+04	 5.560751e+00	 0	 2.030744e+03	 7.401167e-02	 3.640472e+02	 5.118021e+02	 3.990125e+02	 
 1.813830e-01	 5.814348e-01	 3.111489e-01	 -4.060304e-06	 5.020816e+04	 5.020260e+04	 5.560751e+00	 0	 2.030744e+03	 7.401167e-02	 3.640472e+02	 5.118021e+02	 3.990125e+02	 
 1.813830e-01	 5.814348e-01	 3.111489e-01	 -4.060304e-06	 5.020816e+04	 5.020260e+04	 5.560751e+00	 0	 2.030744e+03	 7.401167e-02	 3.640472e+02	 5.118021e+02	 3.990125e+02	 
 1.813830e-01	 5.814348e-01	 3.111489e-01	 -4.060304e-06	 5.020816e+04	 5.020260e+04	 5.560751e+00	 0	 2.030744e+03	 7.401167e-02	 3.640472e+02	 5.118021e+02	 3.990125e+02	 
 1.813830e-01	 5.814348e-01	 3.111489e-01	 -4.060304e-06	 5.020816e+04	 5.020260e+04	 5.560751e+00	 0	 2.030744e+03	 7.401167e-02	 3.640472e+02	 5.118021e+02	 3.990125e+02	 
 1.813830e-01	 5.814348e-01	 3.111489e-01	 -4.060304e-06	 5.020816e+04	 5.020260e+04	 5.560751e+00	 0	 2.030744e+03	 7.401167e-02	 3.640472e+02	 5.118021e+02	 3.990125e+02	 
 1.813830e-01	 5.814348e-01	 3.111489e-01	 -4.060304e-06	 5.020816e+04	 5.020260e+04	 5.560751e+00	 0	 2.030744e+03	 7.401167e-02	 3.640472e+02	 5.118021e+02	 3.990125e+02	 
 1.813830e-01	 5.814348e-01	 3.111489e-01	 -4.060304e-06	 5.020816e+04	 5.020260e+04	 5.560751e+00	 0	 2.030744e+03	 7.401167e-02	 3.640472e+02	 5.118021e+02	 3.990125e+02	 
 1.813830e-01	 5.814348e-01	 3.111489e-01	 -4.060304e-06	 5.020816e+04	 5.020260e+04	 5.560751e+00	 0	 2.030744e+03	 7.401167e-02	 3.640472e+02	 5.118021e+02	 3.990125e+02	 
 -2.868970e-01	 -2.247459e-01	 1.744127e+00	 6.990268e-05	 2.046656e+04	 2.055170e+04	 8.513686e+01	 0	 4.768835e+05	 2.406977e-01	 1.543908e+01	 1.150114e+02	 1.290351e+02	 
 -2.868970e-01	 -2.247459e-01	 1.744127e+00	 6.990268e-05	 2.046656e+04	 2.055170e+04	 8.513686e+01	 0	 4.768835e+05	 2.406977e-01	 1.543908e+01	 1.150114e+02	 1.290351e+02	 
 -2.868970e-01	 -2.247459e-01	 1.744127e+00	 6.990268e-05	 2.046656e+04	 2.055170e+04	 8.513686e+01	 0	 4.768835e+05	 2.406977e-01	 1.543908e+01	 1.150114e+02	 1.290351e+02	 
 -2.868970e-01	 -2.247459e-01	 1.744127e+00	 6.990268e-05	 2.046656e+04	 2.055170e+04	 8.513686e+01	 0	 4.768835e+05	 2.406977e-01	 1.543908e+01	 1.150114e+02	 1.290351e+02	 
 -2.868970e-01	 -2.247459e-01	 1.744127e+00	 6.990268e-05	 2.046656e+04	 2.055170e+04	 8.513686e+01	 0	 4.768835e+05	 2.406977e-01	 1.543908e+01	 1.150114e+02	 1.290351e+02	 
 -2.868970e-01	 -2.247459e-01	 1.744127e+00	 6.990268e-05	 2.046656e+04	 2.055170e+04	 8.513686e+01	 0	 4.768835e+05	 2.406977e-01	 1.543908e+01	 1.150114e+02	 1.290351e+02	 
 -2.480155e-02	 9.029038e-01	 2.567143e-01	 -1.131579e-05	 6.699809e+04	 6.697190e+04	 2.619066e+01	 0	 1.351737e+04	 1.349687e-01	 1.242449e+02	 1.083523e+04	 1.136961e+04	 
 -2.480155e-02	 9.029038e-01	 2.567143e-01	 -1.131579e-05	 6.699809e+04	 6.697190e+04	 2.619066e+01	 0	 1.351737e+04	 1.349687e-01	 1.242449e+02	 1.083523e+04	 1.136961e+04	 
 -2.480155e-02	 9.029038e-01	 2.567143e-01	 -1.131579e-05	 6.699809e+04	 6.697190e+04	 2.619066e+01	 0	 1.351737e+04	 1.349687e-01	 1.242449e+02	 1.083523e+04	 1.136961e+04	 
 -2.480155e-02	 9.029038e-01	 2.567143e-01	 -1.131579e-05	 6.699809e+04	 6.697190e+04	 2.619066e+01	 0	 1.351737e+04	 1.349687e-01	 1.242449e+02	 1.083523e+04	 1.136961e+04	 
 -2.480155e-02	 9.029038e-01	 2.567143e-01	 -1.131579e-05	 6.699809e+04	 6.697190e+04	 2.619066e+01	 0	 1.351737e+04	 1.349687e-01	 1.242449e+02	 1.083523e+04	 1.136961e+04	 
 -2.480155e-02	 9.029038e-01	 2.567143e-01	 -1.131579e-05	 6.699809e+04	 6.697190e+04	 2.619066e+01	 0	 1.351737e+04	 1.349687e-01	 1.242449e+02	 1.083523e+04	 1.136961e+04	 
 -2.480155e-02	 9.029038e-01	 2.567143e-01	 -1.131579e-05	 6.699809e+04	 6.697190e+04	 2.619066e+01	 0	 1.351737e+04	 1.349687e-01	 1.242449e+02	 1.083523e+04	 1.136961e+04	 
 -2.480155e-02	 9.029038e-01	 2.567143e-01	 -1.131579e-05	 6.699809e+04	 6.697190e+04	 2.619066e+01	 0	 1.351737e+04	 1.349687e-01	 1.242449e+02	 1.083523e+04	 1.136961e+04	 
 -2.480155e-02	 9.029038e-01	 2.567143e-01	 -1.131579e-05	 6.699809e+04	 6.697190e+04	 2.619066e+01	 0	 1.351737e+04	 1.349687e-01	 1.242449e+02	 1.083523e+04	 1.136961e+04	 
 -2.480155e-02	 9.029038e-01	 2.567143e-01	 -1.131579e-05	 6.699809e+04	 6.697190e+04	 2.619066e+01	 0	 1.351737e+04	 1.349687e-01	 1.242449e+02	 1.083523e+04	 1.136961e+04	 
 -2.480155e-02	 9.029038e-01	 2.567143e-01	 -1.131579e-05	 6.699809e+04	 6.697190e+04	 2.619066e+01	 0	 1.351737e+04	 1.349687e-01	 1.242449e+02	 1.083523e+04	 1.136961e+04	 
 -2.480155e-02	 9.029038e-01	 2.567143e-01	 -1.131579e-05	 6.699809e+04	 6.697190e+04	 2.619066e+01	 0	 1.351737e+04	 1.349687e-01	 1.242449e+02	 1.083523e+04	 1.136961e+04	 
 -2.868970e-01	 -2.247459e-01	 1.744127e+00	 6.990268e-05	 2.046656e+04	 2.055170e+04	 8.513686e+01	 0	 4.768835e+05	 2.406977e-01	 1.543908e+01	 1.150114e+02	 1.290351e+02	 
 -2.868970e-01	 -2.247459e-01	 1.744127e+00	 6.990268e-05	 2.046656e+04	 2.055170e+04	 8.513686e+01	 0	 4.768835e+05	 2.406977e-01	 1.543908e+01	 1.150114e+02	 1.290351e+02	 
 -2.868970e-01	 -2.247459e-01	 1.744127e+00	 6.990268e-05	 2.046656e+04	 2.055170e+04	 8.513686e+01	 0	 4.768835e+05	 2.406977e-01	 1.543908e+01	 1.150114e+02	 1.290351e+02	 
 -2.868970e-01	 -2.247459e-01	 1.744127e+00	 6.990268e-05	 2.046656e+04	 2.055170e+04	 8.513686e+01	 0	 4.768835e+05	 2.406977e-01	 1.543908e+01	 1.150114e+02	 1.290351e+02	 
 -2.868970e-01	 -2.247459e-01	 1.744127e+00	 6.990268e-05	 2.046656e+04	 2.055170e+04	 8.513686e+01	 0	 4.768835e+05	 2.406977e-01	 1.543908e+01	 1.150114e+02	 1.290351e+02	 
 -2.868970e-01	 -2.247459e-01	 1.744127e+00	 6.990268e-05	 2.046656e+04	 2.055170e+04	 8.513686e+01	 0	 4.768835e+05	 2.406977e-01	 1.543908e+01	 1.150114e+02	 1.290351e+02	 
 1.813830e-01	 5.814348e-01	 3.111489e-01	 -4.060304e-06	 5.020816e+04	 5.020260e+04	 5.560751e+00	 0	 2.030744e+03	 7.401167e-02	 3.640472e+02	 5.118021e+02	 3.990125e+02	 
 1.813830e-01	 5.814348e-01	 3.111489e-01	 -4.060304e-06	 5.020816e+04	 5.020260e+04	 5.560751e+00	 0	 2.030744e+03	 7.401167e-02	 3.640472e+02	 5.118021e+02	 3.990125e+02	 
 1.813830e-01	 5.814348e-01	 3.111489e-01	 -4.060304e-06	 5.020816e+04	 5.020260e+04	 5.560751e+00	 0	 2.030744e+03	 7.401167e-02	 3.640472e+02	 5.118021e+02	 3.990125e+02	 
 1.813830e-01	 5.814348e-01	 3.111489e-01	 -4.060304e-06	 5.020816e+04	 5.020260e+04	 5.560751e+00	 0	 2.030744e+03	 7.401167e-02	 3.640472e+02	 5.118021e+02	 3.990125e+02	 
 1.813830e-01	 5.814348e-01	 3.111489e-01	 -4.060304e-06	 5.020816e+04	 5.020260e+04	 5.560751e+00	 0	 2.030744e+03	 7.401167e-02	 3.640472e+02	 5.118021e+02	 3.990125e+02	 
 1.813830e-01	 5.814348e-01	 3.111489e-01	 -4.060304e-06	 5.020816e+04	 5.020260e+04	 5.560751e+00	 0	 2.030744e+03	 7.401167e-02	 3.640472e+02	 5.118021e+02	 3.990125e+02	 
 1.813830e-01	 5.814348e-01	 3.111489e-01	 -4.060304e-06	 5.020816e+04	 5.020260e+04	 5.560751e+00	 0	 2.030744e+03	 7.401167e-02	 3.640472e+02	 5.118021e+02	 3.990125e+02	 
 1.813830e-01	 5.814348e-01	 3.111489e-01	 -4.060304e-06	 5.020816e+04	 5.020260e+04	 5.560751e+00	 0	 2.030744e+03	 7.401167e-02	 3.640472e+02	 5.118021e+02	 3.990125e+02	 
 1.813830e-01	 5.814348e-01	 3.111489e-01	 -4.060304e-06	 5.020816e+04	 5.020260e+04	 5.560751e+00	 0	 2.030744e+03	 7.401167e-02	 3.640472e+02	 5.118021e+02	 3.990125e+02	 
 1.813830e-01	 5.814348e-01	 3.111489e-01	 -4.060304e-06	 5.020816e+04	 5.020260e+04	 5.560751e+00	 0	 2.030744e+03	 7.401167e-02	 3.640472e+02	 5.118021e+02	 3.990125e+02	 
 1.813830e-01	 5.814348e-01	 3.111489e-01	 -4.060304e-06	 5.020816e+04	 5.020260e+04	 5.560751e+00	 0	 2.030744e+03	 7.401167e-02	 3.640472e+02	 5.118021e+02	 3.990125e+02	 
 1.813830e-01	 5.814348e-01	 3.111489e-01	 -4.060304e-06	 5.020816e+04	 5.020260e+04	 5.560751e+00	 0	 2.030744e+03	 7.401167e-02	 3.640472e+02	 5.118021e+02	 3.990125e+02	 
 