s	 e	 integralPartic	 alturaRetang	 metadePartic	 maximaPartic	 minimoPArtic	 alturaPartic	 p	 comparativoMet
10	 31	 5.795765e+03	 2.634439e+02	 7.782978e+02	 1.556550e+03	 4.544000e-02	 3.384873e-01	 0	 2.954321e+00	 
 31	 53	 1.078826e+04	 4.690550e+02	 6.359803e+02	 1.271901e+03	 6.013092e-02	 7.375306e-01	 0	 1.355876e+00	 
 37	 51	 5.603968e+03	 3.735979e+02	 6.967030e+02	 1.393247e+03	 1.589715e-01	 5.362369e-01	 0	 1.864847e+00	 
 49	 60	 1.456166e+03	 1.213472e+02	 9.570366e+02	 1.914034e+03	 3.960406e-02	 1.267947e-01	 0	 7.886763e+00	 
 3	 18	 1.096089e+04	 6.850556e+02	 6.671277e+02	 1.334210e+03	 4.548497e-02	 1.080916e+00	 1	 9.738301e-01	 
 37	 49	 2.388236e+04	 1.837105e+03	 9.886418e+02	 1.977275e+03	 8.883049e-03	 1.858211e+00	 1	 5.381521e-01	 
 5	 39	 1.005295e+04	 2.872270e+02	 6.109892e+02	 1.221976e+03	 2.383123e-03	 4.701016e-01	 0	 2.127200e+00	 
 39	 52	 9.179602e+03	 6.556859e+02	 5.731172e+02	 1.146171e+03	 6.349413e-02	 1.144069e+00	 1	 8.740729e-01	 
 3	 38	 8.948169e+03	 2.485602e+02	 8.120402e+02	 1.624055e+03	 2.545861e-02	 3.060935e-01	 0	 3.266975e+00	 
 2	 49	 3.431595e+04	 7.149157e+02	 7.118028e+02	 1.423515e+03	 9.045612e-02	 1.004373e+00	 1	 9.956458e-01	 
 1	 1	 1.000000e-05	 1.000000e-05	 1.000000e-05	 1.000000e-05	 1.000000e-05	 1.000000e-05	 1	 1.000000e-05	 
 1	 1	 1.000000e-05	 1.000000e-05	 1.000000e-05	 1.000000e-05	 1.000000e-05	 1.000000e-05	 1	 1.000000e-05	 
 1	 1	 1.000000e-05	 1.000000e-05	 1.000000e-05	 1.000000e-05	 1.000000e-05	 1.000000e-05	 1	 1.000000e-05	 
 1	 1	 1.000000e-05	 1.000000e-05	 1.000000e-05	 1.000000e-05	 1.000000e-05	 1.000000e-05	 1	 1.000000e-05	 
 1	 1	 1.000000e-05	 1.000000e-05	 1.000000e-05	 1.000000e-05	 1.000000e-05	 1.000000e-05	 1	 1.000000e-05	 
 1	 1	 1.000000e-05	 1.000000e-05	 1.000000e-05	 1.000000e-05	 1.000000e-05	 1.000000e-05	 1	 1.000000e-05	 
 1	 1	 1.000000e-05	 1.000000e-05	 1.000000e-05	 1.000000e-05	 1.000000e-05	 1.000000e-05	 1	 1.000000e-05	 
 1	 1	 1.000000e-05	 1.000000e-05	 1.000000e-05	 1.000000e-05	 1.000000e-05	 1.000000e-05	 1	 1.000000e-05	 
 1	 1	 1.000000e-05	 1.000000e-05	 1.000000e-05	 1.000000e-05	 1.000000e-05	 1.000000e-05	 1	 1.000000e-05	 
 1	 1	 1.000000e-05	 1.000000e-05	 1.000000e-05	 1.000000e-05	 1.000000e-05	 1.000000e-05	 1	 1.000000e-05	 
 