s	 e	 integralPartic	 alturaRetang	 metadePartic	 maximaPartic	 minimoPArtic	 alturaPartic	 p	 comparativoMet
38	 56	 6.027483e+03	 3.172360e+02	 3.163553e+03	 6.326279e+03	 8.267803e-01	 6.254292e-01	 0	 9.972239e+00	 
 38	 56	 1.830392e+01	 9.633641e-01	 3.163553e+03	 6.326279e+03	 8.267803e-01	 6.254292e-01	 0	 3.283860e+03	 
 38	 56	 1.844050e+01	 9.705527e-01	 3.163553e+03	 6.326279e+03	 8.267803e-01	 6.254292e-01	 0	 3.259537e+03	 
 38	 56	 1.844050e+01	 9.705527e-01	 3.163553e+03	 6.326279e+03	 8.267803e-01	 6.254292e-01	 0	 3.259537e+03	 
 38	 56	 1.844050e+01	 9.705527e-01	 3.163553e+03	 6.326279e+03	 8.267803e-01	 6.254292e-01	 0	 3.259537e+03	 
 38	 56	 6.027483e+03	 3.172360e+02	 3.163553e+03	 6.326279e+03	 8.267803e-01	 6.254292e-01	 0	 9.972239e+00	 
 38	 56	 1.844050e+01	 9.705527e-01	 3.163553e+03	 6.326279e+03	 8.267803e-01	 6.254292e-01	 0	 3.259537e+03	 
 38	 56	 1.844050e+01	 9.705527e-01	 3.163553e+03	 6.326279e+03	 8.267803e-01	 6.254292e-01	 0	 3.259537e+03	 
 38	 56	 1.830392e+01	 9.633641e-01	 3.163553e+03	 6.326279e+03	 8.267803e-01	 6.254292e-01	 0	 3.283860e+03	 
 38	 56	 1.844050e+01	 9.705527e-01	 3.163553e+03	 6.326279e+03	 8.267803e-01	 6.254292e-01	 0	 3.259537e+03	 
 