2.240854e-01	 6.890914e-01	 3.018878e-04	 8.401690e-02	 1.565879e+01	 7.735101e+00	 
 2.240429e-01	 6.886048e-01	 2.972384e-04	 8.436375e-02	 1.595321e+01	 7.729736e+00	 
 2.240778e-01	 6.890307e-01	 2.989774e-04	 8.406724e-02	 1.610108e+01	 7.733550e+00	 
 2.240448e-01	 6.883126e-01	 2.718655e-04	 8.454441e-02	 1.415579e+01	 7.728135e+00	 
 2.250190e-01	 6.923865e-01	 3.065887e-04	 8.114463e-02	 1.553420e+01	 7.790220e+00	 
 2.241573e-01	 6.886517e-01	 2.878424e-04	 8.423366e-02	 1.508908e+01	 7.731351e+00	 
 2.371170e-01	 6.812349e-01	 2.576091e-04	 7.797606e-02	 1.941522e+01	 8.644861e+00	 
 2.358505e-01	 6.795591e-01	 2.756283e-04	 8.009899e-02	 2.068024e+01	 8.621863e+00	 
 2.356009e-01	 6.789120e-01	 2.540808e-04	 8.072290e-02	 1.932689e+01	 8.614241e+00	 
 2.357358e-01	 6.791383e-01	 2.547279e-04	 8.046620e-02	 1.936543e+01	 8.617087e+00	 
 2.358367e-01	 6.788935e-01	 2.481711e-04	 8.053518e-02	 1.874917e+01	 8.615925e+00	 
 2.357749e-01	 6.790443e-01	 2.654781e-04	 8.049238e-02	 2.054640e+01	 8.615665e+00	 
 2.873777e-01	 6.516272e-01	 2.209738e-03	 5.079031e-02	 1.261242e+02	 8.352287e+00	 
 2.843958e-01	 6.238680e-01	 2.053619e-03	 7.076089e-02	 1.202348e+02	 8.306524e+00	 
 2.866029e-01	 6.218602e-01	 2.171486e-03	 7.006337e-02	 1.285515e+02	 8.304576e+00	 
 2.871289e-01	 6.213395e-01	 2.108740e-03	 6.990657e-02	 1.213201e+02	 8.304816e+00	 
 2.827674e-01	 6.253159e-01	 2.090017e-03	 7.127969e-02	 1.215792e+02	 8.307985e+00	 
 2.827674e-01	 6.253159e-01	 2.090017e-03	 7.127969e-02	 1.215792e+02	 8.307985e+00	 
 2.531854e-01	 7.155596e-01	 3.462379e-04	 4.130017e-02	 1.258740e+01	 7.662958e+00	 
 2.533365e-01	 7.164388e-01	 3.345517e-04	 4.062060e-02	 1.204889e+01	 7.665066e+00	 
 2.539059e-01	 7.196899e-01	 3.455277e-04	 3.807971e-02	 1.198521e+01	 7.678778e+00	 
 2.538865e-01	 7.187992e-01	 3.505157e-04	 3.865735e-02	 1.256107e+01	 7.674147e+00	 
 2.539564e-01	 7.209940e-01	 3.632166e-04	 3.721465e-02	 1.313474e+01	 7.683859e+00	 
 2.539564e-01	 7.209940e-01	 3.632166e-04	 3.721465e-02	 1.313474e+01	 7.683859e+00	 
 1.852054e-01	 7.131152e-01	 7.660117e-06	 1.034497e-01	 1.643262e-01	 8.047174e+00	 
 1.852249e-01	 7.130921e-01	 7.631114e-06	 1.034467e-01	 1.611385e-01	 8.040998e+00	 
 1.852071e-01	 7.131207e-01	 7.700508e-06	 1.034447e-01	 1.656639e-01	 8.049151e+00	 
 1.851724e-01	 7.132597e-01	 8.634325e-06	 1.033885e-01	 1.762758e-01	 8.097437e+00	 
 1.852308e-01	 7.129434e-01	 7.757331e-06	 1.035342e-01	 1.737983e-01	 7.988508e+00	 
 1.852023e-01	 7.131425e-01	 8.100747e-06	 1.034352e-01	 1.689503e-01	 8.057819e+00	 
 1.853398e-01	 7.129205e-01	 7.538969e-06	 1.034510e-01	 1.338582e-01	 7.996188e+00	 
 1.853684e-01	 7.128714e-01	 7.404776e-06	 1.034562e-01	 1.266204e-01	 7.982827e+00	 
 1.853682e-01	 7.129522e-01	 7.335742e-06	 1.034060e-01	 1.187197e-01	 8.012290e+00	 
 1.853398e-01	 7.129205e-01	 7.538969e-06	 1.034510e-01	 1.338582e-01	 7.996188e+00	 
 1.853850e-01	 7.129050e-01	 7.695650e-06	 1.034204e-01	 1.346695e-01	 7.995568e+00	 
 1.853850e-01	 7.129050e-01	 7.695650e-06	 1.034204e-01	 1.346695e-01	 7.995568e+00	 
 1.853678e-01	 7.129152e-01	 7.379378e-06	 1.034294e-01	 1.226365e-01	 7.998721e+00	 
 1.853769e-01	 7.128078e-01	 7.446660e-06	 1.034882e-01	 1.297724e-01	 7.961277e+00	 
 1.853850e-01	 7.129050e-01	 7.695650e-06	 1.034204e-01	 1.346695e-01	 7.995568e+00	 
 1.853693e-01	 7.128673e-01	 7.384843e-06	 1.034580e-01	 1.264605e-01	 7.981408e+00	 
 1.853769e-01	 7.128078e-01	 7.446660e-06	 1.034882e-01	 1.297724e-01	 7.961277e+00	 
 1.853750e-01	 7.129036e-01	 7.350473e-06	 1.034303e-01	 1.208247e-01	 7.995653e+00	 
 2.353082e-01	 6.785393e-01	 2.285890e-04	 8.120549e-02	 1.663883e+01	 8.611430e+00	 
 2.352547e-01	 6.786489e-01	 2.313999e-04	 8.118165e-02	 1.689999e+01	 8.611874e+00	 
 2.354156e-01	 6.787712e-01	 2.419412e-04	 8.096845e-02	 1.802778e+01	 8.612887e+00	 
 2.353579e-01	 6.784375e-01	 2.259779e-04	 8.122766e-02	 1.639679e+01	 8.611018e+00	 
 2.364699e-01	 6.806948e-01	 2.367494e-04	 7.886393e-02	 1.719228e+01	 8.637746e+00	 
 2.364699e-01	 6.806948e-01	 2.367494e-04	 7.886393e-02	 1.719228e+01	 8.637746e+00	 
 2.368261e-01	 6.794571e-01	 2.102612e-04	 7.934308e-02	 1.475730e+01	 8.630697e+00	 
 2.379223e-01	 6.811060e-01	 2.120831e-04	 7.737636e-02	 1.475138e+01	 8.652770e+00	 
 2.370365e-01	 6.796010e-01	 2.189252e-04	 7.907446e-02	 1.568949e+01	 8.632278e+00	 
 2.366629e-01	 6.791878e-01	 2.096289e-04	 7.965096e-02	 1.472581e+01	 8.627256e+00	 
 2.366629e-01	 6.791878e-01	 2.096289e-04	 7.965096e-02	 1.472581e+01	 8.627256e+00	 
 2.370365e-01	 6.796011e-01	 2.189268e-04	 7.907441e-02	 1.568956e+01	 8.632279e+00	 
 1.853523e-01	 7.129743e-01	 7.376883e-06	 1.034063e-01	 1.218735e-01	 8.017916e+00	 
 1.853398e-01	 7.129205e-01	 7.538969e-06	 1.034510e-01	 1.338582e-01	 7.996188e+00	 
 1.853655e-01	 7.129112e-01	 7.344123e-06	 1.034339e-01	 1.216003e-01	 7.997180e+00	 
 1.853398e-01	 7.129205e-01	 7.538969e-06	 1.034510e-01	 1.338582e-01	 7.996188e+00	 
 1.853413e-01	 7.130187e-01	 7.832438e-06	 1.033883e-01	 1.279360e-01	 8.033317e+00	 
 1.853769e-01	 7.128078e-01	 7.446660e-06	 1.034882e-01	 1.297724e-01	 7.961277e+00	 
 1.853779e-01	 7.128036e-01	 7.425443e-06	 1.034901e-01	 1.295940e-01	 7.959849e+00	 
 1.853769e-01	 7.128078e-01	 7.446660e-06	 1.034882e-01	 1.297724e-01	 7.961277e+00	 
 1.853610e-01	 7.129640e-01	 7.364532e-06	 1.034050e-01	 1.204918e-01	 8.015423e+00	 
 1.853684e-01	 7.128714e-01	 7.404776e-06	 1.034562e-01	 1.266204e-01	 7.982827e+00	 
 1.853850e-01	 7.129050e-01	 7.695650e-06	 1.034204e-01	 1.346695e-01	 7.995568e+00	 
 1.853769e-01	 7.128078e-01	 7.446660e-06	 1.034882e-01	 1.297724e-01	 7.961277e+00	 
 1.853329e-01	 7.130676e-01	 7.795386e-06	 1.033652e-01	 1.251086e-01	 8.050044e+00	 
 1.853738e-01	 7.128617e-01	 7.376871e-06	 1.034574e-01	 1.243505e-01	 7.980391e+00	 
 1.853523e-01	 7.129743e-01	 7.376883e-06	 1.034063e-01	 1.218735e-01	 8.017916e+00	 
 1.853488e-01	 7.129642e-01	 7.850121e-06	 1.034156e-01	 1.303321e-01	 8.014617e+00	 
 1.853850e-01	 7.129050e-01	 7.695650e-06	 1.034204e-01	 1.346695e-01	 7.995568e+00	 
 1.853655e-01	 7.129112e-01	 7.344123e-06	 1.034339e-01	 1.216003e-01	 7.997180e+00	 
 1.853481e-01	 7.130028e-01	 7.777943e-06	 1.033921e-01	 1.253382e-01	 8.028766e+00	 
 1.853569e-01	 7.129509e-01	 7.815705e-06	 1.034167e-01	 1.282986e-01	 8.011066e+00	 
 1.853850e-01	 7.129050e-01	 7.695650e-06	 1.034204e-01	 1.346695e-01	 7.995568e+00	 
 1.853716e-01	 7.128581e-01	 7.343392e-06	 1.034616e-01	 1.233672e-01	 7.979022e+00	 
 1.853769e-01	 7.128078e-01	 7.446660e-06	 1.034882e-01	 1.297724e-01	 7.961277e+00	 
 1.853663e-01	 7.128738e-01	 7.407524e-06	 1.034566e-01	 1.262695e-01	 7.983571e+00	 
 1.853427e-01	 7.129075e-01	 7.477270e-06	 1.034566e-01	 1.332944e-01	 7.991740e+00	 
 1.853850e-01	 7.129050e-01	 7.695650e-06	 1.034204e-01	 1.346695e-01	 7.995568e+00	 
 1.853750e-01	 7.129036e-01	 7.350473e-06	 1.034303e-01	 1.208247e-01	 7.995653e+00	 
 1.853738e-01	 7.129015e-01	 7.332493e-06	 1.034326e-01	 1.203027e-01	 7.994872e+00	 
 1.853821e-01	 7.128522e-01	 7.366041e-06	 1.034559e-01	 1.230678e-01	 7.978145e+00	 
 1.853779e-01	 7.128036e-01	 7.425443e-06	 1.034901e-01	 1.295940e-01	 7.959849e+00	 
 2.364786e-01	 6.805275e-01	 2.322979e-04	 7.896195e-02	 1.676183e+01	 8.636649e+00	 
 2.364699e-01	 6.806948e-01	 2.367494e-04	 7.886393e-02	 1.719228e+01	 8.637746e+00	 
 2.352547e-01	 6.786489e-01	 2.314017e-04	 8.118163e-02	 1.690011e+01	 8.611875e+00	 
 2.353352e-01	 6.784221e-01	 2.245705e-04	 8.125653e-02	 1.624556e+01	 8.610904e+00	 
 2.352163e-01	 6.787276e-01	 2.334237e-04	 8.116444e-02	 1.708745e+01	 8.612197e+00	 
 2.351000e-01	 6.785315e-01	 2.329072e-04	 8.138644e-02	 1.705923e+01	 8.609752e+00	 
 2.356406e-01	 6.774751e-01	 2.052598e-04	 8.159536e-02	 1.449167e+01	 8.605764e+00	 
 2.356178e-01	 6.775197e-01	 2.064237e-04	 8.158659e-02	 1.459971e+01	 8.605926e+00	 
 2.355957e-01	 6.775109e-01	 2.052516e-04	 8.161088e-02	 1.447208e+01	 8.605873e+00	 
 2.355646e-01	 6.776238e-01	 2.091496e-04	 8.156597e-02	 1.485279e+01	 8.606309e+00	 
 2.356178e-01	 6.775197e-01	 2.064252e-04	 8.158657e-02	 1.459982e+01	 8.605927e+00	 
 2.356406e-01	 6.774751e-01	 2.052598e-04	 8.159536e-02	 1.449167e+01	 8.605764e+00	 
 1.853398e-01	 7.129205e-01	 7.538969e-06	 1.034510e-01	 1.338582e-01	 7.996188e+00	 
 1.853769e-01	 7.128078e-01	 7.446660e-06	 1.034882e-01	 1.297724e-01	 7.961277e+00	 
 1.853481e-01	 7.130028e-01	 7.777943e-06	 1.033921e-01	 1.253382e-01	 8.028766e+00	 
 1.853408e-01	 7.129159e-01	 7.517223e-06	 1.034530e-01	 1.336707e-01	 7.994620e+00	 
 1.853398e-01	 7.129205e-01	 7.538969e-06	 1.034510e-01	 1.338582e-01	 7.996188e+00	 
 1.853465e-01	 7.129597e-01	 7.810238e-06	 1.034205e-01	 1.292160e-01	 8.012895e+00	 
 2.289486e-01	 7.094161e-01	 2.086136e-04	 6.709973e-02	 9.595447e+00	 8.272818e+00	 
 2.289105e-01	 7.089651e-01	 1.973980e-04	 6.741440e-02	 8.773264e+00	 8.261592e+00	 
 2.286195e-01	 7.077561e-01	 1.962535e-04	 6.842281e-02	 8.753101e+00	 8.226454e+00	 
 2.290185e-01	 7.099315e-01	 2.039030e-04	 6.671374e-02	 8.949876e+00	 8.287588e+00	 
 2.286700e-01	 7.082556e-01	 1.996898e-04	 6.806783e-02	 9.130443e+00	 8.239314e+00	 
 2.287170e-01	 7.085666e-01	 1.939212e-04	 6.783278e-02	 8.757893e+00	 8.247985e+00	 
 2.291698e-01	 7.069135e-01	 1.796093e-04	 6.846394e-02	 6.299704e+00	 8.222349e+00	 
 2.292366e-01	 7.070807e-01	 1.877494e-04	 6.830116e-02	 6.800593e+00	 8.226957e+00	 
 2.296465e-01	 7.093445e-01	 1.898348e-04	 6.652752e-02	 6.646301e+00	 8.290797e+00	 
 2.293158e-01	 7.072745e-01	 1.824904e-04	 6.811066e-02	 6.352643e+00	 8.234420e+00	 
 2.290847e-01	 7.063791e-01	 1.922862e-04	 6.887076e-02	 7.038397e+00	 8.206510e+00	 
 2.291341e-01	 7.067788e-01	 1.853625e-04	 6.857891e-02	 6.674343e+00	 8.217666e+00	 
 1.853570e-01	 7.129216e-01	 7.358167e-06	 1.034351e-01	 1.230388e-01	 7.999709e+00	 
 1.853769e-01	 7.128078e-01	 7.446660e-06	 1.034882e-01	 1.297724e-01	 7.961277e+00	 
 1.853684e-01	 7.128714e-01	 7.404776e-06	 1.034562e-01	 1.266204e-01	 7.982827e+00	 
 1.853738e-01	 7.129015e-01	 7.332493e-06	 1.034326e-01	 1.203027e-01	 7.994872e+00	 
 1.853481e-01	 7.130028e-01	 7.777943e-06	 1.033921e-01	 1.253382e-01	 8.028766e+00	 
 1.853750e-01	 7.128636e-01	 7.395069e-06	 1.034551e-01	 1.248799e-01	 7.981137e+00	 
 1.853398e-01	 7.129205e-01	 7.538969e-06	 1.034510e-01	 1.338582e-01	 7.996188e+00	 
 1.853693e-01	 7.128673e-01	 7.384843e-06	 1.034580e-01	 1.264605e-01	 7.981408e+00	 
 1.853678e-01	 7.129152e-01	 7.379378e-06	 1.034294e-01	 1.226365e-01	 7.998721e+00	 
 1.853684e-01	 7.128714e-01	 7.404776e-06	 1.034562e-01	 1.266204e-01	 7.982827e+00	 
 1.853398e-01	 7.129205e-01	 7.538969e-06	 1.034510e-01	 1.338582e-01	 7.996188e+00	 
 1.853546e-01	 7.130101e-01	 7.350481e-06	 1.033819e-01	 1.184909e-01	 8.031267e+00	 
 