3.454569e-01	 6.137126e-01	 4.685507e-05	 5.117211e-02	 2.901494e-01	 9.160913e+00	 
 3.459136e-01	 6.149254e-01	 2.137646e-04	 4.978722e-02	 2.857320e-01	 9.114304e+00	 
 3.461433e-01	 6.155411e-01	 2.979609e-04	 4.908737e-02	 2.835091e-01	 9.091716e+00	 
 3.462586e-01	 6.158512e-01	 3.402466e-04	 4.873558e-02	 2.823940e-01	 9.080593e+00	 
 3.463163e-01	 6.160069e-01	 3.614382e-04	 4.855920e-02	 2.818355e-01	 9.075073e+00	 
 3.463451e-01	 6.160850e-01	 3.720474e-04	 4.847088e-02	 2.815560e-01	 9.072323e+00	 
 3.463596e-01	 6.161240e-01	 3.773558e-04	 4.842669e-02	 2.814161e-01	 9.070950e+00	 
 3.600878e-01	 6.060525e-01	 1.090761e-04	 4.553932e-02	 2.813139e-01	 9.758815e+00	 
 3.559938e-01	 6.500784e-01	 6.337857e-03	 7.054319e-03	 2.484994e-01	 8.349176e+00	 
 2.464200e-01	 3.259189e-01	 4.276196e-04	 3.970930e-01	 3.834700e-02	 6.389287e+00	 
 2.429159e-01	 3.279575e-01	 6.658357e-04	 3.976919e-01	 3.492594e-02	 6.684787e+00	 
 2.356011e-01	 3.328515e-01	 1.165473e-03	 3.983435e-01	 3.456257e-02	 7.182800e+00	 
 9.939800e-02	 7.039545e-01	 7.928410e-04	 2.025926e-01	 2.749381e-02	 4.798244e+00	 
 1.060230e-01	 7.001388e-01	 4.822847e-04	 2.002762e-01	 1.850585e-02	 4.963626e+00	 
 1.099817e-01	 6.977997e-01	 2.943461e-04	 1.989352e-01	 1.473583e-02	 5.039043e+00	 
 1.121817e-01	 6.965640e-01	 1.984684e-04	 1.981130e-01	 1.305128e-02	 5.075769e+00	 
 1.133415e-01	 6.959343e-01	 1.507397e-04	 1.976539e-01	 1.225505e-02	 5.094015e+00	 
 1.139366e-01	 6.956171e-01	 1.270062e-04	 1.974114e-01	 1.186764e-02	 5.103126e+00	 
 1.142380e-01	 6.954580e-01	 1.151812e-04	 1.972867e-01	 1.167650e-02	 5.107681e+00	 
 1.143897e-01	 6.953783e-01	 1.092802e-04	 1.972236e-01	 1.158154e-02	 5.109958e+00	 
 1.144657e-01	 6.953384e-01	 1.063327e-04	 1.971918e-01	 1.153422e-02	 5.111097e+00	 
 1.145038e-01	 6.953184e-01	 1.048596e-04	 1.971758e-01	 1.151060e-02	 5.111666e+00	 
 1.145229e-01	 6.953085e-01	 1.041232e-04	 1.971679e-01	 1.149879e-02	 5.111951e+00	 
 1.145324e-01	 6.953035e-01	 1.037551e-04	 1.971639e-01	 1.149289e-02	 5.112093e+00	 
 1.145372e-01	 6.953010e-01	 1.035710e-04	 1.971619e-01	 1.148994e-02	 5.112165e+00	 
 1.145373e-01	 6.953010e-01	 1.035688e-04	 1.971618e-01	 1.148991e-02	 5.112166e+00	 
 1.155399e-01	 6.949911e-01	 7.572164e-05	 1.965729e-01	 1.141569e-02	 5.048671e+00	 
 1.158046e-01	 6.948912e-01	 6.637104e-05	 1.964371e-01	 1.141174e-02	 5.092634e+00	 
 1.164725e-01	 6.946578e-01	 4.767205e-05	 1.960599e-01	 1.127859e-02	 4.987755e+00	 
 1.164726e-01	 6.946578e-01	 4.766984e-05	 1.960599e-01	 1.127856e-02	 4.987756e+00	 
 1.167365e-01	 6.945517e-01	 3.799501e-05	 1.959297e-01	 1.127667e-02	 5.031371e+00	 
 4.347509e-01	 5.326860e-01	 2.917443e-04	 2.991013e-02	 9.671719e-03	 7.526587e+00	 
 4.340886e-01	 5.323031e-01	 4.549231e-04	 3.092173e-02	 6.604860e-03	 7.614716e+00	 
 4.334959e-01	 5.311540e-01	 4.634951e-04	 3.255903e-02	 6.584960e-03	 7.619182e+00	 
 2.972047e-01	 6.153750e-01	 4.905145e-05	 8.419723e-02	 3.832804e-03	 7.549900e+00	 
 2.954463e-01	 6.167282e-01	 7.240100e-05	 8.472892e-02	 3.034453e-03	 7.540170e+00	 
 2.951752e-01	 6.169456e-01	 7.245672e-05	 8.480638e-02	 3.000392e-03	 7.535359e+00	 
 2.950451e-01	 6.170504e-01	 7.232109e-05	 8.484332e-02	 2.989790e-03	 7.532967e+00	 
 2.949803e-01	 6.171025e-01	 7.225125e-05	 8.486172e-02	 2.984510e-03	 7.531774e+00	 
 2.949480e-01	 6.171286e-01	 7.221697e-05	 8.487090e-02	 2.981887e-03	 7.531179e+00	 
 2.949318e-01	 6.171416e-01	 7.220003e-05	 8.487550e-02	 2.980580e-03	 7.530881e+00	 
 2.949237e-01	 6.171481e-01	 7.219159e-05	 8.487779e-02	 2.979928e-03	 7.530732e+00	 
 2.949196e-01	 6.171514e-01	 7.218739e-05	 8.487894e-02	 2.979602e-03	 7.530658e+00	 
 2.949176e-01	 6.171530e-01	 7.218528e-05	 8.487952e-02	 2.979439e-03	 7.530621e+00	 
 2.955244e-01	 6.168068e-01	 7.256010e-05	 8.463312e-02	 2.963116e-03	 7.519397e+00	 
 2.953941e-01	 6.169115e-01	 7.238811e-05	 8.467027e-02	 2.951836e-03	 7.516999e+00	 
 2.953292e-01	 6.169636e-01	 7.230177e-05	 8.468876e-02	 2.946212e-03	 7.515802e+00	 
 2.952968e-01	 6.169896e-01	 7.225867e-05	 8.469799e-02	 2.943405e-03	 7.515205e+00	 
 2.952806e-01	 6.170026e-01	 7.223714e-05	 8.470260e-02	 2.942002e-03	 7.514907e+00	 
 2.952725e-01	 6.170091e-01	 7.222638e-05	 8.470491e-02	 2.941301e-03	 7.514758e+00	 
 2.952684e-01	 6.170124e-01	 7.222100e-05	 8.470606e-02	 2.940951e-03	 7.514683e+00	 
 2.952664e-01	 6.170140e-01	 7.221831e-05	 8.470664e-02	 2.940776e-03	 7.514646e+00	 
 2.948990e-01	 6.171548e-01	 7.730681e-05	 8.489166e-02	 2.978757e-03	 7.465769e+00	 
 2.948912e-01	 6.171611e-01	 7.729777e-05	 8.489388e-02	 2.978120e-03	 7.465625e+00	 
 2.948873e-01	 6.171643e-01	 7.729325e-05	 8.489499e-02	 2.977802e-03	 7.465553e+00	 
 2.948853e-01	 6.171658e-01	 7.729100e-05	 8.489554e-02	 2.977642e-03	 7.465517e+00	 
 2.949426e-01	 6.171297e-01	 7.732389e-05	 8.487408e-02	 2.977427e-03	 7.464021e+00	 
 2.949253e-01	 6.171436e-01	 7.730278e-05	 8.487899e-02	 2.975992e-03	 7.463703e+00	 
 2.949167e-01	 6.171506e-01	 7.729227e-05	 8.488144e-02	 2.975276e-03	 7.463543e+00	 
 2.949123e-01	 6.171541e-01	 7.728702e-05	 8.488267e-02	 2.974918e-03	 7.463464e+00	 
 2.949102e-01	 6.171558e-01	 7.728440e-05	 8.488328e-02	 2.974739e-03	 7.463424e+00	 
 2.955500e-01	 6.167831e-01	 8.184513e-05	 8.462748e-02	 2.957581e-03	 7.400431e+00	 
 2.954029e-01	 6.169013e-01	 8.162584e-05	 8.466938e-02	 2.944870e-03	 7.397725e+00	 
 2.953297e-01	 6.169600e-01	 8.151602e-05	 8.469023e-02	 2.938537e-03	 7.396376e+00	 
 2.952932e-01	 6.169894e-01	 8.146120e-05	 8.470063e-02	 2.935377e-03	 7.395703e+00	 
 2.952750e-01	 6.170040e-01	 8.143383e-05	 8.470583e-02	 2.933798e-03	 7.395367e+00	 
 2.952658e-01	 6.170114e-01	 8.142015e-05	 8.470843e-02	 2.933009e-03	 7.395198e+00	 
 2.952613e-01	 6.170150e-01	 8.141331e-05	 8.470972e-02	 2.932615e-03	 7.395114e+00	 
 2.952590e-01	 6.170168e-01	 8.140989e-05	 8.471037e-02	 2.932418e-03	 7.395072e+00	 
 