minimo	maximo	maximTot	minimTot	
3.177460e+02	 2.303523e+03	 2.605000e+02	 3.201000e+02	 
 2.282525e+01	 3.054576e+03	 6.200000e+00	 3.010000e+01	 
 4.554705e+02	 2.303523e+03	 1.166900e+03	 2.577900e+03	 
 5.384085e+02	 3.054577e+03	 1.166900e+03	 1.899300e+03	 
 3.203641e+02	 2.303523e+03	 2.734000e+02	 3.016000e+02	 
 5.147014e+02	 3.054577e+03	 5.800000e+00	 2.835400e+03	 
 5.793566e+02	 3.479746e+03	 1.388300e+03	 2.092400e+03	 
 5.427189e+02	 3.391417e+03	 1.273200e+03	 2.092400e+03	 
 3.324508e+02	 2.303523e+03	 2.734000e+02	 3.201000e+02	 
 4.359247e+02	 2.303523e+03	 1.680000e+01	 2.407500e+03	 
 4.522129e+02	 2.303523e+03	 1.166900e+03	 2.516400e+03	 
 4.204509e+02	 2.420629e+03	 1.166900e+03	 2.857800e+03	 
 3.586468e+02	 2.303523e+03	 2.791000e+02	 3.336000e+02	 
 2.283016e+01	 3.054576e+03	 6.200000e+00	 3.010000e+01	 
 3.505587e+02	 2.011008e+03	 1.166900e+03	 2160	 
 4.204509e+02	 2.303523e+03	 1.071200e+03	 2.092400e+03	 
 3.188753e+02	 2.303523e+03	 2.625000e+02	 3.201000e+02	 
 4.473264e+02	 2.303523e+03	 1.440000e+01	 2.636700e+03	 
 4.188220e+02	 2.303523e+03	 1.166900e+03	 2.092400e+03	 
 4.188220e+02	 2.303523e+03	 9.871000e+02	 2.092400e+03	 
 3.440330e+02	 2.303523e+03	 2.605000e+02	 3.023000e+02	 
 4.473254e+02	 2.780326e+03	 2.626000e+02	 2.835400e+03	 
 3.887995e+02	 2.303523e+03	 9.871000e+02	 2.092400e+03	 
 4.408111e+02	 2.303523e+03	 1.166900e+03	 2.092400e+03	 
 3.275463e+02	 2.303523e+03	 2.625000e+02	 2.978000e+02	 
 6.539103e+01	 2.303523e+03	 1.250000e+01	 5.885000e+02	 
 4.326670e+02	 2.303523e+03	 1.143800e+03	 2.092400e+03	 
 6.181495e+02	 3.054576e+03	 9.871000e+02	 2.092400e+03	 
 3.316378e+02	 2.303523e+03	 2.625000e+02	 2.978000e+02	 
 1.626387e+02	 2.303523e+03	 6.200000e+00	 2.005600e+03	 
 5.211673e+02	 3.054577e+03	 1.166900e+03	 1.540700e+03	 
 4.163788e+02	 2.465079e+03	 1.166900e+03	 2.857800e+03	 
 3.339254e+02	 2.303523e+03	 2.734000e+02	 3.201000e+02	 
 4.456976e+02	 2.303523e+03	 1.250000e+01	 2.636700e+03	 
 4.326670e+02	 2.303523e+03	 1.166900e+03	 2.092400e+03	 
 4.302238e+02	 2.303523e+03	 1.166900e+03	 2.092400e+03	 
 3.534667e+02	 2.303523e+03	 2.791000e+02	 3.336000e+02	 
 4.351103e+02	 2.303523e+03	 1.390000e+01	 2.407500e+03	 
 4.253373e+02	 2.362310e+03	 1.166900e+03	 2.848100e+03	 
 2.570501e-01	 3.199172e+03	 9.871000e+02	 2.092400e+03	 
 3.559865e+02	 2.303523e+03	 2.791000e+02	 3.336000e+02	 
 3.280870e+02	 2.303523e+03	 2.791000e+02	 3.201000e+02	 
 3.333680e+02	 2.303523e+03	 2.791000e+02	 3.336000e+02	 
 3.292462e+02	 2.303523e+03	 2.791000e+02	 3.336000e+02	 
 3.307755e+02	 2.303523e+03	 2.791000e+02	 3.336000e+02	 
 3.302237e+02	 2.303523e+03	 2.791000e+02	 3.336000e+02	 
 3.505651e+02	 2.303523e+03	 2.791000e+02	 3.336000e+02	 
 3.276688e+02	 2.303523e+03	 2.734000e+02	 3.336000e+02	 
 3.124606e+02	 2.303523e+03	 2.791000e+02	 3.336000e+02	 
 2.961881e+02	 2.303523e+03	 2.753000e+02	 3.336000e+02	 
 3.559865e+02	 2.303523e+03	 2.791000e+02	 3.336000e+02	 
 3.280870e+02	 2.303523e+03	 2.791000e+02	 3.201000e+02	 
 3.333680e+02	 2.303523e+03	 2.791000e+02	 3.336000e+02	 
 3.292462e+02	 2.303523e+03	 2.791000e+02	 3.336000e+02	 
 3.307755e+02	 2.303523e+03	 2.791000e+02	 3.336000e+02	 
 3.302237e+02	 2.303523e+03	 2.791000e+02	 3.336000e+02	 
 3.505651e+02	 2.303523e+03	 2.791000e+02	 3.336000e+02	 
 3.276688e+02	 2.303523e+03	 2.734000e+02	 3.336000e+02	 
 3.124606e+02	 2.303523e+03	 2.791000e+02	 3.336000e+02	 
 2.961881e+02	 2.303523e+03	 2.753000e+02	 3.336000e+02	 
 3.559865e+02	 2.303523e+03	 2.791000e+02	 3.336000e+02	 
 3.280870e+02	 2.303523e+03	 2.791000e+02	 3.201000e+02	 
 3.333680e+02	 2.303523e+03	 2.791000e+02	 3.336000e+02	 
 3.292462e+02	 2.303523e+03	 2.791000e+02	 3.336000e+02	 
 3.307755e+02	 2.303523e+03	 2.791000e+02	 3.336000e+02	 
 3.302237e+02	 2.303523e+03	 2.791000e+02	 3.336000e+02	 
 3.326651e+02	 2.303523e+03	 2.791000e+02	 3.336000e+02	 
 3.346668e+02	 2.303523e+03	 2.791000e+02	 3.336000e+02	 
 3.340458e+02	 2.303523e+03	 2.832000e+02	 3.336000e+02	 
 3.304964e+02	 2.303523e+03	 2.791000e+02	 3.336000e+02	 
 3.317654e+02	 2.303523e+03	 2.791000e+02	 3.336000e+02	 
 3.317576e+02	 2.303523e+03	 2.791000e+02	 3.336000e+02	 
 3.344093e+02	 2.303523e+03	 2.791000e+02	 3.336000e+02	 
 3.332437e+02	 2.303523e+03	 2.791000e+02	 3.336000e+02	 
 3.341126e+02	 2.303523e+03	 2.791000e+02	 3.336000e+02	 
 3.343856e+02	 2.303523e+03	 2.791000e+02	 3.336000e+02	 
 3.572946e+02	 2.303523e+03	 2.791000e+02	 3.336000e+02	 
 2.123099e+02	 2.303523e+03	 2.791000e+02	 3.336000e+02	 
 2.047153e+02	 2.303523e+03	 2.625000e+02	 3.336000e+02	 
 1.985483e+02	 2.303523e+03	 2.754000e+02	 3.336000e+02	 
 1.925702e+02	 2.303523e+03	 2.791000e+02	 3.336000e+02	 
 1.853063e+02	 2.303523e+03	 2.775000e+02	 3.336000e+02	 
 1.804512e+02	 2.303523e+03	 2.791000e+02	 3.336000e+02	 
 1.737835e+02	 2.303523e+03	 2.634000e+02	 3.336000e+02	 
 1.703144e+02	 2.303523e+03	 2.791000e+02	 3.336000e+02	 
 1.654888e+02	 2.303523e+03	 2.791000e+02	 3.336000e+02	 
 1.613273e+02	 2.303523e+03	 2.791000e+02	 3.336000e+02	 
 1.578559e+02	 2.303523e+03	 2.791000e+02	 3.336000e+02	 
 1.531337e+02	 2.303523e+03	 2.791000e+02	 3.336000e+02	 
 3.559865e+02	 2.303523e+03	 2.791000e+02	 3.336000e+02	 
 3.280870e+02	 2.303523e+03	 2.791000e+02	 3.201000e+02	 
 3.333680e+02	 2.303523e+03	 2.791000e+02	 3.336000e+02	 
 3.292462e+02	 2.303523e+03	 2.791000e+02	 3.336000e+02	 
 3.505651e+02	 2.303523e+03	 2.791000e+02	 3.336000e+02	 
 3.276688e+02	 2.303523e+03	 2.734000e+02	 3.336000e+02	 
 3.124606e+02	 2.303523e+03	 2.791000e+02	 3.336000e+02	 
 2.961881e+02	 2.303523e+03	 2.753000e+02	 3.336000e+02	 
 2.815943e+02	 2.303523e+03	 2.757000e+02	 3.336000e+02	 
 3.559865e+02	 2.303523e+03	 2.791000e+02	 3.336000e+02	 
 3.280870e+02	 2.303523e+03	 2.791000e+02	 3.201000e+02	 
 3.333680e+02	 2.303523e+03	 2.791000e+02	 3.336000e+02	 
 3.292462e+02	 2.303523e+03	 2.791000e+02	 3.336000e+02	 
 3.307755e+02	 2.303523e+03	 2.791000e+02	 3.336000e+02	 
 3.302237e+02	 2.303523e+03	 2.791000e+02	 3.336000e+02	 
 3.326651e+02	 2.303523e+03	 2.791000e+02	 3.336000e+02	 
 3.346668e+02	 2.303523e+03	 2.791000e+02	 3.336000e+02	 
 3.340458e+02	 2.303523e+03	 2.832000e+02	 3.336000e+02	 
 3.304964e+02	 2.303523e+03	 2.791000e+02	 3.336000e+02	 
 3.317654e+02	 2.303523e+03	 2.791000e+02	 3.336000e+02	 
 3.317576e+02	 2.303523e+03	 2.791000e+02	 3.336000e+02	 
 3.344093e+02	 2.303523e+03	 2.791000e+02	 3.336000e+02	 
 3.332437e+02	 2.303523e+03	 2.791000e+02	 3.336000e+02	 
 3.341126e+02	 2.303523e+03	 2.791000e+02	 3.336000e+02	 
 3.343856e+02	 2.303523e+03	 2.791000e+02	 3.336000e+02	 
 3.572946e+02	 2.303523e+03	 2.791000e+02	 3.336000e+02	 
 2.294351e+02	 2.303523e+03	 2.747000e+02	 3.336000e+02	 
 2.204303e+02	 2.303523e+03	 2.791000e+02	 3.336000e+02	 
 2.123099e+02	 2.303523e+03	 2.791000e+02	 3.336000e+02	 
 2.047153e+02	 2.303523e+03	 2.625000e+02	 3.336000e+02	 
 1.985483e+02	 2.303523e+03	 2.754000e+02	 3.336000e+02	 
 1.925702e+02	 2.303523e+03	 2.791000e+02	 3.336000e+02	 
 1.853063e+02	 2.303523e+03	 2.775000e+02	 3.336000e+02	 
 1.804512e+02	 2.303523e+03	 2.791000e+02	 3.336000e+02	 
 1.737835e+02	 2.303523e+03	 2.634000e+02	 3.336000e+02	 
 1.703144e+02	 2.303523e+03	 2.791000e+02	 3.336000e+02	 
 1.654888e+02	 2.303523e+03	 2.791000e+02	 3.336000e+02	 
 1.613273e+02	 2.303523e+03	 2.791000e+02	 3.336000e+02	 
 1.578559e+02	 2.303523e+03	 2.791000e+02	 3.336000e+02	 
 3.559865e+02	 2.303523e+03	 2.791000e+02	 3.336000e+02	 
 3.280870e+02	 2.303523e+03	 2.791000e+02	 3.201000e+02	 
 3.333680e+02	 2.303523e+03	 2.791000e+02	 3.336000e+02	 
 3.292462e+02	 2.303523e+03	 2.791000e+02	 3.336000e+02	 
 3.307755e+02	 2.303523e+03	 2.791000e+02	 3.336000e+02	 
 3.302237e+02	 2.303523e+03	 2.791000e+02	 3.336000e+02	 
 3.326651e+02	 2.303523e+03	 2.791000e+02	 3.336000e+02	 
 3.346668e+02	 2.303523e+03	 2.791000e+02	 3.336000e+02	 
 3.340458e+02	 2.303523e+03	 2.832000e+02	 3.336000e+02	 
 3.304964e+02	 2.303523e+03	 2.791000e+02	 3.336000e+02	 
 3.317654e+02	 2.303523e+03	 2.791000e+02	 3.336000e+02	 
 3.317576e+02	 2.303523e+03	 2.791000e+02	 3.336000e+02	 
 3.344093e+02	 2.303523e+03	 2.791000e+02	 3.336000e+02	 
 3.332437e+02	 2.303523e+03	 2.791000e+02	 3.336000e+02	 
 3.341126e+02	 2.303523e+03	 2.791000e+02	 3.336000e+02	 
 3.343856e+02	 2.303523e+03	 2.791000e+02	 3.336000e+02	 
 3.572946e+02	 2.303523e+03	 2.791000e+02	 3.336000e+02	 
 1.853063e+02	 2.303523e+03	 2.775000e+02	 3.336000e+02	 
 1.804512e+02	 2.303523e+03	 2.791000e+02	 3.336000e+02	 
 1.737835e+02	 2.303523e+03	 2.634000e+02	 3.336000e+02	 
 1.703144e+02	 2.303523e+03	 2.791000e+02	 3.336000e+02	 
 1.654888e+02	 2.303523e+03	 2.791000e+02	 3.336000e+02	 
 1.613273e+02	 2.303523e+03	 2.791000e+02	 3.336000e+02	 
 1.578559e+02	 2.303523e+03	 2.791000e+02	 3.336000e+02	 
 1.531337e+02	 2.303523e+03	 2.791000e+02	 3.336000e+02	 
 1.499245e+02	 2.303523e+03	 2.791000e+02	 3.336000e+02	 
 1.473156e+02	 2.303523e+03	 2.791000e+02	 3.336000e+02	 
 1.415191e+02	 2.303523e+03	 2.605000e+02	 3.336000e+02	 
 1.395060e+02	 2.303523e+03	 2.791000e+02	 3.336000e+02	 
 1.354414e+02	 2.303523e+03	 2.698000e+02	 3.336000e+02	 
 1.332861e+02	 2.303523e+03	 2.791000e+02	 3.336000e+02	 
 3.559865e+02	 2.303523e+03	 2.791000e+02	 3.336000e+02	 
 3.280870e+02	 2.303523e+03	 2.791000e+02	 3.201000e+02	 
 3.333680e+02	 2.303523e+03	 2.791000e+02	 3.336000e+02	 
 3.292462e+02	 2.303523e+03	 2.791000e+02	 3.336000e+02	 
 3.307755e+02	 2.303523e+03	 2.791000e+02	 3.336000e+02	 
 3.302237e+02	 2.303523e+03	 2.791000e+02	 3.336000e+02	 
 3.326651e+02	 2.303523e+03	 2.791000e+02	 3.336000e+02	 
 3.346668e+02	 2.303523e+03	 2.791000e+02	 3.336000e+02	 
 3.340458e+02	 2.303523e+03	 2.832000e+02	 3.336000e+02	 
 3.304964e+02	 2.303523e+03	 2.791000e+02	 3.336000e+02	 
 3.317654e+02	 2.303523e+03	 2.791000e+02	 3.336000e+02	 
 3.317576e+02	 2.303523e+03	 2.791000e+02	 3.336000e+02	 
 3.505651e+02	 2.303523e+03	 2.791000e+02	 3.336000e+02	 
 3.276688e+02	 2.303523e+03	 2.734000e+02	 3.336000e+02	 
 3.124606e+02	 2.303523e+03	 2.791000e+02	 3.336000e+02	 
 2.961881e+02	 2.303523e+03	 2.753000e+02	 3.336000e+02	 
 2.815943e+02	 2.303523e+03	 2.757000e+02	 3.336000e+02	 
 2.700366e+02	 2.303523e+03	 2.791000e+02	 3.336000e+02	 
 2.588135e+02	 2.303523e+03	 2.791000e+02	 3.336000e+02	 
 2.476125e+02	 2.303523e+03	 2.759000e+02	 3.336000e+02	 
 2.393301e+02	 2.303523e+03	 2.791000e+02	 3.336000e+02	 
 2.294351e+02	 2.303523e+03	 2.747000e+02	 3.336000e+02	 
 2.204303e+02	 2.303523e+03	 2.791000e+02	 3.336000e+02	 
 2.123099e+02	 2.303523e+03	 2.791000e+02	 3.336000e+02	 
 3.559865e+02	 2.303523e+03	 2.791000e+02	 3.336000e+02	 
 3.280870e+02	 2.303523e+03	 2.791000e+02	 3.201000e+02	 
 3.333680e+02	 2.303523e+03	 2.791000e+02	 3.336000e+02	 
 3.292462e+02	 2.303523e+03	 2.791000e+02	 3.336000e+02	 
 3.307755e+02	 2.303523e+03	 2.791000e+02	 3.336000e+02	 
 3.302237e+02	 2.303523e+03	 2.791000e+02	 3.336000e+02	 
 3.326651e+02	 2.303523e+03	 2.791000e+02	 3.336000e+02	 
 3.346668e+02	 2.303523e+03	 2.791000e+02	 3.336000e+02	 
 3.340458e+02	 2.303523e+03	 2.832000e+02	 3.336000e+02	 
 3.304964e+02	 2.303523e+03	 2.791000e+02	 3.336000e+02	 
 3.317654e+02	 2.303523e+03	 2.791000e+02	 3.336000e+02	 
 3.317576e+02	 2.303523e+03	 2.791000e+02	 3.336000e+02	 
 3.344093e+02	 2.303523e+03	 2.791000e+02	 3.336000e+02	 
 3.332437e+02	 2.303523e+03	 2.791000e+02	 3.336000e+02	 
 3.341126e+02	 2.303523e+03	 2.791000e+02	 3.336000e+02	 
 3.343856e+02	 2.303523e+03	 2.791000e+02	 3.336000e+02	 
 3.572946e+02	 2.303523e+03	 2.791000e+02	 3.336000e+02	 
 1.853063e+02	 2.303523e+03	 2.775000e+02	 3.336000e+02	 
 1.804512e+02	 2.303523e+03	 2.791000e+02	 3.336000e+02	 
 1.737835e+02	 2.303523e+03	 2.634000e+02	 3.336000e+02	 
 1.703144e+02	 2.303523e+03	 2.791000e+02	 3.336000e+02	 
 1.654888e+02	 2.303523e+03	 2.791000e+02	 3.336000e+02	 
 1.613273e+02	 2.303523e+03	 2.791000e+02	 3.336000e+02	 
 1.578559e+02	 2.303523e+03	 2.791000e+02	 3.336000e+02	 
 1.531337e+02	 2.303523e+03	 2.791000e+02	 3.336000e+02	 
 1.499245e+02	 2.303523e+03	 2.791000e+02	 3.336000e+02	 
 1.473156e+02	 2.303523e+03	 2.791000e+02	 3.336000e+02	 
 1.415191e+02	 2.303523e+03	 2.605000e+02	 3.336000e+02	 
 1.395060e+02	 2.303523e+03	 2.791000e+02	 3.336000e+02	 
 1.354414e+02	 2.303523e+03	 2.698000e+02	 3.336000e+02	 
 1.332861e+02	 2.303523e+03	 2.791000e+02	 3.336000e+02	 
 3.341126e+02	 2.303523e+03	 2.791000e+02	 3.336000e+02	 
 3.343856e+02	 2.303523e+03	 2.791000e+02	 3.336000e+02	 
 3.572946e+02	 2.303523e+03	 2.791000e+02	 3.336000e+02	 
 2.851452e+02	 2.303523e+03	 2.791000e+02	 3.336000e+02	 
 2.991022e+02	 2.303523e+03	 2.791000e+02	 3.336000e+02	 
 3.146977e+02	 2.303523e+03	 2.791000e+02	 3.336000e+02	 
 3.333138e+02	 2.303523e+03	 2.791000e+02	 3.336000e+02	 
 3.542772e+02	 2.303523e+03	 2.791000e+02	 3.336000e+02	 
 3.341126e+02	 2.303523e+03	 2.791000e+02	 3.336000e+02	 
 3.343856e+02	 2.303523e+03	 2.791000e+02	 3.336000e+02	 
 3.572946e+02	 2.303523e+03	 2.791000e+02	 3.336000e+02	 
 2.851452e+02	 2.303523e+03	 2.791000e+02	 3.336000e+02	 
 2.991022e+02	 2.303523e+03	 2.791000e+02	 3.336000e+02	 
 3.146977e+02	 2.303523e+03	 2.791000e+02	 3.336000e+02	 
 3.333138e+02	 2.303523e+03	 2.791000e+02	 3.336000e+02	 
 3.542772e+02	 2.303523e+03	 2.791000e+02	 3.336000e+02	 
 