Condicionamento
6.135334e+02	 1	 0	 
 1.443470e+02	 1	 0	 
 2.610382e+03	 1	 0	 
 6.230117e+03	 1	 0	 
 8.200899e+03	 1	 0	 
 1.483270e+04	 1	 0	 
 9.794360e+04	 1	 0	 
 3.520882e+03	 1	 0	 
 2.204400e+03	 1	 0	 
 2.065233e+03	 1	 0	 
 2.065233e+03	 1	 1	 
 1.483270e+04	 1	 2	 
 1.483270e+04	 1	 3	 
 2.065233e+03	 2	 1	 
 2.204400e+03	 2	 2	 
 2.204400e+03	 2	 3	 
 2.065233e+03	 3	 1	 
 9.794360e+04	 3	 2	 
 9.794360e+04	 3	 3	 
 2.065233e+03	 4	 1	 
 2.204400e+03	 4	 2	 
 2.204400e+03	 4	 3	 
 2.065233e+03	 5	 1	 
 1.443470e+02	 5	 2	 
 1.443470e+02	 5	 3	 
 2.065233e+03	 6	 1	 
 2.065233e+03	 6	 2	 
 2.065233e+03	 6	 3	 
 2.065233e+03	 7	 1	 
 9.794360e+04	 7	 2	 
 9.794360e+04	 7	 3	 
 2.065233e+03	 8	 1	 
 1.443470e+02	 8	 2	 
 1.443470e+02	 8	 3	 
 2.065233e+03	 9	 1	 
 2.065233e+03	 9	 2	 
 2.065233e+03	 9	 3	 
 2.065233e+03	 10	 1	 
 2.204400e+03	 10	 2	 
 2.204400e+03	 10	 3	 
 