1.074100e-01	 -3.560067e-03	 2.892613e-01	 4.382285e-01	 8.743972e+04	 8.768738e+04	 2.476680e+02	 0	 1.134051e+03	 1.694621e-01	 1.691693e-01	 2.545116e+02	 2.562951e+02	 
 1.074100e-01	 -3.560067e-03	 2.892613e-01	 4.382285e-01	 8.743972e+04	 8.768738e+04	 2.476680e+02	 0	 1.134051e+03	 1.694621e-01	 1.691693e-01	 2.545116e+02	 2.562951e+02	 
 1.074100e-01	 -3.560067e-03	 2.892613e-01	 4.382285e-01	 8.743972e+04	 8.768738e+04	 2.476680e+02	 0	 1.134051e+03	 1.694621e-01	 1.691693e-01	 2.545116e+02	 2.562951e+02	 
 1.074100e-01	 -3.560067e-03	 2.892613e-01	 4.382285e-01	 8.743972e+04	 8.768738e+04	 2.476680e+02	 0	 1.134051e+03	 1.694621e-01	 1.691693e-01	 2.545116e+02	 2.562951e+02	 
 1.074100e-01	 -3.560067e-03	 2.892613e-01	 4.382285e-01	 8.743972e+04	 8.768738e+04	 2.476680e+02	 0	 1.134051e+03	 1.694621e-01	 1.691693e-01	 2.545116e+02	 2.562951e+02	 
 1.074100e-01	 -3.560067e-03	 2.892613e-01	 4.382285e-01	 8.743972e+04	 8.768738e+04	 2.476680e+02	 0	 1.134051e+03	 1.694621e-01	 1.691693e-01	 2.545116e+02	 2.562951e+02	 
 1.958074e-02	 5.156577e-04	 7.998374e-01	 1.978404e-01	 1.515196e+05	 1.514589e+05	 6.072189e+01	 1	 6.378426e+04	 2.450526e-02	 1.047586e+02	 6.228543e+02	 3.189146e+02	 
 1.958074e-02	 5.156577e-04	 7.998374e-01	 1.978404e-01	 1.515196e+05	 1.514589e+05	 6.072189e+01	 1	 6.378426e+04	 2.450526e-02	 1.047586e+02	 6.228543e+02	 3.189146e+02	 
 1.958074e-02	 5.156577e-04	 7.998374e-01	 1.978404e-01	 1.515196e+05	 1.514589e+05	 6.072189e+01	 1	 6.378426e+04	 2.450526e-02	 1.047586e+02	 6.228543e+02	 3.189146e+02	 
 1.958074e-02	 5.156577e-04	 7.998374e-01	 1.978404e-01	 1.515196e+05	 1.514589e+05	 6.072189e+01	 1	 6.378426e+04	 2.450526e-02	 1.047586e+02	 6.228543e+02	 3.189146e+02	 
 1.958074e-02	 5.156577e-04	 7.998374e-01	 1.978404e-01	 1.515196e+05	 1.514589e+05	 6.072189e+01	 1	 6.378426e+04	 2.450526e-02	 1.047586e+02	 6.228543e+02	 3.189146e+02	 
 1.958074e-02	 5.156577e-04	 7.998374e-01	 1.978404e-01	 1.515196e+05	 1.514589e+05	 6.072189e+01	 1	 6.378426e+04	 2.450526e-02	 1.047586e+02	 6.228543e+02	 3.189146e+02	 
 2.420746e-01	 7.038018e-04	 1.326526e+00	 -3.168646e-01	 1.414645e+05	 1.413875e+05	 7.694662e+01	 0	 3.845822e+03	 2.557650e-01	 5.584984e+01	 2.716053e+02	 3.723744e+02	 
 2.420746e-01	 7.038018e-04	 1.326526e+00	 -3.168646e-01	 1.414645e+05	 1.413875e+05	 7.694662e+01	 0	 3.845822e+03	 2.557650e-01	 5.584984e+01	 2.716053e+02	 3.723744e+02	 
 2.420746e-01	 7.038018e-04	 1.326526e+00	 -3.168646e-01	 1.414645e+05	 1.413875e+05	 7.694662e+01	 0	 3.845822e+03	 2.557650e-01	 5.584984e+01	 2.716053e+02	 3.723744e+02	 
 2.420746e-01	 7.038018e-04	 1.326526e+00	 -3.168646e-01	 1.414645e+05	 1.413875e+05	 7.694662e+01	 0	 3.845822e+03	 2.557650e-01	 5.584984e+01	 2.716053e+02	 3.723744e+02	 
 2.420746e-01	 7.038018e-04	 1.326526e+00	 -3.168646e-01	 1.414645e+05	 1.413875e+05	 7.694662e+01	 0	 3.845822e+03	 2.557650e-01	 5.584984e+01	 2.716053e+02	 3.723744e+02	 
 2.420746e-01	 7.038018e-04	 1.326526e+00	 -3.168646e-01	 1.414645e+05	 1.413875e+05	 7.694662e+01	 0	 3.845822e+03	 2.557650e-01	 5.584984e+01	 2.716053e+02	 3.723744e+02	 
 9.572483e-02	 -1.216601e-03	 3.027406e-01	 4.405055e-01	 9.749814e+04	 9.757799e+04	 7.985051e+01	 0	 1.354023e+03	 1.632100e-01	 1.626502e-01	 2.769666e+02	 3.098345e+02	 
 9.572483e-02	 -1.216601e-03	 3.027406e-01	 4.405055e-01	 9.749814e+04	 9.757799e+04	 7.985051e+01	 0	 1.354023e+03	 1.632100e-01	 1.626502e-01	 2.769666e+02	 3.098345e+02	 
 9.572483e-02	 -1.216601e-03	 3.027406e-01	 4.405055e-01	 9.749814e+04	 9.757799e+04	 7.985051e+01	 0	 1.354023e+03	 1.632100e-01	 1.626502e-01	 2.769666e+02	 3.098345e+02	 
 9.572483e-02	 -1.216601e-03	 3.027406e-01	 4.405055e-01	 9.749814e+04	 9.757799e+04	 7.985051e+01	 0	 1.354023e+03	 1.632100e-01	 1.626502e-01	 2.769666e+02	 3.098345e+02	 
 9.572483e-02	 -1.216601e-03	 3.027406e-01	 4.405055e-01	 9.749814e+04	 9.757799e+04	 7.985051e+01	 0	 1.354023e+03	 1.632100e-01	 1.626502e-01	 2.769666e+02	 3.098345e+02	 
 9.572483e-02	 -1.216601e-03	 3.027406e-01	 4.405055e-01	 9.749814e+04	 9.757799e+04	 7.985051e+01	 0	 1.354023e+03	 1.632100e-01	 1.626502e-01	 2.769666e+02	 3.098345e+02	 
 2.863842e-01	 -1.001041e-03	 3.456764e-02	 4.373159e-01	 7.997622e+04	 8.003178e+04	 5.555847e+01	 0	 4.258209e+03	 2.482590e-01	 2.467341e-01	 1.644442e+02	 5.624811e+01	 
 2.863842e-01	 -1.001041e-03	 3.456764e-02	 4.373159e-01	 7.997622e+04	 8.003178e+04	 5.555847e+01	 0	 4.258209e+03	 2.482590e-01	 2.467341e-01	 1.644442e+02	 5.624811e+01	 
 2.863842e-01	 -1.001041e-03	 3.456764e-02	 4.373159e-01	 7.997622e+04	 8.003178e+04	 5.555847e+01	 0	 4.258209e+03	 2.482590e-01	 2.467341e-01	 1.644442e+02	 5.624811e+01	 
 2.863842e-01	 -1.001041e-03	 3.456764e-02	 4.373159e-01	 7.997622e+04	 8.003178e+04	 5.555847e+01	 0	 4.258209e+03	 2.482590e-01	 2.467341e-01	 1.644442e+02	 5.624811e+01	 
 2.863842e-01	 -1.001041e-03	 3.456764e-02	 4.373159e-01	 7.997622e+04	 8.003178e+04	 5.555847e+01	 0	 4.258209e+03	 2.482590e-01	 2.467341e-01	 1.644442e+02	 5.624811e+01	 
 2.863842e-01	 -1.001041e-03	 3.456764e-02	 4.373159e-01	 7.997622e+04	 8.003178e+04	 5.555847e+01	 0	 4.258209e+03	 2.482590e-01	 2.467341e-01	 1.644442e+02	 5.624811e+01	 
 7.808247e-02	 8.008987e-02	 1.026236e+00	 4.489595e-03	 1.214610e+05	 1.141907e+05	 7.270287e+03	 1	 6.112130e+04	 2.362435e-01	 9.593710e-01	 1.134889e+02	 2.031725e+02	 
 7.808247e-02	 8.008987e-02	 1.026236e+00	 4.489595e-03	 1.214610e+05	 1.141907e+05	 7.270287e+03	 1	 6.112130e+04	 2.362435e-01	 9.593710e-01	 1.134889e+02	 2.031725e+02	 
 7.808247e-02	 8.008987e-02	 1.026236e+00	 4.489595e-03	 1.214610e+05	 1.141907e+05	 7.270287e+03	 1	 6.112130e+04	 2.362435e-01	 9.593710e-01	 1.134889e+02	 2.031725e+02	 
 7.808247e-02	 8.008987e-02	 1.026236e+00	 4.489595e-03	 1.214610e+05	 1.141907e+05	 7.270287e+03	 1	 6.112130e+04	 2.362435e-01	 9.593710e-01	 1.134889e+02	 2.031725e+02	 
 7.808247e-02	 8.008987e-02	 1.026236e+00	 4.489595e-03	 1.214610e+05	 1.141907e+05	 7.270287e+03	 1	 6.112130e+04	 2.362435e-01	 9.593710e-01	 1.134889e+02	 2.031725e+02	 
 7.808247e-02	 8.008987e-02	 1.026236e+00	 4.489595e-03	 1.214610e+05	 1.141907e+05	 7.270287e+03	 1	 6.112130e+04	 2.362435e-01	 9.593710e-01	 1.134889e+02	 2.031725e+02	 
 1.771569e-01	 1.260788e-03	 7.523005e-01	 9.155741e-02	 5.039145e+04	 5.035268e+04	 3.877064e+01	 1	 2.106756e+04	 2.500634e-02	 8.791178e+01	 1.071477e+02	 2.699906e+01	 
 1.771569e-01	 1.260788e-03	 7.523005e-01	 9.155741e-02	 5.039145e+04	 5.035268e+04	 3.877064e+01	 1	 2.106756e+04	 2.500634e-02	 8.791178e+01	 1.071477e+02	 2.699906e+01	 
 1.771569e-01	 1.260788e-03	 7.523005e-01	 9.155741e-02	 5.039145e+04	 5.035268e+04	 3.877064e+01	 1	 2.106756e+04	 2.500634e-02	 8.791178e+01	 1.071477e+02	 2.699906e+01	 
 1.771569e-01	 1.260788e-03	 7.523005e-01	 9.155741e-02	 5.039145e+04	 5.035268e+04	 3.877064e+01	 1	 2.106756e+04	 2.500634e-02	 8.791178e+01	 1.071477e+02	 2.699906e+01	 
 1.771569e-01	 1.260788e-03	 7.523005e-01	 9.155741e-02	 5.039145e+04	 5.035268e+04	 3.877064e+01	 1	 2.106756e+04	 2.500634e-02	 8.791178e+01	 1.071477e+02	 2.699906e+01	 
 1.771569e-01	 1.260788e-03	 7.523005e-01	 9.155741e-02	 5.039145e+04	 5.035268e+04	 3.877064e+01	 1	 2.106756e+04	 2.500634e-02	 8.791178e+01	 1.071477e+02	 2.699906e+01	 
 2.477089e-01	 2.248393e-02	 7.378191e-01	 4.047899e-02	 1.637811e+05	 1.608524e+05	 2.928711e+03	 1	 7.907721e+04	 8.793234e-02	 2.453493e+02	 4.608071e+02	 1.138455e+01	 
 2.477089e-01	 2.248393e-02	 7.378191e-01	 4.047899e-02	 1.637811e+05	 1.608524e+05	 2.928711e+03	 1	 7.907721e+04	 8.793234e-02	 2.453493e+02	 4.608071e+02	 1.138455e+01	 
 2.477089e-01	 2.248393e-02	 7.378191e-01	 4.047899e-02	 1.637811e+05	 1.608524e+05	 2.928711e+03	 1	 7.907721e+04	 8.793234e-02	 2.453493e+02	 4.608071e+02	 1.138455e+01	 
 2.477089e-01	 2.248393e-02	 7.378191e-01	 4.047899e-02	 1.637811e+05	 1.608524e+05	 2.928711e+03	 1	 7.907721e+04	 8.793234e-02	 2.453493e+02	 4.608071e+02	 1.138455e+01	 
 2.477089e-01	 2.248393e-02	 7.378191e-01	 4.047899e-02	 1.637811e+05	 1.608524e+05	 2.928711e+03	 1	 7.907721e+04	 8.793234e-02	 2.453493e+02	 4.608071e+02	 1.138455e+01	 
 2.477089e-01	 2.248393e-02	 7.378191e-01	 4.047899e-02	 1.637811e+05	 1.608524e+05	 2.928711e+03	 1	 7.907721e+04	 8.793234e-02	 2.453493e+02	 4.608071e+02	 1.138455e+01	 
 1.464525e-01	 1.561839e-02	 9.340271e-01	 5.767065e-03	 9.857509e+04	 9.744306e+04	 1.132025e+03	 1	 2.931934e+04	 1.114942e-01	 1.044845e+01	 1.540773e+02	 1.684817e+02	 
 1.464525e-01	 1.561839e-02	 9.340271e-01	 5.767065e-03	 9.857509e+04	 9.744306e+04	 1.132025e+03	 1	 2.931934e+04	 1.114942e-01	 1.044845e+01	 1.540773e+02	 1.684817e+02	 
 1.464525e-01	 1.561839e-02	 9.340271e-01	 5.767065e-03	 9.857509e+04	 9.744306e+04	 1.132025e+03	 1	 2.931934e+04	 1.114942e-01	 1.044845e+01	 1.540773e+02	 1.684817e+02	 
 1.464525e-01	 1.561839e-02	 9.340271e-01	 5.767065e-03	 9.857509e+04	 9.744306e+04	 1.132025e+03	 1	 2.931934e+04	 1.114942e-01	 1.044845e+01	 1.540773e+02	 1.684817e+02	 
 1.464525e-01	 1.561839e-02	 9.340271e-01	 5.767065e-03	 9.857509e+04	 9.744306e+04	 1.132025e+03	 1	 2.931934e+04	 1.114942e-01	 1.044845e+01	 1.540773e+02	 1.684817e+02	 
 1.464525e-01	 1.561839e-02	 9.340271e-01	 5.767065e-03	 9.857509e+04	 9.744306e+04	 1.132025e+03	 1	 2.931934e+04	 1.114942e-01	 1.044845e+01	 1.540773e+02	 1.684817e+02	 
 1.183854e-01	 -4.533784e-03	 3.178752e-01	 4.124544e-01	 1.038169e+05	 1.041399e+05	 3.229646e+02	 0	 1.128297e+03	 1.568810e-01	 1.560738e-01	 3.450003e+02	 3.514137e+02	 
 1.183854e-01	 -4.533784e-03	 3.178752e-01	 4.124544e-01	 1.038169e+05	 1.041399e+05	 3.229646e+02	 0	 1.128297e+03	 1.568810e-01	 1.560738e-01	 3.450003e+02	 3.514137e+02	 
 1.183854e-01	 -4.533784e-03	 3.178752e-01	 4.124544e-01	 1.038169e+05	 1.041399e+05	 3.229646e+02	 0	 1.128297e+03	 1.568810e-01	 1.560738e-01	 3.450003e+02	 3.514137e+02	 
 1.183854e-01	 -4.533784e-03	 3.178752e-01	 4.124544e-01	 1.038169e+05	 1.041399e+05	 3.229646e+02	 0	 1.128297e+03	 1.568810e-01	 1.560738e-01	 3.450003e+02	 3.514137e+02	 
 1.183854e-01	 -4.533784e-03	 3.178752e-01	 4.124544e-01	 1.038169e+05	 1.041399e+05	 3.229646e+02	 0	 1.128297e+03	 1.568810e-01	 1.560738e-01	 3.450003e+02	 3.514137e+02	 
 1.183854e-01	 -4.533784e-03	 3.178752e-01	 4.124544e-01	 1.038169e+05	 1.041399e+05	 3.229646e+02	 0	 1.128297e+03	 1.568810e-01	 1.560738e-01	 3.450003e+02	 3.514137e+02	 
 1.183854e-01	 -4.533784e-03	 3.178752e-01	 4.124544e-01	 1.038169e+05	 1.041399e+05	 3.229646e+02	 0	 1.128297e+03	 1.568810e-01	 1.560738e-01	 3.450003e+02	 3.514137e+02	 
 1.183854e-01	 -4.533784e-03	 3.178752e-01	 4.124544e-01	 1.038169e+05	 1.041399e+05	 3.229646e+02	 0	 1.128297e+03	 1.568810e-01	 1.560738e-01	 3.450003e+02	 3.514137e+02	 
 1.183854e-01	 -4.533784e-03	 3.178752e-01	 4.124544e-01	 1.038169e+05	 1.041399e+05	 3.229646e+02	 0	 1.128297e+03	 1.568810e-01	 1.560738e-01	 3.450003e+02	 3.514137e+02	 
 1.183854e-01	 -4.533784e-03	 3.178752e-01	 4.124544e-01	 1.038169e+05	 1.041399e+05	 3.229646e+02	 0	 1.128297e+03	 1.568810e-01	 1.560738e-01	 3.450003e+02	 3.514137e+02	 
 1.183854e-01	 -4.533784e-03	 3.178752e-01	 4.124544e-01	 1.038169e+05	 1.041399e+05	 3.229646e+02	 0	 1.128297e+03	 1.568810e-01	 1.560738e-01	 3.450003e+02	 3.514137e+02	 
 1.183854e-01	 -4.533784e-03	 3.178752e-01	 4.124544e-01	 1.038169e+05	 1.041399e+05	 3.229646e+02	 0	 1.128297e+03	 1.568810e-01	 1.560738e-01	 3.450003e+02	 3.514137e+02	 
 9.572483e-02	 -1.216601e-03	 3.027406e-01	 4.405055e-01	 9.749814e+04	 9.757799e+04	 7.985051e+01	 0	 1.354023e+03	 1.632100e-01	 1.626502e-01	 2.769666e+02	 3.098345e+02	 
 9.572483e-02	 -1.216601e-03	 3.027406e-01	 4.405055e-01	 9.749814e+04	 9.757799e+04	 7.985051e+01	 0	 1.354023e+03	 1.632100e-01	 1.626502e-01	 2.769666e+02	 3.098345e+02	 
 9.572483e-02	 -1.216601e-03	 3.027406e-01	 4.405055e-01	 9.749814e+04	 9.757799e+04	 7.985051e+01	 0	 1.354023e+03	 1.632100e-01	 1.626502e-01	 2.769666e+02	 3.098345e+02	 
 9.572483e-02	 -1.216601e-03	 3.027406e-01	 4.405055e-01	 9.749814e+04	 9.757799e+04	 7.985051e+01	 0	 1.354023e+03	 1.632100e-01	 1.626502e-01	 2.769666e+02	 3.098345e+02	 
 9.572483e-02	 -1.216601e-03	 3.027406e-01	 4.405055e-01	 9.749814e+04	 9.757799e+04	 7.985051e+01	 0	 1.354023e+03	 1.632100e-01	 1.626502e-01	 2.769666e+02	 3.098345e+02	 
 9.572483e-02	 -1.216601e-03	 3.027406e-01	 4.405055e-01	 9.749814e+04	 9.757799e+04	 7.985051e+01	 0	 1.354023e+03	 1.632100e-01	 1.626502e-01	 2.769666e+02	 3.098345e+02	 
 9.572483e-02	 -1.216601e-03	 3.027406e-01	 4.405055e-01	 9.749814e+04	 9.757799e+04	 7.985051e+01	 0	 1.354023e+03	 1.632100e-01	 1.626502e-01	 2.769666e+02	 3.098345e+02	 
 9.572483e-02	 -1.216601e-03	 3.027406e-01	 4.405055e-01	 9.749814e+04	 9.757799e+04	 7.985051e+01	 0	 1.354023e+03	 1.632100e-01	 1.626502e-01	 2.769666e+02	 3.098345e+02	 
 9.572483e-02	 -1.216601e-03	 3.027406e-01	 4.405055e-01	 9.749814e+04	 9.757799e+04	 7.985051e+01	 0	 1.354023e+03	 1.632100e-01	 1.626502e-01	 2.769666e+02	 3.098345e+02	 
 9.572483e-02	 -1.216601e-03	 3.027406e-01	 4.405055e-01	 9.749814e+04	 9.757799e+04	 7.985051e+01	 0	 1.354023e+03	 1.632100e-01	 1.626502e-01	 2.769666e+02	 3.098345e+02	 
 9.572483e-02	 -1.216601e-03	 3.027406e-01	 4.405055e-01	 9.749814e+04	 9.757799e+04	 7.985051e+01	 0	 1.354023e+03	 1.632100e-01	 1.626502e-01	 2.769666e+02	 3.098345e+02	 
 9.572483e-02	 -1.216601e-03	 3.027406e-01	 4.405055e-01	 9.749814e+04	 9.757799e+04	 7.985051e+01	 0	 1.354023e+03	 1.632100e-01	 1.626502e-01	 2.769666e+02	 3.098345e+02	 
 1.183854e-01	 -4.533784e-03	 3.178752e-01	 4.124544e-01	 1.038169e+05	 1.041399e+05	 3.229646e+02	 0	 1.128297e+03	 1.568810e-01	 1.560738e-01	 3.450003e+02	 3.514137e+02	 
 1.183854e-01	 -4.533784e-03	 3.178752e-01	 4.124544e-01	 1.038169e+05	 1.041399e+05	 3.229646e+02	 0	 1.128297e+03	 1.568810e-01	 1.560738e-01	 3.450003e+02	 3.514137e+02	 
 1.183854e-01	 -4.533784e-03	 3.178752e-01	 4.124544e-01	 1.038169e+05	 1.041399e+05	 3.229646e+02	 0	 1.128297e+03	 1.568810e-01	 1.560738e-01	 3.450003e+02	 3.514137e+02	 
 1.183854e-01	 -4.533784e-03	 3.178752e-01	 4.124544e-01	 1.038169e+05	 1.041399e+05	 3.229646e+02	 0	 1.128297e+03	 1.568810e-01	 1.560738e-01	 3.450003e+02	 3.514137e+02	 
 1.183854e-01	 -4.533784e-03	 3.178752e-01	 4.124544e-01	 1.038169e+05	 1.041399e+05	 3.229646e+02	 0	 1.128297e+03	 1.568810e-01	 1.560738e-01	 3.450003e+02	 3.514137e+02	 
 1.183854e-01	 -4.533784e-03	 3.178752e-01	 4.124544e-01	 1.038169e+05	 1.041399e+05	 3.229646e+02	 0	 1.128297e+03	 1.568810e-01	 1.560738e-01	 3.450003e+02	 3.514137e+02	 
 1.183854e-01	 -4.533784e-03	 3.178752e-01	 4.124544e-01	 1.038169e+05	 1.041399e+05	 3.229646e+02	 0	 1.128297e+03	 1.568810e-01	 1.560738e-01	 3.450003e+02	 3.514137e+02	 
 1.183854e-01	 -4.533784e-03	 3.178752e-01	 4.124544e-01	 1.038169e+05	 1.041399e+05	 3.229646e+02	 0	 1.128297e+03	 1.568810e-01	 1.560738e-01	 3.450003e+02	 3.514137e+02	 
 1.183854e-01	 -4.533784e-03	 3.178752e-01	 4.124544e-01	 1.038169e+05	 1.041399e+05	 3.229646e+02	 0	 1.128297e+03	 1.568810e-01	 1.560738e-01	 3.450003e+02	 3.514137e+02	 
 1.183854e-01	 -4.533784e-03	 3.178752e-01	 4.124544e-01	 1.038169e+05	 1.041399e+05	 3.229646e+02	 0	 1.128297e+03	 1.568810e-01	 1.560738e-01	 3.450003e+02	 3.514137e+02	 
 1.183854e-01	 -4.533784e-03	 3.178752e-01	 4.124544e-01	 1.038169e+05	 1.041399e+05	 3.229646e+02	 0	 1.128297e+03	 1.568810e-01	 1.560738e-01	 3.450003e+02	 3.514137e+02	 
 1.183854e-01	 -4.533784e-03	 3.178752e-01	 4.124544e-01	 1.038169e+05	 1.041399e+05	 3.229646e+02	 0	 1.128297e+03	 1.568810e-01	 1.560738e-01	 3.450003e+02	 3.514137e+02	 
 1.183854e-01	 -4.533784e-03	 3.178752e-01	 4.124544e-01	 1.038169e+05	 1.041399e+05	 3.229646e+02	 0	 1.128297e+03	 1.568810e-01	 1.560738e-01	 3.450003e+02	 3.514137e+02	 
 1.183854e-01	 -4.533784e-03	 3.178752e-01	 4.124544e-01	 1.038169e+05	 1.041399e+05	 3.229646e+02	 0	 1.128297e+03	 1.568810e-01	 1.560738e-01	 3.450003e+02	 3.514137e+02	 
 1.183854e-01	 -4.533784e-03	 3.178752e-01	 4.124544e-01	 1.038169e+05	 1.041399e+05	 3.229646e+02	 0	 1.128297e+03	 1.568810e-01	 1.560738e-01	 3.450003e+02	 3.514137e+02	 
 1.183854e-01	 -4.533784e-03	 3.178752e-01	 4.124544e-01	 1.038169e+05	 1.041399e+05	 3.229646e+02	 0	 1.128297e+03	 1.568810e-01	 1.560738e-01	 3.450003e+02	 3.514137e+02	 
 1.183854e-01	 -4.533784e-03	 3.178752e-01	 4.124544e-01	 1.038169e+05	 1.041399e+05	 3.229646e+02	 0	 1.128297e+03	 1.568810e-01	 1.560738e-01	 3.450003e+02	 3.514137e+02	 
 1.183854e-01	 -4.533784e-03	 3.178752e-01	 4.124544e-01	 1.038169e+05	 1.041399e+05	 3.229646e+02	 0	 1.128297e+03	 1.568810e-01	 1.560738e-01	 3.450003e+02	 3.514137e+02	 
 1.183854e-01	 -4.533784e-03	 3.178752e-01	 4.124544e-01	 1.038169e+05	 1.041399e+05	 3.229646e+02	 0	 1.128297e+03	 1.568810e-01	 1.560738e-01	 3.450003e+02	 3.514137e+02	 
 1.183854e-01	 -4.533784e-03	 3.178752e-01	 4.124544e-01	 1.038169e+05	 1.041399e+05	 3.229646e+02	 0	 1.128297e+03	 1.568810e-01	 1.560738e-01	 3.450003e+02	 3.514137e+02	 
 1.183854e-01	 -4.533784e-03	 3.178752e-01	 4.124544e-01	 1.038169e+05	 1.041399e+05	 3.229646e+02	 0	 1.128297e+03	 1.568810e-01	 1.560738e-01	 3.450003e+02	 3.514137e+02	 
 1.183854e-01	 -4.533784e-03	 3.178752e-01	 4.124544e-01	 1.038169e+05	 1.041399e+05	 3.229646e+02	 0	 1.128297e+03	 1.568810e-01	 1.560738e-01	 3.450003e+02	 3.514137e+02	 
 1.183854e-01	 -4.533784e-03	 3.178752e-01	 4.124544e-01	 1.038169e+05	 1.041399e+05	 3.229646e+02	 0	 1.128297e+03	 1.568810e-01	 1.560738e-01	 3.450003e+02	 3.514137e+02	 
 1.183854e-01	 -4.533784e-03	 3.178752e-01	 4.124544e-01	 1.038169e+05	 1.041399e+05	 3.229646e+02	 0	 1.128297e+03	 1.568810e-01	 1.560738e-01	 3.450003e+02	 3.514137e+02	 
 2.177859e-01	 1.864425e-02	 7.925452e-01	 3.145385e-02	 1.157954e+05	 1.141907e+05	 1.604699e+03	 1	 3.391871e+04	 6.349638e-02	 2.033707e+02	 1.866140e+02	 4.768951e+02	 
 2.177859e-01	 1.864425e-02	 7.925452e-01	 3.145385e-02	 1.157954e+05	 1.141907e+05	 1.604699e+03	 1	 3.391871e+04	 6.349638e-02	 2.033707e+02	 1.866140e+02	 4.768951e+02	 
 2.177859e-01	 1.864425e-02	 7.925452e-01	 3.145385e-02	 1.157954e+05	 1.141907e+05	 1.604699e+03	 1	 3.391871e+04	 6.349638e-02	 2.033707e+02	 1.866140e+02	 4.768951e+02	 
 2.177859e-01	 1.864425e-02	 7.925452e-01	 3.145385e-02	 1.157954e+05	 1.141907e+05	 1.604699e+03	 1	 3.391871e+04	 6.349638e-02	 2.033707e+02	 1.866140e+02	 4.768951e+02	 
 2.177859e-01	 1.864425e-02	 7.925452e-01	 3.145385e-02	 1.157954e+05	 1.141907e+05	 1.604699e+03	 1	 3.391871e+04	 6.349638e-02	 2.033707e+02	 1.866140e+02	 4.768951e+02	 
 2.177859e-01	 1.864425e-02	 7.925452e-01	 3.145385e-02	 1.157954e+05	 1.141907e+05	 1.604699e+03	 1	 3.391871e+04	 6.349638e-02	 2.033707e+02	 1.866140e+02	 4.768951e+02	 
 2.288861e-01	 1.335249e-02	 7.745645e-01	 3.324486e-02	 1.153052e+05	 1.141907e+05	 1.114458e+03	 1	 3.796460e+04	 5.427944e-02	 2.359079e+02	 2.301609e+02	 3.395079e+02	 
 2.288861e-01	 1.335249e-02	 7.745645e-01	 3.324486e-02	 1.153052e+05	 1.141907e+05	 1.114458e+03	 1	 3.796460e+04	 5.427944e-02	 2.359079e+02	 2.301609e+02	 3.395079e+02	 
 2.288861e-01	 1.335249e-02	 7.745645e-01	 3.324486e-02	 1.153052e+05	 1.141907e+05	 1.114458e+03	 1	 3.796460e+04	 5.427944e-02	 2.359079e+02	 2.301609e+02	 3.395079e+02	 
 2.288861e-01	 1.335249e-02	 7.745645e-01	 3.324486e-02	 1.153052e+05	 1.141907e+05	 1.114458e+03	 1	 3.796460e+04	 5.427944e-02	 2.359079e+02	 2.301609e+02	 3.395079e+02	 
 2.288861e-01	 1.335249e-02	 7.745645e-01	 3.324486e-02	 1.153052e+05	 1.141907e+05	 1.114458e+03	 1	 3.796460e+04	 5.427944e-02	 2.359079e+02	 2.301609e+02	 3.395079e+02	 
 2.288861e-01	 1.335249e-02	 7.745645e-01	 3.324486e-02	 1.153052e+05	 1.141907e+05	 1.114458e+03	 1	 3.796460e+04	 5.427944e-02	 2.359079e+02	 2.301609e+02	 3.395079e+02	 
 1.183854e-01	 -4.533784e-03	 3.178752e-01	 4.124544e-01	 1.038169e+05	 1.041399e+05	 3.229646e+02	 0	 1.128297e+03	 1.568810e-01	 1.560738e-01	 3.450003e+02	 3.514137e+02	 
 1.183854e-01	 -4.533784e-03	 3.178752e-01	 4.124544e-01	 1.038169e+05	 1.041399e+05	 3.229646e+02	 0	 1.128297e+03	 1.568810e-01	 1.560738e-01	 3.450003e+02	 3.514137e+02	 
 1.183854e-01	 -4.533784e-03	 3.178752e-01	 4.124544e-01	 1.038169e+05	 1.041399e+05	 3.229646e+02	 0	 1.128297e+03	 1.568810e-01	 1.560738e-01	 3.450003e+02	 3.514137e+02	 
 1.183854e-01	 -4.533784e-03	 3.178752e-01	 4.124544e-01	 1.038169e+05	 1.041399e+05	 3.229646e+02	 0	 1.128297e+03	 1.568810e-01	 1.560738e-01	 3.450003e+02	 3.514137e+02	 
 1.183854e-01	 -4.533784e-03	 3.178752e-01	 4.124544e-01	 1.038169e+05	 1.041399e+05	 3.229646e+02	 0	 1.128297e+03	 1.568810e-01	 1.560738e-01	 3.450003e+02	 3.514137e+02	 
 1.183854e-01	 -4.533784e-03	 3.178752e-01	 4.124544e-01	 1.038169e+05	 1.041399e+05	 3.229646e+02	 0	 1.128297e+03	 1.568810e-01	 1.560738e-01	 3.450003e+02	 3.514137e+02	 
 2.602511e-01	 1.792462e-02	 7.337882e-01	 3.248306e-02	 1.632099e+05	 1.608524e+05	 2.357506e+03	 1	 7.923399e+04	 5.960899e-02	 2.904543e+02	 4.812360e+02	 3.795258e+00	 
 2.602511e-01	 1.792462e-02	 7.337882e-01	 3.248306e-02	 1.632099e+05	 1.608524e+05	 2.357506e+03	 1	 7.923399e+04	 5.960899e-02	 2.904543e+02	 4.812360e+02	 3.795258e+00	 
 2.602511e-01	 1.792462e-02	 7.337882e-01	 3.248306e-02	 1.632099e+05	 1.608524e+05	 2.357506e+03	 1	 7.923399e+04	 5.960899e-02	 2.904543e+02	 4.812360e+02	 3.795258e+00	 
 2.602511e-01	 1.792462e-02	 7.337882e-01	 3.248306e-02	 1.632099e+05	 1.608524e+05	 2.357506e+03	 1	 7.923399e+04	 5.960899e-02	 2.904543e+02	 4.812360e+02	 3.795258e+00	 
 2.602511e-01	 1.792462e-02	 7.337882e-01	 3.248306e-02	 1.632099e+05	 1.608524e+05	 2.357506e+03	 1	 7.923399e+04	 5.960899e-02	 2.904543e+02	 4.812360e+02	 3.795258e+00	 
 2.602511e-01	 1.792462e-02	 7.337882e-01	 3.248306e-02	 1.632099e+05	 1.608524e+05	 2.357506e+03	 1	 7.923399e+04	 5.960899e-02	 2.904543e+02	 4.812360e+02	 3.795258e+00	 
 2.678359e-01	 1.786585e-02	 7.301176e-01	 2.822380e-02	 1.632071e+05	 1.608524e+05	 2.354675e+03	 1	 7.931308e+04	 5.545362e-02	 2.964267e+02	 4.690581e+02	 1.097491e+01	 
 2.678359e-01	 1.786585e-02	 7.301176e-01	 2.822380e-02	 1.632071e+05	 1.608524e+05	 2.354675e+03	 1	 7.931308e+04	 5.545362e-02	 2.964267e+02	 4.690581e+02	 1.097491e+01	 
 2.678359e-01	 1.786585e-02	 7.301176e-01	 2.822380e-02	 1.632071e+05	 1.608524e+05	 2.354675e+03	 1	 7.931308e+04	 5.545362e-02	 2.964267e+02	 4.690581e+02	 1.097491e+01	 
 2.678359e-01	 1.786585e-02	 7.301176e-01	 2.822380e-02	 1.632071e+05	 1.608524e+05	 2.354675e+03	 1	 7.931308e+04	 5.545362e-02	 2.964267e+02	 4.690581e+02	 1.097491e+01	 
 2.678359e-01	 1.786585e-02	 7.301176e-01	 2.822380e-02	 1.632071e+05	 1.608524e+05	 2.354675e+03	 1	 7.931308e+04	 5.545362e-02	 2.964267e+02	 4.690581e+02	 1.097491e+01	 
 2.678359e-01	 1.786585e-02	 7.301176e-01	 2.822380e-02	 1.632071e+05	 1.608524e+05	 2.354675e+03	 1	 7.931308e+04	 5.545362e-02	 2.964267e+02	 4.690581e+02	 1.097491e+01	 
 1.183854e-01	 -4.533784e-03	 3.178752e-01	 4.124544e-01	 1.038169e+05	 1.041399e+05	 3.229646e+02	 0	 1.128297e+03	 1.568810e-01	 1.560738e-01	 3.450003e+02	 3.514137e+02	 
 1.183854e-01	 -4.533784e-03	 3.178752e-01	 4.124544e-01	 1.038169e+05	 1.041399e+05	 3.229646e+02	 0	 1.128297e+03	 1.568810e-01	 1.560738e-01	 3.450003e+02	 3.514137e+02	 
 1.183854e-01	 -4.533784e-03	 3.178752e-01	 4.124544e-01	 1.038169e+05	 1.041399e+05	 3.229646e+02	 0	 1.128297e+03	 1.568810e-01	 1.560738e-01	 3.450003e+02	 3.514137e+02	 
 1.183854e-01	 -4.533784e-03	 3.178752e-01	 4.124544e-01	 1.038169e+05	 1.041399e+05	 3.229646e+02	 0	 1.128297e+03	 1.568810e-01	 1.560738e-01	 3.450003e+02	 3.514137e+02	 
 1.183854e-01	 -4.533784e-03	 3.178752e-01	 4.124544e-01	 1.038169e+05	 1.041399e+05	 3.229646e+02	 0	 1.128297e+03	 1.568810e-01	 1.560738e-01	 3.450003e+02	 3.514137e+02	 
 1.183854e-01	 -4.533784e-03	 3.178752e-01	 4.124544e-01	 1.038169e+05	 1.041399e+05	 3.229646e+02	 0	 1.128297e+03	 1.568810e-01	 1.560738e-01	 3.450003e+02	 3.514137e+02	 
 1.183854e-01	 -4.533784e-03	 3.178752e-01	 4.124544e-01	 1.038169e+05	 1.041399e+05	 3.229646e+02	 0	 1.128297e+03	 1.568810e-01	 1.560738e-01	 3.450003e+02	 3.514137e+02	 
 1.183854e-01	 -4.533784e-03	 3.178752e-01	 4.124544e-01	 1.038169e+05	 1.041399e+05	 3.229646e+02	 0	 1.128297e+03	 1.568810e-01	 1.560738e-01	 3.450003e+02	 3.514137e+02	 
 1.183854e-01	 -4.533784e-03	 3.178752e-01	 4.124544e-01	 1.038169e+05	 1.041399e+05	 3.229646e+02	 0	 1.128297e+03	 1.568810e-01	 1.560738e-01	 3.450003e+02	 3.514137e+02	 
 1.183854e-01	 -4.533784e-03	 3.178752e-01	 4.124544e-01	 1.038169e+05	 1.041399e+05	 3.229646e+02	 0	 1.128297e+03	 1.568810e-01	 1.560738e-01	 3.450003e+02	 3.514137e+02	 
 1.183854e-01	 -4.533784e-03	 3.178752e-01	 4.124544e-01	 1.038169e+05	 1.041399e+05	 3.229646e+02	 0	 1.128297e+03	 1.568810e-01	 1.560738e-01	 3.450003e+02	 3.514137e+02	 
 1.183854e-01	 -4.533784e-03	 3.178752e-01	 4.124544e-01	 1.038169e+05	 1.041399e+05	 3.229646e+02	 0	 1.128297e+03	 1.568810e-01	 1.560738e-01	 3.450003e+02	 3.514137e+02	 
 1.183854e-01	 -4.533784e-03	 3.178752e-01	 4.124544e-01	 1.038169e+05	 1.041399e+05	 3.229646e+02	 0	 1.128297e+03	 1.568810e-01	 1.560738e-01	 3.450003e+02	 3.514137e+02	 
 1.183854e-01	 -4.533784e-03	 3.178752e-01	 4.124544e-01	 1.038169e+05	 1.041399e+05	 3.229646e+02	 0	 1.128297e+03	 1.568810e-01	 1.560738e-01	 3.450003e+02	 3.514137e+02	 
 1.183854e-01	 -4.533784e-03	 3.178752e-01	 4.124544e-01	 1.038169e+05	 1.041399e+05	 3.229646e+02	 0	 1.128297e+03	 1.568810e-01	 1.560738e-01	 3.450003e+02	 3.514137e+02	 
 1.183854e-01	 -4.533784e-03	 3.178752e-01	 4.124544e-01	 1.038169e+05	 1.041399e+05	 3.229646e+02	 0	 1.128297e+03	 1.568810e-01	 1.560738e-01	 3.450003e+02	 3.514137e+02	 
 1.183854e-01	 -4.533784e-03	 3.178752e-01	 4.124544e-01	 1.038169e+05	 1.041399e+05	 3.229646e+02	 0	 1.128297e+03	 1.568810e-01	 1.560738e-01	 3.450003e+02	 3.514137e+02	 
 1.183854e-01	 -4.533784e-03	 3.178752e-01	 4.124544e-01	 1.038169e+05	 1.041399e+05	 3.229646e+02	 0	 1.128297e+03	 1.568810e-01	 1.560738e-01	 3.450003e+02	 3.514137e+02	 
 1.183854e-01	 -4.533784e-03	 3.178752e-01	 4.124544e-01	 1.038169e+05	 1.041399e+05	 3.229646e+02	 0	 1.128297e+03	 1.568810e-01	 1.560738e-01	 3.450003e+02	 3.514137e+02	 
 1.183854e-01	 -4.533784e-03	 3.178752e-01	 4.124544e-01	 1.038169e+05	 1.041399e+05	 3.229646e+02	 0	 1.128297e+03	 1.568810e-01	 1.560738e-01	 3.450003e+02	 3.514137e+02	 
 1.183854e-01	 -4.533784e-03	 3.178752e-01	 4.124544e-01	 1.038169e+05	 1.041399e+05	 3.229646e+02	 0	 1.128297e+03	 1.568810e-01	 1.560738e-01	 3.450003e+02	 3.514137e+02	 
 1.183854e-01	 -4.533784e-03	 3.178752e-01	 4.124544e-01	 1.038169e+05	 1.041399e+05	 3.229646e+02	 0	 1.128297e+03	 1.568810e-01	 1.560738e-01	 3.450003e+02	 3.514137e+02	 
 1.183854e-01	 -4.533784e-03	 3.178752e-01	 4.124544e-01	 1.038169e+05	 1.041399e+05	 3.229646e+02	 0	 1.128297e+03	 1.568810e-01	 1.560738e-01	 3.450003e+02	 3.514137e+02	 
 1.183854e-01	 -4.533784e-03	 3.178752e-01	 4.124544e-01	 1.038169e+05	 1.041399e+05	 3.229646e+02	 0	 1.128297e+03	 1.568810e-01	 1.560738e-01	 3.450003e+02	 3.514137e+02	 
 1.780380e-01	 3.722090e-04	 7.523815e-01	 9.090962e-02	 5.036513e+04	 5.035268e+04	 1.245402e+01	 1	 2.102529e+04	 2.440657e-02	 8.768864e+01	 3.032484e+02	 1.635686e+01	 
 1.780380e-01	 3.722090e-04	 7.523815e-01	 9.090962e-02	 5.036513e+04	 5.035268e+04	 1.245402e+01	 1	 2.102529e+04	 2.440657e-02	 8.768864e+01	 3.032484e+02	 1.635686e+01	 
 1.780380e-01	 3.722090e-04	 7.523815e-01	 9.090962e-02	 5.036513e+04	 5.035268e+04	 1.245402e+01	 1	 2.102529e+04	 2.440657e-02	 8.768864e+01	 3.032484e+02	 1.635686e+01	 
 1.780380e-01	 3.722090e-04	 7.523815e-01	 9.090962e-02	 5.036513e+04	 5.035268e+04	 1.245402e+01	 1	 2.102529e+04	 2.440657e-02	 8.768864e+01	 3.032484e+02	 1.635686e+01	 
 1.780380e-01	 3.722090e-04	 7.523815e-01	 9.090962e-02	 5.036513e+04	 5.035268e+04	 1.245402e+01	 1	 2.102529e+04	 2.440657e-02	 8.768864e+01	 3.032484e+02	 1.635686e+01	 
 1.780380e-01	 3.722090e-04	 7.523815e-01	 9.090962e-02	 5.036513e+04	 5.035268e+04	 1.245402e+01	 1	 2.102529e+04	 2.440657e-02	 8.768864e+01	 3.032484e+02	 1.635686e+01	 
 1.773891e-01	 3.519099e-04	 7.526258e-01	 9.133442e-02	 5.036431e+04	 5.035268e+04	 1.163399e+01	 1	 2.103875e+04	 2.427640e-02	 8.768820e+01	 3.133073e+02	 1.844315e+01	 
 1.773891e-01	 3.519099e-04	 7.526258e-01	 9.133442e-02	 5.036431e+04	 5.035268e+04	 1.163399e+01	 1	 2.103875e+04	 2.427640e-02	 8.768820e+01	 3.133073e+02	 1.844315e+01	 
 1.773891e-01	 3.519099e-04	 7.526258e-01	 9.133442e-02	 5.036431e+04	 5.035268e+04	 1.163399e+01	 1	 2.103875e+04	 2.427640e-02	 8.768820e+01	 3.133073e+02	 1.844315e+01	 
 1.773891e-01	 3.519099e-04	 7.526258e-01	 9.133442e-02	 5.036431e+04	 5.035268e+04	 1.163399e+01	 1	 2.103875e+04	 2.427640e-02	 8.768820e+01	 3.133073e+02	 1.844315e+01	 
 1.773891e-01	 3.519099e-04	 7.526258e-01	 9.133442e-02	 5.036431e+04	 5.035268e+04	 1.163399e+01	 1	 2.103875e+04	 2.427640e-02	 8.768820e+01	 3.133073e+02	 1.844315e+01	 
 1.773891e-01	 3.519099e-04	 7.526258e-01	 9.133442e-02	 5.036431e+04	 5.035268e+04	 1.163399e+01	 1	 2.103875e+04	 2.427640e-02	 8.768820e+01	 3.133073e+02	 1.844315e+01	 
 1.183854e-01	 -4.533784e-03	 3.178752e-01	 4.124544e-01	 1.038169e+05	 1.041399e+05	 3.229646e+02	 0	 1.128297e+03	 1.568810e-01	 1.560738e-01	 3.450003e+02	 3.514137e+02	 
 1.183854e-01	 -4.533784e-03	 3.178752e-01	 4.124544e-01	 1.038169e+05	 1.041399e+05	 3.229646e+02	 0	 1.128297e+03	 1.568810e-01	 1.560738e-01	 3.450003e+02	 3.514137e+02	 
 1.183854e-01	 -4.533784e-03	 3.178752e-01	 4.124544e-01	 1.038169e+05	 1.041399e+05	 3.229646e+02	 0	 1.128297e+03	 1.568810e-01	 1.560738e-01	 3.450003e+02	 3.514137e+02	 
 1.183854e-01	 -4.533784e-03	 3.178752e-01	 4.124544e-01	 1.038169e+05	 1.041399e+05	 3.229646e+02	 0	 1.128297e+03	 1.568810e-01	 1.560738e-01	 3.450003e+02	 3.514137e+02	 
 1.183854e-01	 -4.533784e-03	 3.178752e-01	 4.124544e-01	 1.038169e+05	 1.041399e+05	 3.229646e+02	 0	 1.128297e+03	 1.568810e-01	 1.560738e-01	 3.450003e+02	 3.514137e+02	 
 1.183854e-01	 -4.533784e-03	 3.178752e-01	 4.124544e-01	 1.038169e+05	 1.041399e+05	 3.229646e+02	 0	 1.128297e+03	 1.568810e-01	 1.560738e-01	 3.450003e+02	 3.514137e+02	 
 2.420746e-01	 7.038018e-04	 1.326526e+00	 -3.168646e-01	 1.414645e+05	 1.413875e+05	 7.694662e+01	 0	 3.845822e+03	 2.557650e-01	 5.584984e+01	 2.716053e+02	 3.723744e+02	 
 2.420746e-01	 7.038018e-04	 1.326526e+00	 -3.168646e-01	 1.414645e+05	 1.413875e+05	 7.694662e+01	 0	 3.845822e+03	 2.557650e-01	 5.584984e+01	 2.716053e+02	 3.723744e+02	 
 2.420746e-01	 7.038018e-04	 1.326526e+00	 -3.168646e-01	 1.414645e+05	 1.413875e+05	 7.694662e+01	 0	 3.845822e+03	 2.557650e-01	 5.584984e+01	 2.716053e+02	 3.723744e+02	 
 2.420746e-01	 7.038018e-04	 1.326526e+00	 -3.168646e-01	 1.414645e+05	 1.413875e+05	 7.694662e+01	 0	 3.845822e+03	 2.557650e-01	 5.584984e+01	 2.716053e+02	 3.723744e+02	 
 2.420746e-01	 7.038018e-04	 1.326526e+00	 -3.168646e-01	 1.414645e+05	 1.413875e+05	 7.694662e+01	 0	 3.845822e+03	 2.557650e-01	 5.584984e+01	 2.716053e+02	 3.723744e+02	 
 2.420746e-01	 7.038018e-04	 1.326526e+00	 -3.168646e-01	 1.414645e+05	 1.413875e+05	 7.694662e+01	 0	 3.845822e+03	 2.557650e-01	 5.584984e+01	 2.716053e+02	 3.723744e+02	 
 2.420746e-01	 7.038018e-04	 1.326526e+00	 -3.168646e-01	 1.414645e+05	 1.413875e+05	 7.694662e+01	 0	 3.845822e+03	 2.557650e-01	 5.584984e+01	 2.716053e+02	 3.723744e+02	 
 2.420746e-01	 7.038018e-04	 1.326526e+00	 -3.168646e-01	 1.414645e+05	 1.413875e+05	 7.694662e+01	 0	 3.845822e+03	 2.557650e-01	 5.584984e+01	 2.716053e+02	 3.723744e+02	 
 2.420746e-01	 7.038018e-04	 1.326526e+00	 -3.168646e-01	 1.414645e+05	 1.413875e+05	 7.694662e+01	 0	 3.845822e+03	 2.557650e-01	 5.584984e+01	 2.716053e+02	 3.723744e+02	 
 2.420746e-01	 7.038018e-04	 1.326526e+00	 -3.168646e-01	 1.414645e+05	 1.413875e+05	 7.694662e+01	 0	 3.845822e+03	 2.557650e-01	 5.584984e+01	 2.716053e+02	 3.723744e+02	 
 2.420746e-01	 7.038018e-04	 1.326526e+00	 -3.168646e-01	 1.414645e+05	 1.413875e+05	 7.694662e+01	 0	 3.845822e+03	 2.557650e-01	 5.584984e+01	 2.716053e+02	 3.723744e+02	 
 2.420746e-01	 7.038018e-04	 1.326526e+00	 -3.168646e-01	 1.414645e+05	 1.413875e+05	 7.694662e+01	 0	 3.845822e+03	 2.557650e-01	 5.584984e+01	 2.716053e+02	 3.723744e+02	 
 1.183854e-01	 -4.533784e-03	 3.178752e-01	 4.124544e-01	 1.038169e+05	 1.041399e+05	 3.229646e+02	 0	 1.128297e+03	 1.568810e-01	 1.560738e-01	 3.450003e+02	 3.514137e+02	 
 1.183854e-01	 -4.533784e-03	 3.178752e-01	 4.124544e-01	 1.038169e+05	 1.041399e+05	 3.229646e+02	 0	 1.128297e+03	 1.568810e-01	 1.560738e-01	 3.450003e+02	 3.514137e+02	 
 1.183854e-01	 -4.533784e-03	 3.178752e-01	 4.124544e-01	 1.038169e+05	 1.041399e+05	 3.229646e+02	 0	 1.128297e+03	 1.568810e-01	 1.560738e-01	 3.450003e+02	 3.514137e+02	 
 1.183854e-01	 -4.533784e-03	 3.178752e-01	 4.124544e-01	 1.038169e+05	 1.041399e+05	 3.229646e+02	 0	 1.128297e+03	 1.568810e-01	 1.560738e-01	 3.450003e+02	 3.514137e+02	 
 1.183854e-01	 -4.533784e-03	 3.178752e-01	 4.124544e-01	 1.038169e+05	 1.041399e+05	 3.229646e+02	 0	 1.128297e+03	 1.568810e-01	 1.560738e-01	 3.450003e+02	 3.514137e+02	 
 1.183854e-01	 -4.533784e-03	 3.178752e-01	 4.124544e-01	 1.038169e+05	 1.041399e+05	 3.229646e+02	 0	 1.128297e+03	 1.568810e-01	 1.560738e-01	 3.450003e+02	 3.514137e+02	 
 1.780380e-01	 3.722090e-04	 7.523815e-01	 9.090962e-02	 5.036513e+04	 5.035268e+04	 1.245402e+01	 1	 2.102529e+04	 2.440657e-02	 8.768864e+01	 3.032484e+02	 1.635686e+01	 
 1.780380e-01	 3.722090e-04	 7.523815e-01	 9.090962e-02	 5.036513e+04	 5.035268e+04	 1.245402e+01	 1	 2.102529e+04	 2.440657e-02	 8.768864e+01	 3.032484e+02	 1.635686e+01	 
 1.780380e-01	 3.722090e-04	 7.523815e-01	 9.090962e-02	 5.036513e+04	 5.035268e+04	 1.245402e+01	 1	 2.102529e+04	 2.440657e-02	 8.768864e+01	 3.032484e+02	 1.635686e+01	 
 1.780380e-01	 3.722090e-04	 7.523815e-01	 9.090962e-02	 5.036513e+04	 5.035268e+04	 1.245402e+01	 1	 2.102529e+04	 2.440657e-02	 8.768864e+01	 3.032484e+02	 1.635686e+01	 
 1.780380e-01	 3.722090e-04	 7.523815e-01	 9.090962e-02	 5.036513e+04	 5.035268e+04	 1.245402e+01	 1	 2.102529e+04	 2.440657e-02	 8.768864e+01	 3.032484e+02	 1.635686e+01	 
 1.780380e-01	 3.722090e-04	 7.523815e-01	 9.090962e-02	 5.036513e+04	 5.035268e+04	 1.245402e+01	 1	 2.102529e+04	 2.440657e-02	 8.768864e+01	 3.032484e+02	 1.635686e+01	 
 1.773268e-01	 3.717818e-04	 7.526393e-01	 9.137700e-02	 5.036488e+04	 5.035268e+04	 1.220518e+01	 1	 2.104291e+04	 2.427586e-02	 8.922240e+01	 3.009775e+02	 1.870688e+01	 
 1.773268e-01	 3.717818e-04	 7.526393e-01	 9.137700e-02	 5.036488e+04	 5.035268e+04	 1.220518e+01	 1	 2.104291e+04	 2.427586e-02	 8.922240e+01	 3.009775e+02	 1.870688e+01	 
 1.773268e-01	 3.717818e-04	 7.526393e-01	 9.137700e-02	 5.036488e+04	 5.035268e+04	 1.220518e+01	 1	 2.104291e+04	 2.427586e-02	 8.922240e+01	 3.009775e+02	 1.870688e+01	 
 1.773268e-01	 3.717818e-04	 7.526393e-01	 9.137700e-02	 5.036488e+04	 5.035268e+04	 1.220518e+01	 1	 2.104291e+04	 2.427586e-02	 8.922240e+01	 3.009775e+02	 1.870688e+01	 
 1.773268e-01	 3.717818e-04	 7.526393e-01	 9.137700e-02	 5.036488e+04	 5.035268e+04	 1.220518e+01	 1	 2.104291e+04	 2.427586e-02	 8.922240e+01	 3.009775e+02	 1.870688e+01	 
 1.773268e-01	 3.717818e-04	 7.526393e-01	 9.137700e-02	 5.036488e+04	 5.035268e+04	 1.220518e+01	 1	 2.104291e+04	 2.427586e-02	 8.922240e+01	 3.009775e+02	 1.870688e+01	 
 1.183854e-01	 -4.533784e-03	 3.178752e-01	 4.124544e-01	 1.038169e+05	 1.041399e+05	 3.229646e+02	 0	 1.128297e+03	 1.568810e-01	 1.560738e-01	 3.450003e+02	 3.514137e+02	 
 1.183854e-01	 -4.533784e-03	 3.178752e-01	 4.124544e-01	 1.038169e+05	 1.041399e+05	 3.229646e+02	 0	 1.128297e+03	 1.568810e-01	 1.560738e-01	 3.450003e+02	 3.514137e+02	 
 1.183854e-01	 -4.533784e-03	 3.178752e-01	 4.124544e-01	 1.038169e+05	 1.041399e+05	 3.229646e+02	 0	 1.128297e+03	 1.568810e-01	 1.560738e-01	 3.450003e+02	 3.514137e+02	 
 1.183854e-01	 -4.533784e-03	 3.178752e-01	 4.124544e-01	 1.038169e+05	 1.041399e+05	 3.229646e+02	 0	 1.128297e+03	 1.568810e-01	 1.560738e-01	 3.450003e+02	 3.514137e+02	 
 1.183854e-01	 -4.533784e-03	 3.178752e-01	 4.124544e-01	 1.038169e+05	 1.041399e+05	 3.229646e+02	 0	 1.128297e+03	 1.568810e-01	 1.560738e-01	 3.450003e+02	 3.514137e+02	 
 1.183854e-01	 -4.533784e-03	 3.178752e-01	 4.124544e-01	 1.038169e+05	 1.041399e+05	 3.229646e+02	 0	 1.128297e+03	 1.568810e-01	 1.560738e-01	 3.450003e+02	 3.514137e+02	 
 1.183854e-01	 -4.533784e-03	 3.178752e-01	 4.124544e-01	 1.038169e+05	 1.041399e+05	 3.229646e+02	 0	 1.128297e+03	 1.568810e-01	 1.560738e-01	 3.450003e+02	 3.514137e+02	 
 1.183854e-01	 -4.533784e-03	 3.178752e-01	 4.124544e-01	 1.038169e+05	 1.041399e+05	 3.229646e+02	 0	 1.128297e+03	 1.568810e-01	 1.560738e-01	 3.450003e+02	 3.514137e+02	 
 1.183854e-01	 -4.533784e-03	 3.178752e-01	 4.124544e-01	 1.038169e+05	 1.041399e+05	 3.229646e+02	 0	 1.128297e+03	 1.568810e-01	 1.560738e-01	 3.450003e+02	 3.514137e+02	 
 1.183854e-01	 -4.533784e-03	 3.178752e-01	 4.124544e-01	 1.038169e+05	 1.041399e+05	 3.229646e+02	 0	 1.128297e+03	 1.568810e-01	 1.560738e-01	 3.450003e+02	 3.514137e+02	 
 1.183854e-01	 -4.533784e-03	 3.178752e-01	 4.124544e-01	 1.038169e+05	 1.041399e+05	 3.229646e+02	 0	 1.128297e+03	 1.568810e-01	 1.560738e-01	 3.450003e+02	 3.514137e+02	 
 1.183854e-01	 -4.533784e-03	 3.178752e-01	 4.124544e-01	 1.038169e+05	 1.041399e+05	 3.229646e+02	 0	 1.128297e+03	 1.568810e-01	 1.560738e-01	 3.450003e+02	 3.514137e+02	 
 1.183854e-01	 -4.533784e-03	 3.178752e-01	 4.124544e-01	 1.038169e+05	 1.041399e+05	 3.229646e+02	 0	 1.128297e+03	 1.568810e-01	 1.560738e-01	 3.450003e+02	 3.514137e+02	 
 1.183854e-01	 -4.533784e-03	 3.178752e-01	 4.124544e-01	 1.038169e+05	 1.041399e+05	 3.229646e+02	 0	 1.128297e+03	 1.568810e-01	 1.560738e-01	 3.450003e+02	 3.514137e+02	 
 1.183854e-01	 -4.533784e-03	 3.178752e-01	 4.124544e-01	 1.038169e+05	 1.041399e+05	 3.229646e+02	 0	 1.128297e+03	 1.568810e-01	 1.560738e-01	 3.450003e+02	 3.514137e+02	 
 1.183854e-01	 -4.533784e-03	 3.178752e-01	 4.124544e-01	 1.038169e+05	 1.041399e+05	 3.229646e+02	 0	 1.128297e+03	 1.568810e-01	 1.560738e-01	 3.450003e+02	 3.514137e+02	 
 1.183854e-01	 -4.533784e-03	 3.178752e-01	 4.124544e-01	 1.038169e+05	 1.041399e+05	 3.229646e+02	 0	 1.128297e+03	 1.568810e-01	 1.560738e-01	 3.450003e+02	 3.514137e+02	 
 1.183854e-01	 -4.533784e-03	 3.178752e-01	 4.124544e-01	 1.038169e+05	 1.041399e+05	 3.229646e+02	 0	 1.128297e+03	 1.568810e-01	 1.560738e-01	 3.450003e+02	 3.514137e+02	 
 1.183854e-01	 -4.533784e-03	 3.178752e-01	 4.124544e-01	 1.038169e+05	 1.041399e+05	 3.229646e+02	 0	 1.128297e+03	 1.568810e-01	 1.560738e-01	 3.450003e+02	 3.514137e+02	 
 1.183854e-01	 -4.533784e-03	 3.178752e-01	 4.124544e-01	 1.038169e+05	 1.041399e+05	 3.229646e+02	 0	 1.128297e+03	 1.568810e-01	 1.560738e-01	 3.450003e+02	 3.514137e+02	 
 1.183854e-01	 -4.533784e-03	 3.178752e-01	 4.124544e-01	 1.038169e+05	 1.041399e+05	 3.229646e+02	 0	 1.128297e+03	 1.568810e-01	 1.560738e-01	 3.450003e+02	 3.514137e+02	 
 1.183854e-01	 -4.533784e-03	 3.178752e-01	 4.124544e-01	 1.038169e+05	 1.041399e+05	 3.229646e+02	 0	 1.128297e+03	 1.568810e-01	 1.560738e-01	 3.450003e+02	 3.514137e+02	 
 1.183854e-01	 -4.533784e-03	 3.178752e-01	 4.124544e-01	 1.038169e+05	 1.041399e+05	 3.229646e+02	 0	 1.128297e+03	 1.568810e-01	 1.560738e-01	 3.450003e+02	 3.514137e+02	 
 1.183854e-01	 -4.533784e-03	 3.178752e-01	 4.124544e-01	 1.038169e+05	 1.041399e+05	 3.229646e+02	 0	 1.128297e+03	 1.568810e-01	 1.560738e-01	 3.450003e+02	 3.514137e+02	 
 2.420746e-01	 7.038018e-04	 1.326526e+00	 -3.168646e-01	 1.414645e+05	 1.413875e+05	 7.694662e+01	 0	 3.845822e+03	 2.557650e-01	 5.584984e+01	 2.716053e+02	 3.723744e+02	 
 2.420746e-01	 7.038018e-04	 1.326526e+00	 -3.168646e-01	 1.414645e+05	 1.413875e+05	 7.694662e+01	 0	 3.845822e+03	 2.557650e-01	 5.584984e+01	 2.716053e+02	 3.723744e+02	 
 2.420746e-01	 7.038018e-04	 1.326526e+00	 -3.168646e-01	 1.414645e+05	 1.413875e+05	 7.694662e+01	 0	 3.845822e+03	 2.557650e-01	 5.584984e+01	 2.716053e+02	 3.723744e+02	 
 2.420746e-01	 7.038018e-04	 1.326526e+00	 -3.168646e-01	 1.414645e+05	 1.413875e+05	 7.694662e+01	 0	 3.845822e+03	 2.557650e-01	 5.584984e+01	 2.716053e+02	 3.723744e+02	 
 2.420746e-01	 7.038018e-04	 1.326526e+00	 -3.168646e-01	 1.414645e+05	 1.413875e+05	 7.694662e+01	 0	 3.845822e+03	 2.557650e-01	 5.584984e+01	 2.716053e+02	 3.723744e+02	 
 2.420746e-01	 7.038018e-04	 1.326526e+00	 -3.168646e-01	 1.414645e+05	 1.413875e+05	 7.694662e+01	 0	 3.845822e+03	 2.557650e-01	 5.584984e+01	 2.716053e+02	 3.723744e+02	 
 2.420746e-01	 7.038018e-04	 1.326526e+00	 -3.168646e-01	 1.414645e+05	 1.413875e+05	 7.694662e+01	 0	 3.845822e+03	 2.557650e-01	 5.584984e+01	 2.716053e+02	 3.723744e+02	 
 2.420746e-01	 7.038018e-04	 1.326526e+00	 -3.168646e-01	 1.414645e+05	 1.413875e+05	 7.694662e+01	 0	 3.845822e+03	 2.557650e-01	 5.584984e+01	 2.716053e+02	 3.723744e+02	 
 2.420746e-01	 7.038018e-04	 1.326526e+00	 -3.168646e-01	 1.414645e+05	 1.413875e+05	 7.694662e+01	 0	 3.845822e+03	 2.557650e-01	 5.584984e+01	 2.716053e+02	 3.723744e+02	 
 2.420746e-01	 7.038018e-04	 1.326526e+00	 -3.168646e-01	 1.414645e+05	 1.413875e+05	 7.694662e+01	 0	 3.845822e+03	 2.557650e-01	 5.584984e+01	 2.716053e+02	 3.723744e+02	 
 2.420746e-01	 7.038018e-04	 1.326526e+00	 -3.168646e-01	 1.414645e+05	 1.413875e+05	 7.694662e+01	 0	 3.845822e+03	 2.557650e-01	 5.584984e+01	 2.716053e+02	 3.723744e+02	 
 2.420746e-01	 7.038018e-04	 1.326526e+00	 -3.168646e-01	 1.414645e+05	 1.413875e+05	 7.694662e+01	 0	 3.845822e+03	 2.557650e-01	 5.584984e+01	 2.716053e+02	 3.723744e+02	 
 