-5.545974e-04	 4.756774e-01	 1.812998e-01	 3.348101e-01	 2.413125e+01	 2.413125e+01	 0	 
 -5.545974e-04	 4.756774e-01	 1.812998e-01	 3.348101e-01	 2.413125e+01	 2.413125e+01	 0	 
 -5.545974e-04	 4.756774e-01	 1.812998e-01	 3.348101e-01	 2.413125e+01	 2.413125e+01	 0	 
 -5.545974e-04	 4.756774e-01	 1.812998e-01	 3.348101e-01	 2.413125e+01	 2.413125e+01	 0	 
 -5.545974e-04	 4.756774e-01	 1.812998e-01	 3.348101e-01	 2.413125e+01	 2.413125e+01	 0	 
 -5.545974e-04	 4.756774e-01	 1.812998e-01	 3.348101e-01	 2.413125e+01	 2.413125e+01	 0	 
 -1.049775e-02	 5.617937e-01	 -1.665760e-01	 5.972912e-01	 3.714078e+01	 3.714078e+01	 0	 
 -1.049775e-02	 5.617937e-01	 -1.665760e-01	 5.972912e-01	 3.714078e+01	 3.714078e+01	 0	 
 -1.049775e-02	 5.617937e-01	 -1.665760e-01	 5.972912e-01	 3.714078e+01	 3.714078e+01	 0	 
 -1.049775e-02	 5.617937e-01	 -1.665760e-01	 5.972912e-01	 3.714078e+01	 3.714078e+01	 0	 
 -1.049775e-02	 5.617937e-01	 -1.665760e-01	 5.972912e-01	 3.714078e+01	 3.714078e+01	 0	 
 -1.049775e-02	 5.617937e-01	 -1.665760e-01	 5.972912e-01	 3.714078e+01	 3.714078e+01	 0	 
 -1.609961e-03	 4.479811e-01	 -8.848728e-02	 6.229498e-01	 3.480772e+01	 3.480772e+01	 0	 
 -1.609961e-03	 4.479811e-01	 -8.848728e-02	 6.229498e-01	 3.480772e+01	 3.480772e+01	 0	 
 -1.609961e-03	 4.479811e-01	 -8.848728e-02	 6.229498e-01	 3.480772e+01	 3.480772e+01	 0	 
 -1.609961e-03	 4.479811e-01	 -8.848728e-02	 6.229498e-01	 3.480772e+01	 3.480772e+01	 0	 
 -1.609961e-03	 4.479811e-01	 -8.848728e-02	 6.229498e-01	 3.480772e+01	 3.480772e+01	 0	 
 -1.609961e-03	 4.479811e-01	 -8.848728e-02	 6.229498e-01	 3.480772e+01	 3.480772e+01	 0	 
 -9.025496e-04	 5.566289e-01	 1.216553e-01	 3.074452e-01	 2.127666e+01	 2.127666e+01	 0	 
 -9.025496e-04	 5.566289e-01	 1.216553e-01	 3.074452e-01	 2.127666e+01	 2.127666e+01	 0	 
 -9.025496e-04	 5.566289e-01	 1.216553e-01	 3.074452e-01	 2.127666e+01	 2.127666e+01	 0	 
 -9.025496e-04	 5.566289e-01	 1.216553e-01	 3.074452e-01	 2.127666e+01	 2.127666e+01	 0	 
 -9.025496e-04	 5.566289e-01	 1.216553e-01	 3.074452e-01	 2.127666e+01	 2.127666e+01	 0	 
 -9.025496e-04	 5.566289e-01	 1.216553e-01	 3.074452e-01	 2.127666e+01	 2.127666e+01	 0	 
 -4.899345e-03	 7.311169e-01	 -1.124251e-01	 4.076435e-01	 2.871441e+01	 2.871441e+01	 0	 
 -4.899345e-03	 7.311169e-01	 -1.124251e-01	 4.076435e-01	 2.871441e+01	 2.871441e+01	 0	 
 -4.899345e-03	 7.311169e-01	 -1.124251e-01	 4.076435e-01	 2.871441e+01	 2.871441e+01	 0	 
 -4.899345e-03	 7.311169e-01	 -1.124251e-01	 4.076435e-01	 2.871441e+01	 2.871441e+01	 0	 
 -4.899345e-03	 7.311169e-01	 -1.124251e-01	 4.076435e-01	 2.871441e+01	 2.871441e+01	 0	 
 -4.899345e-03	 7.311169e-01	 -1.124251e-01	 4.076435e-01	 2.871441e+01	 2.871441e+01	 0	 
 -9.684015e-04	 3.515480e-01	 2.923682e-01	 3.497703e-01	 3.299988e+01	 3.299988e+01	 0	 
 -9.684015e-04	 3.515480e-01	 2.923682e-01	 3.497703e-01	 3.299988e+01	 3.299988e+01	 0	 
 -9.684015e-04	 3.515480e-01	 2.923682e-01	 3.497703e-01	 3.299988e+01	 3.299988e+01	 0	 
 -9.684015e-04	 3.515480e-01	 2.923682e-01	 3.497703e-01	 3.299988e+01	 3.299988e+01	 0	 
 -9.684015e-04	 3.515480e-01	 2.923682e-01	 3.497703e-01	 3.299988e+01	 3.299988e+01	 0	 
 -9.684015e-04	 3.515480e-01	 2.923682e-01	 3.497703e-01	 3.299988e+01	 3.299988e+01	 0	 
 -9.930938e-04	 5.046466e-01	 7.930655e-02	 4.145440e-01	 4.704187e+01	 4.704187e+01	 0	 
 -9.930938e-04	 5.046466e-01	 7.930655e-02	 4.145440e-01	 4.704187e+01	 4.704187e+01	 0	 
 -9.930938e-04	 5.046466e-01	 7.930655e-02	 4.145440e-01	 4.704187e+01	 4.704187e+01	 0	 
 -9.930938e-04	 5.046466e-01	 7.930655e-02	 4.145440e-01	 4.704187e+01	 4.704187e+01	 0	 
 -9.930938e-04	 5.046466e-01	 7.930655e-02	 4.145440e-01	 4.704187e+01	 4.704187e+01	 0	 
 -9.930938e-04	 5.046466e-01	 7.930655e-02	 4.145440e-01	 4.704187e+01	 4.704187e+01	 0	 
 -7.822637e-03	 6.666803e-01	 1.148445e-01	 2.257461e-01	 3.350823e+01	 3.350823e+01	 0	 
 -7.822637e-03	 6.666803e-01	 1.148445e-01	 2.257461e-01	 3.350823e+01	 3.350823e+01	 0	 
 -7.822637e-03	 6.666803e-01	 1.148445e-01	 2.257461e-01	 3.350823e+01	 3.350823e+01	 0	 
 -7.822637e-03	 6.666803e-01	 1.148445e-01	 2.257461e-01	 3.350823e+01	 3.350823e+01	 0	 
 -7.822637e-03	 6.666803e-01	 1.148445e-01	 2.257461e-01	 3.350823e+01	 3.350823e+01	 0	 
 -7.822637e-03	 6.666803e-01	 1.148445e-01	 2.257461e-01	 3.350823e+01	 3.350823e+01	 0	 
 -2.182498e-03	 8.940865e-01	 2.879025e-02	 1.227861e-01	 2.548640e+01	 2.548640e+01	 0	 
 -2.182498e-03	 8.940865e-01	 2.879025e-02	 1.227861e-01	 2.548640e+01	 2.548640e+01	 0	 
 -2.182498e-03	 8.940865e-01	 2.879025e-02	 1.227861e-01	 2.548640e+01	 2.548640e+01	 0	 
 -2.182498e-03	 8.940865e-01	 2.879025e-02	 1.227861e-01	 2.548640e+01	 2.548640e+01	 0	 
 -2.182498e-03	 8.940865e-01	 2.879025e-02	 1.227861e-01	 2.548640e+01	 2.548640e+01	 0	 
 2.371239e-04	 8.333269e-01	 7.838171e-02	 1.087464e-01	 2.506767e+01	 2.548640e+01	 1	 
 -7.899906e-03	 9.308633e-01	 1.571132e-01	 -4.938105e-02	 2.694207e+01	 2.694207e+01	 0	 
 -7.899906e-03	 9.308633e-01	 1.571132e-01	 -4.938105e-02	 2.694207e+01	 2.694207e+01	 0	 
 -7.899906e-03	 9.308633e-01	 1.571132e-01	 -4.938105e-02	 2.694207e+01	 2.694207e+01	 0	 
 -7.899906e-03	 9.308633e-01	 1.571132e-01	 -4.938105e-02	 2.694207e+01	 2.694207e+01	 0	 
 -7.899906e-03	 9.308633e-01	 1.571132e-01	 -4.938105e-02	 2.694207e+01	 2.694207e+01	 0	 
 -7.899906e-03	 9.308633e-01	 1.571132e-01	 -4.938105e-02	 2.694207e+01	 2.694207e+01	 0	 
 -7.899906e-03	 9.308633e-01	 1.571132e-01	 -4.938105e-02	 2.694207e+01	 2.694207e+01	 0	 
 -7.899906e-03	 9.308633e-01	 1.571132e-01	 -4.938105e-02	 2.694207e+01	 2.694207e+01	 0	 
 -7.899906e-03	 9.308633e-01	 1.571132e-01	 -4.938105e-02	 2.694207e+01	 2.694207e+01	 0	 
 -7.899906e-03	 9.308633e-01	 1.571132e-01	 -4.938105e-02	 2.694207e+01	 2.694207e+01	 0	 
 -7.899906e-03	 9.308633e-01	 1.571132e-01	 -4.938105e-02	 2.694207e+01	 2.694207e+01	 0	 
 -7.899906e-03	 9.308633e-01	 1.571132e-01	 -4.938105e-02	 2.694207e+01	 2.694207e+01	 0	 
 -4.899345e-03	 7.311169e-01	 -1.124251e-01	 4.076435e-01	 2.871441e+01	 2.871441e+01	 0	 
 -4.899345e-03	 7.311169e-01	 -1.124251e-01	 4.076435e-01	 2.871441e+01	 2.871441e+01	 0	 
 -4.899345e-03	 7.311169e-01	 -1.124251e-01	 4.076435e-01	 2.871441e+01	 2.871441e+01	 0	 
 -4.899345e-03	 7.311169e-01	 -1.124251e-01	 4.076435e-01	 2.871441e+01	 2.871441e+01	 0	 
 -4.899345e-03	 7.311169e-01	 -1.124251e-01	 4.076435e-01	 2.871441e+01	 2.871441e+01	 0	 
 -4.899345e-03	 7.311169e-01	 -1.124251e-01	 4.076435e-01	 2.871441e+01	 2.871441e+01	 0	 
 -4.899345e-03	 7.311169e-01	 -1.124251e-01	 4.076435e-01	 2.871441e+01	 2.871441e+01	 0	 
 -4.899345e-03	 7.311169e-01	 -1.124251e-01	 4.076435e-01	 2.871441e+01	 2.871441e+01	 0	 
 -4.899345e-03	 7.311169e-01	 -1.124251e-01	 4.076435e-01	 2.871441e+01	 2.871441e+01	 0	 
 -4.899345e-03	 7.311169e-01	 -1.124251e-01	 4.076435e-01	 2.871441e+01	 2.871441e+01	 0	 
 -4.899345e-03	 7.311169e-01	 -1.124251e-01	 4.076435e-01	 2.871441e+01	 2.871441e+01	 0	 
 -4.899345e-03	 7.311169e-01	 -1.124251e-01	 4.076435e-01	 2.871441e+01	 2.871441e+01	 0	 
 -7.899906e-03	 9.308633e-01	 1.571132e-01	 -4.938105e-02	 2.694207e+01	 2.694207e+01	 0	 
 -7.899906e-03	 9.308633e-01	 1.571132e-01	 -4.938105e-02	 2.694207e+01	 2.694207e+01	 0	 
 -7.899906e-03	 9.308633e-01	 1.571132e-01	 -4.938105e-02	 2.694207e+01	 2.694207e+01	 0	 
 -7.899906e-03	 9.308633e-01	 1.571132e-01	 -4.938105e-02	 2.694207e+01	 2.694207e+01	 0	 
 -7.899906e-03	 9.308633e-01	 1.571132e-01	 -4.938105e-02	 2.694207e+01	 2.694207e+01	 0	 
 -7.899906e-03	 9.308633e-01	 1.571132e-01	 -4.938105e-02	 2.694207e+01	 2.694207e+01	 0	 
 -4.899345e-03	 7.311169e-01	 -1.124251e-01	 4.076435e-01	 2.871441e+01	 2.871441e+01	 0	 
 -4.899345e-03	 7.311169e-01	 -1.124251e-01	 4.076435e-01	 2.871441e+01	 2.871441e+01	 0	 
 -4.899345e-03	 7.311169e-01	 -1.124251e-01	 4.076435e-01	 2.871441e+01	 2.871441e+01	 0	 
 -4.899345e-03	 7.311169e-01	 -1.124251e-01	 4.076435e-01	 2.871441e+01	 2.871441e+01	 0	 
 -4.899345e-03	 7.311169e-01	 -1.124251e-01	 4.076435e-01	 2.871441e+01	 2.871441e+01	 0	 
 -4.899345e-03	 7.311169e-01	 -1.124251e-01	 4.076435e-01	 2.871441e+01	 2.871441e+01	 0	 
 -4.899345e-03	 7.311169e-01	 -1.124251e-01	 4.076435e-01	 2.871441e+01	 2.871441e+01	 0	 
 -4.899345e-03	 7.311169e-01	 -1.124251e-01	 4.076435e-01	 2.871441e+01	 2.871441e+01	 0	 
 -4.899345e-03	 7.311169e-01	 -1.124251e-01	 4.076435e-01	 2.871441e+01	 2.871441e+01	 0	 
 -4.899345e-03	 7.311169e-01	 -1.124251e-01	 4.076435e-01	 2.871441e+01	 2.871441e+01	 0	 
 -4.899345e-03	 7.311169e-01	 -1.124251e-01	 4.076435e-01	 2.871441e+01	 2.871441e+01	 0	 
 -4.899345e-03	 7.311169e-01	 -1.124251e-01	 4.076435e-01	 2.871441e+01	 2.871441e+01	 0	 
 -7.899906e-03	 9.308633e-01	 1.571132e-01	 -4.938105e-02	 2.694207e+01	 2.694207e+01	 0	 
 -7.899906e-03	 9.308633e-01	 1.571132e-01	 -4.938105e-02	 2.694207e+01	 2.694207e+01	 0	 
 -7.899906e-03	 9.308633e-01	 1.571132e-01	 -4.938105e-02	 2.694207e+01	 2.694207e+01	 0	 
 -7.899906e-03	 9.308633e-01	 1.571132e-01	 -4.938105e-02	 2.694207e+01	 2.694207e+01	 0	 
 -7.899906e-03	 9.308633e-01	 1.571132e-01	 -4.938105e-02	 2.694207e+01	 2.694207e+01	 0	 
 -7.899906e-03	 9.308633e-01	 1.571132e-01	 -4.938105e-02	 2.694207e+01	 2.694207e+01	 0	 
 -7.899906e-03	 9.308633e-01	 1.571132e-01	 -4.938105e-02	 2.694207e+01	 2.694207e+01	 0	 
 -7.899906e-03	 9.308633e-01	 1.571132e-01	 -4.938105e-02	 2.694207e+01	 2.694207e+01	 0	 
 -7.899906e-03	 9.308633e-01	 1.571132e-01	 -4.938105e-02	 2.694207e+01	 2.694207e+01	 0	 
 -7.899906e-03	 9.308633e-01	 1.571132e-01	 -4.938105e-02	 2.694207e+01	 2.694207e+01	 0	 
 -7.899906e-03	 9.308633e-01	 1.571132e-01	 -4.938105e-02	 2.694207e+01	 2.694207e+01	 0	 
 -7.899906e-03	 9.308633e-01	 1.571132e-01	 -4.938105e-02	 2.694207e+01	 2.694207e+01	 0	 
 -7.899906e-03	 9.308633e-01	 1.571132e-01	 -4.938105e-02	 2.694207e+01	 2.694207e+01	 0	 
 -7.899906e-03	 9.308633e-01	 1.571132e-01	 -4.938105e-02	 2.694207e+01	 2.694207e+01	 0	 
 -7.899906e-03	 9.308633e-01	 1.571132e-01	 -4.938105e-02	 2.694207e+01	 2.694207e+01	 0	 
 -7.899906e-03	 9.308633e-01	 1.571132e-01	 -4.938105e-02	 2.694207e+01	 2.694207e+01	 0	 
 -7.899906e-03	 9.308633e-01	 1.571132e-01	 -4.938105e-02	 2.694207e+01	 2.694207e+01	 0	 
 -7.899906e-03	 9.308633e-01	 1.571132e-01	 -4.938105e-02	 2.694207e+01	 2.694207e+01	 0	 
 -7.899906e-03	 9.308633e-01	 1.571132e-01	 -4.938105e-02	 2.694207e+01	 2.694207e+01	 0	 
 -7.899906e-03	 9.308633e-01	 1.571132e-01	 -4.938105e-02	 2.694207e+01	 2.694207e+01	 0	 
 -7.899906e-03	 9.308633e-01	 1.571132e-01	 -4.938105e-02	 2.694207e+01	 2.694207e+01	 0	 
 -7.899906e-03	 9.308633e-01	 1.571132e-01	 -4.938105e-02	 2.694207e+01	 2.694207e+01	 0	 
 -7.899906e-03	 9.308633e-01	 1.571132e-01	 -4.938105e-02	 2.694207e+01	 2.694207e+01	 0	 
 -7.899906e-03	 9.308633e-01	 1.571132e-01	 -4.938105e-02	 2.694207e+01	 2.694207e+01	 0	 
 5.741474e-04	 8.368770e-01	 7.877595e-02	 1.024624e-01	 2.501024e+01	 2.506652e+01	 1	 
 5.741474e-04	 8.368770e-01	 7.877595e-02	 1.024624e-01	 2.501024e+01	 2.506652e+01	 1	 
 5.741474e-04	 8.368770e-01	 7.877595e-02	 1.024624e-01	 2.501024e+01	 2.506652e+01	 1	 
 5.741474e-04	 8.368770e-01	 7.877595e-02	 1.024624e-01	 2.501024e+01	 2.506652e+01	 1	 
 5.741474e-04	 8.368770e-01	 7.877595e-02	 1.024624e-01	 2.501024e+01	 2.506652e+01	 1	 
 5.741474e-04	 8.368770e-01	 7.877595e-02	 1.024624e-01	 2.501024e+01	 2.506652e+01	 1	 
 6.734324e-04	 8.338951e-01	 8.904404e-02	 9.443409e-02	 2.501328e+01	 2.496081e+01	 1	 
 6.734324e-04	 8.338951e-01	 8.904404e-02	 9.443409e-02	 2.501328e+01	 2.496081e+01	 1	 
 6.734324e-04	 8.338951e-01	 8.904404e-02	 9.443409e-02	 2.501328e+01	 2.496081e+01	 1	 
 6.734324e-04	 8.338951e-01	 8.904404e-02	 9.443409e-02	 2.501328e+01	 2.496081e+01	 1	 
 6.734324e-04	 8.338951e-01	 8.904404e-02	 9.443409e-02	 2.501328e+01	 2.496081e+01	 1	 
 6.734324e-04	 8.338951e-01	 8.904404e-02	 9.443409e-02	 2.501328e+01	 2.496081e+01	 1	 
 -7.899906e-03	 9.308633e-01	 1.571132e-01	 -4.938105e-02	 2.694207e+01	 2.694207e+01	 0	 
 -7.899906e-03	 9.308633e-01	 1.571132e-01	 -4.938105e-02	 2.694207e+01	 2.694207e+01	 0	 
 -7.899906e-03	 9.308633e-01	 1.571132e-01	 -4.938105e-02	 2.694207e+01	 2.694207e+01	 0	 
 -7.899906e-03	 9.308633e-01	 1.571132e-01	 -4.938105e-02	 2.694207e+01	 2.694207e+01	 0	 
 -7.899906e-03	 9.308633e-01	 1.571132e-01	 -4.938105e-02	 2.694207e+01	 2.694207e+01	 0	 
 -7.899906e-03	 9.308633e-01	 1.571132e-01	 -4.938105e-02	 2.694207e+01	 2.694207e+01	 0	 
 -1.609961e-03	 4.479811e-01	 -8.848728e-02	 6.229498e-01	 3.480772e+01	 3.480772e+01	 0	 
 -1.609961e-03	 4.479811e-01	 -8.848728e-02	 6.229498e-01	 3.480772e+01	 3.480772e+01	 0	 
 -1.609961e-03	 4.479811e-01	 -8.848728e-02	 6.229498e-01	 3.480772e+01	 3.480772e+01	 0	 
 -1.609961e-03	 4.479811e-01	 -8.848728e-02	 6.229498e-01	 3.480772e+01	 3.480772e+01	 0	 
 -1.609961e-03	 4.479811e-01	 -8.848728e-02	 6.229498e-01	 3.480772e+01	 3.480772e+01	 0	 
 -1.609961e-03	 4.479811e-01	 -8.848728e-02	 6.229498e-01	 3.480772e+01	 3.480772e+01	 0	 
 -1.609961e-03	 4.479811e-01	 -8.848728e-02	 6.229498e-01	 3.480772e+01	 3.480772e+01	 0	 
 -1.609961e-03	 4.479811e-01	 -8.848728e-02	 6.229498e-01	 3.480772e+01	 3.480772e+01	 0	 
 -1.609961e-03	 4.479811e-01	 -8.848728e-02	 6.229498e-01	 3.480772e+01	 3.480772e+01	 0	 
 -1.609961e-03	 4.479811e-01	 -8.848728e-02	 6.229498e-01	 3.480772e+01	 3.480772e+01	 0	 
 -1.609961e-03	 4.479811e-01	 -8.848728e-02	 6.229498e-01	 3.480772e+01	 3.480772e+01	 0	 
 -1.609961e-03	 4.479811e-01	 -8.848728e-02	 6.229498e-01	 3.480772e+01	 3.480772e+01	 0	 
 -7.899906e-03	 9.308633e-01	 1.571132e-01	 -4.938105e-02	 2.694207e+01	 2.694207e+01	 0	 
 -7.899906e-03	 9.308633e-01	 1.571132e-01	 -4.938105e-02	 2.694207e+01	 2.694207e+01	 0	 
 -7.899906e-03	 9.308633e-01	 1.571132e-01	 -4.938105e-02	 2.694207e+01	 2.694207e+01	 0	 
 -7.899906e-03	 9.308633e-01	 1.571132e-01	 -4.938105e-02	 2.694207e+01	 2.694207e+01	 0	 
 -7.899906e-03	 9.308633e-01	 1.571132e-01	 -4.938105e-02	 2.694207e+01	 2.694207e+01	 0	 
 -7.899906e-03	 9.308633e-01	 1.571132e-01	 -4.938105e-02	 2.694207e+01	 2.694207e+01	 0	 
 -7.899906e-03	 9.308633e-01	 1.571132e-01	 -4.938105e-02	 2.694207e+01	 2.694207e+01	 0	 
 -7.899906e-03	 9.308633e-01	 1.571132e-01	 -4.938105e-02	 2.694207e+01	 2.694207e+01	 0	 
 -7.899906e-03	 9.308633e-01	 1.571132e-01	 -4.938105e-02	 2.694207e+01	 2.694207e+01	 0	 
 -7.899906e-03	 9.308633e-01	 1.571132e-01	 -4.938105e-02	 2.694207e+01	 2.694207e+01	 0	 
 -7.899906e-03	 9.308633e-01	 1.571132e-01	 -4.938105e-02	 2.694207e+01	 2.694207e+01	 0	 
 -7.899906e-03	 9.308633e-01	 1.571132e-01	 -4.938105e-02	 2.694207e+01	 2.694207e+01	 0	 
 -7.899906e-03	 9.308633e-01	 1.571132e-01	 -4.938105e-02	 2.694207e+01	 2.694207e+01	 0	 
 -7.899906e-03	 9.308633e-01	 1.571132e-01	 -4.938105e-02	 2.694207e+01	 2.694207e+01	 0	 
 -7.899906e-03	 9.308633e-01	 1.571132e-01	 -4.938105e-02	 2.694207e+01	 2.694207e+01	 0	 
 -7.899906e-03	 9.308633e-01	 1.571132e-01	 -4.938105e-02	 2.694207e+01	 2.694207e+01	 0	 
 -7.899906e-03	 9.308633e-01	 1.571132e-01	 -4.938105e-02	 2.694207e+01	 2.694207e+01	 0	 
 -7.899906e-03	 9.308633e-01	 1.571132e-01	 -4.938105e-02	 2.694207e+01	 2.694207e+01	 0	 
 -7.899906e-03	 9.308633e-01	 1.571132e-01	 -4.938105e-02	 2.694207e+01	 2.694207e+01	 0	 
 -7.899906e-03	 9.308633e-01	 1.571132e-01	 -4.938105e-02	 2.694207e+01	 2.694207e+01	 0	 
 -7.899906e-03	 9.308633e-01	 1.571132e-01	 -4.938105e-02	 2.694207e+01	 2.694207e+01	 0	 
 -7.899906e-03	 9.308633e-01	 1.571132e-01	 -4.938105e-02	 2.694207e+01	 2.694207e+01	 0	 
 -7.899906e-03	 9.308633e-01	 1.571132e-01	 -4.938105e-02	 2.694207e+01	 2.694207e+01	 0	 
 -7.899906e-03	 9.308633e-01	 1.571132e-01	 -4.938105e-02	 2.694207e+01	 2.694207e+01	 0	 
 -1.609961e-03	 4.479811e-01	 -8.848728e-02	 6.229498e-01	 3.480772e+01	 3.480772e+01	 0	 
 -1.609961e-03	 4.479811e-01	 -8.848728e-02	 6.229498e-01	 3.480772e+01	 3.480772e+01	 0	 
 -1.609961e-03	 4.479811e-01	 -8.848728e-02	 6.229498e-01	 3.480772e+01	 3.480772e+01	 0	 
 -1.609961e-03	 4.479811e-01	 -8.848728e-02	 6.229498e-01	 3.480772e+01	 3.480772e+01	 0	 
 -1.609961e-03	 4.479811e-01	 -8.848728e-02	 6.229498e-01	 3.480772e+01	 3.480772e+01	 0	 
 -1.609961e-03	 4.479811e-01	 -8.848728e-02	 6.229498e-01	 3.480772e+01	 3.480772e+01	 0	 
 -1.609961e-03	 4.479811e-01	 -8.848728e-02	 6.229498e-01	 3.480772e+01	 3.480772e+01	 0	 
 -1.609961e-03	 4.479811e-01	 -8.848728e-02	 6.229498e-01	 3.480772e+01	 3.480772e+01	 0	 
 -1.609961e-03	 4.479811e-01	 -8.848728e-02	 6.229498e-01	 3.480772e+01	 3.480772e+01	 0	 
 -1.609961e-03	 4.479811e-01	 -8.848728e-02	 6.229498e-01	 3.480772e+01	 3.480772e+01	 0	 
 -1.609961e-03	 4.479811e-01	 -8.848728e-02	 6.229498e-01	 3.480772e+01	 3.480772e+01	 0	 
 -1.609961e-03	 4.479811e-01	 -8.848728e-02	 6.229498e-01	 3.480772e+01	 3.480772e+01	 0	 
 -7.899906e-03	 9.308633e-01	 1.571132e-01	 -4.938105e-02	 2.694207e+01	 2.694207e+01	 0	 
 -7.899906e-03	 9.308633e-01	 1.571132e-01	 -4.938105e-02	 2.694207e+01	 2.694207e+01	 0	 
 -7.899906e-03	 9.308633e-01	 1.571132e-01	 -4.938105e-02	 2.694207e+01	 2.694207e+01	 0	 
 -7.899906e-03	 9.308633e-01	 1.571132e-01	 -4.938105e-02	 2.694207e+01	 2.694207e+01	 0	 
 -7.899906e-03	 9.308633e-01	 1.571132e-01	 -4.938105e-02	 2.694207e+01	 2.694207e+01	 0	 
 -7.899906e-03	 9.308633e-01	 1.571132e-01	 -4.938105e-02	 2.694207e+01	 2.694207e+01	 0	 
 -4.899345e-03	 7.311169e-01	 -1.124251e-01	 4.076435e-01	 2.871441e+01	 2.871441e+01	 0	 
 -4.899345e-03	 7.311169e-01	 -1.124251e-01	 4.076435e-01	 2.871441e+01	 2.871441e+01	 0	 
 -4.899345e-03	 7.311169e-01	 -1.124251e-01	 4.076435e-01	 2.871441e+01	 2.871441e+01	 0	 
 -4.899345e-03	 7.311169e-01	 -1.124251e-01	 4.076435e-01	 2.871441e+01	 2.871441e+01	 0	 
 -4.899345e-03	 7.311169e-01	 -1.124251e-01	 4.076435e-01	 2.871441e+01	 2.871441e+01	 0	 
 -4.899345e-03	 7.311169e-01	 -1.124251e-01	 4.076435e-01	 2.871441e+01	 2.871441e+01	 0	 
 -4.899345e-03	 7.311169e-01	 -1.124251e-01	 4.076435e-01	 2.871441e+01	 2.871441e+01	 0	 
 -4.899345e-03	 7.311169e-01	 -1.124251e-01	 4.076435e-01	 2.871441e+01	 2.871441e+01	 0	 
 -4.899345e-03	 7.311169e-01	 -1.124251e-01	 4.076435e-01	 2.871441e+01	 2.871441e+01	 0	 
 -4.899345e-03	 7.311169e-01	 -1.124251e-01	 4.076435e-01	 2.871441e+01	 2.871441e+01	 0	 
 -4.899345e-03	 7.311169e-01	 -1.124251e-01	 4.076435e-01	 2.871441e+01	 2.871441e+01	 0	 
 -4.899345e-03	 7.311169e-01	 -1.124251e-01	 4.076435e-01	 2.871441e+01	 2.871441e+01	 0	 
 -7.899906e-03	 9.308633e-01	 1.571132e-01	 -4.938105e-02	 2.694207e+01	 2.694207e+01	 0	 
 -7.899906e-03	 9.308633e-01	 1.571132e-01	 -4.938105e-02	 2.694207e+01	 2.694207e+01	 0	 
 -7.899906e-03	 9.308633e-01	 1.571132e-01	 -4.938105e-02	 2.694207e+01	 2.694207e+01	 0	 
 -7.899906e-03	 9.308633e-01	 1.571132e-01	 -4.938105e-02	 2.694207e+01	 2.694207e+01	 0	 
 -7.899906e-03	 9.308633e-01	 1.571132e-01	 -4.938105e-02	 2.694207e+01	 2.694207e+01	 0	 
 -7.899906e-03	 9.308633e-01	 1.571132e-01	 -4.938105e-02	 2.694207e+01	 2.694207e+01	 0	 
 -7.822637e-03	 6.666803e-01	 1.148445e-01	 2.257461e-01	 3.350823e+01	 3.350823e+01	 0	 
 -7.822637e-03	 6.666803e-01	 1.148445e-01	 2.257461e-01	 3.350823e+01	 3.350823e+01	 0	 
 -7.822637e-03	 6.666803e-01	 1.148445e-01	 2.257461e-01	 3.350823e+01	 3.350823e+01	 0	 
 -7.822637e-03	 6.666803e-01	 1.148445e-01	 2.257461e-01	 3.350823e+01	 3.350823e+01	 0	 
 -7.822637e-03	 6.666803e-01	 1.148445e-01	 2.257461e-01	 3.350823e+01	 3.350823e+01	 0	 
 -7.822637e-03	 6.666803e-01	 1.148445e-01	 2.257461e-01	 3.350823e+01	 3.350823e+01	 0	 
 -7.822637e-03	 6.666803e-01	 1.148445e-01	 2.257461e-01	 3.350823e+01	 3.350823e+01	 0	 
 -7.822637e-03	 6.666803e-01	 1.148445e-01	 2.257461e-01	 3.350823e+01	 3.350823e+01	 0	 
 -7.822637e-03	 6.666803e-01	 1.148445e-01	 2.257461e-01	 3.350823e+01	 3.350823e+01	 0	 
 -7.822637e-03	 6.666803e-01	 1.148445e-01	 2.257461e-01	 3.350823e+01	 3.350823e+01	 0	 
 -7.822637e-03	 6.666803e-01	 1.148445e-01	 2.257461e-01	 3.350823e+01	 3.350823e+01	 0	 
 -7.822637e-03	 6.666803e-01	 1.148445e-01	 2.257461e-01	 3.350823e+01	 3.350823e+01	 0	 
 -7.899906e-03	 9.308633e-01	 1.571132e-01	 -4.938105e-02	 2.694207e+01	 2.694207e+01	 0	 
 -7.899906e-03	 9.308633e-01	 1.571132e-01	 -4.938105e-02	 2.694207e+01	 2.694207e+01	 0	 
 -7.899906e-03	 9.308633e-01	 1.571132e-01	 -4.938105e-02	 2.694207e+01	 2.694207e+01	 0	 
 -7.899906e-03	 9.308633e-01	 1.571132e-01	 -4.938105e-02	 2.694207e+01	 2.694207e+01	 0	 
 -7.899906e-03	 9.308633e-01	 1.571132e-01	 -4.938105e-02	 2.694207e+01	 2.694207e+01	 0	 
 -7.899906e-03	 9.308633e-01	 1.571132e-01	 -4.938105e-02	 2.694207e+01	 2.694207e+01	 0	 
 -7.899906e-03	 9.308633e-01	 1.571132e-01	 -4.938105e-02	 2.694207e+01	 2.694207e+01	 0	 
 -7.899906e-03	 9.308633e-01	 1.571132e-01	 -4.938105e-02	 2.694207e+01	 2.694207e+01	 0	 
 -7.899906e-03	 9.308633e-01	 1.571132e-01	 -4.938105e-02	 2.694207e+01	 2.694207e+01	 0	 
 -7.899906e-03	 9.308633e-01	 1.571132e-01	 -4.938105e-02	 2.694207e+01	 2.694207e+01	 0	 
 -7.899906e-03	 9.308633e-01	 1.571132e-01	 -4.938105e-02	 2.694207e+01	 2.694207e+01	 0	 
 -7.899906e-03	 9.308633e-01	 1.571132e-01	 -4.938105e-02	 2.694207e+01	 2.694207e+01	 0	 
 -7.899906e-03	 9.308633e-01	 1.571132e-01	 -4.938105e-02	 2.694207e+01	 2.694207e+01	 0	 
 -7.899906e-03	 9.308633e-01	 1.571132e-01	 -4.938105e-02	 2.694207e+01	 2.694207e+01	 0	 
 -7.899906e-03	 9.308633e-01	 1.571132e-01	 -4.938105e-02	 2.694207e+01	 2.694207e+01	 0	 
 -7.899906e-03	 9.308633e-01	 1.571132e-01	 -4.938105e-02	 2.694207e+01	 2.694207e+01	 0	 
 -7.899906e-03	 9.308633e-01	 1.571132e-01	 -4.938105e-02	 2.694207e+01	 2.694207e+01	 0	 
 -7.899906e-03	 9.308633e-01	 1.571132e-01	 -4.938105e-02	 2.694207e+01	 2.694207e+01	 0	 
 