-2.189440e-02	 7.125404e-01	 1.993761e-01	 1.099760e-01	 1.921630e-01	 1.734635e-01	 1.869946e-02	 0	 2.173701e+02	 7.179133e-04	 6.099783e-03	 1.097659e-02	 1.999994e-01	 
 -2.189440e-02	 7.125404e-01	 1.993761e-01	 1.099760e-01	 1.921630e-01	 1.734635e-01	 1.869946e-02	 0	 2.173701e+02	 7.179133e-04	 6.099783e-03	 1.097659e-02	 1.999994e-01	 
 -2.189440e-02	 7.125404e-01	 1.993761e-01	 1.099760e-01	 1.921630e-01	 1.734635e-01	 1.869946e-02	 0	 2.173701e+02	 7.179133e-04	 6.099783e-03	 1.097659e-02	 1.999994e-01	 
 -2.189440e-02	 7.125404e-01	 1.993761e-01	 1.099760e-01	 1.921630e-01	 1.734635e-01	 1.869946e-02	 0	 2.173701e+02	 7.179133e-04	 6.099783e-03	 1.097659e-02	 1.999994e-01	 
 -2.189440e-02	 7.125404e-01	 1.993761e-01	 1.099760e-01	 1.921630e-01	 1.734635e-01	 1.869946e-02	 0	 2.173701e+02	 7.179133e-04	 6.099783e-03	 1.097659e-02	 1.999994e-01	 
 -2.189440e-02	 7.125404e-01	 1.993761e-01	 1.099760e-01	 1.921630e-01	 1.734635e-01	 1.869946e-02	 0	 2.173701e+02	 7.179133e-04	 6.099783e-03	 1.097659e-02	 1.999994e-01	 
 -2.189440e-02	 7.125404e-01	 1.993761e-01	 1.099760e-01	 1.921630e-01	 1.734635e-01	 1.869946e-02	 0	 2.173701e+02	 7.179133e-04	 6.099783e-03	 1.097659e-02	 1.999994e-01	 
 -2.189440e-02	 7.125404e-01	 1.993761e-01	 1.099760e-01	 1.921630e-01	 1.734635e-01	 1.869946e-02	 0	 2.173701e+02	 7.179133e-04	 6.099783e-03	 1.097659e-02	 1.999994e-01	 
 -2.189440e-02	 7.125404e-01	 1.993761e-01	 1.099760e-01	 1.921630e-01	 1.734635e-01	 1.869946e-02	 0	 2.173701e+02	 7.179133e-04	 6.099783e-03	 1.097659e-02	 1.999994e-01	 
 -2.189440e-02	 7.125404e-01	 1.993761e-01	 1.099760e-01	 1.921630e-01	 1.734635e-01	 1.869946e-02	 0	 2.173701e+02	 7.179133e-04	 6.099783e-03	 1.097659e-02	 1.999994e-01	 
 -2.189440e-02	 7.125404e-01	 1.993761e-01	 1.099760e-01	 1.921630e-01	 1.734635e-01	 1.869946e-02	 0	 2.173701e+02	 7.179133e-04	 6.099783e-03	 1.097659e-02	 1.999994e-01	 
 -2.189440e-02	 7.125404e-01	 1.993761e-01	 1.099760e-01	 1.921630e-01	 1.734635e-01	 1.869946e-02	 0	 2.173701e+02	 7.179133e-04	 6.099783e-03	 1.097659e-02	 1.999994e-01	 
 -2.189440e-02	 7.125404e-01	 1.993761e-01	 1.099760e-01	 1.921630e-01	 1.734635e-01	 1.869946e-02	 0	 2.173701e+02	 7.179133e-04	 6.099783e-03	 1.097659e-02	 1.999994e-01	 
 -2.189440e-02	 7.125404e-01	 1.993761e-01	 1.099760e-01	 1.921630e-01	 1.734635e-01	 1.869946e-02	 0	 2.173701e+02	 7.179133e-04	 6.099783e-03	 1.097659e-02	 1.999994e-01	 
 -2.189440e-02	 7.125404e-01	 1.993761e-01	 1.099760e-01	 1.921630e-01	 1.734635e-01	 1.869946e-02	 0	 2.173701e+02	 7.179133e-04	 6.099783e-03	 1.097659e-02	 1.999994e-01	 
 -2.189440e-02	 7.125404e-01	 1.993761e-01	 1.099760e-01	 1.921630e-01	 1.734635e-01	 1.869946e-02	 0	 2.173701e+02	 7.179133e-04	 6.099783e-03	 1.097659e-02	 1.999994e-01	 
 -2.189440e-02	 7.125404e-01	 1.993761e-01	 1.099760e-01	 1.921630e-01	 1.734635e-01	 1.869946e-02	 0	 2.173701e+02	 7.179133e-04	 6.099783e-03	 1.097659e-02	 1.999994e-01	 
 -2.189440e-02	 7.125404e-01	 1.993761e-01	 1.099760e-01	 1.921630e-01	 1.734635e-01	 1.869946e-02	 0	 2.173701e+02	 7.179133e-04	 6.099783e-03	 1.097659e-02	 1.999994e-01	 
 -2.189440e-02	 7.125404e-01	 1.993761e-01	 1.099760e-01	 1.921630e-01	 1.734635e-01	 1.869946e-02	 0	 2.173701e+02	 7.179133e-04	 6.099783e-03	 1.097659e-02	 1.999994e-01	 
 -2.189440e-02	 7.125404e-01	 1.993761e-01	 1.099760e-01	 1.921630e-01	 1.734635e-01	 1.869946e-02	 0	 2.173701e+02	 7.179133e-04	 6.099783e-03	 1.097659e-02	 1.999994e-01	 
 -2.189440e-02	 7.125404e-01	 1.993761e-01	 1.099760e-01	 1.921630e-01	 1.734635e-01	 1.869946e-02	 0	 2.173701e+02	 7.179133e-04	 6.099783e-03	 1.097659e-02	 1.999994e-01	 
 -2.189440e-02	 7.125404e-01	 1.993761e-01	 1.099760e-01	 1.921630e-01	 1.734635e-01	 1.869946e-02	 0	 2.173701e+02	 7.179133e-04	 6.099783e-03	 1.097659e-02	 1.999994e-01	 
 -2.189440e-02	 7.125404e-01	 1.993761e-01	 1.099760e-01	 1.921630e-01	 1.734635e-01	 1.869946e-02	 0	 2.173701e+02	 7.179133e-04	 6.099783e-03	 1.097659e-02	 1.999994e-01	 
 -2.189440e-02	 7.125404e-01	 1.993761e-01	 1.099760e-01	 1.921630e-01	 1.734635e-01	 1.869946e-02	 0	 2.173701e+02	 7.179133e-04	 6.099783e-03	 1.097659e-02	 1.999994e-01	 
 -2.189440e-02	 7.125404e-01	 1.993761e-01	 1.099760e-01	 1.921630e-01	 1.734635e-01	 1.869946e-02	 0	 2.173701e+02	 7.179133e-04	 6.099783e-03	 1.097659e-02	 1.999994e-01	 
 -2.189440e-02	 7.125404e-01	 1.993761e-01	 1.099760e-01	 1.921630e-01	 1.734635e-01	 1.869946e-02	 0	 2.173701e+02	 7.179133e-04	 6.099783e-03	 1.097659e-02	 1.999994e-01	 
 -2.189440e-02	 7.125404e-01	 1.993761e-01	 1.099760e-01	 1.921630e-01	 1.734635e-01	 1.869946e-02	 0	 2.173701e+02	 7.179133e-04	 6.099783e-03	 1.097659e-02	 1.999994e-01	 
 -2.189440e-02	 7.125404e-01	 1.993761e-01	 1.099760e-01	 1.921630e-01	 1.734635e-01	 1.869946e-02	 0	 2.173701e+02	 7.179133e-04	 6.099783e-03	 1.097659e-02	 1.999994e-01	 
 -2.189440e-02	 7.125404e-01	 1.993761e-01	 1.099760e-01	 1.921630e-01	 1.734635e-01	 1.869946e-02	 0	 2.173701e+02	 7.179133e-04	 6.099783e-03	 1.097659e-02	 1.999994e-01	 
 -2.189440e-02	 7.125404e-01	 1.993761e-01	 1.099760e-01	 1.921630e-01	 1.734635e-01	 1.869946e-02	 0	 2.173701e+02	 7.179133e-04	 6.099783e-03	 1.097659e-02	 1.999994e-01	 
 -2.189440e-02	 7.125404e-01	 1.993761e-01	 1.099760e-01	 1.921630e-01	 1.734635e-01	 1.869946e-02	 0	 2.173701e+02	 7.179133e-04	 6.099783e-03	 1.097659e-02	 1.999994e-01	 
 -2.189440e-02	 7.125404e-01	 1.993761e-01	 1.099760e-01	 1.921630e-01	 1.734635e-01	 1.869946e-02	 0	 2.173701e+02	 7.179133e-04	 6.099783e-03	 1.097659e-02	 1.999994e-01	 
 -2.189440e-02	 7.125404e-01	 1.993761e-01	 1.099760e-01	 1.921630e-01	 1.734635e-01	 1.869946e-02	 0	 2.173701e+02	 7.179133e-04	 6.099783e-03	 1.097659e-02	 1.999994e-01	 
 -2.189440e-02	 7.125404e-01	 1.993761e-01	 1.099760e-01	 1.921630e-01	 1.734635e-01	 1.869946e-02	 0	 2.173701e+02	 7.179133e-04	 6.099783e-03	 1.097659e-02	 1.999994e-01	 
 -2.189440e-02	 7.125404e-01	 1.993761e-01	 1.099760e-01	 1.921630e-01	 1.734635e-01	 1.869946e-02	 0	 2.173701e+02	 7.179133e-04	 6.099783e-03	 1.097659e-02	 1.999994e-01	 
 -2.189440e-02	 7.125404e-01	 1.993761e-01	 1.099760e-01	 1.921630e-01	 1.734635e-01	 1.869946e-02	 0	 2.173701e+02	 7.179133e-04	 6.099783e-03	 1.097659e-02	 1.999994e-01	 
 -2.189440e-02	 7.125404e-01	 1.993761e-01	 1.099760e-01	 1.921630e-01	 1.734635e-01	 1.869946e-02	 0	 2.173701e+02	 7.179133e-04	 6.099783e-03	 1.097659e-02	 1.999994e-01	 
 -2.189440e-02	 7.125404e-01	 1.993761e-01	 1.099760e-01	 1.921630e-01	 1.734635e-01	 1.869946e-02	 0	 2.173701e+02	 7.179133e-04	 6.099783e-03	 1.097659e-02	 1.999994e-01	 
 -2.189440e-02	 7.125404e-01	 1.993761e-01	 1.099760e-01	 1.921630e-01	 1.734635e-01	 1.869946e-02	 0	 2.173701e+02	 7.179133e-04	 6.099783e-03	 1.097659e-02	 1.999994e-01	 
 -2.189440e-02	 7.125404e-01	 1.993761e-01	 1.099760e-01	 1.921630e-01	 1.734635e-01	 1.869946e-02	 0	 2.173701e+02	 7.179133e-04	 6.099783e-03	 1.097659e-02	 1.999994e-01	 
 -2.189440e-02	 7.125404e-01	 1.993761e-01	 1.099760e-01	 1.921630e-01	 1.734635e-01	 1.869946e-02	 0	 2.173701e+02	 7.179133e-04	 6.099783e-03	 1.097659e-02	 1.999994e-01	 
 -2.189440e-02	 7.125404e-01	 1.993761e-01	 1.099760e-01	 1.921630e-01	 1.734635e-01	 1.869946e-02	 0	 2.173701e+02	 7.179133e-04	 6.099783e-03	 1.097659e-02	 1.999994e-01	 
 -2.189440e-02	 7.125404e-01	 1.993761e-01	 1.099760e-01	 1.921630e-01	 1.734635e-01	 1.869946e-02	 0	 2.173701e+02	 7.179133e-04	 6.099783e-03	 1.097659e-02	 1.999994e-01	 
 -2.189440e-02	 7.125404e-01	 1.993761e-01	 1.099760e-01	 1.921630e-01	 1.734635e-01	 1.869946e-02	 0	 2.173701e+02	 7.179133e-04	 6.099783e-03	 1.097659e-02	 1.999994e-01	 
 -2.189440e-02	 7.125404e-01	 1.993761e-01	 1.099760e-01	 1.921630e-01	 1.734635e-01	 1.869946e-02	 0	 2.173701e+02	 7.179133e-04	 6.099783e-03	 1.097659e-02	 1.999994e-01	 
 -2.189440e-02	 7.125404e-01	 1.993761e-01	 1.099760e-01	 1.921630e-01	 1.734635e-01	 1.869946e-02	 0	 2.173701e+02	 7.179133e-04	 6.099783e-03	 1.097659e-02	 1.999994e-01	 
 -2.189440e-02	 7.125404e-01	 1.993761e-01	 1.099760e-01	 1.921630e-01	 1.734635e-01	 1.869946e-02	 0	 2.173701e+02	 7.179133e-04	 6.099783e-03	 1.097659e-02	 1.999994e-01	 
 -2.189440e-02	 7.125404e-01	 1.993761e-01	 1.099760e-01	 1.921630e-01	 1.734635e-01	 1.869946e-02	 0	 2.173701e+02	 7.179133e-04	 6.099783e-03	 1.097659e-02	 1.999994e-01	 
 6.999050e-02	 6.180562e-01	 2.339317e-01	 7.563505e-02	 3.018907e-01	 4.202815e-01	 1.183908e-01	 1	 8.642924e+01	 2.859264e-01	 2.055474e-01	 5.907636e-01	 1.341882e+01	 
 1.073059e-01	 6.220724e-01	 2.064571e-01	 5.699158e-02	 3.164449e-01	 4.202815e-01	 1.038366e-01	 1	 2.762507e+01	 2.513504e-01	 2.310575e-01	 3.824746e-01	 2.745255e+00	 
 9.739839e-02	 5.935388e-01	 2.191850e-01	 8.489764e-02	 3.274128e-01	 4.202815e-01	 9.286873e-02	 1	 3.895691e+01	 2.873377e-01	 2.140668e-01	 4.202467e-01	 5.812708e+00	 
 8.176615e-02	 6.718259e-01	 2.302199e-01	 1.200116e-02	 2.729584e-01	 4.202815e-01	 1.473231e-01	 1	 5.825468e+01	 2.893442e-01	 2.110036e-01	 6.610588e-01	 7.347816e+00	 
 1.101734e-01	 5.181046e-01	 3.075293e-01	 5.866050e-02	 3.389680e-01	 4.202815e-01	 8.131348e-02	 1	 3.680123e+01	 2.840387e-01	 2.166325e-01	 3.650920e-01	 4.953378e+00	 
 8.940614e-02	 6.356677e-01	 2.037417e-01	 6.659215e-02	 3.069343e-01	 4.202815e-01	 1.133472e-01	 1	 4.445881e+01	 2.886617e-01	 2.124963e-01	 5.079147e-01	 6.508733e+00	 
 1.666453e-01	 6.654018e-01	 1.382764e-01	 2.284572e-02	 3.335690e-01	 4.202815e-01	 8.671248e-02	 1	 2.182901e+01	 2.642411e-01	 2.260372e-01	 4.486389e-01	 3.238805e+00	 
 7.397594e-02	 6.061616e-01	 2.404408e-01	 7.548587e-02	 3.061437e-01	 4.202815e-01	 1.141378e-01	 1	 5.779409e+01	 2.894546e-01	 2.101416e-01	 4.846611e-01	 7.861487e+00	 
 6.999050e-02	 6.180562e-01	 2.339317e-01	 7.563505e-02	 3.018907e-01	 4.202815e-01	 1.183908e-01	 1	 8.642924e+01	 2.859264e-01	 2.055474e-01	 5.907636e-01	 1.341882e+01	 
 1.073059e-01	 6.220724e-01	 2.064571e-01	 5.699158e-02	 3.164449e-01	 4.202815e-01	 1.038366e-01	 1	 2.762507e+01	 2.513504e-01	 2.310575e-01	 3.824746e-01	 2.745255e+00	 
 9.739839e-02	 5.935388e-01	 2.191850e-01	 8.489764e-02	 3.274128e-01	 4.202815e-01	 9.286873e-02	 1	 3.895691e+01	 2.873377e-01	 2.140668e-01	 4.202467e-01	 5.812708e+00	 
 8.176615e-02	 6.718259e-01	 2.302199e-01	 1.200116e-02	 2.729584e-01	 4.202815e-01	 1.473231e-01	 1	 5.825468e+01	 2.893442e-01	 2.110036e-01	 6.610588e-01	 7.347816e+00	 
 1.101734e-01	 5.181046e-01	 3.075293e-01	 5.866050e-02	 3.389680e-01	 4.202815e-01	 8.131348e-02	 1	 3.680123e+01	 2.840387e-01	 2.166325e-01	 3.650920e-01	 4.953378e+00	 
 8.940614e-02	 6.356677e-01	 2.037417e-01	 6.659215e-02	 3.069343e-01	 4.202815e-01	 1.133472e-01	 1	 4.445881e+01	 2.886617e-01	 2.124963e-01	 5.079147e-01	 6.508733e+00	 
 1.666453e-01	 6.654018e-01	 1.382764e-01	 2.284572e-02	 3.335690e-01	 4.202815e-01	 8.671248e-02	 1	 2.182901e+01	 2.642411e-01	 2.260372e-01	 4.486389e-01	 3.238805e+00	 
 7.397594e-02	 6.061616e-01	 2.404408e-01	 7.548587e-02	 3.061437e-01	 4.202815e-01	 1.141378e-01	 1	 5.779409e+01	 2.894546e-01	 2.101416e-01	 4.846611e-01	 7.861487e+00	 
 6.999050e-02	 6.180562e-01	 2.339317e-01	 7.563505e-02	 3.018907e-01	 4.202815e-01	 1.183908e-01	 1	 8.642924e+01	 2.859264e-01	 2.055474e-01	 5.907636e-01	 1.341882e+01	 
 1.073059e-01	 6.220724e-01	 2.064571e-01	 5.699158e-02	 3.164449e-01	 4.202815e-01	 1.038366e-01	 1	 2.762507e+01	 2.513504e-01	 2.310575e-01	 3.824746e-01	 2.745255e+00	 
 9.739839e-02	 5.935388e-01	 2.191850e-01	 8.489764e-02	 3.274128e-01	 4.202815e-01	 9.286873e-02	 1	 3.895691e+01	 2.873377e-01	 2.140668e-01	 4.202467e-01	 5.812708e+00	 
 8.176615e-02	 6.718259e-01	 2.302199e-01	 1.200116e-02	 2.729584e-01	 4.202815e-01	 1.473231e-01	 1	 5.825468e+01	 2.893442e-01	 2.110036e-01	 6.610588e-01	 7.347816e+00	 
 1.101734e-01	 5.181046e-01	 3.075293e-01	 5.866050e-02	 3.389680e-01	 4.202815e-01	 8.131348e-02	 1	 3.680123e+01	 2.840387e-01	 2.166325e-01	 3.650920e-01	 4.953378e+00	 
 8.940614e-02	 6.356677e-01	 2.037417e-01	 6.659215e-02	 3.069343e-01	 4.202815e-01	 1.133472e-01	 1	 4.445881e+01	 2.886617e-01	 2.124963e-01	 5.079147e-01	 6.508733e+00	 
 1.666453e-01	 6.654018e-01	 1.382764e-01	 2.284572e-02	 3.335690e-01	 4.202815e-01	 8.671248e-02	 1	 2.182901e+01	 2.642411e-01	 2.260372e-01	 4.486389e-01	 3.238805e+00	 
 7.397594e-02	 6.061616e-01	 2.404408e-01	 7.548587e-02	 3.061437e-01	 4.202815e-01	 1.141378e-01	 1	 5.779409e+01	 2.894546e-01	 2.101416e-01	 4.846611e-01	 7.861487e+00	 
 6.999050e-02	 6.180562e-01	 2.339317e-01	 7.563505e-02	 3.018907e-01	 4.202815e-01	 1.183908e-01	 1	 8.642924e+01	 2.859264e-01	 2.055474e-01	 5.907636e-01	 1.341882e+01	 
 1.073059e-01	 6.220724e-01	 2.064571e-01	 5.699158e-02	 3.164449e-01	 4.202815e-01	 1.038366e-01	 1	 2.762507e+01	 2.513504e-01	 2.310575e-01	 3.824746e-01	 2.745255e+00	 
 9.739839e-02	 5.935388e-01	 2.191850e-01	 8.489764e-02	 3.274128e-01	 4.202815e-01	 9.286873e-02	 1	 3.895691e+01	 2.873377e-01	 2.140668e-01	 4.202467e-01	 5.812708e+00	 
 8.176615e-02	 6.718259e-01	 2.302199e-01	 1.200116e-02	 2.729584e-01	 4.202815e-01	 1.473231e-01	 1	 5.825468e+01	 2.893442e-01	 2.110036e-01	 6.610588e-01	 7.347816e+00	 
 1.101734e-01	 5.181046e-01	 3.075293e-01	 5.866050e-02	 3.389680e-01	 4.202815e-01	 8.131348e-02	 1	 3.680123e+01	 2.840387e-01	 2.166325e-01	 3.650920e-01	 4.953378e+00	 
 8.940614e-02	 6.356677e-01	 2.037417e-01	 6.659215e-02	 3.069343e-01	 4.202815e-01	 1.133472e-01	 1	 4.445881e+01	 2.886617e-01	 2.124963e-01	 5.079147e-01	 6.508733e+00	 
 1.666453e-01	 6.654018e-01	 1.382764e-01	 2.284572e-02	 3.335690e-01	 4.202815e-01	 8.671248e-02	 1	 2.182901e+01	 2.642411e-01	 2.260372e-01	 4.486389e-01	 3.238805e+00	 
 7.397594e-02	 6.061616e-01	 2.404408e-01	 7.548587e-02	 3.061437e-01	 4.202815e-01	 1.141378e-01	 1	 5.779409e+01	 2.894546e-01	 2.101416e-01	 4.846611e-01	 7.861487e+00	 
 6.999050e-02	 6.180562e-01	 2.339317e-01	 7.563505e-02	 3.018907e-01	 4.202815e-01	 1.183908e-01	 1	 8.642924e+01	 2.859264e-01	 2.055474e-01	 5.907636e-01	 1.341882e+01	 
 1.073059e-01	 6.220724e-01	 2.064571e-01	 5.699158e-02	 3.164449e-01	 4.202815e-01	 1.038366e-01	 1	 2.762507e+01	 2.513504e-01	 2.310575e-01	 3.824746e-01	 2.745255e+00	 
 9.739839e-02	 5.935388e-01	 2.191850e-01	 8.489764e-02	 3.274128e-01	 4.202815e-01	 9.286873e-02	 1	 3.895691e+01	 2.873377e-01	 2.140668e-01	 4.202467e-01	 5.812708e+00	 
 8.176615e-02	 6.718259e-01	 2.302199e-01	 1.200116e-02	 2.729584e-01	 4.202815e-01	 1.473231e-01	 1	 5.825468e+01	 2.893442e-01	 2.110036e-01	 6.610588e-01	 7.347816e+00	 
 1.101734e-01	 5.181046e-01	 3.075293e-01	 5.866050e-02	 3.389680e-01	 4.202815e-01	 8.131348e-02	 1	 3.680123e+01	 2.840387e-01	 2.166325e-01	 3.650920e-01	 4.953378e+00	 
 8.940614e-02	 6.356677e-01	 2.037417e-01	 6.659215e-02	 3.069343e-01	 4.202815e-01	 1.133472e-01	 1	 4.445881e+01	 2.886617e-01	 2.124963e-01	 5.079147e-01	 6.508733e+00	 
 1.666453e-01	 6.654018e-01	 1.382764e-01	 2.284572e-02	 3.335690e-01	 4.202815e-01	 8.671248e-02	 1	 2.182901e+01	 2.642411e-01	 2.260372e-01	 4.486389e-01	 3.238805e+00	 
 7.397594e-02	 6.061616e-01	 2.404408e-01	 7.548587e-02	 3.061437e-01	 4.202815e-01	 1.141378e-01	 1	 5.779409e+01	 2.894546e-01	 2.101416e-01	 4.846611e-01	 7.861487e+00	 
 6.999050e-02	 6.180562e-01	 2.339317e-01	 7.563505e-02	 3.018907e-01	 4.202815e-01	 1.183908e-01	 1	 8.642924e+01	 2.859264e-01	 2.055474e-01	 5.907636e-01	 1.341882e+01	 
 1.073059e-01	 6.220724e-01	 2.064571e-01	 5.699158e-02	 3.164449e-01	 4.202815e-01	 1.038366e-01	 1	 2.762507e+01	 2.513504e-01	 2.310575e-01	 3.824746e-01	 2.745255e+00	 
 9.739839e-02	 5.935388e-01	 2.191850e-01	 8.489764e-02	 3.274128e-01	 4.202815e-01	 9.286873e-02	 1	 3.895691e+01	 2.873377e-01	 2.140668e-01	 4.202467e-01	 5.812708e+00	 
 8.176615e-02	 6.718259e-01	 2.302199e-01	 1.200116e-02	 2.729584e-01	 4.202815e-01	 1.473231e-01	 1	 5.825468e+01	 2.893442e-01	 2.110036e-01	 6.610588e-01	 7.347816e+00	 
 1.101734e-01	 5.181046e-01	 3.075293e-01	 5.866050e-02	 3.389680e-01	 4.202815e-01	 8.131348e-02	 1	 3.680123e+01	 2.840387e-01	 2.166325e-01	 3.650920e-01	 4.953378e+00	 
 8.940614e-02	 6.356677e-01	 2.037417e-01	 6.659215e-02	 3.069343e-01	 4.202815e-01	 1.133472e-01	 1	 4.445881e+01	 2.886617e-01	 2.124963e-01	 5.079147e-01	 6.508733e+00	 
 1.666453e-01	 6.654018e-01	 1.382764e-01	 2.284572e-02	 3.335690e-01	 4.202815e-01	 8.671248e-02	 1	 2.182901e+01	 2.642411e-01	 2.260372e-01	 4.486389e-01	 3.238805e+00	 
 7.397594e-02	 6.061616e-01	 2.404408e-01	 7.548587e-02	 3.061437e-01	 4.202815e-01	 1.141378e-01	 1	 5.779409e+01	 2.894546e-01	 2.101416e-01	 4.846611e-01	 7.861487e+00	 
 -1.871417e-02	 6.792366e-01	 2.348626e-01	 1.039690e-01	 1.895458e-01	 1.703923e-01	 1.915355e-02	 0	 1.797648e+01	 2.764071e-02	 2.100668e-02	 3.627495e-02	 3.919361e-01	 
 -1.871417e-02	 6.792366e-01	 2.348626e-01	 1.039690e-01	 1.895458e-01	 1.703923e-01	 1.915355e-02	 0	 1.797648e+01	 2.764071e-02	 2.100668e-02	 3.627495e-02	 3.919361e-01	 
 -1.871417e-02	 6.792366e-01	 2.348626e-01	 1.039690e-01	 1.895458e-01	 1.703923e-01	 1.915355e-02	 0	 1.797648e+01	 2.764071e-02	 2.100668e-02	 3.627495e-02	 3.919361e-01	 
 -1.871417e-02	 6.792366e-01	 2.348626e-01	 1.039690e-01	 1.895458e-01	 1.703923e-01	 1.915355e-02	 0	 1.797648e+01	 2.764071e-02	 2.100668e-02	 3.627495e-02	 3.919361e-01	 
 -1.871417e-02	 6.792366e-01	 2.348626e-01	 1.039690e-01	 1.895458e-01	 1.703923e-01	 1.915355e-02	 0	 1.797648e+01	 2.764071e-02	 2.100668e-02	 3.627495e-02	 3.919361e-01	 
 -1.871417e-02	 6.792366e-01	 2.348626e-01	 1.039690e-01	 1.895458e-01	 1.703923e-01	 1.915355e-02	 0	 1.797648e+01	 2.764071e-02	 2.100668e-02	 3.627495e-02	 3.919361e-01	 
 -1.871417e-02	 6.792366e-01	 2.348626e-01	 1.039690e-01	 1.895458e-01	 1.703923e-01	 1.915355e-02	 0	 1.797648e+01	 2.764071e-02	 2.100668e-02	 3.627495e-02	 3.919361e-01	 
 -1.871417e-02	 6.792366e-01	 2.348626e-01	 1.039690e-01	 1.895458e-01	 1.703923e-01	 1.915355e-02	 0	 1.797648e+01	 2.764071e-02	 2.100668e-02	 3.627495e-02	 3.919361e-01	 
 -1.871417e-02	 6.792366e-01	 2.348626e-01	 1.039690e-01	 1.895458e-01	 1.703923e-01	 1.915355e-02	 0	 1.797648e+01	 2.764071e-02	 2.100668e-02	 3.627495e-02	 3.919361e-01	 
 -1.871417e-02	 6.792366e-01	 2.348626e-01	 1.039690e-01	 1.895458e-01	 1.703923e-01	 1.915355e-02	 0	 1.797648e+01	 2.764071e-02	 2.100668e-02	 3.627495e-02	 3.919361e-01	 
 -1.871417e-02	 6.792366e-01	 2.348626e-01	 1.039690e-01	 1.895458e-01	 1.703923e-01	 1.915355e-02	 0	 1.797648e+01	 2.764071e-02	 2.100668e-02	 3.627495e-02	 3.919361e-01	 
 -1.871417e-02	 6.792366e-01	 2.348626e-01	 1.039690e-01	 1.895458e-01	 1.703923e-01	 1.915355e-02	 0	 1.797648e+01	 2.764071e-02	 2.100668e-02	 3.627495e-02	 3.919361e-01	 
 -1.871417e-02	 6.792366e-01	 2.348626e-01	 1.039690e-01	 1.895458e-01	 1.703923e-01	 1.915355e-02	 0	 1.797648e+01	 2.764071e-02	 2.100668e-02	 3.627495e-02	 3.919361e-01	 
 -1.871417e-02	 6.792366e-01	 2.348626e-01	 1.039690e-01	 1.895458e-01	 1.703923e-01	 1.915355e-02	 0	 1.797648e+01	 2.764071e-02	 2.100668e-02	 3.627495e-02	 3.919361e-01	 
 -1.871417e-02	 6.792366e-01	 2.348626e-01	 1.039690e-01	 1.895458e-01	 1.703923e-01	 1.915355e-02	 0	 1.797648e+01	 2.764071e-02	 2.100668e-02	 3.627495e-02	 3.919361e-01	 
 -1.871417e-02	 6.792366e-01	 2.348626e-01	 1.039690e-01	 1.895458e-01	 1.703923e-01	 1.915355e-02	 0	 1.797648e+01	 2.764071e-02	 2.100668e-02	 3.627495e-02	 3.919361e-01	 
 -1.871417e-02	 6.792366e-01	 2.348626e-01	 1.039690e-01	 1.895458e-01	 1.703923e-01	 1.915355e-02	 0	 1.797648e+01	 2.764071e-02	 2.100668e-02	 3.627495e-02	 3.919361e-01	 
 -1.871417e-02	 6.792366e-01	 2.348626e-01	 1.039690e-01	 1.895458e-01	 1.703923e-01	 1.915355e-02	 0	 1.797648e+01	 2.764071e-02	 2.100668e-02	 3.627495e-02	 3.919361e-01	 
 -1.871417e-02	 6.792366e-01	 2.348626e-01	 1.039690e-01	 1.895458e-01	 1.703923e-01	 1.915355e-02	 0	 1.797648e+01	 2.764071e-02	 2.100668e-02	 3.627495e-02	 3.919361e-01	 
 -1.871417e-02	 6.792366e-01	 2.348626e-01	 1.039690e-01	 1.895458e-01	 1.703923e-01	 1.915355e-02	 0	 1.797648e+01	 2.764071e-02	 2.100668e-02	 3.627495e-02	 3.919361e-01	 
 -1.871417e-02	 6.792366e-01	 2.348626e-01	 1.039690e-01	 1.895458e-01	 1.703923e-01	 1.915355e-02	 0	 1.797648e+01	 2.764071e-02	 2.100668e-02	 3.627495e-02	 3.919361e-01	 
 -1.871417e-02	 6.792366e-01	 2.348626e-01	 1.039690e-01	 1.895458e-01	 1.703923e-01	 1.915355e-02	 0	 1.797648e+01	 2.764071e-02	 2.100668e-02	 3.627495e-02	 3.919361e-01	 
 -1.871417e-02	 6.792366e-01	 2.348626e-01	 1.039690e-01	 1.895458e-01	 1.703923e-01	 1.915355e-02	 0	 1.797648e+01	 2.764071e-02	 2.100668e-02	 3.627495e-02	 3.919361e-01	 
 -1.871417e-02	 6.792366e-01	 2.348626e-01	 1.039690e-01	 1.895458e-01	 1.703923e-01	 1.915355e-02	 0	 1.797648e+01	 2.764071e-02	 2.100668e-02	 3.627495e-02	 3.919361e-01	 
 -1.871417e-02	 6.792366e-01	 2.348626e-01	 1.039690e-01	 1.895458e-01	 1.703923e-01	 1.915355e-02	 0	 1.797648e+01	 2.764071e-02	 2.100668e-02	 3.627495e-02	 3.919361e-01	 
 -1.871417e-02	 6.792366e-01	 2.348626e-01	 1.039690e-01	 1.895458e-01	 1.703923e-01	 1.915355e-02	 0	 1.797648e+01	 2.764071e-02	 2.100668e-02	 3.627495e-02	 3.919361e-01	 
 -1.871417e-02	 6.792366e-01	 2.348626e-01	 1.039690e-01	 1.895458e-01	 1.703923e-01	 1.915355e-02	 0	 1.797648e+01	 2.764071e-02	 2.100668e-02	 3.627495e-02	 3.919361e-01	 
 -1.871417e-02	 6.792366e-01	 2.348626e-01	 1.039690e-01	 1.895458e-01	 1.703923e-01	 1.915355e-02	 0	 1.797648e+01	 2.764071e-02	 2.100668e-02	 3.627495e-02	 3.919361e-01	 
 -1.871417e-02	 6.792366e-01	 2.348626e-01	 1.039690e-01	 1.895458e-01	 1.703923e-01	 1.915355e-02	 0	 1.797648e+01	 2.764071e-02	 2.100668e-02	 3.627495e-02	 3.919361e-01	 
 -1.871417e-02	 6.792366e-01	 2.348626e-01	 1.039690e-01	 1.895458e-01	 1.703923e-01	 1.915355e-02	 0	 1.797648e+01	 2.764071e-02	 2.100668e-02	 3.627495e-02	 3.919361e-01	 
 -1.871417e-02	 6.792366e-01	 2.348626e-01	 1.039690e-01	 1.895458e-01	 1.703923e-01	 1.915355e-02	 0	 1.797648e+01	 2.764071e-02	 2.100668e-02	 3.627495e-02	 3.919361e-01	 
 -1.871417e-02	 6.792366e-01	 2.348626e-01	 1.039690e-01	 1.895458e-01	 1.703923e-01	 1.915355e-02	 0	 1.797648e+01	 2.764071e-02	 2.100668e-02	 3.627495e-02	 3.919361e-01	 
 -1.871417e-02	 6.792366e-01	 2.348626e-01	 1.039690e-01	 1.895458e-01	 1.703923e-01	 1.915355e-02	 0	 1.797648e+01	 2.764071e-02	 2.100668e-02	 3.627495e-02	 3.919361e-01	 
 -1.871417e-02	 6.792366e-01	 2.348626e-01	 1.039690e-01	 1.895458e-01	 1.703923e-01	 1.915355e-02	 0	 1.797648e+01	 2.764071e-02	 2.100668e-02	 3.627495e-02	 3.919361e-01	 
 -1.871417e-02	 6.792366e-01	 2.348626e-01	 1.039690e-01	 1.895458e-01	 1.703923e-01	 1.915355e-02	 0	 1.797648e+01	 2.764071e-02	 2.100668e-02	 3.627495e-02	 3.919361e-01	 
 -1.871417e-02	 6.792366e-01	 2.348626e-01	 1.039690e-01	 1.895458e-01	 1.703923e-01	 1.915355e-02	 0	 1.797648e+01	 2.764071e-02	 2.100668e-02	 3.627495e-02	 3.919361e-01	 
 -1.871417e-02	 6.792366e-01	 2.348626e-01	 1.039690e-01	 1.895458e-01	 1.703923e-01	 1.915355e-02	 0	 1.797648e+01	 2.764071e-02	 2.100668e-02	 3.627495e-02	 3.919361e-01	 
 -1.871417e-02	 6.792366e-01	 2.348626e-01	 1.039690e-01	 1.895458e-01	 1.703923e-01	 1.915355e-02	 0	 1.797648e+01	 2.764071e-02	 2.100668e-02	 3.627495e-02	 3.919361e-01	 
 -1.871417e-02	 6.792366e-01	 2.348626e-01	 1.039690e-01	 1.895458e-01	 1.703923e-01	 1.915355e-02	 0	 1.797648e+01	 2.764071e-02	 2.100668e-02	 3.627495e-02	 3.919361e-01	 
 -1.871417e-02	 6.792366e-01	 2.348626e-01	 1.039690e-01	 1.895458e-01	 1.703923e-01	 1.915355e-02	 0	 1.797648e+01	 2.764071e-02	 2.100668e-02	 3.627495e-02	 3.919361e-01	 
 -1.871417e-02	 6.792366e-01	 2.348626e-01	 1.039690e-01	 1.895458e-01	 1.703923e-01	 1.915355e-02	 0	 1.797648e+01	 2.764071e-02	 2.100668e-02	 3.627495e-02	 3.919361e-01	 
 -1.871417e-02	 6.792366e-01	 2.348626e-01	 1.039690e-01	 1.895458e-01	 1.703923e-01	 1.915355e-02	 0	 1.797648e+01	 2.764071e-02	 2.100668e-02	 3.627495e-02	 3.919361e-01	 
 -1.871417e-02	 6.792366e-01	 2.348626e-01	 1.039690e-01	 1.895458e-01	 1.703923e-01	 1.915355e-02	 0	 1.797648e+01	 2.764071e-02	 2.100668e-02	 3.627495e-02	 3.919361e-01	 
 -1.871417e-02	 6.792366e-01	 2.348626e-01	 1.039690e-01	 1.895458e-01	 1.703923e-01	 1.915355e-02	 0	 1.797648e+01	 2.764071e-02	 2.100668e-02	 3.627495e-02	 3.919361e-01	 
 -1.871417e-02	 6.792366e-01	 2.348626e-01	 1.039690e-01	 1.895458e-01	 1.703923e-01	 1.915355e-02	 0	 1.797648e+01	 2.764071e-02	 2.100668e-02	 3.627495e-02	 3.919361e-01	 
 -1.871417e-02	 6.792366e-01	 2.348626e-01	 1.039690e-01	 1.895458e-01	 1.703923e-01	 1.915355e-02	 0	 1.797648e+01	 2.764071e-02	 2.100668e-02	 3.627495e-02	 3.919361e-01	 
 -1.871417e-02	 6.792366e-01	 2.348626e-01	 1.039690e-01	 1.895458e-01	 1.703923e-01	 1.915355e-02	 0	 1.797648e+01	 2.764071e-02	 2.100668e-02	 3.627495e-02	 3.919361e-01	 
 -1.871417e-02	 6.792366e-01	 2.348626e-01	 1.039690e-01	 1.895458e-01	 1.703923e-01	 1.915355e-02	 0	 1.797648e+01	 2.764071e-02	 2.100668e-02	 3.627495e-02	 3.919361e-01	 
 1.771337e-01	 -2.688094e+00	 2.626824e-01	 3.250043e+00	 1.016237e-02	 2.259751e-01	 2.158127e-01	 0	 7.179067e+01	 1.808256e-01	 1.559788e-01	 3.778506e-01	 8.186595e+00	 
 1.771337e-01	 -2.688094e+00	 2.626824e-01	 3.250043e+00	 1.016237e-02	 2.259751e-01	 2.158127e-01	 0	 7.179067e+01	 1.808256e-01	 1.559788e-01	 3.778506e-01	 8.186595e+00	 
 1.771337e-01	 -2.688094e+00	 2.626824e-01	 3.250043e+00	 1.016237e-02	 2.259751e-01	 2.158127e-01	 0	 7.179067e+01	 1.808256e-01	 1.559788e-01	 3.778506e-01	 8.186595e+00	 
 1.771337e-01	 -2.688094e+00	 2.626824e-01	 3.250043e+00	 1.016237e-02	 2.259751e-01	 2.158127e-01	 0	 7.179067e+01	 1.808256e-01	 1.559788e-01	 3.778506e-01	 8.186595e+00	 
 1.771337e-01	 -2.688094e+00	 2.626824e-01	 3.250043e+00	 1.016237e-02	 2.259751e-01	 2.158127e-01	 0	 7.179067e+01	 1.808256e-01	 1.559788e-01	 3.778506e-01	 8.186595e+00	 
 1.771337e-01	 -2.688094e+00	 2.626824e-01	 3.250043e+00	 1.016237e-02	 2.259751e-01	 2.158127e-01	 0	 7.179067e+01	 1.808256e-01	 1.559788e-01	 3.778506e-01	 8.186595e+00	 
 4.963949e-02	 6.412807e-02	 1.831530e-01	 7.055076e-01	 9.222939e-02	 2.259751e-01	 1.337457e-01	 1	 2.347060e+01	 1.711273e-01	 1.537571e-01	 3.631924e-01	 7.412956e+00	 
 1.771337e-01	 -2.688094e+00	 2.626824e-01	 3.250043e+00	 1.016237e-02	 2.259751e-01	 2.158127e-01	 0	 7.179067e+01	 1.808256e-01	 1.559788e-01	 3.778506e-01	 8.186595e+00	 
 1.771337e-01	 -2.688094e+00	 2.626824e-01	 3.250043e+00	 1.016237e-02	 2.259751e-01	 2.158127e-01	 0	 7.179067e+01	 1.808256e-01	 1.559788e-01	 3.778506e-01	 8.186595e+00	 
 1.771337e-01	 -2.688094e+00	 2.626824e-01	 3.250043e+00	 1.016237e-02	 2.259751e-01	 2.158127e-01	 0	 7.179067e+01	 1.808256e-01	 1.559788e-01	 3.778506e-01	 8.186595e+00	 
 1.771337e-01	 -2.688094e+00	 2.626824e-01	 3.250043e+00	 1.016237e-02	 2.259751e-01	 2.158127e-01	 0	 7.179067e+01	 1.808256e-01	 1.559788e-01	 3.778506e-01	 8.186595e+00	 
 1.771337e-01	 -2.688094e+00	 2.626824e-01	 3.250043e+00	 1.016237e-02	 2.259751e-01	 2.158127e-01	 0	 7.179067e+01	 1.808256e-01	 1.559788e-01	 3.778506e-01	 8.186595e+00	 
 1.771337e-01	 -2.688094e+00	 2.626824e-01	 3.250043e+00	 1.016237e-02	 2.259751e-01	 2.158127e-01	 0	 7.179067e+01	 1.808256e-01	 1.559788e-01	 3.778506e-01	 8.186595e+00	 
 1.771337e-01	 -2.688094e+00	 2.626824e-01	 3.250043e+00	 1.016237e-02	 2.259751e-01	 2.158127e-01	 0	 7.179067e+01	 1.808256e-01	 1.559788e-01	 3.778506e-01	 8.186595e+00	 
 4.963949e-02	 6.412807e-02	 1.831530e-01	 7.055076e-01	 9.222939e-02	 2.259751e-01	 1.337457e-01	 1	 2.347060e+01	 1.711273e-01	 1.537571e-01	 3.631924e-01	 7.412956e+00	 
 1.771337e-01	 -2.688094e+00	 2.626824e-01	 3.250043e+00	 1.016237e-02	 2.259751e-01	 2.158127e-01	 0	 7.179067e+01	 1.808256e-01	 1.559788e-01	 3.778506e-01	 8.186595e+00	 
 1.771337e-01	 -2.688094e+00	 2.626824e-01	 3.250043e+00	 1.016237e-02	 2.259751e-01	 2.158127e-01	 0	 7.179067e+01	 1.808256e-01	 1.559788e-01	 3.778506e-01	 8.186595e+00	 
 1.771337e-01	 -2.688094e+00	 2.626824e-01	 3.250043e+00	 1.016237e-02	 2.259751e-01	 2.158127e-01	 0	 7.179067e+01	 1.808256e-01	 1.559788e-01	 3.778506e-01	 8.186595e+00	 
 1.771337e-01	 -2.688094e+00	 2.626824e-01	 3.250043e+00	 1.016237e-02	 2.259751e-01	 2.158127e-01	 0	 7.179067e+01	 1.808256e-01	 1.559788e-01	 3.778506e-01	 8.186595e+00	 
 1.771337e-01	 -2.688094e+00	 2.626824e-01	 3.250043e+00	 1.016237e-02	 2.259751e-01	 2.158127e-01	 0	 7.179067e+01	 1.808256e-01	 1.559788e-01	 3.778506e-01	 8.186595e+00	 
 1.771337e-01	 -2.688094e+00	 2.626824e-01	 3.250043e+00	 1.016237e-02	 2.259751e-01	 2.158127e-01	 0	 7.179067e+01	 1.808256e-01	 1.559788e-01	 3.778506e-01	 8.186595e+00	 
 1.771337e-01	 -2.688094e+00	 2.626824e-01	 3.250043e+00	 1.016237e-02	 2.259751e-01	 2.158127e-01	 0	 7.179067e+01	 1.808256e-01	 1.559788e-01	 3.778506e-01	 8.186595e+00	 
 4.963949e-02	 6.412807e-02	 1.831530e-01	 7.055076e-01	 9.222939e-02	 2.259751e-01	 1.337457e-01	 1	 2.347060e+01	 1.711273e-01	 1.537571e-01	 3.631924e-01	 7.412956e+00	 
 1.771337e-01	 -2.688094e+00	 2.626824e-01	 3.250043e+00	 1.016237e-02	 2.259751e-01	 2.158127e-01	 0	 7.179067e+01	 1.808256e-01	 1.559788e-01	 3.778506e-01	 8.186595e+00	 
 1.771337e-01	 -2.688094e+00	 2.626824e-01	 3.250043e+00	 1.016237e-02	 2.259751e-01	 2.158127e-01	 0	 7.179067e+01	 1.808256e-01	 1.559788e-01	 3.778506e-01	 8.186595e+00	 
 1.771337e-01	 -2.688094e+00	 2.626824e-01	 3.250043e+00	 1.016237e-02	 2.259751e-01	 2.158127e-01	 0	 7.179067e+01	 1.808256e-01	 1.559788e-01	 3.778506e-01	 8.186595e+00	 
 1.771337e-01	 -2.688094e+00	 2.626824e-01	 3.250043e+00	 1.016237e-02	 2.259751e-01	 2.158127e-01	 0	 7.179067e+01	 1.808256e-01	 1.559788e-01	 3.778506e-01	 8.186595e+00	 
 1.771337e-01	 -2.688094e+00	 2.626824e-01	 3.250043e+00	 1.016237e-02	 2.259751e-01	 2.158127e-01	 0	 7.179067e+01	 1.808256e-01	 1.559788e-01	 3.778506e-01	 8.186595e+00	 
 1.771337e-01	 -2.688094e+00	 2.626824e-01	 3.250043e+00	 1.016237e-02	 2.259751e-01	 2.158127e-01	 0	 7.179067e+01	 1.808256e-01	 1.559788e-01	 3.778506e-01	 8.186595e+00	 
 1.771337e-01	 -2.688094e+00	 2.626824e-01	 3.250043e+00	 1.016237e-02	 2.259751e-01	 2.158127e-01	 0	 7.179067e+01	 1.808256e-01	 1.559788e-01	 3.778506e-01	 8.186595e+00	 
 4.963949e-02	 6.412807e-02	 1.831530e-01	 7.055076e-01	 9.222939e-02	 2.259751e-01	 1.337457e-01	 1	 2.347060e+01	 1.711273e-01	 1.537571e-01	 3.631924e-01	 7.412956e+00	 
 1.771337e-01	 -2.688094e+00	 2.626824e-01	 3.250043e+00	 1.016237e-02	 2.259751e-01	 2.158127e-01	 0	 7.179067e+01	 1.808256e-01	 1.559788e-01	 3.778506e-01	 8.186595e+00	 
 1.771337e-01	 -2.688094e+00	 2.626824e-01	 3.250043e+00	 1.016237e-02	 2.259751e-01	 2.158127e-01	 0	 7.179067e+01	 1.808256e-01	 1.559788e-01	 3.778506e-01	 8.186595e+00	 
 1.771337e-01	 -2.688094e+00	 2.626824e-01	 3.250043e+00	 1.016237e-02	 2.259751e-01	 2.158127e-01	 0	 7.179067e+01	 1.808256e-01	 1.559788e-01	 3.778506e-01	 8.186595e+00	 
 1.771337e-01	 -2.688094e+00	 2.626824e-01	 3.250043e+00	 1.016237e-02	 2.259751e-01	 2.158127e-01	 0	 7.179067e+01	 1.808256e-01	 1.559788e-01	 3.778506e-01	 8.186595e+00	 
 1.771337e-01	 -2.688094e+00	 2.626824e-01	 3.250043e+00	 1.016237e-02	 2.259751e-01	 2.158127e-01	 0	 7.179067e+01	 1.808256e-01	 1.559788e-01	 3.778506e-01	 8.186595e+00	 
 1.771337e-01	 -2.688094e+00	 2.626824e-01	 3.250043e+00	 1.016237e-02	 2.259751e-01	 2.158127e-01	 0	 7.179067e+01	 1.808256e-01	 1.559788e-01	 3.778506e-01	 8.186595e+00	 
 1.771337e-01	 -2.688094e+00	 2.626824e-01	 3.250043e+00	 1.016237e-02	 2.259751e-01	 2.158127e-01	 0	 7.179067e+01	 1.808256e-01	 1.559788e-01	 3.778506e-01	 8.186595e+00	 
 4.963949e-02	 6.412807e-02	 1.831530e-01	 7.055076e-01	 9.222939e-02	 2.259751e-01	 1.337457e-01	 1	 2.347060e+01	 1.711273e-01	 1.537571e-01	 3.631924e-01	 7.412956e+00	 
 1.771337e-01	 -2.688094e+00	 2.626824e-01	 3.250043e+00	 1.016237e-02	 2.259751e-01	 2.158127e-01	 0	 7.179067e+01	 1.808256e-01	 1.559788e-01	 3.778506e-01	 8.186595e+00	 
 1.771337e-01	 -2.688094e+00	 2.626824e-01	 3.250043e+00	 1.016237e-02	 2.259751e-01	 2.158127e-01	 0	 7.179067e+01	 1.808256e-01	 1.559788e-01	 3.778506e-01	 8.186595e+00	 
 1.771337e-01	 -2.688094e+00	 2.626824e-01	 3.250043e+00	 1.016237e-02	 2.259751e-01	 2.158127e-01	 0	 7.179067e+01	 1.808256e-01	 1.559788e-01	 3.778506e-01	 8.186595e+00	 
 1.771337e-01	 -2.688094e+00	 2.626824e-01	 3.250043e+00	 1.016237e-02	 2.259751e-01	 2.158127e-01	 0	 7.179067e+01	 1.808256e-01	 1.559788e-01	 3.778506e-01	 8.186595e+00	 
 1.771337e-01	 -2.688094e+00	 2.626824e-01	 3.250043e+00	 1.016237e-02	 2.259751e-01	 2.158127e-01	 0	 7.179067e+01	 1.808256e-01	 1.559788e-01	 3.778506e-01	 8.186595e+00	 
 1.771337e-01	 -2.688094e+00	 2.626824e-01	 3.250043e+00	 1.016237e-02	 2.259751e-01	 2.158127e-01	 0	 7.179067e+01	 1.808256e-01	 1.559788e-01	 3.778506e-01	 8.186595e+00	 
 1.771337e-01	 -2.688094e+00	 2.626824e-01	 3.250043e+00	 1.016237e-02	 2.259751e-01	 2.158127e-01	 0	 7.179067e+01	 1.808256e-01	 1.559788e-01	 3.778506e-01	 8.186595e+00	 
 4.963949e-02	 6.412807e-02	 1.831530e-01	 7.055076e-01	 9.222939e-02	 2.259751e-01	 1.337457e-01	 1	 2.347060e+01	 1.711273e-01	 1.537571e-01	 3.631924e-01	 7.412956e+00	 
 1.771337e-01	 -2.688094e+00	 2.626824e-01	 3.250043e+00	 1.016237e-02	 2.259751e-01	 2.158127e-01	 0	 7.179067e+01	 1.808256e-01	 1.559788e-01	 3.778506e-01	 8.186595e+00	 
 -4.049360e-02	 6.754105e-01	 2.459227e-01	 1.191597e-01	 1.769185e-01	 1.414186e-01	 3.549990e-02	 0	 3.710404e+02	 5.264732e-04	 6.364636e-04	 4.031051e-03	 3.626060e-01	 
 -4.049360e-02	 6.754105e-01	 2.459227e-01	 1.191597e-01	 1.769185e-01	 1.414186e-01	 3.549990e-02	 0	 3.710404e+02	 5.264732e-04	 6.364636e-04	 4.031051e-03	 3.626060e-01	 
 -4.049360e-02	 6.754105e-01	 2.459227e-01	 1.191597e-01	 1.769185e-01	 1.414186e-01	 3.549990e-02	 0	 3.710404e+02	 5.264732e-04	 6.364636e-04	 4.031051e-03	 3.626060e-01	 
 -4.049360e-02	 6.754105e-01	 2.459227e-01	 1.191597e-01	 1.769185e-01	 1.414186e-01	 3.549990e-02	 0	 3.710404e+02	 5.264732e-04	 6.364636e-04	 4.031051e-03	 3.626060e-01	 
 -4.049360e-02	 6.754105e-01	 2.459227e-01	 1.191597e-01	 1.769185e-01	 1.414186e-01	 3.549990e-02	 0	 3.710404e+02	 5.264732e-04	 6.364636e-04	 4.031051e-03	 3.626060e-01	 
 -4.049360e-02	 6.754105e-01	 2.459227e-01	 1.191597e-01	 1.769185e-01	 1.414186e-01	 3.549990e-02	 0	 3.710404e+02	 5.264732e-04	 6.364636e-04	 4.031051e-03	 3.626060e-01	 
 -4.049360e-02	 6.754105e-01	 2.459227e-01	 1.191597e-01	 1.769185e-01	 1.414186e-01	 3.549990e-02	 0	 3.710404e+02	 5.264732e-04	 6.364636e-04	 4.031051e-03	 3.626060e-01	 
 -4.049360e-02	 6.754105e-01	 2.459227e-01	 1.191597e-01	 1.769185e-01	 1.414186e-01	 3.549990e-02	 0	 3.710404e+02	 5.264732e-04	 6.364636e-04	 4.031051e-03	 3.626060e-01	 
 -4.049360e-02	 6.754105e-01	 2.459227e-01	 1.191597e-01	 1.769185e-01	 1.414186e-01	 3.549990e-02	 0	 3.710404e+02	 5.264732e-04	 6.364636e-04	 4.031051e-03	 3.626060e-01	 
 -4.049360e-02	 6.754105e-01	 2.459227e-01	 1.191597e-01	 1.769185e-01	 1.414186e-01	 3.549990e-02	 0	 3.710404e+02	 5.264732e-04	 6.364636e-04	 4.031051e-03	 3.626060e-01	 
 -4.049360e-02	 6.754105e-01	 2.459227e-01	 1.191597e-01	 1.769185e-01	 1.414186e-01	 3.549990e-02	 0	 3.710404e+02	 5.264732e-04	 6.364636e-04	 4.031051e-03	 3.626060e-01	 
 -4.049360e-02	 6.754105e-01	 2.459227e-01	 1.191597e-01	 1.769185e-01	 1.414186e-01	 3.549990e-02	 0	 3.710404e+02	 5.264732e-04	 6.364636e-04	 4.031051e-03	 3.626060e-01	 
 -4.049360e-02	 6.754105e-01	 2.459227e-01	 1.191597e-01	 1.769185e-01	 1.414186e-01	 3.549990e-02	 0	 3.710404e+02	 5.264732e-04	 6.364636e-04	 4.031051e-03	 3.626060e-01	 
 -4.049360e-02	 6.754105e-01	 2.459227e-01	 1.191597e-01	 1.769185e-01	 1.414186e-01	 3.549990e-02	 0	 3.710404e+02	 5.264732e-04	 6.364636e-04	 4.031051e-03	 3.626060e-01	 
 -4.049360e-02	 6.754105e-01	 2.459227e-01	 1.191597e-01	 1.769185e-01	 1.414186e-01	 3.549990e-02	 0	 3.710404e+02	 5.264732e-04	 6.364636e-04	 4.031051e-03	 3.626060e-01	 
 -4.049360e-02	 6.754105e-01	 2.459227e-01	 1.191597e-01	 1.769185e-01	 1.414186e-01	 3.549990e-02	 0	 3.710404e+02	 5.264732e-04	 6.364636e-04	 4.031051e-03	 3.626060e-01	 
 -4.049360e-02	 6.754105e-01	 2.459227e-01	 1.191597e-01	 1.769185e-01	 1.414186e-01	 3.549990e-02	 0	 3.710404e+02	 5.264732e-04	 6.364636e-04	 4.031051e-03	 3.626060e-01	 
 -4.049360e-02	 6.754105e-01	 2.459227e-01	 1.191597e-01	 1.769185e-01	 1.414186e-01	 3.549990e-02	 0	 3.710404e+02	 5.264732e-04	 6.364636e-04	 4.031051e-03	 3.626060e-01	 
 -4.049360e-02	 6.754105e-01	 2.459227e-01	 1.191597e-01	 1.769185e-01	 1.414186e-01	 3.549990e-02	 0	 3.710404e+02	 5.264732e-04	 6.364636e-04	 4.031051e-03	 3.626060e-01	 
 -4.049360e-02	 6.754105e-01	 2.459227e-01	 1.191597e-01	 1.769185e-01	 1.414186e-01	 3.549990e-02	 0	 3.710404e+02	 5.264732e-04	 6.364636e-04	 4.031051e-03	 3.626060e-01	 
 -4.049360e-02	 6.754105e-01	 2.459227e-01	 1.191597e-01	 1.769185e-01	 1.414186e-01	 3.549990e-02	 0	 3.710404e+02	 5.264732e-04	 6.364636e-04	 4.031051e-03	 3.626060e-01	 
 -4.049360e-02	 6.754105e-01	 2.459227e-01	 1.191597e-01	 1.769185e-01	 1.414186e-01	 3.549990e-02	 0	 3.710404e+02	 5.264732e-04	 6.364636e-04	 4.031051e-03	 3.626060e-01	 
 -4.049360e-02	 6.754105e-01	 2.459227e-01	 1.191597e-01	 1.769185e-01	 1.414186e-01	 3.549990e-02	 0	 3.710404e+02	 5.264732e-04	 6.364636e-04	 4.031051e-03	 3.626060e-01	 
 -4.049360e-02	 6.754105e-01	 2.459227e-01	 1.191597e-01	 1.769185e-01	 1.414186e-01	 3.549990e-02	 0	 3.710404e+02	 5.264732e-04	 6.364636e-04	 4.031051e-03	 3.626060e-01	 
 -4.049360e-02	 6.754105e-01	 2.459227e-01	 1.191597e-01	 1.769185e-01	 1.414186e-01	 3.549990e-02	 0	 3.710404e+02	 5.264732e-04	 6.364636e-04	 4.031051e-03	 3.626060e-01	 
 -4.049360e-02	 6.754105e-01	 2.459227e-01	 1.191597e-01	 1.769185e-01	 1.414186e-01	 3.549990e-02	 0	 3.710404e+02	 5.264732e-04	 6.364636e-04	 4.031051e-03	 3.626060e-01	 
 -4.049360e-02	 6.754105e-01	 2.459227e-01	 1.191597e-01	 1.769185e-01	 1.414186e-01	 3.549990e-02	 0	 3.710404e+02	 5.264732e-04	 6.364636e-04	 4.031051e-03	 3.626060e-01	 
 -4.049360e-02	 6.754105e-01	 2.459227e-01	 1.191597e-01	 1.769185e-01	 1.414186e-01	 3.549990e-02	 0	 3.710404e+02	 5.264732e-04	 6.364636e-04	 4.031051e-03	 3.626060e-01	 
 -4.049360e-02	 6.754105e-01	 2.459227e-01	 1.191597e-01	 1.769185e-01	 1.414186e-01	 3.549990e-02	 0	 3.710404e+02	 5.264732e-04	 6.364636e-04	 4.031051e-03	 3.626060e-01	 
 -4.049360e-02	 6.754105e-01	 2.459227e-01	 1.191597e-01	 1.769185e-01	 1.414186e-01	 3.549990e-02	 0	 3.710404e+02	 5.264732e-04	 6.364636e-04	 4.031051e-03	 3.626060e-01	 
 -4.049360e-02	 6.754105e-01	 2.459227e-01	 1.191597e-01	 1.769185e-01	 1.414186e-01	 3.549990e-02	 0	 3.710404e+02	 5.264732e-04	 6.364636e-04	 4.031051e-03	 3.626060e-01	 
 -4.049360e-02	 6.754105e-01	 2.459227e-01	 1.191597e-01	 1.769185e-01	 1.414186e-01	 3.549990e-02	 0	 3.710404e+02	 5.264732e-04	 6.364636e-04	 4.031051e-03	 3.626060e-01	 
 -4.049360e-02	 6.754105e-01	 2.459227e-01	 1.191597e-01	 1.769185e-01	 1.414186e-01	 3.549990e-02	 0	 3.710404e+02	 5.264732e-04	 6.364636e-04	 4.031051e-03	 3.626060e-01	 
 -4.049360e-02	 6.754105e-01	 2.459227e-01	 1.191597e-01	 1.769185e-01	 1.414186e-01	 3.549990e-02	 0	 3.710404e+02	 5.264732e-04	 6.364636e-04	 4.031051e-03	 3.626060e-01	 
 -4.049360e-02	 6.754105e-01	 2.459227e-01	 1.191597e-01	 1.769185e-01	 1.414186e-01	 3.549990e-02	 0	 3.710404e+02	 5.264732e-04	 6.364636e-04	 4.031051e-03	 3.626060e-01	 
 -4.049360e-02	 6.754105e-01	 2.459227e-01	 1.191597e-01	 1.769185e-01	 1.414186e-01	 3.549990e-02	 0	 3.710404e+02	 5.264732e-04	 6.364636e-04	 4.031051e-03	 3.626060e-01	 
 -4.049360e-02	 6.754105e-01	 2.459227e-01	 1.191597e-01	 1.769185e-01	 1.414186e-01	 3.549990e-02	 0	 3.710404e+02	 5.264732e-04	 6.364636e-04	 4.031051e-03	 3.626060e-01	 
 -4.049360e-02	 6.754105e-01	 2.459227e-01	 1.191597e-01	 1.769185e-01	 1.414186e-01	 3.549990e-02	 0	 3.710404e+02	 5.264732e-04	 6.364636e-04	 4.031051e-03	 3.626060e-01	 
 -4.049360e-02	 6.754105e-01	 2.459227e-01	 1.191597e-01	 1.769185e-01	 1.414186e-01	 3.549990e-02	 0	 3.710404e+02	 5.264732e-04	 6.364636e-04	 4.031051e-03	 3.626060e-01	 
 -4.049360e-02	 6.754105e-01	 2.459227e-01	 1.191597e-01	 1.769185e-01	 1.414186e-01	 3.549990e-02	 0	 3.710404e+02	 5.264732e-04	 6.364636e-04	 4.031051e-03	 3.626060e-01	 
 -4.049360e-02	 6.754105e-01	 2.459227e-01	 1.191597e-01	 1.769185e-01	 1.414186e-01	 3.549990e-02	 0	 3.710404e+02	 5.264732e-04	 6.364636e-04	 4.031051e-03	 3.626060e-01	 
 -4.049360e-02	 6.754105e-01	 2.459227e-01	 1.191597e-01	 1.769185e-01	 1.414186e-01	 3.549990e-02	 0	 3.710404e+02	 5.264732e-04	 6.364636e-04	 4.031051e-03	 3.626060e-01	 
 -4.049360e-02	 6.754105e-01	 2.459227e-01	 1.191597e-01	 1.769185e-01	 1.414186e-01	 3.549990e-02	 0	 3.710404e+02	 5.264732e-04	 6.364636e-04	 4.031051e-03	 3.626060e-01	 
 -4.049360e-02	 6.754105e-01	 2.459227e-01	 1.191597e-01	 1.769185e-01	 1.414186e-01	 3.549990e-02	 0	 3.710404e+02	 5.264732e-04	 6.364636e-04	 4.031051e-03	 3.626060e-01	 
 -4.049360e-02	 6.754105e-01	 2.459227e-01	 1.191597e-01	 1.769185e-01	 1.414186e-01	 3.549990e-02	 0	 3.710404e+02	 5.264732e-04	 6.364636e-04	 4.031051e-03	 3.626060e-01	 
 -4.049360e-02	 6.754105e-01	 2.459227e-01	 1.191597e-01	 1.769185e-01	 1.414186e-01	 3.549990e-02	 0	 3.710404e+02	 5.264732e-04	 6.364636e-04	 4.031051e-03	 3.626060e-01	 
 -4.049360e-02	 6.754105e-01	 2.459227e-01	 1.191597e-01	 1.769185e-01	 1.414186e-01	 3.549990e-02	 0	 3.710404e+02	 5.264732e-04	 6.364636e-04	 4.031051e-03	 3.626060e-01	 
 -4.049360e-02	 6.754105e-01	 2.459227e-01	 1.191597e-01	 1.769185e-01	 1.414186e-01	 3.549990e-02	 0	 3.710404e+02	 5.264732e-04	 6.364636e-04	 4.031051e-03	 3.626060e-01	 
 1.539446e-02	 3.510540e-01	 1.897566e-01	 4.462142e-01	 1.526276e-01	 3.052884e-01	 1.526608e-01	 1	 1.087170e+02	 2.410696e-01	 1.965260e-01	 1.458467e+00	 1.545065e+01	 
 1.291801e-01	 1.073264e+00	 -2.465906e-01	 4.344920e-02	 1.166531e-01	 3.052884e-01	 1.886353e-01	 0	 2.383606e+02	 1.265104e-01	 2.078216e-01	 3.980978e-01	 4.463588e+00	 
 1.291801e-01	 1.073264e+00	 -2.465906e-01	 4.344920e-02	 1.166531e-01	 3.052884e-01	 1.886353e-01	 0	 2.383606e+02	 1.265104e-01	 2.078216e-01	 3.980978e-01	 4.463588e+00	 
 1.291801e-01	 1.073264e+00	 -2.465906e-01	 4.344920e-02	 1.166531e-01	 3.052884e-01	 1.886353e-01	 0	 2.383606e+02	 1.265104e-01	 2.078216e-01	 3.980978e-01	 4.463588e+00	 
 1.294500e-01	 6.012835e-01	 1.785128e-01	 9.006634e-02	 2.327723e-01	 3.052884e-01	 7.251613e-02	 1	 1.862715e+02	 1.121546e-01	 2.097293e-01	 2.403167e-01	 3.760402e+00	 
 1.291801e-01	 1.073264e+00	 -2.465906e-01	 4.344920e-02	 1.166531e-01	 3.052884e-01	 1.886353e-01	 0	 2.383606e+02	 1.265104e-01	 2.078216e-01	 3.980978e-01	 4.463588e+00	 
 1.291801e-01	 1.073264e+00	 -2.465906e-01	 4.344920e-02	 1.166531e-01	 3.052884e-01	 1.886353e-01	 0	 2.383606e+02	 1.265104e-01	 2.078216e-01	 3.980978e-01	 4.463588e+00	 
 1.291801e-01	 1.073264e+00	 -2.465906e-01	 4.344920e-02	 1.166531e-01	 3.052884e-01	 1.886353e-01	 0	 2.383606e+02	 1.265104e-01	 2.078216e-01	 3.980978e-01	 4.463588e+00	 
 1.539446e-02	 3.510540e-01	 1.897566e-01	 4.462142e-01	 1.526276e-01	 3.052884e-01	 1.526608e-01	 1	 1.087170e+02	 2.410696e-01	 1.965260e-01	 1.458467e+00	 1.545065e+01	 
 1.291801e-01	 1.073264e+00	 -2.465906e-01	 4.344920e-02	 1.166531e-01	 3.052884e-01	 1.886353e-01	 0	 2.383606e+02	 1.265104e-01	 2.078216e-01	 3.980978e-01	 4.463588e+00	 
 1.291801e-01	 1.073264e+00	 -2.465906e-01	 4.344920e-02	 1.166531e-01	 3.052884e-01	 1.886353e-01	 0	 2.383606e+02	 1.265104e-01	 2.078216e-01	 3.980978e-01	 4.463588e+00	 
 1.291801e-01	 1.073264e+00	 -2.465906e-01	 4.344920e-02	 1.166531e-01	 3.052884e-01	 1.886353e-01	 0	 2.383606e+02	 1.265104e-01	 2.078216e-01	 3.980978e-01	 4.463588e+00	 
 1.294500e-01	 6.012835e-01	 1.785128e-01	 9.006634e-02	 2.327723e-01	 3.052884e-01	 7.251613e-02	 1	 1.862715e+02	 1.121546e-01	 2.097293e-01	 2.403167e-01	 3.760402e+00	 
 1.291801e-01	 1.073264e+00	 -2.465906e-01	 4.344920e-02	 1.166531e-01	 3.052884e-01	 1.886353e-01	 0	 2.383606e+02	 1.265104e-01	 2.078216e-01	 3.980978e-01	 4.463588e+00	 
 1.291801e-01	 1.073264e+00	 -2.465906e-01	 4.344920e-02	 1.166531e-01	 3.052884e-01	 1.886353e-01	 0	 2.383606e+02	 1.265104e-01	 2.078216e-01	 3.980978e-01	 4.463588e+00	 
 1.291801e-01	 1.073264e+00	 -2.465906e-01	 4.344920e-02	 1.166531e-01	 3.052884e-01	 1.886353e-01	 0	 2.383606e+02	 1.265104e-01	 2.078216e-01	 3.980978e-01	 4.463588e+00	 
 1.539446e-02	 3.510540e-01	 1.897566e-01	 4.462142e-01	 1.526276e-01	 3.052884e-01	 1.526608e-01	 1	 1.087170e+02	 2.410696e-01	 1.965260e-01	 1.458467e+00	 1.545065e+01	 
 1.291801e-01	 1.073264e+00	 -2.465906e-01	 4.344920e-02	 1.166531e-01	 3.052884e-01	 1.886353e-01	 0	 2.383606e+02	 1.265104e-01	 2.078216e-01	 3.980978e-01	 4.463588e+00	 
 1.291801e-01	 1.073264e+00	 -2.465906e-01	 4.344920e-02	 1.166531e-01	 3.052884e-01	 1.886353e-01	 0	 2.383606e+02	 1.265104e-01	 2.078216e-01	 3.980978e-01	 4.463588e+00	 
 1.291801e-01	 1.073264e+00	 -2.465906e-01	 4.344920e-02	 1.166531e-01	 3.052884e-01	 1.886353e-01	 0	 2.383606e+02	 1.265104e-01	 2.078216e-01	 3.980978e-01	 4.463588e+00	 
 1.294500e-01	 6.012835e-01	 1.785128e-01	 9.006634e-02	 2.327723e-01	 3.052884e-01	 7.251613e-02	 1	 1.862715e+02	 1.121546e-01	 2.097293e-01	 2.403167e-01	 3.760402e+00	 
 1.291801e-01	 1.073264e+00	 -2.465906e-01	 4.344920e-02	 1.166531e-01	 3.052884e-01	 1.886353e-01	 0	 2.383606e+02	 1.265104e-01	 2.078216e-01	 3.980978e-01	 4.463588e+00	 
 1.291801e-01	 1.073264e+00	 -2.465906e-01	 4.344920e-02	 1.166531e-01	 3.052884e-01	 1.886353e-01	 0	 2.383606e+02	 1.265104e-01	 2.078216e-01	 3.980978e-01	 4.463588e+00	 
 1.291801e-01	 1.073264e+00	 -2.465906e-01	 4.344920e-02	 1.166531e-01	 3.052884e-01	 1.886353e-01	 0	 2.383606e+02	 1.265104e-01	 2.078216e-01	 3.980978e-01	 4.463588e+00	 
 1.539446e-02	 3.510540e-01	 1.897566e-01	 4.462142e-01	 1.526276e-01	 3.052884e-01	 1.526608e-01	 1	 1.087170e+02	 2.410696e-01	 1.965260e-01	 1.458467e+00	 1.545065e+01	 
 1.291801e-01	 1.073264e+00	 -2.465906e-01	 4.344920e-02	 1.166531e-01	 3.052884e-01	 1.886353e-01	 0	 2.383606e+02	 1.265104e-01	 2.078216e-01	 3.980978e-01	 4.463588e+00	 
 1.291801e-01	 1.073264e+00	 -2.465906e-01	 4.344920e-02	 1.166531e-01	 3.052884e-01	 1.886353e-01	 0	 2.383606e+02	 1.265104e-01	 2.078216e-01	 3.980978e-01	 4.463588e+00	 
 1.291801e-01	 1.073264e+00	 -2.465906e-01	 4.344920e-02	 1.166531e-01	 3.052884e-01	 1.886353e-01	 0	 2.383606e+02	 1.265104e-01	 2.078216e-01	 3.980978e-01	 4.463588e+00	 
 1.294500e-01	 6.012835e-01	 1.785128e-01	 9.006634e-02	 2.327723e-01	 3.052884e-01	 7.251613e-02	 1	 1.862715e+02	 1.121546e-01	 2.097293e-01	 2.403167e-01	 3.760402e+00	 
 1.291801e-01	 1.073264e+00	 -2.465906e-01	 4.344920e-02	 1.166531e-01	 3.052884e-01	 1.886353e-01	 0	 2.383606e+02	 1.265104e-01	 2.078216e-01	 3.980978e-01	 4.463588e+00	 
 1.291801e-01	 1.073264e+00	 -2.465906e-01	 4.344920e-02	 1.166531e-01	 3.052884e-01	 1.886353e-01	 0	 2.383606e+02	 1.265104e-01	 2.078216e-01	 3.980978e-01	 4.463588e+00	 
 1.291801e-01	 1.073264e+00	 -2.465906e-01	 4.344920e-02	 1.166531e-01	 3.052884e-01	 1.886353e-01	 0	 2.383606e+02	 1.265104e-01	 2.078216e-01	 3.980978e-01	 4.463588e+00	 
 1.539446e-02	 3.510540e-01	 1.897566e-01	 4.462142e-01	 1.526276e-01	 3.052884e-01	 1.526608e-01	 1	 1.087170e+02	 2.410696e-01	 1.965260e-01	 1.458467e+00	 1.545065e+01	 
 1.291801e-01	 1.073264e+00	 -2.465906e-01	 4.344920e-02	 1.166531e-01	 3.052884e-01	 1.886353e-01	 0	 2.383606e+02	 1.265104e-01	 2.078216e-01	 3.980978e-01	 4.463588e+00	 
 1.291801e-01	 1.073264e+00	 -2.465906e-01	 4.344920e-02	 1.166531e-01	 3.052884e-01	 1.886353e-01	 0	 2.383606e+02	 1.265104e-01	 2.078216e-01	 3.980978e-01	 4.463588e+00	 
 1.291801e-01	 1.073264e+00	 -2.465906e-01	 4.344920e-02	 1.166531e-01	 3.052884e-01	 1.886353e-01	 0	 2.383606e+02	 1.265104e-01	 2.078216e-01	 3.980978e-01	 4.463588e+00	 
 1.294500e-01	 6.012835e-01	 1.785128e-01	 9.006634e-02	 2.327723e-01	 3.052884e-01	 7.251613e-02	 1	 1.862715e+02	 1.121546e-01	 2.097293e-01	 2.403167e-01	 3.760402e+00	 
 1.291801e-01	 1.073264e+00	 -2.465906e-01	 4.344920e-02	 1.166531e-01	 3.052884e-01	 1.886353e-01	 0	 2.383606e+02	 1.265104e-01	 2.078216e-01	 3.980978e-01	 4.463588e+00	 
 1.291801e-01	 1.073264e+00	 -2.465906e-01	 4.344920e-02	 1.166531e-01	 3.052884e-01	 1.886353e-01	 0	 2.383606e+02	 1.265104e-01	 2.078216e-01	 3.980978e-01	 4.463588e+00	 
 1.291801e-01	 1.073264e+00	 -2.465906e-01	 4.344920e-02	 1.166531e-01	 3.052884e-01	 1.886353e-01	 0	 2.383606e+02	 1.265104e-01	 2.078216e-01	 3.980978e-01	 4.463588e+00	 
 1.539446e-02	 3.510540e-01	 1.897566e-01	 4.462142e-01	 1.526276e-01	 3.052884e-01	 1.526608e-01	 1	 1.087170e+02	 2.410696e-01	 1.965260e-01	 1.458467e+00	 1.545065e+01	 
 1.291801e-01	 1.073264e+00	 -2.465906e-01	 4.344920e-02	 1.166531e-01	 3.052884e-01	 1.886353e-01	 0	 2.383606e+02	 1.265104e-01	 2.078216e-01	 3.980978e-01	 4.463588e+00	 
 1.291801e-01	 1.073264e+00	 -2.465906e-01	 4.344920e-02	 1.166531e-01	 3.052884e-01	 1.886353e-01	 0	 2.383606e+02	 1.265104e-01	 2.078216e-01	 3.980978e-01	 4.463588e+00	 
 1.291801e-01	 1.073264e+00	 -2.465906e-01	 4.344920e-02	 1.166531e-01	 3.052884e-01	 1.886353e-01	 0	 2.383606e+02	 1.265104e-01	 2.078216e-01	 3.980978e-01	 4.463588e+00	 
 1.294500e-01	 6.012835e-01	 1.785128e-01	 9.006634e-02	 2.327723e-01	 3.052884e-01	 7.251613e-02	 1	 1.862715e+02	 1.121546e-01	 2.097293e-01	 2.403167e-01	 3.760402e+00	 
 1.291801e-01	 1.073264e+00	 -2.465906e-01	 4.344920e-02	 1.166531e-01	 3.052884e-01	 1.886353e-01	 0	 2.383606e+02	 1.265104e-01	 2.078216e-01	 3.980978e-01	 4.463588e+00	 
 1.291801e-01	 1.073264e+00	 -2.465906e-01	 4.344920e-02	 1.166531e-01	 3.052884e-01	 1.886353e-01	 0	 2.383606e+02	 1.265104e-01	 2.078216e-01	 3.980978e-01	 4.463588e+00	 
 1.291801e-01	 1.073264e+00	 -2.465906e-01	 4.344920e-02	 1.166531e-01	 3.052884e-01	 1.886353e-01	 0	 2.383606e+02	 1.265104e-01	 2.078216e-01	 3.980978e-01	 4.463588e+00	 
 -4.099955e-02	 5.732699e-01	 2.345010e-01	 2.327558e-01	 2.388063e-01	 2.002034e-01	 3.860293e-02	 0	 1.235642e+01	 1.446241e-02	 1.116917e-02	 5.259694e-02	 1.433428e-01	 
 -4.099955e-02	 5.732699e-01	 2.345010e-01	 2.327558e-01	 2.388063e-01	 2.002034e-01	 3.860293e-02	 0	 1.235642e+01	 1.446241e-02	 1.116917e-02	 5.259694e-02	 1.433428e-01	 
 -4.099955e-02	 5.732699e-01	 2.345010e-01	 2.327558e-01	 2.388063e-01	 2.002034e-01	 3.860293e-02	 0	 1.235642e+01	 1.446241e-02	 1.116917e-02	 5.259694e-02	 1.433428e-01	 
 -4.099955e-02	 5.732699e-01	 2.345010e-01	 2.327558e-01	 2.388063e-01	 2.002034e-01	 3.860293e-02	 0	 1.235642e+01	 1.446241e-02	 1.116917e-02	 5.259694e-02	 1.433428e-01	 
 -4.099955e-02	 5.732699e-01	 2.345010e-01	 2.327558e-01	 2.388063e-01	 2.002034e-01	 3.860293e-02	 0	 1.235642e+01	 1.446241e-02	 1.116917e-02	 5.259694e-02	 1.433428e-01	 
 -4.099955e-02	 5.732699e-01	 2.345010e-01	 2.327558e-01	 2.388063e-01	 2.002034e-01	 3.860293e-02	 0	 1.235642e+01	 1.446241e-02	 1.116917e-02	 5.259694e-02	 1.433428e-01	 
 -4.099955e-02	 5.732699e-01	 2.345010e-01	 2.327558e-01	 2.388063e-01	 2.002034e-01	 3.860293e-02	 0	 1.235642e+01	 1.446241e-02	 1.116917e-02	 5.259694e-02	 1.433428e-01	 
 -4.099955e-02	 5.732699e-01	 2.345010e-01	 2.327558e-01	 2.388063e-01	 2.002034e-01	 3.860293e-02	 0	 1.235642e+01	 1.446241e-02	 1.116917e-02	 5.259694e-02	 1.433428e-01	 
 -4.099955e-02	 5.732699e-01	 2.345010e-01	 2.327558e-01	 2.388063e-01	 2.002034e-01	 3.860293e-02	 0	 1.235642e+01	 1.446241e-02	 1.116917e-02	 5.259694e-02	 1.433428e-01	 
 -4.099955e-02	 5.732699e-01	 2.345010e-01	 2.327558e-01	 2.388063e-01	 2.002034e-01	 3.860293e-02	 0	 1.235642e+01	 1.446241e-02	 1.116917e-02	 5.259694e-02	 1.433428e-01	 
 -4.099955e-02	 5.732699e-01	 2.345010e-01	 2.327558e-01	 2.388063e-01	 2.002034e-01	 3.860293e-02	 0	 1.235642e+01	 1.446241e-02	 1.116917e-02	 5.259694e-02	 1.433428e-01	 
 -4.099955e-02	 5.732699e-01	 2.345010e-01	 2.327558e-01	 2.388063e-01	 2.002034e-01	 3.860293e-02	 0	 1.235642e+01	 1.446241e-02	 1.116917e-02	 5.259694e-02	 1.433428e-01	 
 -4.099955e-02	 5.732699e-01	 2.345010e-01	 2.327558e-01	 2.388063e-01	 2.002034e-01	 3.860293e-02	 0	 1.235642e+01	 1.446241e-02	 1.116917e-02	 5.259694e-02	 1.433428e-01	 
 -4.099955e-02	 5.732699e-01	 2.345010e-01	 2.327558e-01	 2.388063e-01	 2.002034e-01	 3.860293e-02	 0	 1.235642e+01	 1.446241e-02	 1.116917e-02	 5.259694e-02	 1.433428e-01	 
 -4.099955e-02	 5.732699e-01	 2.345010e-01	 2.327558e-01	 2.388063e-01	 2.002034e-01	 3.860293e-02	 0	 1.235642e+01	 1.446241e-02	 1.116917e-02	 5.259694e-02	 1.433428e-01	 
 -4.099955e-02	 5.732699e-01	 2.345010e-01	 2.327558e-01	 2.388063e-01	 2.002034e-01	 3.860293e-02	 0	 1.235642e+01	 1.446241e-02	 1.116917e-02	 5.259694e-02	 1.433428e-01	 
 -4.099955e-02	 5.732699e-01	 2.345010e-01	 2.327558e-01	 2.388063e-01	 2.002034e-01	 3.860293e-02	 0	 1.235642e+01	 1.446241e-02	 1.116917e-02	 5.259694e-02	 1.433428e-01	 
 -4.099955e-02	 5.732699e-01	 2.345010e-01	 2.327558e-01	 2.388063e-01	 2.002034e-01	 3.860293e-02	 0	 1.235642e+01	 1.446241e-02	 1.116917e-02	 5.259694e-02	 1.433428e-01	 
 -4.099955e-02	 5.732699e-01	 2.345010e-01	 2.327558e-01	 2.388063e-01	 2.002034e-01	 3.860293e-02	 0	 1.235642e+01	 1.446241e-02	 1.116917e-02	 5.259694e-02	 1.433428e-01	 
 -4.099955e-02	 5.732699e-01	 2.345010e-01	 2.327558e-01	 2.388063e-01	 2.002034e-01	 3.860293e-02	 0	 1.235642e+01	 1.446241e-02	 1.116917e-02	 5.259694e-02	 1.433428e-01	 
 -4.099955e-02	 5.732699e-01	 2.345010e-01	 2.327558e-01	 2.388063e-01	 2.002034e-01	 3.860293e-02	 0	 1.235642e+01	 1.446241e-02	 1.116917e-02	 5.259694e-02	 1.433428e-01	 
 -4.099955e-02	 5.732699e-01	 2.345010e-01	 2.327558e-01	 2.388063e-01	 2.002034e-01	 3.860293e-02	 0	 1.235642e+01	 1.446241e-02	 1.116917e-02	 5.259694e-02	 1.433428e-01	 
 -4.099955e-02	 5.732699e-01	 2.345010e-01	 2.327558e-01	 2.388063e-01	 2.002034e-01	 3.860293e-02	 0	 1.235642e+01	 1.446241e-02	 1.116917e-02	 5.259694e-02	 1.433428e-01	 
 -4.099955e-02	 5.732699e-01	 2.345010e-01	 2.327558e-01	 2.388063e-01	 2.002034e-01	 3.860293e-02	 0	 1.235642e+01	 1.446241e-02	 1.116917e-02	 5.259694e-02	 1.433428e-01	 
 -4.099955e-02	 5.732699e-01	 2.345010e-01	 2.327558e-01	 2.388063e-01	 2.002034e-01	 3.860293e-02	 0	 1.235642e+01	 1.446241e-02	 1.116917e-02	 5.259694e-02	 1.433428e-01	 
 -4.099955e-02	 5.732699e-01	 2.345010e-01	 2.327558e-01	 2.388063e-01	 2.002034e-01	 3.860293e-02	 0	 1.235642e+01	 1.446241e-02	 1.116917e-02	 5.259694e-02	 1.433428e-01	 
 -4.099955e-02	 5.732699e-01	 2.345010e-01	 2.327558e-01	 2.388063e-01	 2.002034e-01	 3.860293e-02	 0	 1.235642e+01	 1.446241e-02	 1.116917e-02	 5.259694e-02	 1.433428e-01	 
 -4.099955e-02	 5.732699e-01	 2.345010e-01	 2.327558e-01	 2.388063e-01	 2.002034e-01	 3.860293e-02	 0	 1.235642e+01	 1.446241e-02	 1.116917e-02	 5.259694e-02	 1.433428e-01	 
 -4.099955e-02	 5.732699e-01	 2.345010e-01	 2.327558e-01	 2.388063e-01	 2.002034e-01	 3.860293e-02	 0	 1.235642e+01	 1.446241e-02	 1.116917e-02	 5.259694e-02	 1.433428e-01	 
 -4.099955e-02	 5.732699e-01	 2.345010e-01	 2.327558e-01	 2.388063e-01	 2.002034e-01	 3.860293e-02	 0	 1.235642e+01	 1.446241e-02	 1.116917e-02	 5.259694e-02	 1.433428e-01	 
 -4.099955e-02	 5.732699e-01	 2.345010e-01	 2.327558e-01	 2.388063e-01	 2.002034e-01	 3.860293e-02	 0	 1.235642e+01	 1.446241e-02	 1.116917e-02	 5.259694e-02	 1.433428e-01	 
 -4.099955e-02	 5.732699e-01	 2.345010e-01	 2.327558e-01	 2.388063e-01	 2.002034e-01	 3.860293e-02	 0	 1.235642e+01	 1.446241e-02	 1.116917e-02	 5.259694e-02	 1.433428e-01	 
 -4.099955e-02	 5.732699e-01	 2.345010e-01	 2.327558e-01	 2.388063e-01	 2.002034e-01	 3.860293e-02	 0	 1.235642e+01	 1.446241e-02	 1.116917e-02	 5.259694e-02	 1.433428e-01	 
 -4.099955e-02	 5.732699e-01	 2.345010e-01	 2.327558e-01	 2.388063e-01	 2.002034e-01	 3.860293e-02	 0	 1.235642e+01	 1.446241e-02	 1.116917e-02	 5.259694e-02	 1.433428e-01	 
 -4.099955e-02	 5.732699e-01	 2.345010e-01	 2.327558e-01	 2.388063e-01	 2.002034e-01	 3.860293e-02	 0	 1.235642e+01	 1.446241e-02	 1.116917e-02	 5.259694e-02	 1.433428e-01	 
 -4.099955e-02	 5.732699e-01	 2.345010e-01	 2.327558e-01	 2.388063e-01	 2.002034e-01	 3.860293e-02	 0	 1.235642e+01	 1.446241e-02	 1.116917e-02	 5.259694e-02	 1.433428e-01	 
 -4.099955e-02	 5.732699e-01	 2.345010e-01	 2.327558e-01	 2.388063e-01	 2.002034e-01	 3.860293e-02	 0	 1.235642e+01	 1.446241e-02	 1.116917e-02	 5.259694e-02	 1.433428e-01	 
 -4.099955e-02	 5.732699e-01	 2.345010e-01	 2.327558e-01	 2.388063e-01	 2.002034e-01	 3.860293e-02	 0	 1.235642e+01	 1.446241e-02	 1.116917e-02	 5.259694e-02	 1.433428e-01	 
 -4.099955e-02	 5.732699e-01	 2.345010e-01	 2.327558e-01	 2.388063e-01	 2.002034e-01	 3.860293e-02	 0	 1.235642e+01	 1.446241e-02	 1.116917e-02	 5.259694e-02	 1.433428e-01	 
 -4.099955e-02	 5.732699e-01	 2.345010e-01	 2.327558e-01	 2.388063e-01	 2.002034e-01	 3.860293e-02	 0	 1.235642e+01	 1.446241e-02	 1.116917e-02	 5.259694e-02	 1.433428e-01	 
 -4.099955e-02	 5.732699e-01	 2.345010e-01	 2.327558e-01	 2.388063e-01	 2.002034e-01	 3.860293e-02	 0	 1.235642e+01	 1.446241e-02	 1.116917e-02	 5.259694e-02	 1.433428e-01	 
 -4.099955e-02	 5.732699e-01	 2.345010e-01	 2.327558e-01	 2.388063e-01	 2.002034e-01	 3.860293e-02	 0	 1.235642e+01	 1.446241e-02	 1.116917e-02	 5.259694e-02	 1.433428e-01	 
 -4.099955e-02	 5.732699e-01	 2.345010e-01	 2.327558e-01	 2.388063e-01	 2.002034e-01	 3.860293e-02	 0	 1.235642e+01	 1.446241e-02	 1.116917e-02	 5.259694e-02	 1.433428e-01	 
 -4.099955e-02	 5.732699e-01	 2.345010e-01	 2.327558e-01	 2.388063e-01	 2.002034e-01	 3.860293e-02	 0	 1.235642e+01	 1.446241e-02	 1.116917e-02	 5.259694e-02	 1.433428e-01	 
 -4.099955e-02	 5.732699e-01	 2.345010e-01	 2.327558e-01	 2.388063e-01	 2.002034e-01	 3.860293e-02	 0	 1.235642e+01	 1.446241e-02	 1.116917e-02	 5.259694e-02	 1.433428e-01	 
 -4.099955e-02	 5.732699e-01	 2.345010e-01	 2.327558e-01	 2.388063e-01	 2.002034e-01	 3.860293e-02	 0	 1.235642e+01	 1.446241e-02	 1.116917e-02	 5.259694e-02	 1.433428e-01	 
 -4.099955e-02	 5.732699e-01	 2.345010e-01	 2.327558e-01	 2.388063e-01	 2.002034e-01	 3.860293e-02	 0	 1.235642e+01	 1.446241e-02	 1.116917e-02	 5.259694e-02	 1.433428e-01	 
 -4.099955e-02	 5.732699e-01	 2.345010e-01	 2.327558e-01	 2.388063e-01	 2.002034e-01	 3.860293e-02	 0	 1.235642e+01	 1.446241e-02	 1.116917e-02	 5.259694e-02	 1.433428e-01	 
 -7.878201e-03	 7.110183e-01	 1.943378e-01	 1.025629e-01	 1.876237e-01	 1.869296e-01	 6.941748e-04	 0	 1.661814e+02	 1.068489e-02	 8.905912e-03	 1.071253e-01	 1.834331e+00	 
 1.030200e-02	 7.158690e-01	 1.878096e-01	 8.596271e-02	 1.767687e-01	 1.869296e-01	 1.016088e-02	 1	 1.171154e+02	 1.220341e-02	 1.194009e-02	 4.021684e-02	 1.158966e+00	 
 -7.878201e-03	 7.110183e-01	 1.943378e-01	 1.025629e-01	 1.876237e-01	 1.869296e-01	 6.941748e-04	 0	 1.661814e+02	 1.068489e-02	 8.905912e-03	 1.071253e-01	 1.834331e+00	 
 -7.878201e-03	 7.110183e-01	 1.943378e-01	 1.025629e-01	 1.876237e-01	 1.869296e-01	 6.941748e-04	 0	 1.661814e+02	 1.068489e-02	 8.905912e-03	 1.071253e-01	 1.834331e+00	 
 -7.878201e-03	 7.110183e-01	 1.943378e-01	 1.025629e-01	 1.876237e-01	 1.869296e-01	 6.941748e-04	 0	 1.661814e+02	 1.068489e-02	 8.905912e-03	 1.071253e-01	 1.834331e+00	 
 -7.878201e-03	 7.110183e-01	 1.943378e-01	 1.025629e-01	 1.876237e-01	 1.869296e-01	 6.941748e-04	 0	 1.661814e+02	 1.068489e-02	 8.905912e-03	 1.071253e-01	 1.834331e+00	 
 1.253214e-02	 7.166789e-01	 1.869102e-01	 8.386147e-02	 1.753680e-01	 1.869296e-01	 1.156156e-02	 1	 3.860350e+02	 1.259680e-02	 1.035011e-02	 8.571663e-02	 4.140136e+00	 
 -7.878201e-03	 7.110183e-01	 1.943378e-01	 1.025629e-01	 1.876237e-01	 1.869296e-01	 6.941748e-04	 0	 1.661814e+02	 1.068489e-02	 8.905912e-03	 1.071253e-01	 1.834331e+00	 
 -7.878201e-03	 7.110183e-01	 1.943378e-01	 1.025629e-01	 1.876237e-01	 1.869296e-01	 6.941748e-04	 0	 1.661814e+02	 1.068489e-02	 8.905912e-03	 1.071253e-01	 1.834331e+00	 
 1.030200e-02	 7.158690e-01	 1.878096e-01	 8.596271e-02	 1.767687e-01	 1.869296e-01	 1.016088e-02	 1	 1.171154e+02	 1.220341e-02	 1.194009e-02	 4.021684e-02	 1.158966e+00	 
 -7.878201e-03	 7.110183e-01	 1.943378e-01	 1.025629e-01	 1.876237e-01	 1.869296e-01	 6.941748e-04	 0	 1.661814e+02	 1.068489e-02	 8.905912e-03	 1.071253e-01	 1.834331e+00	 
 -7.878201e-03	 7.110183e-01	 1.943378e-01	 1.025629e-01	 1.876237e-01	 1.869296e-01	 6.941748e-04	 0	 1.661814e+02	 1.068489e-02	 8.905912e-03	 1.071253e-01	 1.834331e+00	 
 -7.878201e-03	 7.110183e-01	 1.943378e-01	 1.025629e-01	 1.876237e-01	 1.869296e-01	 6.941748e-04	 0	 1.661814e+02	 1.068489e-02	 8.905912e-03	 1.071253e-01	 1.834331e+00	 
 -7.878201e-03	 7.110183e-01	 1.943378e-01	 1.025629e-01	 1.876237e-01	 1.869296e-01	 6.941748e-04	 0	 1.661814e+02	 1.068489e-02	 8.905912e-03	 1.071253e-01	 1.834331e+00	 
 1.253214e-02	 7.166789e-01	 1.869102e-01	 8.386147e-02	 1.753680e-01	 1.869296e-01	 1.156156e-02	 1	 3.860350e+02	 1.259680e-02	 1.035011e-02	 8.571663e-02	 4.140136e+00	 
 -7.878201e-03	 7.110183e-01	 1.943378e-01	 1.025629e-01	 1.876237e-01	 1.869296e-01	 6.941748e-04	 0	 1.661814e+02	 1.068489e-02	 8.905912e-03	 1.071253e-01	 1.834331e+00	 
 -7.878201e-03	 7.110183e-01	 1.943378e-01	 1.025629e-01	 1.876237e-01	 1.869296e-01	 6.941748e-04	 0	 1.661814e+02	 1.068489e-02	 8.905912e-03	 1.071253e-01	 1.834331e+00	 
 1.030200e-02	 7.158690e-01	 1.878096e-01	 8.596271e-02	 1.767687e-01	 1.869296e-01	 1.016088e-02	 1	 1.171154e+02	 1.220341e-02	 1.194009e-02	 4.021684e-02	 1.158966e+00	 
 -7.878201e-03	 7.110183e-01	 1.943378e-01	 1.025629e-01	 1.876237e-01	 1.869296e-01	 6.941748e-04	 0	 1.661814e+02	 1.068489e-02	 8.905912e-03	 1.071253e-01	 1.834331e+00	 
 -7.878201e-03	 7.110183e-01	 1.943378e-01	 1.025629e-01	 1.876237e-01	 1.869296e-01	 6.941748e-04	 0	 1.661814e+02	 1.068489e-02	 8.905912e-03	 1.071253e-01	 1.834331e+00	 
 -7.878201e-03	 7.110183e-01	 1.943378e-01	 1.025629e-01	 1.876237e-01	 1.869296e-01	 6.941748e-04	 0	 1.661814e+02	 1.068489e-02	 8.905912e-03	 1.071253e-01	 1.834331e+00	 
 -7.878201e-03	 7.110183e-01	 1.943378e-01	 1.025629e-01	 1.876237e-01	 1.869296e-01	 6.941748e-04	 0	 1.661814e+02	 1.068489e-02	 8.905912e-03	 1.071253e-01	 1.834331e+00	 
 1.253214e-02	 7.166789e-01	 1.869102e-01	 8.386147e-02	 1.753680e-01	 1.869296e-01	 1.156156e-02	 1	 3.860350e+02	 1.259680e-02	 1.035011e-02	 8.571663e-02	 4.140136e+00	 
 -7.878201e-03	 7.110183e-01	 1.943378e-01	 1.025629e-01	 1.876237e-01	 1.869296e-01	 6.941748e-04	 0	 1.661814e+02	 1.068489e-02	 8.905912e-03	 1.071253e-01	 1.834331e+00	 
 -7.878201e-03	 7.110183e-01	 1.943378e-01	 1.025629e-01	 1.876237e-01	 1.869296e-01	 6.941748e-04	 0	 1.661814e+02	 1.068489e-02	 8.905912e-03	 1.071253e-01	 1.834331e+00	 
 1.030200e-02	 7.158690e-01	 1.878096e-01	 8.596271e-02	 1.767687e-01	 1.869296e-01	 1.016088e-02	 1	 1.171154e+02	 1.220341e-02	 1.194009e-02	 4.021684e-02	 1.158966e+00	 
 -7.878201e-03	 7.110183e-01	 1.943378e-01	 1.025629e-01	 1.876237e-01	 1.869296e-01	 6.941748e-04	 0	 1.661814e+02	 1.068489e-02	 8.905912e-03	 1.071253e-01	 1.834331e+00	 
 -7.878201e-03	 7.110183e-01	 1.943378e-01	 1.025629e-01	 1.876237e-01	 1.869296e-01	 6.941748e-04	 0	 1.661814e+02	 1.068489e-02	 8.905912e-03	 1.071253e-01	 1.834331e+00	 
 -7.878201e-03	 7.110183e-01	 1.943378e-01	 1.025629e-01	 1.876237e-01	 1.869296e-01	 6.941748e-04	 0	 1.661814e+02	 1.068489e-02	 8.905912e-03	 1.071253e-01	 1.834331e+00	 
 -7.878201e-03	 7.110183e-01	 1.943378e-01	 1.025629e-01	 1.876237e-01	 1.869296e-01	 6.941748e-04	 0	 1.661814e+02	 1.068489e-02	 8.905912e-03	 1.071253e-01	 1.834331e+00	 
 1.253214e-02	 7.166789e-01	 1.869102e-01	 8.386147e-02	 1.753680e-01	 1.869296e-01	 1.156156e-02	 1	 3.860350e+02	 1.259680e-02	 1.035011e-02	 8.571663e-02	 4.140136e+00	 
 -7.878201e-03	 7.110183e-01	 1.943378e-01	 1.025629e-01	 1.876237e-01	 1.869296e-01	 6.941748e-04	 0	 1.661814e+02	 1.068489e-02	 8.905912e-03	 1.071253e-01	 1.834331e+00	 
 -7.878201e-03	 7.110183e-01	 1.943378e-01	 1.025629e-01	 1.876237e-01	 1.869296e-01	 6.941748e-04	 0	 1.661814e+02	 1.068489e-02	 8.905912e-03	 1.071253e-01	 1.834331e+00	 
 1.030200e-02	 7.158690e-01	 1.878096e-01	 8.596271e-02	 1.767687e-01	 1.869296e-01	 1.016088e-02	 1	 1.171154e+02	 1.220341e-02	 1.194009e-02	 4.021684e-02	 1.158966e+00	 
 -7.878201e-03	 7.110183e-01	 1.943378e-01	 1.025629e-01	 1.876237e-01	 1.869296e-01	 6.941748e-04	 0	 1.661814e+02	 1.068489e-02	 8.905912e-03	 1.071253e-01	 1.834331e+00	 
 -7.878201e-03	 7.110183e-01	 1.943378e-01	 1.025629e-01	 1.876237e-01	 1.869296e-01	 6.941748e-04	 0	 1.661814e+02	 1.068489e-02	 8.905912e-03	 1.071253e-01	 1.834331e+00	 
 -7.878201e-03	 7.110183e-01	 1.943378e-01	 1.025629e-01	 1.876237e-01	 1.869296e-01	 6.941748e-04	 0	 1.661814e+02	 1.068489e-02	 8.905912e-03	 1.071253e-01	 1.834331e+00	 
 -7.878201e-03	 7.110183e-01	 1.943378e-01	 1.025629e-01	 1.876237e-01	 1.869296e-01	 6.941748e-04	 0	 1.661814e+02	 1.068489e-02	 8.905912e-03	 1.071253e-01	 1.834331e+00	 
 1.253214e-02	 7.166789e-01	 1.869102e-01	 8.386147e-02	 1.753680e-01	 1.869296e-01	 1.156156e-02	 1	 3.860350e+02	 1.259680e-02	 1.035011e-02	 8.571663e-02	 4.140136e+00	 
 -7.878201e-03	 7.110183e-01	 1.943378e-01	 1.025629e-01	 1.876237e-01	 1.869296e-01	 6.941748e-04	 0	 1.661814e+02	 1.068489e-02	 8.905912e-03	 1.071253e-01	 1.834331e+00	 
 -7.878201e-03	 7.110183e-01	 1.943378e-01	 1.025629e-01	 1.876237e-01	 1.869296e-01	 6.941748e-04	 0	 1.661814e+02	 1.068489e-02	 8.905912e-03	 1.071253e-01	 1.834331e+00	 
 1.030200e-02	 7.158690e-01	 1.878096e-01	 8.596271e-02	 1.767687e-01	 1.869296e-01	 1.016088e-02	 1	 1.171154e+02	 1.220341e-02	 1.194009e-02	 4.021684e-02	 1.158966e+00	 
 -7.878201e-03	 7.110183e-01	 1.943378e-01	 1.025629e-01	 1.876237e-01	 1.869296e-01	 6.941748e-04	 0	 1.661814e+02	 1.068489e-02	 8.905912e-03	 1.071253e-01	 1.834331e+00	 
 -7.878201e-03	 7.110183e-01	 1.943378e-01	 1.025629e-01	 1.876237e-01	 1.869296e-01	 6.941748e-04	 0	 1.661814e+02	 1.068489e-02	 8.905912e-03	 1.071253e-01	 1.834331e+00	 
 -7.878201e-03	 7.110183e-01	 1.943378e-01	 1.025629e-01	 1.876237e-01	 1.869296e-01	 6.941748e-04	 0	 1.661814e+02	 1.068489e-02	 8.905912e-03	 1.071253e-01	 1.834331e+00	 
 -7.878201e-03	 7.110183e-01	 1.943378e-01	 1.025629e-01	 1.876237e-01	 1.869296e-01	 6.941748e-04	 0	 1.661814e+02	 1.068489e-02	 8.905912e-03	 1.071253e-01	 1.834331e+00	 
 1.253214e-02	 7.166789e-01	 1.869102e-01	 8.386147e-02	 1.753680e-01	 1.869296e-01	 1.156156e-02	 1	 3.860350e+02	 1.259680e-02	 1.035011e-02	 8.571663e-02	 4.140136e+00	 
 -7.878201e-03	 7.110183e-01	 1.943378e-01	 1.025629e-01	 1.876237e-01	 1.869296e-01	 6.941748e-04	 0	 1.661814e+02	 1.068489e-02	 8.905912e-03	 1.071253e-01	 1.834331e+00	 
 -1.100419e-02	 5.787184e-01	 2.061184e-01	 2.261680e-01	 1.944372e-01	 1.782222e-01	 1.621507e-02	 0	 2.149517e+02	 2.769561e-04	 4.972167e-04	 4.759754e-04	 6.910436e-02	 
 -1.100419e-02	 5.787184e-01	 2.061184e-01	 2.261680e-01	 1.944372e-01	 1.782222e-01	 1.621507e-02	 0	 2.149517e+02	 2.769561e-04	 4.972167e-04	 4.759754e-04	 6.910436e-02	 
 -1.100419e-02	 5.787184e-01	 2.061184e-01	 2.261680e-01	 1.944372e-01	 1.782222e-01	 1.621507e-02	 0	 2.149517e+02	 2.769561e-04	 4.972167e-04	 4.759754e-04	 6.910436e-02	 
 -1.100419e-02	 5.787184e-01	 2.061184e-01	 2.261680e-01	 1.944372e-01	 1.782222e-01	 1.621507e-02	 0	 2.149517e+02	 2.769561e-04	 4.972167e-04	 4.759754e-04	 6.910436e-02	 
 -1.100419e-02	 5.787184e-01	 2.061184e-01	 2.261680e-01	 1.944372e-01	 1.782222e-01	 1.621507e-02	 0	 2.149517e+02	 2.769561e-04	 4.972167e-04	 4.759754e-04	 6.910436e-02	 
 -1.100419e-02	 5.787184e-01	 2.061184e-01	 2.261680e-01	 1.944372e-01	 1.782222e-01	 1.621507e-02	 0	 2.149517e+02	 2.769561e-04	 4.972167e-04	 4.759754e-04	 6.910436e-02	 
 -1.100419e-02	 5.787184e-01	 2.061184e-01	 2.261680e-01	 1.944372e-01	 1.782222e-01	 1.621507e-02	 0	 2.149517e+02	 2.769561e-04	 4.972167e-04	 4.759754e-04	 6.910436e-02	 
 -1.100419e-02	 5.787184e-01	 2.061184e-01	 2.261680e-01	 1.944372e-01	 1.782222e-01	 1.621507e-02	 0	 2.149517e+02	 2.769561e-04	 4.972167e-04	 4.759754e-04	 6.910436e-02	 
 -1.100419e-02	 5.787184e-01	 2.061184e-01	 2.261680e-01	 1.944372e-01	 1.782222e-01	 1.621507e-02	 0	 2.149517e+02	 2.769561e-04	 4.972167e-04	 4.759754e-04	 6.910436e-02	 
 -1.100419e-02	 5.787184e-01	 2.061184e-01	 2.261680e-01	 1.944372e-01	 1.782222e-01	 1.621507e-02	 0	 2.149517e+02	 2.769561e-04	 4.972167e-04	 4.759754e-04	 6.910436e-02	 
 -1.100419e-02	 5.787184e-01	 2.061184e-01	 2.261680e-01	 1.944372e-01	 1.782222e-01	 1.621507e-02	 0	 2.149517e+02	 2.769561e-04	 4.972167e-04	 4.759754e-04	 6.910436e-02	 
 -1.100419e-02	 5.787184e-01	 2.061184e-01	 2.261680e-01	 1.944372e-01	 1.782222e-01	 1.621507e-02	 0	 2.149517e+02	 2.769561e-04	 4.972167e-04	 4.759754e-04	 6.910436e-02	 
 -1.100419e-02	 5.787184e-01	 2.061184e-01	 2.261680e-01	 1.944372e-01	 1.782222e-01	 1.621507e-02	 0	 2.149517e+02	 2.769561e-04	 4.972167e-04	 4.759754e-04	 6.910436e-02	 
 -1.100419e-02	 5.787184e-01	 2.061184e-01	 2.261680e-01	 1.944372e-01	 1.782222e-01	 1.621507e-02	 0	 2.149517e+02	 2.769561e-04	 4.972167e-04	 4.759754e-04	 6.910436e-02	 
 -1.100419e-02	 5.787184e-01	 2.061184e-01	 2.261680e-01	 1.944372e-01	 1.782222e-01	 1.621507e-02	 0	 2.149517e+02	 2.769561e-04	 4.972167e-04	 4.759754e-04	 6.910436e-02	 
 -1.100419e-02	 5.787184e-01	 2.061184e-01	 2.261680e-01	 1.944372e-01	 1.782222e-01	 1.621507e-02	 0	 2.149517e+02	 2.769561e-04	 4.972167e-04	 4.759754e-04	 6.910436e-02	 
 -1.100419e-02	 5.787184e-01	 2.061184e-01	 2.261680e-01	 1.944372e-01	 1.782222e-01	 1.621507e-02	 0	 2.149517e+02	 2.769561e-04	 4.972167e-04	 4.759754e-04	 6.910436e-02	 
 -1.100419e-02	 5.787184e-01	 2.061184e-01	 2.261680e-01	 1.944372e-01	 1.782222e-01	 1.621507e-02	 0	 2.149517e+02	 2.769561e-04	 4.972167e-04	 4.759754e-04	 6.910436e-02	 
 -1.100419e-02	 5.787184e-01	 2.061184e-01	 2.261680e-01	 1.944372e-01	 1.782222e-01	 1.621507e-02	 0	 2.149517e+02	 2.769561e-04	 4.972167e-04	 4.759754e-04	 6.910436e-02	 
 