2.117257e-01	 6.113359e-01	 -7.172257e-06	 1.481676e-01	 4.388867e+04	 4.388720e+04	 1.468145e+00	 0	 9.106776e+01	 2.878535e-02	 2.902308e-02	 4.509798e+02	 2.013730e+02	 
 5.152765e-01	 -5.009666e-01	 4.793155e-04	 5.405793e-01	 6.476794e+04	 6.499420e+04	 2.262611e+02	 0	 1.334983e+03	 4.454107e-01	 4.452971e-01	 1.644807e+03	 7.836077e+02	 
 2.474454e-01	 6.435560e-01	 -6.099124e-06	 9.243392e-02	 4.395440e+04	 4.395280e+04	 1.600507e+00	 0	 6.019438e+03	 1.664978e-02	 1.679546e-02	 3.614536e+02	 3.648935e+02	 
 3.291002e-01	 2.914593e-01	 2.244397e-05	 2.305538e-01	 5.045997e+04	 5.046220e+04	 2.232325e+00	 1	 3.604653e+02	 1.490259e-01	 1.491169e-01	 1.082660e+03	 3.217346e+01	 
 2.701385e-01	 6.109656e-01	 -1.423389e-03	 1.057881e-01	 1.249980e+05	 1.243126e+05	 6.854396e+02	 0	 1.127860e+03	 1.454066e-02	 1.470230e-02	 7.143821e+02	 5.111310e+02	 
 3.146905e-01	 6.444477e-01	 -1.197624e-04	 5.211798e-02	 5.565481e+04	 5.563270e+04	 2.211414e+01	 0	 7.832271e+02	 1.114626e-02	 5.281317e+01	 2.536724e+02	 2.325278e+01	 
 -5.208143e+00	 3.375450e+00	 8.759934e-03	 2.502795e+00	 7.088155e+04	 7.543990e+04	 4.558354e+03	 0	 1.182861e+04	 3.218977e-01	 3.215864e-01	 5.056499e+02	 3.932262e+02	 
 4.884503e-01	 5.164033e-01	 -1.460308e-04	 4.042344e-03	 4.277417e+04	 4.273770e+04	 3.647454e+01	 0	 3.583787e+02	 8.752100e-03	 1.077018e+02	 2.209196e+02	 1.761311e+02	 
 2.389398e-01	 6.834423e-01	 -1.198695e-04	 9.037135e-02	 4.395159e+04	 43943	 8.588862e+00	 0	 9.150455e+01	 1.263592e-02	 1.714177e+02	 2.929025e+02	 1.268335e-02	 
 2.094293e-01	 7.057692e-01	 5.268464e-03	 8.069413e-02	 7.713645e+04	 7.823970e+04	 1.103252e+03	 1	 1.129450e+02	 1.161255e-03	 5.165506e+01	 3.138577e+01	 2.364554e+02	 
 1.776920e-01	 6.856203e-01	 1.801121e-03	 1.296804e-01	 7.802233e+04	 7.823970e+04	 2.173717e+02	 1	 1.153463e+02	 5.207089e-03	 5.377121e-03	 1.356460e+02	 5.919177e-01	 
 5.152765e-01	 -5.009666e-01	 4.793155e-04	 5.405793e-01	 6.476794e+04	 6.499420e+04	 2.262611e+02	 0	 1.334983e+03	 4.454107e-01	 4.452971e-01	 1.644807e+03	 7.836077e+02	 
 5.152765e-01	 -5.009666e-01	 4.793155e-04	 5.405793e-01	 6.476794e+04	 6.499420e+04	 2.262611e+02	 0	 1.334983e+03	 4.454107e-01	 4.452971e-01	 1.644807e+03	 7.836077e+02	 
 1.776920e-01	 6.856203e-01	 1.801121e-03	 1.296804e-01	 7.802233e+04	 7.823970e+04	 2.173717e+02	 1	 1.153463e+02	 5.207089e-03	 5.377121e-03	 1.356460e+02	 5.919177e-01	 
 3.576256e-01	 6.396836e-01	 8.532793e-03	 1.458075e-04	 4.151472e+04	 4.273770e+04	 1.222980e+03	 1	 1.458847e+03	 5.990109e-03	 4.401456e+01	 1.997022e+02	 1.226113e+01	 
 3.576256e-01	 6.396836e-01	 8.532793e-03	 1.458075e-04	 4.151472e+04	 4.273770e+04	 1.222980e+03	 1	 1.458847e+03	 5.990109e-03	 4.401456e+01	 1.997022e+02	 1.226113e+01	 
 1.776920e-01	 6.856203e-01	 1.801121e-03	 1.296804e-01	 7.802233e+04	 7.823970e+04	 2.173717e+02	 1	 1.153463e+02	 5.207089e-03	 5.377121e-03	 1.356460e+02	 5.919177e-01	 
 1.776920e-01	 6.856203e-01	 1.801121e-03	 1.296804e-01	 7.802233e+04	 7.823970e+04	 2.173717e+02	 1	 1.153463e+02	 5.207089e-03	 5.377121e-03	 1.356460e+02	 5.919177e-01	 
 1.828354e-01	 7.044622e-01	 2.328421e-03	 1.149445e-01	 7.821604e+04	 7.823970e+04	 2.366180e+01	 1	 7.342504e+01	 4.571246e-03	 1.118048e+02	 1.163430e+02	 5.585753e-02	 
 1.776920e-01	 6.856203e-01	 1.801121e-03	 1.296804e-01	 7.802233e+04	 7.823970e+04	 2.173717e+02	 1	 1.153463e+02	 5.207089e-03	 5.377121e-03	 1.356460e+02	 5.919177e-01	 
 3.576256e-01	 6.396836e-01	 8.532793e-03	 1.458075e-04	 4.151472e+04	 4.273770e+04	 1.222980e+03	 1	 1.458847e+03	 5.990109e-03	 4.401456e+01	 1.997022e+02	 1.226113e+01	 
 3.576256e-01	 6.396836e-01	 8.532793e-03	 1.458075e-04	 4.151472e+04	 4.273770e+04	 1.222980e+03	 1	 1.458847e+03	 5.990109e-03	 4.401456e+01	 1.997022e+02	 1.226113e+01	 
 1.776920e-01	 6.856203e-01	 1.801121e-03	 1.296804e-01	 7.802233e+04	 7.823970e+04	 2.173717e+02	 1	 1.153463e+02	 5.207089e-03	 5.377121e-03	 1.356460e+02	 5.919177e-01	 
 5.152765e-01	 -5.009666e-01	 4.793155e-04	 5.405793e-01	 6.476794e+04	 6.499420e+04	 2.262611e+02	 0	 1.334983e+03	 4.454107e-01	 4.452971e-01	 1.644807e+03	 7.836077e+02	 
 5.152765e-01	 -5.009666e-01	 4.793155e-04	 5.405793e-01	 6.476794e+04	 6.499420e+04	 2.262611e+02	 0	 1.334983e+03	 4.454107e-01	 4.452971e-01	 1.644807e+03	 7.836077e+02	 
 1.776920e-01	 6.856203e-01	 1.801121e-03	 1.296804e-01	 7.802233e+04	 7.823970e+04	 2.173717e+02	 1	 1.153463e+02	 5.207089e-03	 5.377121e-03	 1.356460e+02	 5.919177e-01	 
 3.146905e-01	 6.444477e-01	 -1.197624e-04	 5.211798e-02	 5.565481e+04	 5.563270e+04	 2.211414e+01	 0	 7.832271e+02	 1.114626e-02	 5.281317e+01	 2.536724e+02	 2.325278e+01	 
 3.146905e-01	 6.444477e-01	 -1.197624e-04	 5.211798e-02	 5.565481e+04	 5.563270e+04	 2.211414e+01	 0	 7.832271e+02	 1.114626e-02	 5.281317e+01	 2.536724e+02	 2.325278e+01	 
 1.776920e-01	 6.856203e-01	 1.801121e-03	 1.296804e-01	 7.802233e+04	 7.823970e+04	 2.173717e+02	 1	 1.153463e+02	 5.207089e-03	 5.377121e-03	 1.356460e+02	 5.919177e-01	 
 1.828354e-01	 7.044622e-01	 2.328421e-03	 1.149445e-01	 7.821604e+04	 7.823970e+04	 2.366180e+01	 1	 7.342504e+01	 4.571246e-03	 1.118048e+02	 1.163430e+02	 5.585753e-02	 
 1.821297e-01	 7.077399e-01	 2.520176e-03	 1.135529e-01	 7.824274e+04	 7.823970e+04	 3.037473e+00	 1	 7.418333e+01	 5.943829e-03	 1.086214e+02	 1.369896e+02	 1.397932e-01	 
 1.776920e-01	 6.856203e-01	 1.801121e-03	 1.296804e-01	 7.802233e+04	 7.823970e+04	 2.173717e+02	 1	 1.153463e+02	 5.207089e-03	 5.377121e-03	 1.356460e+02	 5.919177e-01	 
 5.152765e-01	 -5.009666e-01	 4.793155e-04	 5.405793e-01	 6.476794e+04	 6.499420e+04	 2.262611e+02	 0	 1.334983e+03	 4.454107e-01	 4.452971e-01	 1.644807e+03	 7.836077e+02	 
 5.152765e-01	 -5.009666e-01	 4.793155e-04	 5.405793e-01	 6.476794e+04	 6.499420e+04	 2.262611e+02	 0	 1.334983e+03	 4.454107e-01	 4.452971e-01	 1.644807e+03	 7.836077e+02	 
 1.776920e-01	 6.856203e-01	 1.801121e-03	 1.296804e-01	 7.802233e+04	 7.823970e+04	 2.173717e+02	 1	 1.153463e+02	 5.207089e-03	 5.377121e-03	 1.356460e+02	 5.919177e-01	 
 1.776920e-01	 6.856203e-01	 1.801121e-03	 1.296804e-01	 7.802233e+04	 7.823970e+04	 2.173717e+02	 1	 1.153463e+02	 5.207089e-03	 5.377121e-03	 1.356460e+02	 5.919177e-01	 
 1.835737e-01	 7.071668e-01	 2.404112e-03	 1.128292e-01	 7.824384e+04	 7.823970e+04	 4.144126e+00	 1	 7.251005e+01	 5.975018e-03	 1.090037e+02	 1.369248e+02	 1.437799e-01	 
 1.776920e-01	 6.856203e-01	 1.801121e-03	 1.296804e-01	 7.802233e+04	 7.823970e+04	 2.173717e+02	 1	 1.153463e+02	 5.207089e-03	 5.377121e-03	 1.356460e+02	 5.919177e-01	 
 1.776920e-01	 6.856203e-01	 1.801121e-03	 1.296804e-01	 7.802233e+04	 7.823970e+04	 2.173717e+02	 1	 1.153463e+02	 5.207089e-03	 5.377121e-03	 1.356460e+02	 5.919177e-01	 
 1.848266e-01	 7.060179e-01	 2.399782e-03	 1.125626e-01	 7.824605e+04	 7.823970e+04	 6.346545e+00	 1	 7.099157e+01	 5.808032e-03	 1.065245e+02	 1.343328e+02	 4.494870e-02	 
 