s	 e	 nS	 nE	 p	 f
0	 0	 0	 0	 0	 0	 
 82	 120	 2040	 131	 0	 -1909	 
 82	 120	 2040	 126	 0	 -1914	 
 82	 120	 2040	 131	 0	 -1909	 
 82	 120	 2040	 127	 0	 -1913	 
 82	 120	 2040	 132	 0	 -1908	 
 82	 120	 2040	 127	 0	 -1913	 
 82	 120	 2040	 139	 0	 -1901	 
 82	 120	 2040	 130	 0	 -1910	 
 82	 120	 2040	 129	 0	 -1911	 
 82	 120	 2040	 138	 0	 -1902	 
 82	 120	 2040	 128	 0	 -1912	 
 82	 120	 2040	 128	 0	 -1912	 
 82	 120	 2040	 126	 0	 -1914	 
 82	 120	 2040	 132	 0	 -1908	 
 82	 120	 2040	 139	 0	 -1901	 
 82	 120	 2040	 136	 0	 -1904	 
 82	 120	 2040	 128	 0	 -1912	 
 82	 120	 2040	 137	 0	 -1903	 
 82	 120	 2040	 131	 0	 -1909	 
 82	 120	 2040	 136	 0	 -1904	 
 82	 120	 2040	 136	 0	 -1904	 
 82	 120	 2040	 131	 0	 -1909	 
 82	 120	 2040	 124	 0	 -1916	 
 82	 120	 2040	 132	 0	 -1908	 
 82	 120	 2040	 128	 0	 -1912	 
 82	 120	 2040	 126	 0	 -1914	 
 82	 120	 2040	 125	 0	 -1915	 
 82	 120	 2040	 123	 0	 -1917	 
 82	 120	 2040	 124	 0	 -1916	 
 82	 120	 2040	 130	 0	 -1910	 
 82	 120	 2040	 129	 0	 -1911	 
 82	 120	 2040	 125	 0	 -1915	 
 82	 120	 2040	 121	 0	 -1919	 
 82	 120	 2040	 126	 0	 -1914	 
 82	 120	 2040	 135	 0	 -1905	 
 82	 120	 2040	 133	 0	 -1907	 
 82	 120	 2040	 138	 0	 -1902	 
 82	 120	 2040	 122	 0	 -1918	 
 82	 120	 2040	 126	 0	 -1914	 
 82	 120	 2040	 139	 0	 -1901	 
 82	 120	 2040	 128	 0	 -1912	 
 82	 120	 2040	 125	 0	 -1915	 
 82	 120	 2040	 137	 0	 -1903	 
 82	 120	 2040	 132	 0	 -1908	 
 82	 120	 2040	 135	 0	 -1905	 
 82	 120	 2040	 121	 0	 -1919	 
 82	 120	 2040	 128	 0	 -1912	 
 82	 120	 2040	 124	 0	 -1916	 
 82	 120	 2040	 138	 0	 -1902	 
 82	 120	 2040	 128	 0	 -1912	 
 82	 120	 2040	 132	 0	 -1908	 
 82	 120	 2040	 131	 0	 -1909	 
 82	 120	 2040	 124	 0	 -1916	 
 82	 120	 2040	 125	 0	 -1915	 
 82	 120	 2040	 131	 0	 -1909	 
 82	 120	 2040	 128	 0	 -1912	 
 82	 120	 2040	 126	 0	 -1914	 
 82	 120	 2040	 133	 0	 -1907	 
 82	 120	 2040	 135	 0	 -1905	 
 82	 120	 2040	 136	 0	 -1904	 
 82	 120	 2040	 123	 0	 -1917	 
 82	 120	 2040	 136	 0	 -1904	 
 82	 120	 2040	 130	 0	 -1910	 
 82	 120	 2040	 134	 0	 -1906	 
 82	 120	 2040	 126	 0	 -1914	 
 82	 120	 2040	 122	 0	 -1918	 
 82	 120	 2040	 133	 0	 -1907	 
 82	 120	 2040	 134	 0	 -1906	 
 82	 120	 2040	 136	 0	 -1904	 
 82	 120	 2040	 125	 0	 -1915	 
 82	 120	 2040	 137	 0	 -1903	 
 82	 120	 2040	 135	 0	 -1905	 
 82	 120	 2040	 137	 0	 -1903	 
 82	 120	 2040	 131	 0	 -1909	 
 82	 120	 2040	 121	 0	 -1919	 
 82	 120	 2040	 123	 0	 -1917	 
 82	 120	 2040	 137	 0	 -1903	 
 82	 120	 2040	 131	 0	 -1909	 
 82	 120	 2040	 135	 0	 -1905	 
 82	 120	 2040	 134	 0	 -1906	 
 82	 120	 2040	 126	 0	 -1914	 
 82	 120	 2040	 129	 0	 -1911	 
 82	 120	 2040	 134	 0	 -1906	 
 82	 120	 2040	 128	 0	 -1912	 
 82	 120	 2040	 130	 0	 -1910	 
 82	 120	 2040	 123	 0	 -1917	 
 82	 120	 2040	 125	 0	 -1915	 
 82	 120	 2040	 131	 0	 -1909	 
 82	 120	 2040	 135	 0	 -1905	 
 82	 120	 2040	 133	 0	 -1907	 
 82	 120	 2040	 131	 0	 -1909	 
 82	 120	 2040	 133	 0	 -1907	 
 82	 120	 2040	 129	 0	 -1911	 
 82	 120	 2040	 139	 0	 -1901	 
 82	 120	 2040	 135	 0	 -1905	 
 82	 120	 2040	 134	 0	 -1906	 
 82	 120	 2040	 121	 0	 -1919	 
 82	 120	 2040	 138	 0	 -1902	 
 82	 120	 2040	 130	 0	 -1910	 
 0	 0	 0	 0	 0	 0	 
 0	 0	 0	 0	 0	 0	 
 87	 111	 2040	 123	 1	 -1917	 
 87	 111	 2040	 115	 1	 -1925	 
 87	 111	 2040	 115	 1	 -1925	 
 87	 111	 2040	 123	 1	 -1917	 
 87	 111	 2040	 116	 1	 -1924	 
 87	 111	 2040	 112	 1	 -1928	 
 87	 111	 2040	 120	 1	 -1920	 
 87	 111	 2040	 121	 1	 -1919	 
 87	 111	 2040	 114	 1	 -1926	 
 87	 111	 2040	 116	 1	 -1924	 
 87	 111	 2040	 122	 1	 -1918	 
 87	 111	 2040	 117	 1	 -1923	 
 87	 111	 2040	 119	 1	 -1921	 
 87	 111	 2040	 116	 1	 -1924	 
 87	 111	 2040	 121	 1	 -1919	 
 87	 111	 2040	 113	 1	 -1927	 
 87	 111	 2040	 116	 1	 -1924	 
 87	 111	 2040	 114	 1	 -1926	 
 87	 111	 2040	 122	 1	 -1918	 
 87	 111	 2040	 118	 1	 -1922	 
 87	 111	 2040	 121	 1	 -1919	 
 87	 111	 2040	 118	 1	 -1922	 
 87	 111	 2040	 115	 1	 -1925	 
 87	 111	 2040	 117	 1	 -1923	 
 87	 111	 2040	 118	 1	 -1922	 
 87	 111	 2040	 113	 1	 -1927	 
 87	 111	 2040	 114	 1	 -1926	 
 87	 111	 2040	 121	 1	 -1919	 
 87	 111	 2040	 119	 1	 -1921	 
 87	 111	 2040	 124	 1	 -1916	 
 87	 111	 2040	 118	 1	 -1922	 
 87	 111	 2040	 118	 1	 -1922	 
 87	 111	 2040	 113	 1	 -1927	 
 87	 111	 2040	 115	 1	 -1925	 
 87	 111	 2040	 112	 1	 -1928	 
 87	 111	 2040	 121	 1	 -1919	 
 87	 111	 2040	 121	 1	 -1919	 
 87	 111	 2040	 123	 1	 -1917	 
 87	 111	 2040	 118	 1	 -1922	 
 87	 111	 2040	 120	 1	 -1920	 
 87	 111	 2040	 121	 1	 -1919	 
 87	 111	 2040	 116	 1	 -1924	 
 87	 111	 2040	 122	 1	 -1918	 
 87	 111	 2040	 113	 1	 -1927	 
 87	 111	 2040	 122	 1	 -1918	 
 87	 111	 2040	 117	 1	 -1923	 
 87	 111	 2040	 124	 1	 -1916	 
 87	 111	 2040	 122	 1	 -1918	 
 87	 111	 2040	 119	 1	 -1921	 
 87	 111	 2040	 123	 1	 -1917	 
 87	 111	 2040	 117	 1	 -1923	 
 87	 111	 2040	 120	 1	 -1920	 
 87	 111	 2040	 119	 1	 -1921	 
 87	 111	 2040	 122	 1	 -1918	 
 87	 111	 2040	 120	 1	 -1920	 
 87	 111	 2040	 113	 1	 -1927	 
 87	 111	 2040	 115	 1	 -1925	 
 87	 111	 2040	 114	 1	 -1926	 
 87	 111	 2040	 122	 1	 -1918	 
 87	 111	 2040	 112	 1	 -1928	 
 87	 111	 2040	 120	 1	 -1920	 
 87	 111	 2040	 117	 1	 -1923	 
 87	 111	 2040	 122	 1	 -1918	 
 87	 111	 2040	 124	 1	 -1916	 
 87	 111	 2040	 123	 1	 -1917	 
 87	 111	 2040	 117	 1	 -1923	 
 87	 111	 2040	 123	 1	 -1917	 
 87	 111	 2040	 112	 1	 -1928	 
 87	 111	 2040	 113	 1	 -1927	 
 87	 111	 2040	 118	 1	 -1922	 
 87	 111	 2040	 113	 1	 -1927	 
 87	 111	 2040	 123	 1	 -1917	 
 87	 111	 2040	 118	 1	 -1922	 
 87	 111	 2040	 119	 1	 -1921	 
 87	 111	 2040	 121	 1	 -1919	 
 87	 111	 2040	 115	 1	 -1925	 
 87	 111	 2040	 112	 1	 -1928	 
 87	 111	 2040	 119	 1	 -1921	 
 87	 111	 2040	 114	 1	 -1926	 
 87	 111	 2040	 114	 1	 -1926	 
 87	 111	 2040	 117	 1	 -1923	 
 87	 111	 2040	 118	 1	 -1922	 
 87	 111	 2040	 113	 1	 -1927	 
 87	 111	 2040	 124	 1	 -1916	 
 87	 111	 2040	 117	 1	 -1923	 
 87	 111	 2040	 113	 1	 -1927	 
 87	 111	 2040	 117	 1	 -1923	 
 87	 111	 2040	 122	 1	 -1918	 
 87	 111	 2040	 124	 1	 -1916	 
 87	 111	 2040	 122	 1	 -1918	 
 87	 111	 2040	 122	 1	 -1918	 
 87	 111	 2040	 113	 1	 -1927	 
 87	 111	 2040	 117	 1	 -1923	 
 87	 111	 2040	 114	 1	 -1926	 
 87	 111	 2040	 121	 1	 -1919	 
 87	 111	 2040	 123	 1	 -1917	 
 87	 111	 2040	 122	 1	 -1918	 
 87	 111	 2040	 116	 1	 -1924	 
 87	 111	 2040	 117	 1	 -1923	 
 0	 0	 0	 0	 0	 0	 
 0	 0	 0	 0	 0	 0	 
 82	 120	 2040	 132	 0	 -1908	 
 82	 120	 2040	 136	 0	 -1904	 
 82	 120	 2040	 136	 0	 -1904	 
 82	 120	 2040	 132	 0	 -1908	 
 82	 120	 2040	 125	 0	 -1915	 
 82	 120	 2040	 122	 0	 -1918	 
 82	 120	 2040	 130	 0	 -1910	 
 82	 120	 2040	 127	 0	 -1913	 
 82	 120	 2040	 134	 0	 -1906	 
 82	 120	 2040	 126	 0	 -1914	 
 82	 120	 2040	 125	 0	 -1915	 
 82	 120	 2040	 133	 0	 -1907	 
 82	 120	 2040	 140	 0	 -1900	 
 82	 120	 2040	 135	 0	 -1905	 
 82	 120	 2040	 126	 0	 -1914	 
 82	 120	 2040	 124	 0	 -1916	 
 82	 120	 2040	 131	 0	 -1909	 
 82	 120	 2040	 122	 0	 -1918	 
 82	 120	 2040	 121	 0	 -1919	 
 82	 120	 2040	 122	 0	 -1918	 
 82	 120	 2040	 135	 0	 -1905	 
 82	 120	 2040	 125	 0	 -1915	 
 82	 120	 2040	 128	 0	 -1912	 
 82	 120	 2040	 123	 0	 -1917	 
 82	 120	 2040	 139	 0	 -1901	 
 82	 120	 2040	 122	 0	 -1918	 
 82	 120	 2040	 137	 0	 -1903	 
 82	 120	 2040	 137	 0	 -1903	 
 82	 120	 2040	 137	 0	 -1903	 
 82	 120	 2040	 131	 0	 -1909	 
 82	 120	 2040	 139	 0	 -1901	 
 82	 120	 2040	 125	 0	 -1915	 
 82	 120	 2040	 127	 0	 -1913	 
 82	 120	 2040	 137	 0	 -1903	 
 82	 120	 2040	 121	 0	 -1919	 
 82	 120	 2040	 123	 0	 -1917	 
 82	 120	 2040	 130	 0	 -1910	 
 82	 120	 2040	 124	 0	 -1916	 
 82	 120	 2040	 130	 0	 -1910	 
 82	 120	 2040	 133	 0	 -1907	 
 82	 120	 2040	 132	 0	 -1908	 
 82	 120	 2040	 124	 0	 -1916	 
 82	 120	 2040	 136	 0	 -1904	 
 82	 120	 2040	 129	 0	 -1911	 
 82	 120	 2040	 133	 0	 -1907	 
 82	 120	 2040	 138	 0	 -1902	 
 82	 120	 2040	 136	 0	 -1904	 
 82	 120	 2040	 139	 0	 -1901	 
 82	 120	 2040	 132	 0	 -1908	 
 82	 120	 2040	 124	 0	 -1916	 
 82	 120	 2040	 126	 0	 -1914	 
 82	 120	 2040	 131	 0	 -1909	 
 82	 120	 2040	 128	 0	 -1912	 
 82	 120	 2040	 138	 0	 -1902	 
 82	 120	 2040	 130	 0	 -1910	 
 82	 120	 2040	 134	 0	 -1906	 
 82	 120	 2040	 137	 0	 -1903	 
 82	 120	 2040	 136	 0	 -1904	 
 82	 120	 2040	 131	 0	 -1909	 
 82	 120	 2040	 139	 0	 -1901	 
 82	 120	 2040	 132	 0	 -1908	 
 82	 120	 2040	 135	 0	 -1905	 
 82	 120	 2040	 122	 0	 -1918	 
 82	 120	 2040	 123	 0	 -1917	 
 82	 120	 2040	 129	 0	 -1911	 
 82	 120	 2040	 137	 0	 -1903	 
 82	 120	 2040	 137	 0	 -1903	 
 82	 120	 2040	 134	 0	 -1906	 
 82	 120	 2040	 128	 0	 -1912	 
 82	 120	 2040	 139	 0	 -1901	 
 82	 120	 2040	 132	 0	 -1908	 
 82	 120	 2040	 131	 0	 -1909	 
 82	 120	 2040	 132	 0	 -1908	 
 82	 120	 2040	 123	 0	 -1917	 
 82	 120	 2040	 134	 0	 -1906	 
 82	 120	 2040	 121	 0	 -1919	 
 82	 120	 2040	 136	 0	 -1904	 
 82	 120	 2040	 131	 0	 -1909	 
 82	 120	 2040	 139	 0	 -1901	 
 82	 120	 2040	 131	 0	 -1909	 
 82	 120	 2040	 138	 0	 -1902	 
 82	 120	 2040	 128	 0	 -1912	 
 82	 120	 2040	 138	 0	 -1902	 
 82	 120	 2040	 139	 0	 -1901	 
 82	 120	 2040	 122	 0	 -1918	 
 82	 120	 2040	 136	 0	 -1904	 
 82	 120	 2040	 138	 0	 -1902	 
 82	 120	 2040	 135	 0	 -1905	 
 82	 120	 2040	 134	 0	 -1906	 
 82	 120	 2040	 140	 0	 -1900	 
 82	 120	 2040	 131	 0	 -1909	 
 82	 120	 2040	 140	 0	 -1900	 
 82	 120	 2040	 127	 0	 -1913	 
 82	 120	 2040	 138	 0	 -1902	 
 82	 120	 2040	 137	 0	 -1903	 
 82	 120	 2040	 121	 0	 -1919	 
 82	 120	 2040	 132	 0	 -1908	 
 82	 120	 2040	 137	 0	 -1903	 
 82	 120	 2040	 125	 0	 -1915	 
 0	 0	 0	 0	 0	 0	 
 0	 0	 0	 0	 0	 0	 
 60	 84	 2040	 87	 1	 -1953	 
 60	 84	 2040	 95	 1	 -1945	 
 60	 84	 2040	 95	 1	 -1945	 
 60	 84	 2040	 93	 1	 -1947	 
 60	 84	 2040	 88	 1	 -1952	 
 60	 84	 2040	 94	 1	 -1946	 
 60	 84	 2040	 87	 1	 -1953	 
 60	 84	 2040	 87	 1	 -1953	 
 60	 84	 2040	 92	 1	 -1948	 
 60	 84	 2040	 89	 1	 -1951	 
 60	 84	 2040	 94	 1	 -1946	 
 60	 84	 2040	 87	 1	 -1953	 
 60	 84	 2040	 91	 1	 -1949	 
 60	 84	 2040	 96	 1	 -1944	 
 60	 84	 2040	 96	 1	 -1944	 
 60	 84	 2040	 94	 1	 -1946	 
 60	 84	 2040	 96	 1	 -1944	 
 60	 84	 2040	 88	 1	 -1952	 
 60	 84	 2040	 93	 1	 -1947	 
 60	 84	 2040	 91	 1	 -1949	 
 60	 84	 2040	 89	 1	 -1951	 
 60	 84	 2040	 94	 1	 -1946	 
 60	 84	 2040	 93	 1	 -1947	 
 60	 84	 2040	 91	 1	 -1949	 
 60	 84	 2040	 88	 1	 -1952	 
 60	 84	 2040	 91	 1	 -1949	 
 60	 84	 2040	 89	 1	 -1951	 
 60	 84	 2040	 96	 1	 -1944	 
 60	 84	 2040	 86	 1	 -1954	 
 60	 84	 2040	 92	 1	 -1948	 
 60	 84	 2040	 85	 1	 -1955	 
 60	 84	 2040	 94	 1	 -1946	 
 60	 84	 2040	 85	 1	 -1955	 
 60	 84	 2040	 87	 1	 -1953	 
 60	 84	 2040	 92	 1	 -1948	 
 60	 84	 2040	 91	 1	 -1949	 
 60	 84	 2040	 93	 1	 -1947	 
 60	 84	 2040	 95	 1	 -1945	 
 60	 84	 2040	 85	 1	 -1955	 
 60	 84	 2040	 89	 1	 -1951	 
 60	 84	 2040	 88	 1	 -1952	 
 60	 84	 2040	 92	 1	 -1948	 
 60	 84	 2040	 87	 1	 -1953	 
 60	 84	 2040	 90	 1	 -1950	 
 60	 84	 2040	 93	 1	 -1947	 
 60	 84	 2040	 96	 1	 -1944	 
 60	 84	 2040	 89	 1	 -1951	 
 60	 84	 2040	 97	 1	 -1943	 
 60	 84	 2040	 95	 1	 -1945	 
 60	 84	 2040	 92	 1	 -1948	 
 60	 84	 2040	 94	 1	 -1946	 
 60	 84	 2040	 86	 1	 -1954	 
 60	 84	 2040	 93	 1	 -1947	 
 60	 84	 2040	 90	 1	 -1950	 
 60	 84	 2040	 93	 1	 -1947	 
 60	 84	 2040	 91	 1	 -1949	 
 60	 84	 2040	 97	 1	 -1943	 
 60	 84	 2040	 88	 1	 -1952	 
 60	 84	 2040	 94	 1	 -1946	 
 60	 84	 2040	 95	 1	 -1945	 
 60	 84	 2040	 94	 1	 -1946	 
 60	 84	 2040	 95	 1	 -1945	 
 60	 84	 2040	 90	 1	 -1950	 
 60	 84	 2040	 85	 1	 -1955	 
 60	 84	 2040	 89	 1	 -1951	 
 60	 84	 2040	 93	 1	 -1947	 
 60	 84	 2040	 85	 1	 -1955	 
 60	 84	 2040	 96	 1	 -1944	 
 60	 84	 2040	 92	 1	 -1948	 
 60	 84	 2040	 92	 1	 -1948	 
 60	 84	 2040	 96	 1	 -1944	 
 60	 84	 2040	 94	 1	 -1946	 
 60	 84	 2040	 95	 1	 -1945	 
 60	 84	 2040	 97	 1	 -1943	 
 60	 84	 2040	 90	 1	 -1950	 
 60	 84	 2040	 91	 1	 -1949	 
 60	 84	 2040	 91	 1	 -1949	 
 60	 84	 2040	 85	 1	 -1955	 
 60	 84	 2040	 92	 1	 -1948	 
 60	 84	 2040	 92	 1	 -1948	 
 60	 84	 2040	 91	 1	 -1949	 
 60	 84	 2040	 87	 1	 -1953	 
 60	 84	 2040	 92	 1	 -1948	 
 60	 84	 2040	 86	 1	 -1954	 
 60	 84	 2040	 91	 1	 -1949	 
 60	 84	 2040	 93	 1	 -1947	 
 60	 84	 2040	 94	 1	 -1946	 
 60	 84	 2040	 92	 1	 -1948	 
 60	 84	 2040	 95	 1	 -1945	 
 60	 84	 2040	 95	 1	 -1945	 
 60	 84	 2040	 88	 1	 -1952	 
 60	 84	 2040	 85	 1	 -1955	 
 60	 84	 2040	 93	 1	 -1947	 
 60	 84	 2040	 96	 1	 -1944	 
 60	 84	 2040	 90	 1	 -1950	 
 60	 84	 2040	 91	 1	 -1949	 
 60	 84	 2040	 95	 1	 -1945	 
 60	 84	 2040	 93	 1	 -1947	 
 60	 84	 2040	 90	 1	 -1950	 
 0	 0	 0	 0	 0	 0	 
 0	 0	 0	 0	 0	 0	 
 82	 120	 2040	 132	 0	 -1908	 
 82	 120	 2040	 125	 0	 -1915	 
 82	 120	 2040	 127	 0	 -1913	 
 82	 120	 2040	 122	 0	 -1918	 
 82	 120	 2040	 128	 0	 -1912	 
 82	 120	 2040	 129	 0	 -1911	 
 82	 120	 2040	 137	 0	 -1903	 
 82	 120	 2040	 134	 0	 -1906	 
 82	 120	 2040	 133	 0	 -1907	 
 82	 120	 2040	 129	 0	 -1911	 
 82	 120	 2040	 139	 0	 -1901	 
 82	 120	 2040	 122	 0	 -1918	 
 82	 120	 2040	 130	 0	 -1910	 
 82	 120	 2040	 123	 0	 -1917	 
 82	 120	 2040	 126	 0	 -1914	 
 82	 120	 2040	 139	 0	 -1901	 
 82	 120	 2040	 136	 0	 -1904	 
 82	 120	 2040	 126	 0	 -1914	 
 82	 120	 2040	 129	 0	 -1911	 
 82	 120	 2040	 128	 0	 -1912	 
 82	 120	 2040	 133	 0	 -1907	 
 82	 120	 2040	 126	 0	 -1914	 
 82	 120	 2040	 126	 0	 -1914	 
 82	 120	 2040	 121	 0	 -1919	 
 82	 120	 2040	 134	 0	 -1906	 
 82	 120	 2040	 140	 0	 -1900	 
 82	 120	 2040	 137	 0	 -1903	 
 82	 120	 2040	 121	 0	 -1919	 
 82	 120	 2040	 123	 0	 -1917	 
 82	 120	 2040	 136	 0	 -1904	 
 82	 120	 2040	 136	 0	 -1904	 
 82	 120	 2040	 134	 0	 -1906	 
 82	 120	 2040	 134	 0	 -1906	 
 82	 120	 2040	 136	 0	 -1904	 
 82	 120	 2040	 138	 0	 -1902	 
 82	 120	 2040	 125	 0	 -1915	 
 82	 120	 2040	 132	 0	 -1908	 
 82	 120	 2040	 127	 0	 -1913	 
 82	 120	 2040	 127	 0	 -1913	 
 82	 120	 2040	 129	 0	 -1911	 
 82	 120	 2040	 131	 0	 -1909	 
 82	 120	 2040	 135	 0	 -1905	 
 82	 120	 2040	 135	 0	 -1905	 
 82	 120	 2040	 137	 0	 -1903	 
 82	 120	 2040	 138	 0	 -1902	 
 82	 120	 2040	 131	 0	 -1909	 
 82	 120	 2040	 122	 0	 -1918	 
 82	 120	 2040	 138	 0	 -1902	 
 82	 120	 2040	 128	 0	 -1912	 
 82	 120	 2040	 127	 0	 -1913	 
 82	 120	 2040	 125	 0	 -1915	 
 82	 120	 2040	 124	 0	 -1916	 
 82	 120	 2040	 123	 0	 -1917	 
 82	 120	 2040	 130	 0	 -1910	 
 82	 120	 2040	 132	 0	 -1908	 
 82	 120	 2040	 122	 0	 -1918	 
 82	 120	 2040	 123	 0	 -1917	 
 82	 120	 2040	 139	 0	 -1901	 
 82	 120	 2040	 129	 0	 -1911	 
 82	 120	 2040	 121	 0	 -1919	 
 82	 120	 2040	 121	 0	 -1919	 
 82	 120	 2040	 121	 0	 -1919	 
 82	 120	 2040	 127	 0	 -1913	 
 82	 120	 2040	 123	 0	 -1917	 
 82	 120	 2040	 133	 0	 -1907	 
 82	 120	 2040	 133	 0	 -1907	 
 82	 120	 2040	 122	 0	 -1918	 
 82	 120	 2040	 139	 0	 -1901	 
 82	 120	 2040	 135	 0	 -1905	 
 82	 120	 2040	 139	 0	 -1901	 
 82	 120	 2040	 130	 0	 -1910	 
 82	 120	 2040	 125	 0	 -1915	 
 82	 120	 2040	 132	 0	 -1908	 
 82	 120	 2040	 127	 0	 -1913	 
 82	 120	 2040	 131	 0	 -1909	 
 82	 120	 2040	 130	 0	 -1910	 
 82	 120	 2040	 126	 0	 -1914	 
 82	 120	 2040	 133	 0	 -1907	 
 82	 120	 2040	 139	 0	 -1901	 
 82	 120	 2040	 132	 0	 -1908	 
 82	 120	 2040	 132	 0	 -1908	 
 82	 120	 2040	 135	 0	 -1905	 
 82	 120	 2040	 123	 0	 -1917	 
 82	 120	 2040	 136	 0	 -1904	 
 82	 120	 2040	 127	 0	 -1913	 
 82	 120	 2040	 136	 0	 -1904	 
 82	 120	 2040	 135	 0	 -1905	 
 82	 120	 2040	 134	 0	 -1906	 
 82	 120	 2040	 135	 0	 -1905	 
 82	 120	 2040	 123	 0	 -1917	 
 82	 120	 2040	 122	 0	 -1918	 
 82	 120	 2040	 122	 0	 -1918	 
 82	 120	 2040	 122	 0	 -1918	 
 82	 120	 2040	 123	 0	 -1917	 
 82	 120	 2040	 136	 0	 -1904	 
 82	 120	 2040	 129	 0	 -1911	 
 82	 120	 2040	 129	 0	 -1911	 
 82	 120	 2040	 136	 0	 -1904	 
 82	 120	 2040	 138	 0	 -1902	 
 0	 0	 0	 0	 0	 0	 
 0	 0	 0	 0	 0	 0	 
 60	 84	 2040	 94	 1	 -1946	 
 60	 84	 2040	 88	 1	 -1952	 
 60	 84	 2040	 95	 1	 -1945	 
 60	 84	 2040	 86	 1	 -1954	 
 60	 84	 2040	 95	 1	 -1945	 
 60	 84	 2040	 88	 1	 -1952	 
 60	 84	 2040	 91	 1	 -1949	 
 60	 84	 2040	 92	 1	 -1948	 
 60	 84	 2040	 92	 1	 -1948	 
 60	 84	 2040	 94	 1	 -1946	 
 60	 84	 2040	 91	 1	 -1949	 
 60	 84	 2040	 90	 1	 -1950	 
 60	 84	 2040	 92	 1	 -1948	 
 60	 84	 2040	 96	 1	 -1944	 
 60	 84	 2040	 85	 1	 -1955	 
 60	 84	 2040	 87	 1	 -1953	 
 60	 84	 2040	 89	 1	 -1951	 
 60	 84	 2040	 90	 1	 -1950	 
 60	 84	 2040	 95	 1	 -1945	 
 60	 84	 2040	 85	 1	 -1955	 
 60	 84	 2040	 96	 1	 -1944	 
 60	 84	 2040	 94	 1	 -1946	 
 60	 84	 2040	 92	 1	 -1948	 
 60	 84	 2040	 95	 1	 -1945	 
 60	 84	 2040	 91	 1	 -1949	 
 60	 84	 2040	 88	 1	 -1952	 
 60	 84	 2040	 91	 1	 -1949	 
 60	 84	 2040	 95	 1	 -1945	 
 60	 84	 2040	 85	 1	 -1955	 
 60	 84	 2040	 92	 1	 -1948	 
 60	 84	 2040	 85	 1	 -1955	 
 60	 84	 2040	 90	 1	 -1950	 
 60	 84	 2040	 89	 1	 -1951	 
 60	 84	 2040	 85	 1	 -1955	 
 60	 84	 2040	 95	 1	 -1945	 
 60	 84	 2040	 92	 1	 -1948	 
 60	 84	 2040	 93	 1	 -1947	 
 60	 84	 2040	 87	 1	 -1953	 
 60	 84	 2040	 95	 1	 -1945	 
 60	 84	 2040	 96	 1	 -1944	 
 60	 84	 2040	 85	 1	 -1955	 
 60	 84	 2040	 93	 1	 -1947	 
 60	 84	 2040	 90	 1	 -1950	 
 60	 84	 2040	 89	 1	 -1951	 
 60	 84	 2040	 87	 1	 -1953	 
 60	 84	 2040	 92	 1	 -1948	 
 60	 84	 2040	 85	 1	 -1955	 
 60	 84	 2040	 88	 1	 -1952	 
 60	 84	 2040	 88	 1	 -1952	 
 60	 84	 2040	 93	 1	 -1947	 
 60	 84	 2040	 90	 1	 -1950	 
 60	 84	 2040	 89	 1	 -1951	 
 60	 84	 2040	 86	 1	 -1954	 
 60	 84	 2040	 96	 1	 -1944	 
 60	 84	 2040	 87	 1	 -1953	 
 60	 84	 2040	 96	 1	 -1944	 
 60	 84	 2040	 95	 1	 -1945	 
 60	 84	 2040	 90	 1	 -1950	 
 60	 84	 2040	 85	 1	 -1955	 
 60	 84	 2040	 87	 1	 -1953	 
 60	 84	 2040	 97	 1	 -1943	 
 60	 84	 2040	 85	 1	 -1955	 
 60	 84	 2040	 97	 1	 -1943	 
 60	 84	 2040	 86	 1	 -1954	 
 60	 84	 2040	 85	 1	 -1955	 
 60	 84	 2040	 97	 1	 -1943	 
 60	 84	 2040	 96	 1	 -1944	 
 60	 84	 2040	 90	 1	 -1950	 
 60	 84	 2040	 94	 1	 -1946	 
 60	 84	 2040	 85	 1	 -1955	 
 60	 84	 2040	 94	 1	 -1946	 
 60	 84	 2040	 94	 1	 -1946	 
 60	 84	 2040	 92	 1	 -1948	 
 60	 84	 2040	 85	 1	 -1955	 
 60	 84	 2040	 92	 1	 -1948	 
 60	 84	 2040	 90	 1	 -1950	 
 60	 84	 2040	 96	 1	 -1944	 
 60	 84	 2040	 97	 1	 -1943	 
 60	 84	 2040	 93	 1	 -1947	 
 60	 84	 2040	 94	 1	 -1946	 
 60	 84	 2040	 85	 1	 -1955	 
 60	 84	 2040	 86	 1	 -1954	 
 60	 84	 2040	 91	 1	 -1949	 
 60	 84	 2040	 97	 1	 -1943	 
 60	 84	 2040	 96	 1	 -1944	 
 60	 84	 2040	 88	 1	 -1952	 
 60	 84	 2040	 90	 1	 -1950	 
 60	 84	 2040	 91	 1	 -1949	 
 60	 84	 2040	 95	 1	 -1945	 
 60	 84	 2040	 90	 1	 -1950	 
 60	 84	 2040	 93	 1	 -1947	 
 60	 84	 2040	 91	 1	 -1949	 
 60	 84	 2040	 86	 1	 -1954	 
 60	 84	 2040	 95	 1	 -1945	 
 60	 84	 2040	 87	 1	 -1953	 
 60	 84	 2040	 90	 1	 -1950	 
 60	 84	 2040	 90	 1	 -1950	 
 60	 84	 2040	 88	 1	 -1952	 
 60	 84	 2040	 92	 1	 -1948	 
 0	 0	 0	 0	 0	 0	 
 0	 0	 0	 0	 0	 0	 
 82	 120	 2040	 132	 0	 -1908	 
 82	 120	 2040	 127	 0	 -1913	 
 82	 120	 2040	 131	 0	 -1909	 
 82	 120	 2040	 137	 0	 -1903	 
 82	 120	 2040	 123	 0	 -1917	 
 82	 120	 2040	 128	 0	 -1912	 
 82	 120	 2040	 139	 0	 -1901	 
 82	 120	 2040	 133	 0	 -1907	 
 82	 120	 2040	 132	 0	 -1908	 
 82	 120	 2040	 124	 0	 -1916	 
 82	 120	 2040	 124	 0	 -1916	 
 82	 120	 2040	 126	 0	 -1914	 
 82	 120	 2040	 133	 0	 -1907	 
 82	 120	 2040	 124	 0	 -1916	 
 82	 120	 2040	 126	 0	 -1914	 
 82	 120	 2040	 127	 0	 -1913	 
 82	 120	 2040	 136	 0	 -1904	 
 82	 120	 2040	 129	 0	 -1911	 
 82	 120	 2040	 122	 0	 -1918	 
 82	 120	 2040	 124	 0	 -1916	 
 82	 120	 2040	 134	 0	 -1906	 
 82	 120	 2040	 136	 0	 -1904	 
 82	 120	 2040	 121	 0	 -1919	 
 82	 120	 2040	 137	 0	 -1903	 
 82	 120	 2040	 134	 0	 -1906	 
 82	 120	 2040	 140	 0	 -1900	 
 82	 120	 2040	 138	 0	 -1902	 
 82	 120	 2040	 133	 0	 -1907	 
 82	 120	 2040	 124	 0	 -1916	 
 82	 120	 2040	 136	 0	 -1904	 
 82	 120	 2040	 140	 0	 -1900	 
 82	 120	 2040	 129	 0	 -1911	 
 82	 120	 2040	 140	 0	 -1900	 
 82	 120	 2040	 125	 0	 -1915	 
 82	 120	 2040	 132	 0	 -1908	 
 82	 120	 2040	 136	 0	 -1904	 
 82	 120	 2040	 123	 0	 -1917	 
 82	 120	 2040	 134	 0	 -1906	 
 82	 120	 2040	 127	 0	 -1913	 
 82	 120	 2040	 136	 0	 -1904	 
 82	 120	 2040	 132	 0	 -1908	 
 82	 120	 2040	 122	 0	 -1918	 
 82	 120	 2040	 128	 0	 -1912	 
 82	 120	 2040	 140	 0	 -1900	 
 82	 120	 2040	 122	 0	 -1918	 
 82	 120	 2040	 138	 0	 -1902	 
 82	 120	 2040	 132	 0	 -1908	 
 82	 120	 2040	 133	 0	 -1907	 
 82	 120	 2040	 123	 0	 -1917	 
 82	 120	 2040	 126	 0	 -1914	 
 82	 120	 2040	 132	 0	 -1908	 
 82	 120	 2040	 138	 0	 -1902	 
 82	 120	 2040	 128	 0	 -1912	 
 82	 120	 2040	 133	 0	 -1907	 
 82	 120	 2040	 125	 0	 -1915	 
 82	 120	 2040	 135	 0	 -1905	 
 82	 120	 2040	 134	 0	 -1906	 
 82	 120	 2040	 124	 0	 -1916	 
 82	 120	 2040	 137	 0	 -1903	 
 82	 120	 2040	 135	 0	 -1905	 
 82	 120	 2040	 129	 0	 -1911	 
 82	 120	 2040	 140	 0	 -1900	 
 82	 120	 2040	 121	 0	 -1919	 
 82	 120	 2040	 132	 0	 -1908	 
 82	 120	 2040	 136	 0	 -1904	 
 82	 120	 2040	 129	 0	 -1911	 
 82	 120	 2040	 123	 0	 -1917	 
 82	 120	 2040	 129	 0	 -1911	 
 82	 120	 2040	 136	 0	 -1904	 
 82	 120	 2040	 125	 0	 -1915	 
 82	 120	 2040	 139	 0	 -1901	 
 82	 120	 2040	 122	 0	 -1918	 
 82	 120	 2040	 139	 0	 -1901	 
 82	 120	 2040	 138	 0	 -1902	 
 82	 120	 2040	 134	 0	 -1906	 
 82	 120	 2040	 133	 0	 -1907	 
 82	 120	 2040	 123	 0	 -1917	 
 82	 120	 2040	 134	 0	 -1906	 
 82	 120	 2040	 139	 0	 -1901	 
 82	 120	 2040	 138	 0	 -1902	 
 82	 120	 2040	 126	 0	 -1914	 
 82	 120	 2040	 123	 0	 -1917	 
 82	 120	 2040	 123	 0	 -1917	 
 82	 120	 2040	 134	 0	 -1906	 
 82	 120	 2040	 137	 0	 -1903	 
 82	 120	 2040	 137	 0	 -1903	 
 82	 120	 2040	 134	 0	 -1906	 
 82	 120	 2040	 129	 0	 -1911	 
 82	 120	 2040	 124	 0	 -1916	 
 82	 120	 2040	 124	 0	 -1916	 
 82	 120	 2040	 138	 0	 -1902	 
 82	 120	 2040	 139	 0	 -1901	 
 82	 120	 2040	 140	 0	 -1900	 
 82	 120	 2040	 136	 0	 -1904	 
 82	 120	 2040	 130	 0	 -1910	 
 82	 120	 2040	 121	 0	 -1919	 
 82	 120	 2040	 139	 0	 -1901	 
 82	 120	 2040	 136	 0	 -1904	 
 82	 120	 2040	 121	 0	 -1919	 
 0	 0	 0	 0	 0	 0	 
 0	 0	 0	 0	 0	 0	 
 84	 114	 2040	 128	 0	 -1912	 
 84	 114	 2040	 124	 0	 -1916	 
 84	 114	 2040	 122	 0	 -1918	 
 84	 114	 2040	 123	 0	 -1917	 
 84	 114	 2040	 116	 0	 -1924	 
 84	 114	 2040	 116	 0	 -1924	 
 84	 114	 2040	 118	 0	 -1922	 
 84	 114	 2040	 122	 0	 -1918	 
 84	 114	 2040	 115	 0	 -1925	 
 84	 114	 2040	 129	 0	 -1911	 
 84	 114	 2040	 129	 0	 -1911	 
 84	 114	 2040	 127	 0	 -1913	 
 84	 114	 2040	 118	 0	 -1922	 
 84	 114	 2040	 122	 0	 -1918	 
 84	 114	 2040	 129	 0	 -1911	 
 84	 114	 2040	 125	 0	 -1915	 
 84	 114	 2040	 118	 0	 -1922	 
 84	 114	 2040	 116	 0	 -1924	 
 84	 114	 2040	 123	 0	 -1917	 
 84	 114	 2040	 127	 0	 -1913	 
 84	 114	 2040	 129	 0	 -1911	 
 84	 114	 2040	 124	 0	 -1916	 
 84	 114	 2040	 129	 0	 -1911	 
 84	 114	 2040	 117	 0	 -1923	 
 84	 114	 2040	 122	 0	 -1918	 
 84	 114	 2040	 123	 0	 -1917	 
 84	 114	 2040	 124	 0	 -1916	 
 84	 114	 2040	 115	 0	 -1925	 
 84	 114	 2040	 123	 0	 -1917	 
 84	 114	 2040	 125	 0	 -1915	 
 84	 114	 2040	 128	 0	 -1912	 
 84	 114	 2040	 124	 0	 -1916	 
 84	 114	 2040	 121	 0	 -1919	 
 84	 114	 2040	 124	 0	 -1916	 
 84	 114	 2040	 125	 0	 -1915	 
 84	 114	 2040	 119	 0	 -1921	 
 84	 114	 2040	 118	 0	 -1922	 
 84	 114	 2040	 121	 0	 -1919	 
 84	 114	 2040	 127	 0	 -1913	 
 84	 114	 2040	 119	 0	 -1921	 
 84	 114	 2040	 121	 0	 -1919	 
 84	 114	 2040	 117	 0	 -1923	 
 84	 114	 2040	 120	 0	 -1920	 
 84	 114	 2040	 121	 0	 -1919	 
 84	 114	 2040	 128	 0	 -1912	 
 84	 114	 2040	 124	 0	 -1916	 
 84	 114	 2040	 119	 0	 -1921	 
 84	 114	 2040	 119	 0	 -1921	 
 84	 114	 2040	 115	 0	 -1925	 
 84	 114	 2040	 127	 0	 -1913	 
 84	 114	 2040	 121	 0	 -1919	 
 84	 114	 2040	 128	 0	 -1912	 
 84	 114	 2040	 125	 0	 -1915	 
 84	 114	 2040	 124	 0	 -1916	 
 84	 114	 2040	 126	 0	 -1914	 
 84	 114	 2040	 116	 0	 -1924	 
 84	 114	 2040	 129	 0	 -1911	 
 84	 114	 2040	 127	 0	 -1913	 
 84	 114	 2040	 126	 0	 -1914	 
 84	 114	 2040	 117	 0	 -1923	 
 84	 114	 2040	 130	 0	 -1910	 
 84	 114	 2040	 119	 0	 -1921	 
 84	 114	 2040	 122	 0	 -1918	 
 84	 114	 2040	 116	 0	 -1924	 
 84	 114	 2040	 128	 0	 -1912	 
 84	 114	 2040	 129	 0	 -1911	 
 84	 114	 2040	 115	 0	 -1925	 
 84	 114	 2040	 119	 0	 -1921	 
 84	 114	 2040	 124	 0	 -1916	 
 84	 114	 2040	 128	 0	 -1912	 
 84	 114	 2040	 117	 0	 -1923	 
 84	 114	 2040	 126	 0	 -1914	 
 84	 114	 2040	 116	 0	 -1924	 
 84	 114	 2040	 119	 0	 -1921	 
 84	 114	 2040	 120	 0	 -1920	 
 84	 114	 2040	 130	 0	 -1910	 
 84	 114	 2040	 121	 0	 -1919	 
 84	 114	 2040	 128	 0	 -1912	 
 84	 114	 2040	 124	 0	 -1916	 
 84	 114	 2040	 115	 0	 -1925	 
 84	 114	 2040	 123	 0	 -1917	 
 84	 114	 2040	 122	 0	 -1918	 
 84	 114	 2040	 125	 0	 -1915	 
 84	 114	 2040	 129	 0	 -1911	 
 84	 114	 2040	 119	 0	 -1921	 
 84	 114	 2040	 128	 0	 -1912	 
 84	 114	 2040	 128	 0	 -1912	 
 84	 114	 2040	 123	 0	 -1917	 
 84	 114	 2040	 130	 0	 -1910	 
 84	 114	 2040	 115	 0	 -1925	 
 84	 114	 2040	 120	 0	 -1920	 
 84	 114	 2040	 122	 0	 -1918	 
 84	 114	 2040	 117	 0	 -1923	 
 84	 114	 2040	 128	 0	 -1912	 
 84	 114	 2040	 115	 0	 -1925	 
 84	 114	 2040	 127	 0	 -1913	 
 84	 114	 2040	 127	 0	 -1913	 
 84	 114	 2040	 124	 0	 -1916	 
 84	 114	 2040	 117	 0	 -1923	 
 0	 0	 0	 0	 0	 0	 
 0	 0	 0	 0	 0	 0	 
 82	 120	 2040	 127	 0	 -1913	 
 82	 120	 2040	 134	 0	 -1906	 
 82	 120	 2040	 134	 0	 -1906	 
 82	 120	 2040	 126	 0	 -1914	 
 82	 120	 2040	 124	 0	 -1916	 
 82	 120	 2040	 124	 0	 -1916	 
 82	 120	 2040	 129	 0	 -1911	 
 82	 120	 2040	 130	 0	 -1910	 
 82	 120	 2040	 134	 0	 -1906	 
 82	 120	 2040	 138	 0	 -1902	 
 82	 120	 2040	 131	 0	 -1909	 
 82	 120	 2040	 136	 0	 -1904	 
 82	 120	 2040	 122	 0	 -1918	 
 82	 120	 2040	 134	 0	 -1906	 
 82	 120	 2040	 129	 0	 -1911	 
 82	 120	 2040	 136	 0	 -1904	 
 82	 120	 2040	 121	 0	 -1919	 
 82	 120	 2040	 139	 0	 -1901	 
 82	 120	 2040	 121	 0	 -1919	 
 82	 120	 2040	 127	 0	 -1913	 
 82	 120	 2040	 134	 0	 -1906	 
 82	 120	 2040	 130	 0	 -1910	 
 82	 120	 2040	 136	 0	 -1904	 
 82	 120	 2040	 131	 0	 -1909	 
 82	 120	 2040	 132	 0	 -1908	 
 82	 120	 2040	 135	 0	 -1905	 
 82	 120	 2040	 136	 0	 -1904	 
 82	 120	 2040	 137	 0	 -1903	 
 82	 120	 2040	 128	 0	 -1912	 
 82	 120	 2040	 134	 0	 -1906	 
 82	 120	 2040	 138	 0	 -1902	 
 82	 120	 2040	 133	 0	 -1907	 
 82	 120	 2040	 133	 0	 -1907	 
 82	 120	 2040	 135	 0	 -1905	 
 82	 120	 2040	 138	 0	 -1902	 
 82	 120	 2040	 127	 0	 -1913	 
 82	 120	 2040	 127	 0	 -1913	 
 82	 120	 2040	 126	 0	 -1914	 
 82	 120	 2040	 124	 0	 -1916	 
 82	 120	 2040	 122	 0	 -1918	 
 82	 120	 2040	 123	 0	 -1917	 
 82	 120	 2040	 127	 0	 -1913	 
 82	 120	 2040	 135	 0	 -1905	 
 82	 120	 2040	 139	 0	 -1901	 
 82	 120	 2040	 124	 0	 -1916	 
 82	 120	 2040	 138	 0	 -1902	 
 82	 120	 2040	 128	 0	 -1912	 
 82	 120	 2040	 126	 0	 -1914	 
 82	 120	 2040	 138	 0	 -1902	 
 82	 120	 2040	 121	 0	 -1919	 
 82	 120	 2040	 128	 0	 -1912	 
 82	 120	 2040	 134	 0	 -1906	 
 82	 120	 2040	 121	 0	 -1919	 
 82	 120	 2040	 134	 0	 -1906	 
 82	 120	 2040	 134	 0	 -1906	 
 82	 120	 2040	 136	 0	 -1904	 
 82	 120	 2040	 130	 0	 -1910	 
 82	 120	 2040	 122	 0	 -1918	 
 82	 120	 2040	 135	 0	 -1905	 
 82	 120	 2040	 129	 0	 -1911	 
 82	 120	 2040	 136	 0	 -1904	 
 82	 120	 2040	 132	 0	 -1908	 
 82	 120	 2040	 121	 0	 -1919	 
 82	 120	 2040	 124	 0	 -1916	 
 82	 120	 2040	 139	 0	 -1901	 
 82	 120	 2040	 126	 0	 -1914	 
 82	 120	 2040	 134	 0	 -1906	 
 82	 120	 2040	 134	 0	 -1906	 
 82	 120	 2040	 121	 0	 -1919	 
 82	 120	 2040	 133	 0	 -1907	 
 82	 120	 2040	 138	 0	 -1902	 
 82	 120	 2040	 131	 0	 -1909	 
 82	 120	 2040	 135	 0	 -1905	 
 82	 120	 2040	 135	 0	 -1905	 
 82	 120	 2040	 139	 0	 -1901	 
 82	 120	 2040	 127	 0	 -1913	 
 82	 120	 2040	 138	 0	 -1902	 
 82	 120	 2040	 123	 0	 -1917	 
 82	 120	 2040	 139	 0	 -1901	 
 82	 120	 2040	 132	 0	 -1908	 
 82	 120	 2040	 132	 0	 -1908	 
 82	 120	 2040	 125	 0	 -1915	 
 82	 120	 2040	 134	 0	 -1906	 
 82	 120	 2040	 136	 0	 -1904	 
 82	 120	 2040	 138	 0	 -1902	 
 82	 120	 2040	 137	 0	 -1903	 
 82	 120	 2040	 129	 0	 -1911	 
 82	 120	 2040	 136	 0	 -1904	 
 82	 120	 2040	 132	 0	 -1908	 
 82	 120	 2040	 138	 0	 -1902	 
 82	 120	 2040	 134	 0	 -1906	 
 82	 120	 2040	 132	 0	 -1908	 
 82	 120	 2040	 131	 0	 -1909	 
 82	 120	 2040	 127	 0	 -1913	 
 82	 120	 2040	 125	 0	 -1915	 
 82	 120	 2040	 140	 0	 -1900	 
 82	 120	 2040	 126	 0	 -1914	 
 82	 120	 2040	 121	 0	 -1919	 
 82	 120	 2040	 121	 0	 -1919	 
 0	 0	 0	 0	 0	 0	 
 0	 0	 0	 0	 0	 0	 
 87	 111	 2040	 119	 1	 -1921	 
 87	 111	 2040	 112	 1	 -1928	 
 87	 111	 2040	 114	 1	 -1926	 
 87	 111	 2040	 121	 1	 -1919	 
 87	 111	 2040	 121	 1	 -1919	 
 87	 111	 2040	 121	 1	 -1919	 
 87	 111	 2040	 123	 1	 -1917	 
 87	 111	 2040	 123	 1	 -1917	 
 87	 111	 2040	 115	 1	 -1925	 
 87	 111	 2040	 121	 1	 -1919	 
 87	 111	 2040	 120	 1	 -1920	 
 87	 111	 2040	 113	 1	 -1927	 
 87	 111	 2040	 117	 1	 -1923	 
 87	 111	 2040	 115	 1	 -1925	 
 87	 111	 2040	 122	 1	 -1918	 
 87	 111	 2040	 115	 1	 -1925	 
 87	 111	 2040	 112	 1	 -1928	 
 87	 111	 2040	 114	 1	 -1926	 
 87	 111	 2040	 123	 1	 -1917	 
 87	 111	 2040	 117	 1	 -1923	 
 87	 111	 2040	 118	 1	 -1922	 
 87	 111	 2040	 114	 1	 -1926	 
 87	 111	 2040	 121	 1	 -1919	 
 87	 111	 2040	 121	 1	 -1919	 
 87	 111	 2040	 119	 1	 -1921	 
 87	 111	 2040	 121	 1	 -1919	 
 87	 111	 2040	 114	 1	 -1926	 
 87	 111	 2040	 113	 1	 -1927	 
 87	 111	 2040	 114	 1	 -1926	 
 87	 111	 2040	 119	 1	 -1921	 
 87	 111	 2040	 122	 1	 -1918	 
 87	 111	 2040	 114	 1	 -1926	 
 87	 111	 2040	 113	 1	 -1927	 
 87	 111	 2040	 114	 1	 -1926	 
 87	 111	 2040	 121	 1	 -1919	 
 87	 111	 2040	 116	 1	 -1924	 
 87	 111	 2040	 118	 1	 -1922	 
 87	 111	 2040	 114	 1	 -1926	 
 87	 111	 2040	 122	 1	 -1918	 
 87	 111	 2040	 114	 1	 -1926	 
 87	 111	 2040	 113	 1	 -1927	 
 87	 111	 2040	 114	 1	 -1926	 
 87	 111	 2040	 113	 1	 -1927	 
 87	 111	 2040	 113	 1	 -1927	 
 87	 111	 2040	 115	 1	 -1925	 
 87	 111	 2040	 123	 1	 -1917	 
 87	 111	 2040	 112	 1	 -1928	 
 87	 111	 2040	 115	 1	 -1925	 
 87	 111	 2040	 122	 1	 -1918	 
 87	 111	 2040	 118	 1	 -1922	 
 87	 111	 2040	 116	 1	 -1924	 
 87	 111	 2040	 112	 1	 -1928	 
 87	 111	 2040	 117	 1	 -1923	 
 87	 111	 2040	 122	 1	 -1918	 
 87	 111	 2040	 115	 1	 -1925	 
 87	 111	 2040	 119	 1	 -1921	 
 87	 111	 2040	 121	 1	 -1919	 
 87	 111	 2040	 116	 1	 -1924	 
 87	 111	 2040	 121	 1	 -1919	 
 87	 111	 2040	 116	 1	 -1924	 
 87	 111	 2040	 119	 1	 -1921	 
 87	 111	 2040	 117	 1	 -1923	 
 87	 111	 2040	 115	 1	 -1925	 
 87	 111	 2040	 117	 1	 -1923	 
 87	 111	 2040	 114	 1	 -1926	 
 87	 111	 2040	 122	 1	 -1918	 
 87	 111	 2040	 116	 1	 -1924	 
 87	 111	 2040	 124	 1	 -1916	 
 87	 111	 2040	 122	 1	 -1918	 
 87	 111	 2040	 122	 1	 -1918	 
 87	 111	 2040	 113	 1	 -1927	 
 87	 111	 2040	 118	 1	 -1922	 
 87	 111	 2040	 120	 1	 -1920	 
 87	 111	 2040	 113	 1	 -1927	 
 87	 111	 2040	 117	 1	 -1923	 
 87	 111	 2040	 113	 1	 -1927	 
 87	 111	 2040	 114	 1	 -1926	 
 87	 111	 2040	 118	 1	 -1922	 
 87	 111	 2040	 120	 1	 -1920	 
 87	 111	 2040	 116	 1	 -1924	 
 87	 111	 2040	 118	 1	 -1922	 
 87	 111	 2040	 117	 1	 -1923	 
 87	 111	 2040	 118	 1	 -1922	 
 87	 111	 2040	 120	 1	 -1920	 
 87	 111	 2040	 113	 1	 -1927	 
 87	 111	 2040	 121	 1	 -1919	 
 87	 111	 2040	 112	 1	 -1928	 
 87	 111	 2040	 120	 1	 -1920	 
 87	 111	 2040	 120	 1	 -1920	 
 87	 111	 2040	 123	 1	 -1917	 
 87	 111	 2040	 114	 1	 -1926	 
 87	 111	 2040	 115	 1	 -1925	 
 87	 111	 2040	 120	 1	 -1920	 
 87	 111	 2040	 113	 1	 -1927	 
 87	 111	 2040	 116	 1	 -1924	 
 87	 111	 2040	 122	 1	 -1918	 
 87	 111	 2040	 114	 1	 -1926	 
 87	 111	 2040	 114	 1	 -1926	 
 87	 111	 2040	 113	 1	 -1927	 
 0	 0	 0	 0	 0	 0	 
 0	 0	 0	 0	 0	 0	 
 82	 120	 2040	 140	 0	 -1900	 
 82	 120	 2040	 136	 0	 -1904	 
 82	 120	 2040	 130	 0	 -1910	 
 82	 120	 2040	 122	 0	 -1918	 
 82	 120	 2040	 140	 0	 -1900	 
 82	 120	 2040	 140	 0	 -1900	 
 82	 120	 2040	 131	 0	 -1909	 
 82	 120	 2040	 131	 0	 -1909	 
 82	 120	 2040	 123	 0	 -1917	 
 82	 120	 2040	 140	 0	 -1900	 
 82	 120	 2040	 132	 0	 -1908	 
 82	 120	 2040	 130	 0	 -1910	 
 82	 120	 2040	 140	 0	 -1900	 
 82	 120	 2040	 134	 0	 -1906	 
 82	 120	 2040	 133	 0	 -1907	 
 82	 120	 2040	 133	 0	 -1907	 
 82	 120	 2040	 132	 0	 -1908	 
 82	 120	 2040	 128	 0	 -1912	 
 82	 120	 2040	 138	 0	 -1902	 
 82	 120	 2040	 124	 0	 -1916	 
 82	 120	 2040	 133	 0	 -1907	 
 82	 120	 2040	 131	 0	 -1909	 
 82	 120	 2040	 121	 0	 -1919	 
 82	 120	 2040	 131	 0	 -1909	 
 82	 120	 2040	 124	 0	 -1916	 
 82	 120	 2040	 131	 0	 -1909	 
 82	 120	 2040	 131	 0	 -1909	 
 82	 120	 2040	 129	 0	 -1911	 
 82	 120	 2040	 127	 0	 -1913	 
 82	 120	 2040	 123	 0	 -1917	 
 82	 120	 2040	 140	 0	 -1900	 
 82	 120	 2040	 122	 0	 -1918	 
 82	 120	 2040	 137	 0	 -1903	 
 82	 120	 2040	 125	 0	 -1915	 
 82	 120	 2040	 131	 0	 -1909	 
 82	 120	 2040	 133	 0	 -1907	 
 82	 120	 2040	 124	 0	 -1916	 
 82	 120	 2040	 136	 0	 -1904	 
 82	 120	 2040	 126	 0	 -1914	 
 82	 120	 2040	 129	 0	 -1911	 
 82	 120	 2040	 138	 0	 -1902	 
 82	 120	 2040	 126	 0	 -1914	 
 82	 120	 2040	 138	 0	 -1902	 
 82	 120	 2040	 130	 0	 -1910	 
 82	 120	 2040	 121	 0	 -1919	 
 82	 120	 2040	 124	 0	 -1916	 
 82	 120	 2040	 134	 0	 -1906	 
 82	 120	 2040	 124	 0	 -1916	 
 82	 120	 2040	 139	 0	 -1901	 
 82	 120	 2040	 133	 0	 -1907	 
 82	 120	 2040	 133	 0	 -1907	 
 82	 120	 2040	 133	 0	 -1907	 
 82	 120	 2040	 135	 0	 -1905	 
 82	 120	 2040	 130	 0	 -1910	 
 82	 120	 2040	 125	 0	 -1915	 
 82	 120	 2040	 128	 0	 -1912	 
 82	 120	 2040	 128	 0	 -1912	 
 82	 120	 2040	 137	 0	 -1903	 
 82	 120	 2040	 138	 0	 -1902	 
 82	 120	 2040	 135	 0	 -1905	 
 82	 120	 2040	 132	 0	 -1908	 
 82	 120	 2040	 125	 0	 -1915	 
 82	 120	 2040	 136	 0	 -1904	 
 82	 120	 2040	 137	 0	 -1903	 
 82	 120	 2040	 140	 0	 -1900	 
 82	 120	 2040	 137	 0	 -1903	 
 82	 120	 2040	 123	 0	 -1917	 
 82	 120	 2040	 138	 0	 -1902	 
 82	 120	 2040	 130	 0	 -1910	 
 82	 120	 2040	 123	 0	 -1917	 
 82	 120	 2040	 125	 0	 -1915	 
 82	 120	 2040	 135	 0	 -1905	 
 82	 120	 2040	 129	 0	 -1911	 
 82	 120	 2040	 125	 0	 -1915	 
 82	 120	 2040	 127	 0	 -1913	 
 82	 120	 2040	 137	 0	 -1903	 
 82	 120	 2040	 133	 0	 -1907	 
 82	 120	 2040	 127	 0	 -1913	 
 82	 120	 2040	 136	 0	 -1904	 
 82	 120	 2040	 125	 0	 -1915	 
 82	 120	 2040	 134	 0	 -1906	 
 82	 120	 2040	 135	 0	 -1905	 
 82	 120	 2040	 121	 0	 -1919	 
 82	 120	 2040	 124	 0	 -1916	 
 82	 120	 2040	 131	 0	 -1909	 
 82	 120	 2040	 127	 0	 -1913	 
 82	 120	 2040	 137	 0	 -1903	 
 82	 120	 2040	 125	 0	 -1915	 
 82	 120	 2040	 131	 0	 -1909	 
 82	 120	 2040	 136	 0	 -1904	 
 82	 120	 2040	 138	 0	 -1902	 
 82	 120	 2040	 133	 0	 -1907	 
 82	 120	 2040	 128	 0	 -1912	 
 82	 120	 2040	 140	 0	 -1900	 
 82	 120	 2040	 121	 0	 -1919	 
 82	 120	 2040	 138	 0	 -1902	 
 82	 120	 2040	 137	 0	 -1903	 
 82	 120	 2040	 134	 0	 -1906	 
 82	 120	 2040	 139	 0	 -1901	 
 0	 0	 0	 0	 0	 0	 
 0	 0	 0	 0	 0	 0	 
 84	 114	 2040	 116	 0	 -1924	 
 84	 114	 2040	 126	 0	 -1914	 
 84	 114	 2040	 119	 0	 -1921	 
 84	 114	 2040	 115	 0	 -1925	 
 84	 114	 2040	 118	 0	 -1922	 
 84	 114	 2040	 125	 0	 -1915	 
 84	 114	 2040	 118	 0	 -1922	 
 84	 114	 2040	 127	 0	 -1913	 
 84	 114	 2040	 120	 0	 -1920	 
 84	 114	 2040	 127	 0	 -1913	 
 84	 114	 2040	 123	 0	 -1917	 
 84	 114	 2040	 130	 0	 -1910	 
 84	 114	 2040	 123	 0	 -1917	 
 84	 114	 2040	 126	 0	 -1914	 
 84	 114	 2040	 117	 0	 -1923	 
 84	 114	 2040	 116	 0	 -1924	 
 84	 114	 2040	 127	 0	 -1913	 
 84	 114	 2040	 120	 0	 -1920	 
 84	 114	 2040	 117	 0	 -1923	 
 84	 114	 2040	 119	 0	 -1921	 
 84	 114	 2040	 122	 0	 -1918	 
 84	 114	 2040	 117	 0	 -1923	 
 84	 114	 2040	 117	 0	 -1923	 
 84	 114	 2040	 127	 0	 -1913	 
 84	 114	 2040	 125	 0	 -1915	 
 84	 114	 2040	 123	 0	 -1917	 
 84	 114	 2040	 119	 0	 -1921	 
 84	 114	 2040	 122	 0	 -1918	 
 84	 114	 2040	 121	 0	 -1919	 
 84	 114	 2040	 117	 0	 -1923	 
 84	 114	 2040	 124	 0	 -1916	 
 84	 114	 2040	 126	 0	 -1914	 
 84	 114	 2040	 117	 0	 -1923	 
 84	 114	 2040	 118	 0	 -1922	 
 84	 114	 2040	 124	 0	 -1916	 
 84	 114	 2040	 123	 0	 -1917	 
 84	 114	 2040	 123	 0	 -1917	 
 84	 114	 2040	 126	 0	 -1914	 
 84	 114	 2040	 116	 0	 -1924	 
 84	 114	 2040	 115	 0	 -1925	 
 84	 114	 2040	 122	 0	 -1918	 
 84	 114	 2040	 129	 0	 -1911	 
 84	 114	 2040	 125	 0	 -1915	 
 84	 114	 2040	 117	 0	 -1923	 
 84	 114	 2040	 125	 0	 -1915	 
 84	 114	 2040	 119	 0	 -1921	 
 84	 114	 2040	 127	 0	 -1913	 
 84	 114	 2040	 123	 0	 -1917	 
 84	 114	 2040	 115	 0	 -1925	 
 84	 114	 2040	 121	 0	 -1919	 
 84	 114	 2040	 120	 0	 -1920	 
 84	 114	 2040	 130	 0	 -1910	 
 84	 114	 2040	 124	 0	 -1916	 
 84	 114	 2040	 121	 0	 -1919	 
 84	 114	 2040	 126	 0	 -1914	 
 84	 114	 2040	 120	 0	 -1920	 
 84	 114	 2040	 115	 0	 -1925	 
 84	 114	 2040	 123	 0	 -1917	 
 84	 114	 2040	 128	 0	 -1912	 
 84	 114	 2040	 119	 0	 -1921	 
 84	 114	 2040	 129	 0	 -1911	 
 84	 114	 2040	 125	 0	 -1915	 
 84	 114	 2040	 125	 0	 -1915	 
 84	 114	 2040	 127	 0	 -1913	 
 84	 114	 2040	 128	 0	 -1912	 
 84	 114	 2040	 116	 0	 -1924	 
 84	 114	 2040	 115	 0	 -1925	 
 84	 114	 2040	 129	 0	 -1911	 
 84	 114	 2040	 115	 0	 -1925	 
 84	 114	 2040	 117	 0	 -1923	 
 84	 114	 2040	 126	 0	 -1914	 
 84	 114	 2040	 120	 0	 -1920	 
 84	 114	 2040	 125	 0	 -1915	 
 84	 114	 2040	 118	 0	 -1922	 
 84	 114	 2040	 116	 0	 -1924	 
 84	 114	 2040	 117	 0	 -1923	 
 84	 114	 2040	 122	 0	 -1918	 
 84	 114	 2040	 130	 0	 -1910	 
 84	 114	 2040	 127	 0	 -1913	 
 84	 114	 2040	 120	 0	 -1920	 
 84	 114	 2040	 127	 0	 -1913	 
 84	 114	 2040	 117	 0	 -1923	 
 84	 114	 2040	 119	 0	 -1921	 
 84	 114	 2040	 129	 0	 -1911	 
 84	 114	 2040	 116	 0	 -1924	 
 84	 114	 2040	 117	 0	 -1923	 
 84	 114	 2040	 124	 0	 -1916	 
 84	 114	 2040	 123	 0	 -1917	 
 84	 114	 2040	 128	 0	 -1912	 
 84	 114	 2040	 115	 0	 -1925	 
 84	 114	 2040	 123	 0	 -1917	 
 84	 114	 2040	 120	 0	 -1920	 
 84	 114	 2040	 122	 0	 -1918	 
 84	 114	 2040	 120	 0	 -1920	 
 84	 114	 2040	 127	 0	 -1913	 
 84	 114	 2040	 129	 0	 -1911	 
 84	 114	 2040	 127	 0	 -1913	 
 84	 114	 2040	 120	 0	 -1920	 
 84	 114	 2040	 118	 0	 -1922	 
 0	 0	 0	 0	 0	 0	 
 0	 0	 0	 0	 0	 0	 
 82	 120	 2040	 123	 0	 -1917	 
 82	 120	 2040	 125	 0	 -1915	 
 82	 120	 2040	 130	 0	 -1910	 
 82	 120	 2040	 123	 0	 -1917	 
 82	 120	 2040	 127	 0	 -1913	 
 82	 120	 2040	 130	 0	 -1910	 
 82	 120	 2040	 135	 0	 -1905	 
 82	 120	 2040	 140	 0	 -1900	 
 82	 120	 2040	 123	 0	 -1917	 
 82	 120	 2040	 122	 0	 -1918	 
 82	 120	 2040	 128	 0	 -1912	 
 82	 120	 2040	 128	 0	 -1912	 
 82	 120	 2040	 140	 0	 -1900	 
 82	 120	 2040	 139	 0	 -1901	 
 82	 120	 2040	 132	 0	 -1908	 
 82	 120	 2040	 136	 0	 -1904	 
 82	 120	 2040	 122	 0	 -1918	 
 82	 120	 2040	 139	 0	 -1901	 
 82	 120	 2040	 123	 0	 -1917	 
 82	 120	 2040	 126	 0	 -1914	 
 82	 120	 2040	 124	 0	 -1916	 
 82	 120	 2040	 122	 0	 -1918	 
 82	 120	 2040	 139	 0	 -1901	 
 82	 120	 2040	 124	 0	 -1916	 
 82	 120	 2040	 125	 0	 -1915	 
 82	 120	 2040	 140	 0	 -1900	 
 82	 120	 2040	 140	 0	 -1900	 
 82	 120	 2040	 130	 0	 -1910	 
 82	 120	 2040	 139	 0	 -1901	 
 82	 120	 2040	 132	 0	 -1908	 
 82	 120	 2040	 134	 0	 -1906	 
 82	 120	 2040	 123	 0	 -1917	 
 82	 120	 2040	 125	 0	 -1915	 
 82	 120	 2040	 136	 0	 -1904	 
 82	 120	 2040	 125	 0	 -1915	 
 82	 120	 2040	 128	 0	 -1912	 
 82	 120	 2040	 121	 0	 -1919	 
 82	 120	 2040	 132	 0	 -1908	 
 82	 120	 2040	 126	 0	 -1914	 
 82	 120	 2040	 135	 0	 -1905	 
 82	 120	 2040	 128	 0	 -1912	 
 82	 120	 2040	 128	 0	 -1912	 
 82	 120	 2040	 139	 0	 -1901	 
 82	 120	 2040	 126	 0	 -1914	 
 82	 120	 2040	 123	 0	 -1917	 
 82	 120	 2040	 130	 0	 -1910	 
 82	 120	 2040	 123	 0	 -1917	 
 82	 120	 2040	 133	 0	 -1907	 
 82	 120	 2040	 125	 0	 -1915	 
 82	 120	 2040	 136	 0	 -1904	 
 82	 120	 2040	 129	 0	 -1911	 
 82	 120	 2040	 121	 0	 -1919	 
 82	 120	 2040	 129	 0	 -1911	 
 82	 120	 2040	 135	 0	 -1905	 
 82	 120	 2040	 138	 0	 -1902	 
 82	 120	 2040	 129	 0	 -1911	 
 82	 120	 2040	 138	 0	 -1902	 
 82	 120	 2040	 127	 0	 -1913	 
 82	 120	 2040	 129	 0	 -1911	 
 82	 120	 2040	 130	 0	 -1910	 
 82	 120	 2040	 137	 0	 -1903	 
 82	 120	 2040	 140	 0	 -1900	 
 82	 120	 2040	 131	 0	 -1909	 
 82	 120	 2040	 131	 0	 -1909	 
 82	 120	 2040	 134	 0	 -1906	 
 82	 120	 2040	 123	 0	 -1917	 
 82	 120	 2040	 128	 0	 -1912	 
 82	 120	 2040	 122	 0	 -1918	 
 82	 120	 2040	 126	 0	 -1914	 
 82	 120	 2040	 129	 0	 -1911	 
 82	 120	 2040	 126	 0	 -1914	 
 82	 120	 2040	 134	 0	 -1906	 
 82	 120	 2040	 131	 0	 -1909	 
 82	 120	 2040	 126	 0	 -1914	 
 82	 120	 2040	 122	 0	 -1918	 
 82	 120	 2040	 131	 0	 -1909	 
 82	 120	 2040	 122	 0	 -1918	 
 82	 120	 2040	 133	 0	 -1907	 
 82	 120	 2040	 132	 0	 -1908	 
 82	 120	 2040	 122	 0	 -1918	 
 82	 120	 2040	 124	 0	 -1916	 
 82	 120	 2040	 136	 0	 -1904	 
 82	 120	 2040	 134	 0	 -1906	 
 82	 120	 2040	 129	 0	 -1911	 
 82	 120	 2040	 129	 0	 -1911	 
 82	 120	 2040	 131	 0	 -1909	 
 82	 120	 2040	 124	 0	 -1916	 
 82	 120	 2040	 132	 0	 -1908	 
 82	 120	 2040	 135	 0	 -1905	 
 82	 120	 2040	 130	 0	 -1910	 
 82	 120	 2040	 137	 0	 -1903	 
 82	 120	 2040	 125	 0	 -1915	 
 82	 120	 2040	 123	 0	 -1917	 
 82	 120	 2040	 129	 0	 -1911	 
 82	 120	 2040	 127	 0	 -1913	 
 82	 120	 2040	 133	 0	 -1907	 
 82	 120	 2040	 135	 0	 -1905	 
 82	 120	 2040	 134	 0	 -1906	 
 82	 120	 2040	 138	 0	 -1902	 
 0	 0	 0	 0	 0	 0	 
 0	 0	 0	 0	 0	 0	 
 61	 93	 2040	 104	 0	 -1936	 
 61	 93	 2040	 99	 0	 -1941	 
 61	 93	 2040	 96	 0	 -1944	 
 61	 93	 2040	 97	 0	 -1943	 
 61	 93	 2040	 107	 0	 -1933	 
 61	 93	 2040	 94	 0	 -1946	 
 61	 93	 2040	 106	 0	 -1934	 
 61	 93	 2040	 105	 0	 -1935	 
 61	 93	 2040	 103	 0	 -1937	 
 61	 93	 2040	 105	 0	 -1935	 
 61	 93	 2040	 97	 0	 -1943	 
 61	 93	 2040	 108	 0	 -1932	 
 61	 93	 2040	 105	 0	 -1935	 
 61	 93	 2040	 110	 0	 -1930	 
 61	 93	 2040	 104	 0	 -1936	 
 61	 93	 2040	 108	 0	 -1932	 
 61	 93	 2040	 95	 0	 -1945	 
 61	 93	 2040	 104	 0	 -1936	 
 61	 93	 2040	 107	 0	 -1933	 
 61	 93	 2040	 97	 0	 -1943	 
 61	 93	 2040	 94	 0	 -1946	 
 61	 93	 2040	 108	 0	 -1932	 
 61	 93	 2040	 110	 0	 -1930	 
 61	 93	 2040	 108	 0	 -1932	 
 61	 93	 2040	 101	 0	 -1939	 
 61	 93	 2040	 105	 0	 -1935	 
 61	 93	 2040	 110	 0	 -1930	 
 61	 93	 2040	 110	 0	 -1930	 
 61	 93	 2040	 104	 0	 -1936	 
 61	 93	 2040	 101	 0	 -1939	 
 61	 93	 2040	 109	 0	 -1931	 
 61	 93	 2040	 99	 0	 -1941	 
 61	 93	 2040	 102	 0	 -1938	 
 61	 93	 2040	 104	 0	 -1936	 
 61	 93	 2040	 98	 0	 -1942	 
 61	 93	 2040	 99	 0	 -1941	 
 61	 93	 2040	 99	 0	 -1941	 
 61	 93	 2040	 102	 0	 -1938	 
 61	 93	 2040	 94	 0	 -1946	 
 61	 93	 2040	 94	 0	 -1946	 
 61	 93	 2040	 109	 0	 -1931	 
 61	 93	 2040	 97	 0	 -1943	 
 61	 93	 2040	 108	 0	 -1932	 
 61	 93	 2040	 99	 0	 -1941	 
 61	 93	 2040	 105	 0	 -1935	 
 61	 93	 2040	 96	 0	 -1944	 
 61	 93	 2040	 97	 0	 -1943	 
 61	 93	 2040	 97	 0	 -1943	 
 61	 93	 2040	 107	 0	 -1933	 
 61	 93	 2040	 95	 0	 -1945	 
 61	 93	 2040	 109	 0	 -1931	 
 61	 93	 2040	 110	 0	 -1930	 
 61	 93	 2040	 103	 0	 -1937	 
 61	 93	 2040	 100	 0	 -1940	 
 61	 93	 2040	 106	 0	 -1934	 
 61	 93	 2040	 95	 0	 -1945	 
 61	 93	 2040	 109	 0	 -1931	 
 61	 93	 2040	 109	 0	 -1931	 
 61	 93	 2040	 106	 0	 -1934	 
 61	 93	 2040	 105	 0	 -1935	 
 61	 93	 2040	 97	 0	 -1943	 
 61	 93	 2040	 96	 0	 -1944	 
 61	 93	 2040	 98	 0	 -1942	 
 61	 93	 2040	 97	 0	 -1943	 
 61	 93	 2040	 101	 0	 -1939	 
 61	 93	 2040	 94	 0	 -1946	 
 61	 93	 2040	 96	 0	 -1944	 
 61	 93	 2040	 110	 0	 -1930	 
 61	 93	 2040	 96	 0	 -1944	 
 61	 93	 2040	 109	 0	 -1931	 
 61	 93	 2040	 106	 0	 -1934	 
 61	 93	 2040	 108	 0	 -1932	 
 61	 93	 2040	 97	 0	 -1943	 
 61	 93	 2040	 101	 0	 -1939	 
 61	 93	 2040	 101	 0	 -1939	 
 61	 93	 2040	 98	 0	 -1942	 
 61	 93	 2040	 102	 0	 -1938	 
 61	 93	 2040	 105	 0	 -1935	 
 61	 93	 2040	 102	 0	 -1938	 
 61	 93	 2040	 109	 0	 -1931	 
 61	 93	 2040	 104	 0	 -1936	 
 61	 93	 2040	 109	 0	 -1931	 
 61	 93	 2040	 95	 0	 -1945	 
 61	 93	 2040	 97	 0	 -1943	 
 61	 93	 2040	 99	 0	 -1941	 
 61	 93	 2040	 98	 0	 -1942	 
 61	 93	 2040	 96	 0	 -1944	 
 61	 93	 2040	 98	 0	 -1942	 
 61	 93	 2040	 102	 0	 -1938	 
 61	 93	 2040	 99	 0	 -1941	 
 61	 93	 2040	 109	 0	 -1931	 
 61	 93	 2040	 103	 0	 -1937	 
 61	 93	 2040	 108	 0	 -1932	 
 61	 93	 2040	 94	 0	 -1946	 
 61	 93	 2040	 105	 0	 -1935	 
 61	 93	 2040	 103	 0	 -1937	 
 61	 93	 2040	 104	 0	 -1936	 
 61	 93	 2040	 102	 0	 -1938	 
 61	 93	 2040	 96	 0	 -1944	 
 0	 0	 0	 0	 0	 0	 
 0	 0	 0	 0	 0	 0	 
 82	 120	 2040	 134	 0	 -1906	 
 82	 120	 2040	 125	 0	 -1915	 
 82	 120	 2040	 123	 0	 -1917	 
 82	 120	 2040	 131	 0	 -1909	 
 82	 120	 2040	 130	 0	 -1910	 
 82	 120	 2040	 135	 0	 -1905	 
 82	 120	 2040	 124	 0	 -1916	 
 82	 120	 2040	 132	 0	 -1908	 
 82	 120	 2040	 128	 0	 -1912	 
 82	 120	 2040	 126	 0	 -1914	 
 82	 120	 2040	 123	 0	 -1917	 
 82	 120	 2040	 132	 0	 -1908	 
 82	 120	 2040	 128	 0	 -1912	 
 82	 120	 2040	 131	 0	 -1909	 
 82	 120	 2040	 126	 0	 -1914	 
 82	 120	 2040	 123	 0	 -1917	 
 82	 120	 2040	 134	 0	 -1906	 
 82	 120	 2040	 136	 0	 -1904	 
 82	 120	 2040	 124	 0	 -1916	 
 82	 120	 2040	 121	 0	 -1919	 
 82	 120	 2040	 131	 0	 -1909	 
 82	 120	 2040	 122	 0	 -1918	 
 82	 120	 2040	 139	 0	 -1901	 
 82	 120	 2040	 130	 0	 -1910	 
 82	 120	 2040	 125	 0	 -1915	 
 82	 120	 2040	 128	 0	 -1912	 
 82	 120	 2040	 132	 0	 -1908	 
 82	 120	 2040	 140	 0	 -1900	 
 82	 120	 2040	 121	 0	 -1919	 
 82	 120	 2040	 135	 0	 -1905	 
 82	 120	 2040	 131	 0	 -1909	 
 82	 120	 2040	 134	 0	 -1906	 
 82	 120	 2040	 138	 0	 -1902	 
 82	 120	 2040	 129	 0	 -1911	 
 82	 120	 2040	 133	 0	 -1907	 
 82	 120	 2040	 130	 0	 -1910	 
 82	 120	 2040	 121	 0	 -1919	 
 82	 120	 2040	 125	 0	 -1915	 
 82	 120	 2040	 125	 0	 -1915	 
 82	 120	 2040	 128	 0	 -1912	 
 82	 120	 2040	 133	 0	 -1907	 
 82	 120	 2040	 131	 0	 -1909	 
 82	 120	 2040	 135	 0	 -1905	 
 82	 120	 2040	 122	 0	 -1918	 
 82	 120	 2040	 127	 0	 -1913	 
 82	 120	 2040	 133	 0	 -1907	 
 82	 120	 2040	 135	 0	 -1905	 
 82	 120	 2040	 131	 0	 -1909	 
 82	 120	 2040	 125	 0	 -1915	 
 82	 120	 2040	 137	 0	 -1903	 
 82	 120	 2040	 130	 0	 -1910	 
 82	 120	 2040	 136	 0	 -1904	 
 82	 120	 2040	 140	 0	 -1900	 
 82	 120	 2040	 136	 0	 -1904	 
 82	 120	 2040	 135	 0	 -1905	 
 82	 120	 2040	 129	 0	 -1911	 
 82	 120	 2040	 137	 0	 -1903	 
 82	 120	 2040	 124	 0	 -1916	 
 82	 120	 2040	 135	 0	 -1905	 
 82	 120	 2040	 138	 0	 -1902	 
 82	 120	 2040	 129	 0	 -1911	 
 82	 120	 2040	 133	 0	 -1907	 
 82	 120	 2040	 134	 0	 -1906	 
 82	 120	 2040	 130	 0	 -1910	 
 82	 120	 2040	 127	 0	 -1913	 
 82	 120	 2040	 139	 0	 -1901	 
 82	 120	 2040	 138	 0	 -1902	 
 82	 120	 2040	 135	 0	 -1905	 
 82	 120	 2040	 140	 0	 -1900	 
 82	 120	 2040	 121	 0	 -1919	 
 82	 120	 2040	 130	 0	 -1910	 
 82	 120	 2040	 140	 0	 -1900	 
 82	 120	 2040	 130	 0	 -1910	 
 82	 120	 2040	 126	 0	 -1914	 
 82	 120	 2040	 136	 0	 -1904	 
 82	 120	 2040	 129	 0	 -1911	 
 82	 120	 2040	 129	 0	 -1911	 
 82	 120	 2040	 122	 0	 -1918	 
 82	 120	 2040	 132	 0	 -1908	 
 82	 120	 2040	 132	 0	 -1908	 
 82	 120	 2040	 128	 0	 -1912	 
 82	 120	 2040	 136	 0	 -1904	 
 82	 120	 2040	 137	 0	 -1903	 
 82	 120	 2040	 138	 0	 -1902	 
 82	 120	 2040	 136	 0	 -1904	 
 82	 120	 2040	 125	 0	 -1915	 
 82	 120	 2040	 137	 0	 -1903	 
 82	 120	 2040	 121	 0	 -1919	 
 82	 120	 2040	 134	 0	 -1906	 
 82	 120	 2040	 130	 0	 -1910	 
 82	 120	 2040	 128	 0	 -1912	 
 82	 120	 2040	 121	 0	 -1919	 
 82	 120	 2040	 131	 0	 -1909	 
 82	 120	 2040	 126	 0	 -1914	 
 82	 120	 2040	 130	 0	 -1910	 
 82	 120	 2040	 139	 0	 -1901	 
 82	 120	 2040	 138	 0	 -1902	 
 82	 120	 2040	 135	 0	 -1905	 
 82	 120	 2040	 121	 0	 -1919	 
 0	 0	 0	 0	 0	 0	 
 0	 0	 0	 0	 0	 0	 
 82	 120	 2040	 124	 0	 -1916	 
 82	 120	 2040	 138	 0	 -1902	 
 82	 120	 2040	 139	 0	 -1901	 
 82	 120	 2040	 126	 0	 -1914	 
 82	 120	 2040	 126	 0	 -1914	 
 82	 120	 2040	 130	 0	 -1910	 
 82	 120	 2040	 130	 0	 -1910	 
 82	 120	 2040	 130	 0	 -1910	 
 82	 120	 2040	 133	 0	 -1907	 
 82	 120	 2040	 132	 0	 -1908	 
 82	 120	 2040	 138	 0	 -1902	 
 82	 120	 2040	 132	 0	 -1908	 
 82	 120	 2040	 130	 0	 -1910	 
 82	 120	 2040	 128	 0	 -1912	 
 82	 120	 2040	 127	 0	 -1913	 
 82	 120	 2040	 138	 0	 -1902	 
 82	 120	 2040	 123	 0	 -1917	 
 82	 120	 2040	 135	 0	 -1905	 
 82	 120	 2040	 130	 0	 -1910	 
 82	 120	 2040	 128	 0	 -1912	 
 82	 120	 2040	 138	 0	 -1902	 
 82	 120	 2040	 131	 0	 -1909	 
 82	 120	 2040	 136	 0	 -1904	 
 82	 120	 2040	 123	 0	 -1917	 
 82	 120	 2040	 125	 0	 -1915	 
 82	 120	 2040	 132	 0	 -1908	 
 82	 120	 2040	 131	 0	 -1909	 
 82	 120	 2040	 130	 0	 -1910	 
 82	 120	 2040	 124	 0	 -1916	 
 82	 120	 2040	 127	 0	 -1913	 
 82	 120	 2040	 136	 0	 -1904	 
 82	 120	 2040	 124	 0	 -1916	 
 82	 120	 2040	 134	 0	 -1906	 
 82	 120	 2040	 126	 0	 -1914	 
 82	 120	 2040	 138	 0	 -1902	 
 82	 120	 2040	 137	 0	 -1903	 
 82	 120	 2040	 131	 0	 -1909	 
 82	 120	 2040	 122	 0	 -1918	 
 82	 120	 2040	 126	 0	 -1914	 
 82	 120	 2040	 133	 0	 -1907	 
 82	 120	 2040	 133	 0	 -1907	 
 82	 120	 2040	 133	 0	 -1907	 
 82	 120	 2040	 138	 0	 -1902	 
 82	 120	 2040	 121	 0	 -1919	 
 82	 120	 2040	 123	 0	 -1917	 
 82	 120	 2040	 128	 0	 -1912	 
 82	 120	 2040	 126	 0	 -1914	 
 82	 120	 2040	 133	 0	 -1907	 
 82	 120	 2040	 130	 0	 -1910	 
 82	 120	 2040	 135	 0	 -1905	 
 82	 120	 2040	 134	 0	 -1906	 
 82	 120	 2040	 123	 0	 -1917	 
 82	 120	 2040	 136	 0	 -1904	 
 82	 120	 2040	 137	 0	 -1903	 
 82	 120	 2040	 122	 0	 -1918	 
 82	 120	 2040	 135	 0	 -1905	 
 82	 120	 2040	 128	 0	 -1912	 
 82	 120	 2040	 134	 0	 -1906	 
 82	 120	 2040	 133	 0	 -1907	 
 82	 120	 2040	 134	 0	 -1906	 
 82	 120	 2040	 133	 0	 -1907	 
 82	 120	 2040	 133	 0	 -1907	 
 82	 120	 2040	 125	 0	 -1915	 
 82	 120	 2040	 131	 0	 -1909	 
 82	 120	 2040	 136	 0	 -1904	 
 82	 120	 2040	 129	 0	 -1911	 
 82	 120	 2040	 136	 0	 -1904	 
 82	 120	 2040	 128	 0	 -1912	 
 82	 120	 2040	 135	 0	 -1905	 
 82	 120	 2040	 125	 0	 -1915	 
 82	 120	 2040	 139	 0	 -1901	 
 82	 120	 2040	 129	 0	 -1911	 
 82	 120	 2040	 126	 0	 -1914	 
 82	 120	 2040	 133	 0	 -1907	 
 82	 120	 2040	 138	 0	 -1902	 
 82	 120	 2040	 138	 0	 -1902	 
 82	 120	 2040	 126	 0	 -1914	 
 82	 120	 2040	 128	 0	 -1912	 
 82	 120	 2040	 126	 0	 -1914	 
 82	 120	 2040	 125	 0	 -1915	 
 82	 120	 2040	 134	 0	 -1906	 
 82	 120	 2040	 130	 0	 -1910	 
 82	 120	 2040	 138	 0	 -1902	 
 82	 120	 2040	 133	 0	 -1907	 
 82	 120	 2040	 137	 0	 -1903	 
 82	 120	 2040	 124	 0	 -1916	 
 82	 120	 2040	 123	 0	 -1917	 
 82	 120	 2040	 122	 0	 -1918	 
 82	 120	 2040	 130	 0	 -1910	 
 82	 120	 2040	 136	 0	 -1904	 
 82	 120	 2040	 135	 0	 -1905	 
 82	 120	 2040	 123	 0	 -1917	 
 82	 120	 2040	 130	 0	 -1910	 
 82	 120	 2040	 131	 0	 -1909	 
 82	 120	 2040	 125	 0	 -1915	 
 82	 120	 2040	 131	 0	 -1909	 
 82	 120	 2040	 137	 0	 -1903	 
 82	 120	 2040	 122	 0	 -1918	 
 82	 120	 2040	 121	 0	 -1919	 
 0	 0	 0	 0	 0	 0	 
 0	 0	 0	 0	 0	 0	 
 82	 120	 2040	 125	 0	 -1915	 
 82	 120	 2040	 132	 0	 -1908	 
 82	 120	 2040	 129	 0	 -1911	 
 82	 120	 2040	 125	 0	 -1915	 
 82	 120	 2040	 130	 0	 -1910	 
 82	 120	 2040	 132	 0	 -1908	 
 82	 120	 2040	 136	 0	 -1904	 
 82	 120	 2040	 139	 0	 -1901	 
 82	 120	 2040	 124	 0	 -1916	 
 82	 120	 2040	 135	 0	 -1905	 
 82	 120	 2040	 138	 0	 -1902	 
 82	 120	 2040	 135	 0	 -1905	 
 82	 120	 2040	 125	 0	 -1915	 
 82	 120	 2040	 139	 0	 -1901	 
 82	 120	 2040	 135	 0	 -1905	 
 82	 120	 2040	 125	 0	 -1915	 
 82	 120	 2040	 125	 0	 -1915	 
 82	 120	 2040	 137	 0	 -1903	 
 82	 120	 2040	 137	 0	 -1903	 
 82	 120	 2040	 128	 0	 -1912	 
 82	 120	 2040	 129	 0	 -1911	 
 82	 120	 2040	 126	 0	 -1914	 
 82	 120	 2040	 136	 0	 -1904	 
 82	 120	 2040	 140	 0	 -1900	 
 82	 120	 2040	 127	 0	 -1913	 
 82	 120	 2040	 139	 0	 -1901	 
 82	 120	 2040	 130	 0	 -1910	 
 82	 120	 2040	 138	 0	 -1902	 
 82	 120	 2040	 128	 0	 -1912	 
 82	 120	 2040	 134	 0	 -1906	 
 82	 120	 2040	 138	 0	 -1902	 
 82	 120	 2040	 128	 0	 -1912	 
 82	 120	 2040	 137	 0	 -1903	 
 82	 120	 2040	 133	 0	 -1907	 
 82	 120	 2040	 123	 0	 -1917	 
 82	 120	 2040	 127	 0	 -1913	 
 82	 120	 2040	 140	 0	 -1900	 
 82	 120	 2040	 132	 0	 -1908	 
 82	 120	 2040	 126	 0	 -1914	 
 82	 120	 2040	 131	 0	 -1909	 
 82	 120	 2040	 122	 0	 -1918	 
 82	 120	 2040	 128	 0	 -1912	 
 82	 120	 2040	 133	 0	 -1907	 
 82	 120	 2040	 132	 0	 -1908	 
 82	 120	 2040	 136	 0	 -1904	 
 82	 120	 2040	 129	 0	 -1911	 
 82	 120	 2040	 124	 0	 -1916	 
 82	 120	 2040	 137	 0	 -1903	 
 82	 120	 2040	 121	 0	 -1919	 
 82	 120	 2040	 129	 0	 -1911	 
 82	 120	 2040	 127	 0	 -1913	 
 82	 120	 2040	 124	 0	 -1916	 
 82	 120	 2040	 128	 0	 -1912	 
 82	 120	 2040	 130	 0	 -1910	 
 82	 120	 2040	 131	 0	 -1909	 
 82	 120	 2040	 138	 0	 -1902	 
 82	 120	 2040	 121	 0	 -1919	 
 82	 120	 2040	 132	 0	 -1908	 
 82	 120	 2040	 127	 0	 -1913	 
 82	 120	 2040	 130	 0	 -1910	 
 82	 120	 2040	 121	 0	 -1919	 
 82	 120	 2040	 132	 0	 -1908	 
 82	 120	 2040	 128	 0	 -1912	 
 82	 120	 2040	 123	 0	 -1917	 
 82	 120	 2040	 139	 0	 -1901	 
 82	 120	 2040	 126	 0	 -1914	 
 82	 120	 2040	 122	 0	 -1918	 
 82	 120	 2040	 130	 0	 -1910	 
 82	 120	 2040	 129	 0	 -1911	 
 82	 120	 2040	 128	 0	 -1912	 
 82	 120	 2040	 131	 0	 -1909	 
 82	 120	 2040	 127	 0	 -1913	 
 82	 120	 2040	 138	 0	 -1902	 
 82	 120	 2040	 138	 0	 -1902	 
 82	 120	 2040	 135	 0	 -1905	 
 82	 120	 2040	 125	 0	 -1915	 
 82	 120	 2040	 133	 0	 -1907	 
 82	 120	 2040	 129	 0	 -1911	 
 82	 120	 2040	 132	 0	 -1908	 
 82	 120	 2040	 139	 0	 -1901	 
 82	 120	 2040	 129	 0	 -1911	 
 82	 120	 2040	 140	 0	 -1900	 
 82	 120	 2040	 136	 0	 -1904	 
 82	 120	 2040	 129	 0	 -1911	 
 82	 120	 2040	 130	 0	 -1910	 
 82	 120	 2040	 136	 0	 -1904	 
 82	 120	 2040	 127	 0	 -1913	 
 82	 120	 2040	 128	 0	 -1912	 
 82	 120	 2040	 133	 0	 -1907	 
 82	 120	 2040	 138	 0	 -1902	 
 82	 120	 2040	 126	 0	 -1914	 
 82	 120	 2040	 139	 0	 -1901	 
 82	 120	 2040	 125	 0	 -1915	 
 82	 120	 2040	 139	 0	 -1901	 
 82	 120	 2040	 135	 0	 -1905	 
 82	 120	 2040	 130	 0	 -1910	 
 82	 120	 2040	 122	 0	 -1918	 
 82	 120	 2040	 123	 0	 -1917	 
 82	 120	 2040	 126	 0	 -1914	 
 0	 0	 0	 0	 0	 0	 
 0	 0	 0	 0	 0	 0	 
 60	 84	 2040	 96	 1	 -1944	 
 60	 84	 2040	 96	 1	 -1944	 
 60	 84	 2040	 89	 1	 -1951	 
 60	 84	 2040	 88	 1	 -1952	 
 60	 84	 2040	 89	 1	 -1951	 
 60	 84	 2040	 88	 1	 -1952	 
 60	 84	 2040	 85	 1	 -1955	 
 60	 84	 2040	 86	 1	 -1954	 
 60	 84	 2040	 86	 1	 -1954	 
 60	 84	 2040	 86	 1	 -1954	 
 60	 84	 2040	 86	 1	 -1954	 
 60	 84	 2040	 87	 1	 -1953	 
 60	 84	 2040	 88	 1	 -1952	 
 60	 84	 2040	 88	 1	 -1952	 
 60	 84	 2040	 95	 1	 -1945	 
 60	 84	 2040	 89	 1	 -1951	 
 60	 84	 2040	 95	 1	 -1945	 
 60	 84	 2040	 95	 1	 -1945	 
 60	 84	 2040	 91	 1	 -1949	 
 60	 84	 2040	 92	 1	 -1948	 
 60	 84	 2040	 91	 1	 -1949	 
 60	 84	 2040	 88	 1	 -1952	 
 60	 84	 2040	 94	 1	 -1946	 
 60	 84	 2040	 95	 1	 -1945	 
 60	 84	 2040	 94	 1	 -1946	 
 60	 84	 2040	 86	 1	 -1954	 
 60	 84	 2040	 88	 1	 -1952	 
 60	 84	 2040	 91	 1	 -1949	 
 60	 84	 2040	 96	 1	 -1944	 
 60	 84	 2040	 91	 1	 -1949	 
 60	 84	 2040	 93	 1	 -1947	 
 60	 84	 2040	 93	 1	 -1947	 
 60	 84	 2040	 97	 1	 -1943	 
 60	 84	 2040	 85	 1	 -1955	 
 60	 84	 2040	 93	 1	 -1947	 
 60	 84	 2040	 85	 1	 -1955	 
 60	 84	 2040	 85	 1	 -1955	 
 60	 84	 2040	 94	 1	 -1946	 
 60	 84	 2040	 85	 1	 -1955	 
 60	 84	 2040	 97	 1	 -1943	 
 60	 84	 2040	 94	 1	 -1946	 
 60	 84	 2040	 91	 1	 -1949	 
 60	 84	 2040	 89	 1	 -1951	 
 60	 84	 2040	 95	 1	 -1945	 
 60	 84	 2040	 93	 1	 -1947	 
 60	 84	 2040	 96	 1	 -1944	 
 60	 84	 2040	 88	 1	 -1952	 
 60	 84	 2040	 91	 1	 -1949	 
 60	 84	 2040	 88	 1	 -1952	 
 60	 84	 2040	 93	 1	 -1947	 
 60	 84	 2040	 91	 1	 -1949	 
 60	 84	 2040	 89	 1	 -1951	 
 60	 84	 2040	 89	 1	 -1951	 
 60	 84	 2040	 85	 1	 -1955	 
 60	 84	 2040	 94	 1	 -1946	 
 60	 84	 2040	 91	 1	 -1949	 
 60	 84	 2040	 96	 1	 -1944	 
 60	 84	 2040	 93	 1	 -1947	 
 60	 84	 2040	 90	 1	 -1950	 
 60	 84	 2040	 88	 1	 -1952	 
 60	 84	 2040	 95	 1	 -1945	 
 60	 84	 2040	 88	 1	 -1952	 
 60	 84	 2040	 86	 1	 -1954	 
 60	 84	 2040	 92	 1	 -1948	 
 60	 84	 2040	 86	 1	 -1954	 
 60	 84	 2040	 86	 1	 -1954	 
 60	 84	 2040	 94	 1	 -1946	 
 60	 84	 2040	 93	 1	 -1947	 
 60	 84	 2040	 94	 1	 -1946	 
 60	 84	 2040	 89	 1	 -1951	 
 60	 84	 2040	 90	 1	 -1950	 
 60	 84	 2040	 86	 1	 -1954	 
 60	 84	 2040	 87	 1	 -1953	 
 60	 84	 2040	 91	 1	 -1949	 
 60	 84	 2040	 95	 1	 -1945	 
 60	 84	 2040	 91	 1	 -1949	 
 60	 84	 2040	 87	 1	 -1953	 
 60	 84	 2040	 88	 1	 -1952	 
 60	 84	 2040	 89	 1	 -1951	 
 60	 84	 2040	 93	 1	 -1947	 
 60	 84	 2040	 88	 1	 -1952	 
 60	 84	 2040	 87	 1	 -1953	 
 60	 84	 2040	 95	 1	 -1945	 
 60	 84	 2040	 93	 1	 -1947	 
 60	 84	 2040	 89	 1	 -1951	 
 60	 84	 2040	 97	 1	 -1943	 
 60	 84	 2040	 91	 1	 -1949	 
 60	 84	 2040	 89	 1	 -1951	 
 60	 84	 2040	 88	 1	 -1952	 
 60	 84	 2040	 90	 1	 -1950	 
 60	 84	 2040	 96	 1	 -1944	 
 60	 84	 2040	 94	 1	 -1946	 
 60	 84	 2040	 85	 1	 -1955	 
 60	 84	 2040	 89	 1	 -1951	 
 60	 84	 2040	 88	 1	 -1952	 
 60	 84	 2040	 93	 1	 -1947	 
 60	 84	 2040	 85	 1	 -1955	 
 60	 84	 2040	 96	 1	 -1944	 
 60	 84	 2040	 93	 1	 -1947	 
 0	 0	 0	 0	 0	 0	 
 0	 0	 0	 0	 0	 0	 
 82	 120	 2040	 123	 0	 -1917	 
 82	 120	 2040	 136	 0	 -1904	 
 82	 120	 2040	 129	 0	 -1911	 
 82	 120	 2040	 133	 0	 -1907	 
 82	 120	 2040	 131	 0	 -1909	 
 82	 120	 2040	 138	 0	 -1902	 
 82	 120	 2040	 132	 0	 -1908	 
 82	 120	 2040	 138	 0	 -1902	 
 82	 120	 2040	 136	 0	 -1904	 
 82	 120	 2040	 134	 0	 -1906	 
 82	 120	 2040	 126	 0	 -1914	 
 82	 120	 2040	 134	 0	 -1906	 
 82	 120	 2040	 136	 0	 -1904	 
 82	 120	 2040	 123	 0	 -1917	 
 82	 120	 2040	 121	 0	 -1919	 
 82	 120	 2040	 137	 0	 -1903	 
 82	 120	 2040	 138	 0	 -1902	 
 82	 120	 2040	 133	 0	 -1907	 
 82	 120	 2040	 125	 0	 -1915	 
 82	 120	 2040	 128	 0	 -1912	 
 82	 120	 2040	 122	 0	 -1918	 
 82	 120	 2040	 134	 0	 -1906	 
 82	 120	 2040	 135	 0	 -1905	 
 82	 120	 2040	 128	 0	 -1912	 
 82	 120	 2040	 124	 0	 -1916	 
 82	 120	 2040	 140	 0	 -1900	 
 82	 120	 2040	 130	 0	 -1910	 
 82	 120	 2040	 131	 0	 -1909	 
 82	 120	 2040	 127	 0	 -1913	 
 82	 120	 2040	 138	 0	 -1902	 
 82	 120	 2040	 126	 0	 -1914	 
 82	 120	 2040	 125	 0	 -1915	 
 82	 120	 2040	 133	 0	 -1907	 
 82	 120	 2040	 125	 0	 -1915	 
 82	 120	 2040	 132	 0	 -1908	 
 82	 120	 2040	 122	 0	 -1918	 
 82	 120	 2040	 136	 0	 -1904	 
 82	 120	 2040	 128	 0	 -1912	 
 82	 120	 2040	 135	 0	 -1905	 
 82	 120	 2040	 128	 0	 -1912	 
 82	 120	 2040	 121	 0	 -1919	 
 82	 120	 2040	 133	 0	 -1907	 
 82	 120	 2040	 140	 0	 -1900	 
 82	 120	 2040	 134	 0	 -1906	 
 82	 120	 2040	 134	 0	 -1906	 
 82	 120	 2040	 139	 0	 -1901	 
 82	 120	 2040	 122	 0	 -1918	 
 82	 120	 2040	 126	 0	 -1914	 
 82	 120	 2040	 124	 0	 -1916	 
 82	 120	 2040	 129	 0	 -1911	 
 82	 120	 2040	 134	 0	 -1906	 
 82	 120	 2040	 135	 0	 -1905	 
 82	 120	 2040	 134	 0	 -1906	 
 82	 120	 2040	 133	 0	 -1907	 
 82	 120	 2040	 129	 0	 -1911	 
 82	 120	 2040	 121	 0	 -1919	 
 82	 120	 2040	 128	 0	 -1912	 
 82	 120	 2040	 129	 0	 -1911	 
 82	 120	 2040	 136	 0	 -1904	 
 82	 120	 2040	 125	 0	 -1915	 
 82	 120	 2040	 128	 0	 -1912	 
 82	 120	 2040	 138	 0	 -1902	 
 82	 120	 2040	 133	 0	 -1907	 
 82	 120	 2040	 121	 0	 -1919	 
 82	 120	 2040	 139	 0	 -1901	 
 82	 120	 2040	 121	 0	 -1919	 
 82	 120	 2040	 129	 0	 -1911	 
 82	 120	 2040	 134	 0	 -1906	 
 82	 120	 2040	 137	 0	 -1903	 
 82	 120	 2040	 136	 0	 -1904	 
 82	 120	 2040	 127	 0	 -1913	 
 82	 120	 2040	 126	 0	 -1914	 
 82	 120	 2040	 138	 0	 -1902	 
 82	 120	 2040	 132	 0	 -1908	 
 82	 120	 2040	 132	 0	 -1908	 
 82	 120	 2040	 124	 0	 -1916	 
 82	 120	 2040	 134	 0	 -1906	 
 82	 120	 2040	 126	 0	 -1914	 
 82	 120	 2040	 137	 0	 -1903	 
 82	 120	 2040	 132	 0	 -1908	 
 82	 120	 2040	 128	 0	 -1912	 
 82	 120	 2040	 122	 0	 -1918	 
 82	 120	 2040	 133	 0	 -1907	 
 82	 120	 2040	 139	 0	 -1901	 
 82	 120	 2040	 138	 0	 -1902	 
 82	 120	 2040	 123	 0	 -1917	 
 82	 120	 2040	 122	 0	 -1918	 
 82	 120	 2040	 140	 0	 -1900	 
 82	 120	 2040	 121	 0	 -1919	 
 82	 120	 2040	 126	 0	 -1914	 
 82	 120	 2040	 122	 0	 -1918	 
 82	 120	 2040	 130	 0	 -1910	 
 82	 120	 2040	 135	 0	 -1905	 
 82	 120	 2040	 134	 0	 -1906	 
 82	 120	 2040	 131	 0	 -1909	 
 82	 120	 2040	 123	 0	 -1917	 
 82	 120	 2040	 132	 0	 -1908	 
 82	 120	 2040	 125	 0	 -1915	 
 82	 120	 2040	 137	 0	 -1903	 
 0	 0	 0	 0	 0	 0	 
 0	 0	 0	 0	 0	 0	 
 61	 93	 2040	 102	 0	 -1938	 
 61	 93	 2040	 98	 0	 -1942	 
 61	 93	 2040	 107	 0	 -1933	 
 61	 93	 2040	 98	 0	 -1942	 
 61	 93	 2040	 100	 0	 -1940	 
 61	 93	 2040	 104	 0	 -1936	 
 61	 93	 2040	 107	 0	 -1933	 
 61	 93	 2040	 101	 0	 -1939	 
 61	 93	 2040	 95	 0	 -1945	 
 61	 93	 2040	 101	 0	 -1939	 
 61	 93	 2040	 99	 0	 -1941	 
 61	 93	 2040	 99	 0	 -1941	 
 61	 93	 2040	 104	 0	 -1936	 
 61	 93	 2040	 105	 0	 -1935	 
 61	 93	 2040	 101	 0	 -1939	 
 61	 93	 2040	 99	 0	 -1941	 
 61	 93	 2040	 103	 0	 -1937	 
 61	 93	 2040	 102	 0	 -1938	 
 61	 93	 2040	 103	 0	 -1937	 
 61	 93	 2040	 101	 0	 -1939	 
 61	 93	 2040	 97	 0	 -1943	 
 61	 93	 2040	 107	 0	 -1933	 
 61	 93	 2040	 102	 0	 -1938	 
 61	 93	 2040	 108	 0	 -1932	 
 61	 93	 2040	 95	 0	 -1945	 
 61	 93	 2040	 94	 0	 -1946	 
 61	 93	 2040	 102	 0	 -1938	 
 61	 93	 2040	 94	 0	 -1946	 
 61	 93	 2040	 106	 0	 -1934	 
 61	 93	 2040	 106	 0	 -1934	 
 61	 93	 2040	 99	 0	 -1941	 
 61	 93	 2040	 99	 0	 -1941	 
 61	 93	 2040	 105	 0	 -1935	 
 61	 93	 2040	 110	 0	 -1930	 
 61	 93	 2040	 104	 0	 -1936	 
 61	 93	 2040	 95	 0	 -1945	 
 61	 93	 2040	 103	 0	 -1937	 
 61	 93	 2040	 103	 0	 -1937	 
 61	 93	 2040	 95	 0	 -1945	 
 61	 93	 2040	 105	 0	 -1935	 
 61	 93	 2040	 104	 0	 -1936	 
 61	 93	 2040	 97	 0	 -1943	 
 61	 93	 2040	 95	 0	 -1945	 
 61	 93	 2040	 96	 0	 -1944	 
 61	 93	 2040	 108	 0	 -1932	 
 61	 93	 2040	 102	 0	 -1938	 
 61	 93	 2040	 108	 0	 -1932	 
 61	 93	 2040	 102	 0	 -1938	 
 61	 93	 2040	 106	 0	 -1934	 
 61	 93	 2040	 100	 0	 -1940	 
 61	 93	 2040	 99	 0	 -1941	 
 61	 93	 2040	 103	 0	 -1937	 
 61	 93	 2040	 98	 0	 -1942	 
 61	 93	 2040	 100	 0	 -1940	 
 61	 93	 2040	 99	 0	 -1941	 
 61	 93	 2040	 105	 0	 -1935	 
 61	 93	 2040	 108	 0	 -1932	 
 61	 93	 2040	 105	 0	 -1935	 
 61	 93	 2040	 106	 0	 -1934	 
 61	 93	 2040	 106	 0	 -1934	 
 61	 93	 2040	 109	 0	 -1931	 
 61	 93	 2040	 109	 0	 -1931	 
 61	 93	 2040	 104	 0	 -1936	 
 61	 93	 2040	 109	 0	 -1931	 
 61	 93	 2040	 98	 0	 -1942	 
 61	 93	 2040	 101	 0	 -1939	 
 61	 93	 2040	 110	 0	 -1930	 
 61	 93	 2040	 94	 0	 -1946	 
 61	 93	 2040	 102	 0	 -1938	 
 61	 93	 2040	 96	 0	 -1944	 
 61	 93	 2040	 107	 0	 -1933	 
 61	 93	 2040	 97	 0	 -1943	 
 61	 93	 2040	 107	 0	 -1933	 
 61	 93	 2040	 97	 0	 -1943	 
 61	 93	 2040	 98	 0	 -1942	 
 61	 93	 2040	 107	 0	 -1933	 
 61	 93	 2040	 94	 0	 -1946	 
 61	 93	 2040	 108	 0	 -1932	 
 61	 93	 2040	 98	 0	 -1942	 
 61	 93	 2040	 105	 0	 -1935	 
 61	 93	 2040	 97	 0	 -1943	 
 61	 93	 2040	 103	 0	 -1937	 
 61	 93	 2040	 104	 0	 -1936	 
 61	 93	 2040	 105	 0	 -1935	 
 61	 93	 2040	 94	 0	 -1946	 
 61	 93	 2040	 102	 0	 -1938	 
 61	 93	 2040	 108	 0	 -1932	 
 61	 93	 2040	 95	 0	 -1945	 
 61	 93	 2040	 103	 0	 -1937	 
 61	 93	 2040	 103	 0	 -1937	 
 61	 93	 2040	 102	 0	 -1938	 
 61	 93	 2040	 104	 0	 -1936	 
 61	 93	 2040	 100	 0	 -1940	 
 61	 93	 2040	 106	 0	 -1934	 
 61	 93	 2040	 98	 0	 -1942	 
 61	 93	 2040	 97	 0	 -1943	 
 61	 93	 2040	 100	 0	 -1940	 
 61	 93	 2040	 94	 0	 -1946	 
 61	 93	 2040	 101	 0	 -1939	 
 0	 0	 0	 0	 0	 0	 
 