2.192983e-01	 1.226982e-01	 3.141990e-02	 4.768533e-01	 1.505717e-01	 8.753417e+00	 
 1.778591e-01	 7.248641e-02	 1.895772e-01	 4.270994e-01	 1.334248e-01	 8.227028e+00	 
 1.676970e-01	 6.017303e-02	 2.283619e-01	 4.148983e-01	 1.292340e-01	 8.040841e+00	 
 1.638090e-01	 5.546194e-02	 2.432009e-01	 4.102302e-01	 1.276295e-01	 7.959311e+00	 
 1.620845e-01	 5.337245e-02	 2.497824e-01	 4.081597e-01	 1.269236e-01	 7.920908e+00	 
 1.612701e-01	 5.238557e-02	 2.528909e-01	 4.071819e-01	 1.265838e-01	 7.902244e+00	 
 1.575207e-01	 4.866178e-02	 2.690615e-01	 4.004434e-01	 1.245858e-01	 7.801790e+00	 
 1.566610e-01	 4.861290e-02	 2.717700e-01	 3.994751e-01	 1.237388e-01	 7.783953e+00	 
 1.561211e-01	 5.207178e-02	 2.691387e-01	 4.013672e-01	 1.215189e-01	 7.801940e+00	 
 1.569760e-01	 5.146034e-02	 2.704861e-01	 3.999858e-01	 1.213057e-01	 7.792658e+00	 
 1.577697e-01	 5.089262e-02	 2.717372e-01	 3.987033e-01	 1.211079e-01	 7.784040e+00	 
 1.577571e-01	 5.087653e-02	 2.717834e-01	 3.986895e-01	 1.211037e-01	 7.783724e+00	 
 2.718564e-03	 3.765699e-02	 5.919785e-01	 3.370325e-01	 3.106428e-02	 7.748843e+00	 
 7.258976e-03	 3.175363e-02	 5.772437e-01	 3.437783e-01	 2.453599e-02	 1.046418e+01	 
 