1.318203e-01	 2.715397e-02	 6.919066e-02	 5.489625e-01	 5.158174e+04	 8.613064e+00	 
 1.343896e-01	 2.394919e-02	 9.850763e-02	 5.304602e-01	 5.151548e+04	 8.487493e+00	 
 1.354596e-01	 2.261467e-02	 1.107157e-01	 5.227555e-01	 5.148790e+04	 8.430167e+00	 
 1.359510e-01	 2.200167e-02	 1.163234e-01	 5.192164e-01	 5.147522e+04	 8.402692e+00	 
 1.361869e-01	 2.170746e-02	 1.190147e-01	 5.175179e-01	 5.146914e+04	 8.389233e+00	 
 1.363025e-01	 2.156329e-02	 1.203336e-01	 5.166855e-01	 5.146616e+04	 8.382571e+00	 
 1.363597e-01	 2.149192e-02	 1.209865e-01	 5.162735e-01	 5.146468e+04	 8.379256e+00	 
 1.363882e-01	 2.145641e-02	 1.213113e-01	 5.160685e-01	 5.146395e+04	 8.377603e+00	 
 1.364024e-01	 2.143870e-02	 1.214733e-01	 5.159662e-01	 5.146358e+04	 8.376777e+00	 
 1.324299e-01	 2.150458e-02	 1.376934e-01	 5.094305e-01	 5.144394e+04	 8.304362e+00	 
 1.358198e-01	 2.056300e-02	 1.361489e-01	 5.076086e-01	 5.141350e+04	 8.304997e+00	 
 1.318657e-01	 2.035880e-02	 1.309109e-01	 5.139701e-01	 5.139271e+04	 8.341968e+00	 
 1.284601e-01	 1.993408e-02	 1.064418e-01	 5.314583e-01	 5.137380e+04	 8.466143e+00	 
 2.264327e-01	 9.177231e-09	 2.520964e-01	 3.018782e-01	 4.656290e+04	 5.062460e+00	 
 2.264327e-01	 9.177231e-09	 2.520964e-01	 3.018782e-01	 4.656290e+04	 4.476060e+00	 
 1.647970e-01	 5.146388e-02	 4.486775e-01	 2.510137e-01	 4.808328e+03	 9.044740e+00	 
 