2.229413e-01	 2.650708e-02	 7.477761e-01	 5.098335e-02	 3.917672e+02	 1.046147e+01	 
 2.299832e-01	 3.746646e-03	 7.341515e-01	 5.516608e-02	 3.174125e+02	 1.045237e+01	 
 1.126638e-01	 3.578509e-02	 7.947530e-01	 1.198028e-01	 1.631925e+02	 1.104807e+01	 
 1.564842e-01	 4.354415e-02	 7.657987e-01	 9.810081e-02	 7.662758e+01	 1.105890e+01	 
 2.437805e-01	 1.450513e-02	 7.432294e-01	 3.631497e-02	 5.718932e+01	 9.959079e+00	 
 2.406563e-01	 1.381143e-02	 7.457307e-01	 3.764178e-02	 5.693465e+01	 9.958486e+00	 
 1.830711e-01	 6.274083e-04	 7.526452e-01	 8.675362e-02	 5.228664e+01	 1.080347e+01	 
 1.825520e-01	 1.384487e-03	 7.526020e-01	 8.711171e-02	 4.718652e+01	 1.080115e+01	 
 1.839770e-01	 8.528210e-04	 7.522408e-01	 8.616439e-02	 4.686606e+01	 1.079665e+01	 
 1.799656e-01	 6.940349e-04	 7.533970e-01	 8.888690e-02	 3.271488e+01	 1.062395e+01	 
 1.713532e-01	 1.548385e-03	 7.566042e-01	 9.445474e-02	 3.259304e+01	 1.062394e+01	 
 1.712731e-01	 1.450154e-03	 7.566283e-01	 9.451628e-02	 3.198386e+01	 1.062410e+01	 
 1.711986e-01	 1.449268e-03	 7.566520e-01	 9.456626e-02	 3.139853e+01	 1.062426e+01	 
 1.710677e-01	 1.478058e-03	 7.566929e-01	 9.465196e-02	 3.086692e+01	 1.062428e+01	 
 1.771881e-01	 9.631573e-04	 7.544162e-01	 9.068739e-02	 3.138969e+01	 1.062426e+01	 
 1.711682e-01	 1.460956e-03	 7.566615e-01	 9.458743e-02	 3.119140e+01	 1.062425e+01	 
 1.711808e-01	 1.579773e-03	 7.566568e-01	 9.457024e-02	 3.117849e+01	 1.062423e+01	 
 1.711485e-01	 1.481414e-03	 7.566658e-01	 9.459800e-02	 3.091743e+01	 1.062441e+01	 
 1.846008e-01	 8.896120e-04	 7.521752e-01	 8.565010e-02	 4.590674e+01	 1.079164e+01	 
 1.831498e-01	 1.354296e-03	 7.524132e-01	 8.671277e-02	 4.214147e+01	 1.079576e+01	 
 