s	 e	 nS	 nE	 p	 f
0	 0	 0	 0	 0	 0	 
 36	 50	 1260	 53	 0	 -1207	 
 36	 50	 1260	 52	 0	 -1208	 
 36	 50	 1260	 54	 0	 -1206	 
 36	 50	 1260	 52	 0	 -1208	 
 36	 50	 1260	 53	 0	 -1207	 
 36	 50	 1260	 56	 0	 -1204	 
 36	 50	 1260	 56	 0	 -1204	 
 36	 50	 1260	 52	 0	 -1208	 
 36	 50	 1260	 54	 0	 -1206	 
 36	 50	 1260	 52	 0	 -1208	 
 36	 50	 1260	 56	 0	 -1204	 
 36	 50	 1260	 54	 0	 -1206	 
 36	 50	 1260	 57	 0	 -1203	 
 36	 50	 1260	 52	 0	 -1208	 
 36	 50	 1260	 53	 0	 -1207	 
 36	 50	 1260	 52	 0	 -1208	 
 36	 50	 1260	 51	 0	 -1209	 
 36	 50	 1260	 58	 0	 -1202	 
 36	 50	 1260	 51	 0	 -1209	 
 36	 50	 1260	 57	 0	 -1203	 
 36	 50	 1260	 53	 0	 -1207	 
 36	 50	 1260	 54	 0	 -1206	 
 36	 50	 1260	 57	 0	 -1203	 
 36	 50	 1260	 55	 0	 -1205	 
 36	 50	 1260	 54	 0	 -1206	 
 36	 50	 1260	 56	 0	 -1204	 
 36	 50	 1260	 53	 0	 -1207	 
 36	 50	 1260	 52	 0	 -1208	 
 36	 50	 1260	 58	 0	 -1202	 
 36	 50	 1260	 52	 0	 -1208	 
 36	 50	 1260	 56	 0	 -1204	 
 36	 50	 1260	 52	 0	 -1208	 
 36	 50	 1260	 51	 0	 -1209	 
 36	 50	 1260	 53	 0	 -1207	 
 36	 50	 1260	 51	 0	 -1209	 
 36	 50	 1260	 54	 0	 -1206	 
 36	 50	 1260	 56	 0	 -1204	 
 36	 50	 1260	 51	 0	 -1209	 
 36	 50	 1260	 55	 0	 -1205	 
 36	 50	 1260	 52	 0	 -1208	 
 36	 50	 1260	 57	 0	 -1203	 
 36	 50	 1260	 53	 0	 -1207	 
 36	 50	 1260	 53	 0	 -1207	 
 36	 50	 1260	 54	 0	 -1206	 
 36	 50	 1260	 55	 0	 -1205	 
 36	 50	 1260	 53	 0	 -1207	 
 36	 50	 1260	 54	 0	 -1206	 
 36	 50	 1260	 51	 0	 -1209	 
 36	 50	 1260	 53	 0	 -1207	 
 36	 50	 1260	 54	 0	 -1206	 
 36	 50	 1260	 58	 0	 -1202	 
 36	 50	 1260	 51	 0	 -1209	 
 36	 50	 1260	 55	 0	 -1205	 
 36	 50	 1260	 57	 0	 -1203	 
 36	 50	 1260	 57	 0	 -1203	 
 36	 50	 1260	 54	 0	 -1206	 
 36	 50	 1260	 52	 0	 -1208	 
 36	 50	 1260	 52	 0	 -1208	 
 36	 50	 1260	 53	 0	 -1207	 
 36	 50	 1260	 51	 0	 -1209	 
 36	 50	 1260	 57	 0	 -1203	 
 36	 50	 1260	 51	 0	 -1209	 
 36	 50	 1260	 57	 0	 -1203	 
 36	 50	 1260	 55	 0	 -1205	 
 36	 50	 1260	 51	 0	 -1209	 
 36	 50	 1260	 56	 0	 -1204	 
 36	 50	 1260	 56	 0	 -1204	 
 36	 50	 1260	 53	 0	 -1207	 
 36	 50	 1260	 56	 0	 -1204	 
 36	 50	 1260	 53	 0	 -1207	 
 36	 50	 1260	 57	 0	 -1203	 
 36	 50	 1260	 51	 0	 -1209	 
 36	 50	 1260	 54	 0	 -1206	 
 36	 50	 1260	 53	 0	 -1207	 
 36	 50	 1260	 53	 0	 -1207	 
 36	 50	 1260	 53	 0	 -1207	 
 36	 50	 1260	 54	 0	 -1206	 
 36	 50	 1260	 53	 0	 -1207	 
 36	 50	 1260	 53	 0	 -1207	 
 36	 50	 1260	 53	 0	 -1207	 
 36	 50	 1260	 58	 0	 -1202	 
 36	 50	 1260	 54	 0	 -1206	 
 36	 50	 1260	 58	 0	 -1202	 
 36	 50	 1260	 55	 0	 -1205	 
 36	 50	 1260	 57	 0	 -1203	 
 36	 50	 1260	 51	 0	 -1209	 
 36	 50	 1260	 56	 0	 -1204	 
 36	 50	 1260	 57	 0	 -1203	 
 36	 50	 1260	 58	 0	 -1202	 
 36	 50	 1260	 54	 0	 -1206	 
 36	 50	 1260	 55	 0	 -1205	 
 36	 50	 1260	 58	 0	 -1202	 
 36	 50	 1260	 51	 0	 -1209	 
 36	 50	 1260	 58	 0	 -1202	 
 36	 50	 1260	 53	 0	 -1207	 
 36	 50	 1260	 56	 0	 -1204	 
 36	 50	 1260	 55	 0	 -1205	 
 36	 50	 1260	 57	 0	 -1203	 
 36	 50	 1260	 55	 0	 -1205	 
 0	 0	 0	 0	 0	 0	 
 0	 0	 0	 0	 0	 0	 
 36	 50	 1260	 53	 0	 -1207	 
 36	 50	 1260	 57	 0	 -1203	 
 36	 50	 1260	 55	 0	 -1205	 
 36	 50	 1260	 54	 0	 -1206	 
 36	 50	 1260	 58	 0	 -1202	 
 36	 50	 1260	 52	 0	 -1208	 
 36	 50	 1260	 57	 0	 -1203	 
 36	 50	 1260	 51	 0	 -1209	 
 36	 50	 1260	 53	 0	 -1207	 
 36	 50	 1260	 51	 0	 -1209	 
 36	 50	 1260	 54	 0	 -1206	 
 36	 50	 1260	 51	 0	 -1209	 
 36	 50	 1260	 51	 0	 -1209	 
 36	 50	 1260	 52	 0	 -1208	 
 36	 50	 1260	 57	 0	 -1203	 
 36	 50	 1260	 51	 0	 -1209	 
 36	 50	 1260	 53	 0	 -1207	 
 36	 50	 1260	 56	 0	 -1204	 
 36	 50	 1260	 52	 0	 -1208	 
 36	 50	 1260	 56	 0	 -1204	 
 36	 50	 1260	 57	 0	 -1203	 
 36	 50	 1260	 54	 0	 -1206	 
 36	 50	 1260	 54	 0	 -1206	 
 36	 50	 1260	 51	 0	 -1209	 
 36	 50	 1260	 56	 0	 -1204	 
 36	 50	 1260	 51	 0	 -1209	 
 36	 50	 1260	 51	 0	 -1209	 
 36	 50	 1260	 56	 0	 -1204	 
 36	 50	 1260	 51	 0	 -1209	 
 36	 50	 1260	 57	 0	 -1203	 
 36	 50	 1260	 54	 0	 -1206	 
 36	 50	 1260	 54	 0	 -1206	 
 36	 50	 1260	 54	 0	 -1206	 
 36	 50	 1260	 51	 0	 -1209	 
 36	 50	 1260	 53	 0	 -1207	 
 36	 50	 1260	 53	 0	 -1207	 
 36	 50	 1260	 54	 0	 -1206	 
 36	 50	 1260	 52	 0	 -1208	 
 36	 50	 1260	 52	 0	 -1208	 
 36	 50	 1260	 51	 0	 -1209	 
 36	 50	 1260	 54	 0	 -1206	 
 36	 50	 1260	 57	 0	 -1203	 
 36	 50	 1260	 53	 0	 -1207	 
 36	 50	 1260	 53	 0	 -1207	 
 36	 50	 1260	 51	 0	 -1209	 
 36	 50	 1260	 58	 0	 -1202	 
 36	 50	 1260	 55	 0	 -1205	 
 36	 50	 1260	 54	 0	 -1206	 
 36	 50	 1260	 53	 0	 -1207	 
 36	 50	 1260	 55	 0	 -1205	 
 36	 50	 1260	 53	 0	 -1207	 
 36	 50	 1260	 56	 0	 -1204	 
 36	 50	 1260	 56	 0	 -1204	 
 36	 50	 1260	 54	 0	 -1206	 
 36	 50	 1260	 58	 0	 -1202	 
 36	 50	 1260	 54	 0	 -1206	 
 36	 50	 1260	 54	 0	 -1206	 
 36	 50	 1260	 56	 0	 -1204	 
 36	 50	 1260	 56	 0	 -1204	 
 36	 50	 1260	 54	 0	 -1206	 
 36	 50	 1260	 51	 0	 -1209	 
 36	 50	 1260	 56	 0	 -1204	 
 36	 50	 1260	 57	 0	 -1203	 
 36	 50	 1260	 55	 0	 -1205	 
 36	 50	 1260	 56	 0	 -1204	 
 36	 50	 1260	 58	 0	 -1202	 
 36	 50	 1260	 51	 0	 -1209	 
 36	 50	 1260	 54	 0	 -1206	 
 36	 50	 1260	 53	 0	 -1207	 
 36	 50	 1260	 52	 0	 -1208	 
 36	 50	 1260	 51	 0	 -1209	 
 36	 50	 1260	 52	 0	 -1208	 
 36	 50	 1260	 53	 0	 -1207	 
 36	 50	 1260	 52	 0	 -1208	 
 36	 50	 1260	 56	 0	 -1204	 
 36	 50	 1260	 53	 0	 -1207	 
 36	 50	 1260	 52	 0	 -1208	 
 36	 50	 1260	 55	 0	 -1205	 
 36	 50	 1260	 52	 0	 -1208	 
 36	 50	 1260	 57	 0	 -1203	 
 36	 50	 1260	 55	 0	 -1205	 
 36	 50	 1260	 54	 0	 -1206	 
 36	 50	 1260	 53	 0	 -1207	 
 36	 50	 1260	 57	 0	 -1203	 
 36	 50	 1260	 53	 0	 -1207	 
 36	 50	 1260	 52	 0	 -1208	 
 36	 50	 1260	 54	 0	 -1206	 
 36	 50	 1260	 57	 0	 -1203	 
 36	 50	 1260	 55	 0	 -1205	 
 36	 50	 1260	 56	 0	 -1204	 
 36	 50	 1260	 52	 0	 -1208	 
 36	 50	 1260	 52	 0	 -1208	 
 36	 50	 1260	 51	 0	 -1209	 
 36	 50	 1260	 58	 0	 -1202	 
 36	 50	 1260	 55	 0	 -1205	 
 36	 50	 1260	 55	 0	 -1205	 
 36	 50	 1260	 57	 0	 -1203	 
 36	 50	 1260	 57	 0	 -1203	 
 36	 50	 1260	 55	 0	 -1205	 
 0	 0	 0	 0	 0	 0	 
 0	 0	 0	 0	 0	 0	 
 36	 50	 1260	 56	 0	 -1204	 
 36	 50	 1260	 51	 0	 -1209	 
 36	 50	 1260	 55	 0	 -1205	 
 36	 50	 1260	 53	 0	 -1207	 
 36	 50	 1260	 53	 0	 -1207	 
 36	 50	 1260	 57	 0	 -1203	 
 36	 50	 1260	 53	 0	 -1207	 
 36	 50	 1260	 51	 0	 -1209	 
 36	 50	 1260	 53	 0	 -1207	 
 36	 50	 1260	 51	 0	 -1209	 
 36	 50	 1260	 55	 0	 -1205	 
 36	 50	 1260	 55	 0	 -1205	 
 36	 50	 1260	 58	 0	 -1202	 
 36	 50	 1260	 54	 0	 -1206	 
 36	 50	 1260	 51	 0	 -1209	 
 36	 50	 1260	 52	 0	 -1208	 
 36	 50	 1260	 54	 0	 -1206	 
 36	 50	 1260	 51	 0	 -1209	 
 36	 50	 1260	 54	 0	 -1206	 
 36	 50	 1260	 53	 0	 -1207	 
 36	 50	 1260	 52	 0	 -1208	 
 36	 50	 1260	 56	 0	 -1204	 
 36	 50	 1260	 56	 0	 -1204	 
 36	 50	 1260	 54	 0	 -1206	 
 36	 50	 1260	 54	 0	 -1206	 
 36	 50	 1260	 53	 0	 -1207	 
 36	 50	 1260	 55	 0	 -1205	 
 36	 50	 1260	 55	 0	 -1205	 
 36	 50	 1260	 53	 0	 -1207	 
 36	 50	 1260	 56	 0	 -1204	 
 36	 50	 1260	 56	 0	 -1204	 
 36	 50	 1260	 56	 0	 -1204	 
 36	 50	 1260	 53	 0	 -1207	 
 36	 50	 1260	 56	 0	 -1204	 
 36	 50	 1260	 54	 0	 -1206	 
 36	 50	 1260	 56	 0	 -1204	 
 36	 50	 1260	 52	 0	 -1208	 
 36	 50	 1260	 54	 0	 -1206	 
 36	 50	 1260	 56	 0	 -1204	 
 36	 50	 1260	 53	 0	 -1207	 
 36	 50	 1260	 55	 0	 -1205	 
 36	 50	 1260	 55	 0	 -1205	 
 36	 50	 1260	 53	 0	 -1207	 
 36	 50	 1260	 52	 0	 -1208	 
 36	 50	 1260	 52	 0	 -1208	 
 36	 50	 1260	 52	 0	 -1208	 
 36	 50	 1260	 56	 0	 -1204	 
 36	 50	 1260	 52	 0	 -1208	 
 36	 50	 1260	 55	 0	 -1205	 
 36	 50	 1260	 54	 0	 -1206	 
 36	 50	 1260	 51	 0	 -1209	 
 36	 50	 1260	 57	 0	 -1203	 
 36	 50	 1260	 52	 0	 -1208	 
 36	 50	 1260	 51	 0	 -1209	 
 36	 50	 1260	 51	 0	 -1209	 
 36	 50	 1260	 53	 0	 -1207	 
 36	 50	 1260	 52	 0	 -1208	 
 36	 50	 1260	 53	 0	 -1207	 
 36	 50	 1260	 56	 0	 -1204	 
 36	 50	 1260	 54	 0	 -1206	 
 36	 50	 1260	 52	 0	 -1208	 
 36	 50	 1260	 57	 0	 -1203	 
 36	 50	 1260	 57	 0	 -1203	 
 36	 50	 1260	 56	 0	 -1204	 
 36	 50	 1260	 51	 0	 -1209	 
 36	 50	 1260	 55	 0	 -1205	 
 36	 50	 1260	 57	 0	 -1203	 
 36	 50	 1260	 53	 0	 -1207	 
 36	 50	 1260	 52	 0	 -1208	 
 36	 50	 1260	 57	 0	 -1203	 
 36	 50	 1260	 51	 0	 -1209	 
 36	 50	 1260	 57	 0	 -1203	 
 36	 50	 1260	 56	 0	 -1204	 
 36	 50	 1260	 55	 0	 -1205	 
 36	 50	 1260	 52	 0	 -1208	 
 36	 50	 1260	 54	 0	 -1206	 
 36	 50	 1260	 53	 0	 -1207	 
 36	 50	 1260	 52	 0	 -1208	 
 36	 50	 1260	 56	 0	 -1204	 
 36	 50	 1260	 51	 0	 -1209	 
 36	 50	 1260	 54	 0	 -1206	 
 36	 50	 1260	 51	 0	 -1209	 
 36	 50	 1260	 51	 0	 -1209	 
 36	 50	 1260	 53	 0	 -1207	 
 36	 50	 1260	 54	 0	 -1206	 
 36	 50	 1260	 54	 0	 -1206	 
 36	 50	 1260	 52	 0	 -1208	 
 36	 50	 1260	 56	 0	 -1204	 
 36	 50	 1260	 55	 0	 -1205	 
 36	 50	 1260	 56	 0	 -1204	 
 36	 50	 1260	 51	 0	 -1209	 
 36	 50	 1260	 56	 0	 -1204	 
 36	 50	 1260	 56	 0	 -1204	 
 36	 50	 1260	 57	 0	 -1203	 
 36	 50	 1260	 56	 0	 -1204	 
 36	 50	 1260	 52	 0	 -1208	 
 36	 50	 1260	 54	 0	 -1206	 
 36	 50	 1260	 56	 0	 -1204	 
 36	 50	 1260	 52	 0	 -1208	 
 0	 0	 0	 0	 0	 0	 
 0	 0	 0	 0	 0	 0	 
 22	 33	 1260	 34	 0	 -1226	 
 22	 33	 1260	 38	 0	 -1222	 
 22	 33	 1260	 39	 0	 -1221	 
 22	 33	 1260	 36	 0	 -1224	 
 22	 33	 1260	 38	 0	 -1222	 
 22	 33	 1260	 38	 0	 -1222	 
 22	 33	 1260	 38	 0	 -1222	 
 22	 33	 1260	 35	 0	 -1225	 
 22	 33	 1260	 36	 0	 -1224	 
 22	 33	 1260	 39	 0	 -1221	 
 22	 33	 1260	 36	 0	 -1224	 
 22	 33	 1260	 35	 0	 -1225	 
 22	 33	 1260	 39	 0	 -1221	 
 22	 33	 1260	 36	 0	 -1224	 
 22	 33	 1260	 39	 0	 -1221	 
 22	 33	 1260	 35	 0	 -1225	 
 22	 33	 1260	 38	 0	 -1222	 
 22	 33	 1260	 34	 0	 -1226	 
 22	 33	 1260	 38	 0	 -1222	 
 22	 33	 1260	 36	 0	 -1224	 
 22	 33	 1260	 34	 0	 -1226	 
 22	 33	 1260	 36	 0	 -1224	 
 22	 33	 1260	 37	 0	 -1223	 
 22	 33	 1260	 36	 0	 -1224	 
 22	 33	 1260	 38	 0	 -1222	 
 22	 33	 1260	 36	 0	 -1224	 
 22	 33	 1260	 39	 0	 -1221	 
 22	 33	 1260	 39	 0	 -1221	 
 22	 33	 1260	 39	 0	 -1221	 
 22	 33	 1260	 39	 0	 -1221	 
 22	 33	 1260	 37	 0	 -1223	 
 22	 33	 1260	 37	 0	 -1223	 
 22	 33	 1260	 39	 0	 -1221	 
 22	 33	 1260	 34	 0	 -1226	 
 22	 33	 1260	 37	 0	 -1223	 
 22	 33	 1260	 38	 0	 -1222	 
 22	 33	 1260	 36	 0	 -1224	 
 22	 33	 1260	 38	 0	 -1222	 
 22	 33	 1260	 34	 0	 -1226	 
 22	 33	 1260	 35	 0	 -1225	 
 22	 33	 1260	 37	 0	 -1223	 
 22	 33	 1260	 36	 0	 -1224	 
 22	 33	 1260	 37	 0	 -1223	 
 22	 33	 1260	 37	 0	 -1223	 
 22	 33	 1260	 37	 0	 -1223	 
 22	 33	 1260	 35	 0	 -1225	 
 22	 33	 1260	 36	 0	 -1224	 
 22	 33	 1260	 37	 0	 -1223	 
 22	 33	 1260	 36	 0	 -1224	 
 22	 33	 1260	 34	 0	 -1226	 
 22	 33	 1260	 35	 0	 -1225	 
 22	 33	 1260	 36	 0	 -1224	 
 22	 33	 1260	 39	 0	 -1221	 
 22	 33	 1260	 36	 0	 -1224	 
 22	 33	 1260	 36	 0	 -1224	 
 22	 33	 1260	 39	 0	 -1221	 
 22	 33	 1260	 39	 0	 -1221	 
 22	 33	 1260	 39	 0	 -1221	 
 22	 33	 1260	 36	 0	 -1224	 
 22	 33	 1260	 36	 0	 -1224	 
 22	 33	 1260	 36	 0	 -1224	 
 22	 33	 1260	 37	 0	 -1223	 
 22	 33	 1260	 35	 0	 -1225	 
 22	 33	 1260	 36	 0	 -1224	 
 22	 33	 1260	 38	 0	 -1222	 
 22	 33	 1260	 39	 0	 -1221	 
 22	 33	 1260	 39	 0	 -1221	 
 22	 33	 1260	 34	 0	 -1226	 
 22	 33	 1260	 39	 0	 -1221	 
 22	 33	 1260	 35	 0	 -1225	 
 22	 33	 1260	 35	 0	 -1225	 
 22	 33	 1260	 36	 0	 -1224	 
 22	 33	 1260	 35	 0	 -1225	 
 22	 33	 1260	 35	 0	 -1225	 
 22	 33	 1260	 38	 0	 -1222	 
 22	 33	 1260	 35	 0	 -1225	 
 22	 33	 1260	 34	 0	 -1226	 
 22	 33	 1260	 34	 0	 -1226	 
 22	 33	 1260	 38	 0	 -1222	 
 22	 33	 1260	 37	 0	 -1223	 
 22	 33	 1260	 34	 0	 -1226	 
 22	 33	 1260	 37	 0	 -1223	 
 22	 33	 1260	 39	 0	 -1221	 
 22	 33	 1260	 36	 0	 -1224	 
 22	 33	 1260	 39	 0	 -1221	 
 22	 33	 1260	 36	 0	 -1224	 
 22	 33	 1260	 37	 0	 -1223	 
 22	 33	 1260	 36	 0	 -1224	 
 22	 33	 1260	 36	 0	 -1224	 
 22	 33	 1260	 34	 0	 -1226	 
 22	 33	 1260	 39	 0	 -1221	 
 22	 33	 1260	 38	 0	 -1222	 
 22	 33	 1260	 35	 0	 -1225	 
 22	 33	 1260	 38	 0	 -1222	 
 22	 33	 1260	 35	 0	 -1225	 
 22	 33	 1260	 34	 0	 -1226	 
 22	 33	 1260	 37	 0	 -1223	 
 22	 33	 1260	 34	 0	 -1226	 
 22	 33	 1260	 35	 0	 -1225	 
 0	 0	 0	 0	 0	 0	 
 0	 0	 0	 0	 0	 0	 
 36	 50	 1260	 52	 0	 -1208	 
 36	 50	 1260	 58	 0	 -1202	 
 36	 50	 1260	 55	 0	 -1205	 
 36	 50	 1260	 56	 0	 -1204	 
 36	 50	 1260	 56	 0	 -1204	 
 36	 50	 1260	 55	 0	 -1205	 
 36	 50	 1260	 58	 0	 -1202	 
 36	 50	 1260	 53	 0	 -1207	 
 36	 50	 1260	 56	 0	 -1204	 
 36	 50	 1260	 51	 0	 -1209	 
 36	 50	 1260	 53	 0	 -1207	 
 36	 50	 1260	 58	 0	 -1202	 
 36	 50	 1260	 56	 0	 -1204	 
 36	 50	 1260	 53	 0	 -1207	 
 36	 50	 1260	 56	 0	 -1204	 
 36	 50	 1260	 51	 0	 -1209	 
 36	 50	 1260	 52	 0	 -1208	 
 36	 50	 1260	 51	 0	 -1209	 
 36	 50	 1260	 57	 0	 -1203	 
 36	 50	 1260	 51	 0	 -1209	 
 36	 50	 1260	 54	 0	 -1206	 
 36	 50	 1260	 57	 0	 -1203	 
 36	 50	 1260	 55	 0	 -1205	 
 36	 50	 1260	 58	 0	 -1202	 
 36	 50	 1260	 56	 0	 -1204	 
 36	 50	 1260	 53	 0	 -1207	 
 36	 50	 1260	 55	 0	 -1205	 
 36	 50	 1260	 56	 0	 -1204	 
 36	 50	 1260	 58	 0	 -1202	 
 36	 50	 1260	 52	 0	 -1208	 
 36	 50	 1260	 52	 0	 -1208	 
 36	 50	 1260	 57	 0	 -1203	 
 36	 50	 1260	 56	 0	 -1204	 
 36	 50	 1260	 54	 0	 -1206	 
 36	 50	 1260	 54	 0	 -1206	 
 36	 50	 1260	 52	 0	 -1208	 
 36	 50	 1260	 54	 0	 -1206	 
 36	 50	 1260	 57	 0	 -1203	 
 36	 50	 1260	 56	 0	 -1204	 
 36	 50	 1260	 58	 0	 -1202	 
 36	 50	 1260	 54	 0	 -1206	 
 36	 50	 1260	 51	 0	 -1209	 
 36	 50	 1260	 53	 0	 -1207	 
 36	 50	 1260	 52	 0	 -1208	 
 36	 50	 1260	 56	 0	 -1204	 
 36	 50	 1260	 53	 0	 -1207	 
 36	 50	 1260	 57	 0	 -1203	 
 36	 50	 1260	 54	 0	 -1206	 
 36	 50	 1260	 54	 0	 -1206	 
 36	 50	 1260	 54	 0	 -1206	 
 36	 50	 1260	 55	 0	 -1205	 
 36	 50	 1260	 51	 0	 -1209	 
 36	 50	 1260	 56	 0	 -1204	 
 36	 50	 1260	 53	 0	 -1207	 
 36	 50	 1260	 55	 0	 -1205	 
 36	 50	 1260	 55	 0	 -1205	 
 36	 50	 1260	 53	 0	 -1207	 
 36	 50	 1260	 55	 0	 -1205	 
 36	 50	 1260	 55	 0	 -1205	 
 36	 50	 1260	 57	 0	 -1203	 
 36	 50	 1260	 53	 0	 -1207	 
 36	 50	 1260	 54	 0	 -1206	 
 36	 50	 1260	 56	 0	 -1204	 
 36	 50	 1260	 58	 0	 -1202	 
 36	 50	 1260	 56	 0	 -1204	 
 36	 50	 1260	 54	 0	 -1206	 
 36	 50	 1260	 55	 0	 -1205	 
 36	 50	 1260	 54	 0	 -1206	 
 36	 50	 1260	 54	 0	 -1206	 
 36	 50	 1260	 55	 0	 -1205	 
 36	 50	 1260	 53	 0	 -1207	 
 36	 50	 1260	 58	 0	 -1202	 
 36	 50	 1260	 51	 0	 -1209	 
 36	 50	 1260	 57	 0	 -1203	 
 36	 50	 1260	 55	 0	 -1205	 
 36	 50	 1260	 52	 0	 -1208	 
 36	 50	 1260	 58	 0	 -1202	 
 36	 50	 1260	 55	 0	 -1205	 
 36	 50	 1260	 55	 0	 -1205	 
 36	 50	 1260	 55	 0	 -1205	 
 36	 50	 1260	 55	 0	 -1205	 
 36	 50	 1260	 55	 0	 -1205	 
 36	 50	 1260	 51	 0	 -1209	 
 36	 50	 1260	 51	 0	 -1209	 
 36	 50	 1260	 56	 0	 -1204	 
 36	 50	 1260	 54	 0	 -1206	 
 36	 50	 1260	 56	 0	 -1204	 
 36	 50	 1260	 53	 0	 -1207	 
 36	 50	 1260	 58	 0	 -1202	 
 36	 50	 1260	 52	 0	 -1208	 
 36	 50	 1260	 51	 0	 -1209	 
 36	 50	 1260	 57	 0	 -1203	 
 36	 50	 1260	 56	 0	 -1204	 
 36	 50	 1260	 55	 0	 -1205	 
 36	 50	 1260	 51	 0	 -1209	 
 36	 50	 1260	 53	 0	 -1207	 
 36	 50	 1260	 57	 0	 -1203	 
 36	 50	 1260	 52	 0	 -1208	 
 36	 50	 1260	 56	 0	 -1204	 
 0	 0	 0	 0	 0	 0	 
 0	 0	 0	 0	 0	 0	 
 36	 50	 1260	 51	 0	 -1209	 
 36	 50	 1260	 54	 0	 -1206	 
 36	 50	 1260	 55	 0	 -1205	 
 36	 50	 1260	 58	 0	 -1202	 
 36	 50	 1260	 52	 0	 -1208	 
 36	 50	 1260	 57	 0	 -1203	 
 36	 50	 1260	 52	 0	 -1208	 
 36	 50	 1260	 58	 0	 -1202	 
 36	 50	 1260	 55	 0	 -1205	 
 36	 50	 1260	 52	 0	 -1208	 
 36	 50	 1260	 56	 0	 -1204	 
 36	 50	 1260	 52	 0	 -1208	 
 36	 50	 1260	 54	 0	 -1206	 
 36	 50	 1260	 54	 0	 -1206	 
 36	 50	 1260	 53	 0	 -1207	 
 36	 50	 1260	 52	 0	 -1208	 
 36	 50	 1260	 54	 0	 -1206	 
 36	 50	 1260	 56	 0	 -1204	 
 36	 50	 1260	 55	 0	 -1205	 
 36	 50	 1260	 56	 0	 -1204	 
 36	 50	 1260	 58	 0	 -1202	 
 36	 50	 1260	 53	 0	 -1207	 
 36	 50	 1260	 54	 0	 -1206	 
 36	 50	 1260	 57	 0	 -1203	 
 36	 50	 1260	 56	 0	 -1204	 
 36	 50	 1260	 54	 0	 -1206	 
 36	 50	 1260	 53	 0	 -1207	 
 36	 50	 1260	 52	 0	 -1208	 
 36	 50	 1260	 53	 0	 -1207	 
 36	 50	 1260	 56	 0	 -1204	 
 36	 50	 1260	 55	 0	 -1205	 
 36	 50	 1260	 55	 0	 -1205	 
 36	 50	 1260	 52	 0	 -1208	 
 36	 50	 1260	 53	 0	 -1207	 
 36	 50	 1260	 53	 0	 -1207	 
 36	 50	 1260	 55	 0	 -1205	 
 36	 50	 1260	 51	 0	 -1209	 
 36	 50	 1260	 53	 0	 -1207	 
 36	 50	 1260	 54	 0	 -1206	 
 36	 50	 1260	 56	 0	 -1204	 
 36	 50	 1260	 56	 0	 -1204	 
 36	 50	 1260	 56	 0	 -1204	 
 36	 50	 1260	 54	 0	 -1206	 
 36	 50	 1260	 57	 0	 -1203	 
 36	 50	 1260	 57	 0	 -1203	 
 36	 50	 1260	 52	 0	 -1208	 
 36	 50	 1260	 54	 0	 -1206	 
 36	 50	 1260	 58	 0	 -1202	 
 36	 50	 1260	 52	 0	 -1208	 
 36	 50	 1260	 53	 0	 -1207	 
 36	 50	 1260	 54	 0	 -1206	 
 36	 50	 1260	 52	 0	 -1208	 
 36	 50	 1260	 55	 0	 -1205	 
 36	 50	 1260	 54	 0	 -1206	 
 36	 50	 1260	 54	 0	 -1206	 
 36	 50	 1260	 51	 0	 -1209	 
 36	 50	 1260	 52	 0	 -1208	 
 36	 50	 1260	 51	 0	 -1209	 
 36	 50	 1260	 52	 0	 -1208	 
 36	 50	 1260	 54	 0	 -1206	 
 36	 50	 1260	 51	 0	 -1209	 
 36	 50	 1260	 54	 0	 -1206	 
 36	 50	 1260	 52	 0	 -1208	 
 36	 50	 1260	 52	 0	 -1208	 
 36	 50	 1260	 57	 0	 -1203	 
 36	 50	 1260	 57	 0	 -1203	 
 36	 50	 1260	 51	 0	 -1209	 
 36	 50	 1260	 52	 0	 -1208	 
 36	 50	 1260	 54	 0	 -1206	 
 36	 50	 1260	 57	 0	 -1203	 
 36	 50	 1260	 57	 0	 -1203	 
 36	 50	 1260	 52	 0	 -1208	 
 36	 50	 1260	 54	 0	 -1206	 
 36	 50	 1260	 51	 0	 -1209	 
 36	 50	 1260	 53	 0	 -1207	 
 36	 50	 1260	 52	 0	 -1208	 
 36	 50	 1260	 56	 0	 -1204	 
 36	 50	 1260	 55	 0	 -1205	 
 36	 50	 1260	 53	 0	 -1207	 
 36	 50	 1260	 55	 0	 -1205	 
 36	 50	 1260	 51	 0	 -1209	 
 36	 50	 1260	 52	 0	 -1208	 
 36	 50	 1260	 57	 0	 -1203	 
 36	 50	 1260	 55	 0	 -1205	 
 36	 50	 1260	 52	 0	 -1208	 
 36	 50	 1260	 52	 0	 -1208	 
 36	 50	 1260	 52	 0	 -1208	 
 36	 50	 1260	 58	 0	 -1202	 
 36	 50	 1260	 57	 0	 -1203	 
 36	 50	 1260	 51	 0	 -1209	 
 36	 50	 1260	 51	 0	 -1209	 
 36	 50	 1260	 55	 0	 -1205	 
 36	 50	 1260	 55	 0	 -1205	 
 36	 50	 1260	 57	 0	 -1203	 
 36	 50	 1260	 56	 0	 -1204	 
 36	 50	 1260	 55	 0	 -1205	 
 36	 50	 1260	 51	 0	 -1209	 
 36	 50	 1260	 57	 0	 -1203	 
 36	 50	 1260	 51	 0	 -1209	 
 0	 0	 0	 0	 0	 0	 
 0	 0	 0	 0	 0	 0	 
 36	 50	 1260	 51	 0	 -1209	 
 36	 50	 1260	 51	 0	 -1209	 
 36	 50	 1260	 53	 0	 -1207	 
 36	 50	 1260	 56	 0	 -1204	 
 36	 50	 1260	 51	 0	 -1209	 
 36	 50	 1260	 51	 0	 -1209	 
 36	 50	 1260	 53	 0	 -1207	 
 36	 50	 1260	 56	 0	 -1204	 
 36	 50	 1260	 55	 0	 -1205	 
 36	 50	 1260	 54	 0	 -1206	 
 36	 50	 1260	 52	 0	 -1208	 
 36	 50	 1260	 52	 0	 -1208	 
 36	 50	 1260	 54	 0	 -1206	 
 36	 50	 1260	 56	 0	 -1204	 
 36	 50	 1260	 57	 0	 -1203	 
 36	 50	 1260	 57	 0	 -1203	 
 36	 50	 1260	 53	 0	 -1207	 
 36	 50	 1260	 57	 0	 -1203	 
 36	 50	 1260	 51	 0	 -1209	 
 36	 50	 1260	 52	 0	 -1208	 
 36	 50	 1260	 54	 0	 -1206	 
 36	 50	 1260	 57	 0	 -1203	 
 36	 50	 1260	 53	 0	 -1207	 
 36	 50	 1260	 55	 0	 -1205	 
 36	 50	 1260	 52	 0	 -1208	 
 36	 50	 1260	 54	 0	 -1206	 
 36	 50	 1260	 56	 0	 -1204	 
 36	 50	 1260	 55	 0	 -1205	 
 36	 50	 1260	 51	 0	 -1209	 
 36	 50	 1260	 53	 0	 -1207	 
 36	 50	 1260	 53	 0	 -1207	 
 36	 50	 1260	 52	 0	 -1208	 
 36	 50	 1260	 53	 0	 -1207	 
 36	 50	 1260	 56	 0	 -1204	 
 36	 50	 1260	 54	 0	 -1206	 
 36	 50	 1260	 52	 0	 -1208	 
 36	 50	 1260	 51	 0	 -1209	 
 36	 50	 1260	 56	 0	 -1204	 
 36	 50	 1260	 57	 0	 -1203	 
 36	 50	 1260	 51	 0	 -1209	 
 36	 50	 1260	 52	 0	 -1208	 
 36	 50	 1260	 56	 0	 -1204	 
 36	 50	 1260	 55	 0	 -1205	 
 36	 50	 1260	 57	 0	 -1203	 
 36	 50	 1260	 55	 0	 -1205	 
 36	 50	 1260	 57	 0	 -1203	 
 36	 50	 1260	 52	 0	 -1208	 
 36	 50	 1260	 55	 0	 -1205	 
 36	 50	 1260	 53	 0	 -1207	 
 36	 50	 1260	 57	 0	 -1203	 
 36	 50	 1260	 58	 0	 -1202	 
 36	 50	 1260	 56	 0	 -1204	 
 36	 50	 1260	 58	 0	 -1202	 
 36	 50	 1260	 56	 0	 -1204	 
 36	 50	 1260	 52	 0	 -1208	 
 36	 50	 1260	 52	 0	 -1208	 
 36	 50	 1260	 55	 0	 -1205	 
 36	 50	 1260	 54	 0	 -1206	 
 36	 50	 1260	 53	 0	 -1207	 
 36	 50	 1260	 54	 0	 -1206	 
 36	 50	 1260	 53	 0	 -1207	 
 36	 50	 1260	 57	 0	 -1203	 
 36	 50	 1260	 51	 0	 -1209	 
 36	 50	 1260	 53	 0	 -1207	 
 36	 50	 1260	 54	 0	 -1206	 
 36	 50	 1260	 52	 0	 -1208	 
 36	 50	 1260	 58	 0	 -1202	 
 36	 50	 1260	 56	 0	 -1204	 
 36	 50	 1260	 53	 0	 -1207	 
 36	 50	 1260	 52	 0	 -1208	 
 36	 50	 1260	 56	 0	 -1204	 
 36	 50	 1260	 56	 0	 -1204	 
 36	 50	 1260	 54	 0	 -1206	 
 36	 50	 1260	 51	 0	 -1209	 
 36	 50	 1260	 56	 0	 -1204	 
 36	 50	 1260	 57	 0	 -1203	 
 36	 50	 1260	 58	 0	 -1202	 
 36	 50	 1260	 54	 0	 -1206	 
 36	 50	 1260	 54	 0	 -1206	 
 36	 50	 1260	 54	 0	 -1206	 
 36	 50	 1260	 55	 0	 -1205	 
 36	 50	 1260	 54	 0	 -1206	 
 36	 50	 1260	 51	 0	 -1209	 
 36	 50	 1260	 57	 0	 -1203	 
 36	 50	 1260	 55	 0	 -1205	 
 36	 50	 1260	 56	 0	 -1204	 
 36	 50	 1260	 51	 0	 -1209	 
 36	 50	 1260	 53	 0	 -1207	 
 36	 50	 1260	 52	 0	 -1208	 
 36	 50	 1260	 52	 0	 -1208	 
 36	 50	 1260	 54	 0	 -1206	 
 36	 50	 1260	 51	 0	 -1209	 
 36	 50	 1260	 55	 0	 -1205	 
 36	 50	 1260	 51	 0	 -1209	 
 36	 50	 1260	 52	 0	 -1208	 
 36	 50	 1260	 56	 0	 -1204	 
 36	 50	 1260	 57	 0	 -1203	 
 36	 50	 1260	 52	 0	 -1208	 
 36	 50	 1260	 54	 0	 -1206	 
 0	 0	 0	 0	 0	 0	 
 0	 0	 0	 0	 0	 0	 
 11	 54	 1260	 71	 0	 -1189	 
 11	 54	 1260	 76	 0	 -1184	 
 11	 54	 1260	 71	 0	 -1189	 
 11	 54	 1260	 55	 0	 -1205	 
 11	 54	 1260	 60	 0	 -1200	 
 11	 54	 1260	 74	 0	 -1186	 
 11	 54	 1260	 68	 0	 -1192	 
 11	 54	 1260	 66	 0	 -1194	 
 11	 54	 1260	 60	 0	 -1200	 
 11	 54	 1260	 71	 0	 -1189	 
 11	 54	 1260	 62	 0	 -1198	 
 11	 54	 1260	 60	 0	 -1200	 
 11	 54	 1260	 67	 0	 -1193	 
 11	 54	 1260	 64	 0	 -1196	 
 11	 54	 1260	 67	 0	 -1193	 
 11	 54	 1260	 68	 0	 -1192	 
 11	 54	 1260	 61	 0	 -1199	 
 11	 54	 1260	 72	 0	 -1188	 
 11	 54	 1260	 71	 0	 -1189	 
 11	 54	 1260	 58	 0	 -1202	 
 11	 54	 1260	 61	 0	 -1199	 
 11	 54	 1260	 59	 0	 -1201	 
 11	 54	 1260	 57	 0	 -1203	 
 11	 54	 1260	 67	 0	 -1193	 
 11	 54	 1260	 59	 0	 -1201	 
 11	 54	 1260	 74	 0	 -1186	 
 11	 54	 1260	 64	 0	 -1196	 
 11	 54	 1260	 75	 0	 -1185	 
 11	 54	 1260	 74	 0	 -1186	 
 11	 54	 1260	 75	 0	 -1185	 
 11	 54	 1260	 75	 0	 -1185	 
 11	 54	 1260	 58	 0	 -1202	 
 11	 54	 1260	 60	 0	 -1200	 
 11	 54	 1260	 71	 0	 -1189	 
 11	 54	 1260	 69	 0	 -1191	 
 11	 54	 1260	 76	 0	 -1184	 
 11	 54	 1260	 74	 0	 -1186	 
 11	 54	 1260	 67	 0	 -1193	 
 11	 54	 1260	 68	 0	 -1192	 
 11	 54	 1260	 71	 0	 -1189	 
 11	 54	 1260	 63	 0	 -1197	 
 11	 54	 1260	 55	 0	 -1205	 
 11	 54	 1260	 63	 0	 -1197	 
 11	 54	 1260	 72	 0	 -1188	 
 11	 54	 1260	 71	 0	 -1189	 
 11	 54	 1260	 68	 0	 -1192	 
 11	 54	 1260	 59	 0	 -1201	 
 11	 54	 1260	 61	 0	 -1199	 
 11	 54	 1260	 69	 0	 -1191	 
 11	 54	 1260	 57	 0	 -1203	 
 11	 54	 1260	 74	 0	 -1186	 
 11	 54	 1260	 74	 0	 -1186	 
 11	 54	 1260	 73	 0	 -1187	 
 11	 54	 1260	 67	 0	 -1193	 
 11	 54	 1260	 58	 0	 -1202	 
 11	 54	 1260	 55	 0	 -1205	 
 11	 54	 1260	 65	 0	 -1195	 
 11	 54	 1260	 76	 0	 -1184	 
 11	 54	 1260	 58	 0	 -1202	 
 11	 54	 1260	 76	 0	 -1184	 
 11	 54	 1260	 57	 0	 -1203	 
 11	 54	 1260	 59	 0	 -1201	 
 11	 54	 1260	 70	 0	 -1190	 
 11	 54	 1260	 76	 0	 -1184	 
 11	 54	 1260	 64	 0	 -1196	 
 11	 54	 1260	 62	 0	 -1198	 
 11	 54	 1260	 71	 0	 -1189	 
 11	 54	 1260	 59	 0	 -1201	 
 11	 54	 1260	 64	 0	 -1196	 
 11	 54	 1260	 71	 0	 -1189	 
 11	 54	 1260	 71	 0	 -1189	 
 11	 54	 1260	 66	 0	 -1194	 
 11	 54	 1260	 73	 0	 -1187	 
 11	 54	 1260	 68	 0	 -1192	 
 11	 54	 1260	 61	 0	 -1199	 
 11	 54	 1260	 64	 0	 -1196	 
 11	 54	 1260	 68	 0	 -1192	 
 11	 54	 1260	 72	 0	 -1188	 
 11	 54	 1260	 62	 0	 -1198	 
 11	 54	 1260	 62	 0	 -1198	 
 11	 54	 1260	 69	 0	 -1191	 
 11	 54	 1260	 73	 0	 -1187	 
 11	 54	 1260	 58	 0	 -1202	 
 11	 54	 1260	 69	 0	 -1191	 
 11	 54	 1260	 67	 0	 -1193	 
 11	 54	 1260	 62	 0	 -1198	 
 11	 54	 1260	 70	 0	 -1190	 
 11	 54	 1260	 57	 0	 -1203	 
 11	 54	 1260	 64	 0	 -1196	 
 11	 54	 1260	 71	 0	 -1189	 
 11	 54	 1260	 76	 0	 -1184	 
 11	 54	 1260	 61	 0	 -1199	 
 11	 54	 1260	 65	 0	 -1195	 
 11	 54	 1260	 56	 0	 -1204	 
 11	 54	 1260	 58	 0	 -1202	 
 11	 54	 1260	 74	 0	 -1186	 
 11	 54	 1260	 60	 0	 -1200	 
 11	 54	 1260	 61	 0	 -1199	 
 11	 54	 1260	 65	 0	 -1195	 
 0	 0	 0	 0	 0	 0	 
 0	 0	 0	 0	 0	 0	 
 36	 50	 1260	 51	 0	 -1209	 
 36	 50	 1260	 55	 0	 -1205	 
 36	 50	 1260	 54	 0	 -1206	 
 36	 50	 1260	 52	 0	 -1208	 
 36	 50	 1260	 58	 0	 -1202	 
 36	 50	 1260	 57	 0	 -1203	 
 36	 50	 1260	 58	 0	 -1202	 
 36	 50	 1260	 55	 0	 -1205	 
 36	 50	 1260	 52	 0	 -1208	 
 36	 50	 1260	 55	 0	 -1205	 
 36	 50	 1260	 55	 0	 -1205	 
 36	 50	 1260	 54	 0	 -1206	 
 36	 50	 1260	 58	 0	 -1202	 
 36	 50	 1260	 54	 0	 -1206	 
 36	 50	 1260	 53	 0	 -1207	 
 36	 50	 1260	 53	 0	 -1207	 
 36	 50	 1260	 56	 0	 -1204	 
 36	 50	 1260	 52	 0	 -1208	 
 36	 50	 1260	 56	 0	 -1204	 
 36	 50	 1260	 53	 0	 -1207	 
 36	 50	 1260	 56	 0	 -1204	 
 36	 50	 1260	 57	 0	 -1203	 
 36	 50	 1260	 54	 0	 -1206	 
 36	 50	 1260	 54	 0	 -1206	 
 36	 50	 1260	 51	 0	 -1209	 
 36	 50	 1260	 52	 0	 -1208	 
 36	 50	 1260	 53	 0	 -1207	 
 36	 50	 1260	 56	 0	 -1204	 
 36	 50	 1260	 56	 0	 -1204	 
 36	 50	 1260	 54	 0	 -1206	 
 36	 50	 1260	 52	 0	 -1208	 
 36	 50	 1260	 52	 0	 -1208	 
 36	 50	 1260	 54	 0	 -1206	 
 36	 50	 1260	 53	 0	 -1207	 
 36	 50	 1260	 53	 0	 -1207	 
 36	 50	 1260	 55	 0	 -1205	 
 36	 50	 1260	 51	 0	 -1209	 
 36	 50	 1260	 57	 0	 -1203	 
 36	 50	 1260	 56	 0	 -1204	 
 36	 50	 1260	 54	 0	 -1206	 
 36	 50	 1260	 53	 0	 -1207	 
 36	 50	 1260	 57	 0	 -1203	 
 36	 50	 1260	 57	 0	 -1203	 
 36	 50	 1260	 53	 0	 -1207	 
 36	 50	 1260	 55	 0	 -1205	 
 36	 50	 1260	 57	 0	 -1203	 
 36	 50	 1260	 54	 0	 -1206	 
 36	 50	 1260	 54	 0	 -1206	 
 36	 50	 1260	 53	 0	 -1207	 
 36	 50	 1260	 53	 0	 -1207	 
 36	 50	 1260	 55	 0	 -1205	 
 36	 50	 1260	 53	 0	 -1207	 
 36	 50	 1260	 51	 0	 -1209	 
 36	 50	 1260	 57	 0	 -1203	 
 36	 50	 1260	 57	 0	 -1203	 
 36	 50	 1260	 58	 0	 -1202	 
 36	 50	 1260	 53	 0	 -1207	 
 36	 50	 1260	 57	 0	 -1203	 
 36	 50	 1260	 55	 0	 -1205	 
 36	 50	 1260	 52	 0	 -1208	 
 36	 50	 1260	 56	 0	 -1204	 
 36	 50	 1260	 56	 0	 -1204	 
 36	 50	 1260	 55	 0	 -1205	 
 36	 50	 1260	 55	 0	 -1205	 
 36	 50	 1260	 57	 0	 -1203	 
 36	 50	 1260	 56	 0	 -1204	 
 36	 50	 1260	 52	 0	 -1208	 
 36	 50	 1260	 54	 0	 -1206	 
 36	 50	 1260	 52	 0	 -1208	 
 36	 50	 1260	 53	 0	 -1207	 
 36	 50	 1260	 57	 0	 -1203	 
 36	 50	 1260	 53	 0	 -1207	 
 36	 50	 1260	 58	 0	 -1202	 
 36	 50	 1260	 52	 0	 -1208	 
 36	 50	 1260	 52	 0	 -1208	 
 36	 50	 1260	 54	 0	 -1206	 
 36	 50	 1260	 55	 0	 -1205	 
 36	 50	 1260	 54	 0	 -1206	 
 36	 50	 1260	 56	 0	 -1204	 
 36	 50	 1260	 51	 0	 -1209	 
 36	 50	 1260	 56	 0	 -1204	 
 36	 50	 1260	 54	 0	 -1206	 
 36	 50	 1260	 53	 0	 -1207	 
 36	 50	 1260	 52	 0	 -1208	 
 36	 50	 1260	 57	 0	 -1203	 
 36	 50	 1260	 57	 0	 -1203	 
 36	 50	 1260	 54	 0	 -1206	 
 36	 50	 1260	 56	 0	 -1204	 
 36	 50	 1260	 56	 0	 -1204	 
 36	 50	 1260	 54	 0	 -1206	 
 36	 50	 1260	 53	 0	 -1207	 
 36	 50	 1260	 57	 0	 -1203	 
 36	 50	 1260	 56	 0	 -1204	 
 36	 50	 1260	 53	 0	 -1207	 
 36	 50	 1260	 51	 0	 -1209	 
 36	 50	 1260	 54	 0	 -1206	 
 36	 50	 1260	 53	 0	 -1207	 
 36	 50	 1260	 58	 0	 -1202	 
 36	 50	 1260	 55	 0	 -1205	 
 0	 0	 0	 0	 0	 0	 
 0	 0	 0	 0	 0	 0	 
 23	 52	 1260	 64	 1	 -1196	 
 23	 52	 1260	 64	 1	 -1196	 
 23	 52	 1260	 56	 1	 -1204	 
 23	 52	 1260	 56	 1	 -1204	 
 23	 52	 1260	 61	 1	 -1199	 
 23	 52	 1260	 61	 1	 -1199	 
 23	 52	 1260	 54	 1	 -1206	 
 23	 52	 1260	 66	 1	 -1194	 
 23	 52	 1260	 57	 1	 -1203	 
 23	 52	 1260	 64	 1	 -1196	 
 23	 52	 1260	 61	 1	 -1199	 
 23	 52	 1260	 61	 1	 -1199	 
 23	 52	 1260	 66	 1	 -1194	 
 23	 52	 1260	 55	 1	 -1205	 
 23	 52	 1260	 64	 1	 -1196	 
 23	 52	 1260	 65	 1	 -1195	 
 23	 52	 1260	 57	 1	 -1203	 
 23	 52	 1260	 63	 1	 -1197	 
 23	 52	 1260	 66	 1	 -1194	 
 23	 52	 1260	 65	 1	 -1195	 
 23	 52	 1260	 53	 1	 -1207	 
 23	 52	 1260	 54	 1	 -1206	 
 23	 52	 1260	 58	 1	 -1202	 
 23	 52	 1260	 67	 1	 -1193	 
 23	 52	 1260	 65	 1	 -1195	 
 23	 52	 1260	 54	 1	 -1206	 
 23	 52	 1260	 60	 1	 -1200	 
 23	 52	 1260	 60	 1	 -1200	 
 23	 52	 1260	 63	 1	 -1197	 
 23	 52	 1260	 56	 1	 -1204	 
 23	 52	 1260	 57	 1	 -1203	 
 23	 52	 1260	 63	 1	 -1197	 
 23	 52	 1260	 53	 1	 -1207	 
 23	 52	 1260	 54	 1	 -1206	 
 23	 52	 1260	 55	 1	 -1205	 
 23	 52	 1260	 66	 1	 -1194	 
 23	 52	 1260	 59	 1	 -1201	 
 23	 52	 1260	 64	 1	 -1196	 
 23	 52	 1260	 55	 1	 -1205	 
 23	 52	 1260	 57	 1	 -1203	 
 23	 52	 1260	 62	 1	 -1198	 
 23	 52	 1260	 61	 1	 -1199	 
 23	 52	 1260	 64	 1	 -1196	 
 23	 52	 1260	 58	 1	 -1202	 
 23	 52	 1260	 58	 1	 -1202	 
 23	 52	 1260	 66	 1	 -1194	 
 23	 52	 1260	 61	 1	 -1199	 
 23	 52	 1260	 65	 1	 -1195	 
 23	 52	 1260	 58	 1	 -1202	 
 23	 52	 1260	 54	 1	 -1206	 
 23	 52	 1260	 61	 1	 -1199	 
 23	 52	 1260	 55	 1	 -1205	 
 23	 52	 1260	 58	 1	 -1202	 
 23	 52	 1260	 58	 1	 -1202	 
 23	 52	 1260	 61	 1	 -1199	 
 23	 52	 1260	 57	 1	 -1203	 
 23	 52	 1260	 65	 1	 -1195	 
 23	 52	 1260	 64	 1	 -1196	 
 23	 52	 1260	 63	 1	 -1197	 
 23	 52	 1260	 53	 1	 -1207	 
 23	 52	 1260	 64	 1	 -1196	 
 23	 52	 1260	 64	 1	 -1196	 
 23	 52	 1260	 57	 1	 -1203	 
 23	 52	 1260	 65	 1	 -1195	 
 23	 52	 1260	 65	 1	 -1195	 
 23	 52	 1260	 58	 1	 -1202	 
 23	 52	 1260	 61	 1	 -1199	 
 23	 52	 1260	 60	 1	 -1200	 
 23	 52	 1260	 63	 1	 -1197	 
 23	 52	 1260	 60	 1	 -1200	 
 23	 52	 1260	 62	 1	 -1198	 
 23	 52	 1260	 64	 1	 -1196	 
 23	 52	 1260	 57	 1	 -1203	 
 23	 52	 1260	 55	 1	 -1205	 
 23	 52	 1260	 58	 1	 -1202	 
 23	 52	 1260	 53	 1	 -1207	 
 23	 52	 1260	 63	 1	 -1197	 
 23	 52	 1260	 58	 1	 -1202	 
 23	 52	 1260	 60	 1	 -1200	 
 23	 52	 1260	 63	 1	 -1197	 
 23	 52	 1260	 64	 1	 -1196	 
 23	 52	 1260	 64	 1	 -1196	 
 23	 52	 1260	 63	 1	 -1197	 
 23	 52	 1260	 60	 1	 -1200	 
 23	 52	 1260	 56	 1	 -1204	 
 23	 52	 1260	 62	 1	 -1198	 
 23	 52	 1260	 64	 1	 -1196	 
 23	 52	 1260	 65	 1	 -1195	 
 23	 52	 1260	 66	 1	 -1194	 
 23	 52	 1260	 66	 1	 -1194	 
 23	 52	 1260	 65	 1	 -1195	 
 23	 52	 1260	 66	 1	 -1194	 
 23	 52	 1260	 67	 1	 -1193	 
 23	 52	 1260	 54	 1	 -1206	 
 23	 52	 1260	 56	 1	 -1204	 
 23	 52	 1260	 66	 1	 -1194	 
 23	 52	 1260	 61	 1	 -1199	 
 23	 52	 1260	 55	 1	 -1205	 
 23	 52	 1260	 55	 1	 -1205	 
 0	 0	 0	 0	 0	 0	 
 0	 0	 0	 0	 0	 0	 
 36	 50	 1260	 54	 0	 -1206	 
 36	 50	 1260	 54	 0	 -1206	 
 36	 50	 1260	 51	 0	 -1209	 
 36	 50	 1260	 55	 0	 -1205	 
 36	 50	 1260	 56	 0	 -1204	 
 36	 50	 1260	 58	 0	 -1202	 
 36	 50	 1260	 52	 0	 -1208	 
 36	 50	 1260	 55	 0	 -1205	 
 36	 50	 1260	 55	 0	 -1205	 
 36	 50	 1260	 51	 0	 -1209	 
 36	 50	 1260	 58	 0	 -1202	 
 36	 50	 1260	 51	 0	 -1209	 
 36	 50	 1260	 56	 0	 -1204	 
 36	 50	 1260	 55	 0	 -1205	 
 36	 50	 1260	 56	 0	 -1204	 
 36	 50	 1260	 56	 0	 -1204	 
 36	 50	 1260	 54	 0	 -1206	 
 36	 50	 1260	 53	 0	 -1207	 
 36	 50	 1260	 51	 0	 -1209	 
 36	 50	 1260	 53	 0	 -1207	 
 36	 50	 1260	 56	 0	 -1204	 
 36	 50	 1260	 56	 0	 -1204	 
 36	 50	 1260	 55	 0	 -1205	 
 36	 50	 1260	 56	 0	 -1204	 
 36	 50	 1260	 53	 0	 -1207	 
 36	 50	 1260	 56	 0	 -1204	 
 36	 50	 1260	 57	 0	 -1203	 
 36	 50	 1260	 54	 0	 -1206	 
 36	 50	 1260	 58	 0	 -1202	 
 36	 50	 1260	 53	 0	 -1207	 
 36	 50	 1260	 54	 0	 -1206	 
 36	 50	 1260	 53	 0	 -1207	 
 36	 50	 1260	 52	 0	 -1208	 
 36	 50	 1260	 52	 0	 -1208	 
 36	 50	 1260	 54	 0	 -1206	 
 36	 50	 1260	 54	 0	 -1206	 
 36	 50	 1260	 52	 0	 -1208	 
 36	 50	 1260	 56	 0	 -1204	 
 36	 50	 1260	 56	 0	 -1204	 
 36	 50	 1260	 53	 0	 -1207	 
 36	 50	 1260	 53	 0	 -1207	 
 36	 50	 1260	 51	 0	 -1209	 
 36	 50	 1260	 51	 0	 -1209	 
 36	 50	 1260	 53	 0	 -1207	 
 36	 50	 1260	 52	 0	 -1208	 
 36	 50	 1260	 51	 0	 -1209	 
 36	 50	 1260	 51	 0	 -1209	 
 36	 50	 1260	 57	 0	 -1203	 
 36	 50	 1260	 53	 0	 -1207	 
 36	 50	 1260	 55	 0	 -1205	 
 36	 50	 1260	 55	 0	 -1205	 
 36	 50	 1260	 52	 0	 -1208	 
 36	 50	 1260	 53	 0	 -1207	 
 36	 50	 1260	 53	 0	 -1207	 
 36	 50	 1260	 52	 0	 -1208	 
 36	 50	 1260	 56	 0	 -1204	 
 36	 50	 1260	 52	 0	 -1208	 
 36	 50	 1260	 56	 0	 -1204	 
 36	 50	 1260	 57	 0	 -1203	 
 36	 50	 1260	 55	 0	 -1205	 
 36	 50	 1260	 54	 0	 -1206	 
 36	 50	 1260	 54	 0	 -1206	 
 36	 50	 1260	 52	 0	 -1208	 
 36	 50	 1260	 57	 0	 -1203	 
 36	 50	 1260	 55	 0	 -1205	 
 36	 50	 1260	 57	 0	 -1203	 
 36	 50	 1260	 55	 0	 -1205	 
 36	 50	 1260	 52	 0	 -1208	 
 36	 50	 1260	 54	 0	 -1206	 
 36	 50	 1260	 52	 0	 -1208	 
 36	 50	 1260	 52	 0	 -1208	 
 36	 50	 1260	 57	 0	 -1203	 
 36	 50	 1260	 58	 0	 -1202	 
 36	 50	 1260	 56	 0	 -1204	 
 36	 50	 1260	 52	 0	 -1208	 
 36	 50	 1260	 56	 0	 -1204	 
 36	 50	 1260	 53	 0	 -1207	 
 36	 50	 1260	 58	 0	 -1202	 
 36	 50	 1260	 55	 0	 -1205	 
 36	 50	 1260	 57	 0	 -1203	 
 36	 50	 1260	 53	 0	 -1207	 
 36	 50	 1260	 56	 0	 -1204	 
 36	 50	 1260	 51	 0	 -1209	 
 36	 50	 1260	 58	 0	 -1202	 
 36	 50	 1260	 53	 0	 -1207	 
 36	 50	 1260	 57	 0	 -1203	 
 36	 50	 1260	 53	 0	 -1207	 
 36	 50	 1260	 52	 0	 -1208	 
 36	 50	 1260	 53	 0	 -1207	 
 36	 50	 1260	 58	 0	 -1202	 
 36	 50	 1260	 52	 0	 -1208	 
 36	 50	 1260	 53	 0	 -1207	 
 36	 50	 1260	 58	 0	 -1202	 
 36	 50	 1260	 53	 0	 -1207	 
 36	 50	 1260	 52	 0	 -1208	 
 36	 50	 1260	 58	 0	 -1202	 
 36	 50	 1260	 56	 0	 -1204	 
 36	 50	 1260	 53	 0	 -1207	 
 36	 50	 1260	 58	 0	 -1202	 
 0	 0	 0	 0	 0	 0	 
 0	 0	 0	 0	 0	 0	 
 11	 54	 1260	 70	 0	 -1190	 
 11	 54	 1260	 55	 0	 -1205	 
 11	 54	 1260	 60	 0	 -1200	 
 11	 54	 1260	 69	 0	 -1191	 
 11	 54	 1260	 69	 0	 -1191	 
 11	 54	 1260	 75	 0	 -1185	 
 11	 54	 1260	 55	 0	 -1205	 
 11	 54	 1260	 71	 0	 -1189	 
 11	 54	 1260	 59	 0	 -1201	 
 11	 54	 1260	 58	 0	 -1202	 
 11	 54	 1260	 65	 0	 -1195	 
 11	 54	 1260	 68	 0	 -1192	 
 11	 54	 1260	 75	 0	 -1185	 
 11	 54	 1260	 67	 0	 -1193	 
 11	 54	 1260	 59	 0	 -1201	 
 11	 54	 1260	 63	 0	 -1197	 
 11	 54	 1260	 65	 0	 -1195	 
 11	 54	 1260	 66	 0	 -1194	 
 11	 54	 1260	 55	 0	 -1205	 
 11	 54	 1260	 70	 0	 -1190	 
 11	 54	 1260	 75	 0	 -1185	 
 11	 54	 1260	 63	 0	 -1197	 
 11	 54	 1260	 58	 0	 -1202	 
 11	 54	 1260	 63	 0	 -1197	 
 11	 54	 1260	 58	 0	 -1202	 
 11	 54	 1260	 64	 0	 -1196	 
 11	 54	 1260	 57	 0	 -1203	 
 11	 54	 1260	 62	 0	 -1198	 
 11	 54	 1260	 63	 0	 -1197	 
 11	 54	 1260	 76	 0	 -1184	 
 11	 54	 1260	 58	 0	 -1202	 
 11	 54	 1260	 76	 0	 -1184	 
 11	 54	 1260	 72	 0	 -1188	 
 11	 54	 1260	 67	 0	 -1193	 
 11	 54	 1260	 65	 0	 -1195	 
 11	 54	 1260	 68	 0	 -1192	 
 11	 54	 1260	 69	 0	 -1191	 
 11	 54	 1260	 70	 0	 -1190	 
 11	 54	 1260	 74	 0	 -1186	 
 11	 54	 1260	 60	 0	 -1200	 
 11	 54	 1260	 71	 0	 -1189	 
 11	 54	 1260	 61	 0	 -1199	 
 11	 54	 1260	 58	 0	 -1202	 
 11	 54	 1260	 74	 0	 -1186	 
 11	 54	 1260	 56	 0	 -1204	 
 11	 54	 1260	 75	 0	 -1185	 
 11	 54	 1260	 75	 0	 -1185	 
 11	 54	 1260	 73	 0	 -1187	 
 11	 54	 1260	 71	 0	 -1189	 
 11	 54	 1260	 70	 0	 -1190	 
 11	 54	 1260	 73	 0	 -1187	 
 11	 54	 1260	 62	 0	 -1198	 
 11	 54	 1260	 65	 0	 -1195	 
 11	 54	 1260	 65	 0	 -1195	 
 11	 54	 1260	 63	 0	 -1197	 
 11	 54	 1260	 74	 0	 -1186	 
 11	 54	 1260	 64	 0	 -1196	 
 11	 54	 1260	 64	 0	 -1196	 
 11	 54	 1260	 56	 0	 -1204	 
 11	 54	 1260	 71	 0	 -1189	 
 11	 54	 1260	 56	 0	 -1204	 
 11	 54	 1260	 65	 0	 -1195	 
 11	 54	 1260	 67	 0	 -1193	 
 11	 54	 1260	 56	 0	 -1204	 
 11	 54	 1260	 71	 0	 -1189	 
 11	 54	 1260	 67	 0	 -1193	 
 11	 54	 1260	 61	 0	 -1199	 
 11	 54	 1260	 58	 0	 -1202	 
 11	 54	 1260	 70	 0	 -1190	 
 11	 54	 1260	 63	 0	 -1197	 
 11	 54	 1260	 76	 0	 -1184	 
 11	 54	 1260	 74	 0	 -1186	 
 11	 54	 1260	 63	 0	 -1197	 
 11	 54	 1260	 73	 0	 -1187	 
 11	 54	 1260	 61	 0	 -1199	 
 11	 54	 1260	 60	 0	 -1200	 
 11	 54	 1260	 74	 0	 -1186	 
 11	 54	 1260	 73	 0	 -1187	 
 11	 54	 1260	 55	 0	 -1205	 
 11	 54	 1260	 69	 0	 -1191	 
 11	 54	 1260	 66	 0	 -1194	 
 11	 54	 1260	 58	 0	 -1202	 
 11	 54	 1260	 70	 0	 -1190	 
 11	 54	 1260	 76	 0	 -1184	 
 11	 54	 1260	 66	 0	 -1194	 
 11	 54	 1260	 70	 0	 -1190	 
 11	 54	 1260	 76	 0	 -1184	 
 11	 54	 1260	 73	 0	 -1187	 
 11	 54	 1260	 60	 0	 -1200	 
 11	 54	 1260	 73	 0	 -1187	 
 11	 54	 1260	 62	 0	 -1198	 
 11	 54	 1260	 58	 0	 -1202	 
 11	 54	 1260	 70	 0	 -1190	 
 11	 54	 1260	 68	 0	 -1192	 
 11	 54	 1260	 74	 0	 -1186	 
 11	 54	 1260	 62	 0	 -1198	 
 11	 54	 1260	 71	 0	 -1189	 
 11	 54	 1260	 75	 0	 -1185	 
 11	 54	 1260	 63	 0	 -1197	 
 0	 0	 0	 0	 0	 0	 
 0	 0	 0	 0	 0	 0	 
 36	 50	 1260	 55	 0	 -1205	 
 36	 50	 1260	 58	 0	 -1202	 
 36	 50	 1260	 53	 0	 -1207	 
 36	 50	 1260	 51	 0	 -1209	 
 36	 50	 1260	 51	 0	 -1209	 
 36	 50	 1260	 57	 0	 -1203	 
 36	 50	 1260	 53	 0	 -1207	 
 36	 50	 1260	 57	 0	 -1203	 
 36	 50	 1260	 51	 0	 -1209	 
 36	 50	 1260	 57	 0	 -1203	 
 36	 50	 1260	 57	 0	 -1203	 
 36	 50	 1260	 52	 0	 -1208	 
 36	 50	 1260	 55	 0	 -1205	 
 36	 50	 1260	 54	 0	 -1206	 
 36	 50	 1260	 52	 0	 -1208	 
 36	 50	 1260	 53	 0	 -1207	 
 36	 50	 1260	 58	 0	 -1202	 
 36	 50	 1260	 55	 0	 -1205	 
 36	 50	 1260	 56	 0	 -1204	 
 36	 50	 1260	 51	 0	 -1209	 
 36	 50	 1260	 55	 0	 -1205	 
 36	 50	 1260	 51	 0	 -1209	 
 36	 50	 1260	 51	 0	 -1209	 
 36	 50	 1260	 55	 0	 -1205	 
 36	 50	 1260	 51	 0	 -1209	 
 36	 50	 1260	 56	 0	 -1204	 
 36	 50	 1260	 51	 0	 -1209	 
 36	 50	 1260	 55	 0	 -1205	 
 36	 50	 1260	 57	 0	 -1203	 
 36	 50	 1260	 55	 0	 -1205	 
 36	 50	 1260	 57	 0	 -1203	 
 36	 50	 1260	 55	 0	 -1205	 
 36	 50	 1260	 51	 0	 -1209	 
 36	 50	 1260	 53	 0	 -1207	 
 36	 50	 1260	 57	 0	 -1203	 
 36	 50	 1260	 56	 0	 -1204	 
 36	 50	 1260	 51	 0	 -1209	 
 36	 50	 1260	 56	 0	 -1204	 
 36	 50	 1260	 58	 0	 -1202	 
 36	 50	 1260	 55	 0	 -1205	 
 36	 50	 1260	 52	 0	 -1208	 
 36	 50	 1260	 56	 0	 -1204	 
 36	 50	 1260	 57	 0	 -1203	 
 36	 50	 1260	 57	 0	 -1203	 
 36	 50	 1260	 53	 0	 -1207	 
 36	 50	 1260	 55	 0	 -1205	 
 36	 50	 1260	 56	 0	 -1204	 
 36	 50	 1260	 54	 0	 -1206	 
 36	 50	 1260	 55	 0	 -1205	 
 36	 50	 1260	 52	 0	 -1208	 
 36	 50	 1260	 56	 0	 -1204	 
 36	 50	 1260	 57	 0	 -1203	 
 36	 50	 1260	 52	 0	 -1208	 
 36	 50	 1260	 56	 0	 -1204	 
 36	 50	 1260	 53	 0	 -1207	 
 36	 50	 1260	 56	 0	 -1204	 
 36	 50	 1260	 53	 0	 -1207	 
 36	 50	 1260	 58	 0	 -1202	 
 36	 50	 1260	 51	 0	 -1209	 
 36	 50	 1260	 52	 0	 -1208	 
 36	 50	 1260	 55	 0	 -1205	 
 36	 50	 1260	 55	 0	 -1205	 
 36	 50	 1260	 55	 0	 -1205	 
 36	 50	 1260	 56	 0	 -1204	 
 36	 50	 1260	 54	 0	 -1206	 
 36	 50	 1260	 51	 0	 -1209	 
 36	 50	 1260	 55	 0	 -1205	 
 36	 50	 1260	 52	 0	 -1208	 
 36	 50	 1260	 55	 0	 -1205	 
 36	 50	 1260	 53	 0	 -1207	 
 36	 50	 1260	 51	 0	 -1209	 
 36	 50	 1260	 57	 0	 -1203	 
 36	 50	 1260	 54	 0	 -1206	 
 36	 50	 1260	 51	 0	 -1209	 
 36	 50	 1260	 57	 0	 -1203	 
 36	 50	 1260	 52	 0	 -1208	 
 36	 50	 1260	 53	 0	 -1207	 
 36	 50	 1260	 54	 0	 -1206	 
 36	 50	 1260	 54	 0	 -1206	 
 36	 50	 1260	 52	 0	 -1208	 
 36	 50	 1260	 52	 0	 -1208	 
 36	 50	 1260	 53	 0	 -1207	 
 36	 50	 1260	 53	 0	 -1207	 
 36	 50	 1260	 54	 0	 -1206	 
 36	 50	 1260	 55	 0	 -1205	 
 36	 50	 1260	 53	 0	 -1207	 
 36	 50	 1260	 53	 0	 -1207	 
 36	 50	 1260	 52	 0	 -1208	 
 36	 50	 1260	 58	 0	 -1202	 
 36	 50	 1260	 52	 0	 -1208	 
 36	 50	 1260	 52	 0	 -1208	 
 36	 50	 1260	 56	 0	 -1204	 
 36	 50	 1260	 52	 0	 -1208	 
 36	 50	 1260	 57	 0	 -1203	 
 36	 50	 1260	 54	 0	 -1206	 
 36	 50	 1260	 53	 0	 -1207	 
 36	 50	 1260	 51	 0	 -1209	 
 36	 50	 1260	 56	 0	 -1204	 
 36	 50	 1260	 55	 0	 -1205	 
 0	 0	 0	 0	 0	 0	 
 0	 0	 0	 0	 0	 0	 
 41	 56	 1260	 61	 0	 -1199	 
 41	 56	 1260	 63	 0	 -1197	 
 41	 56	 1260	 57	 0	 -1203	 
 41	 56	 1260	 60	 0	 -1200	 
 41	 56	 1260	 58	 0	 -1202	 
 41	 56	 1260	 57	 0	 -1203	 
 41	 56	 1260	 59	 0	 -1201	 
 41	 56	 1260	 58	 0	 -1202	 
 41	 56	 1260	 59	 0	 -1201	 
 41	 56	 1260	 62	 0	 -1198	 
 41	 56	 1260	 61	 0	 -1199	 
 41	 56	 1260	 63	 0	 -1197	 
 41	 56	 1260	 59	 0	 -1201	 
 41	 56	 1260	 57	 0	 -1203	 
 41	 56	 1260	 60	 0	 -1200	 
 41	 56	 1260	 63	 0	 -1197	 
 41	 56	 1260	 60	 0	 -1200	 
 41	 56	 1260	 59	 0	 -1201	 
 41	 56	 1260	 57	 0	 -1203	 
 41	 56	 1260	 61	 0	 -1199	 
 41	 56	 1260	 61	 0	 -1199	 
 41	 56	 1260	 62	 0	 -1198	 
 41	 56	 1260	 57	 0	 -1203	 
 41	 56	 1260	 58	 0	 -1202	 
 41	 56	 1260	 59	 0	 -1201	 
 41	 56	 1260	 58	 0	 -1202	 
 41	 56	 1260	 58	 0	 -1202	 
 41	 56	 1260	 62	 0	 -1198	 
 41	 56	 1260	 57	 0	 -1203	 
 41	 56	 1260	 61	 0	 -1199	 
 41	 56	 1260	 60	 0	 -1200	 
 41	 56	 1260	 59	 0	 -1201	 
 41	 56	 1260	 57	 0	 -1203	 
 41	 56	 1260	 64	 0	 -1196	 
 41	 56	 1260	 60	 0	 -1200	 
 41	 56	 1260	 57	 0	 -1203	 
 41	 56	 1260	 63	 0	 -1197	 
 41	 56	 1260	 60	 0	 -1200	 
 41	 56	 1260	 62	 0	 -1198	 
 41	 56	 1260	 61	 0	 -1199	 
 41	 56	 1260	 62	 0	 -1198	 
 41	 56	 1260	 63	 0	 -1197	 
 41	 56	 1260	 58	 0	 -1202	 
 41	 56	 1260	 60	 0	 -1200	 
 41	 56	 1260	 58	 0	 -1202	 
 41	 56	 1260	 59	 0	 -1201	 
 41	 56	 1260	 58	 0	 -1202	 
 41	 56	 1260	 61	 0	 -1199	 
 41	 56	 1260	 57	 0	 -1203	 
 41	 56	 1260	 64	 0	 -1196	 
 41	 56	 1260	 64	 0	 -1196	 
 41	 56	 1260	 58	 0	 -1202	 
 41	 56	 1260	 58	 0	 -1202	 
 41	 56	 1260	 59	 0	 -1201	 
 41	 56	 1260	 62	 0	 -1198	 
 41	 56	 1260	 64	 0	 -1196	 
 41	 56	 1260	 63	 0	 -1197	 
 41	 56	 1260	 64	 0	 -1196	 
 41	 56	 1260	 62	 0	 -1198	 
 41	 56	 1260	 59	 0	 -1201	 
 41	 56	 1260	 63	 0	 -1197	 
 41	 56	 1260	 61	 0	 -1199	 
 41	 56	 1260	 59	 0	 -1201	 
 41	 56	 1260	 62	 0	 -1198	 
 41	 56	 1260	 64	 0	 -1196	 
 41	 56	 1260	 57	 0	 -1203	 
 41	 56	 1260	 59	 0	 -1201	 
 41	 56	 1260	 58	 0	 -1202	 
 41	 56	 1260	 61	 0	 -1199	 
 41	 56	 1260	 59	 0	 -1201	 
 41	 56	 1260	 59	 0	 -1201	 
 41	 56	 1260	 62	 0	 -1198	 
 41	 56	 1260	 61	 0	 -1199	 
 41	 56	 1260	 58	 0	 -1202	 
 41	 56	 1260	 57	 0	 -1203	 
 41	 56	 1260	 63	 0	 -1197	 
 41	 56	 1260	 64	 0	 -1196	 
 41	 56	 1260	 63	 0	 -1197	 
 41	 56	 1260	 60	 0	 -1200	 
 41	 56	 1260	 58	 0	 -1202	 
 41	 56	 1260	 59	 0	 -1201	 
 41	 56	 1260	 64	 0	 -1196	 
 41	 56	 1260	 62	 0	 -1198	 
 41	 56	 1260	 57	 0	 -1203	 
 41	 56	 1260	 59	 0	 -1201	 
 41	 56	 1260	 57	 0	 -1203	 
 41	 56	 1260	 60	 0	 -1200	 
 41	 56	 1260	 61	 0	 -1199	 
 41	 56	 1260	 63	 0	 -1197	 
 41	 56	 1260	 63	 0	 -1197	 
 41	 56	 1260	 61	 0	 -1199	 
 41	 56	 1260	 57	 0	 -1203	 
 41	 56	 1260	 57	 0	 -1203	 
 41	 56	 1260	 63	 0	 -1197	 
 41	 56	 1260	 57	 0	 -1203	 
 41	 56	 1260	 58	 0	 -1202	 
 41	 56	 1260	 57	 0	 -1203	 
 41	 56	 1260	 59	 0	 -1201	 
 41	 56	 1260	 57	 0	 -1203	 
 0	 0	 0	 0	 0	 0	 
 0	 0	 0	 0	 0	 0	 
 36	 50	 1260	 55	 0	 -1205	 
 36	 50	 1260	 53	 0	 -1207	 
 36	 50	 1260	 58	 0	 -1202	 
 36	 50	 1260	 51	 0	 -1209	 
 36	 50	 1260	 52	 0	 -1208	 
 36	 50	 1260	 57	 0	 -1203	 
 36	 50	 1260	 52	 0	 -1208	 
 36	 50	 1260	 58	 0	 -1202	 
 36	 50	 1260	 57	 0	 -1203	 
 36	 50	 1260	 51	 0	 -1209	 
 36	 50	 1260	 52	 0	 -1208	 
 36	 50	 1260	 52	 0	 -1208	 
 36	 50	 1260	 51	 0	 -1209	 
 36	 50	 1260	 57	 0	 -1203	 
 36	 50	 1260	 58	 0	 -1202	 
 36	 50	 1260	 52	 0	 -1208	 
 36	 50	 1260	 54	 0	 -1206	 
 36	 50	 1260	 51	 0	 -1209	 
 36	 50	 1260	 58	 0	 -1202	 
 36	 50	 1260	 56	 0	 -1204	 
 36	 50	 1260	 56	 0	 -1204	 
 36	 50	 1260	 51	 0	 -1209	 
 36	 50	 1260	 53	 0	 -1207	 
 36	 50	 1260	 54	 0	 -1206	 
 36	 50	 1260	 52	 0	 -1208	 
 36	 50	 1260	 51	 0	 -1209	 
 36	 50	 1260	 55	 0	 -1205	 
 36	 50	 1260	 57	 0	 -1203	 
 36	 50	 1260	 56	 0	 -1204	 
 36	 50	 1260	 54	 0	 -1206	 
 36	 50	 1260	 57	 0	 -1203	 
 36	 50	 1260	 54	 0	 -1206	 
 36	 50	 1260	 57	 0	 -1203	 
 36	 50	 1260	 55	 0	 -1205	 
 36	 50	 1260	 51	 0	 -1209	 
 36	 50	 1260	 54	 0	 -1206	 
 36	 50	 1260	 53	 0	 -1207	 
 36	 50	 1260	 52	 0	 -1208	 
 36	 50	 1260	 51	 0	 -1209	 
 36	 50	 1260	 57	 0	 -1203	 
 36	 50	 1260	 52	 0	 -1208	 
 36	 50	 1260	 56	 0	 -1204	 
 36	 50	 1260	 53	 0	 -1207	 
 36	 50	 1260	 54	 0	 -1206	 
 36	 50	 1260	 52	 0	 -1208	 
 36	 50	 1260	 52	 0	 -1208	 
 36	 50	 1260	 56	 0	 -1204	 
 36	 50	 1260	 54	 0	 -1206	 
 36	 50	 1260	 56	 0	 -1204	 
 36	 50	 1260	 54	 0	 -1206	 
 36	 50	 1260	 53	 0	 -1207	 
 36	 50	 1260	 54	 0	 -1206	 
 36	 50	 1260	 53	 0	 -1207	 
 36	 50	 1260	 54	 0	 -1206	 
 36	 50	 1260	 52	 0	 -1208	 
 36	 50	 1260	 58	 0	 -1202	 
 36	 50	 1260	 55	 0	 -1205	 
 36	 50	 1260	 52	 0	 -1208	 
 36	 50	 1260	 55	 0	 -1205	 
 36	 50	 1260	 56	 0	 -1204	 
 36	 50	 1260	 54	 0	 -1206	 
 36	 50	 1260	 57	 0	 -1203	 
 36	 50	 1260	 56	 0	 -1204	 
 36	 50	 1260	 58	 0	 -1202	 
 36	 50	 1260	 56	 0	 -1204	 
 36	 50	 1260	 51	 0	 -1209	 
 36	 50	 1260	 51	 0	 -1209	 
 36	 50	 1260	 55	 0	 -1205	 
 36	 50	 1260	 57	 0	 -1203	 
 36	 50	 1260	 56	 0	 -1204	 
 36	 50	 1260	 52	 0	 -1208	 
 36	 50	 1260	 56	 0	 -1204	 
 36	 50	 1260	 51	 0	 -1209	 
 36	 50	 1260	 54	 0	 -1206	 
 36	 50	 1260	 52	 0	 -1208	 
 36	 50	 1260	 52	 0	 -1208	 
 36	 50	 1260	 53	 0	 -1207	 
 36	 50	 1260	 53	 0	 -1207	 
 36	 50	 1260	 51	 0	 -1209	 
 36	 50	 1260	 56	 0	 -1204	 
 36	 50	 1260	 54	 0	 -1206	 
 36	 50	 1260	 56	 0	 -1204	 
 36	 50	 1260	 52	 0	 -1208	 
 36	 50	 1260	 52	 0	 -1208	 
 36	 50	 1260	 57	 0	 -1203	 
 36	 50	 1260	 56	 0	 -1204	 
 36	 50	 1260	 52	 0	 -1208	 
 36	 50	 1260	 52	 0	 -1208	 
 36	 50	 1260	 51	 0	 -1209	 
 36	 50	 1260	 51	 0	 -1209	 
 36	 50	 1260	 56	 0	 -1204	 
 36	 50	 1260	 53	 0	 -1207	 
 36	 50	 1260	 57	 0	 -1203	 
 36	 50	 1260	 54	 0	 -1206	 
 36	 50	 1260	 57	 0	 -1203	 
 36	 50	 1260	 54	 0	 -1206	 
 36	 50	 1260	 52	 0	 -1208	 
 36	 50	 1260	 55	 0	 -1205	 
 36	 50	 1260	 51	 0	 -1209	 
 0	 0	 0	 0	 0	 0	 
 0	 0	 0	 0	 0	 0	 
 22	 33	 1260	 34	 0	 -1226	 
 22	 33	 1260	 34	 0	 -1226	 
 22	 33	 1260	 35	 0	 -1225	 
 22	 33	 1260	 38	 0	 -1222	 
 22	 33	 1260	 37	 0	 -1223	 
 22	 33	 1260	 35	 0	 -1225	 
 22	 33	 1260	 37	 0	 -1223	 
 22	 33	 1260	 37	 0	 -1223	 
 22	 33	 1260	 39	 0	 -1221	 
 22	 33	 1260	 39	 0	 -1221	 
 22	 33	 1260	 36	 0	 -1224	 
 22	 33	 1260	 34	 0	 -1226	 
 22	 33	 1260	 35	 0	 -1225	 
 22	 33	 1260	 38	 0	 -1222	 
 22	 33	 1260	 34	 0	 -1226	 
 22	 33	 1260	 37	 0	 -1223	 
 22	 33	 1260	 38	 0	 -1222	 
 22	 33	 1260	 35	 0	 -1225	 
 22	 33	 1260	 36	 0	 -1224	 
 22	 33	 1260	 36	 0	 -1224	 
 22	 33	 1260	 36	 0	 -1224	 
 22	 33	 1260	 35	 0	 -1225	 
 22	 33	 1260	 34	 0	 -1226	 
 22	 33	 1260	 37	 0	 -1223	 
 22	 33	 1260	 34	 0	 -1226	 
 22	 33	 1260	 37	 0	 -1223	 
 22	 33	 1260	 34	 0	 -1226	 
 22	 33	 1260	 38	 0	 -1222	 
 22	 33	 1260	 36	 0	 -1224	 
 22	 33	 1260	 37	 0	 -1223	 
 22	 33	 1260	 37	 0	 -1223	 
 22	 33	 1260	 39	 0	 -1221	 
 22	 33	 1260	 38	 0	 -1222	 
 22	 33	 1260	 37	 0	 -1223	 
 22	 33	 1260	 38	 0	 -1222	 
 22	 33	 1260	 34	 0	 -1226	 
 22	 33	 1260	 36	 0	 -1224	 
 22	 33	 1260	 39	 0	 -1221	 
 22	 33	 1260	 38	 0	 -1222	 
 22	 33	 1260	 35	 0	 -1225	 
 22	 33	 1260	 38	 0	 -1222	 
 22	 33	 1260	 35	 0	 -1225	 
 22	 33	 1260	 39	 0	 -1221	 
 22	 33	 1260	 34	 0	 -1226	 
 22	 33	 1260	 37	 0	 -1223	 
 22	 33	 1260	 34	 0	 -1226	 
 22	 33	 1260	 34	 0	 -1226	 
 22	 33	 1260	 35	 0	 -1225	 
 22	 33	 1260	 36	 0	 -1224	 
 22	 33	 1260	 38	 0	 -1222	 
 22	 33	 1260	 38	 0	 -1222	 
 22	 33	 1260	 38	 0	 -1222	 
 22	 33	 1260	 39	 0	 -1221	 
 22	 33	 1260	 39	 0	 -1221	 
 22	 33	 1260	 39	 0	 -1221	 
 22	 33	 1260	 38	 0	 -1222	 
 22	 33	 1260	 38	 0	 -1222	 
 22	 33	 1260	 38	 0	 -1222	 
 22	 33	 1260	 36	 0	 -1224	 
 22	 33	 1260	 34	 0	 -1226	 
 22	 33	 1260	 35	 0	 -1225	 
 22	 33	 1260	 35	 0	 -1225	 
 22	 33	 1260	 38	 0	 -1222	 
 22	 33	 1260	 38	 0	 -1222	 
 22	 33	 1260	 35	 0	 -1225	 
 22	 33	 1260	 39	 0	 -1221	 
 22	 33	 1260	 35	 0	 -1225	 
 22	 33	 1260	 36	 0	 -1224	 
 22	 33	 1260	 34	 0	 -1226	 
 22	 33	 1260	 36	 0	 -1224	 
 22	 33	 1260	 38	 0	 -1222	 
 22	 33	 1260	 34	 0	 -1226	 
 22	 33	 1260	 34	 0	 -1226	 
 22	 33	 1260	 36	 0	 -1224	 
 22	 33	 1260	 37	 0	 -1223	 
 22	 33	 1260	 37	 0	 -1223	 
 22	 33	 1260	 39	 0	 -1221	 
 22	 33	 1260	 38	 0	 -1222	 
 22	 33	 1260	 35	 0	 -1225	 
 22	 33	 1260	 35	 0	 -1225	 
 22	 33	 1260	 39	 0	 -1221	 
 22	 33	 1260	 36	 0	 -1224	 
 22	 33	 1260	 39	 0	 -1221	 
 22	 33	 1260	 34	 0	 -1226	 
 22	 33	 1260	 38	 0	 -1222	 
 22	 33	 1260	 35	 0	 -1225	 
 22	 33	 1260	 36	 0	 -1224	 
 22	 33	 1260	 38	 0	 -1222	 
 22	 33	 1260	 39	 0	 -1221	 
 22	 33	 1260	 35	 0	 -1225	 
 22	 33	 1260	 37	 0	 -1223	 
 22	 33	 1260	 34	 0	 -1226	 
 22	 33	 1260	 36	 0	 -1224	 
 22	 33	 1260	 34	 0	 -1226	 
 22	 33	 1260	 34	 0	 -1226	 
 22	 33	 1260	 37	 0	 -1223	 
 22	 33	 1260	 38	 0	 -1222	 
 22	 33	 1260	 39	 0	 -1221	 
 22	 33	 1260	 36	 0	 -1224	 
 0	 0	 0	 0	 0	 0	 
 0	 0	 0	 0	 0	 0	 
 36	 50	 1260	 54	 0	 -1206	 
 36	 50	 1260	 54	 0	 -1206	 
 36	 50	 1260	 52	 0	 -1208	 
 36	 50	 1260	 53	 0	 -1207	 
 36	 50	 1260	 57	 0	 -1203	 
 36	 50	 1260	 53	 0	 -1207	 
 36	 50	 1260	 56	 0	 -1204	 
 36	 50	 1260	 54	 0	 -1206	 
 36	 50	 1260	 57	 0	 -1203	 
 36	 50	 1260	 57	 0	 -1203	 
 36	 50	 1260	 56	 0	 -1204	 
 36	 50	 1260	 55	 0	 -1205	 
 36	 50	 1260	 58	 0	 -1202	 
 36	 50	 1260	 53	 0	 -1207	 
 36	 50	 1260	 57	 0	 -1203	 
 36	 50	 1260	 51	 0	 -1209	 
 36	 50	 1260	 54	 0	 -1206	 
 36	 50	 1260	 55	 0	 -1205	 
 36	 50	 1260	 58	 0	 -1202	 
 36	 50	 1260	 56	 0	 -1204	 
 36	 50	 1260	 52	 0	 -1208	 
 36	 50	 1260	 53	 0	 -1207	 
 36	 50	 1260	 53	 0	 -1207	 
 36	 50	 1260	 58	 0	 -1202	 
 36	 50	 1260	 52	 0	 -1208	 
 36	 50	 1260	 55	 0	 -1205	 
 36	 50	 1260	 55	 0	 -1205	 
 36	 50	 1260	 57	 0	 -1203	 
 36	 50	 1260	 53	 0	 -1207	 
 36	 50	 1260	 52	 0	 -1208	 
 36	 50	 1260	 51	 0	 -1209	 
 36	 50	 1260	 52	 0	 -1208	 
 36	 50	 1260	 53	 0	 -1207	 
 36	 50	 1260	 54	 0	 -1206	 
 36	 50	 1260	 53	 0	 -1207	 
 36	 50	 1260	 53	 0	 -1207	 
 36	 50	 1260	 57	 0	 -1203	 
 36	 50	 1260	 57	 0	 -1203	 
 36	 50	 1260	 52	 0	 -1208	 
 36	 50	 1260	 55	 0	 -1205	 
 36	 50	 1260	 53	 0	 -1207	 
 36	 50	 1260	 57	 0	 -1203	 
 36	 50	 1260	 53	 0	 -1207	 
 36	 50	 1260	 57	 0	 -1203	 
 36	 50	 1260	 57	 0	 -1203	 
 36	 50	 1260	 52	 0	 -1208	 
 36	 50	 1260	 58	 0	 -1202	 
 36	 50	 1260	 52	 0	 -1208	 
 36	 50	 1260	 52	 0	 -1208	 
 36	 50	 1260	 54	 0	 -1206	 
 36	 50	 1260	 55	 0	 -1205	 
 36	 50	 1260	 52	 0	 -1208	 
 36	 50	 1260	 55	 0	 -1205	 
 36	 50	 1260	 58	 0	 -1202	 
 36	 50	 1260	 54	 0	 -1206	 
 36	 50	 1260	 52	 0	 -1208	 
 36	 50	 1260	 55	 0	 -1205	 
 36	 50	 1260	 51	 0	 -1209	 
 36	 50	 1260	 51	 0	 -1209	 
 36	 50	 1260	 55	 0	 -1205	 
 36	 50	 1260	 56	 0	 -1204	 
 36	 50	 1260	 51	 0	 -1209	 
 36	 50	 1260	 56	 0	 -1204	 
 36	 50	 1260	 55	 0	 -1205	 
 36	 50	 1260	 56	 0	 -1204	 
 36	 50	 1260	 54	 0	 -1206	 
 36	 50	 1260	 56	 0	 -1204	 
 36	 50	 1260	 52	 0	 -1208	 
 36	 50	 1260	 52	 0	 -1208	 
 36	 50	 1260	 55	 0	 -1205	 
 36	 50	 1260	 54	 0	 -1206	 
 36	 50	 1260	 55	 0	 -1205	 
 36	 50	 1260	 52	 0	 -1208	 
 36	 50	 1260	 54	 0	 -1206	 
 36	 50	 1260	 55	 0	 -1205	 
 36	 50	 1260	 55	 0	 -1205	 
 36	 50	 1260	 56	 0	 -1204	 
 36	 50	 1260	 52	 0	 -1208	 
 36	 50	 1260	 55	 0	 -1205	 
 36	 50	 1260	 57	 0	 -1203	 
 36	 50	 1260	 51	 0	 -1209	 
 36	 50	 1260	 55	 0	 -1205	 
 36	 50	 1260	 51	 0	 -1209	 
 36	 50	 1260	 51	 0	 -1209	 
 36	 50	 1260	 55	 0	 -1205	 
 36	 50	 1260	 55	 0	 -1205	 
 36	 50	 1260	 54	 0	 -1206	 
 36	 50	 1260	 52	 0	 -1208	 
 36	 50	 1260	 56	 0	 -1204	 
 36	 50	 1260	 54	 0	 -1206	 
 36	 50	 1260	 53	 0	 -1207	 
 36	 50	 1260	 53	 0	 -1207	 
 36	 50	 1260	 53	 0	 -1207	 
 36	 50	 1260	 55	 0	 -1205	 
 36	 50	 1260	 55	 0	 -1205	 
 36	 50	 1260	 53	 0	 -1207	 
 36	 50	 1260	 57	 0	 -1203	 
 36	 50	 1260	 56	 0	 -1204	 
 36	 50	 1260	 54	 0	 -1206	 
 0	 0	 0	 0	 0	 0	 
 0	 0	 0	 0	 0	 0	 
 29	 56	 1260	 64	 0	 -1196	 
 29	 56	 1260	 69	 0	 -1191	 
 29	 56	 1260	 65	 0	 -1195	 
 29	 56	 1260	 59	 0	 -1201	 
 29	 56	 1260	 65	 0	 -1195	 
 29	 56	 1260	 62	 0	 -1198	 
 29	 56	 1260	 61	 0	 -1199	 
 29	 56	 1260	 57	 0	 -1203	 
 29	 56	 1260	 59	 0	 -1201	 
 29	 56	 1260	 64	 0	 -1196	 
 29	 56	 1260	 69	 0	 -1191	 
 29	 56	 1260	 62	 0	 -1198	 
 29	 56	 1260	 59	 0	 -1201	 
 29	 56	 1260	 59	 0	 -1201	 
 29	 56	 1260	 66	 0	 -1194	 
 29	 56	 1260	 57	 0	 -1203	 
 29	 56	 1260	 66	 0	 -1194	 
 29	 56	 1260	 66	 0	 -1194	 
 29	 56	 1260	 69	 0	 -1191	 
 29	 56	 1260	 67	 0	 -1193	 
 29	 56	 1260	 59	 0	 -1201	 
 29	 56	 1260	 66	 0	 -1194	 
 29	 56	 1260	 60	 0	 -1200	 
 29	 56	 1260	 59	 0	 -1201	 
 29	 56	 1260	 64	 0	 -1196	 
 29	 56	 1260	 64	 0	 -1196	 
 29	 56	 1260	 62	 0	 -1198	 
 29	 56	 1260	 64	 0	 -1196	 
 29	 56	 1260	 59	 0	 -1201	 
 29	 56	 1260	 65	 0	 -1195	 
 29	 56	 1260	 65	 0	 -1195	 
 29	 56	 1260	 63	 0	 -1197	 
 29	 56	 1260	 60	 0	 -1200	 
 29	 56	 1260	 59	 0	 -1201	 
 29	 56	 1260	 69	 0	 -1191	 
 29	 56	 1260	 58	 0	 -1202	 
 29	 56	 1260	 57	 0	 -1203	 
 29	 56	 1260	 66	 0	 -1194	 
 29	 56	 1260	 60	 0	 -1200	 
 29	 56	 1260	 64	 0	 -1196	 
 29	 56	 1260	 60	 0	 -1200	 
 29	 56	 1260	 68	 0	 -1192	 
 29	 56	 1260	 64	 0	 -1196	 
 29	 56	 1260	 61	 0	 -1199	 
 29	 56	 1260	 59	 0	 -1201	 
 29	 56	 1260	 70	 0	 -1190	 
 29	 56	 1260	 64	 0	 -1196	 
 29	 56	 1260	 63	 0	 -1197	 
 29	 56	 1260	 59	 0	 -1201	 
 29	 56	 1260	 68	 0	 -1192	 
 29	 56	 1260	 66	 0	 -1194	 
 29	 56	 1260	 60	 0	 -1200	 
 29	 56	 1260	 67	 0	 -1193	 
 29	 56	 1260	 59	 0	 -1201	 
 29	 56	 1260	 59	 0	 -1201	 
 29	 56	 1260	 57	 0	 -1203	 
 29	 56	 1260	 63	 0	 -1197	 
 29	 56	 1260	 62	 0	 -1198	 
 29	 56	 1260	 57	 0	 -1203	 
 29	 56	 1260	 60	 0	 -1200	 
 29	 56	 1260	 65	 0	 -1195	 
 29	 56	 1260	 67	 0	 -1193	 
 29	 56	 1260	 57	 0	 -1203	 
 29	 56	 1260	 67	 0	 -1193	 
 29	 56	 1260	 69	 0	 -1191	 
 29	 56	 1260	 64	 0	 -1196	 
 29	 56	 1260	 57	 0	 -1203	 
 29	 56	 1260	 69	 0	 -1191	 
 29	 56	 1260	 62	 0	 -1198	 
 29	 56	 1260	 62	 0	 -1198	 
 29	 56	 1260	 59	 0	 -1201	 
 29	 56	 1260	 59	 0	 -1201	 
 29	 56	 1260	 59	 0	 -1201	 
 29	 56	 1260	 66	 0	 -1194	 
 29	 56	 1260	 69	 0	 -1191	 
 29	 56	 1260	 61	 0	 -1199	 
 29	 56	 1260	 69	 0	 -1191	 
 29	 56	 1260	 64	 0	 -1196	 
 29	 56	 1260	 60	 0	 -1200	 
 29	 56	 1260	 67	 0	 -1193	 
 29	 56	 1260	 70	 0	 -1190	 
 29	 56	 1260	 62	 0	 -1198	 
 29	 56	 1260	 70	 0	 -1190	 
 29	 56	 1260	 66	 0	 -1194	 
 29	 56	 1260	 64	 0	 -1196	 
 29	 56	 1260	 69	 0	 -1191	 
 29	 56	 1260	 59	 0	 -1201	 
 29	 56	 1260	 59	 0	 -1201	 
 29	 56	 1260	 63	 0	 -1197	 
 29	 56	 1260	 63	 0	 -1197	 
 29	 56	 1260	 68	 0	 -1192	 
 29	 56	 1260	 68	 0	 -1192	 
 29	 56	 1260	 67	 0	 -1193	 
 29	 56	 1260	 70	 0	 -1190	 
 29	 56	 1260	 62	 0	 -1198	 
 29	 56	 1260	 68	 0	 -1192	 
 29	 56	 1260	 70	 0	 -1190	 
 29	 56	 1260	 59	 0	 -1201	 
 29	 56	 1260	 58	 0	 -1202	 
 0	 0	 0	 0	 0	 0	 
 0	 0	 0	 0	 0	 0	 
 36	 50	 1260	 54	 0	 -1206	 
 36	 50	 1260	 52	 0	 -1208	 
 36	 50	 1260	 55	 0	 -1205	 
 36	 50	 1260	 54	 0	 -1206	 
 36	 50	 1260	 51	 0	 -1209	 
 36	 50	 1260	 54	 0	 -1206	 
 36	 50	 1260	 58	 0	 -1202	 
 36	 50	 1260	 52	 0	 -1208	 
 36	 50	 1260	 58	 0	 -1202	 
 36	 50	 1260	 57	 0	 -1203	 
 36	 50	 1260	 51	 0	 -1209	 
 36	 50	 1260	 56	 0	 -1204	 
 36	 50	 1260	 53	 0	 -1207	 
 36	 50	 1260	 55	 0	 -1205	 
 36	 50	 1260	 53	 0	 -1207	 
 36	 50	 1260	 55	 0	 -1205	 
 36	 50	 1260	 57	 0	 -1203	 
 36	 50	 1260	 52	 0	 -1208	 
 36	 50	 1260	 52	 0	 -1208	 
 36	 50	 1260	 52	 0	 -1208	 
 36	 50	 1260	 51	 0	 -1209	 
 36	 50	 1260	 58	 0	 -1202	 
 36	 50	 1260	 56	 0	 -1204	 
 36	 50	 1260	 54	 0	 -1206	 
 36	 50	 1260	 57	 0	 -1203	 
 36	 50	 1260	 57	 0	 -1203	 
 36	 50	 1260	 53	 0	 -1207	 
 36	 50	 1260	 57	 0	 -1203	 
 36	 50	 1260	 52	 0	 -1208	 
 36	 50	 1260	 55	 0	 -1205	 
 36	 50	 1260	 52	 0	 -1208	 
 36	 50	 1260	 54	 0	 -1206	 
 36	 50	 1260	 56	 0	 -1204	 
 36	 50	 1260	 57	 0	 -1203	 
 36	 50	 1260	 55	 0	 -1205	 
 36	 50	 1260	 53	 0	 -1207	 
 36	 50	 1260	 57	 0	 -1203	 
 36	 50	 1260	 53	 0	 -1207	 
 36	 50	 1260	 57	 0	 -1203	 
 36	 50	 1260	 53	 0	 -1207	 
 36	 50	 1260	 55	 0	 -1205	 
 36	 50	 1260	 57	 0	 -1203	 
 36	 50	 1260	 57	 0	 -1203	 
 36	 50	 1260	 58	 0	 -1202	 
 36	 50	 1260	 53	 0	 -1207	 
 36	 50	 1260	 54	 0	 -1206	 
 36	 50	 1260	 51	 0	 -1209	 
 36	 50	 1260	 52	 0	 -1208	 
 36	 50	 1260	 54	 0	 -1206	 
 36	 50	 1260	 57	 0	 -1203	 
 36	 50	 1260	 56	 0	 -1204	 
 36	 50	 1260	 53	 0	 -1207	 
 36	 50	 1260	 57	 0	 -1203	 
 36	 50	 1260	 55	 0	 -1205	 
 36	 50	 1260	 52	 0	 -1208	 
 36	 50	 1260	 55	 0	 -1205	 
 36	 50	 1260	 53	 0	 -1207	 
 36	 50	 1260	 57	 0	 -1203	 
 36	 50	 1260	 51	 0	 -1209	 
 36	 50	 1260	 57	 0	 -1203	 
 36	 50	 1260	 55	 0	 -1205	 
 36	 50	 1260	 56	 0	 -1204	 
 36	 50	 1260	 58	 0	 -1202	 
 36	 50	 1260	 56	 0	 -1204	 
 36	 50	 1260	 53	 0	 -1207	 
 36	 50	 1260	 53	 0	 -1207	 
 36	 50	 1260	 54	 0	 -1206	 
 36	 50	 1260	 54	 0	 -1206	 
 36	 50	 1260	 55	 0	 -1205	 
 36	 50	 1260	 52	 0	 -1208	 
 36	 50	 1260	 51	 0	 -1209	 
 36	 50	 1260	 51	 0	 -1209	 
 36	 50	 1260	 55	 0	 -1205	 
 36	 50	 1260	 55	 0	 -1205	 
 36	 50	 1260	 51	 0	 -1209	 
 36	 50	 1260	 54	 0	 -1206	 
 36	 50	 1260	 56	 0	 -1204	 
 36	 50	 1260	 53	 0	 -1207	 
 36	 50	 1260	 51	 0	 -1209	 
 36	 50	 1260	 54	 0	 -1206	 
 36	 50	 1260	 58	 0	 -1202	 
 36	 50	 1260	 56	 0	 -1204	 
 36	 50	 1260	 51	 0	 -1209	 
 36	 50	 1260	 57	 0	 -1203	 
 36	 50	 1260	 55	 0	 -1205	 
 36	 50	 1260	 54	 0	 -1206	 
 36	 50	 1260	 57	 0	 -1203	 
 36	 50	 1260	 55	 0	 -1205	 
 36	 50	 1260	 53	 0	 -1207	 
 36	 50	 1260	 52	 0	 -1208	 
 36	 50	 1260	 53	 0	 -1207	 
 36	 50	 1260	 51	 0	 -1209	 
 36	 50	 1260	 57	 0	 -1203	 
 36	 50	 1260	 54	 0	 -1206	 
 36	 50	 1260	 52	 0	 -1208	 
 36	 50	 1260	 53	 0	 -1207	 
 36	 50	 1260	 55	 0	 -1205	 
 36	 50	 1260	 54	 0	 -1206	 
 36	 50	 1260	 56	 0	 -1204	 
 0	 0	 0	 0	 0	 0	 
 0	 0	 0	 0	 0	 0	 
 23	 52	 1260	 67	 1	 -1193	 
 23	 52	 1260	 55	 1	 -1205	 
 23	 52	 1260	 67	 1	 -1193	 
 23	 52	 1260	 57	 1	 -1203	 
 23	 52	 1260	 61	 1	 -1199	 
 23	 52	 1260	 62	 1	 -1198	 
 23	 52	 1260	 55	 1	 -1205	 
 23	 52	 1260	 59	 1	 -1201	 
 23	 52	 1260	 60	 1	 -1200	 
 23	 52	 1260	 55	 1	 -1205	 
 23	 52	 1260	 67	 1	 -1193	 
 23	 52	 1260	 64	 1	 -1196	 
 23	 52	 1260	 55	 1	 -1205	 
 23	 52	 1260	 54	 1	 -1206	 
 23	 52	 1260	 57	 1	 -1203	 
 23	 52	 1260	 53	 1	 -1207	 
 23	 52	 1260	 54	 1	 -1206	 
 23	 52	 1260	 62	 1	 -1198	 
 23	 52	 1260	 67	 1	 -1193	 
 23	 52	 1260	 63	 1	 -1197	 
 23	 52	 1260	 58	 1	 -1202	 
 23	 52	 1260	 63	 1	 -1197	 
 23	 52	 1260	 56	 1	 -1204	 
 23	 52	 1260	 59	 1	 -1201	 
 23	 52	 1260	 61	 1	 -1199	 
 23	 52	 1260	 64	 1	 -1196	 
 23	 52	 1260	 56	 1	 -1204	 
 23	 52	 1260	 56	 1	 -1204	 
 23	 52	 1260	 55	 1	 -1205	 
 23	 52	 1260	 61	 1	 -1199	 
 23	 52	 1260	 55	 1	 -1205	 
 23	 52	 1260	 58	 1	 -1202	 
 23	 52	 1260	 58	 1	 -1202	 
 23	 52	 1260	 67	 1	 -1193	 
 23	 52	 1260	 63	 1	 -1197	 
 23	 52	 1260	 60	 1	 -1200	 
 23	 52	 1260	 54	 1	 -1206	 
 23	 52	 1260	 58	 1	 -1202	 
 23	 52	 1260	 54	 1	 -1206	 
 23	 52	 1260	 55	 1	 -1205	 
 23	 52	 1260	 58	 1	 -1202	 
 23	 52	 1260	 57	 1	 -1203	 
 23	 52	 1260	 56	 1	 -1204	 
 23	 52	 1260	 59	 1	 -1201	 
 23	 52	 1260	 56	 1	 -1204	 
 23	 52	 1260	 60	 1	 -1200	 
 23	 52	 1260	 58	 1	 -1202	 
 23	 52	 1260	 65	 1	 -1195	 
 23	 52	 1260	 53	 1	 -1207	 
 23	 52	 1260	 64	 1	 -1196	 
 23	 52	 1260	 60	 1	 -1200	 
 23	 52	 1260	 60	 1	 -1200	 
 23	 52	 1260	 61	 1	 -1199	 
 23	 52	 1260	 59	 1	 -1201	 
 23	 52	 1260	 63	 1	 -1197	 
 23	 52	 1260	 56	 1	 -1204	 
 23	 52	 1260	 63	 1	 -1197	 
 23	 52	 1260	 63	 1	 -1197	 
 23	 52	 1260	 65	 1	 -1195	 
 23	 52	 1260	 59	 1	 -1201	 
 23	 52	 1260	 62	 1	 -1198	 
 23	 52	 1260	 62	 1	 -1198	 
 23	 52	 1260	 64	 1	 -1196	 
 23	 52	 1260	 67	 1	 -1193	 
 23	 52	 1260	 60	 1	 -1200	 
 23	 52	 1260	 61	 1	 -1199	 
 23	 52	 1260	 59	 1	 -1201	 
 23	 52	 1260	 55	 1	 -1205	 
 23	 52	 1260	 53	 1	 -1207	 
 23	 52	 1260	 54	 1	 -1206	 
 23	 52	 1260	 54	 1	 -1206	 
 23	 52	 1260	 56	 1	 -1204	 
 23	 52	 1260	 66	 1	 -1194	 
 23	 52	 1260	 62	 1	 -1198	 
 23	 52	 1260	 64	 1	 -1196	 
 23	 52	 1260	 67	 1	 -1193	 
 23	 52	 1260	 60	 1	 -1200	 
 23	 52	 1260	 54	 1	 -1206	 
 23	 52	 1260	 59	 1	 -1201	 
 23	 52	 1260	 60	 1	 -1200	 
 23	 52	 1260	 61	 1	 -1199	 
 23	 52	 1260	 58	 1	 -1202	 
 23	 52	 1260	 57	 1	 -1203	 
 23	 52	 1260	 54	 1	 -1206	 
 23	 52	 1260	 53	 1	 -1207	 
 23	 52	 1260	 56	 1	 -1204	 
 23	 52	 1260	 64	 1	 -1196	 
 23	 52	 1260	 66	 1	 -1194	 
 23	 52	 1260	 61	 1	 -1199	 
 23	 52	 1260	 62	 1	 -1198	 
 23	 52	 1260	 54	 1	 -1206	 
 23	 52	 1260	 58	 1	 -1202	 
 23	 52	 1260	 55	 1	 -1205	 
 23	 52	 1260	 53	 1	 -1207	 
 23	 52	 1260	 63	 1	 -1197	 
 23	 52	 1260	 66	 1	 -1194	 
 23	 52	 1260	 53	 1	 -1207	 
 23	 52	 1260	 66	 1	 -1194	 
 23	 52	 1260	 65	 1	 -1195	 
 0	 0	 0	 0	 0	 0	 
 