2.486283e-01	 6.703968e-01	 9.834750e-05	 7.380037e-02	 1.038993e+05	 8.637640e+00	 
 2.478147e-01	 6.662116e-01	 6.739620e-05	 7.713821e-02	 1.038977e+05	 8.302878e+00	 
 2.475738e-01	 6.649722e-01	 5.823067e-05	 7.812663e-02	 1.038973e+05	 8.184316e+00	 
 2.474763e-01	 6.644708e-01	 5.452232e-05	 7.852655e-02	 1.038971e+05	 8.133550e+00	 
 2.474320e-01	 6.642432e-01	 5.283937e-05	 7.870804e-02	 1.038970e+05	 8.109987e+00	 
 2.474109e-01	 6.641346e-01	 5.203607e-05	 7.879467e-02	 1.038969e+05	 8.098628e+00	 
 2.474006e-01	 6.640815e-01	 5.164341e-05	 7.883701e-02	 1.038969e+05	 8.093049e+00	 
 2.473955e-01	 6.640553e-01	 5.144924e-05	 7.885795e-02	 1.038969e+05	 8.090284e+00	 
 2.473930e-01	 6.640422e-01	 5.135268e-05	 7.886836e-02	 1.038969e+05	 8.088908e+00	 
 2.473917e-01	 6.640357e-01	 5.130452e-05	 7.887356e-02	 1.038969e+05	 8.088221e+00	 
 2.473911e-01	 6.640324e-01	 5.128047e-05	 7.887615e-02	 1.038969e+05	 8.087878e+00	 
 2.519798e-01	 6.879468e-01	 2.257230e-04	 5.984771e-02	 1.038887e+05	 8.804305e+00	 
 1.921490e-01	 7.094886e-01	 1.093527e-05	 9.835148e-02	 1.010201e+05	 8.843103e+00	 
 1.805933e-01	 7.154103e-01	 1.699786e-04	 1.038286e-01	 8.864025e+04	 9.055012e+00	 
 1.805933e-01	 7.154103e-01	 1.699786e-04	 1.038286e-01	 8.114176e+04	 9.854314e+00	 
 