s	 e	 integralPartic	 alturaRetang	 metadePartic	 maximaPartic	 minimoPArtic	 alturaPartic	 p	 comparativoMet
16	 30	 1.569508e+01	 1.046338e+00	 1.756587e+04	 3.513082e+04	 9.189328e-01	 9.752059e-01	 0	 1.678794e+04	 
 16	 30	 1.542251e+01	 1.028167e+00	 1.756587e+04	 3.513082e+04	 9.189328e-01	 9.752059e-01	 0	 1.708464e+04	 
 16	 30	 1.569508e+01	 1.046338e+00	 1.756587e+04	 3.513082e+04	 9.189328e-01	 9.752059e-01	 0	 1.678794e+04	 
 16	 30	 1.569508e+01	 1.046338e+00	 1.756587e+04	 3.513082e+04	 9.189328e-01	 9.752059e-01	 0	 1.678794e+04	 
 16	 30	 1.569508e+01	 1.046338e+00	 1.756587e+04	 3.513082e+04	 9.189328e-01	 9.752059e-01	 0	 1.678794e+04	 
 16	 30	 1.550874e+01	 1.033916e+00	 1.756587e+04	 3.513082e+04	 9.189328e-01	 9.752059e-01	 0	 1.698964e+04	 
 16	 30	 1.542251e+01	 1.028167e+00	 1.756587e+04	 3.513082e+04	 9.189328e-01	 9.752059e-01	 0	 1.708464e+04	 
 16	 30	 1.550874e+01	 1.033916e+00	 1.756587e+04	 3.513082e+04	 9.189328e-01	 9.752059e-01	 0	 1.698964e+04	 
 16	 30	 1.569508e+01	 1.046338e+00	 1.756587e+04	 3.513082e+04	 9.189328e-01	 9.752059e-01	 0	 1.678794e+04	 
 16	 30	 1.569508e+01	 1.046338e+00	 1.756587e+04	 3.513082e+04	 9.189328e-01	 9.752059e-01	 0	 1.678794e+04	 
 