9.134348e-02	 -5.418585e-04	 4.748328e-01	 3.557856e-01	 5.223335e+04	 5.223160e+04	 1.748595e+00	 0	 3.978233e+01	 7.858867e-02	 7.882237e-02	 3.613576e+03	 7.858004e-02	 
 9.134348e-02	 -5.418585e-04	 4.748328e-01	 3.557856e-01	 5.223335e+04	 5.223160e+04	 1.748595e+00	 0	 3.978233e+01	 7.858867e-02	 7.882237e-02	 3.613576e+03	 7.858004e-02	 
 9.134348e-02	 -5.418585e-04	 4.748328e-01	 3.557856e-01	 5.223335e+04	 5.223160e+04	 1.748595e+00	 0	 3.978233e+01	 7.858867e-02	 7.882237e-02	 3.613576e+03	 7.858004e-02	 
 9.134348e-02	 -5.418585e-04	 4.748328e-01	 3.557856e-01	 5.223335e+04	 5.223160e+04	 1.748595e+00	 0	 3.978233e+01	 7.858867e-02	 7.882237e-02	 3.613576e+03	 7.858004e-02	 
 9.134348e-02	 -5.418585e-04	 4.748328e-01	 3.557856e-01	 5.223335e+04	 5.223160e+04	 1.748595e+00	 0	 3.978233e+01	 7.858867e-02	 7.882237e-02	 3.613576e+03	 7.858004e-02	 
 9.134348e-02	 -5.418585e-04	 4.748328e-01	 3.557856e-01	 5.223335e+04	 5.223160e+04	 1.748595e+00	 0	 3.978233e+01	 7.858867e-02	 7.882237e-02	 3.613576e+03	 7.858004e-02	 
 5.951585e-01	 -1.654482e-02	 -6.206259e-01	 6.057635e-01	 1.031127e+05	 1.012107e+05	 1.901987e+03	 0	 1.822954e+03	 4.392365e-01	 4.371599e-01	 2.882625e+02	 1.856016e+02	 
 5.951585e-01	 -1.654482e-02	 -6.206259e-01	 6.057635e-01	 1.031127e+05	 1.012107e+05	 1.901987e+03	 0	 1.822954e+03	 4.392365e-01	 4.371599e-01	 2.882625e+02	 1.856016e+02	 
 5.951585e-01	 -1.654482e-02	 -6.206259e-01	 6.057635e-01	 1.031127e+05	 1.012107e+05	 1.901987e+03	 0	 1.822954e+03	 4.392365e-01	 4.371599e-01	 2.882625e+02	 1.856016e+02	 
 5.951585e-01	 -1.654482e-02	 -6.206259e-01	 6.057635e-01	 1.031127e+05	 1.012107e+05	 1.901987e+03	 0	 1.822954e+03	 4.392365e-01	 4.371599e-01	 2.882625e+02	 1.856016e+02	 
 5.951585e-01	 -1.654482e-02	 -6.206259e-01	 6.057635e-01	 1.031127e+05	 1.012107e+05	 1.901987e+03	 0	 1.822954e+03	 4.392365e-01	 4.371599e-01	 2.882625e+02	 1.856016e+02	 
 5.951585e-01	 -1.654482e-02	 -6.206259e-01	 6.057635e-01	 1.031127e+05	 1.012107e+05	 1.901987e+03	 0	 1.822954e+03	 4.392365e-01	 4.371599e-01	 2.882625e+02	 1.856016e+02	 
 1.965781e+00	 1.093220e-03	 -5.822450e+00	 2.693771e+00	 7.689712e+04	 7.695880e+04	 6.167921e+01	 0	 3.027541e+04	 2.458848e+00	 2.266853e+00	 5.135028e+01	 4.717579e+01	 
 1.965781e+00	 1.093220e-03	 -5.822450e+00	 2.693771e+00	 7.689712e+04	 7.695880e+04	 6.167921e+01	 0	 3.027541e+04	 2.458848e+00	 2.266853e+00	 5.135028e+01	 4.717579e+01	 
 1.965781e+00	 1.093220e-03	 -5.822450e+00	 2.693771e+00	 7.689712e+04	 7.695880e+04	 6.167921e+01	 0	 3.027541e+04	 2.458848e+00	 2.266853e+00	 5.135028e+01	 4.717579e+01	 
 1.965781e+00	 1.093220e-03	 -5.822450e+00	 2.693771e+00	 7.689712e+04	 7.695880e+04	 6.167921e+01	 0	 3.027541e+04	 2.458848e+00	 2.266853e+00	 5.135028e+01	 4.717579e+01	 
 1.965781e+00	 1.093220e-03	 -5.822450e+00	 2.693771e+00	 7.689712e+04	 7.695880e+04	 6.167921e+01	 0	 3.027541e+04	 2.458848e+00	 2.266853e+00	 5.135028e+01	 4.717579e+01	 
 1.965781e+00	 1.093220e-03	 -5.822450e+00	 2.693771e+00	 7.689712e+04	 7.695880e+04	 6.167921e+01	 0	 3.027541e+04	 2.458848e+00	 2.266853e+00	 5.135028e+01	 4.717579e+01	 
 1.364192e-01	 2.141780e-02	 1.216646e-01	 5.158455e-01	 5.146315e+04	 5.101660e+04	 4.465525e+02	 1	 4.344984e+03	 2.084438e-01	 2.050077e-01	 8.993352e+02	 8.039063e+01	 
 1.364192e-01	 2.141780e-02	 1.216646e-01	 5.158455e-01	 5.146315e+04	 5.101660e+04	 4.465525e+02	 1	 4.344984e+03	 2.084438e-01	 2.050077e-01	 8.993352e+02	 8.039063e+01	 
 1.364192e-01	 2.141780e-02	 1.216646e-01	 5.158455e-01	 5.146315e+04	 5.101660e+04	 4.465525e+02	 1	 4.344984e+03	 2.084438e-01	 2.050077e-01	 8.993352e+02	 8.039063e+01	 
 1.364192e-01	 2.141780e-02	 1.216646e-01	 5.158455e-01	 5.146315e+04	 5.101660e+04	 4.465525e+02	 1	 4.344984e+03	 2.084438e-01	 2.050077e-01	 8.993352e+02	 8.039063e+01	 
 1.364192e-01	 2.141780e-02	 1.216646e-01	 5.158455e-01	 5.146315e+04	 5.101660e+04	 4.465525e+02	 1	 4.344984e+03	 2.084438e-01	 2.050077e-01	 8.993352e+02	 8.039063e+01	 
 1.364192e-01	 2.141780e-02	 1.216646e-01	 5.158455e-01	 5.146315e+04	 5.101660e+04	 4.465525e+02	 1	 4.344984e+03	 2.084438e-01	 2.050077e-01	 8.993352e+02	 8.039063e+01	 
 3.289924e-02	 -2.660009e-03	 8.550200e-01	 9.222475e-02	 6.098784e+04	 6.092960e+04	 5.823695e+01	 0	 3.371272e+01	 2.251873e-02	 2.276126e-02	 7.310225e+02	 4.774682e-02	 
 3.289924e-02	 -2.660009e-03	 8.550200e-01	 9.222475e-02	 6.098784e+04	 6.092960e+04	 5.823695e+01	 0	 3.371272e+01	 2.251873e-02	 2.276126e-02	 7.310225e+02	 4.774682e-02	 
 3.289924e-02	 -2.660009e-03	 8.550200e-01	 9.222475e-02	 6.098784e+04	 6.092960e+04	 5.823695e+01	 0	 3.371272e+01	 2.251873e-02	 2.276126e-02	 7.310225e+02	 4.774682e-02	 
 3.289924e-02	 -2.660009e-03	 8.550200e-01	 9.222475e-02	 6.098784e+04	 6.092960e+04	 5.823695e+01	 0	 3.371272e+01	 2.251873e-02	 2.276126e-02	 7.310225e+02	 4.774682e-02	 
 3.289924e-02	 -2.660009e-03	 8.550200e-01	 9.222475e-02	 6.098784e+04	 6.092960e+04	 5.823695e+01	 0	 3.371272e+01	 2.251873e-02	 2.276126e-02	 7.310225e+02	 4.774682e-02	 
 3.289924e-02	 -2.660009e-03	 8.550200e-01	 9.222475e-02	 6.098784e+04	 6.092960e+04	 5.823695e+01	 0	 3.371272e+01	 2.251873e-02	 2.276126e-02	 7.310225e+02	 4.774682e-02	 
 1.602328e-01	 6.433914e-02	 5.212582e-01	 1.975833e-01	 7.520329e+04	 7.555540e+04	 3.521078e+02	 1	 1.579389e+02	 5.663484e-02	 5.683183e-02	 1.862342e+02	 1.598200e+02	 
 1.602328e-01	 6.433914e-02	 5.212582e-01	 1.975833e-01	 7.520329e+04	 7.555540e+04	 3.521078e+02	 1	 1.579389e+02	 5.663484e-02	 5.683183e-02	 1.862342e+02	 1.598200e+02	 
 1.602328e-01	 6.433914e-02	 5.212582e-01	 1.975833e-01	 7.520329e+04	 7.555540e+04	 3.521078e+02	 1	 1.579389e+02	 5.663484e-02	 5.683183e-02	 1.862342e+02	 1.598200e+02	 
 1.602328e-01	 6.433914e-02	 5.212582e-01	 1.975833e-01	 7.520329e+04	 7.555540e+04	 3.521078e+02	 1	 1.579389e+02	 5.663484e-02	 5.683183e-02	 1.862342e+02	 1.598200e+02	 
 1.602328e-01	 6.433914e-02	 5.212582e-01	 1.975833e-01	 7.520329e+04	 7.555540e+04	 3.521078e+02	 1	 1.579389e+02	 5.663484e-02	 5.683183e-02	 1.862342e+02	 1.598200e+02	 
 1.602328e-01	 6.433914e-02	 5.212582e-01	 1.975833e-01	 7.520329e+04	 7.555540e+04	 3.521078e+02	 1	 1.579389e+02	 5.663484e-02	 5.683183e-02	 1.862342e+02	 1.598200e+02	 
 1.816278e-01	 7.998261e-05	 3.508340e-02	 5.330899e-01	 1.199532e+05	 1.199561e+05	 2.869328e+00	 1	 1.105586e+03	 2.509939e-01	 2.504546e-01	 2.577748e+02	 7.490771e+01	 
 1.816278e-01	 7.998261e-05	 3.508340e-02	 5.330899e-01	 1.199532e+05	 1.199561e+05	 2.869328e+00	 1	 1.105586e+03	 2.509939e-01	 2.504546e-01	 2.577748e+02	 7.490771e+01	 
 1.816278e-01	 7.998261e-05	 3.508340e-02	 5.330899e-01	 1.199532e+05	 1.199561e+05	 2.869328e+00	 1	 1.105586e+03	 2.509939e-01	 2.504546e-01	 2.577748e+02	 7.490771e+01	 
 1.816278e-01	 7.998261e-05	 3.508340e-02	 5.330899e-01	 1.199532e+05	 1.199561e+05	 2.869328e+00	 1	 1.105586e+03	 2.509939e-01	 2.504546e-01	 2.577748e+02	 7.490771e+01	 
 1.816278e-01	 7.998261e-05	 3.508340e-02	 5.330899e-01	 1.199532e+05	 1.199561e+05	 2.869328e+00	 1	 1.105586e+03	 2.509939e-01	 2.504546e-01	 2.577748e+02	 7.490771e+01	 
 1.816278e-01	 7.998261e-05	 3.508340e-02	 5.330899e-01	 1.199532e+05	 1.199561e+05	 2.869328e+00	 1	 1.105586e+03	 2.509939e-01	 2.504546e-01	 2.577748e+02	 7.490771e+01	 
 5.735153e-02	 -7.272017e-05	 6.099146e-01	 2.856011e-01	 9.903603e+04	 9.903530e+04	 7.327469e-01	 0	 1.088089e+02	 4.722088e-02	 4.745112e-02	 1.341757e+03	 3.971568e-01	 
 5.735153e-02	 -7.272017e-05	 6.099146e-01	 2.856011e-01	 9.903603e+04	 9.903530e+04	 7.327469e-01	 0	 1.088089e+02	 4.722088e-02	 4.745112e-02	 1.341757e+03	 3.971568e-01	 
 5.735153e-02	 -7.272017e-05	 6.099146e-01	 2.856011e-01	 9.903603e+04	 9.903530e+04	 7.327469e-01	 0	 1.088089e+02	 4.722088e-02	 4.745112e-02	 1.341757e+03	 3.971568e-01	 
 5.735153e-02	 -7.272017e-05	 6.099146e-01	 2.856011e-01	 9.903603e+04	 9.903530e+04	 7.327469e-01	 0	 1.088089e+02	 4.722088e-02	 4.745112e-02	 1.341757e+03	 3.971568e-01	 
 5.735153e-02	 -7.272017e-05	 6.099146e-01	 2.856011e-01	 9.903603e+04	 9.903530e+04	 7.327469e-01	 0	 1.088089e+02	 4.722088e-02	 4.745112e-02	 1.341757e+03	 3.971568e-01	 
 5.735153e-02	 -7.272017e-05	 6.099146e-01	 2.856011e-01	 9.903603e+04	 9.903530e+04	 7.327469e-01	 0	 1.088089e+02	 4.722088e-02	 4.745112e-02	 1.341757e+03	 3.971568e-01	 
 9.836943e-02	 2.151661e-04	 6.489946e-01	 2.215981e-01	 8.990426e+04	 8.990480e+04	 5.357661e-01	 1	 2.283892e+02	 3.085262e-02	 3.099502e-02	 1.316139e+02	 4.064908e+02	 
 9.836943e-02	 2.151661e-04	 6.489946e-01	 2.215981e-01	 8.990426e+04	 8.990480e+04	 5.357661e-01	 1	 2.283892e+02	 3.085262e-02	 3.099502e-02	 1.316139e+02	 4.064908e+02	 
 9.836943e-02	 2.151661e-04	 6.489946e-01	 2.215981e-01	 8.990426e+04	 8.990480e+04	 5.357661e-01	 1	 2.283892e+02	 3.085262e-02	 3.099502e-02	 1.316139e+02	 4.064908e+02	 
 9.836943e-02	 2.151661e-04	 6.489946e-01	 2.215981e-01	 8.990426e+04	 8.990480e+04	 5.357661e-01	 1	 2.283892e+02	 3.085262e-02	 3.099502e-02	 1.316139e+02	 4.064908e+02	 
 9.836943e-02	 2.151661e-04	 6.489946e-01	 2.215981e-01	 8.990426e+04	 8.990480e+04	 5.357661e-01	 1	 2.283892e+02	 3.085262e-02	 3.099502e-02	 1.316139e+02	 4.064908e+02	 
 9.836943e-02	 2.151661e-04	 6.489946e-01	 2.215981e-01	 8.990426e+04	 8.990480e+04	 5.357661e-01	 1	 2.283892e+02	 3.085262e-02	 3.099502e-02	 1.316139e+02	 4.064908e+02	 
 2.264327e-01	 3.675863e-09	 2.520965e-01	 3.018781e-01	 4.656290e+04	 4.656290e+04	 1.449282e-04	 1	 2.540004e+01	 2.196880e-01	 2.198157e-01	 3.891708e+03	 2.195928e-01	 
 2.264327e-01	 3.675863e-09	 2.520965e-01	 3.018781e-01	 4.656290e+04	 4.656290e+04	 1.449282e-04	 1	 2.540004e+01	 2.196880e-01	 2.198157e-01	 3.891708e+03	 2.195928e-01	 
 2.264327e-01	 3.675863e-09	 2.520965e-01	 3.018781e-01	 4.656290e+04	 4.656290e+04	 1.449282e-04	 1	 2.540004e+01	 2.196880e-01	 2.198157e-01	 3.891708e+03	 2.195928e-01	 
 2.264327e-01	 3.675863e-09	 2.520965e-01	 3.018781e-01	 4.656290e+04	 4.656290e+04	 1.449282e-04	 1	 2.540004e+01	 2.196880e-01	 2.198157e-01	 3.891708e+03	 2.195928e-01	 
 2.264327e-01	 3.675863e-09	 2.520965e-01	 3.018781e-01	 4.656290e+04	 4.656290e+04	 1.449282e-04	 1	 2.540004e+01	 2.196880e-01	 2.198157e-01	 3.891708e+03	 2.195928e-01	 
 2.264327e-01	 3.675863e-09	 2.520965e-01	 3.018781e-01	 4.656290e+04	 4.656290e+04	 1.449282e-04	 1	 2.540004e+01	 2.196880e-01	 2.198157e-01	 3.891708e+03	 2.195928e-01	 
 2.264327e-01	 1.208627e-09	 2.520965e-01	 3.018781e-01	 4.656290e+04	 4.656290e+04	 8.053181e-05	 1	 2.769663e+01	 2.196716e-01	 2.198152e-01	 4.822891e+03	 2.195928e-01	 
 2.264327e-01	 1.208627e-09	 2.520965e-01	 3.018781e-01	 4.656290e+04	 4.656290e+04	 8.053181e-05	 1	 2.769663e+01	 2.196716e-01	 2.198152e-01	 4.822891e+03	 2.195928e-01	 
 2.264327e-01	 1.208627e-09	 2.520965e-01	 3.018781e-01	 4.656290e+04	 4.656290e+04	 8.053181e-05	 1	 2.769663e+01	 2.196716e-01	 2.198152e-01	 4.822891e+03	 2.195928e-01	 
 2.264327e-01	 1.208627e-09	 2.520965e-01	 3.018781e-01	 4.656290e+04	 4.656290e+04	 8.053181e-05	 1	 2.769663e+01	 2.196716e-01	 2.198152e-01	 4.822891e+03	 2.195928e-01	 
 2.264327e-01	 1.208627e-09	 2.520965e-01	 3.018781e-01	 4.656290e+04	 4.656290e+04	 8.053181e-05	 1	 2.769663e+01	 2.196716e-01	 2.198152e-01	 4.822891e+03	 2.195928e-01	 
 2.264327e-01	 1.208627e-09	 2.520965e-01	 3.018781e-01	 4.656290e+04	 4.656290e+04	 8.053181e-05	 1	 2.769663e+01	 2.196716e-01	 2.198152e-01	 4.822891e+03	 2.195928e-01	 
 5.951585e-01	 -1.654482e-02	 -6.206259e-01	 6.057635e-01	 1.031127e+05	 1.012107e+05	 1.901987e+03	 0	 1.822954e+03	 4.392365e-01	 4.371599e-01	 2.882625e+02	 1.856016e+02	 
 5.951585e-01	 -1.654482e-02	 -6.206259e-01	 6.057635e-01	 1.031127e+05	 1.012107e+05	 1.901987e+03	 0	 1.822954e+03	 4.392365e-01	 4.371599e-01	 2.882625e+02	 1.856016e+02	 
 5.951585e-01	 -1.654482e-02	 -6.206259e-01	 6.057635e-01	 1.031127e+05	 1.012107e+05	 1.901987e+03	 0	 1.822954e+03	 4.392365e-01	 4.371599e-01	 2.882625e+02	 1.856016e+02	 
 5.951585e-01	 -1.654482e-02	 -6.206259e-01	 6.057635e-01	 1.031127e+05	 1.012107e+05	 1.901987e+03	 0	 1.822954e+03	 4.392365e-01	 4.371599e-01	 2.882625e+02	 1.856016e+02	 
 5.951585e-01	 -1.654482e-02	 -6.206259e-01	 6.057635e-01	 1.031127e+05	 1.012107e+05	 1.901987e+03	 0	 1.822954e+03	 4.392365e-01	 4.371599e-01	 2.882625e+02	 1.856016e+02	 
 5.951585e-01	 -1.654482e-02	 -6.206259e-01	 6.057635e-01	 1.031127e+05	 1.012107e+05	 1.901987e+03	 0	 1.822954e+03	 4.392365e-01	 4.371599e-01	 2.882625e+02	 1.856016e+02	 
 5.951585e-01	 -1.654482e-02	 -6.206259e-01	 6.057635e-01	 1.031127e+05	 1.012107e+05	 1.901987e+03	 0	 1.822954e+03	 4.392365e-01	 4.371599e-01	 2.882625e+02	 1.856016e+02	 
 5.951585e-01	 -1.654482e-02	 -6.206259e-01	 6.057635e-01	 1.031127e+05	 1.012107e+05	 1.901987e+03	 0	 1.822954e+03	 4.392365e-01	 4.371599e-01	 2.882625e+02	 1.856016e+02	 
 5.951585e-01	 -1.654482e-02	 -6.206259e-01	 6.057635e-01	 1.031127e+05	 1.012107e+05	 1.901987e+03	 0	 1.822954e+03	 4.392365e-01	 4.371599e-01	 2.882625e+02	 1.856016e+02	 
 5.951585e-01	 -1.654482e-02	 -6.206259e-01	 6.057635e-01	 1.031127e+05	 1.012107e+05	 1.901987e+03	 0	 1.822954e+03	 4.392365e-01	 4.371599e-01	 2.882625e+02	 1.856016e+02	 
 5.951585e-01	 -1.654482e-02	 -6.206259e-01	 6.057635e-01	 1.031127e+05	 1.012107e+05	 1.901987e+03	 0	 1.822954e+03	 4.392365e-01	 4.371599e-01	 2.882625e+02	 1.856016e+02	 
 5.951585e-01	 -1.654482e-02	 -6.206259e-01	 6.057635e-01	 1.031127e+05	 1.012107e+05	 1.901987e+03	 0	 1.822954e+03	 4.392365e-01	 4.371599e-01	 2.882625e+02	 1.856016e+02	 
 2.264327e-01	 1.208627e-09	 2.520965e-01	 3.018781e-01	 4.656290e+04	 4.656290e+04	 8.053181e-05	 1	 2.769663e+01	 2.196716e-01	 2.198152e-01	 4.822891e+03	 2.195928e-01	 
 2.264327e-01	 1.208627e-09	 2.520965e-01	 3.018781e-01	 4.656290e+04	 4.656290e+04	 8.053181e-05	 1	 2.769663e+01	 2.196716e-01	 2.198152e-01	 4.822891e+03	 2.195928e-01	 
 2.264327e-01	 1.208627e-09	 2.520965e-01	 3.018781e-01	 4.656290e+04	 4.656290e+04	 8.053181e-05	 1	 2.769663e+01	 2.196716e-01	 2.198152e-01	 4.822891e+03	 2.195928e-01	 
 2.264327e-01	 1.208627e-09	 2.520965e-01	 3.018781e-01	 4.656290e+04	 4.656290e+04	 8.053181e-05	 1	 2.769663e+01	 2.196716e-01	 2.198152e-01	 4.822891e+03	 2.195928e-01	 
 2.264327e-01	 1.208627e-09	 2.520965e-01	 3.018781e-01	 4.656290e+04	 4.656290e+04	 8.053181e-05	 1	 2.769663e+01	 2.196716e-01	 2.198152e-01	 4.822891e+03	 2.195928e-01	 
 2.264327e-01	 1.208627e-09	 2.520965e-01	 3.018781e-01	 4.656290e+04	 4.656290e+04	 8.053181e-05	 1	 2.769663e+01	 2.196716e-01	 2.198152e-01	 4.822891e+03	 2.195928e-01	 
 1.659604e-01	 5.198835e-02	 4.446136e-01	 2.521144e-01	 7.568522e+04	 7.555540e+04	 1.298239e+02	 1	 1.616142e+02	 8.539989e-02	 8.556807e-02	 2.867263e+02	 1.196172e+02	 
 1.659604e-01	 5.198835e-02	 4.446136e-01	 2.521144e-01	 7.568522e+04	 7.555540e+04	 1.298239e+02	 1	 1.616142e+02	 8.539989e-02	 8.556807e-02	 2.867263e+02	 1.196172e+02	 
 1.659604e-01	 5.198835e-02	 4.446136e-01	 2.521144e-01	 7.568522e+04	 7.555540e+04	 1.298239e+02	 1	 1.616142e+02	 8.539989e-02	 8.556807e-02	 2.867263e+02	 1.196172e+02	 
 1.659604e-01	 5.198835e-02	 4.446136e-01	 2.521144e-01	 7.568522e+04	 7.555540e+04	 1.298239e+02	 1	 1.616142e+02	 8.539989e-02	 8.556807e-02	 2.867263e+02	 1.196172e+02	 
 1.659604e-01	 5.198835e-02	 4.446136e-01	 2.521144e-01	 7.568522e+04	 7.555540e+04	 1.298239e+02	 1	 1.616142e+02	 8.539989e-02	 8.556807e-02	 2.867263e+02	 1.196172e+02	 
 1.659604e-01	 5.198835e-02	 4.446136e-01	 2.521144e-01	 7.568522e+04	 7.555540e+04	 1.298239e+02	 1	 1.616142e+02	 8.539989e-02	 8.556807e-02	 2.867263e+02	 1.196172e+02	 
 1.770682e-01	 4.754664e-02	 3.852641e-01	 2.805355e-01	 7.551431e+04	 7.555540e+04	 4.109045e+01	 1	 1.684376e+02	 1.096879e-01	 1.098299e-01	 3.719086e+02	 9.224773e+01	 
 1.770682e-01	 4.754664e-02	 3.852641e-01	 2.805355e-01	 7.551431e+04	 7.555540e+04	 4.109045e+01	 1	 1.684376e+02	 1.096879e-01	 1.098299e-01	 3.719086e+02	 9.224773e+01	 
 1.770682e-01	 4.754664e-02	 3.852641e-01	 2.805355e-01	 7.551431e+04	 7.555540e+04	 4.109045e+01	 1	 1.684376e+02	 1.096879e-01	 1.098299e-01	 3.719086e+02	 9.224773e+01	 
 1.770682e-01	 4.754664e-02	 3.852641e-01	 2.805355e-01	 7.551431e+04	 7.555540e+04	 4.109045e+01	 1	 1.684376e+02	 1.096879e-01	 1.098299e-01	 3.719086e+02	 9.224773e+01	 
 1.770682e-01	 4.754664e-02	 3.852641e-01	 2.805355e-01	 7.551431e+04	 7.555540e+04	 4.109045e+01	 1	 1.684376e+02	 1.096879e-01	 1.098299e-01	 3.719086e+02	 9.224773e+01	 
 1.770682e-01	 4.754664e-02	 3.852641e-01	 2.805355e-01	 7.551431e+04	 7.555540e+04	 4.109045e+01	 1	 1.684376e+02	 1.096879e-01	 1.098299e-01	 3.719086e+02	 9.224773e+01	 
 2.264327e-01	 1.208627e-09	 2.520965e-01	 3.018781e-01	 4.656290e+04	 4.656290e+04	 8.053181e-05	 1	 2.769663e+01	 2.196716e-01	 2.198152e-01	 4.822891e+03	 2.195928e-01	 
 2.264327e-01	 1.208627e-09	 2.520965e-01	 3.018781e-01	 4.656290e+04	 4.656290e+04	 8.053181e-05	 1	 2.769663e+01	 2.196716e-01	 2.198152e-01	 4.822891e+03	 2.195928e-01	 
 2.264327e-01	 1.208627e-09	 2.520965e-01	 3.018781e-01	 4.656290e+04	 4.656290e+04	 8.053181e-05	 1	 2.769663e+01	 2.196716e-01	 2.198152e-01	 4.822891e+03	 2.195928e-01	 
 2.264327e-01	 1.208627e-09	 2.520965e-01	 3.018781e-01	 4.656290e+04	 4.656290e+04	 8.053181e-05	 1	 2.769663e+01	 2.196716e-01	 2.198152e-01	 4.822891e+03	 2.195928e-01	 
 2.264327e-01	 1.208627e-09	 2.520965e-01	 3.018781e-01	 4.656290e+04	 4.656290e+04	 8.053181e-05	 1	 2.769663e+01	 2.196716e-01	 2.198152e-01	 4.822891e+03	 2.195928e-01	 
 2.264327e-01	 1.208627e-09	 2.520965e-01	 3.018781e-01	 4.656290e+04	 4.656290e+04	 8.053181e-05	 1	 2.769663e+01	 2.196716e-01	 2.198152e-01	 4.822891e+03	 2.195928e-01	 
 5.951585e-01	 -1.654482e-02	 -6.206259e-01	 6.057635e-01	 1.031127e+05	 1.012107e+05	 1.901987e+03	 0	 1.822954e+03	 4.392365e-01	 4.371599e-01	 2.882625e+02	 1.856016e+02	 
 5.951585e-01	 -1.654482e-02	 -6.206259e-01	 6.057635e-01	 1.031127e+05	 1.012107e+05	 1.901987e+03	 0	 1.822954e+03	 4.392365e-01	 4.371599e-01	 2.882625e+02	 1.856016e+02	 
 5.951585e-01	 -1.654482e-02	 -6.206259e-01	 6.057635e-01	 1.031127e+05	 1.012107e+05	 1.901987e+03	 0	 1.822954e+03	 4.392365e-01	 4.371599e-01	 2.882625e+02	 1.856016e+02	 
 5.951585e-01	 -1.654482e-02	 -6.206259e-01	 6.057635e-01	 1.031127e+05	 1.012107e+05	 1.901987e+03	 0	 1.822954e+03	 4.392365e-01	 4.371599e-01	 2.882625e+02	 1.856016e+02	 
 5.951585e-01	 -1.654482e-02	 -6.206259e-01	 6.057635e-01	 1.031127e+05	 1.012107e+05	 1.901987e+03	 0	 1.822954e+03	 4.392365e-01	 4.371599e-01	 2.882625e+02	 1.856016e+02	 
 5.951585e-01	 -1.654482e-02	 -6.206259e-01	 6.057635e-01	 1.031127e+05	 1.012107e+05	 1.901987e+03	 0	 1.822954e+03	 4.392365e-01	 4.371599e-01	 2.882625e+02	 1.856016e+02	 
 5.951585e-01	 -1.654482e-02	 -6.206259e-01	 6.057635e-01	 1.031127e+05	 1.012107e+05	 1.901987e+03	 0	 1.822954e+03	 4.392365e-01	 4.371599e-01	 2.882625e+02	 1.856016e+02	 
 5.951585e-01	 -1.654482e-02	 -6.206259e-01	 6.057635e-01	 1.031127e+05	 1.012107e+05	 1.901987e+03	 0	 1.822954e+03	 4.392365e-01	 4.371599e-01	 2.882625e+02	 1.856016e+02	 
 5.951585e-01	 -1.654482e-02	 -6.206259e-01	 6.057635e-01	 1.031127e+05	 1.012107e+05	 1.901987e+03	 0	 1.822954e+03	 4.392365e-01	 4.371599e-01	 2.882625e+02	 1.856016e+02	 
 5.951585e-01	 -1.654482e-02	 -6.206259e-01	 6.057635e-01	 1.031127e+05	 1.012107e+05	 1.901987e+03	 0	 1.822954e+03	 4.392365e-01	 4.371599e-01	 2.882625e+02	 1.856016e+02	 
 5.951585e-01	 -1.654482e-02	 -6.206259e-01	 6.057635e-01	 1.031127e+05	 1.012107e+05	 1.901987e+03	 0	 1.822954e+03	 4.392365e-01	 4.371599e-01	 2.882625e+02	 1.856016e+02	 
 5.951585e-01	 -1.654482e-02	 -6.206259e-01	 6.057635e-01	 1.031127e+05	 1.012107e+05	 1.901987e+03	 0	 1.822954e+03	 4.392365e-01	 4.371599e-01	 2.882625e+02	 1.856016e+02	 
 2.264327e-01	 1.208627e-09	 2.520965e-01	 3.018781e-01	 4.656290e+04	 4.656290e+04	 8.053181e-05	 1	 2.769663e+01	 2.196716e-01	 2.198152e-01	 4.822891e+03	 2.195928e-01	 
 2.264327e-01	 1.208627e-09	 2.520965e-01	 3.018781e-01	 4.656290e+04	 4.656290e+04	 8.053181e-05	 1	 2.769663e+01	 2.196716e-01	 2.198152e-01	 4.822891e+03	 2.195928e-01	 
 2.264327e-01	 1.208627e-09	 2.520965e-01	 3.018781e-01	 4.656290e+04	 4.656290e+04	 8.053181e-05	 1	 2.769663e+01	 2.196716e-01	 2.198152e-01	 4.822891e+03	 2.195928e-01	 
 2.264327e-01	 1.208627e-09	 2.520965e-01	 3.018781e-01	 4.656290e+04	 4.656290e+04	 8.053181e-05	 1	 2.769663e+01	 2.196716e-01	 2.198152e-01	 4.822891e+03	 2.195928e-01	 
 2.264327e-01	 1.208627e-09	 2.520965e-01	 3.018781e-01	 4.656290e+04	 4.656290e+04	 8.053181e-05	 1	 2.769663e+01	 2.196716e-01	 2.198152e-01	 4.822891e+03	 2.195928e-01	 
 2.264327e-01	 1.208627e-09	 2.520965e-01	 3.018781e-01	 4.656290e+04	 4.656290e+04	 8.053181e-05	 1	 2.769663e+01	 2.196716e-01	 2.198152e-01	 4.822891e+03	 2.195928e-01	 
 1.828435e-01	 7.728080e-05	 2.647092e-02	 5.373825e-01	 1.199559e+05	 1.199561e+05	 1.970730e-01	 1	 8.371654e+02	 2.539203e-01	 2.535725e-01	 3.044788e+02	 9.032525e+01	 
 1.828435e-01	 7.728080e-05	 2.647092e-02	 5.373825e-01	 1.199559e+05	 1.199561e+05	 1.970730e-01	 1	 8.371654e+02	 2.539203e-01	 2.535725e-01	 3.044788e+02	 9.032525e+01	 
 1.828435e-01	 7.728080e-05	 2.647092e-02	 5.373825e-01	 1.199559e+05	 1.199561e+05	 1.970730e-01	 1	 8.371654e+02	 2.539203e-01	 2.535725e-01	 3.044788e+02	 9.032525e+01	 
 1.828435e-01	 7.728080e-05	 2.647092e-02	 5.373825e-01	 1.199559e+05	 1.199561e+05	 1.970730e-01	 1	 8.371654e+02	 2.539203e-01	 2.535725e-01	 3.044788e+02	 9.032525e+01	 
 1.828435e-01	 7.728080e-05	 2.647092e-02	 5.373825e-01	 1.199559e+05	 1.199561e+05	 1.970730e-01	 1	 8.371654e+02	 2.539203e-01	 2.535725e-01	 3.044788e+02	 9.032525e+01	 
 1.828435e-01	 7.728080e-05	 2.647092e-02	 5.373825e-01	 1.199559e+05	 1.199561e+05	 1.970730e-01	 1	 8.371654e+02	 2.539203e-01	 2.535725e-01	 3.044788e+02	 9.032525e+01	 
 1.827484e-01	 8.136140e-05	 2.689949e-02	 5.371990e-01	 1.199561e+05	 1.199561e+05	 2.207265e-02	 1	 8.458111e+02	 2.537756e-01	 2.534173e-01	 3.024588e+02	 8.960453e+01	 
 1.827484e-01	 8.136140e-05	 2.689949e-02	 5.371990e-01	 1.199561e+05	 1.199561e+05	 2.207265e-02	 1	 8.458111e+02	 2.537756e-01	 2.534173e-01	 3.024588e+02	 8.960453e+01	 
 1.827484e-01	 8.136140e-05	 2.689949e-02	 5.371990e-01	 1.199561e+05	 1.199561e+05	 2.207265e-02	 1	 8.458111e+02	 2.537756e-01	 2.534173e-01	 3.024588e+02	 8.960453e+01	 
 1.827484e-01	 8.136140e-05	 2.689949e-02	 5.371990e-01	 1.199561e+05	 1.199561e+05	 2.207265e-02	 1	 8.458111e+02	 2.537756e-01	 2.534173e-01	 3.024588e+02	 8.960453e+01	 
 1.827484e-01	 8.136140e-05	 2.689949e-02	 5.371990e-01	 1.199561e+05	 1.199561e+05	 2.207265e-02	 1	 8.458111e+02	 2.537756e-01	 2.534173e-01	 3.024588e+02	 8.960453e+01	 
 1.827484e-01	 8.136140e-05	 2.689949e-02	 5.371990e-01	 1.199561e+05	 1.199561e+05	 2.207265e-02	 1	 8.458111e+02	 2.537756e-01	 2.534173e-01	 3.024588e+02	 8.960453e+01	 
 2.264327e-01	 1.208627e-09	 2.520965e-01	 3.018781e-01	 4.656290e+04	 4.656290e+04	 8.053181e-05	 1	 2.769663e+01	 2.196716e-01	 2.198152e-01	 4.822891e+03	 2.195928e-01	 
 2.264327e-01	 1.208627e-09	 2.520965e-01	 3.018781e-01	 4.656290e+04	 4.656290e+04	 8.053181e-05	 1	 2.769663e+01	 2.196716e-01	 2.198152e-01	 4.822891e+03	 2.195928e-01	 
 2.264327e-01	 1.208627e-09	 2.520965e-01	 3.018781e-01	 4.656290e+04	 4.656290e+04	 8.053181e-05	 1	 2.769663e+01	 2.196716e-01	 2.198152e-01	 4.822891e+03	 2.195928e-01	 
 2.264327e-01	 1.208627e-09	 2.520965e-01	 3.018781e-01	 4.656290e+04	 4.656290e+04	 8.053181e-05	 1	 2.769663e+01	 2.196716e-01	 2.198152e-01	 4.822891e+03	 2.195928e-01	 
 2.264327e-01	 1.208627e-09	 2.520965e-01	 3.018781e-01	 4.656290e+04	 4.656290e+04	 8.053181e-05	 1	 2.769663e+01	 2.196716e-01	 2.198152e-01	 4.822891e+03	 2.195928e-01	 
 2.264327e-01	 1.208627e-09	 2.520965e-01	 3.018781e-01	 4.656290e+04	 4.656290e+04	 8.053181e-05	 1	 2.769663e+01	 2.196716e-01	 2.198152e-01	 4.822891e+03	 2.195928e-01	 
 2.264327e-01	 1.047478e-09	 2.520965e-01	 3.018781e-01	 4.656290e+04	 4.656290e+04	 7.498809e-05	 1	 2.604523e+01	 2.196716e-01	 2.198152e-01	 4.850273e+03	 2.195928e-01	 
 2.264327e-01	 1.047478e-09	 2.520965e-01	 3.018781e-01	 4.656290e+04	 4.656290e+04	 7.498809e-05	 1	 2.604523e+01	 2.196716e-01	 2.198152e-01	 4.850273e+03	 2.195928e-01	 
 2.264327e-01	 1.047478e-09	 2.520965e-01	 3.018781e-01	 4.656290e+04	 4.656290e+04	 7.498809e-05	 1	 2.604523e+01	 2.196716e-01	 2.198152e-01	 4.850273e+03	 2.195928e-01	 
 2.264327e-01	 1.047478e-09	 2.520965e-01	 3.018781e-01	 4.656290e+04	 4.656290e+04	 7.498809e-05	 1	 2.604523e+01	 2.196716e-01	 2.198152e-01	 4.850273e+03	 2.195928e-01	 
 2.264327e-01	 1.047478e-09	 2.520965e-01	 3.018781e-01	 4.656290e+04	 4.656290e+04	 7.498809e-05	 1	 2.604523e+01	 2.196716e-01	 2.198152e-01	 4.850273e+03	 2.195928e-01	 
 2.264327e-01	 1.047478e-09	 2.520965e-01	 3.018781e-01	 4.656290e+04	 4.656290e+04	 7.498809e-05	 1	 2.604523e+01	 2.196716e-01	 2.198152e-01	 4.850273e+03	 2.195928e-01	 
 2.264327e-01	 1.119173e-09	 2.520965e-01	 3.018781e-01	 4.656290e+04	 4.656290e+04	 7.573469e-05	 1	 2.546660e+01	 2.196716e-01	 2.198152e-01	 4.853502e+03	 2.195928e-01	 
 2.264327e-01	 1.119173e-09	 2.520965e-01	 3.018781e-01	 4.656290e+04	 4.656290e+04	 7.573469e-05	 1	 2.546660e+01	 2.196716e-01	 2.198152e-01	 4.853502e+03	 2.195928e-01	 
 2.264327e-01	 1.119173e-09	 2.520965e-01	 3.018781e-01	 4.656290e+04	 4.656290e+04	 7.573469e-05	 1	 2.546660e+01	 2.196716e-01	 2.198152e-01	 4.853502e+03	 2.195928e-01	 
 2.264327e-01	 1.119173e-09	 2.520965e-01	 3.018781e-01	 4.656290e+04	 4.656290e+04	 7.573469e-05	 1	 2.546660e+01	 2.196716e-01	 2.198152e-01	 4.853502e+03	 2.195928e-01	 
 2.264327e-01	 1.119173e-09	 2.520965e-01	 3.018781e-01	 4.656290e+04	 4.656290e+04	 7.573469e-05	 1	 2.546660e+01	 2.196716e-01	 2.198152e-01	 4.853502e+03	 2.195928e-01	 
 2.264327e-01	 1.119173e-09	 2.520965e-01	 3.018781e-01	 4.656290e+04	 4.656290e+04	 7.573469e-05	 1	 2.546660e+01	 2.196716e-01	 2.198152e-01	 4.853502e+03	 2.195928e-01	 
 2.264327e-01	 1.208627e-09	 2.520965e-01	 3.018781e-01	 4.656290e+04	 4.656290e+04	 8.053181e-05	 1	 2.769663e+01	 2.196716e-01	 2.198152e-01	 4.822891e+03	 2.195928e-01	 
 2.264327e-01	 1.208627e-09	 2.520965e-01	 3.018781e-01	 4.656290e+04	 4.656290e+04	 8.053181e-05	 1	 2.769663e+01	 2.196716e-01	 2.198152e-01	 4.822891e+03	 2.195928e-01	 
 2.264327e-01	 1.208627e-09	 2.520965e-01	 3.018781e-01	 4.656290e+04	 4.656290e+04	 8.053181e-05	 1	 2.769663e+01	 2.196716e-01	 2.198152e-01	 4.822891e+03	 2.195928e-01	 
 2.264327e-01	 1.208627e-09	 2.520965e-01	 3.018781e-01	 4.656290e+04	 4.656290e+04	 8.053181e-05	 1	 2.769663e+01	 2.196716e-01	 2.198152e-01	 4.822891e+03	 2.195928e-01	 
 2.264327e-01	 1.208627e-09	 2.520965e-01	 3.018781e-01	 4.656290e+04	 4.656290e+04	 8.053181e-05	 1	 2.769663e+01	 2.196716e-01	 2.198152e-01	 4.822891e+03	 2.195928e-01	 
 2.264327e-01	 1.208627e-09	 2.520965e-01	 3.018781e-01	 4.656290e+04	 4.656290e+04	 8.053181e-05	 1	 2.769663e+01	 2.196716e-01	 2.198152e-01	 4.822891e+03	 2.195928e-01	 
 1.550545e-01	 1.453755e-02	 1.368437e-01	 4.915874e-01	 5.120493e+04	 5.101660e+04	 1.883279e+02	 1	 3.914787e+03	 2.055777e-01	 2.022308e-01	 9.150977e+02	 5.557524e+01	 
 1.550545e-01	 1.453755e-02	 1.368437e-01	 4.915874e-01	 5.120493e+04	 5.101660e+04	 1.883279e+02	 1	 3.914787e+03	 2.055777e-01	 2.022308e-01	 9.150977e+02	 5.557524e+01	 
 1.550545e-01	 1.453755e-02	 1.368437e-01	 4.915874e-01	 5.120493e+04	 5.101660e+04	 1.883279e+02	 1	 3.914787e+03	 2.055777e-01	 2.022308e-01	 9.150977e+02	 5.557524e+01	 
 1.550545e-01	 1.453755e-02	 1.368437e-01	 4.915874e-01	 5.120493e+04	 5.101660e+04	 1.883279e+02	 1	 3.914787e+03	 2.055777e-01	 2.022308e-01	 9.150977e+02	 5.557524e+01	 
 1.550545e-01	 1.453755e-02	 1.368437e-01	 4.915874e-01	 5.120493e+04	 5.101660e+04	 1.883279e+02	 1	 3.914787e+03	 2.055777e-01	 2.022308e-01	 9.150977e+02	 5.557524e+01	 
 1.550545e-01	 1.453755e-02	 1.368437e-01	 4.915874e-01	 5.120493e+04	 5.101660e+04	 1.883279e+02	 1	 3.914787e+03	 2.055777e-01	 2.022308e-01	 9.150977e+02	 5.557524e+01	 
 1.281545e-01	 1.359411e-02	 1.028890e-01	 5.338570e-01	 5.108340e+04	 5.101660e+04	 6.679695e+01	 1	 4.918365e+03	 2.265820e-01	 2.219142e-01	 7.877667e+02	 9.900660e+01	 
 1.281545e-01	 1.359411e-02	 1.028890e-01	 5.338570e-01	 5.108340e+04	 5.101660e+04	 6.679695e+01	 1	 4.918365e+03	 2.265820e-01	 2.219142e-01	 7.877667e+02	 9.900660e+01	 
 1.281545e-01	 1.359411e-02	 1.028890e-01	 5.338570e-01	 5.108340e+04	 5.101660e+04	 6.679695e+01	 1	 4.918365e+03	 2.265820e-01	 2.219142e-01	 7.877667e+02	 9.900660e+01	 
 1.281545e-01	 1.359411e-02	 1.028890e-01	 5.338570e-01	 5.108340e+04	 5.101660e+04	 6.679695e+01	 1	 4.918365e+03	 2.265820e-01	 2.219142e-01	 7.877667e+02	 9.900660e+01	 
 1.281545e-01	 1.359411e-02	 1.028890e-01	 5.338570e-01	 5.108340e+04	 5.101660e+04	 6.679695e+01	 1	 4.918365e+03	 2.265820e-01	 2.219142e-01	 7.877667e+02	 9.900660e+01	 
 1.281545e-01	 1.359411e-02	 1.028890e-01	 5.338570e-01	 5.108340e+04	 5.101660e+04	 6.679695e+01	 1	 4.918365e+03	 2.265820e-01	 2.219142e-01	 7.877667e+02	 9.900660e+01	 
 2.264327e-01	 1.208627e-09	 2.520965e-01	 3.018781e-01	 4.656290e+04	 4.656290e+04	 8.053181e-05	 1	 2.769663e+01	 2.196716e-01	 2.198152e-01	 4.822891e+03	 2.195928e-01	 
 2.264327e-01	 1.208627e-09	 2.520965e-01	 3.018781e-01	 4.656290e+04	 4.656290e+04	 8.053181e-05	 1	 2.769663e+01	 2.196716e-01	 2.198152e-01	 4.822891e+03	 2.195928e-01	 
 2.264327e-01	 1.208627e-09	 2.520965e-01	 3.018781e-01	 4.656290e+04	 4.656290e+04	 8.053181e-05	 1	 2.769663e+01	 2.196716e-01	 2.198152e-01	 4.822891e+03	 2.195928e-01	 
 2.264327e-01	 1.208627e-09	 2.520965e-01	 3.018781e-01	 4.656290e+04	 4.656290e+04	 8.053181e-05	 1	 2.769663e+01	 2.196716e-01	 2.198152e-01	 4.822891e+03	 2.195928e-01	 
 2.264327e-01	 1.208627e-09	 2.520965e-01	 3.018781e-01	 4.656290e+04	 4.656290e+04	 8.053181e-05	 1	 2.769663e+01	 2.196716e-01	 2.198152e-01	 4.822891e+03	 2.195928e-01	 
 2.264327e-01	 1.208627e-09	 2.520965e-01	 3.018781e-01	 4.656290e+04	 4.656290e+04	 8.053181e-05	 1	 2.769663e+01	 2.196716e-01	 2.198152e-01	 4.822891e+03	 2.195928e-01	 
 3.289924e-02	 -2.660009e-03	 8.550200e-01	 9.222475e-02	 6.098784e+04	 6.092960e+04	 5.823695e+01	 0	 3.371272e+01	 2.251873e-02	 2.276126e-02	 7.310225e+02	 4.774682e-02	 
 3.289924e-02	 -2.660009e-03	 8.550200e-01	 9.222475e-02	 6.098784e+04	 6.092960e+04	 5.823695e+01	 0	 3.371272e+01	 2.251873e-02	 2.276126e-02	 7.310225e+02	 4.774682e-02	 
 3.289924e-02	 -2.660009e-03	 8.550200e-01	 9.222475e-02	 6.098784e+04	 6.092960e+04	 5.823695e+01	 0	 3.371272e+01	 2.251873e-02	 2.276126e-02	 7.310225e+02	 4.774682e-02	 
 3.289924e-02	 -2.660009e-03	 8.550200e-01	 9.222475e-02	 6.098784e+04	 6.092960e+04	 5.823695e+01	 0	 3.371272e+01	 2.251873e-02	 2.276126e-02	 7.310225e+02	 4.774682e-02	 
 3.289924e-02	 -2.660009e-03	 8.550200e-01	 9.222475e-02	 6.098784e+04	 6.092960e+04	 5.823695e+01	 0	 3.371272e+01	 2.251873e-02	 2.276126e-02	 7.310225e+02	 4.774682e-02	 
 3.289924e-02	 -2.660009e-03	 8.550200e-01	 9.222475e-02	 6.098784e+04	 6.092960e+04	 5.823695e+01	 0	 3.371272e+01	 2.251873e-02	 2.276126e-02	 7.310225e+02	 4.774682e-02	 
 3.289924e-02	 -2.660009e-03	 8.550200e-01	 9.222475e-02	 6.098784e+04	 6.092960e+04	 5.823695e+01	 0	 3.371272e+01	 2.251873e-02	 2.276126e-02	 7.310225e+02	 4.774682e-02	 
 3.289924e-02	 -2.660009e-03	 8.550200e-01	 9.222475e-02	 6.098784e+04	 6.092960e+04	 5.823695e+01	 0	 3.371272e+01	 2.251873e-02	 2.276126e-02	 7.310225e+02	 4.774682e-02	 
 3.289924e-02	 -2.660009e-03	 8.550200e-01	 9.222475e-02	 6.098784e+04	 6.092960e+04	 5.823695e+01	 0	 3.371272e+01	 2.251873e-02	 2.276126e-02	 7.310225e+02	 4.774682e-02	 
 3.289924e-02	 -2.660009e-03	 8.550200e-01	 9.222475e-02	 6.098784e+04	 6.092960e+04	 5.823695e+01	 0	 3.371272e+01	 2.251873e-02	 2.276126e-02	 7.310225e+02	 4.774682e-02	 
 3.289924e-02	 -2.660009e-03	 8.550200e-01	 9.222475e-02	 6.098784e+04	 6.092960e+04	 5.823695e+01	 0	 3.371272e+01	 2.251873e-02	 2.276126e-02	 7.310225e+02	 4.774682e-02	 
 3.289924e-02	 -2.660009e-03	 8.550200e-01	 9.222475e-02	 6.098784e+04	 6.092960e+04	 5.823695e+01	 0	 3.371272e+01	 2.251873e-02	 2.276126e-02	 7.310225e+02	 4.774682e-02	 
 2.264327e-01	 1.208627e-09	 2.520965e-01	 3.018781e-01	 4.656290e+04	 4.656290e+04	 8.053181e-05	 1	 2.769663e+01	 2.196716e-01	 2.198152e-01	 4.822891e+03	 2.195928e-01	 
 2.264327e-01	 1.208627e-09	 2.520965e-01	 3.018781e-01	 4.656290e+04	 4.656290e+04	 8.053181e-05	 1	 2.769663e+01	 2.196716e-01	 2.198152e-01	 4.822891e+03	 2.195928e-01	 
 2.264327e-01	 1.208627e-09	 2.520965e-01	 3.018781e-01	 4.656290e+04	 4.656290e+04	 8.053181e-05	 1	 2.769663e+01	 2.196716e-01	 2.198152e-01	 4.822891e+03	 2.195928e-01	 
 2.264327e-01	 1.208627e-09	 2.520965e-01	 3.018781e-01	 4.656290e+04	 4.656290e+04	 8.053181e-05	 1	 2.769663e+01	 2.196716e-01	 2.198152e-01	 4.822891e+03	 2.195928e-01	 
 2.264327e-01	 1.208627e-09	 2.520965e-01	 3.018781e-01	 4.656290e+04	 4.656290e+04	 8.053181e-05	 1	 2.769663e+01	 2.196716e-01	 2.198152e-01	 4.822891e+03	 2.195928e-01	 
 2.264327e-01	 1.208627e-09	 2.520965e-01	 3.018781e-01	 4.656290e+04	 4.656290e+04	 8.053181e-05	 1	 2.769663e+01	 2.196716e-01	 2.198152e-01	 4.822891e+03	 2.195928e-01	 
 2.264327e-01	 1.063424e-09	 2.520965e-01	 3.018781e-01	 4.656290e+04	 4.656290e+04	 7.553112e-05	 1	 2.616936e+01	 2.196716e-01	 2.198152e-01	 4.847419e+03	 2.195928e-01	 
 2.264327e-01	 1.063424e-09	 2.520965e-01	 3.018781e-01	 4.656290e+04	 4.656290e+04	 7.553112e-05	 1	 2.616936e+01	 2.196716e-01	 2.198152e-01	 4.847419e+03	 2.195928e-01	 
 2.264327e-01	 1.063424e-09	 2.520965e-01	 3.018781e-01	 4.656290e+04	 4.656290e+04	 7.553112e-05	 1	 2.616936e+01	 2.196716e-01	 2.198152e-01	 4.847419e+03	 2.195928e-01	 
 2.264327e-01	 1.063424e-09	 2.520965e-01	 3.018781e-01	 4.656290e+04	 4.656290e+04	 7.553112e-05	 1	 2.616936e+01	 2.196716e-01	 2.198152e-01	 4.847419e+03	 2.195928e-01	 
 2.264327e-01	 1.063424e-09	 2.520965e-01	 3.018781e-01	 4.656290e+04	 4.656290e+04	 7.553112e-05	 1	 2.616936e+01	 2.196716e-01	 2.198152e-01	 4.847419e+03	 2.195928e-01	 
 2.264327e-01	 1.063424e-09	 2.520965e-01	 3.018781e-01	 4.656290e+04	 4.656290e+04	 7.553112e-05	 1	 2.616936e+01	 2.196716e-01	 2.198152e-01	 4.847419e+03	 2.195928e-01	 
 2.264327e-01	 1.128814e-09	 2.520965e-01	 3.018781e-01	 4.656290e+04	 4.656290e+04	 7.604263e-05	 1	 2.550394e+01	 2.196716e-01	 2.198152e-01	 4.852212e+03	 2.195928e-01	 
 2.264327e-01	 1.128814e-09	 2.520965e-01	 3.018781e-01	 4.656290e+04	 4.656290e+04	 7.604263e-05	 1	 2.550394e+01	 2.196716e-01	 2.198152e-01	 4.852212e+03	 2.195928e-01	 
 2.264327e-01	 1.128814e-09	 2.520965e-01	 3.018781e-01	 4.656290e+04	 4.656290e+04	 7.604263e-05	 1	 2.550394e+01	 2.196716e-01	 2.198152e-01	 4.852212e+03	 2.195928e-01	 
 2.264327e-01	 1.128814e-09	 2.520965e-01	 3.018781e-01	 4.656290e+04	 4.656290e+04	 7.604263e-05	 1	 2.550394e+01	 2.196716e-01	 2.198152e-01	 4.852212e+03	 2.195928e-01	 
 2.264327e-01	 1.128814e-09	 2.520965e-01	 3.018781e-01	 4.656290e+04	 4.656290e+04	 7.604263e-05	 1	 2.550394e+01	 2.196716e-01	 2.198152e-01	 4.852212e+03	 2.195928e-01	 
 2.264327e-01	 1.128814e-09	 2.520965e-01	 3.018781e-01	 4.656290e+04	 4.656290e+04	 7.604263e-05	 1	 2.550394e+01	 2.196716e-01	 2.198152e-01	 4.852212e+03	 2.195928e-01	 
 2.264327e-01	 1.208627e-09	 2.520965e-01	 3.018781e-01	 4.656290e+04	 4.656290e+04	 8.053181e-05	 1	 2.769663e+01	 2.196716e-01	 2.198152e-01	 4.822891e+03	 2.195928e-01	 
 2.264327e-01	 1.208627e-09	 2.520965e-01	 3.018781e-01	 4.656290e+04	 4.656290e+04	 8.053181e-05	 1	 2.769663e+01	 2.196716e-01	 2.198152e-01	 4.822891e+03	 2.195928e-01	 
 2.264327e-01	 1.208627e-09	 2.520965e-01	 3.018781e-01	 4.656290e+04	 4.656290e+04	 8.053181e-05	 1	 2.769663e+01	 2.196716e-01	 2.198152e-01	 4.822891e+03	 2.195928e-01	 
 2.264327e-01	 1.208627e-09	 2.520965e-01	 3.018781e-01	 4.656290e+04	 4.656290e+04	 8.053181e-05	 1	 2.769663e+01	 2.196716e-01	 2.198152e-01	 4.822891e+03	 2.195928e-01	 
 2.264327e-01	 1.208627e-09	 2.520965e-01	 3.018781e-01	 4.656290e+04	 4.656290e+04	 8.053181e-05	 1	 2.769663e+01	 2.196716e-01	 2.198152e-01	 4.822891e+03	 2.195928e-01	 
 2.264327e-01	 1.208627e-09	 2.520965e-01	 3.018781e-01	 4.656290e+04	 4.656290e+04	 8.053181e-05	 1	 2.769663e+01	 2.196716e-01	 2.198152e-01	 4.822891e+03	 2.195928e-01	 
 3.289924e-02	 -2.660009e-03	 8.550200e-01	 9.222475e-02	 6.098784e+04	 6.092960e+04	 5.823695e+01	 0	 3.371272e+01	 2.251873e-02	 2.276126e-02	 7.310225e+02	 4.774682e-02	 
 3.289924e-02	 -2.660009e-03	 8.550200e-01	 9.222475e-02	 6.098784e+04	 6.092960e+04	 5.823695e+01	 0	 3.371272e+01	 2.251873e-02	 2.276126e-02	 7.310225e+02	 4.774682e-02	 
 3.289924e-02	 -2.660009e-03	 8.550200e-01	 9.222475e-02	 6.098784e+04	 6.092960e+04	 5.823695e+01	 0	 3.371272e+01	 2.251873e-02	 2.276126e-02	 7.310225e+02	 4.774682e-02	 
 3.289924e-02	 -2.660009e-03	 8.550200e-01	 9.222475e-02	 6.098784e+04	 6.092960e+04	 5.823695e+01	 0	 3.371272e+01	 2.251873e-02	 2.276126e-02	 7.310225e+02	 4.774682e-02	 
 3.289924e-02	 -2.660009e-03	 8.550200e-01	 9.222475e-02	 6.098784e+04	 6.092960e+04	 5.823695e+01	 0	 3.371272e+01	 2.251873e-02	 2.276126e-02	 7.310225e+02	 4.774682e-02	 
 3.289924e-02	 -2.660009e-03	 8.550200e-01	 9.222475e-02	 6.098784e+04	 6.092960e+04	 5.823695e+01	 0	 3.371272e+01	 2.251873e-02	 2.276126e-02	 7.310225e+02	 4.774682e-02	 
 3.289924e-02	 -2.660009e-03	 8.550200e-01	 9.222475e-02	 6.098784e+04	 6.092960e+04	 5.823695e+01	 0	 3.371272e+01	 2.251873e-02	 2.276126e-02	 7.310225e+02	 4.774682e-02	 
 3.289924e-02	 -2.660009e-03	 8.550200e-01	 9.222475e-02	 6.098784e+04	 6.092960e+04	 5.823695e+01	 0	 3.371272e+01	 2.251873e-02	 2.276126e-02	 7.310225e+02	 4.774682e-02	 
 3.289924e-02	 -2.660009e-03	 8.550200e-01	 9.222475e-02	 6.098784e+04	 6.092960e+04	 5.823695e+01	 0	 3.371272e+01	 2.251873e-02	 2.276126e-02	 7.310225e+02	 4.774682e-02	 
 3.289924e-02	 -2.660009e-03	 8.550200e-01	 9.222475e-02	 6.098784e+04	 6.092960e+04	 5.823695e+01	 0	 3.371272e+01	 2.251873e-02	 2.276126e-02	 7.310225e+02	 4.774682e-02	 
 3.289924e-02	 -2.660009e-03	 8.550200e-01	 9.222475e-02	 6.098784e+04	 6.092960e+04	 5.823695e+01	 0	 3.371272e+01	 2.251873e-02	 2.276126e-02	 7.310225e+02	 4.774682e-02	 
 3.289924e-02	 -2.660009e-03	 8.550200e-01	 9.222475e-02	 6.098784e+04	 6.092960e+04	 5.823695e+01	 0	 3.371272e+01	 2.251873e-02	 2.276126e-02	 7.310225e+02	 4.774682e-02	 
 2.264327e-01	 1.208627e-09	 2.520965e-01	 3.018781e-01	 4.656290e+04	 4.656290e+04	 8.053181e-05	 1	 2.769663e+01	 2.196716e-01	 2.198152e-01	 4.822891e+03	 2.195928e-01	 
 2.264327e-01	 1.208627e-09	 2.520965e-01	 3.018781e-01	 4.656290e+04	 4.656290e+04	 8.053181e-05	 1	 2.769663e+01	 2.196716e-01	 2.198152e-01	 4.822891e+03	 2.195928e-01	 
 2.264327e-01	 1.208627e-09	 2.520965e-01	 3.018781e-01	 4.656290e+04	 4.656290e+04	 8.053181e-05	 1	 2.769663e+01	 2.196716e-01	 2.198152e-01	 4.822891e+03	 2.195928e-01	 
 2.264327e-01	 1.208627e-09	 2.520965e-01	 3.018781e-01	 4.656290e+04	 4.656290e+04	 8.053181e-05	 1	 2.769663e+01	 2.196716e-01	 2.198152e-01	 4.822891e+03	 2.195928e-01	 
 2.264327e-01	 1.208627e-09	 2.520965e-01	 3.018781e-01	 4.656290e+04	 4.656290e+04	 8.053181e-05	 1	 2.769663e+01	 2.196716e-01	 2.198152e-01	 4.822891e+03	 2.195928e-01	 
 2.264327e-01	 1.208627e-09	 2.520965e-01	 3.018781e-01	 4.656290e+04	 4.656290e+04	 8.053181e-05	 1	 2.769663e+01	 2.196716e-01	 2.198152e-01	 4.822891e+03	 2.195928e-01	 
 2.264327e-01	 1.208627e-09	 2.520965e-01	 3.018781e-01	 4.656290e+04	 4.656290e+04	 8.053181e-05	 1	 2.769663e+01	 2.196716e-01	 2.198152e-01	 4.822891e+03	 2.195928e-01	 
 2.264327e-01	 1.208627e-09	 2.520965e-01	 3.018781e-01	 4.656290e+04	 4.656290e+04	 8.053181e-05	 1	 2.769663e+01	 2.196716e-01	 2.198152e-01	 4.822891e+03	 2.195928e-01	 
 2.264327e-01	 1.208627e-09	 2.520965e-01	 3.018781e-01	 4.656290e+04	 4.656290e+04	 8.053181e-05	 1	 2.769663e+01	 2.196716e-01	 2.198152e-01	 4.822891e+03	 2.195928e-01	 
 2.264327e-01	 1.208627e-09	 2.520965e-01	 3.018781e-01	 4.656290e+04	 4.656290e+04	 8.053181e-05	 1	 2.769663e+01	 2.196716e-01	 2.198152e-01	 4.822891e+03	 2.195928e-01	 
 2.264327e-01	 1.208627e-09	 2.520965e-01	 3.018781e-01	 4.656290e+04	 4.656290e+04	 8.053181e-05	 1	 2.769663e+01	 2.196716e-01	 2.198152e-01	 4.822891e+03	 2.195928e-01	 
 2.264327e-01	 1.208627e-09	 2.520965e-01	 3.018781e-01	 4.656290e+04	 4.656290e+04	 8.053181e-05	 1	 2.769663e+01	 2.196716e-01	 2.198152e-01	 4.822891e+03	 2.195928e-01	 
 2.264327e-01	 4.046898e-12	 2.520965e-01	 3.018781e-01	 4.656290e+04	 4.656290e+04	 5.323020e-05	 1	 8.452426e+01	 2.196716e-01	 2.198151e-01	 3.889672e+03	 3.550039e+01	 
 2.264327e-01	 4.046898e-12	 2.520965e-01	 3.018781e-01	 4.656290e+04	 4.656290e+04	 5.323020e-05	 1	 8.452426e+01	 2.196716e-01	 2.198151e-01	 3.889672e+03	 3.550039e+01	 
 2.264327e-01	 4.046898e-12	 2.520965e-01	 3.018781e-01	 4.656290e+04	 4.656290e+04	 5.323020e-05	 1	 8.452426e+01	 2.196716e-01	 2.198151e-01	 3.889672e+03	 3.550039e+01	 
 2.264327e-01	 4.046898e-12	 2.520965e-01	 3.018781e-01	 4.656290e+04	 4.656290e+04	 5.323020e-05	 1	 8.452426e+01	 2.196716e-01	 2.198151e-01	 3.889672e+03	 3.550039e+01	 
 2.264327e-01	 4.046898e-12	 2.520965e-01	 3.018781e-01	 4.656290e+04	 4.656290e+04	 5.323020e-05	 1	 8.452426e+01	 2.196716e-01	 2.198151e-01	 3.889672e+03	 3.550039e+01	 
 2.264327e-01	 4.046898e-12	 2.520965e-01	 3.018781e-01	 4.656290e+04	 4.656290e+04	 5.323020e-05	 1	 8.452426e+01	 2.196716e-01	 2.198151e-01	 3.889672e+03	 3.550039e+01	 
 