8.119418e-02	 1.596540e-03	 1.682515e-01	 7.062587e-01	 2.541474e-01	 1.120700e+01	 
 9.177611e-02	 1.732418e-03	 1.699078e-01	 6.941717e-01	 2.503723e-01	 1.122805e+01	 
 8.420503e-02	 1.728529e-03	 1.683515e-01	 7.032305e-01	 2.499492e-01	 1.121486e+01	 
 8.638759e-02	 1.738113e-03	 1.687737e-01	 7.006503e-01	 2.498770e-01	 1.121878e+01	 
 2.785944e-03	 1.498225e-01	 5.688386e-01	 2.245278e-01	 5.603673e-02	 1.028706e+01	 
 4.234228e-03	 1.492732e-01	 5.707396e-01	 2.219473e-01	 5.580558e-02	 1.028339e+01	 
 4.954393e-03	 1.490000e-01	 5.716848e-01	 2.206641e-01	 5.569065e-02	 1.028156e+01	 
 5.313489e-03	 1.488638e-01	 5.721562e-01	 2.200243e-01	 5.563334e-02	 1.028065e+01	 
 5.356992e-03	 1.488473e-01	 5.722133e-01	 2.199468e-01	 5.562639e-02	 1.028054e+01	 
 5.435775e-03	 1.488175e-01	 5.723167e-01	 2.198064e-01	 5.561382e-02	 1.028034e+01	 
 