1.399986e-03	 3.926809e-01	 5.061947e-01	 9.972444e-02	 3.862435e+03	 7.320239e+00	 
 1.415452e-03	 3.920481e-01	 5.079079e-01	 9.862858e-02	 3.850314e+03	 7.816694e+00	 
 3.560359e-04	 4.517669e-01	 4.233522e-01	 1.245249e-01	 3.345062e+03	 1.110721e+01	 
 1.671299e-03	 3.884627e-01	 4.383650e-01	 1.715010e-01	 2.460674e+03	 6.109547e+00	 
 8.951255e-04	 4.159874e-01	 3.902758e-01	 1.928417e-01	 1.860934e+03	 5.889672e+00	 
 4.777297e-04	 4.302779e-01	 3.705041e-01	 1.987403e-01	 1.632101e+03	 5.787791e+00	 
 2.822461e-04	 4.368438e-01	 3.625306e-01	 2.003434e-01	 1.544214e+03	 5.745383e+00	 
 1.896100e-04	 4.399241e-01	 3.590572e-01	 2.008291e-01	 1.507114e+03	 5.728567e+00	 
 1.446930e-04	 4.414099e-01	 3.574479e-01	 2.009974e-01	 1.490239e+03	 5.721746e+00	 
 1.225788e-04	 4.421395e-01	 3.566743e-01	 2.010636e-01	 1.482208e+03	 5.718808e+00	 
 2.993603e-04	 4.202840e-01	 3.736920e-01	 2.057247e-01	 1.412724e+03	 5.860804e+00	 
 4.575408e-06	 4.235096e-01	 3.688441e-01	 2.076417e-01	 1.265300e+03	 5.908931e+00	 
 1.491873e-03	 3.554402e-01	 4.460767e-01	 1.969913e-01	 1.103833e+03	 5.815492e+00	 
 1.214983e-03	 3.567796e-01	 4.447880e-01	 1.972174e-01	 1.095361e+03	 5.798146e+00	 
 4.209315e-04	 3.621421e-01	 4.393184e-01	 1.981185e-01	 1.069486e+03	 5.757136e+00	 
 5.645257e-05	 4.617626e-01	 4.550571e-01	 8.312383e-02	 2.067740e+02	 8.055905e+00	 
 5.887943e-05	 4.605040e-01	 4.552790e-01	 8.415806e-02	 2.060954e+02	 7.983125e+00	 
 6.031468e-05	 4.599611e-01	 4.554362e-01	 8.454235e-02	 2.053662e+02	 7.987207e+00	 
 6.108166e-05	 4.597102e-01	 4.555253e-01	 8.470340e-02	 2.050444e+02	 7.989397e+00	 
 6.147675e-05	 4.595898e-01	 4.555723e-01	 8.477644e-02	 2.048940e+02	 7.990530e+00	 
 6.167712e-05	 4.595308e-01	 4.555964e-01	 8.481113e-02	 2.048213e+02	 7.991105e+00	 
 6.177800e-05	 4.595016e-01	 4.556086e-01	 8.482802e-02	 2.047857e+02	 7.991395e+00	 
 6.182862e-05	 4.594871e-01	 4.556147e-01	 8.483636e-02	 2.047680e+02	 7.991541e+00	 
 6.185397e-05	 4.594798e-01	 4.556178e-01	 8.484050e-02	 2.047592e+02	 7.991614e+00	 
 6.186666e-05	 4.594762e-01	 4.556193e-01	 8.484256e-02	 2.047548e+02	 7.991651e+00	 
 6.187301e-05	 4.594744e-01	 4.556201e-01	 8.484359e-02	 2.047526e+02	 7.991669e+00	 
 6.187619e-05	 4.594735e-01	 4.556205e-01	 8.484410e-02	 2.047515e+02	 7.991678e+00	 
 6.187777e-05	 4.594731e-01	 4.556207e-01	 8.484436e-02	 2.047510e+02	 7.991683e+00	 
 6.187781e-05	 4.594731e-01	 4.556207e-01	 8.484437e-02	 2.047509e+02	 7.991683e+00	 
 6.187820e-05	 4.594729e-01	 4.556207e-01	 8.484443e-02	 2.047508e+02	 7.991684e+00	 
 6.187849e-05	 4.594729e-01	 4.556208e-01	 8.484448e-02	 2.047507e+02	 7.991685e+00	 
 1.031090e-02	 2.738074e-01	 4.775757e-01	 2.383060e-01	 1.741716e+02	 7.332210e+00	 
 1.984434e-02	 1.201847e-01	 7.043326e-01	 1.556384e-01	 1.210940e+02	 7.571612e+00	 
 2.040891e-02	 1.326391e-01	 6.909547e-01	 1.559973e-01	 1.372878e+02	 7.530853e+00	 
 