3.720781e-02	 5.090886e-01	 3.546869e-01	 1.671213e-01	 3.689673e+03	 8.691414e+00	 
 3.396468e-02	 5.015287e-01	 3.640473e-01	 1.663544e-01	 3.345148e+03	 8.689538e+00	 
 3.878781e-02	 4.792461e-01	 3.899272e-01	 1.641322e-01	 3.869331e+03	 8.683469e+00	 
 3.642780e-02	 5.009675e-01	 3.647068e-01	 1.662471e-01	 3.624993e+03	 8.689106e+00	 
 3.678172e-02	 4.736907e-01	 3.962987e-01	 1.636923e-01	 3.634749e+03	 8.682308e+00	 
 3.720898e-02	 5.091901e-01	 3.546718e-01	 1.670668e-01	 3.689786e+03	 8.691445e+00	 
 5.240668e-02	 7.076929e-01	 2.849694e-01	 7.441883e-02	 4.790241e+03	 7.245897e+00	 
 4.996538e-02	 7.823515e-01	 1.922302e-01	 8.552189e-02	 4.585850e+03	 7.233871e+00	 
 5.192422e-02	 6.410384e-01	 3.595948e-01	 7.004350e-02	 4.714926e+03	 7.262053e+00	 
 5.025410e-02	 7.129405e-01	 2.723701e-01	 7.931995e-02	 4.584035e+03	 7.246714e+00	 
 5.061000e-02	 6.800757e-01	 3.033161e-01	 8.113233e-02	 4.683261e+03	 7.254508e+00	 
 5.132665e-02	 7.809048e-01	 1.980606e-01	 8.257351e-02	 4.717057e+03	 7.232762e+00	 
 2.527652e-02	 5.939629e-01	 2.573274e-01	 1.751129e-01	 2.480830e+03	 8.713388e+00	 
 2.601497e-02	 6.078193e-01	 2.405193e-01	 1.765275e-01	 2.535663e+03	 8.717437e+00	 
 2.579713e-02	 6.212512e-01	 2.251088e-01	 1.777311e-01	 2.530542e+03	 8.720737e+00	 
 2.763121e-02	 5.936131e-01	 2.569929e-01	 1.751451e-01	 2.702298e+03	 8.713659e+00	 
 2.601526e-02	 6.078568e-01	 2.405127e-01	 1.765081e-01	 2.535690e+03	 8.717448e+00	 
 2.563125e-02	 6.006507e-01	 2.492532e-01	 1.757728e-01	 2.507176e+03	 8.715341e+00	 
 2.115003e-02	 5.165583e-01	 3.512518e-01	 1.671916e-01	 2.174424e+03	 8.691139e+00	 
 2.001777e-02	 4.953109e-01	 3.770235e-01	 1.650235e-01	 2.090349e+03	 8.685229e+00	 
 2.011861e-02	 5.108165e-01	 3.588432e-01	 1.665115e-01	 2.106448e+03	 8.689233e+00	 
 1.966724e-02	 4.803019e-01	 3.945749e-01	 1.636118e-01	 2.045304e+03	 8.681373e+00	 
 2.096102e-02	 4.792023e-01	 3.959580e-01	 1.634483e-01	 2.195753e+03	 8.681054e+00	 
 1.978873e-02	 4.992223e-01	 3.724259e-01	 1.654059e-01	 2.064755e+03	 8.686245e+00	 
 