6.225898e-02	 4.721788e-01	 4.251305e-01	 1.346853e-01	 3.627388e+02	 1.087389e+01	 
 5.084977e-02	 4.739113e-01	 4.265292e-01	 1.343048e-01	 3.405002e+02	 1.089691e+01	 
 4.829005e-02	 4.738344e-01	 4.264722e-01	 1.347480e-01	 3.355397e+02	 1.090122e+01	 
 2.786974e-02	 5.255150e-01	 4.771519e-01	 8.294271e-02	 1.099131e+02	 1.003093e+01	 
 3.028968e-02	 4.942144e-01	 4.424504e-01	 1.231617e-01	 8.157620e+01	 9.997814e+00	 
 3.003153e-02	 5.044657e-01	 4.531690e-01	 1.102412e-01	 7.988223e+01	 1.000711e+01	 
 2.994375e-02	 5.074035e-01	 4.562978e-01	 1.065070e-01	 7.962902e+01	 1.000986e+01	 
 3.395713e-02	 5.135929e-01	 4.298867e-01	 1.188546e-01	 7.201411e+01	 8.717122e+00	 
 3.455602e-02	 4.899050e-01	 4.174036e-01	 1.411908e-01	 5.444067e+01	 8.703757e+00	 
 3.480615e-02	 4.776315e-01	 4.111305e-01	 1.526610e-01	 4.622551e+01	 8.697165e+00	 
 3.492256e-02	 4.714108e-01	 4.079822e-01	 1.584584e-01	 4.221521e+01	 8.693891e+00	 
 3.497876e-02	 4.682818e-01	 4.064042e-01	 1.613717e-01	 4.023253e+01	 8.692259e+00	 
 3.500637e-02	 4.667128e-01	 4.056141e-01	 1.628320e-01	 3.924653e+01	 8.691445e+00	 
 3.500689e-02	 4.666825e-01	 4.055988e-01	 1.628602e-01	 3.922756e+01	 8.691429e+00	 
 3.500740e-02	 4.666538e-01	 4.055844e-01	 1.628869e-01	 3.920955e+01	 8.691414e+00	 
 3.844777e-02	 4.647946e-01	 4.068983e-01	 1.627851e-01	 2.071141e+01	 8.685761e+00	 
 3.800836e-02	 4.644362e-01	 4.076960e-01	 1.626429e-01	 1.356291e+01	 8.683469e+00	 
 4.169026e-02	 4.624014e-01	 4.092429e-01	 1.625074e-01	 5.967190e+00	 8.677407e+00	 
 2.204859e-02	 4.661156e-01	 4.113313e-01	 1.621460e-01	 3.309252e+00	 8.676722e+00	 
 