-1.964989e-05	 -1.104386e+01	 1.350864e+01	 -6.930719e-01	 1.198025e+05	 1.198044e+05	 1.849627e+00	 0	 1.437526e+04	 7.779668e-01	 2.558287e+02	 4.083304e+02	 2.526300e+02	 
 -1.964989e-05	 -1.104386e+01	 1.350864e+01	 -6.930719e-01	 1.198025e+05	 1.198044e+05	 1.849627e+00	 0	 1.437526e+04	 7.779668e-01	 2.558287e+02	 4.083304e+02	 2.526300e+02	 
 -1.964989e-05	 -1.104386e+01	 1.350864e+01	 -6.930719e-01	 1.198025e+05	 1.198044e+05	 1.849627e+00	 0	 1.437526e+04	 7.779668e-01	 2.558287e+02	 4.083304e+02	 2.526300e+02	 
 -1.964989e-05	 -1.104386e+01	 1.350864e+01	 -6.930719e-01	 1.198025e+05	 1.198044e+05	 1.849627e+00	 0	 1.437526e+04	 7.779668e-01	 2.558287e+02	 4.083304e+02	 2.526300e+02	 
 -1.964989e-05	 -1.104386e+01	 1.350864e+01	 -6.930719e-01	 1.198025e+05	 1.198044e+05	 1.849627e+00	 0	 1.437526e+04	 7.779668e-01	 2.558287e+02	 4.083304e+02	 2.526300e+02	 
 -1.964989e-05	 -1.104386e+01	 1.350864e+01	 -6.930719e-01	 1.198025e+05	 1.198044e+05	 1.849627e+00	 0	 1.437526e+04	 7.779668e-01	 2.558287e+02	 4.083304e+02	 2.526300e+02	 
 -1.749470e-03	 -2.714419e+00	 3.498359e+00	 2.519043e-01	 1.137935e+05	 1.139818e+05	 1.883113e+02	 0	 3.323944e+04	 3.709306e-02	 1.292425e+00	 8.532817e+02	 9.591783e+02	 
 -1.749470e-03	 -2.714419e+00	 3.498359e+00	 2.519043e-01	 1.137935e+05	 1.139818e+05	 1.883113e+02	 0	 3.323944e+04	 3.709306e-02	 1.292425e+00	 8.532817e+02	 9.591783e+02	 
 -1.749470e-03	 -2.714419e+00	 3.498359e+00	 2.519043e-01	 1.137935e+05	 1.139818e+05	 1.883113e+02	 0	 3.323944e+04	 3.709306e-02	 1.292425e+00	 8.532817e+02	 9.591783e+02	 
 -1.749470e-03	 -2.714419e+00	 3.498359e+00	 2.519043e-01	 1.137935e+05	 1.139818e+05	 1.883113e+02	 0	 3.323944e+04	 3.709306e-02	 1.292425e+00	 8.532817e+02	 9.591783e+02	 
 -1.749470e-03	 -2.714419e+00	 3.498359e+00	 2.519043e-01	 1.137935e+05	 1.139818e+05	 1.883113e+02	 0	 3.323944e+04	 3.709306e-02	 1.292425e+00	 8.532817e+02	 9.591783e+02	 
 -1.749470e-03	 -2.714419e+00	 3.498359e+00	 2.519043e-01	 1.137935e+05	 1.139818e+05	 1.883113e+02	 0	 3.323944e+04	 3.709306e-02	 1.292425e+00	 8.532817e+02	 9.591783e+02	 
 -9.647079e-04	 -1.847617e+00	 3.073015e+00	 -2.822625e-02	 1.003916e+05	 1.005037e+05	 1.120341e+02	 0	 1.207517e+04	 2.009854e-01	 2.273481e+01	 6.373908e+02	 7.059557e+02	 
 -9.647079e-04	 -1.847617e+00	 3.073015e+00	 -2.822625e-02	 1.003916e+05	 1.005037e+05	 1.120341e+02	 0	 1.207517e+04	 2.009854e-01	 2.273481e+01	 6.373908e+02	 7.059557e+02	 
 -9.647079e-04	 -1.847617e+00	 3.073015e+00	 -2.822625e-02	 1.003916e+05	 1.005037e+05	 1.120341e+02	 0	 1.207517e+04	 2.009854e-01	 2.273481e+01	 6.373908e+02	 7.059557e+02	 
 -9.647079e-04	 -1.847617e+00	 3.073015e+00	 -2.822625e-02	 1.003916e+05	 1.005037e+05	 1.120341e+02	 0	 1.207517e+04	 2.009854e-01	 2.273481e+01	 6.373908e+02	 7.059557e+02	 
 -9.647079e-04	 -1.847617e+00	 3.073015e+00	 -2.822625e-02	 1.003916e+05	 1.005037e+05	 1.120341e+02	 0	 1.207517e+04	 2.009854e-01	 2.273481e+01	 6.373908e+02	 7.059557e+02	 
 -9.647079e-04	 -1.847617e+00	 3.073015e+00	 -2.822625e-02	 1.003916e+05	 1.005037e+05	 1.120341e+02	 0	 1.207517e+04	 2.009854e-01	 2.273481e+01	 6.373908e+02	 7.059557e+02	 
 -3.934368e-03	 -2.263836e+00	 2.448407e+00	 6.171026e-01	 1.154401e+05	 1.157568e+05	 3.166741e+02	 0	 2.220421e+03	 2.028560e-01	 2.024774e-01	 1.070830e+03	 9.869820e+02	 
 -3.934368e-03	 -2.263836e+00	 2.448407e+00	 6.171026e-01	 1.154401e+05	 1.157568e+05	 3.166741e+02	 0	 2.220421e+03	 2.028560e-01	 2.024774e-01	 1.070830e+03	 9.869820e+02	 
 -3.934368e-03	 -2.263836e+00	 2.448407e+00	 6.171026e-01	 1.154401e+05	 1.157568e+05	 3.166741e+02	 0	 2.220421e+03	 2.028560e-01	 2.024774e-01	 1.070830e+03	 9.869820e+02	 
 -3.934368e-03	 -2.263836e+00	 2.448407e+00	 6.171026e-01	 1.154401e+05	 1.157568e+05	 3.166741e+02	 0	 2.220421e+03	 2.028560e-01	 2.024774e-01	 1.070830e+03	 9.869820e+02	 
 -3.934368e-03	 -2.263836e+00	 2.448407e+00	 6.171026e-01	 1.154401e+05	 1.157568e+05	 3.166741e+02	 0	 2.220421e+03	 2.028560e-01	 2.024774e-01	 1.070830e+03	 9.869820e+02	 
 -3.934368e-03	 -2.263836e+00	 2.448407e+00	 6.171026e-01	 1.154401e+05	 1.157568e+05	 3.166741e+02	 0	 2.220421e+03	 2.028560e-01	 2.024774e-01	 1.070830e+03	 9.869820e+02	 
 3.720898e-02	 5.091901e-01	 3.546718e-01	 1.670668e-01	 9.938763e+04	 9.569785e+04	 3.689786e+03	 1	 5.951774e+03	 6.918977e-02	 1.818152e+02	 1.470273e+03	 3.924653e+01	 
 3.720898e-02	 5.091901e-01	 3.546718e-01	 1.670668e-01	 9.938763e+04	 9.569785e+04	 3.689786e+03	 1	 5.951774e+03	 6.918977e-02	 1.818152e+02	 1.470273e+03	 3.924653e+01	 
 3.720898e-02	 5.091901e-01	 3.546718e-01	 1.670668e-01	 9.938763e+04	 9.569785e+04	 3.689786e+03	 1	 5.951774e+03	 6.918977e-02	 1.818152e+02	 1.470273e+03	 3.924653e+01	 
 3.720898e-02	 5.091901e-01	 3.546718e-01	 1.670668e-01	 9.938763e+04	 9.569785e+04	 3.689786e+03	 1	 5.951774e+03	 6.918977e-02	 1.818152e+02	 1.470273e+03	 3.924653e+01	 
 3.720898e-02	 5.091901e-01	 3.546718e-01	 1.670668e-01	 9.938763e+04	 9.569785e+04	 3.689786e+03	 1	 5.951774e+03	 6.918977e-02	 1.818152e+02	 1.470273e+03	 3.924653e+01	 
 3.720898e-02	 5.091901e-01	 3.546718e-01	 1.670668e-01	 9.938763e+04	 9.569785e+04	 3.689786e+03	 1	 5.951774e+03	 6.918977e-02	 1.818152e+02	 1.470273e+03	 3.924653e+01	 
 -5.824351e-03	 -1.089648e+00	 -2.659433e-01	 1.555212e+00	 8.331208e+04	 8.369066e+04	 3.785765e+02	 0	 1.367333e+03	 8.121273e-01	 8.093944e-01	 6.489391e+02	 5.297064e+02	 
 -5.824351e-03	 -1.089648e+00	 -2.659433e-01	 1.555212e+00	 8.331208e+04	 8.369066e+04	 3.785765e+02	 0	 1.367333e+03	 8.121273e-01	 8.093944e-01	 6.489391e+02	 5.297064e+02	 
 -5.824351e-03	 -1.089648e+00	 -2.659433e-01	 1.555212e+00	 8.331208e+04	 8.369066e+04	 3.785765e+02	 0	 1.367333e+03	 8.121273e-01	 8.093944e-01	 6.489391e+02	 5.297064e+02	 
 -5.824351e-03	 -1.089648e+00	 -2.659433e-01	 1.555212e+00	 8.331208e+04	 8.369066e+04	 3.785765e+02	 0	 1.367333e+03	 8.121273e-01	 8.093944e-01	 6.489391e+02	 5.297064e+02	 
 -5.824351e-03	 -1.089648e+00	 -2.659433e-01	 1.555212e+00	 8.331208e+04	 8.369066e+04	 3.785765e+02	 0	 1.367333e+03	 8.121273e-01	 8.093944e-01	 6.489391e+02	 5.297064e+02	 
 -5.824351e-03	 -1.089648e+00	 -2.659433e-01	 1.555212e+00	 8.331208e+04	 8.369066e+04	 3.785765e+02	 0	 1.367333e+03	 8.121273e-01	 8.093944e-01	 6.489391e+02	 5.297064e+02	 
 1.502213e-02	 -1.140929e+00	 6.062902e+00	 -2.310429e+00	 8.404177e+04	 8.295084e+04	 1.090931e+03	 0	 9.004523e+03	 1.710027e+00	 5.492355e+01	 7.789245e+02	 7.808703e+02	 
 1.502213e-02	 -1.140929e+00	 6.062902e+00	 -2.310429e+00	 8.404177e+04	 8.295084e+04	 1.090931e+03	 0	 9.004523e+03	 1.710027e+00	 5.492355e+01	 7.789245e+02	 7.808703e+02	 
 1.502213e-02	 -1.140929e+00	 6.062902e+00	 -2.310429e+00	 8.404177e+04	 8.295084e+04	 1.090931e+03	 0	 9.004523e+03	 1.710027e+00	 5.492355e+01	 7.789245e+02	 7.808703e+02	 
 1.502213e-02	 -1.140929e+00	 6.062902e+00	 -2.310429e+00	 8.404177e+04	 8.295084e+04	 1.090931e+03	 0	 9.004523e+03	 1.710027e+00	 5.492355e+01	 7.789245e+02	 7.808703e+02	 
 1.502213e-02	 -1.140929e+00	 6.062902e+00	 -2.310429e+00	 8.404177e+04	 8.295084e+04	 1.090931e+03	 0	 9.004523e+03	 1.710027e+00	 5.492355e+01	 7.789245e+02	 7.808703e+02	 
 1.502213e-02	 -1.140929e+00	 6.062902e+00	 -2.310429e+00	 8.404177e+04	 8.295084e+04	 1.090931e+03	 0	 9.004523e+03	 1.710027e+00	 5.492355e+01	 7.789245e+02	 7.808703e+02	 
 3.579248e-03	 -1.213126e-02	 1.610563e+00	 -2.729720e-01	 7.422519e+04	 7.399556e+04	 2.296370e+02	 0	 2.417608e+03	 3.350624e-01	 5.617938e+01	 3.865607e+02	 3.840157e+02	 
 3.579248e-03	 -1.213126e-02	 1.610563e+00	 -2.729720e-01	 7.422519e+04	 7.399556e+04	 2.296370e+02	 0	 2.417608e+03	 3.350624e-01	 5.617938e+01	 3.865607e+02	 3.840157e+02	 
 3.579248e-03	 -1.213126e-02	 1.610563e+00	 -2.729720e-01	 7.422519e+04	 7.399556e+04	 2.296370e+02	 0	 2.417608e+03	 3.350624e-01	 5.617938e+01	 3.865607e+02	 3.840157e+02	 
 3.579248e-03	 -1.213126e-02	 1.610563e+00	 -2.729720e-01	 7.422519e+04	 7.399556e+04	 2.296370e+02	 0	 2.417608e+03	 3.350624e-01	 5.617938e+01	 3.865607e+02	 3.840157e+02	 
 3.579248e-03	 -1.213126e-02	 1.610563e+00	 -2.729720e-01	 7.422519e+04	 7.399556e+04	 2.296370e+02	 0	 2.417608e+03	 3.350624e-01	 5.617938e+01	 3.865607e+02	 3.840157e+02	 
 3.579248e-03	 -1.213126e-02	 1.610563e+00	 -2.729720e-01	 7.422519e+04	 7.399556e+04	 2.296370e+02	 0	 2.417608e+03	 3.350624e-01	 5.617938e+01	 3.865607e+02	 3.840157e+02	 
 5.209277e-02	 7.800906e-01	 2.013419e-01	 8.091419e-02	 1.116622e+05	 1.068713e+05	 4.790899e+03	 1	 1.383186e+03	 1.149756e-01	 2.907729e+02	 1.959198e+03	 1.069370e+02	 
 5.209277e-02	 7.800906e-01	 2.013419e-01	 8.091419e-02	 1.116622e+05	 1.068713e+05	 4.790899e+03	 1	 1.383186e+03	 1.149756e-01	 2.907729e+02	 1.959198e+03	 1.069370e+02	 
 5.209277e-02	 7.800906e-01	 2.013419e-01	 8.091419e-02	 1.116622e+05	 1.068713e+05	 4.790899e+03	 1	 1.383186e+03	 1.149756e-01	 2.907729e+02	 1.959198e+03	 1.069370e+02	 
 5.209277e-02	 7.800906e-01	 2.013419e-01	 8.091419e-02	 1.116622e+05	 1.068713e+05	 4.790899e+03	 1	 1.383186e+03	 1.149756e-01	 2.907729e+02	 1.959198e+03	 1.069370e+02	 
 5.209277e-02	 7.800906e-01	 2.013419e-01	 8.091419e-02	 1.116622e+05	 1.068713e+05	 4.790899e+03	 1	 1.383186e+03	 1.149756e-01	 2.907729e+02	 1.959198e+03	 1.069370e+02	 
 5.209277e-02	 7.800906e-01	 2.013419e-01	 8.091419e-02	 1.116622e+05	 1.068713e+05	 4.790899e+03	 1	 1.383186e+03	 1.149756e-01	 2.907729e+02	 1.959198e+03	 1.069370e+02	 
 -8.701140e-03	 -6.299865e+00	 3.828459e+00	 2.282031e+00	 1.199031e+05	 1.206270e+05	 7.238651e+02	 0	 9.101913e+04	 1.437855e+00	 1.326955e+00	 7.372540e+02	 8.096963e+02	 
 -8.701140e-03	 -6.299865e+00	 3.828459e+00	 2.282031e+00	 1.199031e+05	 1.206270e+05	 7.238651e+02	 0	 9.101913e+04	 1.437855e+00	 1.326955e+00	 7.372540e+02	 8.096963e+02	 
 -8.701140e-03	 -6.299865e+00	 3.828459e+00	 2.282031e+00	 1.199031e+05	 1.206270e+05	 7.238651e+02	 0	 9.101913e+04	 1.437855e+00	 1.326955e+00	 7.372540e+02	 8.096963e+02	 
 -8.701140e-03	 -6.299865e+00	 3.828459e+00	 2.282031e+00	 1.199031e+05	 1.206270e+05	 7.238651e+02	 0	 9.101913e+04	 1.437855e+00	 1.326955e+00	 7.372540e+02	 8.096963e+02	 
 -8.701140e-03	 -6.299865e+00	 3.828459e+00	 2.282031e+00	 1.199031e+05	 1.206270e+05	 7.238651e+02	 0	 9.101913e+04	 1.437855e+00	 1.326955e+00	 7.372540e+02	 8.096963e+02	 
 -8.701140e-03	 -6.299865e+00	 3.828459e+00	 2.282031e+00	 1.199031e+05	 1.206270e+05	 7.238651e+02	 0	 9.101913e+04	 1.437855e+00	 1.326955e+00	 7.372540e+02	 8.096963e+02	 
 -8.701140e-03	 -6.299865e+00	 3.828459e+00	 2.282031e+00	 1.199031e+05	 1.206270e+05	 7.238651e+02	 0	 9.101913e+04	 1.437855e+00	 1.326955e+00	 7.372540e+02	 8.096963e+02	 
 -8.701140e-03	 -6.299865e+00	 3.828459e+00	 2.282031e+00	 1.199031e+05	 1.206270e+05	 7.238651e+02	 0	 9.101913e+04	 1.437855e+00	 1.326955e+00	 7.372540e+02	 8.096963e+02	 
 -8.701140e-03	 -6.299865e+00	 3.828459e+00	 2.282031e+00	 1.199031e+05	 1.206270e+05	 7.238651e+02	 0	 9.101913e+04	 1.437855e+00	 1.326955e+00	 7.372540e+02	 8.096963e+02	 
 -8.701140e-03	 -6.299865e+00	 3.828459e+00	 2.282031e+00	 1.199031e+05	 1.206270e+05	 7.238651e+02	 0	 9.101913e+04	 1.437855e+00	 1.326955e+00	 7.372540e+02	 8.096963e+02	 
 -8.701140e-03	 -6.299865e+00	 3.828459e+00	 2.282031e+00	 1.199031e+05	 1.206270e+05	 7.238651e+02	 0	 9.101913e+04	 1.437855e+00	 1.326955e+00	 7.372540e+02	 8.096963e+02	 
 -8.701140e-03	 -6.299865e+00	 3.828459e+00	 2.282031e+00	 1.199031e+05	 1.206270e+05	 7.238651e+02	 0	 9.101913e+04	 1.437855e+00	 1.326955e+00	 7.372540e+02	 8.096963e+02	 
 -8.701140e-03	 -6.299865e+00	 3.828459e+00	 2.282031e+00	 1.199031e+05	 1.206270e+05	 7.238651e+02	 0	 9.101913e+04	 1.437855e+00	 1.326955e+00	 7.372540e+02	 8.096963e+02	 
 -8.701140e-03	 -6.299865e+00	 3.828459e+00	 2.282031e+00	 1.199031e+05	 1.206270e+05	 7.238651e+02	 0	 9.101913e+04	 1.437855e+00	 1.326955e+00	 7.372540e+02	 8.096963e+02	 
 -8.701140e-03	 -6.299865e+00	 3.828459e+00	 2.282031e+00	 1.199031e+05	 1.206270e+05	 7.238651e+02	 0	 9.101913e+04	 1.437855e+00	 1.326955e+00	 7.372540e+02	 8.096963e+02	 
 -8.701140e-03	 -6.299865e+00	 3.828459e+00	 2.282031e+00	 1.199031e+05	 1.206270e+05	 7.238651e+02	 0	 9.101913e+04	 1.437855e+00	 1.326955e+00	 7.372540e+02	 8.096963e+02	 
 -8.701140e-03	 -6.299865e+00	 3.828459e+00	 2.282031e+00	 1.199031e+05	 1.206270e+05	 7.238651e+02	 0	 9.101913e+04	 1.437855e+00	 1.326955e+00	 7.372540e+02	 8.096963e+02	 
 -8.701140e-03	 -6.299865e+00	 3.828459e+00	 2.282031e+00	 1.199031e+05	 1.206270e+05	 7.238651e+02	 0	 9.101913e+04	 1.437855e+00	 1.326955e+00	 7.372540e+02	 8.096963e+02	 
 -8.701140e-03	 -6.299865e+00	 3.828459e+00	 2.282031e+00	 1.199031e+05	 1.206270e+05	 7.238651e+02	 0	 9.101913e+04	 1.437855e+00	 1.326955e+00	 7.372540e+02	 8.096963e+02	 
 -8.701140e-03	 -6.299865e+00	 3.828459e+00	 2.282031e+00	 1.199031e+05	 1.206270e+05	 7.238651e+02	 0	 9.101913e+04	 1.437855e+00	 1.326955e+00	 7.372540e+02	 8.096963e+02	 
 -8.701140e-03	 -6.299865e+00	 3.828459e+00	 2.282031e+00	 1.199031e+05	 1.206270e+05	 7.238651e+02	 0	 9.101913e+04	 1.437855e+00	 1.326955e+00	 7.372540e+02	 8.096963e+02	 
 -8.701140e-03	 -6.299865e+00	 3.828459e+00	 2.282031e+00	 1.199031e+05	 1.206270e+05	 7.238651e+02	 0	 9.101913e+04	 1.437855e+00	 1.326955e+00	 7.372540e+02	 8.096963e+02	 
 -8.701140e-03	 -6.299865e+00	 3.828459e+00	 2.282031e+00	 1.199031e+05	 1.206270e+05	 7.238651e+02	 0	 9.101913e+04	 1.437855e+00	 1.326955e+00	 7.372540e+02	 8.096963e+02	 
 -8.701140e-03	 -6.299865e+00	 3.828459e+00	 2.282031e+00	 1.199031e+05	 1.206270e+05	 7.238651e+02	 0	 9.101913e+04	 1.437855e+00	 1.326955e+00	 7.372540e+02	 8.096963e+02	 
 -8.701140e-03	 -6.299865e+00	 3.828459e+00	 2.282031e+00	 1.199031e+05	 1.206270e+05	 7.238651e+02	 0	 9.101913e+04	 1.437855e+00	 1.326955e+00	 7.372540e+02	 8.096963e+02	 
 -8.701140e-03	 -6.299865e+00	 3.828459e+00	 2.282031e+00	 1.199031e+05	 1.206270e+05	 7.238651e+02	 0	 9.101913e+04	 1.437855e+00	 1.326955e+00	 7.372540e+02	 8.096963e+02	 
 -8.701140e-03	 -6.299865e+00	 3.828459e+00	 2.282031e+00	 1.199031e+05	 1.206270e+05	 7.238651e+02	 0	 9.101913e+04	 1.437855e+00	 1.326955e+00	 7.372540e+02	 8.096963e+02	 
 -8.701140e-03	 -6.299865e+00	 3.828459e+00	 2.282031e+00	 1.199031e+05	 1.206270e+05	 7.238651e+02	 0	 9.101913e+04	 1.437855e+00	 1.326955e+00	 7.372540e+02	 8.096963e+02	 
 -8.701140e-03	 -6.299865e+00	 3.828459e+00	 2.282031e+00	 1.199031e+05	 1.206270e+05	 7.238651e+02	 0	 9.101913e+04	 1.437855e+00	 1.326955e+00	 7.372540e+02	 8.096963e+02	 
 -8.701140e-03	 -6.299865e+00	 3.828459e+00	 2.282031e+00	 1.199031e+05	 1.206270e+05	 7.238651e+02	 0	 9.101913e+04	 1.437855e+00	 1.326955e+00	 7.372540e+02	 8.096963e+02	 
 -8.701140e-03	 -6.299865e+00	 3.828459e+00	 2.282031e+00	 1.199031e+05	 1.206270e+05	 7.238651e+02	 0	 9.101913e+04	 1.437855e+00	 1.326955e+00	 7.372540e+02	 8.096963e+02	 
 -8.701140e-03	 -6.299865e+00	 3.828459e+00	 2.282031e+00	 1.199031e+05	 1.206270e+05	 7.238651e+02	 0	 9.101913e+04	 1.437855e+00	 1.326955e+00	 7.372540e+02	 8.096963e+02	 
 -8.701140e-03	 -6.299865e+00	 3.828459e+00	 2.282031e+00	 1.199031e+05	 1.206270e+05	 7.238651e+02	 0	 9.101913e+04	 1.437855e+00	 1.326955e+00	 7.372540e+02	 8.096963e+02	 
 -8.701140e-03	 -6.299865e+00	 3.828459e+00	 2.282031e+00	 1.199031e+05	 1.206270e+05	 7.238651e+02	 0	 9.101913e+04	 1.437855e+00	 1.326955e+00	 7.372540e+02	 8.096963e+02	 
 -8.701140e-03	 -6.299865e+00	 3.828459e+00	 2.282031e+00	 1.199031e+05	 1.206270e+05	 7.238651e+02	 0	 9.101913e+04	 1.437855e+00	 1.326955e+00	 7.372540e+02	 8.096963e+02	 
 -8.701140e-03	 -6.299865e+00	 3.828459e+00	 2.282031e+00	 1.199031e+05	 1.206270e+05	 7.238651e+02	 0	 9.101913e+04	 1.437855e+00	 1.326955e+00	 7.372540e+02	 8.096963e+02	 
 -8.701140e-03	 -6.299865e+00	 3.828459e+00	 2.282031e+00	 1.199031e+05	 1.206270e+05	 7.238651e+02	 0	 9.101913e+04	 1.437855e+00	 1.326955e+00	 7.372540e+02	 8.096963e+02	 
 -8.701140e-03	 -6.299865e+00	 3.828459e+00	 2.282031e+00	 1.199031e+05	 1.206270e+05	 7.238651e+02	 0	 9.101913e+04	 1.437855e+00	 1.326955e+00	 7.372540e+02	 8.096963e+02	 
 -8.701140e-03	 -6.299865e+00	 3.828459e+00	 2.282031e+00	 1.199031e+05	 1.206270e+05	 7.238651e+02	 0	 9.101913e+04	 1.437855e+00	 1.326955e+00	 7.372540e+02	 8.096963e+02	 
 -8.701140e-03	 -6.299865e+00	 3.828459e+00	 2.282031e+00	 1.199031e+05	 1.206270e+05	 7.238651e+02	 0	 9.101913e+04	 1.437855e+00	 1.326955e+00	 7.372540e+02	 8.096963e+02	 
 -8.701140e-03	 -6.299865e+00	 3.828459e+00	 2.282031e+00	 1.199031e+05	 1.206270e+05	 7.238651e+02	 0	 9.101913e+04	 1.437855e+00	 1.326955e+00	 7.372540e+02	 8.096963e+02	 
 -8.701140e-03	 -6.299865e+00	 3.828459e+00	 2.282031e+00	 1.199031e+05	 1.206270e+05	 7.238651e+02	 0	 9.101913e+04	 1.437855e+00	 1.326955e+00	 7.372540e+02	 8.096963e+02	 
 -8.701140e-03	 -6.299865e+00	 3.828459e+00	 2.282031e+00	 1.199031e+05	 1.206270e+05	 7.238651e+02	 0	 9.101913e+04	 1.437855e+00	 1.326955e+00	 7.372540e+02	 8.096963e+02	 
 -8.701140e-03	 -6.299865e+00	 3.828459e+00	 2.282031e+00	 1.199031e+05	 1.206270e+05	 7.238651e+02	 0	 9.101913e+04	 1.437855e+00	 1.326955e+00	 7.372540e+02	 8.096963e+02	 
 -8.701140e-03	 -6.299865e+00	 3.828459e+00	 2.282031e+00	 1.199031e+05	 1.206270e+05	 7.238651e+02	 0	 9.101913e+04	 1.437855e+00	 1.326955e+00	 7.372540e+02	 8.096963e+02	 
 -8.701140e-03	 -6.299865e+00	 3.828459e+00	 2.282031e+00	 1.199031e+05	 1.206270e+05	 7.238651e+02	 0	 9.101913e+04	 1.437855e+00	 1.326955e+00	 7.372540e+02	 8.096963e+02	 
 -8.701140e-03	 -6.299865e+00	 3.828459e+00	 2.282031e+00	 1.199031e+05	 1.206270e+05	 7.238651e+02	 0	 9.101913e+04	 1.437855e+00	 1.326955e+00	 7.372540e+02	 8.096963e+02	 
 -8.701140e-03	 -6.299865e+00	 3.828459e+00	 2.282031e+00	 1.199031e+05	 1.206270e+05	 7.238651e+02	 0	 9.101913e+04	 1.437855e+00	 1.326955e+00	 7.372540e+02	 8.096963e+02	 
 -5.824351e-03	 -1.089648e+00	 -2.659433e-01	 1.555212e+00	 8.331208e+04	 8.369066e+04	 3.785765e+02	 0	 1.367333e+03	 8.121273e-01	 8.093944e-01	 6.489391e+02	 5.297064e+02	 
 -5.824351e-03	 -1.089648e+00	 -2.659433e-01	 1.555212e+00	 8.331208e+04	 8.369066e+04	 3.785765e+02	 0	 1.367333e+03	 8.121273e-01	 8.093944e-01	 6.489391e+02	 5.297064e+02	 
 -5.824351e-03	 -1.089648e+00	 -2.659433e-01	 1.555212e+00	 8.331208e+04	 8.369066e+04	 3.785765e+02	 0	 1.367333e+03	 8.121273e-01	 8.093944e-01	 6.489391e+02	 5.297064e+02	 
 -5.824351e-03	 -1.089648e+00	 -2.659433e-01	 1.555212e+00	 8.331208e+04	 8.369066e+04	 3.785765e+02	 0	 1.367333e+03	 8.121273e-01	 8.093944e-01	 6.489391e+02	 5.297064e+02	 
 -5.824351e-03	 -1.089648e+00	 -2.659433e-01	 1.555212e+00	 8.331208e+04	 8.369066e+04	 3.785765e+02	 0	 1.367333e+03	 8.121273e-01	 8.093944e-01	 6.489391e+02	 5.297064e+02	 
 -5.824351e-03	 -1.089648e+00	 -2.659433e-01	 1.555212e+00	 8.331208e+04	 8.369066e+04	 3.785765e+02	 0	 1.367333e+03	 8.121273e-01	 8.093944e-01	 6.489391e+02	 5.297064e+02	 
 -5.824351e-03	 -1.089648e+00	 -2.659433e-01	 1.555212e+00	 8.331208e+04	 8.369066e+04	 3.785765e+02	 0	 1.367333e+03	 8.121273e-01	 8.093944e-01	 6.489391e+02	 5.297064e+02	 
 -5.824351e-03	 -1.089648e+00	 -2.659433e-01	 1.555212e+00	 8.331208e+04	 8.369066e+04	 3.785765e+02	 0	 1.367333e+03	 8.121273e-01	 8.093944e-01	 6.489391e+02	 5.297064e+02	 
 -5.824351e-03	 -1.089648e+00	 -2.659433e-01	 1.555212e+00	 8.331208e+04	 8.369066e+04	 3.785765e+02	 0	 1.367333e+03	 8.121273e-01	 8.093944e-01	 6.489391e+02	 5.297064e+02	 
 -5.824351e-03	 -1.089648e+00	 -2.659433e-01	 1.555212e+00	 8.331208e+04	 8.369066e+04	 3.785765e+02	 0	 1.367333e+03	 8.121273e-01	 8.093944e-01	 6.489391e+02	 5.297064e+02	 
 -5.824351e-03	 -1.089648e+00	 -2.659433e-01	 1.555212e+00	 8.331208e+04	 8.369066e+04	 3.785765e+02	 0	 1.367333e+03	 8.121273e-01	 8.093944e-01	 6.489391e+02	 5.297064e+02	 
 -5.824351e-03	 -1.089648e+00	 -2.659433e-01	 1.555212e+00	 8.331208e+04	 8.369066e+04	 3.785765e+02	 0	 1.367333e+03	 8.121273e-01	 8.093944e-01	 6.489391e+02	 5.297064e+02	 
 -8.701140e-03	 -6.299865e+00	 3.828459e+00	 2.282031e+00	 1.199031e+05	 1.206270e+05	 7.238651e+02	 0	 9.101913e+04	 1.437855e+00	 1.326955e+00	 7.372540e+02	 8.096963e+02	 
 -8.701140e-03	 -6.299865e+00	 3.828459e+00	 2.282031e+00	 1.199031e+05	 1.206270e+05	 7.238651e+02	 0	 9.101913e+04	 1.437855e+00	 1.326955e+00	 7.372540e+02	 8.096963e+02	 
 -8.701140e-03	 -6.299865e+00	 3.828459e+00	 2.282031e+00	 1.199031e+05	 1.206270e+05	 7.238651e+02	 0	 9.101913e+04	 1.437855e+00	 1.326955e+00	 7.372540e+02	 8.096963e+02	 
 -8.701140e-03	 -6.299865e+00	 3.828459e+00	 2.282031e+00	 1.199031e+05	 1.206270e+05	 7.238651e+02	 0	 9.101913e+04	 1.437855e+00	 1.326955e+00	 7.372540e+02	 8.096963e+02	 
 -8.701140e-03	 -6.299865e+00	 3.828459e+00	 2.282031e+00	 1.199031e+05	 1.206270e+05	 7.238651e+02	 0	 9.101913e+04	 1.437855e+00	 1.326955e+00	 7.372540e+02	 8.096963e+02	 
 -8.701140e-03	 -6.299865e+00	 3.828459e+00	 2.282031e+00	 1.199031e+05	 1.206270e+05	 7.238651e+02	 0	 9.101913e+04	 1.437855e+00	 1.326955e+00	 7.372540e+02	 8.096963e+02	 
 1.502213e-02	 -1.140929e+00	 6.062902e+00	 -2.310429e+00	 8.404177e+04	 8.295084e+04	 1.090931e+03	 0	 9.004523e+03	 1.710027e+00	 5.492355e+01	 7.789245e+02	 7.808703e+02	 
 1.502213e-02	 -1.140929e+00	 6.062902e+00	 -2.310429e+00	 8.404177e+04	 8.295084e+04	 1.090931e+03	 0	 9.004523e+03	 1.710027e+00	 5.492355e+01	 7.789245e+02	 7.808703e+02	 
 1.502213e-02	 -1.140929e+00	 6.062902e+00	 -2.310429e+00	 8.404177e+04	 8.295084e+04	 1.090931e+03	 0	 9.004523e+03	 1.710027e+00	 5.492355e+01	 7.789245e+02	 7.808703e+02	 
 1.502213e-02	 -1.140929e+00	 6.062902e+00	 -2.310429e+00	 8.404177e+04	 8.295084e+04	 1.090931e+03	 0	 9.004523e+03	 1.710027e+00	 5.492355e+01	 7.789245e+02	 7.808703e+02	 
 1.502213e-02	 -1.140929e+00	 6.062902e+00	 -2.310429e+00	 8.404177e+04	 8.295084e+04	 1.090931e+03	 0	 9.004523e+03	 1.710027e+00	 5.492355e+01	 7.789245e+02	 7.808703e+02	 
 1.502213e-02	 -1.140929e+00	 6.062902e+00	 -2.310429e+00	 8.404177e+04	 8.295084e+04	 1.090931e+03	 0	 9.004523e+03	 1.710027e+00	 5.492355e+01	 7.789245e+02	 7.808703e+02	 
 1.502213e-02	 -1.140929e+00	 6.062902e+00	 -2.310429e+00	 8.404177e+04	 8.295084e+04	 1.090931e+03	 0	 9.004523e+03	 1.710027e+00	 5.492355e+01	 7.789245e+02	 7.808703e+02	 
 1.502213e-02	 -1.140929e+00	 6.062902e+00	 -2.310429e+00	 8.404177e+04	 8.295084e+04	 1.090931e+03	 0	 9.004523e+03	 1.710027e+00	 5.492355e+01	 7.789245e+02	 7.808703e+02	 
 1.502213e-02	 -1.140929e+00	 6.062902e+00	 -2.310429e+00	 8.404177e+04	 8.295084e+04	 1.090931e+03	 0	 9.004523e+03	 1.710027e+00	 5.492355e+01	 7.789245e+02	 7.808703e+02	 
 1.502213e-02	 -1.140929e+00	 6.062902e+00	 -2.310429e+00	 8.404177e+04	 8.295084e+04	 1.090931e+03	 0	 9.004523e+03	 1.710027e+00	 5.492355e+01	 7.789245e+02	 7.808703e+02	 
 1.502213e-02	 -1.140929e+00	 6.062902e+00	 -2.310429e+00	 8.404177e+04	 8.295084e+04	 1.090931e+03	 0	 9.004523e+03	 1.710027e+00	 5.492355e+01	 7.789245e+02	 7.808703e+02	 
 1.502213e-02	 -1.140929e+00	 6.062902e+00	 -2.310429e+00	 8.404177e+04	 8.295084e+04	 1.090931e+03	 0	 9.004523e+03	 1.710027e+00	 5.492355e+01	 7.789245e+02	 7.808703e+02	 
 -8.701140e-03	 -6.299865e+00	 3.828459e+00	 2.282031e+00	 1.199031e+05	 1.206270e+05	 7.238651e+02	 0	 9.101913e+04	 1.437855e+00	 1.326955e+00	 7.372540e+02	 8.096963e+02	 
 -8.701140e-03	 -6.299865e+00	 3.828459e+00	 2.282031e+00	 1.199031e+05	 1.206270e+05	 7.238651e+02	 0	 9.101913e+04	 1.437855e+00	 1.326955e+00	 7.372540e+02	 8.096963e+02	 
 -8.701140e-03	 -6.299865e+00	 3.828459e+00	 2.282031e+00	 1.199031e+05	 1.206270e+05	 7.238651e+02	 0	 9.101913e+04	 1.437855e+00	 1.326955e+00	 7.372540e+02	 8.096963e+02	 
 -8.701140e-03	 -6.299865e+00	 3.828459e+00	 2.282031e+00	 1.199031e+05	 1.206270e+05	 7.238651e+02	 0	 9.101913e+04	 1.437855e+00	 1.326955e+00	 7.372540e+02	 8.096963e+02	 
 -8.701140e-03	 -6.299865e+00	 3.828459e+00	 2.282031e+00	 1.199031e+05	 1.206270e+05	 7.238651e+02	 0	 9.101913e+04	 1.437855e+00	 1.326955e+00	 7.372540e+02	 8.096963e+02	 
 -8.701140e-03	 -6.299865e+00	 3.828459e+00	 2.282031e+00	 1.199031e+05	 1.206270e+05	 7.238651e+02	 0	 9.101913e+04	 1.437855e+00	 1.326955e+00	 7.372540e+02	 8.096963e+02	 
 -1.749470e-03	 -2.714419e+00	 3.498359e+00	 2.519043e-01	 1.137935e+05	 1.139818e+05	 1.883113e+02	 0	 3.323944e+04	 3.709306e-02	 1.292425e+00	 8.532817e+02	 9.591783e+02	 
 -1.749470e-03	 -2.714419e+00	 3.498359e+00	 2.519043e-01	 1.137935e+05	 1.139818e+05	 1.883113e+02	 0	 3.323944e+04	 3.709306e-02	 1.292425e+00	 8.532817e+02	 9.591783e+02	 
 -1.749470e-03	 -2.714419e+00	 3.498359e+00	 2.519043e-01	 1.137935e+05	 1.139818e+05	 1.883113e+02	 0	 3.323944e+04	 3.709306e-02	 1.292425e+00	 8.532817e+02	 9.591783e+02	 
 -1.749470e-03	 -2.714419e+00	 3.498359e+00	 2.519043e-01	 1.137935e+05	 1.139818e+05	 1.883113e+02	 0	 3.323944e+04	 3.709306e-02	 1.292425e+00	 8.532817e+02	 9.591783e+02	 
 -1.749470e-03	 -2.714419e+00	 3.498359e+00	 2.519043e-01	 1.137935e+05	 1.139818e+05	 1.883113e+02	 0	 3.323944e+04	 3.709306e-02	 1.292425e+00	 8.532817e+02	 9.591783e+02	 
 -1.749470e-03	 -2.714419e+00	 3.498359e+00	 2.519043e-01	 1.137935e+05	 1.139818e+05	 1.883113e+02	 0	 3.323944e+04	 3.709306e-02	 1.292425e+00	 8.532817e+02	 9.591783e+02	 
 -1.749470e-03	 -2.714419e+00	 3.498359e+00	 2.519043e-01	 1.137935e+05	 1.139818e+05	 1.883113e+02	 0	 3.323944e+04	 3.709306e-02	 1.292425e+00	 8.532817e+02	 9.591783e+02	 
 -1.749470e-03	 -2.714419e+00	 3.498359e+00	 2.519043e-01	 1.137935e+05	 1.139818e+05	 1.883113e+02	 0	 3.323944e+04	 3.709306e-02	 1.292425e+00	 8.532817e+02	 9.591783e+02	 
 -1.749470e-03	 -2.714419e+00	 3.498359e+00	 2.519043e-01	 1.137935e+05	 1.139818e+05	 1.883113e+02	 0	 3.323944e+04	 3.709306e-02	 1.292425e+00	 8.532817e+02	 9.591783e+02	 
 -1.749470e-03	 -2.714419e+00	 3.498359e+00	 2.519043e-01	 1.137935e+05	 1.139818e+05	 1.883113e+02	 0	 3.323944e+04	 3.709306e-02	 1.292425e+00	 8.532817e+02	 9.591783e+02	 
 -1.749470e-03	 -2.714419e+00	 3.498359e+00	 2.519043e-01	 1.137935e+05	 1.139818e+05	 1.883113e+02	 0	 3.323944e+04	 3.709306e-02	 1.292425e+00	 8.532817e+02	 9.591783e+02	 
 -1.749470e-03	 -2.714419e+00	 3.498359e+00	 2.519043e-01	 1.137935e+05	 1.139818e+05	 1.883113e+02	 0	 3.323944e+04	 3.709306e-02	 1.292425e+00	 8.532817e+02	 9.591783e+02	 
 -8.701140e-03	 -6.299865e+00	 3.828459e+00	 2.282031e+00	 1.199031e+05	 1.206270e+05	 7.238651e+02	 0	 9.101913e+04	 1.437855e+00	 1.326955e+00	 7.372540e+02	 8.096963e+02	 
 -8.701140e-03	 -6.299865e+00	 3.828459e+00	 2.282031e+00	 1.199031e+05	 1.206270e+05	 7.238651e+02	 0	 9.101913e+04	 1.437855e+00	 1.326955e+00	 7.372540e+02	 8.096963e+02	 
 -8.701140e-03	 -6.299865e+00	 3.828459e+00	 2.282031e+00	 1.199031e+05	 1.206270e+05	 7.238651e+02	 0	 9.101913e+04	 1.437855e+00	 1.326955e+00	 7.372540e+02	 8.096963e+02	 
 -8.701140e-03	 -6.299865e+00	 3.828459e+00	 2.282031e+00	 1.199031e+05	 1.206270e+05	 7.238651e+02	 0	 9.101913e+04	 1.437855e+00	 1.326955e+00	 7.372540e+02	 8.096963e+02	 
 -8.701140e-03	 -6.299865e+00	 3.828459e+00	 2.282031e+00	 1.199031e+05	 1.206270e+05	 7.238651e+02	 0	 9.101913e+04	 1.437855e+00	 1.326955e+00	 7.372540e+02	 8.096963e+02	 
 -8.701140e-03	 -6.299865e+00	 3.828459e+00	 2.282031e+00	 1.199031e+05	 1.206270e+05	 7.238651e+02	 0	 9.101913e+04	 1.437855e+00	 1.326955e+00	 7.372540e+02	 8.096963e+02	 
 -8.701140e-03	 -6.299865e+00	 3.828459e+00	 2.282031e+00	 1.199031e+05	 1.206270e+05	 7.238651e+02	 0	 9.101913e+04	 1.437855e+00	 1.326955e+00	 7.372540e+02	 8.096963e+02	 
 -8.701140e-03	 -6.299865e+00	 3.828459e+00	 2.282031e+00	 1.199031e+05	 1.206270e+05	 7.238651e+02	 0	 9.101913e+04	 1.437855e+00	 1.326955e+00	 7.372540e+02	 8.096963e+02	 
 -8.701140e-03	 -6.299865e+00	 3.828459e+00	 2.282031e+00	 1.199031e+05	 1.206270e+05	 7.238651e+02	 0	 9.101913e+04	 1.437855e+00	 1.326955e+00	 7.372540e+02	 8.096963e+02	 
 -8.701140e-03	 -6.299865e+00	 3.828459e+00	 2.282031e+00	 1.199031e+05	 1.206270e+05	 7.238651e+02	 0	 9.101913e+04	 1.437855e+00	 1.326955e+00	 7.372540e+02	 8.096963e+02	 
 -8.701140e-03	 -6.299865e+00	 3.828459e+00	 2.282031e+00	 1.199031e+05	 1.206270e+05	 7.238651e+02	 0	 9.101913e+04	 1.437855e+00	 1.326955e+00	 7.372540e+02	 8.096963e+02	 
 -8.701140e-03	 -6.299865e+00	 3.828459e+00	 2.282031e+00	 1.199031e+05	 1.206270e+05	 7.238651e+02	 0	 9.101913e+04	 1.437855e+00	 1.326955e+00	 7.372540e+02	 8.096963e+02	 
 -8.701140e-03	 -6.299865e+00	 3.828459e+00	 2.282031e+00	 1.199031e+05	 1.206270e+05	 7.238651e+02	 0	 9.101913e+04	 1.437855e+00	 1.326955e+00	 7.372540e+02	 8.096963e+02	 
 -8.701140e-03	 -6.299865e+00	 3.828459e+00	 2.282031e+00	 1.199031e+05	 1.206270e+05	 7.238651e+02	 0	 9.101913e+04	 1.437855e+00	 1.326955e+00	 7.372540e+02	 8.096963e+02	 
 -8.701140e-03	 -6.299865e+00	 3.828459e+00	 2.282031e+00	 1.199031e+05	 1.206270e+05	 7.238651e+02	 0	 9.101913e+04	 1.437855e+00	 1.326955e+00	 7.372540e+02	 8.096963e+02	 
 -8.701140e-03	 -6.299865e+00	 3.828459e+00	 2.282031e+00	 1.199031e+05	 1.206270e+05	 7.238651e+02	 0	 9.101913e+04	 1.437855e+00	 1.326955e+00	 7.372540e+02	 8.096963e+02	 
 -8.701140e-03	 -6.299865e+00	 3.828459e+00	 2.282031e+00	 1.199031e+05	 1.206270e+05	 7.238651e+02	 0	 9.101913e+04	 1.437855e+00	 1.326955e+00	 7.372540e+02	 8.096963e+02	 
 -8.701140e-03	 -6.299865e+00	 3.828459e+00	 2.282031e+00	 1.199031e+05	 1.206270e+05	 7.238651e+02	 0	 9.101913e+04	 1.437855e+00	 1.326955e+00	 7.372540e+02	 8.096963e+02	 
 -8.701140e-03	 -6.299865e+00	 3.828459e+00	 2.282031e+00	 1.199031e+05	 1.206270e+05	 7.238651e+02	 0	 9.101913e+04	 1.437855e+00	 1.326955e+00	 7.372540e+02	 8.096963e+02	 
 -8.701140e-03	 -6.299865e+00	 3.828459e+00	 2.282031e+00	 1.199031e+05	 1.206270e+05	 7.238651e+02	 0	 9.101913e+04	 1.437855e+00	 1.326955e+00	 7.372540e+02	 8.096963e+02	 
 -8.701140e-03	 -6.299865e+00	 3.828459e+00	 2.282031e+00	 1.199031e+05	 1.206270e+05	 7.238651e+02	 0	 9.101913e+04	 1.437855e+00	 1.326955e+00	 7.372540e+02	 8.096963e+02	 
 -8.701140e-03	 -6.299865e+00	 3.828459e+00	 2.282031e+00	 1.199031e+05	 1.206270e+05	 7.238651e+02	 0	 9.101913e+04	 1.437855e+00	 1.326955e+00	 7.372540e+02	 8.096963e+02	 
 -8.701140e-03	 -6.299865e+00	 3.828459e+00	 2.282031e+00	 1.199031e+05	 1.206270e+05	 7.238651e+02	 0	 9.101913e+04	 1.437855e+00	 1.326955e+00	 7.372540e+02	 8.096963e+02	 
 -8.701140e-03	 -6.299865e+00	 3.828459e+00	 2.282031e+00	 1.199031e+05	 1.206270e+05	 7.238651e+02	 0	 9.101913e+04	 1.437855e+00	 1.326955e+00	 7.372540e+02	 8.096963e+02	 
 2.601526e-02	 6.078568e-01	 2.405127e-01	 1.765081e-01	 9.823354e+04	 9.569785e+04	 2.535690e+03	 1	 6.108572e+03	 5.161026e-02	 2.116228e+02	 1.164181e+03	 1.242934e+02	 
 2.601526e-02	 6.078568e-01	 2.405127e-01	 1.765081e-01	 9.823354e+04	 9.569785e+04	 2.535690e+03	 1	 6.108572e+03	 5.161026e-02	 2.116228e+02	 1.164181e+03	 1.242934e+02	 
 2.601526e-02	 6.078568e-01	 2.405127e-01	 1.765081e-01	 9.823354e+04	 9.569785e+04	 2.535690e+03	 1	 6.108572e+03	 5.161026e-02	 2.116228e+02	 1.164181e+03	 1.242934e+02	 
 2.601526e-02	 6.078568e-01	 2.405127e-01	 1.765081e-01	 9.823354e+04	 9.569785e+04	 2.535690e+03	 1	 6.108572e+03	 5.161026e-02	 2.116228e+02	 1.164181e+03	 1.242934e+02	 
 2.601526e-02	 6.078568e-01	 2.405127e-01	 1.765081e-01	 9.823354e+04	 9.569785e+04	 2.535690e+03	 1	 6.108572e+03	 5.161026e-02	 2.116228e+02	 1.164181e+03	 1.242934e+02	 
 2.601526e-02	 6.078568e-01	 2.405127e-01	 1.765081e-01	 9.823354e+04	 9.569785e+04	 2.535690e+03	 1	 6.108572e+03	 5.161026e-02	 2.116228e+02	 1.164181e+03	 1.242934e+02	 
 2.001777e-02	 4.953109e-01	 3.770235e-01	 1.650235e-01	 9.778820e+04	 9.569785e+04	 2.090349e+03	 1	 5.914895e+03	 5.825722e-02	 1.984109e+02	 1.007290e+03	 2.434959e+01	 
 2.001777e-02	 4.953109e-01	 3.770235e-01	 1.650235e-01	 9.778820e+04	 9.569785e+04	 2.090349e+03	 1	 5.914895e+03	 5.825722e-02	 1.984109e+02	 1.007290e+03	 2.434959e+01	 
 2.001777e-02	 4.953109e-01	 3.770235e-01	 1.650235e-01	 9.778820e+04	 9.569785e+04	 2.090349e+03	 1	 5.914895e+03	 5.825722e-02	 1.984109e+02	 1.007290e+03	 2.434959e+01	 
 2.001777e-02	 4.953109e-01	 3.770235e-01	 1.650235e-01	 9.778820e+04	 9.569785e+04	 2.090349e+03	 1	 5.914895e+03	 5.825722e-02	 1.984109e+02	 1.007290e+03	 2.434959e+01	 
 2.001777e-02	 4.953109e-01	 3.770235e-01	 1.650235e-01	 9.778820e+04	 9.569785e+04	 2.090349e+03	 1	 5.914895e+03	 5.825722e-02	 1.984109e+02	 1.007290e+03	 2.434959e+01	 
 2.001777e-02	 4.953109e-01	 3.770235e-01	 1.650235e-01	 9.778820e+04	 9.569785e+04	 2.090349e+03	 1	 5.914895e+03	 5.825722e-02	 1.984109e+02	 1.007290e+03	 2.434959e+01	 
 -8.701140e-03	 -6.299865e+00	 3.828459e+00	 2.282031e+00	 1.199031e+05	 1.206270e+05	 7.238651e+02	 0	 9.101913e+04	 1.437855e+00	 1.326955e+00	 7.372540e+02	 8.096963e+02	 
 -8.701140e-03	 -6.299865e+00	 3.828459e+00	 2.282031e+00	 1.199031e+05	 1.206270e+05	 7.238651e+02	 0	 9.101913e+04	 1.437855e+00	 1.326955e+00	 7.372540e+02	 8.096963e+02	 
 -8.701140e-03	 -6.299865e+00	 3.828459e+00	 2.282031e+00	 1.199031e+05	 1.206270e+05	 7.238651e+02	 0	 9.101913e+04	 1.437855e+00	 1.326955e+00	 7.372540e+02	 8.096963e+02	 
 -8.701140e-03	 -6.299865e+00	 3.828459e+00	 2.282031e+00	 1.199031e+05	 1.206270e+05	 7.238651e+02	 0	 9.101913e+04	 1.437855e+00	 1.326955e+00	 7.372540e+02	 8.096963e+02	 
 -8.701140e-03	 -6.299865e+00	 3.828459e+00	 2.282031e+00	 1.199031e+05	 1.206270e+05	 7.238651e+02	 0	 9.101913e+04	 1.437855e+00	 1.326955e+00	 7.372540e+02	 8.096963e+02	 
 -8.701140e-03	 -6.299865e+00	 3.828459e+00	 2.282031e+00	 1.199031e+05	 1.206270e+05	 7.238651e+02	 0	 9.101913e+04	 1.437855e+00	 1.326955e+00	 7.372540e+02	 8.096963e+02	 
 -8.701140e-03	 -6.299865e+00	 3.828459e+00	 2.282031e+00	 1.199031e+05	 1.206270e+05	 7.238651e+02	 0	 9.101913e+04	 1.437855e+00	 1.326955e+00	 7.372540e+02	 8.096963e+02	 
 -8.701140e-03	 -6.299865e+00	 3.828459e+00	 2.282031e+00	 1.199031e+05	 1.206270e+05	 7.238651e+02	 0	 9.101913e+04	 1.437855e+00	 1.326955e+00	 7.372540e+02	 8.096963e+02	 
 -8.701140e-03	 -6.299865e+00	 3.828459e+00	 2.282031e+00	 1.199031e+05	 1.206270e+05	 7.238651e+02	 0	 9.101913e+04	 1.437855e+00	 1.326955e+00	 7.372540e+02	 8.096963e+02	 
 -8.701140e-03	 -6.299865e+00	 3.828459e+00	 2.282031e+00	 1.199031e+05	 1.206270e+05	 7.238651e+02	 0	 9.101913e+04	 1.437855e+00	 1.326955e+00	 7.372540e+02	 8.096963e+02	 
 -8.701140e-03	 -6.299865e+00	 3.828459e+00	 2.282031e+00	 1.199031e+05	 1.206270e+05	 7.238651e+02	 0	 9.101913e+04	 1.437855e+00	 1.326955e+00	 7.372540e+02	 8.096963e+02	 
 -8.701140e-03	 -6.299865e+00	 3.828459e+00	 2.282031e+00	 1.199031e+05	 1.206270e+05	 7.238651e+02	 0	 9.101913e+04	 1.437855e+00	 1.326955e+00	 7.372540e+02	 8.096963e+02	 
 -8.701140e-03	 -6.299865e+00	 3.828459e+00	 2.282031e+00	 1.199031e+05	 1.206270e+05	 7.238651e+02	 0	 9.101913e+04	 1.437855e+00	 1.326955e+00	 7.372540e+02	 8.096963e+02	 
 -8.701140e-03	 -6.299865e+00	 3.828459e+00	 2.282031e+00	 1.199031e+05	 1.206270e+05	 7.238651e+02	 0	 9.101913e+04	 1.437855e+00	 1.326955e+00	 7.372540e+02	 8.096963e+02	 
 -8.701140e-03	 -6.299865e+00	 3.828459e+00	 2.282031e+00	 1.199031e+05	 1.206270e+05	 7.238651e+02	 0	 9.101913e+04	 1.437855e+00	 1.326955e+00	 7.372540e+02	 8.096963e+02	 
 -8.701140e-03	 -6.299865e+00	 3.828459e+00	 2.282031e+00	 1.199031e+05	 1.206270e+05	 7.238651e+02	 0	 9.101913e+04	 1.437855e+00	 1.326955e+00	 7.372540e+02	 8.096963e+02	 
 -8.701140e-03	 -6.299865e+00	 3.828459e+00	 2.282031e+00	 1.199031e+05	 1.206270e+05	 7.238651e+02	 0	 9.101913e+04	 1.437855e+00	 1.326955e+00	 7.372540e+02	 8.096963e+02	 
 -8.701140e-03	 -6.299865e+00	 3.828459e+00	 2.282031e+00	 1.199031e+05	 1.206270e+05	 7.238651e+02	 0	 9.101913e+04	 1.437855e+00	 1.326955e+00	 7.372540e+02	 8.096963e+02	 
 -8.701140e-03	 -6.299865e+00	 3.828459e+00	 2.282031e+00	 1.199031e+05	 1.206270e+05	 7.238651e+02	 0	 9.101913e+04	 1.437855e+00	 1.326955e+00	 7.372540e+02	 8.096963e+02	 
 -8.701140e-03	 -6.299865e+00	 3.828459e+00	 2.282031e+00	 1.199031e+05	 1.206270e+05	 7.238651e+02	 0	 9.101913e+04	 1.437855e+00	 1.326955e+00	 7.372540e+02	 8.096963e+02	 
 -8.701140e-03	 -6.299865e+00	 3.828459e+00	 2.282031e+00	 1.199031e+05	 1.206270e+05	 7.238651e+02	 0	 9.101913e+04	 1.437855e+00	 1.326955e+00	 7.372540e+02	 8.096963e+02	 
 -8.701140e-03	 -6.299865e+00	 3.828459e+00	 2.282031e+00	 1.199031e+05	 1.206270e+05	 7.238651e+02	 0	 9.101913e+04	 1.437855e+00	 1.326955e+00	 7.372540e+02	 8.096963e+02	 
 -8.701140e-03	 -6.299865e+00	 3.828459e+00	 2.282031e+00	 1.199031e+05	 1.206270e+05	 7.238651e+02	 0	 9.101913e+04	 1.437855e+00	 1.326955e+00	 7.372540e+02	 8.096963e+02	 
 -8.701140e-03	 -6.299865e+00	 3.828459e+00	 2.282031e+00	 1.199031e+05	 1.206270e+05	 7.238651e+02	 0	 9.101913e+04	 1.437855e+00	 1.326955e+00	 7.372540e+02	 8.096963e+02	 
 -9.647079e-04	 -1.847617e+00	 3.073015e+00	 -2.822625e-02	 1.003916e+05	 1.005037e+05	 1.120341e+02	 0	 1.207517e+04	 2.009854e-01	 2.273481e+01	 6.373908e+02	 7.059557e+02	 
 -9.647079e-04	 -1.847617e+00	 3.073015e+00	 -2.822625e-02	 1.003916e+05	 1.005037e+05	 1.120341e+02	 0	 1.207517e+04	 2.009854e-01	 2.273481e+01	 6.373908e+02	 7.059557e+02	 
 -9.647079e-04	 -1.847617e+00	 3.073015e+00	 -2.822625e-02	 1.003916e+05	 1.005037e+05	 1.120341e+02	 0	 1.207517e+04	 2.009854e-01	 2.273481e+01	 6.373908e+02	 7.059557e+02	 
 -9.647079e-04	 -1.847617e+00	 3.073015e+00	 -2.822625e-02	 1.003916e+05	 1.005037e+05	 1.120341e+02	 0	 1.207517e+04	 2.009854e-01	 2.273481e+01	 6.373908e+02	 7.059557e+02	 
 -9.647079e-04	 -1.847617e+00	 3.073015e+00	 -2.822625e-02	 1.003916e+05	 1.005037e+05	 1.120341e+02	 0	 1.207517e+04	 2.009854e-01	 2.273481e+01	 6.373908e+02	 7.059557e+02	 
 -9.647079e-04	 -1.847617e+00	 3.073015e+00	 -2.822625e-02	 1.003916e+05	 1.005037e+05	 1.120341e+02	 0	 1.207517e+04	 2.009854e-01	 2.273481e+01	 6.373908e+02	 7.059557e+02	 
 -9.647079e-04	 -1.847617e+00	 3.073015e+00	 -2.822625e-02	 1.003916e+05	 1.005037e+05	 1.120341e+02	 0	 1.207517e+04	 2.009854e-01	 2.273481e+01	 6.373908e+02	 7.059557e+02	 
 -9.647079e-04	 -1.847617e+00	 3.073015e+00	 -2.822625e-02	 1.003916e+05	 1.005037e+05	 1.120341e+02	 0	 1.207517e+04	 2.009854e-01	 2.273481e+01	 6.373908e+02	 7.059557e+02	 
 -9.647079e-04	 -1.847617e+00	 3.073015e+00	 -2.822625e-02	 1.003916e+05	 1.005037e+05	 1.120341e+02	 0	 1.207517e+04	 2.009854e-01	 2.273481e+01	 6.373908e+02	 7.059557e+02	 
 -9.647079e-04	 -1.847617e+00	 3.073015e+00	 -2.822625e-02	 1.003916e+05	 1.005037e+05	 1.120341e+02	 0	 1.207517e+04	 2.009854e-01	 2.273481e+01	 6.373908e+02	 7.059557e+02	 
 -9.647079e-04	 -1.847617e+00	 3.073015e+00	 -2.822625e-02	 1.003916e+05	 1.005037e+05	 1.120341e+02	 0	 1.207517e+04	 2.009854e-01	 2.273481e+01	 6.373908e+02	 7.059557e+02	 
 -9.647079e-04	 -1.847617e+00	 3.073015e+00	 -2.822625e-02	 1.003916e+05	 1.005037e+05	 1.120341e+02	 0	 1.207517e+04	 2.009854e-01	 2.273481e+01	 6.373908e+02	 7.059557e+02	 
 -8.701140e-03	 -6.299865e+00	 3.828459e+00	 2.282031e+00	 1.199031e+05	 1.206270e+05	 7.238651e+02	 0	 9.101913e+04	 1.437855e+00	 1.326955e+00	 7.372540e+02	 8.096963e+02	 
 -8.701140e-03	 -6.299865e+00	 3.828459e+00	 2.282031e+00	 1.199031e+05	 1.206270e+05	 7.238651e+02	 0	 9.101913e+04	 1.437855e+00	 1.326955e+00	 7.372540e+02	 8.096963e+02	 
 -8.701140e-03	 -6.299865e+00	 3.828459e+00	 2.282031e+00	 1.199031e+05	 1.206270e+05	 7.238651e+02	 0	 9.101913e+04	 1.437855e+00	 1.326955e+00	 7.372540e+02	 8.096963e+02	 
 -8.701140e-03	 -6.299865e+00	 3.828459e+00	 2.282031e+00	 1.199031e+05	 1.206270e+05	 7.238651e+02	 0	 9.101913e+04	 1.437855e+00	 1.326955e+00	 7.372540e+02	 8.096963e+02	 
 -8.701140e-03	 -6.299865e+00	 3.828459e+00	 2.282031e+00	 1.199031e+05	 1.206270e+05	 7.238651e+02	 0	 9.101913e+04	 1.437855e+00	 1.326955e+00	 7.372540e+02	 8.096963e+02	 
 -8.701140e-03	 -6.299865e+00	 3.828459e+00	 2.282031e+00	 1.199031e+05	 1.206270e+05	 7.238651e+02	 0	 9.101913e+04	 1.437855e+00	 1.326955e+00	 7.372540e+02	 8.096963e+02	 
 -8.701140e-03	 -6.299865e+00	 3.828459e+00	 2.282031e+00	 1.199031e+05	 1.206270e+05	 7.238651e+02	 0	 9.101913e+04	 1.437855e+00	 1.326955e+00	 7.372540e+02	 8.096963e+02	 
 -8.701140e-03	 -6.299865e+00	 3.828459e+00	 2.282031e+00	 1.199031e+05	 1.206270e+05	 7.238651e+02	 0	 9.101913e+04	 1.437855e+00	 1.326955e+00	 7.372540e+02	 8.096963e+02	 
 -8.701140e-03	 -6.299865e+00	 3.828459e+00	 2.282031e+00	 1.199031e+05	 1.206270e+05	 7.238651e+02	 0	 9.101913e+04	 1.437855e+00	 1.326955e+00	 7.372540e+02	 8.096963e+02	 
 -8.701140e-03	 -6.299865e+00	 3.828459e+00	 2.282031e+00	 1.199031e+05	 1.206270e+05	 7.238651e+02	 0	 9.101913e+04	 1.437855e+00	 1.326955e+00	 7.372540e+02	 8.096963e+02	 
 -8.701140e-03	 -6.299865e+00	 3.828459e+00	 2.282031e+00	 1.199031e+05	 1.206270e+05	 7.238651e+02	 0	 9.101913e+04	 1.437855e+00	 1.326955e+00	 7.372540e+02	 8.096963e+02	 
 -8.701140e-03	 -6.299865e+00	 3.828459e+00	 2.282031e+00	 1.199031e+05	 1.206270e+05	 7.238651e+02	 0	 9.101913e+04	 1.437855e+00	 1.326955e+00	 7.372540e+02	 8.096963e+02	 
 -8.701140e-03	 -6.299865e+00	 3.828459e+00	 2.282031e+00	 1.199031e+05	 1.206270e+05	 7.238651e+02	 0	 9.101913e+04	 1.437855e+00	 1.326955e+00	 7.372540e+02	 8.096963e+02	 
 -8.701140e-03	 -6.299865e+00	 3.828459e+00	 2.282031e+00	 1.199031e+05	 1.206270e+05	 7.238651e+02	 0	 9.101913e+04	 1.437855e+00	 1.326955e+00	 7.372540e+02	 8.096963e+02	 
 -8.701140e-03	 -6.299865e+00	 3.828459e+00	 2.282031e+00	 1.199031e+05	 1.206270e+05	 7.238651e+02	 0	 9.101913e+04	 1.437855e+00	 1.326955e+00	 7.372540e+02	 8.096963e+02	 
 -8.701140e-03	 -6.299865e+00	 3.828459e+00	 2.282031e+00	 1.199031e+05	 1.206270e+05	 7.238651e+02	 0	 9.101913e+04	 1.437855e+00	 1.326955e+00	 7.372540e+02	 8.096963e+02	 
 -8.701140e-03	 -6.299865e+00	 3.828459e+00	 2.282031e+00	 1.199031e+05	 1.206270e+05	 7.238651e+02	 0	 9.101913e+04	 1.437855e+00	 1.326955e+00	 7.372540e+02	 8.096963e+02	 
 -8.701140e-03	 -6.299865e+00	 3.828459e+00	 2.282031e+00	 1.199031e+05	 1.206270e+05	 7.238651e+02	 0	 9.101913e+04	 1.437855e+00	 1.326955e+00	 7.372540e+02	 8.096963e+02	 
 