1.980001e-02	 1.980001e-02	 1.980001e-02	 7.264840e-09	 7.264840e-09	 7.264840e-09	 
 1.980001e-02	 1.980001e-02	 1.980001e-02	 7.264840e-09	 7.264840e-09	 7.264840e-09	 
 1.980001e-02	 1.980001e-02	 1.980001e-02	 7.264840e-09	 7.264840e-09	 7.264840e-09	 
 1.980001e-02	 1.980001e-02	 1.980001e-02	 7.264840e-09	 7.264840e-09	 7.264840e-09	 
 1.980001e-02	 1.980001e-02	 1.980001e-02	 7.264840e-09	 7.264840e-09	 7.264840e-09	 
 1.980001e-02	 1.980001e-02	 1.980001e-02	 7.264840e-09	 7.264840e-09	 7.264840e-09	 
 1.980001e-02	 1.980001e-02	 1.980001e-02	 7.264840e-09	 7.264840e-09	 7.264840e-09	 
 1.980001e-02	 1.980001e-02	 1.980001e-02	 7.264840e-09	 7.264840e-09	 7.264840e-09	 
 1.980001e-02	 1.980001e-02	 1.980001e-02	 7.264840e-09	 7.264840e-09	 7.264840e-09	 
 1.980001e-02	 1.980001e-02	 1.980001e-02	 7.264840e-09	 7.264840e-09	 7.264840e-09	 
 1.980001e-02	 1.980001e-02	 1.980001e-02	 7.264840e-09	 7.264840e-09	 7.264840e-09	 
 1.980001e-02	 1.980001e-02	 1.980001e-02	 7.264840e-09	 7.264840e-09	 7.264840e-09	 
 1.980001e-02	 1.980001e-02	 1.980001e-02	 7.264840e-09	 7.264840e-09	 7.264840e-09	 
 1.980001e-02	 1.980001e-02	 1.980001e-02	 7.264840e-09	 7.264840e-09	 7.264840e-09	 
 1.980001e-02	 1.980001e-02	 1.980001e-02	 7.264840e-09	 7.264840e-09	 7.264840e-09	 
 1.980001e-02	 1.980001e-02	 1.980001e-02	 7.264840e-09	 7.264840e-09	 7.264840e-09	 
 1.980001e-02	 1.980001e-02	 1.980001e-02	 7.264840e-09	 7.264840e-09	 7.264840e-09	 
 1.980001e-02	 1.980001e-02	 1.980001e-02	 7.264840e-09	 7.264840e-09	 7.264840e-09	 
 1.980001e-02	 1.980001e-02	 1.980001e-02	 7.264840e-09	 7.264840e-09	 7.264840e-09	 
 1.980001e-02	 1.980001e-02	 1.980001e-02	 7.264840e-09	 7.264840e-09	 7.264840e-09	 
 1.881002e-02	 3.836986e-01	 5.655936e-04	 7.264840e-09	 3.105338e-07	 7.264840e-09	 
 1.881002e-02	 2.084210e-02	 1.870842e-02	 7.264840e-09	 7.264840e-09	 7.264840e-09	 
 1.881002e-02	 2.084210e-02	 1.860681e-02	 7.264840e-09	 7.264840e-09	 7.264840e-09	 
 1.881002e-02	 2.084210e-02	 1.850521e-02	 7.264840e-09	 7.264840e-09	 7.264840e-09	 
 1.881002e-02	 2.084210e-02	 1.840361e-02	 7.264840e-09	 7.264840e-09	 7.264840e-09	 
 1.881002e-02	 2.084210e-02	 1.830200e-02	 7.264840e-09	 7.264840e-09	 7.264840e-09	 
 1.881002e-02	 2.084210e-02	 1.820040e-02	 7.264840e-09	 7.264840e-09	 7.264840e-09	 
 1.881002e-02	 2.084210e-02	 1.809879e-02	 7.264840e-09	 7.264840e-09	 7.264840e-09	 
 1.881002e-02	 2.084210e-02	 1.799719e-02	 7.264840e-09	 7.264840e-09	 7.264840e-09	 
 1.881002e-02	 2.084210e-02	 1.789559e-02	 7.264840e-09	 7.264840e-09	 7.264840e-09	 
 1.881002e-02	 2.084210e-02	 1.779398e-02	 7.264840e-09	 7.264840e-09	 7.264840e-09	 
 1.881002e-02	 2.084210e-02	 1.769238e-02	 7.264840e-09	 7.264840e-09	 7.264840e-09	 
 1.881002e-02	 2.084210e-02	 1.759077e-02	 7.264840e-09	 7.264840e-09	 7.264840e-09	 
 1.881002e-02	 2.084210e-02	 1.748917e-02	 7.264840e-09	 7.264840e-09	 7.264840e-09	 
 1.881002e-02	 2.084210e-02	 1.738757e-02	 7.264840e-09	 7.264840e-09	 7.264840e-09	 
 1.881002e-02	 2.084210e-02	 1.728596e-02	 7.264840e-09	 7.264840e-09	 7.264840e-09	 
 1.881002e-02	 2.084210e-02	 1.718436e-02	 7.264840e-09	 7.264840e-09	 7.264840e-09	 
 1.881002e-02	 2.084210e-02	 1.708275e-02	 7.264840e-09	 7.264840e-09	 7.264840e-09	 
 1.881002e-02	 2.084210e-02	 1.698115e-02	 7.264840e-09	 7.264840e-09	 7.264840e-09	 
 1.881002e-02	 2.084210e-02	 1.687955e-02	 7.264840e-09	 7.264840e-09	 7.264840e-09	 
 1.881002e-02	 2.084210e-02	 1.677794e-02	 7.264840e-09	 7.264840e-09	 7.264840e-09	 
 2.084210e-02	 5.486672e-02	 1.914087e-02	 7.264840e-09	 4.101702e-10	 7.264840e-09	 
 2.084210e-02	 5.486672e-02	 1.743964e-02	 7.264840e-09	 4.101702e-10	 7.264840e-09	 
 2.084210e-02	 5.486672e-02	 1.573841e-02	 7.264840e-09	 4.101702e-10	 7.264840e-09	 
 2.084210e-02	 5.486672e-02	 1.403718e-02	 7.264840e-09	 4.101702e-10	 7.264840e-09	 
 2.084210e-02	 5.486672e-02	 1.233595e-02	 7.264840e-09	 4.101702e-10	 7.264840e-09	 
 2.084210e-02	 5.486672e-02	 1.063472e-02	 7.264840e-09	 4.101702e-10	 7.264840e-09	 
 2.084210e-02	 5.486672e-02	 8.933484e-03	 7.264840e-09	 4.101702e-10	 7.264840e-09	 
 2.084210e-02	 5.486672e-02	 7.232253e-03	 7.264840e-09	 4.101702e-10	 7.264840e-09	 
 2.084210e-02	 5.486672e-02	 5.531022e-03	 7.264840e-09	 4.101702e-10	 7.264840e-09	 
 2.084210e-02	 5.486672e-02	 3.829791e-03	 7.264840e-09	 4.101702e-10	 7.264840e-09	 
 2.084210e-02	 5.486672e-02	 2.128560e-03	 7.264840e-09	 4.101702e-10	 7.264840e-09	 
 2.084210e-02	 5.486672e-02	 4.273287e-04	 7.264840e-09	 4.101702e-10	 7.264840e-09	 
 2.084210e-02	 3.836986e-01	 2.699277e-03	 7.264840e-09	 3.105338e-07	 7.264840e-09	 
 2.084210e-02	 3.836986e-01	 2.699277e-03	 7.264840e-09	 3.105338e-07	 7.264840e-09	 
 2.084210e-02	 2.084210e-02	 2.084210e-02	 7.264840e-09	 7.264840e-09	 7.264840e-09	 
 2.084210e-02	 2.084210e-02	 2.084210e-02	 7.264840e-09	 7.264840e-09	 7.264840e-09	 
 2.084210e-02	 2.084210e-02	 2.084210e-02	 7.264840e-09	 7.264840e-09	 7.264840e-09	 
 2.084210e-02	 2.084210e-02	 2.084210e-02	 7.264840e-09	 7.264840e-09	 7.264840e-09	 
 2.084210e-02	 2.084210e-02	 2.084210e-02	 7.264840e-09	 7.264840e-09	 7.264840e-09	 
 2.084210e-02	 2.084210e-02	 2.084210e-02	 7.264840e-09	 7.264840e-09	 7.264840e-09	 
 2.084210e-02	 2.084210e-02	 2.084210e-02	 7.264840e-09	 7.264840e-09	 7.264840e-09	 
 2.084210e-02	 2.084210e-02	 2.084210e-02	 7.264840e-09	 7.264840e-09	 7.264840e-09	 
 2.084210e-02	 2.084210e-02	 2.084210e-02	 7.264840e-09	 7.264840e-09	 7.264840e-09	 
 2.084210e-02	 2.084210e-02	 2.084210e-02	 7.264840e-09	 7.264840e-09	 7.264840e-09	 
 2.084210e-02	 2.084210e-02	 2.084210e-02	 7.264840e-09	 7.264840e-09	 7.264840e-09	 
 2.084210e-02	 2.084210e-02	 2.084210e-02	 7.264840e-09	 7.264840e-09	 7.264840e-09	 
 2.084210e-02	 2.084210e-02	 2.084210e-02	 7.264840e-09	 7.264840e-09	 7.264840e-09	 
 2.084210e-02	 2.084210e-02	 2.084210e-02	 7.264840e-09	 7.264840e-09	 7.264840e-09	 
 2.084210e-02	 2.084210e-02	 2.084210e-02	 7.264840e-09	 7.264840e-09	 7.264840e-09	 
 2.084210e-02	 2.084210e-02	 2.084210e-02	 7.264840e-09	 7.264840e-09	 7.264840e-09	 
 2.084210e-02	 2.084210e-02	 2.084210e-02	 7.264840e-09	 7.264840e-09	 7.264840e-09	 
 2.084210e-02	 2.084210e-02	 2.084210e-02	 7.264840e-09	 7.264840e-09	 7.264840e-09	 
 2.084210e-02	 2.084210e-02	 2.084210e-02	 7.264840e-09	 7.264840e-09	 7.264840e-09	 
 2.084210e-02	 2.084210e-02	 2.084210e-02	 7.264840e-09	 7.264840e-09	 7.264840e-09	 
 