minimo	maximo	maximTot	minimTot	
4.394538e+02	 4.497415e+03	 5.757000e+02	 6.897000e+02	 
 4.871872e+01	 7.979569e+03	 6.200000e+00	 3.940000e+01	 
 5.827899e+02	 4.497415e+03	 1.166900e+03	 1.990000e+03	 
 6.052185e+02	 8.156644e+03	 9.871000e+02	 2.021300e+03	 
 4.693155e+02	 4.497415e+03	 5.757000e+02	 843	 
 4.134582e+02	 7.979570e+03	 1.440000e+01	 1.564800e+03	 
 8.659929e+02	 7.979570e+03	 1.186300e+03	 2.092400e+03	 
 7.553613e+02	 7.979570e+03	 1.187900e+03	 2.092400e+03	 
 4.245229e+02	 4.497415e+03	 5.757000e+02	 1.081700e+03	 
 5.425701e+02	 7.979570e+03	 5.800000e+00	 2.636700e+03	 
 7.869703e+02	 7.979570e+03	 1.143800e+03	 2.092400e+03	 
 7.790681e+02	 7.979570e+03	 1.166900e+03	 2.092400e+03	 
 5.798037e+02	 4.497415e+03	 5.757000e+02	 9.112000e+02	 
 4.286992e+01	 7.979570e+03	 5.800000e+00	 3.940000e+01	 
 4.647175e+00	 7.979570e+03	 9.871000e+02	 2.092400e+03	 
 7.316546e+02	 7.979570e+03	 1.166900e+03	 2.092400e+03	 
 5.578050e+02	 7.979570e+03	 6.381000e+02	 1.397500e+03	 
 1.831982e+01	 4.497415e+03	 6.200000e+00	 2.110000e+01	 
 4.155644e+02	 4.497415e+03	 9.871000e+02	 2.092400e+03	 
 1.111336e+01	 9.217697e+03	 1.166900e+03	 1.922500e+03	 
 4.215367e+02	 4.497415e+03	 5.757000e+02	 1.081700e+03	 
 1.157337e+02	 7.979570e+03	 5.800000e+00	 1.043500e+03	 
 8.027748e+02	 7.979570e+03	 1.166900e+03	 2.092400e+03	 
 8.106771e+02	 7.979570e+03	 1.166900e+03	 2.092400e+03	 
 1.335547e+01	 9.217697e+03	 6.381000e+02	 1.290300e+03	 
 3.953334e+02	 7.979570e+03	 1.390000e+01	 1.564800e+03	 
 6.007069e+02	 4.497415e+03	 1.166900e+03	 1.586300e+03	 
 9.924289e+02	 7.979570e+03	 1.187900e+03	 2.092400e+03	 
 6.634164e+02	 4.497415e+03	 6.634000e+02	 1.033500e+03	 
 8.501883e+02	 7.979570e+03	 2.640000e+01	 2.005600e+03	 
 4.543846e+02	 4.509750e+03	 1.071200e+03	 2.092400e+03	 
 4.424399e+02	 4.497415e+03	 1.166900e+03	 1.659600e+03	 
 4.424399e+02	 4.497415e+03	 5.757000e+02	 7.377000e+02	 
 2.426413e+01	 4.497415e+03	 1.020000e+01	 2.410000e+01	 
 4.787824e+02	 9.205829e+03	 1.289600e+03	 2.857800e+03	 
 5.815117e+02	 7.979570e+03	 1.166900e+03	 2.219100e+03	 
 5.578050e+02	 7.979570e+03	 686	 1.397500e+03	 
 5.755385e+01	 7.979570e+03	 1.020000e+01	 2.626000e+02	 
 6.052185e+02	 8.156644e+03	 9.871000e+02	 2.021300e+03	 
 5.973162e+02	 7.979570e+03	 1.166900e+03	 2.092400e+03	 
 5.736095e+02	 7.979570e+03	 686	 1.397500e+03	 
 5.340982e+02	 7.979570e+03	 686	 1.397500e+03	 
 5.024892e+02	 7.979570e+03	 686	 1.341900e+03	 
 4.945869e+02	 7.979570e+03	 686	 1.397500e+03	 
 4.629779e+02	 7.979570e+03	 686	 1.397500e+03	 
 4.429993e+02	 7.979570e+03	 6.801000e+02	 1.397500e+03	 
 4.541832e+02	 7.979570e+03	 6.659000e+02	 1.397500e+03	 
 4.674804e+02	 7.979570e+03	 686	 1.397500e+03	 
 4.860660e+02	 7.979570e+03	 6.634000e+02	 1.397500e+03	 
 4.944242e+02	 7.979570e+03	 6.795000e+02	 1.397500e+03	 
 5.087100e+02	 7.979570e+03	 6.536000e+02	 1.397500e+03	 
 5.238646e+02	 7.979570e+03	 6.357000e+02	 1.397500e+03	 
 5.401903e+02	 7.979570e+03	 6.188000e+02	 1.397500e+03	 
 5.499027e+02	 7.979570e+03	 6.391000e+02	 1.397500e+03	 
 5.499027e+02	 7.979570e+03	 6.275000e+02	 1.397500e+03	 
 5.499027e+02	 7.979570e+03	 6.429000e+02	 1.397500e+03	 
 5.578050e+02	 7.979570e+03	 6.119000e+02	 1.397500e+03	 
 5.499027e+02	 7.979570e+03	 6.256000e+02	 1.397500e+03	 
 5.499027e+02	 7.979570e+03	 6.138000e+02	 1.397500e+03	 
 5.499027e+02	 7.979570e+03	 6.212000e+02	 1.397500e+03	 
 5.499027e+02	 7.979570e+03	 5.757000e+02	 1.397500e+03	 
 5.499027e+02	 7.979570e+03	 6.264000e+02	 1.397500e+03	 
 5.499027e+02	 7.979570e+03	 6.110000e+02	 1.397500e+03	 
 5.499027e+02	 7.979570e+03	 6.666000e+02	 1.397500e+03	 
 5.499027e+02	 7.979570e+03	 6.002000e+02	 1.397500e+03	 
 5.578050e+02	 7.979570e+03	 6.504000e+02	 1.397500e+03	 
 5.499027e+02	 7.979570e+03	 6.505000e+02	 1.397500e+03	 
 5.578050e+02	 7.979570e+03	 6.681000e+02	 1.397500e+03	 
 5.578050e+02	 7.979570e+03	 641	 1.397500e+03	 
 5.578050e+02	 7.979570e+03	 6.661000e+02	 1.397500e+03	 
 5.578050e+02	 7.979570e+03	 6.381000e+02	 1.397500e+03	 
 5.578050e+02	 7.979570e+03	 6.665000e+02	 1.397500e+03	 
 5.657072e+02	 7.979570e+03	 7.284000e+02	 1.397500e+03	 
 5.736095e+02	 7.979570e+03	 686	 1.397500e+03	 
 5.815117e+02	 7.979570e+03	 686	 1.397500e+03	 
 5.894140e+02	 7.979570e+03	 686	 1.397500e+03	 
 5.973162e+02	 7.979570e+03	 686	 1.397500e+03	 
 5.973162e+02	 7.979570e+03	 686	 1.397500e+03	 
 5.894140e+02	 7.979570e+03	 686	 1.397500e+03	 
 5.736095e+02	 7.979570e+03	 686	 1.397500e+03	 
 5.340982e+02	 7.979570e+03	 686	 1.397500e+03	 
 5.024892e+02	 7.979570e+03	 686	 1.341900e+03	 
 4.945869e+02	 7.979570e+03	 686	 1.397500e+03	 
 4.629779e+02	 7.979570e+03	 686	 1.397500e+03	 
 3.223396e+02	 7.979570e+03	 686	 1.397500e+03	 
 3.296957e+02	 7.979570e+03	 686	 1.397500e+03	 
 3.300484e+02	 7.979570e+03	 686	 1.397500e+03	 
 3.414429e+02	 7.979570e+03	 686	 1.397500e+03	 
 3.470010e+02	 7.979570e+03	 686	 1.397500e+03	 
 3.550673e+02	 7.979570e+03	 686	 1.397500e+03	 
 3.608276e+02	 7.979570e+03	 686	 1.397500e+03	 
 3.690123e+02	 7.979570e+03	 686	 1.397500e+03	 
 3.757581e+02	 7.979570e+03	 686	 1.397500e+03	 
 3.848480e+02	 7.979570e+03	 686	 1.397500e+03	 
 3.928291e+02	 7.979570e+03	 686	 1.397500e+03	 
 4.015266e+02	 7.979570e+03	 686	 1.397500e+03	 
 4.113161e+02	 7.979570e+03	 686	 1.397500e+03	 
 4.212738e+02	 7.979570e+03	 686	 1.397500e+03	 
 4.314745e+02	 7.979570e+03	 6.823000e+02	 1.397500e+03	 
 4.429993e+02	 7.979570e+03	 6.801000e+02	 1.397500e+03	 
 4.541832e+02	 7.979570e+03	 6.659000e+02	 1.397500e+03	 
 4.674804e+02	 7.979570e+03	 686	 1.397500e+03	 
 4.860660e+02	 7.979570e+03	 6.634000e+02	 1.397500e+03	 
 4.944242e+02	 7.979570e+03	 6.795000e+02	 1.397500e+03	 
 5.087100e+02	 7.979570e+03	 6.536000e+02	 1.397500e+03	 
 5.238646e+02	 7.979570e+03	 6.357000e+02	 1.397500e+03	 
 5.401903e+02	 7.979570e+03	 6.188000e+02	 1.397500e+03	 
 5.499027e+02	 7.979570e+03	 6.391000e+02	 1.397500e+03	 
 5.499027e+02	 7.979570e+03	 6.275000e+02	 1.397500e+03	 
 5.499027e+02	 7.979570e+03	 6.429000e+02	 1.397500e+03	 
 5.578050e+02	 7.979570e+03	 6.119000e+02	 1.397500e+03	 
 5.499027e+02	 7.979570e+03	 6.256000e+02	 1.397500e+03	 
 5.499027e+02	 7.979570e+03	 6.138000e+02	 1.397500e+03	 
 5.499027e+02	 7.979570e+03	 6.212000e+02	 1.397500e+03	 
 5.499027e+02	 7.979570e+03	 5.757000e+02	 1.397500e+03	 
 5.657072e+02	 7.979570e+03	 7.284000e+02	 1.397500e+03	 
 5.736095e+02	 7.979570e+03	 686	 1.397500e+03	 
 5.815117e+02	 7.979570e+03	 686	 1.397500e+03	 
 5.894140e+02	 7.979570e+03	 686	 1.397500e+03	 
 5.973162e+02	 7.979570e+03	 686	 1.397500e+03	 
 5.973162e+02	 7.979570e+03	 686	 1.397500e+03	 
 5.894140e+02	 7.979570e+03	 686	 1.397500e+03	 
 5.736095e+02	 7.979570e+03	 686	 1.397500e+03	 
 5.340982e+02	 7.979570e+03	 686	 1.397500e+03	 
 5.024892e+02	 7.979570e+03	 686	 1.341900e+03	 
 4.945869e+02	 7.979570e+03	 686	 1.397500e+03	 
 4.629779e+02	 7.979570e+03	 686	 1.397500e+03	 
 2.883245e+02	 7.979570e+03	 686	 1.397500e+03	 
 2.911198e+02	 7.979570e+03	 686	 1.397500e+03	 
 2.962948e+02	 7.979570e+03	 686	 1.397500e+03	 
 3.001583e+02	 7.979570e+03	 686	 1.397500e+03	 
 3.069748e+02	 7.979570e+03	 686	 1.397500e+03	 
 3.108376e+02	 7.979570e+03	 686	 1.397500e+03	 
 3.177846e+02	 7.979570e+03	 686	 1.397500e+03	 
 3.223396e+02	 7.979570e+03	 686	 1.397500e+03	 
 3.296957e+02	 7.979570e+03	 686	 1.397500e+03	 
 3.300484e+02	 7.979570e+03	 686	 1.397500e+03	 
 3.414429e+02	 7.979570e+03	 686	 1.397500e+03	 
 3.470010e+02	 7.979570e+03	 686	 1.397500e+03	 
 3.550673e+02	 7.979570e+03	 686	 1.397500e+03	 
 3.608276e+02	 7.979570e+03	 686	 1.397500e+03	 
 3.690123e+02	 7.979570e+03	 686	 1.397500e+03	 
 3.757581e+02	 7.979570e+03	 686	 1.397500e+03	 
 3.848480e+02	 7.979570e+03	 686	 1.397500e+03	 
 3.928291e+02	 7.979570e+03	 686	 1.397500e+03	 
 4.015266e+02	 7.979570e+03	 686	 1.397500e+03	 
 4.113161e+02	 7.979570e+03	 686	 1.397500e+03	 
 4.212738e+02	 7.979570e+03	 686	 1.397500e+03	 
 4.314745e+02	 7.979570e+03	 6.823000e+02	 1.397500e+03	 
 4.429993e+02	 7.979570e+03	 6.801000e+02	 1.397500e+03	 
 4.541832e+02	 7.979570e+03	 6.659000e+02	 1.397500e+03	 
 4.674804e+02	 7.979570e+03	 686	 1.397500e+03	 
 4.860660e+02	 7.979570e+03	 6.634000e+02	 1.397500e+03	 
 4.944242e+02	 7.979570e+03	 6.795000e+02	 1.397500e+03	 
 5.894140e+02	 7.979570e+03	 686	 1.397500e+03	 
 5.973162e+02	 7.979570e+03	 686	 1.397500e+03	 
 5.973162e+02	 7.979570e+03	 686	 1.397500e+03	 
 5.894140e+02	 7.979570e+03	 686	 1.397500e+03	 
 5.736095e+02	 7.979570e+03	 686	 1.397500e+03	 
 5.340982e+02	 7.979570e+03	 686	 1.397500e+03	 
 5.024892e+02	 7.979570e+03	 686	 1.341900e+03	 
 4.945869e+02	 7.979570e+03	 686	 1.397500e+03	 
 4.629779e+02	 7.979570e+03	 686	 1.397500e+03	 
 4.015266e+02	 7.979570e+03	 686	 1.397500e+03	 
 4.113161e+02	 7.979570e+03	 686	 1.397500e+03	 
 4.212738e+02	 7.979570e+03	 686	 1.397500e+03	 
 4.314745e+02	 7.979570e+03	 6.823000e+02	 1.397500e+03	 
 4.429993e+02	 7.979570e+03	 6.801000e+02	 1.397500e+03	 
 4.541832e+02	 7.979570e+03	 6.659000e+02	 1.397500e+03	 
 4.674804e+02	 7.979570e+03	 686	 1.397500e+03	 
 4.860660e+02	 7.979570e+03	 6.634000e+02	 1.397500e+03	 
 4.944242e+02	 7.979570e+03	 6.795000e+02	 1.397500e+03	 
 5.087100e+02	 7.979570e+03	 6.536000e+02	 1.397500e+03	 
 5.238646e+02	 7.979570e+03	 6.357000e+02	 1.397500e+03	 
 5.401903e+02	 7.979570e+03	 6.188000e+02	 1.397500e+03	 
 5.499027e+02	 7.979570e+03	 6.391000e+02	 1.397500e+03	 
 5.499027e+02	 7.979570e+03	 6.275000e+02	 1.397500e+03	 
 5.499027e+02	 7.979570e+03	 6.429000e+02	 1.397500e+03	 
 5.578050e+02	 7.979570e+03	 6.119000e+02	 1.397500e+03	 
 5.499027e+02	 7.979570e+03	 6.256000e+02	 1.397500e+03	 
 5.499027e+02	 7.979570e+03	 6.138000e+02	 1.397500e+03	 
 5.499027e+02	 7.979570e+03	 6.212000e+02	 1.397500e+03	 
 5.499027e+02	 7.979570e+03	 5.757000e+02	 1.397500e+03	 
 5.499027e+02	 7.979570e+03	 6.264000e+02	 1.397500e+03	 
 5.499027e+02	 7.979570e+03	 6.110000e+02	 1.397500e+03	 
 5.499027e+02	 7.979570e+03	 6.666000e+02	 1.397500e+03	 
 5.499027e+02	 7.979570e+03	 6.002000e+02	 1.397500e+03	 
 5.578050e+02	 7.979570e+03	 6.504000e+02	 1.397500e+03	 
 5.499027e+02	 7.979570e+03	 6.505000e+02	 1.397500e+03	 
 5.578050e+02	 7.979570e+03	 6.681000e+02	 1.397500e+03	 
 5.578050e+02	 7.979570e+03	 641	 1.397500e+03	 
 5.578050e+02	 7.979570e+03	 6.661000e+02	 1.397500e+03	 
 5.578050e+02	 7.979570e+03	 6.381000e+02	 1.397500e+03	 
 5.578050e+02	 7.979570e+03	 6.665000e+02	 1.397500e+03	 
 5.024892e+02	 7.979570e+03	 686	 1.341900e+03	 
 4.945869e+02	 7.979570e+03	 686	 1.397500e+03	 
 4.629779e+02	 7.979570e+03	 686	 1.397500e+03	 
 5.578050e+02	 7.979570e+03	 6.681000e+02	 1.397500e+03	 
 5.578050e+02	 7.979570e+03	 641	 1.397500e+03	 
 5.578050e+02	 7.979570e+03	 6.661000e+02	 1.397500e+03	 
 5.578050e+02	 7.979570e+03	 6.381000e+02	 1.397500e+03	 
 5.578050e+02	 7.979570e+03	 6.665000e+02	 1.397500e+03	 
 5.736095e+02	 7.979570e+03	 686	 1.397500e+03	 
 5.340982e+02	 7.979570e+03	 686	 1.397500e+03	 
 5.024892e+02	 7.979570e+03	 686	 1.341900e+03	 
 4.945869e+02	 7.979570e+03	 686	 1.397500e+03	 
 4.629779e+02	 7.979570e+03	 686	 1.397500e+03	 
 4.429993e+02	 7.979570e+03	 6.801000e+02	 1.397500e+03	 
 4.541832e+02	 7.979570e+03	 6.659000e+02	 1.397500e+03	 
 4.674804e+02	 7.979570e+03	 686	 1.397500e+03	 
 4.860660e+02	 7.979570e+03	 6.634000e+02	 1.397500e+03	 
 4.944242e+02	 7.979570e+03	 6.795000e+02	 1.397500e+03	 
 5.087100e+02	 7.979570e+03	 6.536000e+02	 1.397500e+03	 
 5.238646e+02	 7.979570e+03	 6.357000e+02	 1.397500e+03	 
 5.401903e+02	 7.979570e+03	 6.188000e+02	 1.397500e+03	 
 5.499027e+02	 7.979570e+03	 6.391000e+02	 1.397500e+03	 
 5.499027e+02	 7.979570e+03	 6.275000e+02	 1.397500e+03	 
 5.499027e+02	 7.979570e+03	 6.429000e+02	 1.397500e+03	 
 5.578050e+02	 7.979570e+03	 6.119000e+02	 1.397500e+03	 
 5.499027e+02	 7.979570e+03	 6.256000e+02	 1.397500e+03	 
 5.499027e+02	 7.979570e+03	 6.138000e+02	 1.397500e+03	 
 5.499027e+02	 7.979570e+03	 6.212000e+02	 1.397500e+03	 
 5.499027e+02	 7.979570e+03	 5.757000e+02	 1.397500e+03	 
 5.499027e+02	 7.979570e+03	 6.264000e+02	 1.397500e+03	 
 5.499027e+02	 7.979570e+03	 6.110000e+02	 1.397500e+03	 
 5.499027e+02	 7.979570e+03	 6.666000e+02	 1.397500e+03	 
 5.499027e+02	 7.979570e+03	 6.002000e+02	 1.397500e+03	 
 5.578050e+02	 7.979570e+03	 6.504000e+02	 1.397500e+03	 
 5.499027e+02	 7.979570e+03	 6.505000e+02	 1.397500e+03	 
 5.578050e+02	 7.979570e+03	 6.681000e+02	 1.397500e+03	 
 5.578050e+02	 7.979570e+03	 641	 1.397500e+03	 
 5.578050e+02	 7.979570e+03	 6.661000e+02	 1.397500e+03	 
 5.578050e+02	 7.979570e+03	 6.381000e+02	 1.397500e+03	 
 5.578050e+02	 7.979570e+03	 6.665000e+02	 1.397500e+03	 
 5.736095e+02	 7.979570e+03	 686	 1.397500e+03	 
 5.340982e+02	 7.979570e+03	 686	 1.397500e+03	 
 5.024892e+02	 7.979570e+03	 686	 1.341900e+03	 
 4.945869e+02	 7.979570e+03	 686	 1.397500e+03	 
 4.629779e+02	 7.979570e+03	 686	 1.397500e+03	 
 4.429993e+02	 7.979570e+03	 6.801000e+02	 1.397500e+03	 
 4.541832e+02	 7.979570e+03	 6.659000e+02	 1.397500e+03	 
 4.674804e+02	 7.979570e+03	 686	 1.397500e+03	 
 4.860660e+02	 7.979570e+03	 6.634000e+02	 1.397500e+03	 
 4.944242e+02	 7.979570e+03	 6.795000e+02	 1.397500e+03	 
 5.087100e+02	 7.979570e+03	 6.536000e+02	 1.397500e+03	 
 5.238646e+02	 7.979570e+03	 6.357000e+02	 1.397500e+03	 
 5.401903e+02	 7.979570e+03	 6.188000e+02	 1.397500e+03	 
 5.499027e+02	 7.979570e+03	 6.391000e+02	 1.397500e+03	 
 5.499027e+02	 7.979570e+03	 6.275000e+02	 1.397500e+03	 
 5.499027e+02	 7.979570e+03	 6.429000e+02	 1.397500e+03	 
 5.578050e+02	 7.979570e+03	 6.119000e+02	 1.397500e+03	 
 5.499027e+02	 7.979570e+03	 6.256000e+02	 1.397500e+03	 
 5.499027e+02	 7.979570e+03	 6.138000e+02	 1.397500e+03	 
 5.499027e+02	 7.979570e+03	 6.212000e+02	 1.397500e+03	 
 5.499027e+02	 7.979570e+03	 5.757000e+02	 1.397500e+03	 
 5.499027e+02	 7.979570e+03	 6.264000e+02	 1.397500e+03	 
 5.499027e+02	 7.979570e+03	 6.110000e+02	 1.397500e+03	 
 5.499027e+02	 7.979570e+03	 6.666000e+02	 1.397500e+03	 
 5.499027e+02	 7.979570e+03	 6.002000e+02	 1.397500e+03	 
 5.578050e+02	 7.979570e+03	 6.504000e+02	 1.397500e+03	 
 5.499027e+02	 7.979570e+03	 6.505000e+02	 1.397500e+03	 
 5.578050e+02	 7.979570e+03	 6.681000e+02	 1.397500e+03	 
 5.578050e+02	 7.979570e+03	 641	 1.397500e+03	 
 5.578050e+02	 7.979570e+03	 6.661000e+02	 1.397500e+03	 
 5.578050e+02	 7.979570e+03	 6.381000e+02	 1.397500e+03	 
 5.578050e+02	 7.979570e+03	 6.665000e+02	 1.397500e+03	 
 5.657072e+02	 7.979570e+03	 7.284000e+02	 1.397500e+03	 
 5.736095e+02	 7.979570e+03	 686	 1.397500e+03	 
 5.815117e+02	 7.979570e+03	 686	 1.397500e+03	 
 5.894140e+02	 7.979570e+03	 686	 1.397500e+03	 
 5.973162e+02	 7.979570e+03	 686	 1.397500e+03	 
 5.973162e+02	 7.979570e+03	 686	 1.397500e+03	 
 5.894140e+02	 7.979570e+03	 686	 1.397500e+03	 
 5.736095e+02	 7.979570e+03	 686	 1.397500e+03	 
 5.340982e+02	 7.979570e+03	 686	 1.397500e+03	 
 5.024892e+02	 7.979570e+03	 686	 1.341900e+03	 
 4.945869e+02	 7.979570e+03	 686	 1.397500e+03	 
 4.629779e+02	 7.979570e+03	 686	 1.397500e+03	 
 3.223396e+02	 7.979570e+03	 686	 1.397500e+03	 
 3.296957e+02	 7.979570e+03	 686	 1.397500e+03	 
 3.300484e+02	 7.979570e+03	 686	 1.397500e+03	 
 3.414429e+02	 7.979570e+03	 686	 1.397500e+03	 
 3.470010e+02	 7.979570e+03	 686	 1.397500e+03	 
 3.550673e+02	 7.979570e+03	 686	 1.397500e+03	 
 3.608276e+02	 7.979570e+03	 686	 1.397500e+03	 
 3.690123e+02	 7.979570e+03	 686	 1.397500e+03	 
 3.757581e+02	 7.979570e+03	 686	 1.397500e+03	 
 3.848480e+02	 7.979570e+03	 686	 1.397500e+03	 
 3.928291e+02	 7.979570e+03	 686	 1.397500e+03	 
 4.015266e+02	 7.979570e+03	 686	 1.397500e+03	 
 4.113161e+02	 7.979570e+03	 686	 1.397500e+03	 
 4.212738e+02	 7.979570e+03	 686	 1.397500e+03	 
 4.314745e+02	 7.979570e+03	 6.823000e+02	 1.397500e+03	 
 4.429993e+02	 7.979570e+03	 6.801000e+02	 1.397500e+03	 
 4.541832e+02	 7.979570e+03	 6.659000e+02	 1.397500e+03	 
 4.674804e+02	 7.979570e+03	 686	 1.397500e+03	 
 4.860660e+02	 7.979570e+03	 6.634000e+02	 1.397500e+03	 
 4.944242e+02	 7.979570e+03	 6.795000e+02	 1.397500e+03	 
 5.087100e+02	 7.979570e+03	 6.536000e+02	 1.397500e+03	 
 5.238646e+02	 7.979570e+03	 6.357000e+02	 1.397500e+03	 
 5.401903e+02	 7.979570e+03	 6.188000e+02	 1.397500e+03	 
 5.499027e+02	 7.979570e+03	 6.391000e+02	 1.397500e+03	 
 5.499027e+02	 7.979570e+03	 6.275000e+02	 1.397500e+03	 
 5.499027e+02	 7.979570e+03	 6.429000e+02	 1.397500e+03	 
 5.578050e+02	 7.979570e+03	 6.119000e+02	 1.397500e+03	 
 5.499027e+02	 7.979570e+03	 6.256000e+02	 1.397500e+03	 
 5.499027e+02	 7.979570e+03	 6.138000e+02	 1.397500e+03	 
 5.499027e+02	 7.979570e+03	 6.212000e+02	 1.397500e+03	 
 5.499027e+02	 7.979570e+03	 5.757000e+02	 1.397500e+03	 
 