3.818356e-01	 3.249774e-01	 2.923147e-01	 8.723222e-04	 1.741727e+03	 9.634205e+00	 
 3.457839e-01	 3.163653e-01	 3.362632e-01	 1.587647e-03	 3.639306e+02	 8.203848e+00	 
 3.993510e-01	 1.718544e-01	 4.275741e-01	 1.220505e-03	 2.062607e+01	 6.997931e+00	 
 3.980487e-01	 1.900430e-01	 4.107601e-01	 1.148185e-03	 3.625654e+01	 7.266523e+00	 
 3.992095e-01	 1.743057e-01	 4.252713e-01	 1.213425e-03	 1.700103e+01	 6.983376e+00	 
 3.982910e-01	 1.834094e-01	 4.171433e-01	 1.156311e-03	 3.442718e+01	 7.515131e+00	 
 3.986882e-01	 1.769882e-01	 4.231467e-01	 1.176939e-03	 2.936258e+01	 7.570656e+00	 
 3.985622e-01	 1.790510e-01	 4.212164e-01	 1.170437e-03	 2.709445e+01	 7.550980e+00	 
 3.989560e-01	 1.723436e-01	 4.275101e-01	 1.190326e-03	 3.554789e+01	 7.625138e+00	 
 3.980689e-01	 1.869669e-01	 4.138195e-01	 1.144718e-03	 4.301691e+01	 7.490001e+00	 
 