-2.490347e-01	 5.940934e-01	 8.294010e-01	 1.034599e-05	 4.300788e+04	 4.303050e+04	 2.262253e+01	 0	 1.527855e+04	 1.748555e-01	 9.569267e+01	 1.741727e+03	 2.039184e+03	 
 1.128443e-01	 9.114754e-01	 7.888350e-02	 5.701486e-05	 7.218101e+04	 7.221250e+04	 3.149371e+01	 1	 3.654987e+03	 1.034079e-01	 1.798635e+02	 3.639306e+02	 4.787302e+02	 
 1.320876e-01	 4.924926e-01	 4.569213e-01	 7.987676e-05	 8.234010e+04	 8.246040e+04	 1.202987e+02	 1	 2.014459e+03	 8.163277e-02	 3.587314e+02	 1.055854e+03	 9.108710e+02	 
 6.479323e-01	 -1.812405e-02	 2.615152e-01	 1.025649e-03	 7.222547e+04	 7.388310e+04	 1.657630e+03	 0	 1.918902e+05	 1.131406e-01	 1.083476e-01	 3.834028e+02	 2.985272e+02	 
 2.669697e-01	 1.088493e+00	 -2.783885e-01	 -6.362225e-05	 6.299067e+04	 6.283120e+04	 1.594707e+02	 0	 4.670547e+04	 7.742717e-02	 7.286781e+01	 8.772849e+02	 8.630711e+02	 
 1.021328e-02	 2.050898e-01	 8.789071e-01	 4.060594e-04	 6.850354e+04	 6.889610e+04	 3.925647e+02	 1	 1.990287e+03	 9.464749e-02	 6.684639e+02	 9.513548e+02	 1.084378e+03	 
 6.181537e-01	 1.133970e+00	 -7.895197e-01	 -9.283883e-05	 5.879680e+04	 5.869890e+04	 9.790423e+01	 0	 2.799340e+05	 4.060103e-02	 3.858150e-02	 1.947332e+02	 2.324220e+02	 
 2.350302e-01	 5.457400e-01	 2.853647e-01	 -1.143753e-05	 4.029379e+04	 4.027440e+04	 1.938886e+01	 0	 1.195784e+03	 6.615504e-02	 4.321379e+02	 4.576029e+02	 4.487954e+02	 
 1.111309e-02	 7.639840e-01	 3.714518e-01	 -1.781210e-05	 4.372252e+04	 4.368980e+04	 3.271952e+01	 0	 7.701665e+03	 1.468123e-01	 1.203694e+02	 3.035009e+02	 3.524751e+02	 
 1.338605e-01	 4.892132e-01	 4.573601e-01	 1.043221e-04	 8.892569e+04	 8.912220e+04	 1.965052e+02	 1	 1.688094e+03	 8.057159e-02	 4.908831e+02	 1.540521e+03	 1.934774e+03	 
 1.549049e-01	 4.908866e-01	 4.298046e-01	 1.132184e-04	 8.904208e+04	 8.912220e+04	 8.011974e+01	 1	 7.011423e+02	 7.574685e-02	 4.861492e+02	 5.217540e+02	 4.860453e+02	 
 1.478215e-01	 4.909123e-01	 4.392371e-01	 1.066774e-04	 8.906173e+04	 8.912220e+04	 6.046689e+01	 1	 6.681457e+02	 7.811324e-02	 4.912371e+02	 7.390570e+02	 3.845918e+02	 
 1.292221e-01	 5.232791e-01	 4.311841e-01	 1.286877e-04	 8.908335e+04	 8.912220e+04	 3.884717e+01	 1	 5.834357e+02	 8.384466e-02	 4.861730e+02	 2.922749e+03	 3.102513e+01	 
 1.549049e-01	 4.908866e-01	 4.298046e-01	 1.132184e-04	 8.904208e+04	 8.912220e+04	 8.011974e+01	 1	 7.011423e+02	 7.574685e-02	 4.861492e+02	 5.217540e+02	 4.860453e+02	 
 1.081880e-01	 9.223634e-01	 7.468002e-02	 2.696059e-05	 7.220222e+04	 7.221250e+04	 1.027792e+01	 1	 3.119357e+03	 1.053695e-01	 1.737559e+02	 6.296189e+02	 5.365668e+02	 
 1.084083e-01	 9.229744e-01	 7.382302e-02	 2.643252e-05	 7.220412e+04	 7.221250e+04	 8.375139e+00	 1	 3.109763e+03	 1.053439e-01	 1.740391e+02	 4.434137e+02	 4.503982e+02	 
 1.549049e-01	 4.908866e-01	 4.298046e-01	 1.132184e-04	 8.904208e+04	 8.912220e+04	 8.011974e+01	 1	 7.011423e+02	 7.574685e-02	 4.861492e+02	 5.217540e+02	 4.860453e+02	 
 6.053649e-02	 6.147537e-01	 4.175680e-01	 1.661353e-05	 5.868581e+04	 5.869890e+04	 1.308794e+01	 1	 3.701584e+04	 9.372506e-02	 8.703338e+01	 6.925341e+01	 3.190099e+01	 
 2.164378e-02	 6.103623e-01	 4.717397e-01	 1.894174e-05	 5.869251e+04	 5.869890e+04	 6.394442e+00	 1	 2.750038e+04	 1.049596e-01	 7.737756e+01	 3.274721e+03	 2.872963e+02	 
 1.549049e-01	 4.908866e-01	 4.298046e-01	 1.132184e-04	 8.904208e+04	 8.912220e+04	 8.011974e+01	 1	 7.011423e+02	 7.574685e-02	 4.861492e+02	 5.217540e+02	 4.860453e+02	 
 1.081880e-01	 9.223634e-01	 7.468002e-02	 2.696059e-05	 7.220222e+04	 7.221250e+04	 1.027792e+01	 1	 3.119357e+03	 1.053695e-01	 1.737559e+02	 6.296189e+02	 5.365668e+02	 
 1.083125e-01	 9.233291e-01	 7.360117e-02	 2.704041e-05	 7.220423e+04	 7.221250e+04	 8.267410e+00	 1	 3.038398e+03	 1.053807e-01	 1.736314e+02	 4.689427e+02	 4.637198e+02	 
 1.549049e-01	 4.908866e-01	 4.298046e-01	 1.132184e-04	 8.904208e+04	 8.912220e+04	 8.011974e+01	 1	 7.011423e+02	 7.574685e-02	 4.861492e+02	 5.217540e+02	 4.860453e+02	 
 8.557506e-02	 2.290033e-01	 7.623130e-01	 4.600207e-04	 6.868019e+04	 6.889610e+04	 2.159125e+02	 1	 1.083891e+03	 7.739060e-02	 3.820387e+02	 6.503367e+02	 7.295395e+02	 
 4.155752e-02	 2.645972e-01	 7.869553e-01	 3.515791e-04	 6.879727e+04	 6.889610e+04	 9.883087e+01	 1	 9.198987e+02	 9.349201e-02	 6.317686e+02	 2.176518e+03	 1.698992e+02	 
 1.549049e-01	 4.908866e-01	 4.298046e-01	 1.132184e-04	 8.904208e+04	 8.912220e+04	 8.011974e+01	 1	 7.011423e+02	 7.574685e-02	 4.861492e+02	 5.217540e+02	 4.860453e+02	 
 1.484278e-01	 4.898572e-01	 4.394997e-01	 1.059599e-04	 8.906103e+04	 8.912220e+04	 6.117169e+01	 1	 6.785792e+02	 7.792643e-02	 4.910305e+02	 7.209602e+02	 3.719640e+02	 
 1.292221e-01	 5.232790e-01	 4.311841e-01	 1.354605e-04	 8.908423e+04	 8.912220e+04	 3.797077e+01	 1	 5.542676e+02	 8.385144e-02	 4.863221e+02	 2.844187e+03	 3.102458e+01	 
 1.549049e-01	 4.908866e-01	 4.298046e-01	 1.132184e-04	 8.904208e+04	 8.912220e+04	 8.011974e+01	 1	 7.011423e+02	 7.574685e-02	 4.861492e+02	 5.217540e+02	 4.860453e+02	 
 1.549049e-01	 4.908866e-01	 4.298046e-01	 1.132184e-04	 8.904208e+04	 8.912220e+04	 8.011974e+01	 1	 7.011423e+02	 7.574685e-02	 4.861492e+02	 5.217540e+02	 4.860453e+02	 
 1.472326e-01	 4.919370e-01	 4.389822e-01	 1.033003e-04	 8.906189e+04	 8.912220e+04	 6.030973e+01	 1	 6.845366e+02	 7.829062e-02	 4.914016e+02	 7.550989e+02	 3.982109e+02	 
 1.549049e-01	 4.908866e-01	 4.298046e-01	 1.132184e-04	 8.904208e+04	 8.912220e+04	 8.011974e+01	 1	 7.011423e+02	 7.574685e-02	 4.861492e+02	 5.217540e+02	 4.860453e+02	 
 6.053649e-02	 6.147537e-01	 4.175680e-01	 1.661353e-05	 5.868581e+04	 5.869890e+04	 1.308794e+01	 1	 3.701584e+04	 9.372506e-02	 8.703338e+01	 6.925341e+01	 3.190099e+01	 
 2.164964e-02	 6.103696e-01	 4.717238e-01	 2.183788e-05	 5.869265e+04	 5.869890e+04	 6.245626e+00	 1	 2.402541e+04	 1.048594e-01	 7.737754e+01	 2.697251e+03	 2.304434e+02	 
 1.549049e-01	 4.908866e-01	 4.298046e-01	 1.132184e-04	 8.904208e+04	 8.912220e+04	 8.011974e+01	 1	 7.011423e+02	 7.574685e-02	 4.861492e+02	 5.217540e+02	 4.860453e+02	 
 8.557506e-02	 2.290033e-01	 7.623130e-01	 4.600207e-04	 6.868019e+04	 6.889610e+04	 2.159125e+02	 1	 1.083891e+03	 7.739060e-02	 3.820387e+02	 6.503367e+02	 7.295395e+02	 
 4.151394e-02	 2.637631e-01	 7.878076e-01	 3.859335e-04	 6.880104e+04	 6.889610e+04	 9.506116e+01	 1	 8.374781e+02	 9.350094e-02	 6.320692e+02	 2.080989e+03	 1.707682e+02	 
 1.549049e-01	 4.908866e-01	 4.298046e-01	 1.132184e-04	 8.904208e+04	 8.912220e+04	 8.011974e+01	 1	 7.011423e+02	 7.574685e-02	 4.861492e+02	 5.217540e+02	 4.860453e+02	 
 6.053649e-02	 6.147537e-01	 4.175680e-01	 1.661353e-05	 5.868581e+04	 5.869890e+04	 1.308794e+01	 1	 3.701584e+04	 9.372506e-02	 8.703338e+01	 6.925341e+01	 3.190099e+01	 
 2.165788e-02	 6.103801e-01	 4.717011e-01	 2.074613e-05	 5.869245e+04	 5.869890e+04	 6.447428e+00	 1	 2.544358e+04	 1.049002e-01	 7.738078e+01	 3.009844e+03	 2.656626e+02	 
 