1.260504e-03	 2.338398e-02	 9.424531e-01	 1.180499e-01	 8.272914e+01	 7.132236e+00	 
 1.262759e-03	 2.340895e-02	 9.424228e-01	 1.180524e-01	 8.289972e+01	 7.132382e+00	 
 1.262759e-03	 2.340895e-02	 9.424228e-01	 1.180524e-01	 8.289972e+01	 7.132382e+00	 
 1.168713e-03	 2.051293e-02	 9.459150e-01	 1.177609e-01	 7.759523e+01	 7.113279e+00	 
 1.402172e-03	 2.495256e-02	 9.405493e-01	 1.182081e-01	 9.344579e+01	 7.142176e+00	 
 1.309555e-03	 2.524809e-02	 9.402192e-01	 1.182351e-01	 8.570976e+01	 7.146206e+00	 
 3.086270e-02	 3.338730e-01	 7.013734e-01	 6.134144e-02	 2.076779e+03	 8.341892e+00	 
 3.008635e-02	 3.603995e-01	 6.826598e-01	 5.659917e-02	 2.039909e+03	 8.374373e+00	 
 2.970724e-02	 3.339202e-01	 7.113140e-01	 5.529971e-02	 1.971628e+03	 8.328212e+00	 
 3.069777e-02	 3.180400e-01	 7.351289e-01	 5.050054e-02	 2.049342e+03	 8.287769e+00	 
 3.069777e-02	 3.180400e-01	 7.351289e-01	 5.050054e-02	 2.049342e+03	 8.287769e+00	 
 3.138587e-02	 3.427000e-01	 7.009668e-01	 5.590897e-02	 2.104981e+03	 8.344582e+00	 
 1.841473e-03	 3.211465e-02	 9.527734e-01	 1.061669e-01	 1.804032e+02	 8.627491e+00	 
 1.878865e-03	 3.399337e-02	 9.562211e-01	 1.028827e-01	 1.846167e+02	 8.609806e+00	 
 1.572787e-03	 6.535357e-02	 9.617351e-01	 7.993609e-02	 1.500892e+02	 8.433592e+00	 
 1.287049e-03	 8.027816e-02	 9.649198e-01	 6.872289e-02	 1.243344e+02	 8.337402e+00	 
 1.883666e-03	 3.709388e-02	 9.528612e-01	 1.029707e-01	 1.806368e+02	 8.604351e+00	 
 1.859992e-03	 3.253520e-02	 9.569445e-01	 1.033063e-01	 1.768981e+02	 8.616505e+00	 
 6.543985e-04	 1.464745e-01	 9.891478e-01	 1.262491e-02	 5.934955e+01	 7.808681e+00	 
 6.006122e-04	 1.564557e-01	 9.898845e-01	 5.945693e-03	 5.334907e+01	 7.743291e+00	 
 6.348632e-04	 1.492550e-01	 9.910843e-01	 9.692943e-03	 5.575247e+01	 7.785123e+00	 
 6.364983e-04	 1.497415e-01	 9.912033e-01	 9.330902e-03	 5.780227e+01	 7.779842e+00	 
 6.167024e-04	 1.529526e-01	 9.905093e-01	 7.743547e-03	 5.445277e+01	 7.763091e+00	 
 6.279330e-04	 1.480320e-01	 9.898194e-01	 1.124569e-02	 5.687312e+01	 7.795906e+00	 
 5.947083e-04	 1.276734e-01	 9.997910e-01	 1.781035e-02	 4.894268e+01	 7.911115e+00	 
 6.096246e-04	 1.304497e-01	 1.002432e+00	 1.446198e-02	 5.087190e+01	 7.882050e+00	 
 6.246082e-04	 1.369949e-01	 1.000820e+00	 1.134755e-02	 5.036633e+01	 7.842249e+00	 
 5.925659e-04	 1.349791e-01	 1.000906e+00	 1.256430e-02	 4.817958e+01	 7.855561e+00	 
 6.059590e-04	 1.401629e-01	 1.000466e+00	 9.592735e-03	 4.894805e+01	 7.820847e+00	 
 6.063254e-04	 1.317286e-01	 9.997299e-01	 1.532205e-02	 5.089475e+01	 7.880424e+00	 
 4.507780e-04	 1.488625e-01	 1.001659e+00	 3.471513e-03	 3.627099e+01	 7.758006e+00	 
 4.637915e-04	 1.511256e-01	 1.002510e+00	 1.539852e-03	 3.800035e+01	 7.740326e+00	 
 4.614578e-04	 1.517661e-01	 1.000495e+00	 2.376359e-03	 3.803573e+01	 7.741742e+00	 
 4.637915e-04	 1.511256e-01	 1.002510e+00	 1.539852e-03	 3.800035e+01	 7.740326e+00	 
 4.676801e-04	 1.539567e-01	 1.001483e+00	 3.961616e-04	 3.771822e+01	 7.727255e+00	 
 4.596212e-04	 1.500526e-01	 1.001391e+00	 2.894746e-03	 3.752517e+01	 7.750379e+00	 
 6.293060e-04	 1.485144e-01	 9.898056e-01	 1.095238e-02	 5.693953e+01	 7.792840e+00	 
 6.191528e-04	 1.548547e-01	 9.893676e-01	 7.258926e-03	 5.513346e+01	 7.754756e+00	 
 6.513767e-04	 1.560310e-01	 9.898347e-01	 6.225584e-03	 5.708237e+01	 7.747032e+00	 
 6.293060e-04	 1.485144e-01	 9.898056e-01	 1.095238e-02	 5.693953e+01	 7.792840e+00	 
 5.875339e-04	 1.488669e-01	 9.929278e-01	 8.818431e-03	 5.200359e+01	 7.780673e+00	 
 5.996424e-04	 1.474304e-01	 9.898534e-01	 1.159815e-02	 5.339575e+01	 7.800444e+00	 
 6.372591e-04	 1.500072e-01	 9.911975e-01	 9.168279e-03	 5.783965e+01	 7.778177e+00	 
 6.151477e-04	 1.541192e-01	 9.885794e-01	 8.200568e-03	 5.465689e+01	 7.762107e+00	 
 6.348632e-04	 1.492550e-01	 9.910843e-01	 9.692943e-03	 5.575247e+01	 7.785123e+00	 
 6.348632e-04	 1.492550e-01	 9.910843e-01	 9.692943e-03	 5.575247e+01	 7.785123e+00	 
 6.535962e-04	 1.462060e-01	 9.891564e-01	 1.278766e-02	 5.930932e+01	 7.810414e+00	 
 6.317268e-04	 1.500389e-01	 9.890315e-01	 1.047696e-02	 5.743824e+01	 7.785420e+00	 
 5.844192e-04	 1.509792e-01	 9.892621e-01	 9.750914e-03	 5.234865e+01	 7.778992e+00	 
 6.208250e-04	 1.443494e-01	 9.911956e-01	 1.269343e-02	 5.510593e+01	 7.816639e+00	 
 6.293060e-04	 1.485144e-01	 9.898056e-01	 1.095238e-02	 5.693953e+01	 7.792840e+00	 
 5.983606e-04	 1.486121e-01	 9.880163e-01	 1.198881e-02	 5.361953e+01	 7.798875e+00	 
 6.012357e-04	 1.463678e-01	 9.916825e-01	 1.113817e-02	 5.322653e+01	 7.801429e+00	 
 6.372591e-04	 1.500072e-01	 9.911975e-01	 9.168279e-03	 5.783965e+01	 7.778177e+00	 
 6.150165e-04	 1.334012e-01	 1.001202e+00	 1.337559e-02	 5.174185e+01	 7.863747e+00	 
 6.150165e-04	 1.334012e-01	 1.001202e+00	 1.337559e-02	 5.174185e+01	 7.863747e+00	 
 6.115195e-04	 1.310808e-01	 1.002452e+00	 1.405505e-02	 5.094762e+01	 7.877510e+00	 
 6.150165e-04	 1.334012e-01	 1.001202e+00	 1.337559e-02	 5.174185e+01	 7.863747e+00	 
 5.840836e-04	 1.395294e-01	 1.001897e+00	 9.121357e-03	 4.768524e+01	 7.820022e+00	 
 6.186830e-04	 1.322662e-01	 1.003883e+00	 1.243811e-02	 5.170939e+01	 7.864522e+00	 
 6.342670e-04	 1.585782e-01	 9.912525e-01	 3.770902e-03	 5.556486e+01	 7.727248e+00	 
 6.167024e-04	 1.529526e-01	 9.905093e-01	 7.743547e-03	 5.445277e+01	 7.763091e+00	 
 6.167024e-04	 1.529526e-01	 9.905093e-01	 7.743547e-03	 5.445277e+01	 7.763091e+00	 
 6.172596e-04	 1.620276e-01	 9.905904e-01	 2.029732e-03	 5.440071e+01	 7.709508e+00	 
 6.317268e-04	 1.500389e-01	 9.890315e-01	 1.047696e-02	 5.743824e+01	 7.785420e+00	 
 6.543985e-04	 1.464745e-01	 9.891478e-01	 1.262491e-02	 5.934955e+01	 7.808681e+00	 
 6.191264e-04	 1.454519e-01	 9.893084e-01	 1.316409e-02	 5.527551e+01	 7.815558e+00	 
 6.364983e-04	 1.497415e-01	 9.912033e-01	 9.330902e-03	 5.780227e+01	 7.779842e+00	 
 6.286011e-04	 1.482667e-01	 9.898127e-01	 1.110295e-02	 5.690544e+01	 7.794413e+00	 
 6.317268e-04	 1.500389e-01	 9.890315e-01	 1.047696e-02	 5.743824e+01	 7.785420e+00	 
 6.513767e-04	 1.560310e-01	 9.898347e-01	 6.225584e-03	 5.708237e+01	 7.747032e+00	 
 6.293060e-04	 1.485144e-01	 9.898056e-01	 1.095238e-02	 5.693953e+01	 7.792840e+00	 
 6.172596e-04	 1.620276e-01	 9.905904e-01	 2.029732e-03	 5.440071e+01	 7.709508e+00	 
 5.875339e-04	 1.488669e-01	 9.929278e-01	 8.818431e-03	 5.200359e+01	 7.780673e+00	 
 6.151477e-04	 1.541192e-01	 9.885794e-01	 8.200568e-03	 5.465689e+01	 7.762107e+00	 
 6.317268e-04	 1.500389e-01	 9.890315e-01	 1.047696e-02	 5.743824e+01	 7.785420e+00	 
 6.167982e-04	 1.436800e-01	 9.903933e-01	 1.360234e-02	 5.462821e+01	 7.824090e+00	 
 6.034476e-04	 1.481048e-01	 9.906298e-01	 1.070195e-02	 5.385228e+01	 7.793185e+00	 
 6.364983e-04	 1.497415e-01	 9.912033e-01	 9.330902e-03	 5.780227e+01	 7.779842e+00	 
 5.875339e-04	 1.488669e-01	 9.929278e-01	 8.818431e-03	 5.200359e+01	 7.780673e+00	 
 6.330871e-04	 1.503687e-01	 9.891549e-01	 1.018261e-02	 5.592409e+01	 7.784296e+00	 
 6.528359e-04	 1.459515e-01	 9.891645e-01	 1.294191e-02	 5.927115e+01	 7.812059e+00	 
 5.996424e-04	 1.474304e-01	 9.898534e-01	 1.159815e-02	 5.339575e+01	 7.800444e+00	 
 6.543985e-04	 1.464745e-01	 9.891478e-01	 1.262491e-02	 5.934955e+01	 7.808681e+00	 
 6.286011e-04	 1.482667e-01	 9.898127e-01	 1.110295e-02	 5.690544e+01	 7.794413e+00	 
 6.543985e-04	 1.464745e-01	 9.891478e-01	 1.262491e-02	 5.934955e+01	 7.808681e+00	 
 6.167024e-04	 1.529526e-01	 9.905093e-01	 7.743547e-03	 5.445277e+01	 7.763091e+00	 
 5.896459e-04	 1.505731e-01	 9.919036e-01	 8.383847e-03	 5.261067e+01	 7.772723e+00	 
 5.844192e-04	 1.509792e-01	 9.892621e-01	 9.750914e-03	 5.234865e+01	 7.778992e+00	 
 6.372591e-04	 1.500072e-01	 9.911975e-01	 9.168279e-03	 5.783965e+01	 7.778177e+00	 
 6.209412e-04	 1.537211e-01	 9.913547e-01	 6.746341e-03	 5.495451e+01	 7.755362e+00	 
 6.167024e-04	 1.529526e-01	 9.905093e-01	 7.743547e-03	 5.445277e+01	 7.763091e+00	 
 6.543985e-04	 1.464745e-01	 9.891478e-01	 1.262491e-02	 5.934955e+01	 7.808681e+00	 
 6.543985e-04	 1.464745e-01	 9.891478e-01	 1.262491e-02	 5.934955e+01	 7.808681e+00	 
 5.983606e-04	 1.486121e-01	 9.880163e-01	 1.198881e-02	 5.361953e+01	 7.798875e+00	 
 6.302706e-04	 1.495256e-01	 9.890478e-01	 1.078796e-02	 5.736695e+01	 7.788638e+00	 
 6.076866e-04	 1.324952e-01	 9.993954e-01	 1.504913e-02	 5.112392e+01	 7.875762e+00	 
 6.117579e-04	 1.325054e-01	 1.000921e+00	 1.409414e-02	 4.977502e+01	 7.873400e+00	 
 5.778644e-04	 1.387002e-01	 1.000225e+00	 1.066469e-02	 4.719022e+01	 7.830833e+00	 
 6.274126e-04	 1.275820e-01	 1.000406e+00	 1.748906e-02	 5.241203e+01	 7.909062e+00	 
 6.274126e-04	 1.275820e-01	 1.000406e+00	 1.748906e-02	 5.241203e+01	 7.909062e+00	 
 6.076866e-04	 1.324952e-01	 9.993954e-01	 1.504913e-02	 5.112392e+01	 7.875762e+00	 
 4.596446e-04	 1.538358e-01	 1.001081e+00	 7.181300e-04	 3.681232e+01	 7.729472e+00	 
 4.471629e-04	 1.508183e-01	 1.001063e+00	 2.618137e-03	 3.618746e+01	 7.746984e+00	 
 4.521886e-04	 1.487933e-01	 9.986626e-01	 5.351428e-03	 3.664020e+01	 7.766883e+00	 
 4.795921e-04	 1.484782e-01	 1.000920e+00	 4.162905e-03	 3.940819e+01	 7.761535e+00	 
 4.615202e-04	 1.520186e-01	 1.000249e+00	 2.370756e-03	 3.816312e+01	 7.740706e+00	 
 4.603850e-04	 1.506559e-01	 1.001140e+00	 2.672394e-03	 3.767559e+01	 7.747190e+00	 
 6.348632e-04	 1.492550e-01	 9.910843e-01	 9.692943e-03	 5.575247e+01	 7.785123e+00	 
 6.317268e-04	 1.500389e-01	 9.890315e-01	 1.047696e-02	 5.743824e+01	 7.785420e+00	 
 6.342670e-04	 1.585782e-01	 9.912525e-01	 3.770902e-03	 5.556486e+01	 7.727248e+00	 
 6.528359e-04	 1.459515e-01	 9.891645e-01	 1.294191e-02	 5.927115e+01	 7.812059e+00	 
 6.543985e-04	 1.464745e-01	 9.891478e-01	 1.262491e-02	 5.934955e+01	 7.808681e+00	 
 6.543985e-04	 1.464745e-01	 9.891478e-01	 1.262491e-02	 5.934955e+01	 7.808681e+00	 
 6.351868e-04	 1.284261e-01	 1.002303e+00	 1.579855e-02	 5.305498e+01	 7.897307e+00	 
 6.265843e-04	 1.269835e-01	 1.000772e+00	 1.763721e-02	 5.218854e+01	 7.912568e+00	 
 6.509591e-04	 1.244883e-01	 1.000569e+00	 1.931366e-02	 5.431835e+01	 7.931518e+00	 
 6.183941e-04	 1.253909e-01	 9.995535e-01	 1.937513e-02	 5.096698e+01	 7.928610e+00	 
 5.832023e-04	 1.311355e-01	 1.000809e+00	 1.502821e-02	 4.789935e+01	 7.882838e+00	 
 5.978984e-04	 1.281394e-01	 9.997879e-01	 1.752005e-02	 4.913006e+01	 7.907837e+00	 
 4.562942e-04	 1.489769e-01	 1.000469e+00	 4.128044e-03	 3.682787e+01	 7.760611e+00	 
 4.562942e-04	 1.489769e-01	 1.000469e+00	 4.128044e-03	 3.682787e+01	 7.760611e+00	 
 4.539660e-04	 1.469748e-01	 1.001417e+00	 4.794890e-03	 3.628166e+01	 7.771395e+00	 
 4.437451e-04	 1.480894e-01	 1.001918e+00	 3.792606e-03	 3.516217e+01	 7.763183e+00	 
 4.730493e-04	 1.448821e-01	 1.001216e+00	 6.219964e-03	 3.794058e+01	 7.785784e+00	 
 4.730493e-04	 1.448821e-01	 1.001216e+00	 6.219964e-03	 3.794058e+01	 7.785784e+00	 
 