1.663157e-03	 1.125740e-01	 1.039017e+00	 3.249192e-03	 1.027485e+02	 8.147150e+00	 
 1.568693e-03	 1.045783e-01	 1.037042e+00	 9.478515e-03	 9.737664e+01	 8.102362e+00	 
 1.525367e-03	 1.009111e-01	 1.036137e+00	 1.233559e-02	 9.491282e+01	 8.081238e+00	 
 1.504587e-03	 9.915220e-02	 1.035702e+00	 1.370595e-02	 9.373117e+01	 8.070972e+00	 
 1.494406e-03	 9.829045e-02	 1.035489e+00	 1.437733e-02	 9.315211e+01	 8.065910e+00	 
 1.489366e-03	 9.786387e-02	 1.035384e+00	 1.470967e-02	 9.286555e+01	 8.063396e+00	 
 1.486858e-03	 9.765163e-02	 1.035332e+00	 1.487502e-02	 9.272297e+01	 8.062144e+00	 
 1.485608e-03	 9.754576e-02	 1.035306e+00	 1.495751e-02	 9.265184e+01	 8.061518e+00	 
 1.484983e-03	 9.749289e-02	 1.035292e+00	 1.499870e-02	 9.261629e+01	 8.061206e+00	 
 1.484671e-03	 9.746646e-02	 1.035286e+00	 1.501929e-02	 9.259861e+01	 8.061050e+00	 
 1.421196e-03	 3.757196e-02	 9.471310e-01	 1.062821e-01	 9.190472e+01	 7.295472e+00	 
 1.338357e-03	 3.006774e-02	 9.446147e-01	 1.125316e-01	 8.722024e+01	 7.210087e+00	 
 1.300443e-03	 2.663326e-02	 9.434630e-01	 1.153919e-01	 8.507626e+01	 7.170092e+00	 
 1.282275e-03	 2.498742e-02	 9.429112e-01	 1.167625e-01	 8.404884e+01	 7.150789e+00	 
 1.273377e-03	 2.418135e-02	 9.426409e-01	 1.174338e-01	 8.354566e+01	 7.141313e+00	 
 1.268972e-03	 2.378237e-02	 9.425071e-01	 1.177661e-01	 8.329659e+01	 7.136620e+00	 
 1.266781e-03	 2.358384e-02	 9.424405e-01	 1.179314e-01	 8.317265e+01	 7.134284e+00	 
 1.265687e-03	 2.348480e-02	 9.424073e-01	 1.180139e-01	 8.311083e+01	 7.133118e+00	 
 1.265141e-03	 2.343533e-02	 9.423907e-01	 1.180551e-01	 8.307994e+01	 7.132536e+00	 
 1.262759e-03	 2.340895e-02	 9.424228e-01	 1.180524e-01	 8.289972e+01	 7.132382e+00	 
 1.260504e-03	 2.338398e-02	 9.424531e-01	 1.180499e-01	 8.272914e+01	 7.132236e+00	 
 1.220431e-03	 2.161052e-02	 9.445767e-01	 1.178739e-01	 8.043264e+01	 7.120302e+00	 
 1.180789e-03	 1.999253e-02	 9.465150e-01	 1.177132e-01	 7.808538e+01	 7.110710e+00	 
 1.168713e-03	 2.051293e-02	 9.459150e-01	 1.177609e-01	 7.759523e+01	 7.113279e+00	 
 4.283206e-03	 1.787657e-01	 8.955979e-01	 4.910317e-02	 6.615190e+01	 7.609444e+00	 
 1.859992e-03	 3.253520e-02	 9.569445e-01	 1.033063e-01	 5.697549e+01	 7.791186e+00	 
 6.256860e-04	 1.480303e-01	 9.889512e-01	 1.177721e-02	 5.645244e+01	 7.799173e+00	 
 6.191528e-04	 1.548547e-01	 9.893676e-01	 7.258926e-03	 5.513346e+01	 7.754756e+00	 
 6.006122e-04	 1.564557e-01	 9.898845e-01	 5.945693e-03	 5.334907e+01	 7.743291e+00	 
 6.279330e-04	 1.480320e-01	 9.898194e-01	 1.124569e-02	 5.014315e+01	 7.892273e+00	 
 6.279330e-04	 1.480320e-01	 9.898194e-01	 1.124569e-02	 4.167166e+01	 7.693224e+00	 
 6.063254e-04	 1.317286e-01	 9.997299e-01	 1.532205e-02	 3.753333e+01	 7.749374e+00	 
 4.544757e-04	 1.509102e-01	 1.001457e+00	 2.319647e-03	 3.703256e+01	 7.744911e+00	 
 4.537375e-04	 1.501359e-01	 1.001906e+00	 2.526570e-03	 3.678260e+01	 7.748779e+00	 
 4.530384e-04	 1.494027e-01	 1.002331e+00	 2.722525e-03	 3.654588e+01	 7.752497e+00	 
 4.507780e-04	 1.488625e-01	 1.001659e+00	 3.471513e-03	 3.627099e+01	 7.758006e+00	 
 6.076866e-04	 1.324952e-01	 9.993954e-01	 1.504913e-02	 3.768430e+01	 7.746136e+00	 
 4.552400e-04	 1.515168e-01	 1.001210e+00	 2.093322e-03	 3.718092e+01	 7.741736e+00	 
 4.596446e-04	 1.538358e-01	 1.001081e+00	 7.181300e-04	 3.681232e+01	 7.729472e+00	 
 4.479000e-04	 1.516038e-01	 1.000607e+00	 2.408658e-03	 3.643973e+01	 7.743102e+00	 
 4.471629e-04	 1.508183e-01	 1.001063e+00	 2.618137e-03	 3.618746e+01	 7.746984e+00	 
 5.978984e-04	 1.281394e-01	 9.997879e-01	 1.752005e-02	 3.629793e+01	 7.769085e+00	 
 4.543334e-04	 1.471526e-01	 1.001421e+00	 4.681073e-03	 3.628958e+01	 7.770269e+00	 
 4.539660e-04	 1.469748e-01	 1.001417e+00	 4.794890e-03	 3.628166e+01	 7.771395e+00	 
 4.540915e-04	 1.466851e-01	 1.001808e+00	 4.734298e-03	 3.608591e+01	 7.772544e+00	 
 4.487261e-04	 1.474133e-01	 1.001865e+00	 4.245959e-03	 3.560688e+01	 7.767670e+00	 
 4.437451e-04	 1.480894e-01	 1.001918e+00	 3.792606e-03	 3.516217e+01	 7.763183e+00	 
 