Condicionamento
4.114183e+03	 
 1.153714e+03	 
 9.925972e+02	 
 1.428804e+02	 
 2.680618e+02	 
 6.981548e+02	 
 3.215929e+03	 
 2.915497e+02	 
 1.950763e+02	 
 1.428680e+02	 
 1.386854e+02	 
 1.548274e+02	 
 1.732126e+02	 
 1.464018e+02	 
 1.464018e+02	 
 1.421359e+02	 
 1.514967e+02	 
 1.252699e+02	 
 1.360133e+02	 
 1.416325e+02	 
 6.981548e+02	 
 6.981548e+02	 
 1.386854e+02	 
 1.601326e+02	 
 1.543325e+02	 
 1.444802e+02	 
 2.493735e+02	 
 2.639793e+02	 
 1.428680e+02	 
 3.215929e+03	 
 3.215929e+03	 
 1.428680e+02	 
 3.215929e+03	 
 3.215929e+03	 
 1.417355e+02	 
 1.796748e+03	 
 1.796748e+03	 
 1.428680e+02	 
 2.632899e+02	 
 2.646288e+02	 
 