-8.555909e-03	 -8.901761e-01	 3.062858e-01	 1.079425e+00	 7.717609e+04	 7.717609e+04	 0	 
 -8.555909e-03	 -8.901761e-01	 3.062858e-01	 1.079425e+00	 7.717609e+04	 7.717609e+04	 0	 
 -8.555909e-03	 -8.901761e-01	 3.062858e-01	 1.079425e+00	 7.717609e+04	 7.717609e+04	 0	 
 -8.555909e-03	 -8.901761e-01	 3.062858e-01	 1.079425e+00	 7.717609e+04	 7.717609e+04	 0	 
 -8.555909e-03	 -8.901761e-01	 3.062858e-01	 1.079425e+00	 7.717609e+04	 7.717609e+04	 0	 
 -8.555909e-03	 -8.901761e-01	 3.062858e-01	 1.079425e+00	 7.717609e+04	 7.717609e+04	 0	 
 5.456853e-02	 6.954900e-01	 1.062639e-01	 1.929228e-01	 7.508003e+04	 7.088438e+04	 1	 
 5.456853e-02	 6.954900e-01	 1.062639e-01	 1.929228e-01	 7.508003e+04	 7.088438e+04	 1	 
 5.456853e-02	 6.954900e-01	 1.062639e-01	 1.929228e-01	 7.508003e+04	 7.088438e+04	 1	 
 5.456853e-02	 6.954900e-01	 1.062639e-01	 1.929228e-01	 7.508003e+04	 7.088438e+04	 1	 
 5.456853e-02	 6.954900e-01	 1.062639e-01	 1.929228e-01	 7.508003e+04	 7.088438e+04	 1	 
 5.456853e-02	 6.954900e-01	 1.062639e-01	 1.929228e-01	 7.508003e+04	 7.088438e+04	 1	 
 -6.715332e-04	 2.116225e+00	 -1.854035e+00	 5.209260e-01	 1.575595e+05	 1.575595e+05	 0	 
 -6.715332e-04	 2.116225e+00	 -1.854035e+00	 5.209260e-01	 1.575595e+05	 1.575595e+05	 0	 
 -6.715332e-04	 2.116225e+00	 -1.854035e+00	 5.209260e-01	 1.575595e+05	 1.575595e+05	 0	 
 -6.715332e-04	 2.116225e+00	 -1.854035e+00	 5.209260e-01	 1.575595e+05	 1.575595e+05	 0	 
 -6.715332e-04	 2.116225e+00	 -1.854035e+00	 5.209260e-01	 1.575595e+05	 1.575595e+05	 0	 
 -6.715332e-04	 2.116225e+00	 -1.854035e+00	 5.209260e-01	 1.575595e+05	 1.575595e+05	 0	 
 1.018627e-01	 7.383737e+00	 1.261505e+00	 -4.693652e+00	 1.137222e+05	 1.137222e+05	 0	 
 1.018627e-01	 7.383737e+00	 1.261505e+00	 -4.693652e+00	 1.137222e+05	 1.137222e+05	 0	 
 1.018627e-01	 7.383737e+00	 1.261505e+00	 -4.693652e+00	 1.137222e+05	 1.137222e+05	 0	 
 1.018627e-01	 7.383737e+00	 1.261505e+00	 -4.693652e+00	 1.137222e+05	 1.137222e+05	 0	 
 1.018627e-01	 7.383737e+00	 1.261505e+00	 -4.693652e+00	 1.137222e+05	 1.137222e+05	 0	 
 1.018627e-01	 7.383737e+00	 1.261505e+00	 -4.693652e+00	 1.137222e+05	 1.137222e+05	 0	 
 -6.824792e-03	 8.786591e-01	 -8.327875e-01	 6.691681e-01	 1.240280e+05	 1.240280e+05	 0	 
 -6.824792e-03	 8.786591e-01	 -8.327875e-01	 6.691681e-01	 1.240280e+05	 1.240280e+05	 0	 
 -6.824792e-03	 8.786591e-01	 -8.327875e-01	 6.691681e-01	 1.240280e+05	 1.240280e+05	 0	 
 -6.824792e-03	 8.786591e-01	 -8.327875e-01	 6.691681e-01	 1.240280e+05	 1.240280e+05	 0	 
 -6.824792e-03	 8.786591e-01	 -8.327875e-01	 6.691681e-01	 1.240280e+05	 1.240280e+05	 0	 
 -6.824792e-03	 8.786591e-01	 -8.327875e-01	 6.691681e-01	 1.240280e+05	 1.240280e+05	 0	 
 -5.216367e-03	 4.014563e+00	 -7.390687e+00	 2.750902e+00	 1.257491e+05	 1.257491e+05	 0	 
 -5.216367e-03	 4.014563e+00	 -7.390687e+00	 2.750902e+00	 1.257491e+05	 1.257491e+05	 0	 
 -5.216367e-03	 4.014563e+00	 -7.390687e+00	 2.750902e+00	 1.257491e+05	 1.257491e+05	 0	 
 -5.216367e-03	 4.014563e+00	 -7.390687e+00	 2.750902e+00	 1.257491e+05	 1.257491e+05	 0	 
 -5.216367e-03	 4.014563e+00	 -7.390687e+00	 2.750902e+00	 1.257491e+05	 1.257491e+05	 0	 
 -5.216367e-03	 4.014563e+00	 -7.390687e+00	 2.750902e+00	 1.257491e+05	 1.257491e+05	 0	 
 5.478686e-03	 6.727613e+00	 -6.487554e+00	 5.115059e-01	 4.331588e+04	 4.331588e+04	 0	 
 5.478686e-03	 6.727613e+00	 -6.487554e+00	 5.115059e-01	 4.331588e+04	 4.331588e+04	 0	 
 5.478686e-03	 6.727613e+00	 -6.487554e+00	 5.115059e-01	 4.331588e+04	 4.331588e+04	 0	 
 5.478686e-03	 6.727613e+00	 -6.487554e+00	 5.115059e-01	 4.331588e+04	 4.331588e+04	 0	 
 5.478686e-03	 6.727613e+00	 -6.487554e+00	 5.115059e-01	 4.331588e+04	 4.331588e+04	 0	 
 5.478686e-03	 6.727613e+00	 -6.487554e+00	 5.115059e-01	 4.331588e+04	 4.331588e+04	 0	 
 6.691370e-04	 1.135914e-01	 1.028013e+00	 8.359700e-03	 7.515331e+04	 7.519435e+04	 1	 
 6.691370e-04	 1.135914e-01	 1.028013e+00	 8.359700e-03	 7.515331e+04	 7.519435e+04	 1	 
 6.691370e-04	 1.135914e-01	 1.028013e+00	 8.359700e-03	 7.515331e+04	 7.519435e+04	 1	 
 6.691370e-04	 1.135914e-01	 1.028013e+00	 8.359700e-03	 7.515331e+04	 7.519435e+04	 1	 
 6.691370e-04	 1.135914e-01	 1.028013e+00	 8.359700e-03	 7.515331e+04	 7.519435e+04	 1	 
 6.691370e-04	 1.135914e-01	 1.028013e+00	 8.359700e-03	 7.515331e+04	 7.519435e+04	 1	 
 -2.188982e-03	 1.384479e+00	 -8.424301e-01	 3.569513e-01	 1.366255e+05	 1.366255e+05	 0	 
 -2.188982e-03	 1.384479e+00	 -8.424301e-01	 3.569513e-01	 1.366255e+05	 1.366255e+05	 0	 
 -2.188982e-03	 1.384479e+00	 -8.424301e-01	 3.569513e-01	 1.366255e+05	 1.366255e+05	 0	 
 -2.188982e-03	 1.384479e+00	 -8.424301e-01	 3.569513e-01	 1.366255e+05	 1.366255e+05	 0	 
 -2.188982e-03	 1.384479e+00	 -8.424301e-01	 3.569513e-01	 1.366255e+05	 1.366255e+05	 0	 
 -2.188982e-03	 1.384479e+00	 -8.424301e-01	 3.569513e-01	 1.366255e+05	 1.366255e+05	 0	 
 6.171351e-04	 -2.712064e+00	 4.333139e+00	 -2.625912e-01	 1.747619e+05	 1.747619e+05	 0	 
 6.171351e-04	 -2.712064e+00	 4.333139e+00	 -2.625912e-01	 1.747619e+05	 1.747619e+05	 0	 
 6.171351e-04	 -2.712064e+00	 4.333139e+00	 -2.625912e-01	 1.747619e+05	 1.747619e+05	 0	 
 6.171351e-04	 -2.712064e+00	 4.333139e+00	 -2.625912e-01	 1.747619e+05	 1.747619e+05	 0	 
 6.171351e-04	 -2.712064e+00	 4.333139e+00	 -2.625912e-01	 1.747619e+05	 1.747619e+05	 0	 
 6.171351e-04	 -2.712064e+00	 4.333139e+00	 -2.625912e-01	 1.747619e+05	 1.747619e+05	 0	 
 6.171351e-04	 -2.712064e+00	 4.333139e+00	 -2.625912e-01	 1.747619e+05	 1.747619e+05	 0	 
 6.171351e-04	 -2.712064e+00	 4.333139e+00	 -2.625912e-01	 1.747619e+05	 1.747619e+05	 0	 
 6.171351e-04	 -2.712064e+00	 4.333139e+00	 -2.625912e-01	 1.747619e+05	 1.747619e+05	 0	 
 6.171351e-04	 -2.712064e+00	 4.333139e+00	 -2.625912e-01	 1.747619e+05	 1.747619e+05	 0	 
 6.171351e-04	 -2.712064e+00	 4.333139e+00	 -2.625912e-01	 1.747619e+05	 1.747619e+05	 0	 
 6.171351e-04	 -2.712064e+00	 4.333139e+00	 -2.625912e-01	 1.747619e+05	 1.747619e+05	 0	 
 -2.188982e-03	 1.384479e+00	 -8.424301e-01	 3.569513e-01	 1.366255e+05	 1.366255e+05	 0	 
 -2.188982e-03	 1.384479e+00	 -8.424301e-01	 3.569513e-01	 1.366255e+05	 1.366255e+05	 0	 
 -2.188982e-03	 1.384479e+00	 -8.424301e-01	 3.569513e-01	 1.366255e+05	 1.366255e+05	 0	 
 -2.188982e-03	 1.384479e+00	 -8.424301e-01	 3.569513e-01	 1.366255e+05	 1.366255e+05	 0	 
 -2.188982e-03	 1.384479e+00	 -8.424301e-01	 3.569513e-01	 1.366255e+05	 1.366255e+05	 0	 
 -2.188982e-03	 1.384479e+00	 -8.424301e-01	 3.569513e-01	 1.366255e+05	 1.366255e+05	 0	 
 -2.188982e-03	 1.384479e+00	 -8.424301e-01	 3.569513e-01	 1.366255e+05	 1.366255e+05	 0	 
 -2.188982e-03	 1.384479e+00	 -8.424301e-01	 3.569513e-01	 1.366255e+05	 1.366255e+05	 0	 
 -2.188982e-03	 1.384479e+00	 -8.424301e-01	 3.569513e-01	 1.366255e+05	 1.366255e+05	 0	 
 -2.188982e-03	 1.384479e+00	 -8.424301e-01	 3.569513e-01	 1.366255e+05	 1.366255e+05	 0	 
 -2.188982e-03	 1.384479e+00	 -8.424301e-01	 3.569513e-01	 1.366255e+05	 1.366255e+05	 0	 
 -2.188982e-03	 1.384479e+00	 -8.424301e-01	 3.569513e-01	 1.366255e+05	 1.366255e+05	 0	 
 6.171351e-04	 -2.712064e+00	 4.333139e+00	 -2.625912e-01	 1.747619e+05	 1.747619e+05	 0	 
 6.171351e-04	 -2.712064e+00	 4.333139e+00	 -2.625912e-01	 1.747619e+05	 1.747619e+05	 0	 
 6.171351e-04	 -2.712064e+00	 4.333139e+00	 -2.625912e-01	 1.747619e+05	 1.747619e+05	 0	 
 6.171351e-04	 -2.712064e+00	 4.333139e+00	 -2.625912e-01	 1.747619e+05	 1.747619e+05	 0	 
 6.171351e-04	 -2.712064e+00	 4.333139e+00	 -2.625912e-01	 1.747619e+05	 1.747619e+05	 0	 
 6.171351e-04	 -2.712064e+00	 4.333139e+00	 -2.625912e-01	 1.747619e+05	 1.747619e+05	 0	 
 -2.188982e-03	 1.384479e+00	 -8.424301e-01	 3.569513e-01	 1.366255e+05	 1.366255e+05	 0	 
 -2.188982e-03	 1.384479e+00	 -8.424301e-01	 3.569513e-01	 1.366255e+05	 1.366255e+05	 0	 
 -2.188982e-03	 1.384479e+00	 -8.424301e-01	 3.569513e-01	 1.366255e+05	 1.366255e+05	 0	 
 -2.188982e-03	 1.384479e+00	 -8.424301e-01	 3.569513e-01	 1.366255e+05	 1.366255e+05	 0	 
 -2.188982e-03	 1.384479e+00	 -8.424301e-01	 3.569513e-01	 1.366255e+05	 1.366255e+05	 0	 
 -2.188982e-03	 1.384479e+00	 -8.424301e-01	 3.569513e-01	 1.366255e+05	 1.366255e+05	 0	 
 -2.188982e-03	 1.384479e+00	 -8.424301e-01	 3.569513e-01	 1.366255e+05	 1.366255e+05	 0	 
 -2.188982e-03	 1.384479e+00	 -8.424301e-01	 3.569513e-01	 1.366255e+05	 1.366255e+05	 0	 
 -2.188982e-03	 1.384479e+00	 -8.424301e-01	 3.569513e-01	 1.366255e+05	 1.366255e+05	 0	 
 -2.188982e-03	 1.384479e+00	 -8.424301e-01	 3.569513e-01	 1.366255e+05	 1.366255e+05	 0	 
 -2.188982e-03	 1.384479e+00	 -8.424301e-01	 3.569513e-01	 1.366255e+05	 1.366255e+05	 0	 
 -2.188982e-03	 1.384479e+00	 -8.424301e-01	 3.569513e-01	 1.366255e+05	 1.366255e+05	 0	 
 6.171351e-04	 -2.712064e+00	 4.333139e+00	 -2.625912e-01	 1.747619e+05	 1.747619e+05	 0	 
 6.171351e-04	 -2.712064e+00	 4.333139e+00	 -2.625912e-01	 1.747619e+05	 1.747619e+05	 0	 
 6.171351e-04	 -2.712064e+00	 4.333139e+00	 -2.625912e-01	 1.747619e+05	 1.747619e+05	 0	 
 6.171351e-04	 -2.712064e+00	 4.333139e+00	 -2.625912e-01	 1.747619e+05	 1.747619e+05	 0	 
 6.171351e-04	 -2.712064e+00	 4.333139e+00	 -2.625912e-01	 1.747619e+05	 1.747619e+05	 0	 
 6.171351e-04	 -2.712064e+00	 4.333139e+00	 -2.625912e-01	 1.747619e+05	 1.747619e+05	 0	 
 -2.188982e-03	 1.384479e+00	 -8.424301e-01	 3.569513e-01	 1.366255e+05	 1.366255e+05	 0	 
 -2.188982e-03	 1.384479e+00	 -8.424301e-01	 3.569513e-01	 1.366255e+05	 1.366255e+05	 0	 
 -2.188982e-03	 1.384479e+00	 -8.424301e-01	 3.569513e-01	 1.366255e+05	 1.366255e+05	 0	 
 -2.188982e-03	 1.384479e+00	 -8.424301e-01	 3.569513e-01	 1.366255e+05	 1.366255e+05	 0	 
 -2.188982e-03	 1.384479e+00	 -8.424301e-01	 3.569513e-01	 1.366255e+05	 1.366255e+05	 0	 
 -2.188982e-03	 1.384479e+00	 -8.424301e-01	 3.569513e-01	 1.366255e+05	 1.366255e+05	 0	 
 -2.188982e-03	 1.384479e+00	 -8.424301e-01	 3.569513e-01	 1.366255e+05	 1.366255e+05	 0	 
 -2.188982e-03	 1.384479e+00	 -8.424301e-01	 3.569513e-01	 1.366255e+05	 1.366255e+05	 0	 
 -2.188982e-03	 1.384479e+00	 -8.424301e-01	 3.569513e-01	 1.366255e+05	 1.366255e+05	 0	 
 -2.188982e-03	 1.384479e+00	 -8.424301e-01	 3.569513e-01	 1.366255e+05	 1.366255e+05	 0	 
 -2.188982e-03	 1.384479e+00	 -8.424301e-01	 3.569513e-01	 1.366255e+05	 1.366255e+05	 0	 
 -2.188982e-03	 1.384479e+00	 -8.424301e-01	 3.569513e-01	 1.366255e+05	 1.366255e+05	 0	 
 6.171351e-04	 -2.712064e+00	 4.333139e+00	 -2.625912e-01	 1.747619e+05	 1.747619e+05	 0	 
 6.171351e-04	 -2.712064e+00	 4.333139e+00	 -2.625912e-01	 1.747619e+05	 1.747619e+05	 0	 
 6.171351e-04	 -2.712064e+00	 4.333139e+00	 -2.625912e-01	 1.747619e+05	 1.747619e+05	 0	 
 6.171351e-04	 -2.712064e+00	 4.333139e+00	 -2.625912e-01	 1.747619e+05	 1.747619e+05	 0	 
 6.171351e-04	 -2.712064e+00	 4.333139e+00	 -2.625912e-01	 1.747619e+05	 1.747619e+05	 0	 
 6.171351e-04	 -2.712064e+00	 4.333139e+00	 -2.625912e-01	 1.747619e+05	 1.747619e+05	 0	 
 1.018627e-01	 7.383737e+00	 1.261505e+00	 -4.693652e+00	 1.137222e+05	 1.137222e+05	 0	 
 1.018627e-01	 7.383737e+00	 1.261505e+00	 -4.693652e+00	 1.137222e+05	 1.137222e+05	 0	 
 1.018627e-01	 7.383737e+00	 1.261505e+00	 -4.693652e+00	 1.137222e+05	 1.137222e+05	 0	 
 1.018627e-01	 7.383737e+00	 1.261505e+00	 -4.693652e+00	 1.137222e+05	 1.137222e+05	 0	 
 1.018627e-01	 7.383737e+00	 1.261505e+00	 -4.693652e+00	 1.137222e+05	 1.137222e+05	 0	 
 1.018627e-01	 7.383737e+00	 1.261505e+00	 -4.693652e+00	 1.137222e+05	 1.137222e+05	 0	 
 1.018627e-01	 7.383737e+00	 1.261505e+00	 -4.693652e+00	 1.137222e+05	 1.137222e+05	 0	 
 1.018627e-01	 7.383737e+00	 1.261505e+00	 -4.693652e+00	 1.137222e+05	 1.137222e+05	 0	 
 1.018627e-01	 7.383737e+00	 1.261505e+00	 -4.693652e+00	 1.137222e+05	 1.137222e+05	 0	 
 1.018627e-01	 7.383737e+00	 1.261505e+00	 -4.693652e+00	 1.137222e+05	 1.137222e+05	 0	 
 1.018627e-01	 7.383737e+00	 1.261505e+00	 -4.693652e+00	 1.137222e+05	 1.137222e+05	 0	 
 1.018627e-01	 7.383737e+00	 1.261505e+00	 -4.693652e+00	 1.137222e+05	 1.137222e+05	 0	 
 6.171351e-04	 -2.712064e+00	 4.333139e+00	 -2.625912e-01	 1.747619e+05	 1.747619e+05	 0	 
 6.171351e-04	 -2.712064e+00	 4.333139e+00	 -2.625912e-01	 1.747619e+05	 1.747619e+05	 0	 
 6.171351e-04	 -2.712064e+00	 4.333139e+00	 -2.625912e-01	 1.747619e+05	 1.747619e+05	 0	 
 6.171351e-04	 -2.712064e+00	 4.333139e+00	 -2.625912e-01	 1.747619e+05	 1.747619e+05	 0	 
 6.171351e-04	 -2.712064e+00	 4.333139e+00	 -2.625912e-01	 1.747619e+05	 1.747619e+05	 0	 
 6.171351e-04	 -2.712064e+00	 4.333139e+00	 -2.625912e-01	 1.747619e+05	 1.747619e+05	 0	 
 -6.824792e-03	 8.786591e-01	 -8.327875e-01	 6.691681e-01	 1.240280e+05	 1.240280e+05	 0	 
 -6.824792e-03	 8.786591e-01	 -8.327875e-01	 6.691681e-01	 1.240280e+05	 1.240280e+05	 0	 
 -6.824792e-03	 8.786591e-01	 -8.327875e-01	 6.691681e-01	 1.240280e+05	 1.240280e+05	 0	 
 -6.824792e-03	 8.786591e-01	 -8.327875e-01	 6.691681e-01	 1.240280e+05	 1.240280e+05	 0	 
 -6.824792e-03	 8.786591e-01	 -8.327875e-01	 6.691681e-01	 1.240280e+05	 1.240280e+05	 0	 
 -6.824792e-03	 8.786591e-01	 -8.327875e-01	 6.691681e-01	 1.240280e+05	 1.240280e+05	 0	 
 -6.824792e-03	 8.786591e-01	 -8.327875e-01	 6.691681e-01	 1.240280e+05	 1.240280e+05	 0	 
 -6.824792e-03	 8.786591e-01	 -8.327875e-01	 6.691681e-01	 1.240280e+05	 1.240280e+05	 0	 
 -6.824792e-03	 8.786591e-01	 -8.327875e-01	 6.691681e-01	 1.240280e+05	 1.240280e+05	 0	 
 -6.824792e-03	 8.786591e-01	 -8.327875e-01	 6.691681e-01	 1.240280e+05	 1.240280e+05	 0	 
 -6.824792e-03	 8.786591e-01	 -8.327875e-01	 6.691681e-01	 1.240280e+05	 1.240280e+05	 0	 
 -6.824792e-03	 8.786591e-01	 -8.327875e-01	 6.691681e-01	 1.240280e+05	 1.240280e+05	 0	 
 6.171351e-04	 -2.712064e+00	 4.333139e+00	 -2.625912e-01	 1.747619e+05	 1.747619e+05	 0	 
 6.171351e-04	 -2.712064e+00	 4.333139e+00	 -2.625912e-01	 1.747619e+05	 1.747619e+05	 0	 
 6.171351e-04	 -2.712064e+00	 4.333139e+00	 -2.625912e-01	 1.747619e+05	 1.747619e+05	 0	 
 6.171351e-04	 -2.712064e+00	 4.333139e+00	 -2.625912e-01	 1.747619e+05	 1.747619e+05	 0	 
 6.171351e-04	 -2.712064e+00	 4.333139e+00	 -2.625912e-01	 1.747619e+05	 1.747619e+05	 0	 
 6.171351e-04	 -2.712064e+00	 4.333139e+00	 -2.625912e-01	 1.747619e+05	 1.747619e+05	 0	 
 -5.216367e-03	 4.014563e+00	 -7.390687e+00	 2.750902e+00	 1.257491e+05	 1.257491e+05	 0	 
 -5.216367e-03	 4.014563e+00	 -7.390687e+00	 2.750902e+00	 1.257491e+05	 1.257491e+05	 0	 
 -5.216367e-03	 4.014563e+00	 -7.390687e+00	 2.750902e+00	 1.257491e+05	 1.257491e+05	 0	 
 -5.216367e-03	 4.014563e+00	 -7.390687e+00	 2.750902e+00	 1.257491e+05	 1.257491e+05	 0	 
 -5.216367e-03	 4.014563e+00	 -7.390687e+00	 2.750902e+00	 1.257491e+05	 1.257491e+05	 0	 
 -5.216367e-03	 4.014563e+00	 -7.390687e+00	 2.750902e+00	 1.257491e+05	 1.257491e+05	 0	 
 -5.216367e-03	 4.014563e+00	 -7.390687e+00	 2.750902e+00	 1.257491e+05	 1.257491e+05	 0	 
 -5.216367e-03	 4.014563e+00	 -7.390687e+00	 2.750902e+00	 1.257491e+05	 1.257491e+05	 0	 
 -5.216367e-03	 4.014563e+00	 -7.390687e+00	 2.750902e+00	 1.257491e+05	 1.257491e+05	 0	 
 -5.216367e-03	 4.014563e+00	 -7.390687e+00	 2.750902e+00	 1.257491e+05	 1.257491e+05	 0	 
 -5.216367e-03	 4.014563e+00	 -7.390687e+00	 2.750902e+00	 1.257491e+05	 1.257491e+05	 0	 
 -5.216367e-03	 4.014563e+00	 -7.390687e+00	 2.750902e+00	 1.257491e+05	 1.257491e+05	 0	 
 6.171351e-04	 -2.712064e+00	 4.333139e+00	 -2.625912e-01	 1.747619e+05	 1.747619e+05	 0	 
 6.171351e-04	 -2.712064e+00	 4.333139e+00	 -2.625912e-01	 1.747619e+05	 1.747619e+05	 0	 
 6.171351e-04	 -2.712064e+00	 4.333139e+00	 -2.625912e-01	 1.747619e+05	 1.747619e+05	 0	 
 6.171351e-04	 -2.712064e+00	 4.333139e+00	 -2.625912e-01	 1.747619e+05	 1.747619e+05	 0	 
 6.171351e-04	 -2.712064e+00	 4.333139e+00	 -2.625912e-01	 1.747619e+05	 1.747619e+05	 0	 
 6.171351e-04	 -2.712064e+00	 4.333139e+00	 -2.625912e-01	 1.747619e+05	 1.747619e+05	 0	 
 6.171351e-04	 -2.712064e+00	 4.333139e+00	 -2.625912e-01	 1.747619e+05	 1.747619e+05	 0	 
 6.171351e-04	 -2.712064e+00	 4.333139e+00	 -2.625912e-01	 1.747619e+05	 1.747619e+05	 0	 
 6.171351e-04	 -2.712064e+00	 4.333139e+00	 -2.625912e-01	 1.747619e+05	 1.747619e+05	 0	 
 6.171351e-04	 -2.712064e+00	 4.333139e+00	 -2.625912e-01	 1.747619e+05	 1.747619e+05	 0	 
 6.171351e-04	 -2.712064e+00	 4.333139e+00	 -2.625912e-01	 1.747619e+05	 1.747619e+05	 0	 
 6.171351e-04	 -2.712064e+00	 4.333139e+00	 -2.625912e-01	 1.747619e+05	 1.747619e+05	 0	 
 6.171351e-04	 -2.712064e+00	 4.333139e+00	 -2.625912e-01	 1.747619e+05	 1.747619e+05	 0	 
 6.171351e-04	 -2.712064e+00	 4.333139e+00	 -2.625912e-01	 1.747619e+05	 1.747619e+05	 0	 
 6.171351e-04	 -2.712064e+00	 4.333139e+00	 -2.625912e-01	 1.747619e+05	 1.747619e+05	 0	 
 6.171351e-04	 -2.712064e+00	 4.333139e+00	 -2.625912e-01	 1.747619e+05	 1.747619e+05	 0	 
 6.171351e-04	 -2.712064e+00	 4.333139e+00	 -2.625912e-01	 1.747619e+05	 1.747619e+05	 0	 
 6.171351e-04	 -2.712064e+00	 4.333139e+00	 -2.625912e-01	 1.747619e+05	 1.747619e+05	 0	 
 6.171351e-04	 -2.712064e+00	 4.333139e+00	 -2.625912e-01	 1.747619e+05	 1.747619e+05	 0	 
 6.171351e-04	 -2.712064e+00	 4.333139e+00	 -2.625912e-01	 1.747619e+05	 1.747619e+05	 0	 
 6.171351e-04	 -2.712064e+00	 4.333139e+00	 -2.625912e-01	 1.747619e+05	 1.747619e+05	 0	 
 6.171351e-04	 -2.712064e+00	 4.333139e+00	 -2.625912e-01	 1.747619e+05	 1.747619e+05	 0	 
 6.171351e-04	 -2.712064e+00	 4.333139e+00	 -2.625912e-01	 1.747619e+05	 1.747619e+05	 0	 
 6.171351e-04	 -2.712064e+00	 4.333139e+00	 -2.625912e-01	 1.747619e+05	 1.747619e+05	 0	 
 1.018627e-01	 7.383737e+00	 1.261505e+00	 -4.693652e+00	 1.137222e+05	 1.137222e+05	 0	 
 1.018627e-01	 7.383737e+00	 1.261505e+00	 -4.693652e+00	 1.137222e+05	 1.137222e+05	 0	 
 1.018627e-01	 7.383737e+00	 1.261505e+00	 -4.693652e+00	 1.137222e+05	 1.137222e+05	 0	 
 1.018627e-01	 7.383737e+00	 1.261505e+00	 -4.693652e+00	 1.137222e+05	 1.137222e+05	 0	 
 1.018627e-01	 7.383737e+00	 1.261505e+00	 -4.693652e+00	 1.137222e+05	 1.137222e+05	 0	 
 1.018627e-01	 7.383737e+00	 1.261505e+00	 -4.693652e+00	 1.137222e+05	 1.137222e+05	 0	 
 1.018627e-01	 7.383737e+00	 1.261505e+00	 -4.693652e+00	 1.137222e+05	 1.137222e+05	 0	 
 1.018627e-01	 7.383737e+00	 1.261505e+00	 -4.693652e+00	 1.137222e+05	 1.137222e+05	 0	 
 1.018627e-01	 7.383737e+00	 1.261505e+00	 -4.693652e+00	 1.137222e+05	 1.137222e+05	 0	 
 1.018627e-01	 7.383737e+00	 1.261505e+00	 -4.693652e+00	 1.137222e+05	 1.137222e+05	 0	 
 1.018627e-01	 7.383737e+00	 1.261505e+00	 -4.693652e+00	 1.137222e+05	 1.137222e+05	 0	 
 1.018627e-01	 7.383737e+00	 1.261505e+00	 -4.693652e+00	 1.137222e+05	 1.137222e+05	 0	 
 6.171351e-04	 -2.712064e+00	 4.333139e+00	 -2.625912e-01	 1.747619e+05	 1.747619e+05	 0	 
 6.171351e-04	 -2.712064e+00	 4.333139e+00	 -2.625912e-01	 1.747619e+05	 1.747619e+05	 0	 
 6.171351e-04	 -2.712064e+00	 4.333139e+00	 -2.625912e-01	 1.747619e+05	 1.747619e+05	 0	 
 6.171351e-04	 -2.712064e+00	 4.333139e+00	 -2.625912e-01	 1.747619e+05	 1.747619e+05	 0	 
 6.171351e-04	 -2.712064e+00	 4.333139e+00	 -2.625912e-01	 1.747619e+05	 1.747619e+05	 0	 
 6.171351e-04	 -2.712064e+00	 4.333139e+00	 -2.625912e-01	 1.747619e+05	 1.747619e+05	 0	 
 4.468470e-02	 7.259885e-01	 7.421823e-02	 1.952247e-01	 7.438740e+04	 7.506384e+04	 1	 
 4.468470e-02	 7.259885e-01	 7.421823e-02	 1.952247e-01	 7.438740e+04	 7.506384e+04	 1	 
 4.468470e-02	 7.259885e-01	 7.421823e-02	 1.952247e-01	 7.438740e+04	 7.506384e+04	 1	 
 4.468470e-02	 7.259885e-01	 7.421823e-02	 1.952247e-01	 7.438740e+04	 7.506384e+04	 1	 
 4.468470e-02	 7.259885e-01	 7.421823e-02	 1.952247e-01	 7.438740e+04	 7.506384e+04	 1	 
 4.468470e-02	 7.259885e-01	 7.421823e-02	 1.952247e-01	 7.438740e+04	 7.506384e+04	 1	 
 3.872093e-02	 7.431903e-01	 5.767414e-02	 1.962398e-01	 7.403098e+04	 7.426141e+04	 1	 
 3.872093e-02	 7.431903e-01	 5.767414e-02	 1.962398e-01	 7.403098e+04	 7.426141e+04	 1	 
 3.872093e-02	 7.431903e-01	 5.767414e-02	 1.962398e-01	 7.403098e+04	 7.426141e+04	 1	 
 3.872093e-02	 7.431903e-01	 5.767414e-02	 1.962398e-01	 7.403098e+04	 7.426141e+04	 1	 
 3.872093e-02	 7.431903e-01	 5.767414e-02	 1.962398e-01	 7.403098e+04	 7.426141e+04	 1	 
 3.872093e-02	 7.431903e-01	 5.767414e-02	 1.962398e-01	 7.403098e+04	 7.426141e+04	 1	 
 6.171351e-04	 -2.712064e+00	 4.333139e+00	 -2.625912e-01	 1.747619e+05	 1.747619e+05	 0	 
 6.171351e-04	 -2.712064e+00	 4.333139e+00	 -2.625912e-01	 1.747619e+05	 1.747619e+05	 0	 
 6.171351e-04	 -2.712064e+00	 4.333139e+00	 -2.625912e-01	 1.747619e+05	 1.747619e+05	 0	 
 6.171351e-04	 -2.712064e+00	 4.333139e+00	 -2.625912e-01	 1.747619e+05	 1.747619e+05	 0	 
 6.171351e-04	 -2.712064e+00	 4.333139e+00	 -2.625912e-01	 1.747619e+05	 1.747619e+05	 0	 
 6.171351e-04	 -2.712064e+00	 4.333139e+00	 -2.625912e-01	 1.747619e+05	 1.747619e+05	 0	 
 6.171351e-04	 -2.712064e+00	 4.333139e+00	 -2.625912e-01	 1.747619e+05	 1.747619e+05	 0	 
 6.171351e-04	 -2.712064e+00	 4.333139e+00	 -2.625912e-01	 1.747619e+05	 1.747619e+05	 0	 
 6.171351e-04	 -2.712064e+00	 4.333139e+00	 -2.625912e-01	 1.747619e+05	 1.747619e+05	 0	 
 6.171351e-04	 -2.712064e+00	 4.333139e+00	 -2.625912e-01	 1.747619e+05	 1.747619e+05	 0	 
 6.171351e-04	 -2.712064e+00	 4.333139e+00	 -2.625912e-01	 1.747619e+05	 1.747619e+05	 0	 
 6.171351e-04	 -2.712064e+00	 4.333139e+00	 -2.625912e-01	 1.747619e+05	 1.747619e+05	 0	 
 6.171351e-04	 -2.712064e+00	 4.333139e+00	 -2.625912e-01	 1.747619e+05	 1.747619e+05	 0	 
 6.171351e-04	 -2.712064e+00	 4.333139e+00	 -2.625912e-01	 1.747619e+05	 1.747619e+05	 0	 
 6.171351e-04	 -2.712064e+00	 4.333139e+00	 -2.625912e-01	 1.747619e+05	 1.747619e+05	 0	 
 6.171351e-04	 -2.712064e+00	 4.333139e+00	 -2.625912e-01	 1.747619e+05	 1.747619e+05	 0	 
 6.171351e-04	 -2.712064e+00	 4.333139e+00	 -2.625912e-01	 1.747619e+05	 1.747619e+05	 0	 
 6.171351e-04	 -2.712064e+00	 4.333139e+00	 -2.625912e-01	 1.747619e+05	 1.747619e+05	 0	 
 