3.631299e-01	 5.586381e-01	 2.312852e-04	 4.564386e-02	 6.314723e+04	 6.317240e+04	 2.516514e+01	 1	 1.218668e+04	 3.280901e-02	 3.256698e-02	 2.865557e+02	 8.375076e+00	 
 3.631299e-01	 5.586381e-01	 2.312852e-04	 4.564386e-02	 6.314723e+04	 6.317240e+04	 2.516514e+01	 1	 1.218668e+04	 3.280901e-02	 3.256698e-02	 2.865557e+02	 8.375076e+00	 
 3.631299e-01	 5.586381e-01	 2.312852e-04	 4.564386e-02	 6.314723e+04	 6.317240e+04	 2.516514e+01	 1	 1.218668e+04	 3.280901e-02	 3.256698e-02	 2.865557e+02	 8.375076e+00	 
 3.631299e-01	 5.586381e-01	 2.312852e-04	 4.564386e-02	 6.314723e+04	 6.317240e+04	 2.516514e+01	 1	 1.218668e+04	 3.280901e-02	 3.256698e-02	 2.865557e+02	 8.375076e+00	 
 3.631299e-01	 5.586381e-01	 2.312852e-04	 4.564386e-02	 6.314723e+04	 6.317240e+04	 2.516514e+01	 1	 1.218668e+04	 3.280901e-02	 3.256698e-02	 2.865557e+02	 8.375076e+00	 
 3.631299e-01	 5.586381e-01	 2.312852e-04	 4.564386e-02	 6.314723e+04	 6.317240e+04	 2.516514e+01	 1	 1.218668e+04	 3.280901e-02	 3.256698e-02	 2.865557e+02	 8.375076e+00	 
 1.905180e-02	 7.000472e-01	 7.791201e-04	 2.346520e-01	 3.660168e+04	 3.692570e+04	 3.240207e+02	 1	 3.737332e+03	 4.573603e-02	 4.598031e-02	 5.535133e+02	 1.238478e+03	 
 1.905180e-02	 7.000472e-01	 7.791201e-04	 2.346520e-01	 3.660168e+04	 3.692570e+04	 3.240207e+02	 1	 3.737332e+03	 4.573603e-02	 4.598031e-02	 5.535133e+02	 1.238478e+03	 
 1.905180e-02	 7.000472e-01	 7.791201e-04	 2.346520e-01	 3.660168e+04	 3.692570e+04	 3.240207e+02	 1	 3.737332e+03	 4.573603e-02	 4.598031e-02	 5.535133e+02	 1.238478e+03	 
 1.905180e-02	 7.000472e-01	 7.791201e-04	 2.346520e-01	 3.660168e+04	 3.692570e+04	 3.240207e+02	 1	 3.737332e+03	 4.573603e-02	 4.598031e-02	 5.535133e+02	 1.238478e+03	 
 1.905180e-02	 7.000472e-01	 7.791201e-04	 2.346520e-01	 3.660168e+04	 3.692570e+04	 3.240207e+02	 1	 3.737332e+03	 4.573603e-02	 4.598031e-02	 5.535133e+02	 1.238478e+03	 
 1.905180e-02	 7.000472e-01	 7.791201e-04	 2.346520e-01	 3.660168e+04	 3.692570e+04	 3.240207e+02	 1	 3.737332e+03	 4.573603e-02	 4.598031e-02	 5.535133e+02	 1.238478e+03	 
 2.126239e-01	 6.732480e-01	 2.896362e-05	 1.143402e-01	 3.945479e+04	 3.946190e+04	 7.110988e+00	 1	 9.484823e+01	 2.411179e-04	 4.497109e+00	 9.270759e+00	 1.430447e+01	 
 2.126239e-01	 6.732480e-01	 2.896362e-05	 1.143402e-01	 3.945479e+04	 3.946190e+04	 7.110988e+00	 1	 9.484823e+01	 2.411179e-04	 4.497109e+00	 9.270759e+00	 1.430447e+01	 
 2.126239e-01	 6.732480e-01	 2.896362e-05	 1.143402e-01	 3.945479e+04	 3.946190e+04	 7.110988e+00	 1	 9.484823e+01	 2.411179e-04	 4.497109e+00	 9.270759e+00	 1.430447e+01	 
 2.126239e-01	 6.732480e-01	 2.896362e-05	 1.143402e-01	 3.945479e+04	 3.946190e+04	 7.110988e+00	 1	 9.484823e+01	 2.411179e-04	 4.497109e+00	 9.270759e+00	 1.430447e+01	 
 2.126239e-01	 6.732480e-01	 2.896362e-05	 1.143402e-01	 3.945479e+04	 3.946190e+04	 7.110988e+00	 1	 9.484823e+01	 2.411179e-04	 4.497109e+00	 9.270759e+00	 1.430447e+01	 
 2.126239e-01	 6.732480e-01	 2.896362e-05	 1.143402e-01	 3.945479e+04	 3.946190e+04	 7.110988e+00	 1	 9.484823e+01	 2.411179e-04	 4.497109e+00	 9.270759e+00	 1.430447e+01	 
 2.970084e-01	 5.022587e-01	 2.711171e-04	 1.471022e-01	 1.316234e+05	 1.316134e+05	 9.964713e+00	 1	 1.548449e+03	 5.352842e-02	 5.356296e-02	 9.163485e+01	 5.378420e+01	 
 2.970084e-01	 5.022587e-01	 2.711171e-04	 1.471022e-01	 1.316234e+05	 1.316134e+05	 9.964713e+00	 1	 1.548449e+03	 5.352842e-02	 5.356296e-02	 9.163485e+01	 5.378420e+01	 
 2.970084e-01	 5.022587e-01	 2.711171e-04	 1.471022e-01	 1.316234e+05	 1.316134e+05	 9.964713e+00	 1	 1.548449e+03	 5.352842e-02	 5.356296e-02	 9.163485e+01	 5.378420e+01	 
 2.970084e-01	 5.022587e-01	 2.711171e-04	 1.471022e-01	 1.316234e+05	 1.316134e+05	 9.964713e+00	 1	 1.548449e+03	 5.352842e-02	 5.356296e-02	 9.163485e+01	 5.378420e+01	 
 2.970084e-01	 5.022587e-01	 2.711171e-04	 1.471022e-01	 1.316234e+05	 1.316134e+05	 9.964713e+00	 1	 1.548449e+03	 5.352842e-02	 5.356296e-02	 9.163485e+01	 5.378420e+01	 
 2.970084e-01	 5.022587e-01	 2.711171e-04	 1.471022e-01	 1.316234e+05	 1.316134e+05	 9.964713e+00	 1	 1.548449e+03	 5.352842e-02	 5.356296e-02	 9.163485e+01	 5.378420e+01	 
 1.021017e-01	 6.137668e-01	 -6.100302e-05	 2.273061e-01	 6.024618e+04	 6.022090e+04	 2.528035e+01	 0	 3.285150e+02	 5.691592e-02	 5.712858e-02	 8.141035e+02	 9.458988e+02	 
 1.021017e-01	 6.137668e-01	 -6.100302e-05	 2.273061e-01	 6.024618e+04	 6.022090e+04	 2.528035e+01	 0	 3.285150e+02	 5.691592e-02	 5.712858e-02	 8.141035e+02	 9.458988e+02	 
 1.021017e-01	 6.137668e-01	 -6.100302e-05	 2.273061e-01	 6.024618e+04	 6.022090e+04	 2.528035e+01	 0	 3.285150e+02	 5.691592e-02	 5.712858e-02	 8.141035e+02	 9.458988e+02	 
 1.021017e-01	 6.137668e-01	 -6.100302e-05	 2.273061e-01	 6.024618e+04	 6.022090e+04	 2.528035e+01	 0	 3.285150e+02	 5.691592e-02	 5.712858e-02	 8.141035e+02	 9.458988e+02	 
 1.021017e-01	 6.137668e-01	 -6.100302e-05	 2.273061e-01	 6.024618e+04	 6.022090e+04	 2.528035e+01	 0	 3.285150e+02	 5.691592e-02	 5.712858e-02	 8.141035e+02	 9.458988e+02	 
 1.021017e-01	 6.137668e-01	 -6.100302e-05	 2.273061e-01	 6.024618e+04	 6.022090e+04	 2.528035e+01	 0	 3.285150e+02	 5.691592e-02	 5.712858e-02	 8.141035e+02	 9.458988e+02	 
 2.029967e-01	 5.573944e-01	 1.607572e-03	 1.837160e-01	 4.608379e+04	 4.615190e+04	 6.811107e+01	 1	 1.338494e+03	 5.441285e-02	 5.449298e-02	 4.891251e+02	 5.864933e+00	 
 2.029967e-01	 5.573944e-01	 1.607572e-03	 1.837160e-01	 4.608379e+04	 4.615190e+04	 6.811107e+01	 1	 1.338494e+03	 5.441285e-02	 5.449298e-02	 4.891251e+02	 5.864933e+00	 
 2.029967e-01	 5.573944e-01	 1.607572e-03	 1.837160e-01	 4.608379e+04	 4.615190e+04	 6.811107e+01	 1	 1.338494e+03	 5.441285e-02	 5.449298e-02	 4.891251e+02	 5.864933e+00	 
 2.029967e-01	 5.573944e-01	 1.607572e-03	 1.837160e-01	 4.608379e+04	 4.615190e+04	 6.811107e+01	 1	 1.338494e+03	 5.441285e-02	 5.449298e-02	 4.891251e+02	 5.864933e+00	 
 2.029967e-01	 5.573944e-01	 1.607572e-03	 1.837160e-01	 4.608379e+04	 4.615190e+04	 6.811107e+01	 1	 1.338494e+03	 5.441285e-02	 5.449298e-02	 4.891251e+02	 5.864933e+00	 
 2.029967e-01	 5.573944e-01	 1.607572e-03	 1.837160e-01	 4.608379e+04	 4.615190e+04	 6.811107e+01	 1	 1.338494e+03	 5.441285e-02	 5.449298e-02	 4.891251e+02	 5.864933e+00	 
 3.350316e-01	 5.463449e-01	 1.608841e-04	 7.776735e-02	 5.045277e+04	 5.045960e+04	 6.825953e+00	 1	 4.597254e+03	 4.105597e-02	 4.087769e-02	 2.780163e+02	 6.608657e+01	 
 3.350316e-01	 5.463449e-01	 1.608841e-04	 7.776735e-02	 5.045277e+04	 5.045960e+04	 6.825953e+00	 1	 4.597254e+03	 4.105597e-02	 4.087769e-02	 2.780163e+02	 6.608657e+01	 
 3.350316e-01	 5.463449e-01	 1.608841e-04	 7.776735e-02	 5.045277e+04	 5.045960e+04	 6.825953e+00	 1	 4.597254e+03	 4.105597e-02	 4.087769e-02	 2.780163e+02	 6.608657e+01	 
 3.350316e-01	 5.463449e-01	 1.608841e-04	 7.776735e-02	 5.045277e+04	 5.045960e+04	 6.825953e+00	 1	 4.597254e+03	 4.105597e-02	 4.087769e-02	 2.780163e+02	 6.608657e+01	 
 3.350316e-01	 5.463449e-01	 1.608841e-04	 7.776735e-02	 5.045277e+04	 5.045960e+04	 6.825953e+00	 1	 4.597254e+03	 4.105597e-02	 4.087769e-02	 2.780163e+02	 6.608657e+01	 
 3.350316e-01	 5.463449e-01	 1.608841e-04	 7.776735e-02	 5.045277e+04	 5.045960e+04	 6.825953e+00	 1	 4.597254e+03	 4.105597e-02	 4.087769e-02	 2.780163e+02	 6.608657e+01	 
 2.412407e-01	 7.249693e-01	 -1.129731e-05	 4.348453e-02	 3.271662e+04	 3.271370e+04	 2.915093e+00	 0	 3.010156e+04	 1.052465e-02	 3.468790e-01	 3.048795e+02	 8.099996e+01	 
 2.412407e-01	 7.249693e-01	 -1.129731e-05	 4.348453e-02	 3.271662e+04	 3.271370e+04	 2.915093e+00	 0	 3.010156e+04	 1.052465e-02	 3.468790e-01	 3.048795e+02	 8.099996e+01	 
 2.412407e-01	 7.249693e-01	 -1.129731e-05	 4.348453e-02	 3.271662e+04	 3.271370e+04	 2.915093e+00	 0	 3.010156e+04	 1.052465e-02	 3.468790e-01	 3.048795e+02	 8.099996e+01	 
 2.412407e-01	 7.249693e-01	 -1.129731e-05	 4.348453e-02	 3.271662e+04	 3.271370e+04	 2.915093e+00	 0	 3.010156e+04	 1.052465e-02	 3.468790e-01	 3.048795e+02	 8.099996e+01	 
 2.412407e-01	 7.249693e-01	 -1.129731e-05	 4.348453e-02	 3.271662e+04	 3.271370e+04	 2.915093e+00	 0	 3.010156e+04	 1.052465e-02	 3.468790e-01	 3.048795e+02	 8.099996e+01	 
 2.412407e-01	 7.249693e-01	 -1.129731e-05	 4.348453e-02	 3.271662e+04	 3.271370e+04	 2.915093e+00	 0	 3.010156e+04	 1.052465e-02	 3.468790e-01	 3.048795e+02	 8.099996e+01	 
 1.213256e-01	 6.986850e-01	 -9.357688e-06	 1.663170e-01	 7.465095e+04	 7.464880e+04	 2.151499e+00	 0	 3.521320e+02	 1.369231e-02	 1.392695e-02	 2.011666e+02	 1.047936e+03	 
 1.213256e-01	 6.986850e-01	 -9.357688e-06	 1.663170e-01	 7.465095e+04	 7.464880e+04	 2.151499e+00	 0	 3.521320e+02	 1.369231e-02	 1.392695e-02	 2.011666e+02	 1.047936e+03	 
 1.213256e-01	 6.986850e-01	 -9.357688e-06	 1.663170e-01	 7.465095e+04	 7.464880e+04	 2.151499e+00	 0	 3.521320e+02	 1.369231e-02	 1.392695e-02	 2.011666e+02	 1.047936e+03	 
 1.213256e-01	 6.986850e-01	 -9.357688e-06	 1.663170e-01	 7.465095e+04	 7.464880e+04	 2.151499e+00	 0	 3.521320e+02	 1.369231e-02	 1.392695e-02	 2.011666e+02	 1.047936e+03	 
 1.213256e-01	 6.986850e-01	 -9.357688e-06	 1.663170e-01	 7.465095e+04	 7.464880e+04	 2.151499e+00	 0	 3.521320e+02	 1.369231e-02	 1.392695e-02	 2.011666e+02	 1.047936e+03	 
 1.213256e-01	 6.986850e-01	 -9.357688e-06	 1.663170e-01	 7.465095e+04	 7.464880e+04	 2.151499e+00	 0	 3.521320e+02	 1.369231e-02	 1.392695e-02	 2.011666e+02	 1.047936e+03	 
 2.194565e-01	 7.125105e-01	 1.884912e-03	 6.904229e-02	 7.650662e+04	 7.706940e+04	 5.627772e+02	 1	 4.187245e+04	 3.818551e-03	 1.951786e+01	 2.095038e+02	 1.182516e+03	 
 2.194565e-01	 7.125105e-01	 1.884912e-03	 6.904229e-02	 7.650662e+04	 7.706940e+04	 5.627772e+02	 1	 4.187245e+04	 3.818551e-03	 1.951786e+01	 2.095038e+02	 1.182516e+03	 
 2.194565e-01	 7.125105e-01	 1.884912e-03	 6.904229e-02	 7.650662e+04	 7.706940e+04	 5.627772e+02	 1	 4.187245e+04	 3.818551e-03	 1.951786e+01	 2.095038e+02	 1.182516e+03	 
 2.194565e-01	 7.125105e-01	 1.884912e-03	 6.904229e-02	 7.650662e+04	 7.706940e+04	 5.627772e+02	 1	 4.187245e+04	 3.818551e-03	 1.951786e+01	 2.095038e+02	 1.182516e+03	 
 2.194565e-01	 7.125105e-01	 1.884912e-03	 6.904229e-02	 7.650662e+04	 7.706940e+04	 5.627772e+02	 1	 4.187245e+04	 3.818551e-03	 1.951786e+01	 2.095038e+02	 1.182516e+03	 
 2.194565e-01	 7.125105e-01	 1.884912e-03	 6.904229e-02	 7.650662e+04	 7.706940e+04	 5.627772e+02	 1	 4.187245e+04	 3.818551e-03	 1.951786e+01	 2.095038e+02	 1.182516e+03	 
 2.175392e-01	 7.087378e-01	 1.817770e-03	 7.309308e-02	 7.651507e+04	 7.706940e+04	 5.543305e+02	 1	 4.099695e+04	 2.632910e-03	 8.184462e+00	 2.045013e+02	 1.213470e+03	 
 2.175392e-01	 7.087378e-01	 1.817770e-03	 7.309308e-02	 7.651507e+04	 7.706940e+04	 5.543305e+02	 1	 4.099695e+04	 2.632910e-03	 8.184462e+00	 2.045013e+02	 1.213470e+03	 
 2.175392e-01	 7.087378e-01	 1.817770e-03	 7.309308e-02	 7.651507e+04	 7.706940e+04	 5.543305e+02	 1	 4.099695e+04	 2.632910e-03	 8.184462e+00	 2.045013e+02	 1.213470e+03	 
 2.175392e-01	 7.087378e-01	 1.817770e-03	 7.309308e-02	 7.651507e+04	 7.706940e+04	 5.543305e+02	 1	 4.099695e+04	 2.632910e-03	 8.184462e+00	 2.045013e+02	 1.213470e+03	 
 2.175392e-01	 7.087378e-01	 1.817770e-03	 7.309308e-02	 7.651507e+04	 7.706940e+04	 5.543305e+02	 1	 4.099695e+04	 2.632910e-03	 8.184462e+00	 2.045013e+02	 1.213470e+03	 
 2.175392e-01	 7.087378e-01	 1.817770e-03	 7.309308e-02	 7.651507e+04	 7.706940e+04	 5.543305e+02	 1	 4.099695e+04	 2.632910e-03	 8.184462e+00	 2.045013e+02	 1.213470e+03	 
 2.125955e-01	 6.734642e-01	 2.846911e-05	 1.142454e-01	 3.945646e+04	 3.946190e+04	 5.438360e+00	 1	 9.208065e+01	 3.336286e-04	 5.978670e+00	 1.520280e+01	 7.484729e-01	 
 2.125955e-01	 6.734642e-01	 2.846911e-05	 1.142454e-01	 3.945646e+04	 3.946190e+04	 5.438360e+00	 1	 9.208065e+01	 3.336286e-04	 5.978670e+00	 1.520280e+01	 7.484729e-01	 
 2.125955e-01	 6.734642e-01	 2.846911e-05	 1.142454e-01	 3.945646e+04	 3.946190e+04	 5.438360e+00	 1	 9.208065e+01	 3.336286e-04	 5.978670e+00	 1.520280e+01	 7.484729e-01	 
 2.125955e-01	 6.734642e-01	 2.846911e-05	 1.142454e-01	 3.945646e+04	 3.946190e+04	 5.438360e+00	 1	 9.208065e+01	 3.336286e-04	 5.978670e+00	 1.520280e+01	 7.484729e-01	 
 2.125955e-01	 6.734642e-01	 2.846911e-05	 1.142454e-01	 3.945646e+04	 3.946190e+04	 5.438360e+00	 1	 9.208065e+01	 3.336286e-04	 5.978670e+00	 1.520280e+01	 7.484729e-01	 
 2.125955e-01	 6.734642e-01	 2.846911e-05	 1.142454e-01	 3.945646e+04	 3.946190e+04	 5.438360e+00	 1	 9.208065e+01	 3.336286e-04	 5.978670e+00	 1.520280e+01	 7.484729e-01	 
 2.130671e-01	 6.733795e-01	 2.876874e-05	 1.139444e-01	 3.945743e+04	 3.946190e+04	 4.468456e+00	 1	 8.907621e+01	 4.198294e-04	 7.555409e+00	 2.351747e+01	 4.197621e-04	 
 2.130671e-01	 6.733795e-01	 2.876874e-05	 1.139444e-01	 3.945743e+04	 3.946190e+04	 4.468456e+00	 1	 8.907621e+01	 4.198294e-04	 7.555409e+00	 2.351747e+01	 4.197621e-04	 
 2.130671e-01	 6.733795e-01	 2.876874e-05	 1.139444e-01	 3.945743e+04	 3.946190e+04	 4.468456e+00	 1	 8.907621e+01	 4.198294e-04	 7.555409e+00	 2.351747e+01	 4.197621e-04	 
 2.130671e-01	 6.733795e-01	 2.876874e-05	 1.139444e-01	 3.945743e+04	 3.946190e+04	 4.468456e+00	 1	 8.907621e+01	 4.198294e-04	 7.555409e+00	 2.351747e+01	 4.197621e-04	 
 2.130671e-01	 6.733795e-01	 2.876874e-05	 1.139444e-01	 3.945743e+04	 3.946190e+04	 4.468456e+00	 1	 8.907621e+01	 4.198294e-04	 7.555409e+00	 2.351747e+01	 4.197621e-04	 
 2.130671e-01	 6.733795e-01	 2.876874e-05	 1.139444e-01	 3.945743e+04	 3.946190e+04	 4.468456e+00	 1	 8.907621e+01	 4.198294e-04	 7.555409e+00	 2.351747e+01	 4.197621e-04	 
 2.175392e-01	 7.087378e-01	 1.817770e-03	 7.309308e-02	 7.651507e+04	 7.706940e+04	 5.543305e+02	 1	 4.099695e+04	 2.632910e-03	 8.184462e+00	 2.045013e+02	 1.213470e+03	 
 2.175392e-01	 7.087378e-01	 1.817770e-03	 7.309308e-02	 7.651507e+04	 7.706940e+04	 5.543305e+02	 1	 4.099695e+04	 2.632910e-03	 8.184462e+00	 2.045013e+02	 1.213470e+03	 
 2.175392e-01	 7.087378e-01	 1.817770e-03	 7.309308e-02	 7.651507e+04	 7.706940e+04	 5.543305e+02	 1	 4.099695e+04	 2.632910e-03	 8.184462e+00	 2.045013e+02	 1.213470e+03	 
 2.175392e-01	 7.087378e-01	 1.817770e-03	 7.309308e-02	 7.651507e+04	 7.706940e+04	 5.543305e+02	 1	 4.099695e+04	 2.632910e-03	 8.184462e+00	 2.045013e+02	 1.213470e+03	 
 2.175392e-01	 7.087378e-01	 1.817770e-03	 7.309308e-02	 7.651507e+04	 7.706940e+04	 5.543305e+02	 1	 4.099695e+04	 2.632910e-03	 8.184462e+00	 2.045013e+02	 1.213470e+03	 
 2.175392e-01	 7.087378e-01	 1.817770e-03	 7.309308e-02	 7.651507e+04	 7.706940e+04	 5.543305e+02	 1	 4.099695e+04	 2.632910e-03	 8.184462e+00	 2.045013e+02	 1.213470e+03	 
 1.213256e-01	 6.986850e-01	 -9.357688e-06	 1.663170e-01	 7.465095e+04	 7.464880e+04	 2.151499e+00	 0	 3.521320e+02	 1.369231e-02	 1.392695e-02	 2.011666e+02	 1.047936e+03	 
 1.213256e-01	 6.986850e-01	 -9.357688e-06	 1.663170e-01	 7.465095e+04	 7.464880e+04	 2.151499e+00	 0	 3.521320e+02	 1.369231e-02	 1.392695e-02	 2.011666e+02	 1.047936e+03	 
 1.213256e-01	 6.986850e-01	 -9.357688e-06	 1.663170e-01	 7.465095e+04	 7.464880e+04	 2.151499e+00	 0	 3.521320e+02	 1.369231e-02	 1.392695e-02	 2.011666e+02	 1.047936e+03	 
 1.213256e-01	 6.986850e-01	 -9.357688e-06	 1.663170e-01	 7.465095e+04	 7.464880e+04	 2.151499e+00	 0	 3.521320e+02	 1.369231e-02	 1.392695e-02	 2.011666e+02	 1.047936e+03	 
 1.213256e-01	 6.986850e-01	 -9.357688e-06	 1.663170e-01	 7.465095e+04	 7.464880e+04	 2.151499e+00	 0	 3.521320e+02	 1.369231e-02	 1.392695e-02	 2.011666e+02	 1.047936e+03	 
 1.213256e-01	 6.986850e-01	 -9.357688e-06	 1.663170e-01	 7.465095e+04	 7.464880e+04	 2.151499e+00	 0	 3.521320e+02	 1.369231e-02	 1.392695e-02	 2.011666e+02	 1.047936e+03	 
 1.213256e-01	 6.986850e-01	 -9.357688e-06	 1.663170e-01	 7.465095e+04	 7.464880e+04	 2.151499e+00	 0	 3.521320e+02	 1.369231e-02	 1.392695e-02	 2.011666e+02	 1.047936e+03	 
 1.213256e-01	 6.986850e-01	 -9.357688e-06	 1.663170e-01	 7.465095e+04	 7.464880e+04	 2.151499e+00	 0	 3.521320e+02	 1.369231e-02	 1.392695e-02	 2.011666e+02	 1.047936e+03	 
 1.213256e-01	 6.986850e-01	 -9.357688e-06	 1.663170e-01	 7.465095e+04	 7.464880e+04	 2.151499e+00	 0	 3.521320e+02	 1.369231e-02	 1.392695e-02	 2.011666e+02	 1.047936e+03	 
 1.213256e-01	 6.986850e-01	 -9.357688e-06	 1.663170e-01	 7.465095e+04	 7.464880e+04	 2.151499e+00	 0	 3.521320e+02	 1.369231e-02	 1.392695e-02	 2.011666e+02	 1.047936e+03	 
 1.213256e-01	 6.986850e-01	 -9.357688e-06	 1.663170e-01	 7.465095e+04	 7.464880e+04	 2.151499e+00	 0	 3.521320e+02	 1.369231e-02	 1.392695e-02	 2.011666e+02	 1.047936e+03	 
 1.213256e-01	 6.986850e-01	 -9.357688e-06	 1.663170e-01	 7.465095e+04	 7.464880e+04	 2.151499e+00	 0	 3.521320e+02	 1.369231e-02	 1.392695e-02	 2.011666e+02	 1.047936e+03	 
 2.175392e-01	 7.087378e-01	 1.817770e-03	 7.309308e-02	 7.651507e+04	 7.706940e+04	 5.543305e+02	 1	 4.099695e+04	 2.632910e-03	 8.184462e+00	 2.045013e+02	 1.213470e+03	 
 2.175392e-01	 7.087378e-01	 1.817770e-03	 7.309308e-02	 7.651507e+04	 7.706940e+04	 5.543305e+02	 1	 4.099695e+04	 2.632910e-03	 8.184462e+00	 2.045013e+02	 1.213470e+03	 
 2.175392e-01	 7.087378e-01	 1.817770e-03	 7.309308e-02	 7.651507e+04	 7.706940e+04	 5.543305e+02	 1	 4.099695e+04	 2.632910e-03	 8.184462e+00	 2.045013e+02	 1.213470e+03	 
 2.175392e-01	 7.087378e-01	 1.817770e-03	 7.309308e-02	 7.651507e+04	 7.706940e+04	 5.543305e+02	 1	 4.099695e+04	 2.632910e-03	 8.184462e+00	 2.045013e+02	 1.213470e+03	 
 2.175392e-01	 7.087378e-01	 1.817770e-03	 7.309308e-02	 7.651507e+04	 7.706940e+04	 5.543305e+02	 1	 4.099695e+04	 2.632910e-03	 8.184462e+00	 2.045013e+02	 1.213470e+03	 
 2.175392e-01	 7.087378e-01	 1.817770e-03	 7.309308e-02	 7.651507e+04	 7.706940e+04	 5.543305e+02	 1	 4.099695e+04	 2.632910e-03	 8.184462e+00	 2.045013e+02	 1.213470e+03	 
 2.175392e-01	 7.087378e-01	 1.817770e-03	 7.309308e-02	 7.651507e+04	 7.706940e+04	 5.543305e+02	 1	 4.099695e+04	 2.632910e-03	 8.184462e+00	 2.045013e+02	 1.213470e+03	 
 2.175392e-01	 7.087378e-01	 1.817770e-03	 7.309308e-02	 7.651507e+04	 7.706940e+04	 5.543305e+02	 1	 4.099695e+04	 2.632910e-03	 8.184462e+00	 2.045013e+02	 1.213470e+03	 
 2.175392e-01	 7.087378e-01	 1.817770e-03	 7.309308e-02	 7.651507e+04	 7.706940e+04	 5.543305e+02	 1	 4.099695e+04	 2.632910e-03	 8.184462e+00	 2.045013e+02	 1.213470e+03	 
 2.175392e-01	 7.087378e-01	 1.817770e-03	 7.309308e-02	 7.651507e+04	 7.706940e+04	 5.543305e+02	 1	 4.099695e+04	 2.632910e-03	 8.184462e+00	 2.045013e+02	 1.213470e+03	 
 2.175392e-01	 7.087378e-01	 1.817770e-03	 7.309308e-02	 7.651507e+04	 7.706940e+04	 5.543305e+02	 1	 4.099695e+04	 2.632910e-03	 8.184462e+00	 2.045013e+02	 1.213470e+03	 
 2.175392e-01	 7.087378e-01	 1.817770e-03	 7.309308e-02	 7.651507e+04	 7.706940e+04	 5.543305e+02	 1	 4.099695e+04	 2.632910e-03	 8.184462e+00	 2.045013e+02	 1.213470e+03	 
 2.175392e-01	 7.087378e-01	 1.817770e-03	 7.309308e-02	 7.651507e+04	 7.706940e+04	 5.543305e+02	 1	 4.099695e+04	 2.632910e-03	 8.184462e+00	 2.045013e+02	 1.213470e+03	 
 2.175392e-01	 7.087378e-01	 1.817770e-03	 7.309308e-02	 7.651507e+04	 7.706940e+04	 5.543305e+02	 1	 4.099695e+04	 2.632910e-03	 8.184462e+00	 2.045013e+02	 1.213470e+03	 
 2.175392e-01	 7.087378e-01	 1.817770e-03	 7.309308e-02	 7.651507e+04	 7.706940e+04	 5.543305e+02	 1	 4.099695e+04	 2.632910e-03	 8.184462e+00	 2.045013e+02	 1.213470e+03	 
 2.175392e-01	 7.087378e-01	 1.817770e-03	 7.309308e-02	 7.651507e+04	 7.706940e+04	 5.543305e+02	 1	 4.099695e+04	 2.632910e-03	 8.184462e+00	 2.045013e+02	 1.213470e+03	 
 2.175392e-01	 7.087378e-01	 1.817770e-03	 7.309308e-02	 7.651507e+04	 7.706940e+04	 5.543305e+02	 1	 4.099695e+04	 2.632910e-03	 8.184462e+00	 2.045013e+02	 1.213470e+03	 
 2.175392e-01	 7.087378e-01	 1.817770e-03	 7.309308e-02	 7.651507e+04	 7.706940e+04	 5.543305e+02	 1	 4.099695e+04	 2.632910e-03	 8.184462e+00	 2.045013e+02	 1.213470e+03	 
 2.175392e-01	 7.087378e-01	 1.817770e-03	 7.309308e-02	 7.651507e+04	 7.706940e+04	 5.543305e+02	 1	 4.099695e+04	 2.632910e-03	 8.184462e+00	 2.045013e+02	 1.213470e+03	 
 2.175392e-01	 7.087378e-01	 1.817770e-03	 7.309308e-02	 7.651507e+04	 7.706940e+04	 5.543305e+02	 1	 4.099695e+04	 2.632910e-03	 8.184462e+00	 2.045013e+02	 1.213470e+03	 
 2.175392e-01	 7.087378e-01	 1.817770e-03	 7.309308e-02	 7.651507e+04	 7.706940e+04	 5.543305e+02	 1	 4.099695e+04	 2.632910e-03	 8.184462e+00	 2.045013e+02	 1.213470e+03	 
 2.175392e-01	 7.087378e-01	 1.817770e-03	 7.309308e-02	 7.651507e+04	 7.706940e+04	 5.543305e+02	 1	 4.099695e+04	 2.632910e-03	 8.184462e+00	 2.045013e+02	 1.213470e+03	 
 2.175392e-01	 7.087378e-01	 1.817770e-03	 7.309308e-02	 7.651507e+04	 7.706940e+04	 5.543305e+02	 1	 4.099695e+04	 2.632910e-03	 8.184462e+00	 2.045013e+02	 1.213470e+03	 
 2.175392e-01	 7.087378e-01	 1.817770e-03	 7.309308e-02	 7.651507e+04	 7.706940e+04	 5.543305e+02	 1	 4.099695e+04	 2.632910e-03	 8.184462e+00	 2.045013e+02	 1.213470e+03	 
 2.412407e-01	 7.249693e-01	 -1.129731e-05	 4.348453e-02	 3.271662e+04	 3.271370e+04	 2.915093e+00	 0	 3.010156e+04	 1.052465e-02	 3.468790e-01	 3.048795e+02	 8.099996e+01	 
 2.412407e-01	 7.249693e-01	 -1.129731e-05	 4.348453e-02	 3.271662e+04	 3.271370e+04	 2.915093e+00	 0	 3.010156e+04	 1.052465e-02	 3.468790e-01	 3.048795e+02	 8.099996e+01	 
 2.412407e-01	 7.249693e-01	 -1.129731e-05	 4.348453e-02	 3.271662e+04	 3.271370e+04	 2.915093e+00	 0	 3.010156e+04	 1.052465e-02	 3.468790e-01	 3.048795e+02	 8.099996e+01	 
 2.412407e-01	 7.249693e-01	 -1.129731e-05	 4.348453e-02	 3.271662e+04	 3.271370e+04	 2.915093e+00	 0	 3.010156e+04	 1.052465e-02	 3.468790e-01	 3.048795e+02	 8.099996e+01	 
 2.412407e-01	 7.249693e-01	 -1.129731e-05	 4.348453e-02	 3.271662e+04	 3.271370e+04	 2.915093e+00	 0	 3.010156e+04	 1.052465e-02	 3.468790e-01	 3.048795e+02	 8.099996e+01	 
 2.412407e-01	 7.249693e-01	 -1.129731e-05	 4.348453e-02	 3.271662e+04	 3.271370e+04	 2.915093e+00	 0	 3.010156e+04	 1.052465e-02	 3.468790e-01	 3.048795e+02	 8.099996e+01	 
 2.412407e-01	 7.249693e-01	 -1.129731e-05	 4.348453e-02	 3.271662e+04	 3.271370e+04	 2.915093e+00	 0	 3.010156e+04	 1.052465e-02	 3.468790e-01	 3.048795e+02	 8.099996e+01	 
 2.412407e-01	 7.249693e-01	 -1.129731e-05	 4.348453e-02	 3.271662e+04	 3.271370e+04	 2.915093e+00	 0	 3.010156e+04	 1.052465e-02	 3.468790e-01	 3.048795e+02	 8.099996e+01	 
 2.412407e-01	 7.249693e-01	 -1.129731e-05	 4.348453e-02	 3.271662e+04	 3.271370e+04	 2.915093e+00	 0	 3.010156e+04	 1.052465e-02	 3.468790e-01	 3.048795e+02	 8.099996e+01	 
 2.412407e-01	 7.249693e-01	 -1.129731e-05	 4.348453e-02	 3.271662e+04	 3.271370e+04	 2.915093e+00	 0	 3.010156e+04	 1.052465e-02	 3.468790e-01	 3.048795e+02	 8.099996e+01	 
 2.412407e-01	 7.249693e-01	 -1.129731e-05	 4.348453e-02	 3.271662e+04	 3.271370e+04	 2.915093e+00	 0	 3.010156e+04	 1.052465e-02	 3.468790e-01	 3.048795e+02	 8.099996e+01	 
 2.412407e-01	 7.249693e-01	 -1.129731e-05	 4.348453e-02	 3.271662e+04	 3.271370e+04	 2.915093e+00	 0	 3.010156e+04	 1.052465e-02	 3.468790e-01	 3.048795e+02	 8.099996e+01	 
 2.175392e-01	 7.087378e-01	 1.817770e-03	 7.309308e-02	 7.651507e+04	 7.706940e+04	 5.543305e+02	 1	 4.099695e+04	 2.632910e-03	 8.184462e+00	 2.045013e+02	 1.213470e+03	 
 2.175392e-01	 7.087378e-01	 1.817770e-03	 7.309308e-02	 7.651507e+04	 7.706940e+04	 5.543305e+02	 1	 4.099695e+04	 2.632910e-03	 8.184462e+00	 2.045013e+02	 1.213470e+03	 
 2.175392e-01	 7.087378e-01	 1.817770e-03	 7.309308e-02	 7.651507e+04	 7.706940e+04	 5.543305e+02	 1	 4.099695e+04	 2.632910e-03	 8.184462e+00	 2.045013e+02	 1.213470e+03	 
 2.175392e-01	 7.087378e-01	 1.817770e-03	 7.309308e-02	 7.651507e+04	 7.706940e+04	 5.543305e+02	 1	 4.099695e+04	 2.632910e-03	 8.184462e+00	 2.045013e+02	 1.213470e+03	 
 2.175392e-01	 7.087378e-01	 1.817770e-03	 7.309308e-02	 7.651507e+04	 7.706940e+04	 5.543305e+02	 1	 4.099695e+04	 2.632910e-03	 8.184462e+00	 2.045013e+02	 1.213470e+03	 
 2.175392e-01	 7.087378e-01	 1.817770e-03	 7.309308e-02	 7.651507e+04	 7.706940e+04	 5.543305e+02	 1	 4.099695e+04	 2.632910e-03	 8.184462e+00	 2.045013e+02	 1.213470e+03	 
 1.213256e-01	 6.986850e-01	 -9.357688e-06	 1.663170e-01	 7.465095e+04	 7.464880e+04	 2.151499e+00	 0	 3.521320e+02	 1.369231e-02	 1.392695e-02	 2.011666e+02	 1.047936e+03	 
 1.213256e-01	 6.986850e-01	 -9.357688e-06	 1.663170e-01	 7.465095e+04	 7.464880e+04	 2.151499e+00	 0	 3.521320e+02	 1.369231e-02	 1.392695e-02	 2.011666e+02	 1.047936e+03	 
 1.213256e-01	 6.986850e-01	 -9.357688e-06	 1.663170e-01	 7.465095e+04	 7.464880e+04	 2.151499e+00	 0	 3.521320e+02	 1.369231e-02	 1.392695e-02	 2.011666e+02	 1.047936e+03	 
 1.213256e-01	 6.986850e-01	 -9.357688e-06	 1.663170e-01	 7.465095e+04	 7.464880e+04	 2.151499e+00	 0	 3.521320e+02	 1.369231e-02	 1.392695e-02	 2.011666e+02	 1.047936e+03	 
 1.213256e-01	 6.986850e-01	 -9.357688e-06	 1.663170e-01	 7.465095e+04	 7.464880e+04	 2.151499e+00	 0	 3.521320e+02	 1.369231e-02	 1.392695e-02	 2.011666e+02	 1.047936e+03	 
 1.213256e-01	 6.986850e-01	 -9.357688e-06	 1.663170e-01	 7.465095e+04	 7.464880e+04	 2.151499e+00	 0	 3.521320e+02	 1.369231e-02	 1.392695e-02	 2.011666e+02	 1.047936e+03	 
 1.213256e-01	 6.986850e-01	 -9.357688e-06	 1.663170e-01	 7.465095e+04	 7.464880e+04	 2.151499e+00	 0	 3.521320e+02	 1.369231e-02	 1.392695e-02	 2.011666e+02	 1.047936e+03	 
 1.213256e-01	 6.986850e-01	 -9.357688e-06	 1.663170e-01	 7.465095e+04	 7.464880e+04	 2.151499e+00	 0	 3.521320e+02	 1.369231e-02	 1.392695e-02	 2.011666e+02	 1.047936e+03	 
 1.213256e-01	 6.986850e-01	 -9.357688e-06	 1.663170e-01	 7.465095e+04	 7.464880e+04	 2.151499e+00	 0	 3.521320e+02	 1.369231e-02	 1.392695e-02	 2.011666e+02	 1.047936e+03	 
 1.213256e-01	 6.986850e-01	 -9.357688e-06	 1.663170e-01	 7.465095e+04	 7.464880e+04	 2.151499e+00	 0	 3.521320e+02	 1.369231e-02	 1.392695e-02	 2.011666e+02	 1.047936e+03	 
 1.213256e-01	 6.986850e-01	 -9.357688e-06	 1.663170e-01	 7.465095e+04	 7.464880e+04	 2.151499e+00	 0	 3.521320e+02	 1.369231e-02	 1.392695e-02	 2.011666e+02	 1.047936e+03	 
 1.213256e-01	 6.986850e-01	 -9.357688e-06	 1.663170e-01	 7.465095e+04	 7.464880e+04	 2.151499e+00	 0	 3.521320e+02	 1.369231e-02	 1.392695e-02	 2.011666e+02	 1.047936e+03	 
 2.175392e-01	 7.087378e-01	 1.817770e-03	 7.309308e-02	 7.651507e+04	 7.706940e+04	 5.543305e+02	 1	 4.099695e+04	 2.632910e-03	 8.184462e+00	 2.045013e+02	 1.213470e+03	 
 2.175392e-01	 7.087378e-01	 1.817770e-03	 7.309308e-02	 7.651507e+04	 7.706940e+04	 5.543305e+02	 1	 4.099695e+04	 2.632910e-03	 8.184462e+00	 2.045013e+02	 1.213470e+03	 
 2.175392e-01	 7.087378e-01	 1.817770e-03	 7.309308e-02	 7.651507e+04	 7.706940e+04	 5.543305e+02	 1	 4.099695e+04	 2.632910e-03	 8.184462e+00	 2.045013e+02	 1.213470e+03	 
 2.175392e-01	 7.087378e-01	 1.817770e-03	 7.309308e-02	 7.651507e+04	 7.706940e+04	 5.543305e+02	 1	 4.099695e+04	 2.632910e-03	 8.184462e+00	 2.045013e+02	 1.213470e+03	 
 2.175392e-01	 7.087378e-01	 1.817770e-03	 7.309308e-02	 7.651507e+04	 7.706940e+04	 5.543305e+02	 1	 4.099695e+04	 2.632910e-03	 8.184462e+00	 2.045013e+02	 1.213470e+03	 
 2.175392e-01	 7.087378e-01	 1.817770e-03	 7.309308e-02	 7.651507e+04	 7.706940e+04	 5.543305e+02	 1	 4.099695e+04	 2.632910e-03	 8.184462e+00	 2.045013e+02	 1.213470e+03	 
 3.032007e-01	 4.937713e-01	 1.129442e-04	 1.474031e-01	 1.316139e+05	 1.316134e+05	 4.919065e-01	 1	 7.858883e+02	 5.560230e-02	 5.569997e-02	 1.805270e+02	 1.181654e+02	 
 3.032007e-01	 4.937713e-01	 1.129442e-04	 1.474031e-01	 1.316139e+05	 1.316134e+05	 4.919065e-01	 1	 7.858883e+02	 5.560230e-02	 5.569997e-02	 1.805270e+02	 1.181654e+02	 
 3.032007e-01	 4.937713e-01	 1.129442e-04	 1.474031e-01	 1.316139e+05	 1.316134e+05	 4.919065e-01	 1	 7.858883e+02	 5.560230e-02	 5.569997e-02	 1.805270e+02	 1.181654e+02	 
 3.032007e-01	 4.937713e-01	 1.129442e-04	 1.474031e-01	 1.316139e+05	 1.316134e+05	 4.919065e-01	 1	 7.858883e+02	 5.560230e-02	 5.569997e-02	 1.805270e+02	 1.181654e+02	 
 3.032007e-01	 4.937713e-01	 1.129442e-04	 1.474031e-01	 1.316139e+05	 1.316134e+05	 4.919065e-01	 1	 7.858883e+02	 5.560230e-02	 5.569997e-02	 1.805270e+02	 1.181654e+02	 
 3.032007e-01	 4.937713e-01	 1.129442e-04	 1.474031e-01	 1.316139e+05	 1.316134e+05	 4.919065e-01	 1	 7.858883e+02	 5.560230e-02	 5.569997e-02	 1.805270e+02	 1.181654e+02	 
 3.026675e-01	 4.945028e-01	 1.165407e-04	 1.473767e-01	 1.316135e+05	 1.316134e+05	 1.175894e-01	 1	 8.518933e+02	 5.543068e-02	 5.552534e-02	 1.657133e+02	 1.079597e+02	 
 3.026675e-01	 4.945028e-01	 1.165407e-04	 1.473767e-01	 1.316135e+05	 1.316134e+05	 1.175894e-01	 1	 8.518933e+02	 5.543068e-02	 5.552534e-02	 1.657133e+02	 1.079597e+02	 
 3.026675e-01	 4.945028e-01	 1.165407e-04	 1.473767e-01	 1.316135e+05	 1.316134e+05	 1.175894e-01	 1	 8.518933e+02	 5.543068e-02	 5.552534e-02	 1.657133e+02	 1.079597e+02	 
 3.026675e-01	 4.945028e-01	 1.165407e-04	 1.473767e-01	 1.316135e+05	 1.316134e+05	 1.175894e-01	 1	 8.518933e+02	 5.543068e-02	 5.552534e-02	 1.657133e+02	 1.079597e+02	 
 3.026675e-01	 4.945028e-01	 1.165407e-04	 1.473767e-01	 1.316135e+05	 1.316134e+05	 1.175894e-01	 1	 8.518933e+02	 5.543068e-02	 5.552534e-02	 1.657133e+02	 1.079597e+02	 
 3.026675e-01	 4.945028e-01	 1.165407e-04	 1.473767e-01	 1.316135e+05	 1.316134e+05	 1.175894e-01	 1	 8.518933e+02	 5.543068e-02	 5.552534e-02	 1.657133e+02	 1.079597e+02	 
 2.175392e-01	 7.087378e-01	 1.817770e-03	 7.309308e-02	 7.651507e+04	 7.706940e+04	 5.543305e+02	 1	 4.099695e+04	 2.632910e-03	 8.184462e+00	 2.045013e+02	 1.213470e+03	 
 2.175392e-01	 7.087378e-01	 1.817770e-03	 7.309308e-02	 7.651507e+04	 7.706940e+04	 5.543305e+02	 1	 4.099695e+04	 2.632910e-03	 8.184462e+00	 2.045013e+02	 1.213470e+03	 
 2.175392e-01	 7.087378e-01	 1.817770e-03	 7.309308e-02	 7.651507e+04	 7.706940e+04	 5.543305e+02	 1	 4.099695e+04	 2.632910e-03	 8.184462e+00	 2.045013e+02	 1.213470e+03	 
 2.175392e-01	 7.087378e-01	 1.817770e-03	 7.309308e-02	 7.651507e+04	 7.706940e+04	 5.543305e+02	 1	 4.099695e+04	 2.632910e-03	 8.184462e+00	 2.045013e+02	 1.213470e+03	 
 2.175392e-01	 7.087378e-01	 1.817770e-03	 7.309308e-02	 7.651507e+04	 7.706940e+04	 5.543305e+02	 1	 4.099695e+04	 2.632910e-03	 8.184462e+00	 2.045013e+02	 1.213470e+03	 
 2.175392e-01	 7.087378e-01	 1.817770e-03	 7.309308e-02	 7.651507e+04	 7.706940e+04	 5.543305e+02	 1	 4.099695e+04	 2.632910e-03	 8.184462e+00	 2.045013e+02	 1.213470e+03	 
 2.412407e-01	 7.249693e-01	 -1.129731e-05	 4.348453e-02	 3.271662e+04	 3.271370e+04	 2.915093e+00	 0	 3.010156e+04	 1.052465e-02	 3.468790e-01	 3.048795e+02	 8.099996e+01	 
 2.412407e-01	 7.249693e-01	 -1.129731e-05	 4.348453e-02	 3.271662e+04	 3.271370e+04	 2.915093e+00	 0	 3.010156e+04	 1.052465e-02	 3.468790e-01	 3.048795e+02	 8.099996e+01	 
 2.412407e-01	 7.249693e-01	 -1.129731e-05	 4.348453e-02	 3.271662e+04	 3.271370e+04	 2.915093e+00	 0	 3.010156e+04	 1.052465e-02	 3.468790e-01	 3.048795e+02	 8.099996e+01	 
 2.412407e-01	 7.249693e-01	 -1.129731e-05	 4.348453e-02	 3.271662e+04	 3.271370e+04	 2.915093e+00	 0	 3.010156e+04	 1.052465e-02	 3.468790e-01	 3.048795e+02	 8.099996e+01	 
 2.412407e-01	 7.249693e-01	 -1.129731e-05	 4.348453e-02	 3.271662e+04	 3.271370e+04	 2.915093e+00	 0	 3.010156e+04	 1.052465e-02	 3.468790e-01	 3.048795e+02	 8.099996e+01	 
 2.412407e-01	 7.249693e-01	 -1.129731e-05	 4.348453e-02	 3.271662e+04	 3.271370e+04	 2.915093e+00	 0	 3.010156e+04	 1.052465e-02	 3.468790e-01	 3.048795e+02	 8.099996e+01	 
 2.412407e-01	 7.249693e-01	 -1.129731e-05	 4.348453e-02	 3.271662e+04	 3.271370e+04	 2.915093e+00	 0	 3.010156e+04	 1.052465e-02	 3.468790e-01	 3.048795e+02	 8.099996e+01	 
 2.412407e-01	 7.249693e-01	 -1.129731e-05	 4.348453e-02	 3.271662e+04	 3.271370e+04	 2.915093e+00	 0	 3.010156e+04	 1.052465e-02	 3.468790e-01	 3.048795e+02	 8.099996e+01	 
 2.412407e-01	 7.249693e-01	 -1.129731e-05	 4.348453e-02	 3.271662e+04	 3.271370e+04	 2.915093e+00	 0	 3.010156e+04	 1.052465e-02	 3.468790e-01	 3.048795e+02	 8.099996e+01	 
 2.412407e-01	 7.249693e-01	 -1.129731e-05	 4.348453e-02	 3.271662e+04	 3.271370e+04	 2.915093e+00	 0	 3.010156e+04	 1.052465e-02	 3.468790e-01	 3.048795e+02	 8.099996e+01	 
 2.412407e-01	 7.249693e-01	 -1.129731e-05	 4.348453e-02	 3.271662e+04	 3.271370e+04	 2.915093e+00	 0	 3.010156e+04	 1.052465e-02	 3.468790e-01	 3.048795e+02	 8.099996e+01	 
 2.412407e-01	 7.249693e-01	 -1.129731e-05	 4.348453e-02	 3.271662e+04	 3.271370e+04	 2.915093e+00	 0	 3.010156e+04	 1.052465e-02	 3.468790e-01	 3.048795e+02	 8.099996e+01	 
 2.175392e-01	 7.087378e-01	 1.817770e-03	 7.309308e-02	 7.651507e+04	 7.706940e+04	 5.543305e+02	 1	 4.099695e+04	 2.632910e-03	 8.184462e+00	 2.045013e+02	 1.213470e+03	 
 2.175392e-01	 7.087378e-01	 1.817770e-03	 7.309308e-02	 7.651507e+04	 7.706940e+04	 5.543305e+02	 1	 4.099695e+04	 2.632910e-03	 8.184462e+00	 2.045013e+02	 1.213470e+03	 
 2.175392e-01	 7.087378e-01	 1.817770e-03	 7.309308e-02	 7.651507e+04	 7.706940e+04	 5.543305e+02	 1	 4.099695e+04	 2.632910e-03	 8.184462e+00	 2.045013e+02	 1.213470e+03	 
 2.175392e-01	 7.087378e-01	 1.817770e-03	 7.309308e-02	 7.651507e+04	 7.706940e+04	 5.543305e+02	 1	 4.099695e+04	 2.632910e-03	 8.184462e+00	 2.045013e+02	 1.213470e+03	 
 2.175392e-01	 7.087378e-01	 1.817770e-03	 7.309308e-02	 7.651507e+04	 7.706940e+04	 5.543305e+02	 1	 4.099695e+04	 2.632910e-03	 8.184462e+00	 2.045013e+02	 1.213470e+03	 
 2.175392e-01	 7.087378e-01	 1.817770e-03	 7.309308e-02	 7.651507e+04	 7.706940e+04	 5.543305e+02	 1	 4.099695e+04	 2.632910e-03	 8.184462e+00	 2.045013e+02	 1.213470e+03	 
 1.213256e-01	 6.986850e-01	 -9.357688e-06	 1.663170e-01	 7.465095e+04	 7.464880e+04	 2.151499e+00	 0	 3.521320e+02	 1.369231e-02	 1.392695e-02	 2.011666e+02	 1.047936e+03	 
 1.213256e-01	 6.986850e-01	 -9.357688e-06	 1.663170e-01	 7.465095e+04	 7.464880e+04	 2.151499e+00	 0	 3.521320e+02	 1.369231e-02	 1.392695e-02	 2.011666e+02	 1.047936e+03	 
 1.213256e-01	 6.986850e-01	 -9.357688e-06	 1.663170e-01	 7.465095e+04	 7.464880e+04	 2.151499e+00	 0	 3.521320e+02	 1.369231e-02	 1.392695e-02	 2.011666e+02	 1.047936e+03	 
 1.213256e-01	 6.986850e-01	 -9.357688e-06	 1.663170e-01	 7.465095e+04	 7.464880e+04	 2.151499e+00	 0	 3.521320e+02	 1.369231e-02	 1.392695e-02	 2.011666e+02	 1.047936e+03	 
 1.213256e-01	 6.986850e-01	 -9.357688e-06	 1.663170e-01	 7.465095e+04	 7.464880e+04	 2.151499e+00	 0	 3.521320e+02	 1.369231e-02	 1.392695e-02	 2.011666e+02	 1.047936e+03	 
 1.213256e-01	 6.986850e-01	 -9.357688e-06	 1.663170e-01	 7.465095e+04	 7.464880e+04	 2.151499e+00	 0	 3.521320e+02	 1.369231e-02	 1.392695e-02	 2.011666e+02	 1.047936e+03	 
 1.213256e-01	 6.986850e-01	 -9.357688e-06	 1.663170e-01	 7.465095e+04	 7.464880e+04	 2.151499e+00	 0	 3.521320e+02	 1.369231e-02	 1.392695e-02	 2.011666e+02	 1.047936e+03	 
 1.213256e-01	 6.986850e-01	 -9.357688e-06	 1.663170e-01	 7.465095e+04	 7.464880e+04	 2.151499e+00	 0	 3.521320e+02	 1.369231e-02	 1.392695e-02	 2.011666e+02	 1.047936e+03	 
 1.213256e-01	 6.986850e-01	 -9.357688e-06	 1.663170e-01	 7.465095e+04	 7.464880e+04	 2.151499e+00	 0	 3.521320e+02	 1.369231e-02	 1.392695e-02	 2.011666e+02	 1.047936e+03	 
 1.213256e-01	 6.986850e-01	 -9.357688e-06	 1.663170e-01	 7.465095e+04	 7.464880e+04	 2.151499e+00	 0	 3.521320e+02	 1.369231e-02	 1.392695e-02	 2.011666e+02	 1.047936e+03	 
 1.213256e-01	 6.986850e-01	 -9.357688e-06	 1.663170e-01	 7.465095e+04	 7.464880e+04	 2.151499e+00	 0	 3.521320e+02	 1.369231e-02	 1.392695e-02	 2.011666e+02	 1.047936e+03	 
 1.213256e-01	 6.986850e-01	 -9.357688e-06	 1.663170e-01	 7.465095e+04	 7.464880e+04	 2.151499e+00	 0	 3.521320e+02	 1.369231e-02	 1.392695e-02	 2.011666e+02	 1.047936e+03	 
 2.175392e-01	 7.087378e-01	 1.817770e-03	 7.309308e-02	 7.651507e+04	 7.706940e+04	 5.543305e+02	 1	 4.099695e+04	 2.632910e-03	 8.184462e+00	 2.045013e+02	 1.213470e+03	 
 2.175392e-01	 7.087378e-01	 1.817770e-03	 7.309308e-02	 7.651507e+04	 7.706940e+04	 5.543305e+02	 1	 4.099695e+04	 2.632910e-03	 8.184462e+00	 2.045013e+02	 1.213470e+03	 
 2.175392e-01	 7.087378e-01	 1.817770e-03	 7.309308e-02	 7.651507e+04	 7.706940e+04	 5.543305e+02	 1	 4.099695e+04	 2.632910e-03	 8.184462e+00	 2.045013e+02	 1.213470e+03	 
 2.175392e-01	 7.087378e-01	 1.817770e-03	 7.309308e-02	 7.651507e+04	 7.706940e+04	 5.543305e+02	 1	 4.099695e+04	 2.632910e-03	 8.184462e+00	 2.045013e+02	 1.213470e+03	 
 2.175392e-01	 7.087378e-01	 1.817770e-03	 7.309308e-02	 7.651507e+04	 7.706940e+04	 5.543305e+02	 1	 4.099695e+04	 2.632910e-03	 8.184462e+00	 2.045013e+02	 1.213470e+03	 
 2.175392e-01	 7.087378e-01	 1.817770e-03	 7.309308e-02	 7.651507e+04	 7.706940e+04	 5.543305e+02	 1	 4.099695e+04	 2.632910e-03	 8.184462e+00	 2.045013e+02	 1.213470e+03	 
 3.471828e-02	 6.902305e-01	 6.744936e-04	 2.291973e-01	 3.674685e+04	 3.692570e+04	 1.788520e+02	 1	 3.034157e+03	 4.544585e-02	 4.569019e-02	 1.758766e+02	 5.786582e+02	 
 3.471828e-02	 6.902305e-01	 6.744936e-04	 2.291973e-01	 3.674685e+04	 3.692570e+04	 1.788520e+02	 1	 3.034157e+03	 4.544585e-02	 4.569019e-02	 1.758766e+02	 5.786582e+02	 
 3.471828e-02	 6.902305e-01	 6.744936e-04	 2.291973e-01	 3.674685e+04	 3.692570e+04	 1.788520e+02	 1	 3.034157e+03	 4.544585e-02	 4.569019e-02	 1.758766e+02	 5.786582e+02	 
 3.471828e-02	 6.902305e-01	 6.744936e-04	 2.291973e-01	 3.674685e+04	 3.692570e+04	 1.788520e+02	 1	 3.034157e+03	 4.544585e-02	 4.569019e-02	 1.758766e+02	 5.786582e+02	 
 3.471828e-02	 6.902305e-01	 6.744936e-04	 2.291973e-01	 3.674685e+04	 3.692570e+04	 1.788520e+02	 1	 3.034157e+03	 4.544585e-02	 4.569019e-02	 1.758766e+02	 5.786582e+02	 
 3.471828e-02	 6.902305e-01	 6.744936e-04	 2.291973e-01	 3.674685e+04	 3.692570e+04	 1.788520e+02	 1	 3.034157e+03	 4.544585e-02	 4.569019e-02	 1.758766e+02	 5.786582e+02	 
 3.471836e-02	 6.902306e-01	 6.744951e-04	 2.291972e-01	 3.674685e+04	 3.692570e+04	 1.788524e+02	 1	 3.034163e+03	 4.544616e-02	 4.569010e-02	 1.758766e+02	 5.786592e+02	 
 3.471836e-02	 6.902306e-01	 6.744951e-04	 2.291972e-01	 3.674685e+04	 3.692570e+04	 1.788524e+02	 1	 3.034163e+03	 4.544616e-02	 4.569010e-02	 1.758766e+02	 5.786592e+02	 
 3.471836e-02	 6.902306e-01	 6.744951e-04	 2.291972e-01	 3.674685e+04	 3.692570e+04	 1.788524e+02	 1	 3.034163e+03	 4.544616e-02	 4.569010e-02	 1.758766e+02	 5.786592e+02	 
 3.471836e-02	 6.902306e-01	 6.744951e-04	 2.291972e-01	 3.674685e+04	 3.692570e+04	 1.788524e+02	 1	 3.034163e+03	 4.544616e-02	 4.569010e-02	 1.758766e+02	 5.786592e+02	 
 3.471836e-02	 6.902306e-01	 6.744951e-04	 2.291972e-01	 3.674685e+04	 3.692570e+04	 1.788524e+02	 1	 3.034163e+03	 4.544616e-02	 4.569010e-02	 1.758766e+02	 5.786592e+02	 
 3.471836e-02	 6.902306e-01	 6.744951e-04	 2.291972e-01	 3.674685e+04	 3.692570e+04	 1.788524e+02	 1	 3.034163e+03	 4.544616e-02	 4.569010e-02	 1.758766e+02	 5.786592e+02	 
 2.175392e-01	 7.087378e-01	 1.817770e-03	 7.309308e-02	 7.651507e+04	 7.706940e+04	 5.543305e+02	 1	 4.099695e+04	 2.632910e-03	 8.184462e+00	 2.045013e+02	 1.213470e+03	 
 2.175392e-01	 7.087378e-01	 1.817770e-03	 7.309308e-02	 7.651507e+04	 7.706940e+04	 5.543305e+02	 1	 4.099695e+04	 2.632910e-03	 8.184462e+00	 2.045013e+02	 1.213470e+03	 
 2.175392e-01	 7.087378e-01	 1.817770e-03	 7.309308e-02	 7.651507e+04	 7.706940e+04	 5.543305e+02	 1	 4.099695e+04	 2.632910e-03	 8.184462e+00	 2.045013e+02	 1.213470e+03	 
 2.175392e-01	 7.087378e-01	 1.817770e-03	 7.309308e-02	 7.651507e+04	 7.706940e+04	 5.543305e+02	 1	 4.099695e+04	 2.632910e-03	 8.184462e+00	 2.045013e+02	 1.213470e+03	 
 2.175392e-01	 7.087378e-01	 1.817770e-03	 7.309308e-02	 7.651507e+04	 7.706940e+04	 5.543305e+02	 1	 4.099695e+04	 2.632910e-03	 8.184462e+00	 2.045013e+02	 1.213470e+03	 
 2.175392e-01	 7.087378e-01	 1.817770e-03	 7.309308e-02	 7.651507e+04	 7.706940e+04	 5.543305e+02	 1	 4.099695e+04	 2.632910e-03	 8.184462e+00	 2.045013e+02	 1.213470e+03	 
 3.343321e-01	 5.436531e-01	 1.281760e-04	 8.012392e-02	 5.045981e+04	 5.045960e+04	 2.118947e-01	 1	 4.523885e+03	 4.208695e-02	 4.195145e-02	 8.327656e+02	 1.530032e+00	 
 3.343321e-01	 5.436531e-01	 1.281760e-04	 8.012392e-02	 5.045981e+04	 5.045960e+04	 2.118947e-01	 1	 4.523885e+03	 4.208695e-02	 4.195145e-02	 8.327656e+02	 1.530032e+00	 
 3.343321e-01	 5.436531e-01	 1.281760e-04	 8.012392e-02	 5.045981e+04	 5.045960e+04	 2.118947e-01	 1	 4.523885e+03	 4.208695e-02	 4.195145e-02	 8.327656e+02	 1.530032e+00	 
 3.343321e-01	 5.436531e-01	 1.281760e-04	 8.012392e-02	 5.045981e+04	 5.045960e+04	 2.118947e-01	 1	 4.523885e+03	 4.208695e-02	 4.195145e-02	 8.327656e+02	 1.530032e+00	 
 3.343321e-01	 5.436531e-01	 1.281760e-04	 8.012392e-02	 5.045981e+04	 5.045960e+04	 2.118947e-01	 1	 4.523885e+03	 4.208695e-02	 4.195145e-02	 8.327656e+02	 1.530032e+00	 
 3.343321e-01	 5.436531e-01	 1.281760e-04	 8.012392e-02	 5.045981e+04	 5.045960e+04	 2.118947e-01	 1	 4.523885e+03	 4.208695e-02	 4.195145e-02	 8.327656e+02	 1.530032e+00	 
 3.343848e-01	 5.435018e-01	 1.089015e-04	 8.018033e-02	 5.045957e+04	 5.045960e+04	 3.233109e-02	 1	 4.525285e+03	 4.219739e-02	 4.201334e-02	 8.415834e+02	 1.497023e+00	 
 3.343848e-01	 5.435018e-01	 1.089015e-04	 8.018033e-02	 5.045957e+04	 5.045960e+04	 3.233109e-02	 1	 4.525285e+03	 4.219739e-02	 4.201334e-02	 8.415834e+02	 1.497023e+00	 
 3.343848e-01	 5.435018e-01	 1.089015e-04	 8.018033e-02	 5.045957e+04	 5.045960e+04	 3.233109e-02	 1	 4.525285e+03	 4.219739e-02	 4.201334e-02	 8.415834e+02	 1.497023e+00	 
 3.343848e-01	 5.435018e-01	 1.089015e-04	 8.018033e-02	 5.045957e+04	 5.045960e+04	 3.233109e-02	 1	 4.525285e+03	 4.219739e-02	 4.201334e-02	 8.415834e+02	 1.497023e+00	 
 3.343848e-01	 5.435018e-01	 1.089015e-04	 8.018033e-02	 5.045957e+04	 5.045960e+04	 3.233109e-02	 1	 4.525285e+03	 4.219739e-02	 4.201334e-02	 8.415834e+02	 1.497023e+00	 
 3.343848e-01	 5.435018e-01	 1.089015e-04	 8.018033e-02	 5.045957e+04	 5.045960e+04	 3.233109e-02	 1	 4.525285e+03	 4.219739e-02	 4.201334e-02	 8.415834e+02	 1.497023e+00	 
 