Condicionamento
4.551616e+04	 1	 0	 
 3.036755e+05	 1	 0	 
 1.214319e+05	 1	 0	 
 5.270938e+04	 1	 0	 
 3.061711e+04	 1	 0	 
 2.500594e+05	 1	 0	 
 3.930453e+04	 1	 0	 
 7.867769e+04	 1	 0	 
 1.191815e+05	 1	 0	 
 5.574895e+04	 1	 0	 
 5.574895e+04	 1	 1	 
 5.270938e+04	 1	 2	 
 5.270938e+04	 1	 3	 
 5.574895e+04	 2	 1	 
 5.574895e+04	 2	 2	 
 5.574895e+04	 2	 3	 
 5.574895e+04	 3	 1	 
 2.500594e+05	 3	 2	 
 2.500594e+05	 3	 3	 
 5.574895e+04	 4	 1	 
 7.867769e+04	 4	 2	 
 7.867769e+04	 4	 3	 
 5.574895e+04	 5	 1	 
 5.574895e+04	 5	 2	 
 5.574895e+04	 5	 3	 
 5.574895e+04	 6	 1	 
 3.930453e+04	 6	 2	 
 3.930453e+04	 6	 3	 
 5.574895e+04	 7	 1	 
 1.214319e+05	 7	 2	 
 1.214319e+05	 7	 3	 
 5.574895e+04	 8	 1	 
 3.930453e+04	 8	 2	 
 3.930453e+04	 8	 3	 
 5.574895e+04	 9	 1	 
 5.574895e+04	 9	 2	 
 5.574895e+04	 9	 3	 
 5.574895e+04	 10	 1	 
 1.214319e+05	 10	 2	 
 1.214319e+05	 10	 3	 
 