1.450539e-01	 5.806099e-01	 3.567177e-01	 3.573352e-06	 9.018000e+00	 
 1.450539e-01	 5.806099e-01	 3.567177e-01	 3.573352e-06	 9.018000e+00	 
 1.450539e-01	 5.806099e-01	 3.567177e-01	 3.573352e-06	 9.018000e+00	 
 1.450539e-01	 5.806099e-01	 3.567177e-01	 3.573352e-06	 9.018000e+00	 
 1.450539e-01	 5.806099e-01	 3.567177e-01	 3.573352e-06	 9.018000e+00	 
 1.450539e-01	 5.806099e-01	 3.567177e-01	 3.573352e-06	 9.018000e+00	 
 3.152848e-01	 1.196652e-01	 5.656640e-01	 7.778360e-04	 1.359696e+01	 
 3.152848e-01	 1.196652e-01	 5.656640e-01	 7.778360e-04	 1.359696e+01	 
 3.152848e-01	 1.196652e-01	 5.656640e-01	 7.778360e-04	 1.359696e+01	 
 3.152848e-01	 1.196652e-01	 5.656640e-01	 7.778360e-04	 1.359696e+01	 
 3.152848e-01	 1.196652e-01	 5.656640e-01	 7.778360e-04	 1.359696e+01	 
 3.152848e-01	 1.196652e-01	 5.656640e-01	 7.778360e-04	 1.359696e+01	 
 2.886365e-01	 4.823935e-01	 2.740460e-01	 2.784936e-04	 9.721753e+00	 
 2.886365e-01	 4.823935e-01	 2.740460e-01	 2.784936e-04	 9.721753e+00	 
 2.886365e-01	 4.823935e-01	 2.740460e-01	 2.784936e-04	 9.721753e+00	 
 2.886365e-01	 4.823935e-01	 2.740460e-01	 2.784936e-04	 9.721753e+00	 
 2.886365e-01	 4.823935e-01	 2.740460e-01	 2.784936e-04	 9.721753e+00	 
 2.886365e-01	 4.823935e-01	 2.740460e-01	 2.784936e-04	 9.721753e+00	 
 2.356815e-01	 2.172599e-01	 5.888817e-01	 2.899239e-04	 7.121620e+00	 
 2.356815e-01	 2.172599e-01	 5.888817e-01	 2.899239e-04	 7.121620e+00	 
 2.356815e-01	 2.172599e-01	 5.888817e-01	 2.899239e-04	 7.121620e+00	 
 2.356815e-01	 2.172599e-01	 5.888817e-01	 2.899239e-04	 7.121620e+00	 
 2.356815e-01	 2.172599e-01	 5.888817e-01	 2.899239e-04	 7.121620e+00	 
 2.356815e-01	 2.172599e-01	 5.888817e-01	 2.899239e-04	 7.121620e+00	 
 2.503380e-01	 5.544232e-01	 2.521251e-01	 1.497472e-04	 6.298700e+00	 
 2.503380e-01	 5.544232e-01	 2.521251e-01	 1.497472e-04	 6.298700e+00	 
 2.503380e-01	 5.544232e-01	 2.521251e-01	 1.497472e-04	 6.298700e+00	 
 2.503380e-01	 5.544232e-01	 2.521251e-01	 1.497472e-04	 6.298700e+00	 
 2.503380e-01	 5.544232e-01	 2.521251e-01	 1.497472e-04	 6.298700e+00	 
 2.503380e-01	 5.544232e-01	 2.521251e-01	 1.497472e-04	 6.298700e+00	 
 7.552297e-03	 9.041697e-01	 1.529079e-01	 1.494981e-05	 1.081188e+01	 
 7.552297e-03	 9.041697e-01	 1.529079e-01	 1.494981e-05	 1.081188e+01	 
 7.552297e-03	 9.041697e-01	 1.529079e-01	 1.494981e-05	 1.081188e+01	 
 7.552297e-03	 9.041697e-01	 1.529079e-01	 1.494981e-05	 1.081188e+01	 
 7.552297e-03	 9.041697e-01	 1.529079e-01	 1.494981e-05	 1.081188e+01	 
 7.552297e-03	 9.041697e-01	 1.529079e-01	 1.494981e-05	 1.081188e+01	 
 8.305716e-02	 4.808616e-01	 5.330519e-01	 6.444845e-05	 1.133883e+01	 
 8.305716e-02	 4.808616e-01	 5.330519e-01	 6.444845e-05	 1.133883e+01	 
 8.305716e-02	 4.808616e-01	 5.330519e-01	 6.444845e-05	 1.133883e+01	 
 8.305716e-02	 4.808616e-01	 5.330519e-01	 6.444845e-05	 1.133883e+01	 
 8.305716e-02	 4.808616e-01	 5.330519e-01	 6.444845e-05	 1.133883e+01	 
 8.305716e-02	 4.808616e-01	 5.330519e-01	 6.444845e-05	 1.133883e+01	 
 1.475428e-03	 3.272117e-01	 7.628477e-01	 1.548157e-04	 1.099902e+01	 
 1.475428e-03	 3.272117e-01	 7.628477e-01	 1.548157e-04	 1.099902e+01	 
 1.475428e-03	 3.272117e-01	 7.628477e-01	 1.548157e-04	 1.099902e+01	 
 1.475428e-03	 3.272117e-01	 7.628477e-01	 1.548157e-04	 1.099902e+01	 
 1.475428e-03	 3.272117e-01	 7.628477e-01	 1.548157e-04	 1.099902e+01	 
 1.475428e-03	 3.272117e-01	 7.628477e-01	 1.548157e-04	 1.099902e+01	 
 1.345776e-02	 5.062197e-01	 5.940038e-01	 7.387218e-05	 1.067809e+01	 
 1.345776e-02	 5.062197e-01	 5.940038e-01	 7.387218e-05	 1.067809e+01	 
 1.345776e-02	 5.062197e-01	 5.940038e-01	 7.387218e-05	 1.067809e+01	 
 1.345776e-02	 5.062197e-01	 5.940038e-01	 7.387218e-05	 1.067809e+01	 
 1.345776e-02	 5.062197e-01	 5.940038e-01	 7.387218e-05	 1.067809e+01	 
 1.345776e-02	 5.062197e-01	 5.940038e-01	 7.387218e-05	 1.067809e+01	 
 1.897239e-02	 5.066329e-01	 5.880615e-01	 6.105446e-05	 1.054103e+01	 
 1.897239e-02	 5.066329e-01	 5.880615e-01	 6.105446e-05	 1.054103e+01	 
 1.897239e-02	 5.066329e-01	 5.880615e-01	 6.105446e-05	 1.054103e+01	 
 1.897239e-02	 5.066329e-01	 5.880615e-01	 6.105446e-05	 1.054103e+01	 
 1.897239e-02	 5.066329e-01	 5.880615e-01	 6.105446e-05	 1.054103e+01	 
 1.897239e-02	 5.066329e-01	 5.880615e-01	 6.105446e-05	 1.054103e+01	 
 2.446287e-01	 2.135666e-01	 5.811656e-01	 2.897037e-04	 7.043853e+00	 
 2.446287e-01	 2.135666e-01	 5.811656e-01	 2.897037e-04	 7.043853e+00	 
 2.446287e-01	 2.135666e-01	 5.811656e-01	 2.897037e-04	 7.043853e+00	 
 2.446287e-01	 2.135666e-01	 5.811656e-01	 2.897037e-04	 7.043853e+00	 
 2.446287e-01	 2.135666e-01	 5.811656e-01	 2.897037e-04	 7.043853e+00	 
 2.446287e-01	 2.135666e-01	 5.811656e-01	 2.897037e-04	 7.043853e+00	 
 2.920875e-01	 1.173153e-01	 6.100779e-01	 1.358683e-03	 6.198785e+00	 
 2.920875e-01	 1.173153e-01	 6.100779e-01	 1.358683e-03	 6.198785e+00	 
 2.920875e-01	 1.173153e-01	 6.100779e-01	 1.358683e-03	 6.198785e+00	 
 2.920875e-01	 1.173153e-01	 6.100779e-01	 1.358683e-03	 6.198785e+00	 
 2.920875e-01	 1.173153e-01	 6.100779e-01	 1.358683e-03	 6.198785e+00	 
 2.920875e-01	 1.173153e-01	 6.100779e-01	 1.358683e-03	 6.198785e+00	 
 1.897239e-02	 5.066329e-01	 5.880615e-01	 6.105446e-05	 1.054103e+01	 
 1.897239e-02	 5.066329e-01	 5.880615e-01	 6.105446e-05	 1.054103e+01	 
 1.897239e-02	 5.066329e-01	 5.880615e-01	 6.105446e-05	 1.054103e+01	 
 1.897239e-02	 5.066329e-01	 5.880615e-01	 6.105446e-05	 1.054103e+01	 
 1.897239e-02	 5.066329e-01	 5.880615e-01	 6.105446e-05	 1.054103e+01	 
 1.897239e-02	 5.066329e-01	 5.880615e-01	 6.105446e-05	 1.054103e+01	 
 1.642922e-02	 5.075419e-01	 5.905939e-01	 5.887086e-05	 1.050877e+01	 
 1.642922e-02	 5.075419e-01	 5.905939e-01	 5.887086e-05	 1.050877e+01	 
 1.642922e-02	 5.075419e-01	 5.905939e-01	 5.887086e-05	 1.050877e+01	 
 1.642922e-02	 5.075419e-01	 5.905939e-01	 5.887086e-05	 1.050877e+01	 
 1.642922e-02	 5.075419e-01	 5.905939e-01	 5.887086e-05	 1.050877e+01	 
 1.642922e-02	 5.075419e-01	 5.905939e-01	 5.887086e-05	 1.050877e+01	 
 1.642922e-02	 5.075419e-01	 5.905939e-01	 5.887085e-05	 1.050877e+01	 
 1.642922e-02	 5.075419e-01	 5.905939e-01	 5.887085e-05	 1.050877e+01	 
 1.642922e-02	 5.075419e-01	 5.905939e-01	 5.887085e-05	 1.050877e+01	 
 1.642922e-02	 5.075419e-01	 5.905939e-01	 5.887085e-05	 1.050877e+01	 
 1.642922e-02	 5.075419e-01	 5.905939e-01	 5.887085e-05	 1.050877e+01	 
 1.642922e-02	 5.075419e-01	 5.905939e-01	 5.887085e-05	 1.050877e+01	 
 1.897239e-02	 5.066329e-01	 5.880615e-01	 6.105446e-05	 1.054103e+01	 
 1.897239e-02	 5.066329e-01	 5.880615e-01	 6.105446e-05	 1.054103e+01	 
 1.897239e-02	 5.066329e-01	 5.880615e-01	 6.105446e-05	 1.054103e+01	 
 1.897239e-02	 5.066329e-01	 5.880615e-01	 6.105446e-05	 1.054103e+01	 
 1.897239e-02	 5.066329e-01	 5.880615e-01	 6.105446e-05	 1.054103e+01	 
 1.897239e-02	 5.066329e-01	 5.880615e-01	 6.105446e-05	 1.054103e+01	 
 4.945579e-03	 3.259156e-01	 7.598261e-01	 1.539581e-04	 1.100863e+01	 
 4.945579e-03	 3.259156e-01	 7.598261e-01	 1.539581e-04	 1.100863e+01	 
 4.945579e-03	 3.259156e-01	 7.598261e-01	 1.539581e-04	 1.100863e+01	 
 4.945579e-03	 3.259156e-01	 7.598261e-01	 1.539581e-04	 1.100863e+01	 
 4.945579e-03	 3.259156e-01	 7.598261e-01	 1.539581e-04	 1.100863e+01	 
 4.945579e-03	 3.259156e-01	 7.598261e-01	 1.539581e-04	 1.100863e+01	 
 4.945579e-03	 3.259156e-01	 7.598261e-01	 1.539581e-04	 1.100863e+01	 
 4.945579e-03	 3.259156e-01	 7.598261e-01	 1.539581e-04	 1.100863e+01	 
 4.945579e-03	 3.259156e-01	 7.598261e-01	 1.539581e-04	 1.100863e+01	 
 4.945579e-03	 3.259156e-01	 7.598261e-01	 1.539581e-04	 1.100863e+01	 
 4.945579e-03	 3.259156e-01	 7.598261e-01	 1.539581e-04	 1.100863e+01	 
 4.945579e-03	 3.259156e-01	 7.598261e-01	 1.539581e-04	 1.100863e+01	 
 1.897239e-02	 5.066329e-01	 5.880615e-01	 6.105446e-05	 1.054103e+01	 
 1.897239e-02	 5.066329e-01	 5.880615e-01	 6.105446e-05	 1.054103e+01	 
 1.897239e-02	 5.066329e-01	 5.880615e-01	 6.105446e-05	 1.054103e+01	 
 1.897239e-02	 5.066329e-01	 5.880615e-01	 6.105446e-05	 1.054103e+01	 
 1.897239e-02	 5.066329e-01	 5.880615e-01	 6.105446e-05	 1.054103e+01	 
 1.897239e-02	 5.066329e-01	 5.880615e-01	 6.105446e-05	 1.054103e+01	 
 2.954928e-01	 4.811417e-01	 2.669197e-01	 2.718705e-04	 9.775020e+00	 
 2.954928e-01	 4.811417e-01	 2.669197e-01	 2.718705e-04	 9.775020e+00	 
 2.954928e-01	 4.811417e-01	 2.669197e-01	 2.718705e-04	 9.775020e+00	 
 2.954928e-01	 4.811417e-01	 2.669197e-01	 2.718705e-04	 9.775020e+00	 
 2.954928e-01	 4.811417e-01	 2.669197e-01	 2.718705e-04	 9.775020e+00	 
 2.954928e-01	 4.811417e-01	 2.669197e-01	 2.718705e-04	 9.775020e+00	 
 2.334258e-01	 6.488501e-01	 1.673022e-01	 1.099721e-03	 8.461350e+00	 
 2.334258e-01	 6.488501e-01	 1.673022e-01	 1.099721e-03	 8.461350e+00	 
 2.334258e-01	 6.488501e-01	 1.673022e-01	 1.099721e-03	 8.461350e+00	 
 2.334258e-01	 6.488501e-01	 1.673022e-01	 1.099721e-03	 8.461350e+00	 
 2.334258e-01	 6.488501e-01	 1.673022e-01	 1.099721e-03	 8.461350e+00	 
 2.334258e-01	 6.488501e-01	 1.673022e-01	 1.099721e-03	 8.461350e+00	 
 1.897239e-02	 5.066329e-01	 5.880615e-01	 6.105446e-05	 1.054103e+01	 
 1.897239e-02	 5.066329e-01	 5.880615e-01	 6.105446e-05	 1.054103e+01	 
 1.897239e-02	 5.066329e-01	 5.880615e-01	 6.105446e-05	 1.054103e+01	 
 1.897239e-02	 5.066329e-01	 5.880615e-01	 6.105446e-05	 1.054103e+01	 
 1.897239e-02	 5.066329e-01	 5.880615e-01	 6.105446e-05	 1.054103e+01	 
 1.897239e-02	 5.066329e-01	 5.880615e-01	 6.105446e-05	 1.054103e+01	 
 1.897239e-02	 5.066329e-01	 5.880615e-01	 6.105446e-05	 1.054103e+01	 
 1.897239e-02	 5.066329e-01	 5.880615e-01	 6.105446e-05	 1.054103e+01	 
 1.897239e-02	 5.066329e-01	 5.880615e-01	 6.105446e-05	 1.054103e+01	 
 1.897239e-02	 5.066329e-01	 5.880615e-01	 6.105446e-05	 1.054103e+01	 
 1.897239e-02	 5.066329e-01	 5.880615e-01	 6.105446e-05	 1.054103e+01	 
 1.897239e-02	 5.066329e-01	 5.880615e-01	 6.105446e-05	 1.054103e+01	 
 1.642924e-02	 5.075419e-01	 5.905939e-01	 5.887088e-05	 1.050877e+01	 
 1.642924e-02	 5.075419e-01	 5.905939e-01	 5.887088e-05	 1.050877e+01	 
 1.642924e-02	 5.075419e-01	 5.905939e-01	 5.887088e-05	 1.050877e+01	 
 1.642924e-02	 5.075419e-01	 5.905939e-01	 5.887088e-05	 1.050877e+01	 
 1.642924e-02	 5.075419e-01	 5.905939e-01	 5.887088e-05	 1.050877e+01	 
 1.642924e-02	 5.075419e-01	 5.905939e-01	 5.887088e-05	 1.050877e+01	 
 1.897239e-02	 5.066329e-01	 5.880615e-01	 6.105446e-05	 1.054103e+01	 
 1.897239e-02	 5.066329e-01	 5.880615e-01	 6.105446e-05	 1.054103e+01	 
 1.897239e-02	 5.066329e-01	 5.880615e-01	 6.105446e-05	 1.054103e+01	 
 1.897239e-02	 5.066329e-01	 5.880615e-01	 6.105446e-05	 1.054103e+01	 
 1.897239e-02	 5.066329e-01	 5.880615e-01	 6.105446e-05	 1.054103e+01	 
 1.897239e-02	 5.066329e-01	 5.880615e-01	 6.105446e-05	 1.054103e+01	 
 1.897239e-02	 5.066329e-01	 5.880615e-01	 6.105446e-05	 1.054103e+01	 
 1.897239e-02	 5.066329e-01	 5.880615e-01	 6.105446e-05	 1.054103e+01	 
 1.897239e-02	 5.066329e-01	 5.880615e-01	 6.105446e-05	 1.054103e+01	 
 1.897239e-02	 5.066329e-01	 5.880615e-01	 6.105446e-05	 1.054103e+01	 
 1.897239e-02	 5.066329e-01	 5.880615e-01	 6.105446e-05	 1.054103e+01	 
 1.897239e-02	 5.066329e-01	 5.880615e-01	 6.105446e-05	 1.054103e+01	 
 1.897239e-02	 5.066329e-01	 5.880615e-01	 6.105446e-05	 1.054103e+01	 
 1.897239e-02	 5.066329e-01	 5.880615e-01	 6.105446e-05	 1.054103e+01	 
 1.897239e-02	 5.066329e-01	 5.880615e-01	 6.105446e-05	 1.054103e+01	 
 1.897239e-02	 5.066329e-01	 5.880615e-01	 6.105446e-05	 1.054103e+01	 
 1.897239e-02	 5.066329e-01	 5.880615e-01	 6.105446e-05	 1.054103e+01	 
 1.897239e-02	 5.066329e-01	 5.880615e-01	 6.105446e-05	 1.054103e+01	 
 1.642924e-02	 5.075419e-01	 5.905939e-01	 5.887088e-05	 1.050877e+01	 
 1.642924e-02	 5.075419e-01	 5.905939e-01	 5.887088e-05	 1.050877e+01	 
 1.642924e-02	 5.075419e-01	 5.905939e-01	 5.887088e-05	 1.050877e+01	 
 1.642924e-02	 5.075419e-01	 5.905939e-01	 5.887088e-05	 1.050877e+01	 
 1.642924e-02	 5.075419e-01	 5.905939e-01	 5.887088e-05	 1.050877e+01	 
 1.642924e-02	 5.075419e-01	 5.905939e-01	 5.887088e-05	 1.050877e+01	 
 1.897239e-02	 5.066329e-01	 5.880615e-01	 6.105446e-05	 1.054103e+01	 
 1.897239e-02	 5.066329e-01	 5.880615e-01	 6.105446e-05	 1.054103e+01	 
 1.897239e-02	 5.066329e-01	 5.880615e-01	 6.105446e-05	 1.054103e+01	 
 1.897239e-02	 5.066329e-01	 5.880615e-01	 6.105446e-05	 1.054103e+01	 
 1.897239e-02	 5.066329e-01	 5.880615e-01	 6.105446e-05	 1.054103e+01	 
 1.897239e-02	 5.066329e-01	 5.880615e-01	 6.105446e-05	 1.054103e+01	 
 4.231627e-02	 9.198486e-01	 1.045364e-01	 3.362503e-06	 8.924621e+00	 
 4.231627e-02	 9.198486e-01	 1.045364e-01	 3.362503e-06	 8.924621e+00	 
 4.231627e-02	 9.198486e-01	 1.045364e-01	 3.362503e-06	 8.924621e+00	 
 4.231627e-02	 9.198486e-01	 1.045364e-01	 3.362503e-06	 8.924621e+00	 
 4.231627e-02	 9.198486e-01	 1.045364e-01	 3.362503e-06	 8.924621e+00	 
 4.231627e-02	 9.198486e-01	 1.045364e-01	 3.362503e-06	 8.924621e+00	 
 3.853174e-02	 9.237439e-01	 1.049318e-01	 3.614767e-06	 8.595226e+00	 
 3.853174e-02	 9.237439e-01	 1.049318e-01	 3.614767e-06	 8.595226e+00	 
 3.853174e-02	 9.237439e-01	 1.049318e-01	 3.614767e-06	 8.595226e+00	 
 3.853174e-02	 9.237439e-01	 1.049318e-01	 3.614767e-06	 8.595226e+00	 
 3.853174e-02	 9.237439e-01	 1.049318e-01	 3.614767e-06	 8.595226e+00	 
 3.853174e-02	 9.237439e-01	 1.049318e-01	 3.614767e-06	 8.595226e+00	 
 1.897239e-02	 5.066329e-01	 5.880615e-01	 6.105446e-05	 1.054103e+01	 
 1.897239e-02	 5.066329e-01	 5.880615e-01	 6.105446e-05	 1.054103e+01	 
 1.897239e-02	 5.066329e-01	 5.880615e-01	 6.105446e-05	 1.054103e+01	 
 1.897239e-02	 5.066329e-01	 5.880615e-01	 6.105446e-05	 1.054103e+01	 
 1.897239e-02	 5.066329e-01	 5.880615e-01	 6.105446e-05	 1.054103e+01	 
 1.897239e-02	 5.066329e-01	 5.880615e-01	 6.105446e-05	 1.054103e+01	 
 5.727413e-02	 4.702866e-01	 5.782003e-01	 4.371260e-05	 1.083332e+01	 
 5.727413e-02	 4.702866e-01	 5.782003e-01	 4.371260e-05	 1.083332e+01	 
 5.727413e-02	 4.702866e-01	 5.782003e-01	 4.371260e-05	 1.083332e+01	 
 5.727413e-02	 4.702866e-01	 5.782003e-01	 4.371260e-05	 1.083332e+01	 
 5.727413e-02	 4.702866e-01	 5.782003e-01	 4.371260e-05	 1.083332e+01	 
 5.727413e-02	 4.702866e-01	 5.782003e-01	 4.371260e-05	 1.083332e+01	 
 6.309440e-02	 4.722777e-01	 5.688942e-01	 4.690279e-05	 1.073310e+01	 
 6.309440e-02	 4.722777e-01	 5.688942e-01	 4.690279e-05	 1.073310e+01	 
 6.309440e-02	 4.722777e-01	 5.688942e-01	 4.690279e-05	 1.073310e+01	 
 6.309440e-02	 4.722777e-01	 5.688942e-01	 4.690279e-05	 1.073310e+01	 
 6.309440e-02	 4.722777e-01	 5.688942e-01	 4.690279e-05	 1.073310e+01	 
 6.309440e-02	 4.722777e-01	 5.688942e-01	 4.690279e-05	 1.073310e+01	 
 1.897239e-02	 5.066329e-01	 5.880615e-01	 6.105446e-05	 1.054103e+01	 
 1.897239e-02	 5.066329e-01	 5.880615e-01	 6.105446e-05	 1.054103e+01	 
 1.897239e-02	 5.066329e-01	 5.880615e-01	 6.105446e-05	 1.054103e+01	 
 1.897239e-02	 5.066329e-01	 5.880615e-01	 6.105446e-05	 1.054103e+01	 
 1.897239e-02	 5.066329e-01	 5.880615e-01	 6.105446e-05	 1.054103e+01	 
 1.897239e-02	 5.066329e-01	 5.880615e-01	 6.105446e-05	 1.054103e+01	 
 2.541509e-01	 5.556437e-01	 2.460474e-01	 1.509226e-04	 6.248355e+00	 
 2.541509e-01	 5.556437e-01	 2.460474e-01	 1.509226e-04	 6.248355e+00	 
 2.541509e-01	 5.556437e-01	 2.460474e-01	 1.509226e-04	 6.248355e+00	 
 2.541509e-01	 5.556437e-01	 2.460474e-01	 1.509226e-04	 6.248355e+00	 
 2.541509e-01	 5.556437e-01	 2.460474e-01	 1.509226e-04	 6.248355e+00	 
 2.541509e-01	 5.556437e-01	 2.460474e-01	 1.509226e-04	 6.248355e+00	 
 2.414953e-01	 5.807616e-01	 2.375642e-01	 1.692199e-04	 6.211084e+00	 
 2.414953e-01	 5.807616e-01	 2.375642e-01	 1.692199e-04	 6.211084e+00	 
 2.414953e-01	 5.807616e-01	 2.375642e-01	 1.692199e-04	 6.211084e+00	 
 2.414953e-01	 5.807616e-01	 2.375642e-01	 1.692199e-04	 6.211084e+00	 
 2.414953e-01	 5.807616e-01	 2.375642e-01	 1.692199e-04	 6.211084e+00	 
 2.414953e-01	 5.807616e-01	 2.375642e-01	 1.692199e-04	 6.211084e+00	 
 