3.686409e-02	 3.267567e-01	 5.812183e-01	 5.594516e-02	 4.483540e+03	 6.390585e+00	 
 3.862412e-02	 4.492476e-01	 3.876800e-01	 1.017558e-01	 4.608730e+03	 6.411938e+00	 
 3.665152e-02	 3.811807e-01	 5.004668e-01	 7.430151e-02	 4.466478e+03	 6.404244e+00	 
 3.599548e-02	 2.622527e-01	 6.722937e-01	 3.965894e-02	 4.326415e+03	 6.373613e+00	 
 9.058824e-03	 8.940972e-01	 2.663461e-02	 1.228855e-01	 1.193350e+03	 5.249887e+00	 
 7.959830e-03	 9.154561e-01	 3.854854e-03	 1.254893e-01	 1.065342e+03	 5.207124e+00	 
 8.137426e-03	 8.997913e-01	 1.630090e-02	 1.266061e-01	 1.143310e+03	 5.263954e+00	 
 8.197040e-03	 8.984085e-01	 1.177438e-02	 1.301318e-01	 1.111165e+03	 5.243623e+00	 
 8.151352e-03	 8.966887e-01	 1.653302e-02	 1.281738e-01	 1.148186e+03	 5.269276e+00	 
 8.194782e-03	 9.000223e-01	 1.090630e-02	 1.296814e-01	 1.113054e+03	 5.241110e+00	 
 7.591420e-03	 9.109678e-01	 1.926862e-03	 1.294661e-01	 1.058169e+03	 5.231765e+00	 
 7.563575e-03	 9.114729e-01	 1.512472e-03	 1.294562e-01	 1.055636e+03	 5.231393e+00	 
 8.494069e-03	 9.074397e-01	 6.317530e-03	 1.280581e-01	 1.081673e+03	 5.195517e+00	 
 8.126973e-03	 9.004527e-01	 1.032143e-02	 1.298858e-01	 1.105821e+03	 5.241203e+00	 
 7.591420e-03	 9.109678e-01	 1.926862e-03	 1.294661e-01	 1.058169e+03	 5.231765e+00	 
 7.591420e-03	 9.109678e-01	 1.926862e-03	 1.294661e-01	 1.058169e+03	 5.231765e+00	 
 7.591420e-03	 9.109678e-01	 1.926862e-03	 1.294661e-01	 1.058169e+03	 5.231765e+00	 
 7.897991e-03	 9.141577e-01	 4.200229e-03	 1.261661e-01	 1.056813e+03	 5.209924e+00	 
 7.896970e-03	 9.149133e-01	 3.793666e-03	 1.259552e-01	 1.057707e+03	 5.208764e+00	 
 7.896970e-03	 9.149133e-01	 3.793666e-03	 1.259552e-01	 1.057707e+03	 5.208764e+00	 
 7.653165e-03	 9.068974e-01	 3.734608e-03	 1.305923e-01	 1.071608e+03	 5.240958e+00	 
 7.896970e-03	 9.149133e-01	 3.793666e-03	 1.259552e-01	 1.057707e+03	 5.208764e+00	 
 7.554815e-03	 9.112744e-01	 2.513960e-03	 1.289773e-01	 1.060646e+03	 5.235649e+00	 
 7.591420e-03	 9.109678e-01	 1.926862e-03	 1.294661e-01	 1.058169e+03	 5.231765e+00	 
 7.582595e-03	 9.107691e-01	 2.931550e-03	 1.289855e-01	 1.063194e+03	 5.236027e+00	 
 7.563575e-03	 9.114729e-01	 1.512472e-03	 1.294562e-01	 1.055636e+03	 5.231393e+00	 
 7.653165e-03	 9.068974e-01	 3.734608e-03	 1.305923e-01	 1.071608e+03	 5.240958e+00	 
 7.591420e-03	 9.109678e-01	 1.926862e-03	 1.294661e-01	 1.058169e+03	 5.231765e+00	 
 7.563575e-03	 9.114729e-01	 1.512472e-03	 1.294562e-01	 1.055636e+03	 5.231393e+00	 
 7.592413e-03	 9.102027e-01	 2.338021e-03	 1.296800e-01	 1.057264e+03	 5.232938e+00	 
 7.582595e-03	 9.107691e-01	 2.931550e-03	 1.289855e-01	 1.063194e+03	 5.236027e+00	 
 8.171563e-03	 9.021801e-01	 5.061534e-03	 1.319844e-01	 1.082728e+03	 5.220432e+00	 
 7.653165e-03	 9.068974e-01	 3.734608e-03	 1.305923e-01	 1.071608e+03	 5.240958e+00	 
 7.582595e-03	 9.107691e-01	 2.931550e-03	 1.289855e-01	 1.063194e+03	 5.236027e+00	 
 7.591420e-03	 9.109678e-01	 1.926862e-03	 1.294661e-01	 1.058169e+03	 5.231765e+00	 
 7.591420e-03	 9.109678e-01	 1.926862e-03	 1.294661e-01	 1.058169e+03	 5.231765e+00	 
 8.494069e-03	 9.074397e-01	 6.317530e-03	 1.280581e-01	 1.081673e+03	 5.195517e+00	 
 7.591420e-03	 9.109678e-01	 1.926862e-03	 1.294661e-01	 1.058169e+03	 5.231765e+00	 
 7.563575e-03	 9.114729e-01	 1.512472e-03	 1.294562e-01	 1.055636e+03	 5.231393e+00	 
 7.563575e-03	 9.114729e-01	 1.512472e-03	 1.294562e-01	 1.055636e+03	 5.231393e+00	 
 7.582595e-03	 9.107691e-01	 2.931550e-03	 1.289855e-01	 1.063194e+03	 5.236027e+00	 
 7.591420e-03	 9.109678e-01	 1.926862e-03	 1.294661e-01	 1.058169e+03	 5.231765e+00	 
 7.554815e-03	 9.112744e-01	 2.513960e-03	 1.289773e-01	 1.060646e+03	 5.235649e+00	 
 7.591420e-03	 9.109678e-01	 1.926862e-03	 1.294661e-01	 1.058169e+03	 5.231765e+00	 
 8.125835e-03	 9.012730e-01	 9.880204e-03	 1.296568e-01	 1.106782e+03	 5.239929e+00	 
 7.537312e-03	 9.119493e-01	 1.121608e-03	 1.294468e-01	 1.053247e+03	 5.231047e+00	 
 8.125835e-03	 9.012730e-01	 9.880204e-03	 1.296568e-01	 1.106782e+03	 5.239929e+00	 
 7.592413e-03	 9.102027e-01	 2.338021e-03	 1.296800e-01	 1.057264e+03	 5.232938e+00	 
 7.591420e-03	 9.109678e-01	 1.926862e-03	 1.294661e-01	 1.058169e+03	 5.231765e+00	 
 7.895895e-03	 9.157084e-01	 3.365818e-03	 1.257332e-01	 1.058648e+03	 5.207546e+00	 
 7.624867e-03	 9.074217e-01	 3.310176e-03	 1.305781e-01	 1.069005e+03	 5.240547e+00	 
 7.563575e-03	 9.114729e-01	 1.512472e-03	 1.294562e-01	 1.055636e+03	 5.231393e+00	 
 8.172714e-03	 9.013553e-01	 5.504561e-03	 1.322150e-01	 1.081758e+03	 5.221706e+00	 
 8.494069e-03	 9.074397e-01	 6.317530e-03	 1.280581e-01	 1.081673e+03	 5.195517e+00	 
 7.591420e-03	 9.109678e-01	 1.926862e-03	 1.294661e-01	 1.058169e+03	 5.231765e+00	 
 8.215483e-03	 9.030512e-01	 4.332938e-04	 1.342199e-01	 1.059625e+03	 5.202134e+00	 
 7.592413e-03	 9.102027e-01	 2.338021e-03	 1.296800e-01	 1.057264e+03	 5.232938e+00	 
 7.591420e-03	 9.109678e-01	 1.926862e-03	 1.294661e-01	 1.058169e+03	 5.231765e+00	 
 7.610772e-03	 8.960666e-01	 9.934831e-03	 1.336323e-01	 1.040549e+03	 5.254794e+00	 
 7.689360e-03	 8.976771e-01	 1.093468e-03	 1.379443e-01	 9.957273e+02	 5.217870e+00	 
 7.601902e-03	 8.958848e-01	 1.093274e-02	 1.331457e-01	 1.045608e+03	 5.259065e+00	 
 7.644390e-03	 8.924456e-01	 1.135706e-02	 1.347656e-01	 1.051336e+03	 5.263757e+00	 
 7.960263e-03	 9.010755e-01	 7.027874e-03	 1.323331e-01	 1.016498e+03	 5.211790e+00	 
 7.672834e-03	 8.918643e-01	 1.181252e-02	 1.347954e-01	 1.053880e+03	 5.264271e+00	 
 7.591420e-03	 9.109678e-01	 1.926862e-03	 1.294661e-01	 1.058169e+03	 5.231765e+00	 
 8.215483e-03	 9.030512e-01	 4.332938e-04	 1.342199e-01	 1.059625e+03	 5.202134e+00	 
 7.591420e-03	 9.109678e-01	 1.926862e-03	 1.294661e-01	 1.058169e+03	 5.231765e+00	 
 7.591420e-03	 9.109678e-01	 1.926862e-03	 1.294661e-01	 1.058169e+03	 5.231765e+00	 
 7.653165e-03	 9.068974e-01	 3.734608e-03	 1.305923e-01	 1.071608e+03	 5.240958e+00	 
 7.592413e-03	 9.102027e-01	 2.338021e-03	 1.296800e-01	 1.057264e+03	 5.232938e+00	 
 7.591420e-03	 9.109678e-01	 1.926862e-03	 1.294661e-01	 1.058169e+03	 5.231765e+00	 
 7.592413e-03	 9.102027e-01	 2.338021e-03	 1.296800e-01	 1.057264e+03	 5.232938e+00	 
 8.444672e-03	 9.064665e-01	 1.131797e-02	 1.256621e-01	 1.106677e+03	 5.215702e+00	 
 7.593358e-03	 9.094757e-01	 2.728722e-03	 1.298833e-01	 1.056404e+03	 5.234054e+00	 
 7.591420e-03	 9.109678e-01	 1.926862e-03	 1.294661e-01	 1.058169e+03	 5.231765e+00	 
 7.582595e-03	 9.107691e-01	 2.931550e-03	 1.289855e-01	 1.063194e+03	 5.236027e+00	 
 7.592413e-03	 9.102027e-01	 2.338021e-03	 1.296800e-01	 1.057264e+03	 5.232938e+00	 
 7.592413e-03	 9.102027e-01	 2.338021e-03	 1.296800e-01	 1.057264e+03	 5.232938e+00	 
 7.897991e-03	 9.141577e-01	 4.200229e-03	 1.261661e-01	 1.056813e+03	 5.209924e+00	 
 7.653165e-03	 9.068974e-01	 3.734608e-03	 1.305923e-01	 1.071608e+03	 5.240958e+00	 
 8.215483e-03	 9.030512e-01	 4.332938e-04	 1.342199e-01	 1.059625e+03	 5.202134e+00	 
 7.554815e-03	 9.112744e-01	 2.513960e-03	 1.289773e-01	 1.060646e+03	 5.235649e+00	 
 