3.273746e-01	 5.637770e-01	 1.769820e-04	 6.874440e-02	 1.778338e+01	 9.702228e+00	 
 3.259647e-01	 5.645136e-01	 1.417641e-04	 6.953295e-02	 1.522443e+01	 9.699521e+00	 
 3.280048e-01	 5.632476e-01	 1.786995e-04	 6.852574e-02	 1.761155e+01	 9.710879e+00	 
 3.261697e-01	 5.640191e-01	 1.213160e-04	 6.967744e-02	 1.301480e+01	 9.707057e+00	 
 3.268431e-01	 5.637409e-01	 1.436990e-04	 6.925145e-02	 1.471353e+01	 9.699248e+00	 
 3.278845e-01	 5.632110e-01	 1.782237e-04	 6.865943e-02	 1.653761e+01	 9.663358e+00	 
 2.413491e-01	 5.447567e-01	 1.378328e-03	 1.592084e-01	 5.483553e+01	 5.631900e+00	 
 2.413491e-01	 5.447567e-01	 1.378328e-03	 1.592084e-01	 5.483553e+01	 5.631900e+00	 
 2.402978e-01	 5.583135e-01	 1.650714e-03	 1.514537e-01	 8.182613e+01	 5.857625e+00	 
 2.412001e-01	 5.449225e-01	 1.376644e-03	 1.592312e-01	 5.501019e+01	 5.634250e+00	 
 2.413925e-01	 5.447453e-01	 1.278655e-03	 1.591872e-01	 6.033692e+01	 5.650789e+00	 
 2.418145e-01	 5.433911e-01	 1.349525e-03	 1.594787e-01	 7.432989e+01	 5.660076e+00	 
 2.433002e-01	 7.832662e-01	 3.945484e-03	 6.988494e-03	 1.182114e+03	 8.496975e+00	 
 2.364848e-01	 7.742933e-01	 3.647137e-03	 1.808387e-02	 1.134857e+03	 8.417436e+00	 
 2.391286e-01	 7.952779e-01	 4.511983e-03	 2.592332e-03	 1.243942e+03	 8.465972e+00	 
 2.403853e-01	 7.865387e-01	 3.852100e-03	 7.190629e-03	 1.210320e+03	 8.532085e+00	 
 2.411471e-01	 7.701032e-01	 3.542363e-03	 1.709467e-02	 1.107923e+03	 8.437551e+00	 
 2.433002e-01	 7.832662e-01	 3.945484e-03	 6.988494e-03	 1.182114e+03	 8.496975e+00	 
 1.640868e-01	 8.981840e-01	 2.942073e-03	 2.990602e-03	 1.782064e+03	 1.037208e+01	 
 1.640868e-01	 8.981840e-01	 2.942073e-03	 2.990602e-03	 1.782064e+03	 1.037208e+01	 
 1.754657e-01	 8.411111e-01	 2.502166e-03	 2.899033e-02	 1.419384e+03	 1.002517e+01	 
 1.640860e-01	 8.981805e-01	 2.942014e-03	 2.993606e-03	 1.782028e+03	 1.037206e+01	 
 1.683817e-01	 8.641641e-01	 2.802401e-03	 2.041296e-02	 1.564432e+03	 1.011991e+01	 
 1.640868e-01	 8.981840e-01	 2.942073e-03	 2.990602e-03	 1.782064e+03	 1.037208e+01	 
 1.691836e-01	 7.455979e-01	 2.239597e-03	 8.858276e-02	 9.239070e+02	 8.119625e+00	 
 1.691499e-01	 7.494202e-01	 2.310122e-03	 8.618464e-02	 9.491974e+02	 8.120737e+00	 
 1.741701e-01	 7.363886e-01	 2.192854e-03	 9.078308e-02	 8.343679e+02	 8.097033e+00	 
 1.764734e-01	 7.445636e-01	 2.290847e-03	 8.392306e-02	 8.798023e+02	 8.131567e+00	 
 1.651711e-01	 7.553401e-01	 2.530626e-03	 8.533138e-02	 1.001570e+03	 8.059748e+00	 
 1.684753e-01	 7.470672e-01	 2.282256e-03	 8.816757e-02	 9.361591e+02	 8.109335e+00	 
 2.193146e-01	 6.550168e-01	 1.888344e-03	 1.064655e-01	 4.287801e+02	 7.454378e+00	 
 2.204006e-01	 6.586160e-01	 1.710245e-03	 1.032766e-01	 4.646995e+02	 7.566692e+00	 
 2.192506e-01	 6.552812e-01	 1.892405e-03	 1.063450e-01	 4.307796e+02	 7.453241e+00	 
 2.180046e-01	 6.594363e-01	 1.770830e-03	 1.046415e-01	 4.704952e+02	 7.524580e+00	 
 2.136572e-01	 6.563750e-01	 1.939307e-03	 1.100629e-01	 4.418274e+02	 7.405201e+00	 
 2.166218e-01	 6.553118e-01	 1.859969e-03	 1.084054e-01	 4.344592e+02	 7.454592e+00	 
 2.924214e-01	 6.469048e-01	 2.656799e-03	 5.386612e-02	 2.738445e+02	 7.608657e+00	 
 2.900996e-01	 6.407652e-01	 2.514680e-03	 5.967792e-02	 2.324041e+02	 7.585414e+00	 
 2.902170e-01	 6.410583e-01	 2.794034e-03	 5.939483e-02	 2.224750e+02	 7.491966e+00	 
 2.846304e-01	 6.418479e-01	 2.465950e-03	 6.330490e-02	 2.474448e+02	 7.561222e+00	 
 2.899910e-01	 6.404851e-01	 2.381959e-03	 5.994542e-02	 2.360300e+02	 7.632924e+00	 
 2.846304e-01	 6.418479e-01	 2.465950e-03	 6.330490e-02	 2.474448e+02	 7.561222e+00	 
 2.406592e-01	 6.516864e-01	 2.075435e-03	 9.315065e-02	 3.400103e+02	 7.754362e+00	 
 2.396003e-01	 6.518407e-01	 2.067027e-03	 9.388442e-02	 3.419453e+02	 7.744120e+00	 
 2.373388e-01	 6.521720e-01	 2.270369e-03	 9.545099e-02	 3.365214e+02	 7.628994e+00	 
 2.396022e-01	 6.518394e-01	 2.175874e-03	 9.388352e-02	 3.372667e+02	 7.697296e+00	 
 2.406659e-01	 6.516816e-01	 2.184870e-03	 9.314739e-02	 3.353356e+02	 7.707582e+00	 
 2.396003e-01	 6.518407e-01	 2.067027e-03	 9.388442e-02	 3.419453e+02	 7.744120e+00	 
 9.675865e-02	 6.726427e-01	 1.493600e-02	 1.928785e-01	 1.094227e-01	 6.829502e+00	 
 4.958786e-02	 7.288704e-01	 2.001317e-02	 1.940269e-01	 1.978735e+02	 7.156217e+00	 
 9.675877e-02	 6.726425e-01	 1.493599e-02	 1.928785e-01	 1.099324e-01	 6.829502e+00	 
 9.675877e-02	 6.726425e-01	 1.493599e-02	 1.928785e-01	 1.099324e-01	 6.829502e+00	 
 4.958786e-02	 7.288704e-01	 2.001317e-02	 1.940269e-01	 1.978735e+02	 7.156217e+00	 
 9.677002e-02	 6.726476e-01	 1.493362e-02	 1.928682e-01	 1.106315e-01	 6.829342e+00	 
 2.846304e-01	 6.418479e-01	 2.465950e-03	 6.330490e-02	 2.474448e+02	 7.561222e+00	 
 2.901025e-01	 6.407638e-01	 2.647080e-03	 5.967632e-02	 2.266103e+02	 7.537865e+00	 
 2.901024e-01	 6.407639e-01	 2.647078e-03	 5.967640e-02	 2.266101e+02	 7.537864e+00	 
 2.900999e-01	 6.407651e-01	 2.514684e-03	 5.967780e-02	 2.324046e+02	 7.585416e+00	 
 2.901052e-01	 6.407624e-01	 2.786449e-03	 5.967479e-02	 2.205109e+02	 7.490972e+00	 
 2.899939e-01	 6.404857e-01	 2.508210e-03	 5.994254e-02	 2.305173e+02	 7.584519e+00	 
 2.972161e-01	 6.590454e-01	 1.177028e-02	 4.219674e-02	 3.010526e+01	 7.033618e+00	 
 3.133652e-01	 7.015728e-01	 1.571415e-02	 1.882024e-03	 1.276317e+02	 7.177392e+00	 
 3.133652e-01	 7.015728e-01	 1.571415e-02	 1.882024e-03	 1.276317e+02	 7.177392e+00	 
 2.972172e-01	 6.590450e-01	 1.177036e-02	 4.219605e-02	 3.010538e+01	 7.033625e+00	 
 2.727186e-01	 6.622280e-01	 1.077375e-02	 5.952304e-02	 5.783261e+01	 6.901332e+00	 
 3.133652e-01	 7.015728e-01	 1.571415e-02	 1.882024e-03	 1.276317e+02	 7.177392e+00	 
 2.977421e-01	 6.604275e-01	 1.189856e-02	 4.088558e-02	 2.497771e+01	 7.037510e+00	 
 2.971566e-01	 6.588888e-01	 1.175575e-02	 4.234522e-02	 3.068598e+01	 7.033182e+00	 
 2.971566e-01	 6.588888e-01	 1.175575e-02	 4.234522e-02	 3.068598e+01	 7.033182e+00	 
 2.977421e-01	 6.604275e-01	 1.189856e-02	 4.088555e-02	 2.497783e+01	 7.037510e+00	 
 2.977415e-01	 6.604277e-01	 1.189852e-02	 4.088594e-02	 2.497767e+01	 7.037507e+00	 
 2.977421e-01	 6.604275e-01	 1.189856e-02	 4.088558e-02	 2.497771e+01	 7.037510e+00	 
 2.899910e-01	 6.404851e-01	 2.381959e-03	 5.994542e-02	 2.360300e+02	 7.632924e+00	 
 2.901022e-01	 6.407639e-01	 2.647075e-03	 5.967647e-02	 2.266099e+02	 7.537864e+00	 
 2.902170e-01	 6.410583e-01	 2.794034e-03	 5.939483e-02	 2.224750e+02	 7.491966e+00	 
 2.903356e-01	 6.413714e-01	 2.802068e-03	 5.909831e-02	 2.245545e+02	 7.493038e+00	 
 2.846304e-01	 6.418479e-01	 2.465950e-03	 6.330490e-02	 2.474448e+02	 7.561222e+00	 
 2.900999e-01	 6.407651e-01	 2.514684e-03	 5.967778e-02	 2.324045e+02	 7.585416e+00	 
 2.846304e-01	 6.418479e-01	 2.465950e-03	 6.330490e-02	 2.474448e+02	 7.561222e+00	 
 2.900999e-01	 6.407651e-01	 2.514684e-03	 5.967780e-02	 2.324046e+02	 7.585416e+00	 
 2.899910e-01	 6.404851e-01	 2.381959e-03	 5.994542e-02	 2.360300e+02	 7.632924e+00	 
 2.924214e-01	 6.469048e-01	 2.656799e-03	 5.386612e-02	 2.738445e+02	 7.608657e+00	 
 2.899941e-01	 6.404856e-01	 2.508212e-03	 5.994247e-02	 2.305175e+02	 7.584520e+00	 
 2.898941e-01	 6.402214e-01	 2.502095e-03	 6.019260e-02	 2.287340e+02	 7.583688e+00	 
 2.899966e-01	 6.404843e-01	 2.640266e-03	 5.994102e-02	 2.247382e+02	 7.536955e+00	 
 2.899910e-01	 6.404851e-01	 2.381959e-03	 5.994542e-02	 2.360300e+02	 7.632924e+00	 
 2.900999e-01	 6.407651e-01	 2.514684e-03	 5.967780e-02	 2.324046e+02	 7.585416e+00	 
 2.902171e-01	 6.410583e-01	 2.794036e-03	 5.939474e-02	 2.224752e+02	 7.491967e+00	 
 2.904637e-01	 6.417016e-01	 2.958549e-03	 5.878287e-02	 2.202799e+02	 7.448152e+00	 
 2.897104e-01	 6.397352e-01	 2.490845e-03	 6.065268e-02	 2.254532e+02	 7.582197e+00	 
 2.902170e-01	 6.410583e-01	 2.794034e-03	 5.939483e-02	 2.224750e+02	 7.491966e+00	 
 2.846304e-01	 6.418479e-01	 2.465950e-03	 6.330490e-02	 2.474448e+02	 7.561222e+00	 
 2.902171e-01	 6.410583e-01	 2.794036e-03	 5.939474e-02	 2.224752e+02	 7.491967e+00	 
 2.901025e-01	 6.407638e-01	 2.647080e-03	 5.967632e-02	 2.266103e+02	 7.537865e+00	 
 2.924214e-01	 6.469048e-01	 2.656799e-03	 5.386612e-02	 2.738445e+02	 7.608657e+00	 
 2.903354e-01	 6.413715e-01	 2.802065e-03	 5.909839e-02	 2.245543e+02	 7.493037e+00	 
 2.899968e-01	 6.404842e-01	 2.640268e-03	 5.994095e-02	 2.247383e+02	 7.536956e+00	 
 2.899968e-01	 6.404842e-01	 2.640268e-03	 5.994095e-02	 2.247383e+02	 7.536956e+00	 
 2.899968e-01	 6.404842e-01	 2.640268e-03	 5.994095e-02	 2.247383e+02	 7.536956e+00	 
 2.903354e-01	 6.413715e-01	 2.802065e-03	 5.909839e-02	 2.245543e+02	 7.493037e+00	 
 2.900998e-01	 6.407652e-01	 2.514682e-03	 5.967785e-02	 2.324043e+02	 7.585415e+00	 
 2.924214e-01	 6.469048e-01	 2.656799e-03	 5.386612e-02	 2.738445e+02	 7.608657e+00	 
 3.206921e-01	 5.669774e-01	 1.561785e-04	 7.267440e-02	 2.092847e-01	 8.721215e+00	 
 3.201170e-01	 5.674843e-01	 1.546368e-04	 7.285802e-02	 5.575902e-01	 8.715915e+00	 
 3.210428e-01	 5.668187e-01	 1.572804e-04	 7.246191e-02	 1.206563e+00	 8.742987e+00	 
 3.207628e-01	 5.669151e-01	 1.563680e-04	 7.265183e-02	 1.664447e-01	 8.722017e+00	 
 3.210428e-01	 5.668187e-01	 1.572804e-04	 7.246191e-02	 1.206563e+00	 8.742987e+00	 
 3.206198e-01	 5.670409e-01	 1.641949e-04	 7.269754e-02	 7.543591e-02	 8.719490e+00	 
 3.205438e-01	 5.671076e-01	 1.726113e-04	 7.272192e-02	 6.546706e-02	 8.717703e+00	 
 3.210672e-01	 5.668050e-01	 1.656366e-04	 7.244888e-02	 1.076418e+00	 8.741723e+00	 
 3.210672e-01	 5.668050e-01	 1.656366e-04	 7.244888e-02	 1.076418e+00	 8.741723e+00	 
 3.205451e-01	 5.671064e-01	 1.726163e-04	 7.272156e-02	 6.542024e-02	 8.717731e+00	 
 3.208881e-01	 5.668056e-01	 1.338870e-04	 7.261148e-02	 5.808946e-01	 8.726134e+00	 
 3.210672e-01	 5.668050e-01	 1.656366e-04	 7.244888e-02	 1.076418e+00	 8.741723e+00	 
 2.898940e-01	 6.402214e-01	 2.502093e-03	 6.019267e-02	 2.287339e+02	 7.583687e+00	 
 2.902141e-01	 6.410598e-01	 2.654284e-03	 5.939644e-02	 2.285908e+02	 7.538843e+00	 
 2.904639e-01	 6.417015e-01	 2.958552e-03	 5.878278e-02	 2.202801e+02	 7.448153e+00	 
 2.899966e-01	 6.404843e-01	 2.640266e-03	 5.994102e-02	 2.247382e+02	 7.536955e+00	 
 2.899910e-01	 6.404851e-01	 2.381959e-03	 5.994542e-02	 2.360300e+02	 7.632924e+00	 
 2.902171e-01	 6.410583e-01	 2.794036e-03	 5.939474e-02	 2.224752e+02	 7.491967e+00	 
 2.902171e-01	 6.410583e-01	 2.794036e-03	 5.939474e-02	 2.224752e+02	 7.491967e+00	 
 2.846304e-01	 6.418479e-01	 2.465950e-03	 6.330490e-02	 2.474448e+02	 7.561222e+00	 
 2.899941e-01	 6.404856e-01	 2.508212e-03	 5.994247e-02	 2.305175e+02	 7.584520e+00	 
 2.897997e-01	 6.399715e-01	 2.496312e-03	 6.042909e-02	 2.270478e+02	 7.582915e+00	 
 2.846304e-01	 6.418479e-01	 2.465950e-03	 6.330490e-02	 2.474448e+02	 7.561222e+00	 
 2.903353e-01	 6.413715e-01	 2.802063e-03	 5.909847e-02	 2.245541e+02	 7.493036e+00	 
 2.991556e-01	 6.640727e-01	 1.356159e-02	 3.740452e-02	 6.935294e+01	 7.043741e+00	 
 2.991569e-01	 6.640722e-01	 1.356169e-02	 3.740372e-02	 6.935322e+01	 7.043748e+00	 
 2.999171e-01	 6.660286e-01	 1.448894e-02	 3.553412e-02	 9.468178e+01	 7.047758e+00	 
 2.991569e-01	 6.640722e-01	 1.356169e-02	 3.740369e-02	 6.935337e+01	 7.043749e+00	 
 2.953524e-01	 6.542818e-01	 8.921266e-03	 4.676020e-02	 5.740366e+01	 7.035812e+00	 
 2.991569e-01	 6.640722e-01	 1.356169e-02	 3.740372e-02	 6.935322e+01	 7.043748e+00	 
 2.924214e-01	 6.469048e-01	 2.656799e-03	 5.386612e-02	 2.738445e+02	 7.608657e+00	 
 2.902171e-01	 6.410583e-01	 2.794036e-03	 5.939474e-02	 2.224752e+02	 7.491967e+00	 
 2.899942e-01	 6.404855e-01	 2.508214e-03	 5.994240e-02	 2.305177e+02	 7.584521e+00	 
 2.899910e-01	 6.404851e-01	 2.381959e-03	 5.994542e-02	 2.360300e+02	 7.632924e+00	 
 2.903356e-01	 6.413714e-01	 2.802068e-03	 5.909831e-02	 2.245545e+02	 7.493038e+00	 
 2.901024e-01	 6.407639e-01	 2.647078e-03	 5.967640e-02	 2.266101e+02	 7.537864e+00	 
 2.374112e-01	 6.521634e-01	 2.049510e-03	 9.540012e-02	 3.459029e+02	 7.722825e+00	 
 2.374112e-01	 6.521634e-01	 2.049510e-03	 9.540012e-02	 3.459029e+02	 7.722825e+00	 
 2.401859e-01	 6.517554e-01	 2.014269e-03	 9.347858e-02	 3.433476e+02	 7.775644e+00	 
 2.374112e-01	 6.521634e-01	 2.049510e-03	 9.540012e-02	 3.459029e+02	 7.722825e+00	 
 2.373404e-01	 6.521708e-01	 2.270422e-03	 9.545025e-02	 3.365292e+02	 7.629017e+00	 
 2.406659e-01	 6.516816e-01	 2.184870e-03	 9.314739e-02	 3.353356e+02	 7.707582e+00	 
 1.002541e-01	 6.721047e-01	 1.620736e-02	 1.904667e-01	 5.969791e+01	 6.778433e+00	 
 9.245609e-02	 6.732724e-01	 1.514498e-02	 1.958592e-01	 2.760039e+00	 6.874309e+00	 
 9.670675e-02	 6.726207e-01	 1.656162e-02	 1.929253e-01	 6.967794e+01	 6.815160e+00	 
 1.002542e-01	 6.721046e-01	 1.620735e-02	 1.904667e-01	 5.969839e+01	 6.778433e+00	 
 4.887085e-02	 7.347322e-01	 2.236376e-02	 1.908336e-01	 1.389037e+02	 7.144922e+00	 
 1.002541e-01	 6.721047e-01	 1.620736e-02	 1.904667e-01	 5.969791e+01	 6.778433e+00	 
 2.899966e-01	 6.404843e-01	 2.640266e-03	 5.994102e-02	 2.247382e+02	 7.536955e+00	 
 2.924214e-01	 6.469048e-01	 2.656799e-03	 5.386612e-02	 2.738445e+02	 7.608657e+00	 
 2.902144e-01	 6.410596e-01	 2.654288e-03	 5.939629e-02	 2.285912e+02	 7.538845e+00	 
 2.924214e-01	 6.469048e-01	 2.656799e-03	 5.386612e-02	 2.738445e+02	 7.608657e+00	 
 2.899939e-01	 6.404857e-01	 2.508210e-03	 5.994254e-02	 2.305173e+02	 7.584519e+00	 
 2.902141e-01	 6.410598e-01	 2.654284e-03	 5.939644e-02	 2.285908e+02	 7.538843e+00	 
 2.409295e-01	 5.459874e-01	 1.273193e-03	 1.589652e-01	 4.557202e+01	 5.632308e+00	 
 2.409295e-01	 5.459874e-01	 1.273193e-03	 1.589652e-01	 4.557202e+01	 5.632308e+00	 
 2.403337e-01	 5.474797e-01	 1.297304e-03	 1.587223e-01	 2.682119e+01	 5.612614e+00	 
 2.405335e-01	 5.472587e-01	 1.206512e-03	 1.586915e-01	 3.244038e+01	 5.621397e+00	 
 2.409295e-01	 5.459874e-01	 1.273193e-03	 1.589652e-01	 4.557202e+01	 5.632308e+00	 
 2.405335e-01	 5.472587e-01	 1.206512e-03	 1.586915e-01	 3.244038e+01	 5.621397e+00	 
 2.431835e-01	 5.443351e-01	 1.297551e-03	 1.582788e-01	 2.469136e+01	 5.572510e+00	 
 2.431837e-01	 5.443343e-01	 1.232662e-03	 1.582791e-01	 2.881213e+01	 5.580967e+00	 
 2.431838e-01	 5.443333e-01	 1.232642e-03	 1.582797e-01	 2.881139e+01	 5.580950e+00	 
 2.431830e-01	 5.443376e-01	 1.365894e-03	 1.582776e-01	 2.035465e+01	 5.565716e+00	 
 2.396932e-01	 5.481859e-01	 1.198216e-03	 1.588223e-01	 3.359056e+01	 5.634312e+00	 
 2.431838e-01	 5.443342e-01	 1.206725e-03	 1.582791e-01	 3.046058e+01	 5.585061e+00	 
 