Condicionamento
1.697775e+02	 
 4.245812e+04	 
 1.873872e+05	 
 8.352688e+02	 
 2.268514e+03	 
 4.153301e+02	 
 2.863621e+04	 
 2.207068e+02	 
 7.729717e+05	 
 2.786860e+02	 
 2.161171e+02	 
 1.522208e+02	 
 1.523607e+02	 
 2.173037e+02	 
 2.245206e+02	 
 2.099284e+02	 
 2.094595e+02	 
 2.245206e+02	 
 2.099284e+02	 
 2.161369e+02	 
 1.873872e+05	 
 1.873872e+05	 
 2.033261e+02	 
 4.245812e+04	 
 4.245812e+04	 
 2.170506e+02	 
 2.266030e+03	 
 2.266234e+03	 
 2.095013e+02	 
 2.173137e+02	 
 1.644342e+02	 
 2.181121e+02	 
 1.526263e+02	 
 1.524963e+02	 
 2.173137e+02	 
 4.288602e+02	 
 4.227655e+02	 
 2.161094e+02	 
 2.268335e+03	 
 2.256917e+03	 
 