minimo	maximo	maximTot	minimTot	
7.111952e+02	 4.497415e+03	 5.757000e+02	 1268	 
 4.902889e+00	 2.124028e+03	 1.440000e+01	 2.732700e+03	 
 1.714105e+00	 2.771639e+03	 1.990000e+01	 2.636700e+03	 
 1.058622e+00	 3.054146e+03	 1.334400e+03	 2.219100e+03	 
 2.028913e+02	 2.771639e+03	 5.757000e+02	 9.253000e+02	 
 1.279272e-01	 4.497415e+03	 5.800000e+00	 2.410000e+01	 
 9.160099e+00	 2.771639e+03	 5.800000e+00	 2.150000e+01	 
 4.902889e+00	 2.081646e+03	 1.186300e+03	 2.092400e+03	 
 4.962044e+02	 2.771639e+03	 5.757000e+02	 7.905000e+02	 
 7.881920e-02	 1.677765e+03	 5.800000e+00	 1.450000e+01	 
 4.565646e-02	 4.497415e+03	 1.680000e+01	 3.940000e+01	 
 4.902889e+00	 1.912116e+03	 1.166900e+03	 2.092400e+03	 
 4.338225e+02	 2.771639e+03	 5.757000e+02	 8.662000e+02	 
 4.902889e+00	 2.124028e+03	 3.220000e+01	 2.732700e+03	 
 1.714105e+00	 2.771639e+03	 3.220000e+01	 2.636700e+03	 
 6.336948e-01	 3.133329e+03	 1.409600e+03	 2.516400e+03	 
 7.111952e+02	 4.497415e+03	 5.757000e+02	 6.681000e+02	 
 4.902889e+00	 2.018072e+03	 1.040000e+01	 2.384100e+03	 
 1.446779e+01	 2.771639e+03	 1.020000e+01	 3.310000e+01	 
 1.058622e+00	 2.914204e+03	 1.166900e+03	 2.857800e+03	 
 7.111952e+02	 4.497415e+03	 6.002000e+02	 1.029200e+03	 
 4.902889e+00	 2.018072e+03	 1.020000e+01	 2.384100e+03	 
 1.058621e+00	 2.771639e+03	 2.270000e+01	 2.005600e+03	 
 4.414301e+02	 2.771639e+03	 1.166900e+03	 1.540700e+03	 
 3.896988e+02	 2.771639e+03	 5.757000e+02	 8.662000e+02	 
 4.923666e+00	 4.497415e+03	 6.200000e+00	 2.636700e+03	 
 4.902891e+00	 1.869733e+03	 1.250000e+01	 1.085000e+02	 
 3.804815e+00	 4.497415e+03	 1.181500e+03	 1.899300e+03	 
 7.111952e+02	 4.497415e+03	 6.002000e+02	 7.377000e+02	 
 4.923666e+00	 4.497415e+03	 2.270000e+01	 2.636700e+03	 
 3.620163e+01	 3.296466e+03	 1.085000e+02	 2.732700e+03	 
 3.868248e+02	 2.925040e+03	 1.467300e+03	 1.795400e+03	 
 7.111952e+02	 4.497415e+03	 5.757000e+02	 6.795000e+02	 
 4.902889e+00	 2.145220e+03	 3.220000e+01	 2.732700e+03	 
 2.138011e+01	 4.497305e+03	 5.800000e+00	 1.450000e+01	 
 1.058627e+00	 2.771639e+03	 9.871000e+02	 2.857800e+03	 
 7.111952e+02	 4.497415e+03	 5.757000e+02	 6.681000e+02	 
 4.923666e+00	 4.497415e+03	 2.640000e+01	 2.636700e+03	 
 8.968765e+01	 4.497415e+03	 18	 1.564800e+03	 
 4.536021e+02	 2.771639e+03	 1.166900e+03	 1354	 
 7.111952e+02	 4.497415e+03	 5.757000e+02	 6.681000e+02	 
 7.111952e+02	 4.497415e+03	 5.757000e+02	 6.681000e+02	 
 7.111952e+02	 4.497415e+03	 5.757000e+02	 6.681000e+02	 
 7.111952e+02	 4.497415e+03	 5.757000e+02	 6.681000e+02	 
 7.111952e+02	 4.497415e+03	 5.757000e+02	 6.681000e+02	 
 7.111952e+02	 4.497415e+03	 5.757000e+02	 6.681000e+02	 
 7.111952e+02	 4.497415e+03	 5.757000e+02	 6.681000e+02	 
 7.111952e+02	 4.497415e+03	 5.757000e+02	 6.681000e+02	 
 7.111952e+02	 4.497415e+03	 5.757000e+02	 6.681000e+02	 
 7.111952e+02	 4.497415e+03	 6.002000e+02	 6.681000e+02	 
 7.111952e+02	 4.497415e+03	 5.757000e+02	 6.681000e+02	 
 7.111952e+02	 4.497415e+03	 5.757000e+02	 6.681000e+02	 
 7.111952e+02	 4.497415e+03	 5.757000e+02	 6.681000e+02	 
 7.111952e+02	 4.497415e+03	 5.757000e+02	 686	 
 7.111952e+02	 4.497415e+03	 5.757000e+02	 7.284000e+02	 
 7.111952e+02	 4.497415e+03	 5.757000e+02	 7.377000e+02	 
 7.111952e+02	 4.497415e+03	 5.757000e+02	 6.681000e+02	 
 7.111952e+02	 4.497415e+03	 5.757000e+02	 6.681000e+02	 
 7.111952e+02	 4.497415e+03	 5.757000e+02	 6.681000e+02	 
 7.111952e+02	 4.497415e+03	 5.757000e+02	 6.681000e+02	 
 7.111952e+02	 4.497415e+03	 5.757000e+02	 6.681000e+02	 
 7.111952e+02	 4.497415e+03	 5.757000e+02	 6.681000e+02	 
 7.111952e+02	 4.497415e+03	 5.757000e+02	 6.681000e+02	 
 7.111952e+02	 4.497415e+03	 5.757000e+02	 6.681000e+02	 
 7.111952e+02	 4.497415e+03	 5.757000e+02	 6.681000e+02	 
 7.111952e+02	 4.497415e+03	 6.002000e+02	 6.681000e+02	 
 7.111952e+02	 4.497415e+03	 5.757000e+02	 6.681000e+02	 
 7.111952e+02	 4.497415e+03	 5.757000e+02	 6.681000e+02	 
 7.111952e+02	 4.497415e+03	 5.757000e+02	 6.681000e+02	 
 7.111952e+02	 4.497415e+03	 5.757000e+02	 686	 
 7.111952e+02	 4.497415e+03	 5.757000e+02	 7.284000e+02	 
 7.111952e+02	 4.497415e+03	 5.757000e+02	 7.377000e+02	 
 7.111952e+02	 4.497415e+03	 5.757000e+02	 7.808000e+02	 
 7.111952e+02	 4.497415e+03	 5.757000e+02	 7.905000e+02	 
 7.111952e+02	 4.497415e+03	 5.757000e+02	 7.404000e+02	 
 7.111952e+02	 4.497415e+03	 5.757000e+02	 7.621000e+02	 
 7.111952e+02	 4.497415e+03	 5.757000e+02	 7.364000e+02	 
 7.111952e+02	 4.497415e+03	 5.757000e+02	 7.106000e+02	 
 7.111952e+02	 4.497415e+03	 5.757000e+02	 7.082000e+02	 
 7.111952e+02	 4.497415e+03	 5.757000e+02	 7.008000e+02	 
 7.111952e+02	 4.497415e+03	 5.757000e+02	 6.823000e+02	 
 7.111952e+02	 4.497415e+03	 5.757000e+02	 6.801000e+02	 
 7.111952e+02	 4.497415e+03	 5.757000e+02	 6.681000e+02	 
 7.111952e+02	 4.497415e+03	 5.757000e+02	 6.897000e+02	 
 7.111952e+02	 4.497415e+03	 5.757000e+02	 6.681000e+02	 
 7.111952e+02	 4.497415e+03	 5.757000e+02	 6.795000e+02	 
 7.111952e+02	 4.497415e+03	 5.757000e+02	 6.681000e+02	 
 7.111952e+02	 4.497415e+03	 5.757000e+02	 6.681000e+02	 
 7.111952e+02	 4.497415e+03	 5.757000e+02	 6.681000e+02	 
 7.111952e+02	 4.497415e+03	 5.757000e+02	 686	 
 7.111952e+02	 4.497415e+03	 5.757000e+02	 7.284000e+02	 
 7.111952e+02	 4.497415e+03	 5.757000e+02	 7.377000e+02	 
 7.111952e+02	 4.497415e+03	 5.757000e+02	 6.681000e+02	 
 7.111952e+02	 4.497415e+03	 5.757000e+02	 6.681000e+02	 
 7.111952e+02	 4.497415e+03	 5.757000e+02	 6.681000e+02	 
 7.111952e+02	 4.497415e+03	 5.757000e+02	 6.681000e+02	 
 7.111952e+02	 4.497415e+03	 5.757000e+02	 6.681000e+02	 
 7.111952e+02	 4.497415e+03	 5.757000e+02	 6.666000e+02	 
 7.111952e+02	 4.497415e+03	 5.757000e+02	 6.681000e+02	 
 7.111952e+02	 4.497415e+03	 5.757000e+02	 6.681000e+02	 
 4.426419e+02	 2.771639e+03	 5.757000e+02	 9.253000e+02	 
 4.506395e+02	 2.771639e+03	 5.757000e+02	 8.677000e+02	 
 4.614071e+02	 2.771639e+03	 5.757000e+02	 9.112000e+02	 
 4.604694e+02	 2.771639e+03	 5.757000e+02	 8.412000e+02	 
 4.969221e+02	 2.771639e+03	 5.757000e+02	 8.662000e+02	 
 7.111952e+02	 4.497415e+03	 5.757000e+02	 8.072000e+02	 
 7.111952e+02	 4.497415e+03	 5.757000e+02	 843	 
 7.111952e+02	 4.497415e+03	 5.757000e+02	 7.808000e+02	 
 7.111952e+02	 4.497415e+03	 5.757000e+02	 7.905000e+02	 
 7.111952e+02	 4.497415e+03	 5.757000e+02	 7.404000e+02	 
 7.111952e+02	 4.497415e+03	 5.757000e+02	 7.621000e+02	 
 7.111952e+02	 4.497415e+03	 5.757000e+02	 7.364000e+02	 
 7.111952e+02	 4.497415e+03	 5.757000e+02	 7.106000e+02	 
 7.111952e+02	 4.497415e+03	 5.757000e+02	 7.082000e+02	 
 7.111952e+02	 4.497415e+03	 5.757000e+02	 7.008000e+02	 
 7.111952e+02	 4.497415e+03	 5.757000e+02	 6.823000e+02	 
 7.111952e+02	 4.497415e+03	 5.757000e+02	 6.801000e+02	 
 7.111952e+02	 4.497415e+03	 5.757000e+02	 6.681000e+02	 
 7.111952e+02	 4.497415e+03	 5.757000e+02	 6.897000e+02	 
 7.111952e+02	 4.497415e+03	 5.757000e+02	 6.681000e+02	 
 7.111952e+02	 4.497415e+03	 5.757000e+02	 6.795000e+02	 
 7.111952e+02	 4.497415e+03	 5.757000e+02	 6.681000e+02	 
 7.111952e+02	 4.497415e+03	 5.757000e+02	 6.681000e+02	 
 7.111952e+02	 4.497415e+03	 5.757000e+02	 6.681000e+02	 
 7.111952e+02	 4.497415e+03	 5.757000e+02	 6.681000e+02	 
 7.111952e+02	 4.497415e+03	 5.757000e+02	 6.681000e+02	 
 7.111952e+02	 4.497415e+03	 5.757000e+02	 6.681000e+02	 
 7.111952e+02	 4.497415e+03	 5.757000e+02	 6.681000e+02	 
 7.111952e+02	 4.497415e+03	 5.757000e+02	 6.681000e+02	 
 7.111952e+02	 4.497415e+03	 5.757000e+02	 6.681000e+02	 
 7.111952e+02	 4.497415e+03	 5.757000e+02	 6.681000e+02	 
 7.111952e+02	 4.497415e+03	 5.757000e+02	 6.681000e+02	 
 7.111952e+02	 4.497415e+03	 5.757000e+02	 6.681000e+02	 
 7.111952e+02	 4.497415e+03	 5.757000e+02	 6.681000e+02	 
 7.111952e+02	 4.497415e+03	 5.757000e+02	 6.681000e+02	 
 7.111952e+02	 4.497415e+03	 5.757000e+02	 6.681000e+02	 
 7.111952e+02	 4.497415e+03	 5.757000e+02	 6.681000e+02	 
 7.111952e+02	 4.497415e+03	 6.002000e+02	 6.681000e+02	 
 7.111952e+02	 4.497415e+03	 5.757000e+02	 6.681000e+02	 
 7.111952e+02	 4.497415e+03	 5.757000e+02	 6.681000e+02	 
 7.111952e+02	 4.497415e+03	 5.757000e+02	 6.681000e+02	 
 7.111952e+02	 4.497415e+03	 5.757000e+02	 686	 
 7.111952e+02	 4.497415e+03	 5.757000e+02	 7.284000e+02	 
 7.111952e+02	 4.497415e+03	 5.757000e+02	 7.377000e+02	 
 7.111952e+02	 4.497415e+03	 5.757000e+02	 8.184000e+02	 
 7.111952e+02	 4.497415e+03	 5.757000e+02	 9.272000e+02	 
 7.111952e+02	 4.497415e+03	 5.757000e+02	 1.029200e+03	 
 7.111952e+02	 4.497415e+03	 5.757000e+02	 6.681000e+02	 
 7.111952e+02	 4.497415e+03	 5.757000e+02	 6.681000e+02	 
 7.111952e+02	 4.497415e+03	 5.757000e+02	 6.681000e+02	 
 7.111952e+02	 4.497415e+03	 5.757000e+02	 6.681000e+02	 
 7.111952e+02	 4.497415e+03	 5.757000e+02	 6.681000e+02	 
 7.111952e+02	 4.497415e+03	 5.757000e+02	 6.681000e+02	 
 