2.339425e-01	 6.850984e-01	 4.719674e-03	 7.623945e-02	 1.833812e+03	 5.134489e+00	 
 1.092182e-01	 7.213216e-01	 8.772971e-03	 1.606872e-01	 8.802082e+02	 6.727754e+00	 
 2.366036e-01	 6.905117e-01	 2.743572e-03	 7.014120e-02	 7.120875e+02	 1.026243e+01	 
 9.749887e-02	 7.494418e-01	 1.929515e-03	 1.511298e-01	 5.966473e+02	 1.355800e+01	 
 1.272877e-01	 7.089343e-01	 6.973968e-04	 1.630805e-01	 3.949598e+02	 5.630086e+00	 
 1.422193e-01	 6.982335e-01	 4.574088e-03	 1.549731e-01	 3.741087e+02	 5.375820e+00	 
 1.693607e-01	 6.873036e-01	 7.603700e-03	 1.357320e-01	 2.972441e+02	 5.025332e+00	 
 1.704765e-01	 6.868995e-01	 7.684542e-03	 1.349395e-01	 2.940826e+02	 5.026251e+00	 
 1.790407e-01	 6.901727e-01	 5.470405e-03	 1.253162e-01	 2.922697e+02	 5.102510e+00	 
 1.732637e-01	 6.855010e-01	 7.912750e-03	 1.333226e-01	 2.899926e+02	 5.027992e+00	 
 