4.193705e-01	 5.162914e-01	 9.970461e-04	 1.742546e-02	 1.102225e+02	 7.528072e+00	 
 4.451967e-01	 4.867505e-01	 1.245473e-02	 9.722158e-03	 1.473765e+02	 6.652177e+00	 
 4.188052e-01	 5.170380e-01	 5.723103e-04	 1.757880e-02	 1.253955e+02	 8.004435e+00	 
 4.197834e-01	 5.157449e-01	 1.309261e-03	 1.731363e-02	 1.057856e+02	 7.347190e+00	 
 4.291411e-01	 5.042140e-01	 6.911983e-03	 1.464851e-02	 8.372052e+01	 6.861549e+00	 
 4.189663e-01	 5.168460e-01	 6.574912e-04	 1.753191e-02	 1.186674e+02	 7.822444e+00	 
 4.537811e-01	 4.748451e-01	 1.990228e-02	 7.480091e-03	 8.706737e+01	 6.649911e+00	 
 4.538418e-01	 4.747581e-01	 1.995971e-02	 7.464638e-03	 8.649475e+01	 6.649919e+00	 
 4.545886e-01	 4.736842e-01	 2.067466e-02	 7.275406e-03	 7.913167e+01	 6.650152e+00	 
 4.492224e-01	 4.789404e-01	 1.984437e-02	 9.010272e-03	 2.877318e+01	 7.628417e+00	 
 4.373810e-01	 4.934330e-01	 1.292780e-02	 1.239785e-02	 7.181030e+01	 6.983154e+00	 
 4.470773e-01	 4.812214e-01	 1.918616e-02	 9.676654e-03	 3.894595e+01	 7.355953e+00	 
 4.556180e-01	 4.721848e-01	 2.169384e-02	 7.017491e-03	 6.769759e+01	 6.651181e+00	 
 4.457299e-01	 4.832246e-01	 1.778833e-02	 1.000788e-02	 4.343699e+01	 7.217716e+00	 
 4.482064e-01	 4.803516e-01	 1.896159e-02	 9.275249e-03	 3.378343e+01	 7.459112e+00	 
 4.373065e-01	 4.941088e-01	 1.187544e-02	 1.232963e-02	 6.755299e+01	 6.897080e+00	 
 4.559945e-01	 4.707445e-01	 2.363242e-02	 7.059008e-03	 1.089130e+01	 7.497298e+00	 
 4.558723e-01	 4.718096e-01	 2.195392e-02	 6.954477e-03	 6.454548e+01	 6.651689e+00	 
 4.399331e-01	 4.909518e-01	 1.331013e-02	 1.156943e-02	 6.069906e+01	 6.933394e+00	 
 4.559698e-01	 4.708778e-01	 2.343808e-02	 7.050339e-03	 2.842401e+01	 7.206344e+00	 
 4.335962e-01	 5.167787e-01	 1.927720e-03	 6.065125e-03	 5.843906e+01	 8.506802e+00	 
 4.340078e-01	 5.166285e-01	 1.699203e-03	 5.884701e-03	 5.295008e+01	 8.641301e+00	 
 4.331276e-01	 5.169603e-01	 2.175453e-03	 6.268634e-03	 6.359194e+01	 8.371880e+00	 
 4.335552e-01	 5.167913e-01	 1.953126e-03	 6.083486e-03	 5.866059e+01	 8.485027e+00	 
 4.333874e-01	 5.168668e-01	 2.029789e-03	 6.154516e-03	 6.223037e+01	 8.483662e+00	 
 4.338098e-01	 5.166948e-01	 1.815922e-03	 5.972512e-03	 5.519798e+01	 8.555778e+00	 
 4.332996e-01	 5.169011e-01	 2.075943e-03	 6.192622e-03	 6.295731e+01	 8.453441e+00	 
 4.340853e-01	 5.166000e-01	 1.656444e-03	 5.850775e-03	 5.153917e+01	 8.660485e+00	 
 4.342386e-01	 5.165485e-01	 1.566159e-03	 5.782793e-03	 4.910099e+01	 8.718134e+00	 
 4.340386e-01	 5.166175e-01	 1.681804e-03	 5.871155e-03	 5.245169e+01	 8.650837e+00	 
 4.336600e-01	 5.167584e-01	 1.888869e-03	 6.036621e-03	 5.831036e+01	 8.545883e+00	 
 4.337398e-01	 5.167214e-01	 1.853652e-03	 6.003039e-03	 5.621765e+01	 8.536954e+00	 
 4.331385e-01	 5.169645e-01	 2.160015e-03	 6.262426e-03	 6.435792e+01	 8.401923e+00	 
 4.335869e-01	 5.167869e-01	 1.927292e-03	 6.068343e-03	 5.938332e+01	 8.528255e+00	 
 4.398601e-01	 4.906394e-01	 1.396148e-02	 1.165181e-02	 6.242042e+01	 6.973688e+00	 
 4.333553e-01	 5.170027e-01	 1.903855e-03	 6.146740e-03	 6.420501e+01	 8.513175e+00	 
 4.336887e-01	 5.168626e-01	 1.740178e-03	 6.003872e-03	 6.008889e+01	 8.608677e+00	 
 4.333043e-01	 5.170193e-01	 1.934499e-03	 6.169442e-03	 6.406469e+01	 8.478800e+00	 
 4.336143e-01	 5.168923e-01	 1.778496e-03	 6.036019e-03	 6.078158e+01	 8.579400e+00	 
 4.335783e-01	 5.169088e-01	 1.794545e-03	 6.051192e-03	 6.172814e+01	 8.581008e+00	 
 4.444427e-01	 4.852646e-01	 1.623420e-02	 1.030501e-02	 4.775302e+01	 7.109068e+00	 
 4.478865e-01	 4.809036e-01	 1.849759e-02	 9.342209e-03	 3.552636e+01	 7.414074e+00	 
 4.417593e-01	 4.878959e-01	 1.579376e-02	 1.117263e-02	 5.937509e+01	 7.064949e+00	 
 4.560083e-01	 4.706858e-01	 2.371153e-02	 7.061463e-03	 1.821800e+01	 7.359874e+00	 
 4.563303e-01	 4.703518e-01	 2.379431e-02	 6.960196e-03	 2.282251e+01	 7.185352e+00	 
 4.566648e-01	 4.700507e-01	 2.380028e-02	 6.847994e-03	 2.929335e+01	 6.991989e+00	 
 4.516873e-01	 4.755766e-01	 2.188155e-02	 8.358270e-03	 1.358008e+01	 8.459414e+00	 
 4.588579e-01	 4.662839e-01	 2.685370e-02	 6.403689e-03	 6.401480e+01	 6.671128e+00	 
 4.597699e-01	 4.647298e-01	 2.814962e-02	 6.210342e-03	 4.214143e+01	 6.690486e+00	 
 4.434328e-01	 4.860103e-01	 1.649099e-02	 1.066896e-02	 5.209938e+01	 7.098986e+00	 
 