1.105205e+00	 -1.513259e-01	 6.828237e-04	 -8.724267e-02	 8.749412e+04	 8.761850e+04	 1.243766e+02	 0	 4.747940e+02	 1.327673e-01	 1.328655e-01	 1.132949e+03	 8.739223e+02	 
 1.105205e+00	 -1.513259e-01	 6.828237e-04	 -8.724267e-02	 8.749412e+04	 8.761850e+04	 1.243766e+02	 0	 4.747940e+02	 1.327673e-01	 1.328655e-01	 1.132949e+03	 8.739223e+02	 
 1.105205e+00	 -1.513259e-01	 6.828237e-04	 -8.724267e-02	 8.749412e+04	 8.761850e+04	 1.243766e+02	 0	 4.747940e+02	 1.327673e-01	 1.328655e-01	 1.132949e+03	 8.739223e+02	 
 1.105205e+00	 -1.513259e-01	 6.828237e-04	 -8.724267e-02	 8.749412e+04	 8.761850e+04	 1.243766e+02	 0	 4.747940e+02	 1.327673e-01	 1.328655e-01	 1.132949e+03	 8.739223e+02	 
 1.105205e+00	 -1.513259e-01	 6.828237e-04	 -8.724267e-02	 8.749412e+04	 8.761850e+04	 1.243766e+02	 0	 4.747940e+02	 1.327673e-01	 1.328655e-01	 1.132949e+03	 8.739223e+02	 
 1.105205e+00	 -1.513259e-01	 6.828237e-04	 -8.724267e-02	 8.749412e+04	 8.761850e+04	 1.243766e+02	 0	 4.747940e+02	 1.327673e-01	 1.328655e-01	 1.132949e+03	 8.739223e+02	 
 2.033326e-01	 5.758044e-01	 9.510311e-04	 1.729458e-01	 9.477252e+04	 9.482150e+04	 4.897824e+01	 1	 2.599910e+02	 4.700563e-02	 4.714154e-02	 1.676227e+02	 2.762815e+02	 
 2.033326e-01	 5.758044e-01	 9.510311e-04	 1.729458e-01	 9.477252e+04	 9.482150e+04	 4.897824e+01	 1	 2.599910e+02	 4.700563e-02	 4.714154e-02	 1.676227e+02	 2.762815e+02	 
 2.033326e-01	 5.758044e-01	 9.510311e-04	 1.729458e-01	 9.477252e+04	 9.482150e+04	 4.897824e+01	 1	 2.599910e+02	 4.700563e-02	 4.714154e-02	 1.676227e+02	 2.762815e+02	 
 2.033326e-01	 5.758044e-01	 9.510311e-04	 1.729458e-01	 9.477252e+04	 9.482150e+04	 4.897824e+01	 1	 2.599910e+02	 4.700563e-02	 4.714154e-02	 1.676227e+02	 2.762815e+02	 
 2.033326e-01	 5.758044e-01	 9.510311e-04	 1.729458e-01	 9.477252e+04	 9.482150e+04	 4.897824e+01	 1	 2.599910e+02	 4.700563e-02	 4.714154e-02	 1.676227e+02	 2.762815e+02	 
 2.033326e-01	 5.758044e-01	 9.510311e-04	 1.729458e-01	 9.477252e+04	 9.482150e+04	 4.897824e+01	 1	 2.599910e+02	 4.700563e-02	 4.714154e-02	 1.676227e+02	 2.762815e+02	 
 2.948434e-01	 5.870735e-01	 3.499825e-03	 8.696433e-02	 7.270699e+04	 7.309530e+04	 3.883053e+02	 1	 1.216739e+04	 2.838347e-02	 2.781761e-02	 6.640855e+01	 2.098560e+02	 
 2.948434e-01	 5.870735e-01	 3.499825e-03	 8.696433e-02	 7.270699e+04	 7.309530e+04	 3.883053e+02	 1	 1.216739e+04	 2.838347e-02	 2.781761e-02	 6.640855e+01	 2.098560e+02	 
 2.948434e-01	 5.870735e-01	 3.499825e-03	 8.696433e-02	 7.270699e+04	 7.309530e+04	 3.883053e+02	 1	 1.216739e+04	 2.838347e-02	 2.781761e-02	 6.640855e+01	 2.098560e+02	 
 2.948434e-01	 5.870735e-01	 3.499825e-03	 8.696433e-02	 7.270699e+04	 7.309530e+04	 3.883053e+02	 1	 1.216739e+04	 2.838347e-02	 2.781761e-02	 6.640855e+01	 2.098560e+02	 
 2.948434e-01	 5.870735e-01	 3.499825e-03	 8.696433e-02	 7.270699e+04	 7.309530e+04	 3.883053e+02	 1	 1.216739e+04	 2.838347e-02	 2.781761e-02	 6.640855e+01	 2.098560e+02	 
 2.948434e-01	 5.870735e-01	 3.499825e-03	 8.696433e-02	 7.270699e+04	 7.309530e+04	 3.883053e+02	 1	 1.216739e+04	 2.838347e-02	 2.781761e-02	 6.640855e+01	 2.098560e+02	 
 1.246753e+00	 -2.023780e-01	 2.287623e-01	 -2.510649e-01	 7.245621e+04	 6.498450e+04	 7.471708e+03	 0	 1.120805e+04	 2.240966e-02	 5.256646e+01	 1.956759e+03	 1.257524e+02	 
 1.246753e+00	 -2.023780e-01	 2.287623e-01	 -2.510649e-01	 7.245621e+04	 6.498450e+04	 7.471708e+03	 0	 1.120805e+04	 2.240966e-02	 5.256646e+01	 1.956759e+03	 1.257524e+02	 
 5.710191e-02	 8.887644e-01	 5.432911e-02	 8.183799e-02	 6.625160e+04	 6.498450e+04	 1.267099e+03	 1	 1.693524e+03	 8.211755e-02	 9.744308e+02	 3.103116e+03	 2.967985e+02	 
 5.710191e-02	 8.887644e-01	 5.432911e-02	 8.183799e-02	 6.625160e+04	 6.498450e+04	 1.267099e+03	 1	 1.693524e+03	 8.211755e-02	 9.744308e+02	 3.103116e+03	 2.967985e+02	 
 5.710191e-02	 8.887644e-01	 5.432911e-02	 8.183799e-02	 6.625160e+04	 6.498450e+04	 1.267099e+03	 1	 1.693524e+03	 8.211755e-02	 9.744308e+02	 3.103116e+03	 2.967985e+02	 
 5.710191e-02	 8.887644e-01	 5.432911e-02	 8.183799e-02	 6.625160e+04	 6.498450e+04	 1.267099e+03	 1	 1.693524e+03	 8.211755e-02	 9.744308e+02	 3.103116e+03	 2.967985e+02	 
 2.385831e-01	 8.349381e-01	 -8.456995e-05	 -1.591081e-02	 4.839826e+04	 4.838820e+04	 1.006024e+01	 0	 7.248602e+03	 5.797728e-02	 1.610027e+01	 1.279223e+03	 3.204110e+00	 
 2.385831e-01	 8.349381e-01	 -8.456995e-05	 -1.591081e-02	 4.839826e+04	 4.838820e+04	 1.006024e+01	 0	 7.248602e+03	 5.797728e-02	 1.610027e+01	 1.279223e+03	 3.204110e+00	 
 2.385831e-01	 8.349381e-01	 -8.456995e-05	 -1.591081e-02	 4.839826e+04	 4.838820e+04	 1.006024e+01	 0	 7.248602e+03	 5.797728e-02	 1.610027e+01	 1.279223e+03	 3.204110e+00	 
 2.385831e-01	 8.349381e-01	 -8.456995e-05	 -1.591081e-02	 4.839826e+04	 4.838820e+04	 1.006024e+01	 0	 7.248602e+03	 5.797728e-02	 1.610027e+01	 1.279223e+03	 3.204110e+00	 
 2.385831e-01	 8.349381e-01	 -8.456995e-05	 -1.591081e-02	 4.839826e+04	 4.838820e+04	 1.006024e+01	 0	 7.248602e+03	 5.797728e-02	 1.610027e+01	 1.279223e+03	 3.204110e+00	 
 2.385831e-01	 8.349381e-01	 -8.456995e-05	 -1.591081e-02	 4.839826e+04	 4.838820e+04	 1.006024e+01	 0	 7.248602e+03	 5.797728e-02	 1.610027e+01	 1.279223e+03	 3.204110e+00	 
 3.213175e-01	 8.918747e-01	 -7.022673e-06	 -1.350058e-01	 7.123093e+04	 7.122960e+04	 1.329544e+00	 0	 3.592241e+04	 8.113892e-02	 2.559910e+01	 3.472328e+03	 1.044283e+00	 
 3.213175e-01	 8.918747e-01	 -7.022673e-06	 -1.350058e-01	 7.123093e+04	 7.122960e+04	 1.329544e+00	 0	 3.592241e+04	 8.113892e-02	 2.559910e+01	 3.472328e+03	 1.044283e+00	 
 3.213175e-01	 8.918747e-01	 -7.022673e-06	 -1.350058e-01	 7.123093e+04	 7.122960e+04	 1.329544e+00	 0	 3.592241e+04	 8.113892e-02	 2.559910e+01	 3.472328e+03	 1.044283e+00	 
 3.213175e-01	 8.918747e-01	 -7.022673e-06	 -1.350058e-01	 7.123093e+04	 7.122960e+04	 1.329544e+00	 0	 3.592241e+04	 8.113892e-02	 2.559910e+01	 3.472328e+03	 1.044283e+00	 
 3.213175e-01	 8.918747e-01	 -7.022673e-06	 -1.350058e-01	 7.123093e+04	 7.122960e+04	 1.329544e+00	 0	 3.592241e+04	 8.113892e-02	 2.559910e+01	 3.472328e+03	 1.044283e+00	 
 3.213175e-01	 8.918747e-01	 -7.022673e-06	 -1.350058e-01	 7.123093e+04	 7.122960e+04	 1.329544e+00	 0	 3.592241e+04	 8.113892e-02	 2.559910e+01	 3.472328e+03	 1.044283e+00	 
 1.819887e-01	 8.364894e-01	 6.650637e-03	 2.921383e-02	 4.478389e+04	 4.576620e+04	 9.823114e+02	 1	 3.128886e+03	 5.484342e-02	 1.281987e+01	 3.563598e+01	 4.076860e+01	 
 1.819887e-01	 8.364894e-01	 6.650637e-03	 2.921383e-02	 4.478389e+04	 4.576620e+04	 9.823114e+02	 1	 3.128886e+03	 5.484342e-02	 1.281987e+01	 3.563598e+01	 4.076860e+01	 
 1.819887e-01	 8.364894e-01	 6.650637e-03	 2.921383e-02	 4.478389e+04	 4.576620e+04	 9.823114e+02	 1	 3.128886e+03	 5.484342e-02	 1.281987e+01	 3.563598e+01	 4.076860e+01	 
 1.819887e-01	 8.364894e-01	 6.650637e-03	 2.921383e-02	 4.478389e+04	 4.576620e+04	 9.823114e+02	 1	 3.128886e+03	 5.484342e-02	 1.281987e+01	 3.563598e+01	 4.076860e+01	 
 1.819887e-01	 8.364894e-01	 6.650637e-03	 2.921383e-02	 4.478389e+04	 4.576620e+04	 9.823114e+02	 1	 3.128886e+03	 5.484342e-02	 1.281987e+01	 3.563598e+01	 4.076860e+01	 
 1.819887e-01	 8.364894e-01	 6.650637e-03	 2.921383e-02	 4.478389e+04	 4.576620e+04	 9.823114e+02	 1	 3.128886e+03	 5.484342e-02	 1.281987e+01	 3.563598e+01	 4.076860e+01	 
 2.115409e-01	 6.594562e-01	 3.575429e-02	 1.142914e-01	 7.901187e+04	 7.789680e+04	 1.115065e+03	 1	 4.727603e+03	 2.114768e-02	 6.088164e+02	 5.836917e+02	 2.415392e-01	 
 2.115409e-01	 6.594562e-01	 3.575429e-02	 1.142914e-01	 7.901187e+04	 7.789680e+04	 1.115065e+03	 1	 4.727603e+03	 2.114768e-02	 6.088164e+02	 5.836917e+02	 2.415392e-01	 
 2.115409e-01	 6.594562e-01	 3.575429e-02	 1.142914e-01	 7.901187e+04	 7.789680e+04	 1.115065e+03	 1	 4.727603e+03	 2.114768e-02	 6.088164e+02	 5.836917e+02	 2.415392e-01	 
 2.115409e-01	 6.594562e-01	 3.575429e-02	 1.142914e-01	 7.901187e+04	 7.789680e+04	 1.115065e+03	 1	 4.727603e+03	 2.114768e-02	 6.088164e+02	 5.836917e+02	 2.415392e-01	 
 2.115409e-01	 6.594562e-01	 3.575429e-02	 1.142914e-01	 7.901187e+04	 7.789680e+04	 1.115065e+03	 1	 4.727603e+03	 2.114768e-02	 6.088164e+02	 5.836917e+02	 2.415392e-01	 
 2.115409e-01	 6.594562e-01	 3.575429e-02	 1.142914e-01	 7.901187e+04	 7.789680e+04	 1.115065e+03	 1	 4.727603e+03	 2.114768e-02	 6.088164e+02	 5.836917e+02	 2.415392e-01	 
 6.892854e-02	 9.057595e-01	 6.723782e-03	 7.958431e-02	 1.420355e+05	 1.423152e+05	 2.796998e+02	 1	 5.709145e+02	 6.106548e-02	 1.813243e+02	 2.835149e+02	 5.956482e+02	 
 6.892854e-02	 9.057595e-01	 6.723782e-03	 7.958431e-02	 1.420355e+05	 1.423152e+05	 2.796998e+02	 1	 5.709145e+02	 6.106548e-02	 1.813243e+02	 2.835149e+02	 5.956482e+02	 
 6.892854e-02	 9.057595e-01	 6.723782e-03	 7.958431e-02	 1.420355e+05	 1.423152e+05	 2.796998e+02	 1	 5.709145e+02	 6.106548e-02	 1.813243e+02	 2.835149e+02	 5.956482e+02	 
 6.892854e-02	 9.057595e-01	 6.723782e-03	 7.958431e-02	 1.420355e+05	 1.423152e+05	 2.796998e+02	 1	 5.709145e+02	 6.106548e-02	 1.813243e+02	 2.835149e+02	 5.956482e+02	 
 6.892854e-02	 9.057595e-01	 6.723782e-03	 7.958431e-02	 1.420355e+05	 1.423152e+05	 2.796998e+02	 1	 5.709145e+02	 6.106548e-02	 1.813243e+02	 2.835149e+02	 5.956482e+02	 
 6.892854e-02	 9.057595e-01	 6.723782e-03	 7.958431e-02	 1.420355e+05	 1.423152e+05	 2.796998e+02	 1	 5.709145e+02	 6.106548e-02	 1.813243e+02	 2.835149e+02	 5.956482e+02	 
 -1.013590e-01	 9.076546e-01	 -3.130918e-04	 2.207632e-01	 4.925242e+04	 4.922510e+04	 2.731655e+01	 0	 8.967980e+01	 2.674801e-02	 5.690725e+02	 1.998368e+03	 1.074933e+02	 
 -1.013590e-01	 9.076546e-01	 -3.130918e-04	 2.207632e-01	 4.925242e+04	 4.922510e+04	 2.731655e+01	 0	 8.967980e+01	 2.674801e-02	 5.690725e+02	 1.998368e+03	 1.074933e+02	 
 2.032400e-01	 8.099593e-01	 1.700730e-02	 8.820102e-03	 4.889251e+04	 4.922510e+04	 3.325898e+02	 1	 1.387755e+03	 3.905506e-02	 7.354593e+02	 2.216162e+03	 6.177399e-01	 
 2.032400e-01	 8.099593e-01	 1.700730e-02	 8.820102e-03	 4.889251e+04	 4.922510e+04	 3.325898e+02	 1	 1.387755e+03	 3.905506e-02	 7.354593e+02	 2.216162e+03	 6.177399e-01	 
 2.032400e-01	 8.099593e-01	 1.700730e-02	 8.820102e-03	 4.889251e+04	 4.922510e+04	 3.325898e+02	 1	 1.387755e+03	 3.905506e-02	 7.354593e+02	 2.216162e+03	 6.177399e-01	 
 2.032400e-01	 8.099593e-01	 1.700730e-02	 8.820102e-03	 4.889251e+04	 4.922510e+04	 3.325898e+02	 1	 1.387755e+03	 3.905506e-02	 7.354593e+02	 2.216162e+03	 6.177399e-01	 
 1.600097e-01	 8.353174e-01	 4.131243e-02	 1.440338e-02	 4.907821e+04	 4.922510e+04	 1.468873e+02	 1	 1.198952e+03	 5.110949e-02	 8.368428e+02	 2.124206e+03	 4.803988e-01	 
 1.600097e-01	 8.353174e-01	 4.131243e-02	 1.440338e-02	 4.907821e+04	 4.922510e+04	 1.468873e+02	 1	 1.198952e+03	 5.110949e-02	 8.368428e+02	 2.124206e+03	 4.803988e-01	 
 1.600097e-01	 8.353174e-01	 4.131243e-02	 1.440338e-02	 4.907821e+04	 4.922510e+04	 1.468873e+02	 1	 1.198952e+03	 5.110949e-02	 8.368428e+02	 2.124206e+03	 4.803988e-01	 
 1.600097e-01	 8.353174e-01	 4.131243e-02	 1.440338e-02	 4.907821e+04	 4.922510e+04	 1.468873e+02	 1	 1.198952e+03	 5.110949e-02	 8.368428e+02	 2.124206e+03	 4.803988e-01	 
 1.600097e-01	 8.353174e-01	 4.131243e-02	 1.440338e-02	 4.907821e+04	 4.922510e+04	 1.468873e+02	 1	 1.198952e+03	 5.110949e-02	 8.368428e+02	 2.124206e+03	 4.803988e-01	 
 1.600097e-01	 8.353174e-01	 4.131243e-02	 1.440338e-02	 4.907821e+04	 4.922510e+04	 1.468873e+02	 1	 1.198952e+03	 5.110949e-02	 8.368428e+02	 2.124206e+03	 4.803988e-01	 
 3.213175e-01	 8.918747e-01	 -7.022673e-06	 -1.350058e-01	 7.123093e+04	 7.122960e+04	 1.329544e+00	 0	 3.592241e+04	 8.113892e-02	 2.559910e+01	 3.472328e+03	 1.044283e+00	 
 3.213175e-01	 8.918747e-01	 -7.022673e-06	 -1.350058e-01	 7.123093e+04	 7.122960e+04	 1.329544e+00	 0	 3.592241e+04	 8.113892e-02	 2.559910e+01	 3.472328e+03	 1.044283e+00	 
 3.213175e-01	 8.918747e-01	 -7.022673e-06	 -1.350058e-01	 7.123093e+04	 7.122960e+04	 1.329544e+00	 0	 3.592241e+04	 8.113892e-02	 2.559910e+01	 3.472328e+03	 1.044283e+00	 
 3.213175e-01	 8.918747e-01	 -7.022673e-06	 -1.350058e-01	 7.123093e+04	 7.122960e+04	 1.329544e+00	 0	 3.592241e+04	 8.113892e-02	 2.559910e+01	 3.472328e+03	 1.044283e+00	 
 3.213175e-01	 8.918747e-01	 -7.022673e-06	 -1.350058e-01	 7.123093e+04	 7.122960e+04	 1.329544e+00	 0	 3.592241e+04	 8.113892e-02	 2.559910e+01	 3.472328e+03	 1.044283e+00	 
 3.213175e-01	 8.918747e-01	 -7.022673e-06	 -1.350058e-01	 7.123093e+04	 7.122960e+04	 1.329544e+00	 0	 3.592241e+04	 8.113892e-02	 2.559910e+01	 3.472328e+03	 1.044283e+00	 
 3.213175e-01	 8.918747e-01	 -7.022673e-06	 -1.350058e-01	 7.123093e+04	 7.122960e+04	 1.329544e+00	 0	 3.592241e+04	 8.113892e-02	 2.559910e+01	 3.472328e+03	 1.044283e+00	 
 3.213175e-01	 8.918747e-01	 -7.022673e-06	 -1.350058e-01	 7.123093e+04	 7.122960e+04	 1.329544e+00	 0	 3.592241e+04	 8.113892e-02	 2.559910e+01	 3.472328e+03	 1.044283e+00	 
 3.213175e-01	 8.918747e-01	 -7.022673e-06	 -1.350058e-01	 7.123093e+04	 7.122960e+04	 1.329544e+00	 0	 3.592241e+04	 8.113892e-02	 2.559910e+01	 3.472328e+03	 1.044283e+00	 
 3.213175e-01	 8.918747e-01	 -7.022673e-06	 -1.350058e-01	 7.123093e+04	 7.122960e+04	 1.329544e+00	 0	 3.592241e+04	 8.113892e-02	 2.559910e+01	 3.472328e+03	 1.044283e+00	 
 3.213175e-01	 8.918747e-01	 -7.022673e-06	 -1.350058e-01	 7.123093e+04	 7.122960e+04	 1.329544e+00	 0	 3.592241e+04	 8.113892e-02	 2.559910e+01	 3.472328e+03	 1.044283e+00	 
 3.213175e-01	 8.918747e-01	 -7.022673e-06	 -1.350058e-01	 7.123093e+04	 7.122960e+04	 1.329544e+00	 0	 3.592241e+04	 8.113892e-02	 2.559910e+01	 3.472328e+03	 1.044283e+00	 
 1.600097e-01	 8.353174e-01	 4.131243e-02	 1.440338e-02	 4.907821e+04	 4.922510e+04	 1.468873e+02	 1	 1.198952e+03	 5.110949e-02	 8.368428e+02	 2.124206e+03	 4.803988e-01	 
 1.600097e-01	 8.353174e-01	 4.131243e-02	 1.440338e-02	 4.907821e+04	 4.922510e+04	 1.468873e+02	 1	 1.198952e+03	 5.110949e-02	 8.368428e+02	 2.124206e+03	 4.803988e-01	 
 1.600097e-01	 8.353174e-01	 4.131243e-02	 1.440338e-02	 4.907821e+04	 4.922510e+04	 1.468873e+02	 1	 1.198952e+03	 5.110949e-02	 8.368428e+02	 2.124206e+03	 4.803988e-01	 
 1.600097e-01	 8.353174e-01	 4.131243e-02	 1.440338e-02	 4.907821e+04	 4.922510e+04	 1.468873e+02	 1	 1.198952e+03	 5.110949e-02	 8.368428e+02	 2.124206e+03	 4.803988e-01	 
 1.600097e-01	 8.353174e-01	 4.131243e-02	 1.440338e-02	 4.907821e+04	 4.922510e+04	 1.468873e+02	 1	 1.198952e+03	 5.110949e-02	 8.368428e+02	 2.124206e+03	 4.803988e-01	 
 1.600097e-01	 8.353174e-01	 4.131243e-02	 1.440338e-02	 4.907821e+04	 4.922510e+04	 1.468873e+02	 1	 1.198952e+03	 5.110949e-02	 8.368428e+02	 2.124206e+03	 4.803988e-01	 
 2.558887e-02	 9.029433e-01	 3.588523e-02	 1.057132e-01	 6.570243e+04	 6.498450e+04	 7.179260e+02	 1	 1.484077e+03	 7.026621e-02	 5.663825e+02	 1.053884e+03	 3.483674e+02	 
 2.558887e-02	 9.029433e-01	 3.588523e-02	 1.057132e-01	 6.570243e+04	 6.498450e+04	 7.179260e+02	 1	 1.484077e+03	 7.026621e-02	 5.663825e+02	 1.053884e+03	 3.483674e+02	 
 2.558887e-02	 9.029433e-01	 3.588523e-02	 1.057132e-01	 6.570243e+04	 6.498450e+04	 7.179260e+02	 1	 1.484077e+03	 7.026621e-02	 5.663825e+02	 1.053884e+03	 3.483674e+02	 
 2.558887e-02	 9.029433e-01	 3.588523e-02	 1.057132e-01	 6.570243e+04	 6.498450e+04	 7.179260e+02	 1	 1.484077e+03	 7.026621e-02	 5.663825e+02	 1.053884e+03	 3.483674e+02	 
 2.558887e-02	 9.029433e-01	 3.588523e-02	 1.057132e-01	 6.570243e+04	 6.498450e+04	 7.179260e+02	 1	 1.484077e+03	 7.026621e-02	 5.663825e+02	 1.053884e+03	 3.483674e+02	 
 2.558887e-02	 9.029433e-01	 3.588523e-02	 1.057132e-01	 6.570243e+04	 6.498450e+04	 7.179260e+02	 1	 1.484077e+03	 7.026621e-02	 5.663825e+02	 1.053884e+03	 3.483674e+02	 
 1.257510e-02	 9.123287e-01	 2.961959e-02	 1.131562e-01	 6.555086e+04	 6.498450e+04	 5.663644e+02	 1	 1.386183e+03	 6.782320e-02	 5.027609e+02	 8.983776e+02	 3.681308e+02	 
 1.257510e-02	 9.123287e-01	 2.961959e-02	 1.131562e-01	 6.555086e+04	 6.498450e+04	 5.663644e+02	 1	 1.386183e+03	 6.782320e-02	 5.027609e+02	 8.983776e+02	 3.681308e+02	 
 1.257510e-02	 9.123287e-01	 2.961959e-02	 1.131562e-01	 6.555086e+04	 6.498450e+04	 5.663644e+02	 1	 1.386183e+03	 6.782320e-02	 5.027609e+02	 8.983776e+02	 3.681308e+02	 
 1.257510e-02	 9.123287e-01	 2.961959e-02	 1.131562e-01	 6.555086e+04	 6.498450e+04	 5.663644e+02	 1	 1.386183e+03	 6.782320e-02	 5.027609e+02	 8.983776e+02	 3.681308e+02	 
 1.257510e-02	 9.123287e-01	 2.961959e-02	 1.131562e-01	 6.555086e+04	 6.498450e+04	 5.663644e+02	 1	 1.386183e+03	 6.782320e-02	 5.027609e+02	 8.983776e+02	 3.681308e+02	 
 1.257510e-02	 9.123287e-01	 2.961959e-02	 1.131562e-01	 6.555086e+04	 6.498450e+04	 5.663644e+02	 1	 1.386183e+03	 6.782320e-02	 5.027609e+02	 8.983776e+02	 3.681308e+02	 
 1.600097e-01	 8.353174e-01	 4.131243e-02	 1.440338e-02	 4.907821e+04	 4.922510e+04	 1.468873e+02	 1	 1.198952e+03	 5.110949e-02	 8.368428e+02	 2.124206e+03	 4.803988e-01	 
 1.600097e-01	 8.353174e-01	 4.131243e-02	 1.440338e-02	 4.907821e+04	 4.922510e+04	 1.468873e+02	 1	 1.198952e+03	 5.110949e-02	 8.368428e+02	 2.124206e+03	 4.803988e-01	 
 1.600097e-01	 8.353174e-01	 4.131243e-02	 1.440338e-02	 4.907821e+04	 4.922510e+04	 1.468873e+02	 1	 1.198952e+03	 5.110949e-02	 8.368428e+02	 2.124206e+03	 4.803988e-01	 
 1.600097e-01	 8.353174e-01	 4.131243e-02	 1.440338e-02	 4.907821e+04	 4.922510e+04	 1.468873e+02	 1	 1.198952e+03	 5.110949e-02	 8.368428e+02	 2.124206e+03	 4.803988e-01	 
 1.600097e-01	 8.353174e-01	 4.131243e-02	 1.440338e-02	 4.907821e+04	 4.922510e+04	 1.468873e+02	 1	 1.198952e+03	 5.110949e-02	 8.368428e+02	 2.124206e+03	 4.803988e-01	 
 1.600097e-01	 8.353174e-01	 4.131243e-02	 1.440338e-02	 4.907821e+04	 4.922510e+04	 1.468873e+02	 1	 1.198952e+03	 5.110949e-02	 8.368428e+02	 2.124206e+03	 4.803988e-01	 
 2.558887e-02	 9.029433e-01	 3.588523e-02	 1.057132e-01	 6.570243e+04	 6.498450e+04	 7.179260e+02	 1	 1.484077e+03	 7.026621e-02	 5.663825e+02	 1.053884e+03	 3.483674e+02	 
 2.558887e-02	 9.029433e-01	 3.588523e-02	 1.057132e-01	 6.570243e+04	 6.498450e+04	 7.179260e+02	 1	 1.484077e+03	 7.026621e-02	 5.663825e+02	 1.053884e+03	 3.483674e+02	 
 2.558887e-02	 9.029433e-01	 3.588523e-02	 1.057132e-01	 6.570243e+04	 6.498450e+04	 7.179260e+02	 1	 1.484077e+03	 7.026621e-02	 5.663825e+02	 1.053884e+03	 3.483674e+02	 
 2.558887e-02	 9.029433e-01	 3.588523e-02	 1.057132e-01	 6.570243e+04	 6.498450e+04	 7.179260e+02	 1	 1.484077e+03	 7.026621e-02	 5.663825e+02	 1.053884e+03	 3.483674e+02	 
 2.558887e-02	 9.029433e-01	 3.588523e-02	 1.057132e-01	 6.570243e+04	 6.498450e+04	 7.179260e+02	 1	 1.484077e+03	 7.026621e-02	 5.663825e+02	 1.053884e+03	 3.483674e+02	 
 2.558887e-02	 9.029433e-01	 3.588523e-02	 1.057132e-01	 6.570243e+04	 6.498450e+04	 7.179260e+02	 1	 1.484077e+03	 7.026621e-02	 5.663825e+02	 1.053884e+03	 3.483674e+02	 
 1.257510e-02	 9.123287e-01	 2.961959e-02	 1.131562e-01	 6.555086e+04	 6.498450e+04	 5.663644e+02	 1	 1.386183e+03	 6.782320e-02	 5.027609e+02	 8.983776e+02	 3.681308e+02	 
 1.257510e-02	 9.123287e-01	 2.961959e-02	 1.131562e-01	 6.555086e+04	 6.498450e+04	 5.663644e+02	 1	 1.386183e+03	 6.782320e-02	 5.027609e+02	 8.983776e+02	 3.681308e+02	 
 1.257510e-02	 9.123287e-01	 2.961959e-02	 1.131562e-01	 6.555086e+04	 6.498450e+04	 5.663644e+02	 1	 1.386183e+03	 6.782320e-02	 5.027609e+02	 8.983776e+02	 3.681308e+02	 
 1.257510e-02	 9.123287e-01	 2.961959e-02	 1.131562e-01	 6.555086e+04	 6.498450e+04	 5.663644e+02	 1	 1.386183e+03	 6.782320e-02	 5.027609e+02	 8.983776e+02	 3.681308e+02	 
 1.257510e-02	 9.123287e-01	 2.961959e-02	 1.131562e-01	 6.555086e+04	 6.498450e+04	 5.663644e+02	 1	 1.386183e+03	 6.782320e-02	 5.027609e+02	 8.983776e+02	 3.681308e+02	 
 1.257510e-02	 9.123287e-01	 2.961959e-02	 1.131562e-01	 6.555086e+04	 6.498450e+04	 5.663644e+02	 1	 1.386183e+03	 6.782320e-02	 5.027609e+02	 8.983776e+02	 3.681308e+02	 
 1.600097e-01	 8.353174e-01	 4.131243e-02	 1.440338e-02	 4.907821e+04	 4.922510e+04	 1.468873e+02	 1	 1.198952e+03	 5.110949e-02	 8.368428e+02	 2.124206e+03	 4.803988e-01	 
 1.600097e-01	 8.353174e-01	 4.131243e-02	 1.440338e-02	 4.907821e+04	 4.922510e+04	 1.468873e+02	 1	 1.198952e+03	 5.110949e-02	 8.368428e+02	 2.124206e+03	 4.803988e-01	 
 1.600097e-01	 8.353174e-01	 4.131243e-02	 1.440338e-02	 4.907821e+04	 4.922510e+04	 1.468873e+02	 1	 1.198952e+03	 5.110949e-02	 8.368428e+02	 2.124206e+03	 4.803988e-01	 
 1.600097e-01	 8.353174e-01	 4.131243e-02	 1.440338e-02	 4.907821e+04	 4.922510e+04	 1.468873e+02	 1	 1.198952e+03	 5.110949e-02	 8.368428e+02	 2.124206e+03	 4.803988e-01	 
 1.600097e-01	 8.353174e-01	 4.131243e-02	 1.440338e-02	 4.907821e+04	 4.922510e+04	 1.468873e+02	 1	 1.198952e+03	 5.110949e-02	 8.368428e+02	 2.124206e+03	 4.803988e-01	 
 1.600097e-01	 8.353174e-01	 4.131243e-02	 1.440338e-02	 4.907821e+04	 4.922510e+04	 1.468873e+02	 1	 1.198952e+03	 5.110949e-02	 8.368428e+02	 2.124206e+03	 4.803988e-01	 
 4.822469e-01	 2.780600e-01	 6.179556e-02	 1.258346e-01	 7.783687e+04	 7.789680e+04	 5.992766e+01	 1	 2.901278e+03	 5.233782e-02	 5.225343e-02	 9.231637e+02	 8.705991e-01	 
 4.822469e-01	 2.780600e-01	 6.179556e-02	 1.258346e-01	 7.783687e+04	 7.789680e+04	 5.992766e+01	 1	 2.901278e+03	 5.233782e-02	 5.225343e-02	 9.231637e+02	 8.705991e-01	 
 4.822469e-01	 2.780600e-01	 6.179556e-02	 1.258346e-01	 7.783687e+04	 7.789680e+04	 5.992766e+01	 1	 2.901278e+03	 5.233782e-02	 5.225343e-02	 9.231637e+02	 8.705991e-01	 
 4.822469e-01	 2.780600e-01	 6.179556e-02	 1.258346e-01	 7.783687e+04	 7.789680e+04	 5.992766e+01	 1	 2.901278e+03	 5.233782e-02	 5.225343e-02	 9.231637e+02	 8.705991e-01	 
 4.822469e-01	 2.780600e-01	 6.179556e-02	 1.258346e-01	 7.783687e+04	 7.789680e+04	 5.992766e+01	 1	 2.901278e+03	 5.233782e-02	 5.225343e-02	 9.231637e+02	 8.705991e-01	 
 4.822469e-01	 2.780600e-01	 6.179556e-02	 1.258346e-01	 7.783687e+04	 7.789680e+04	 5.992766e+01	 1	 2.901278e+03	 5.233782e-02	 5.225343e-02	 9.231637e+02	 8.705991e-01	 
 4.566083e-01	 3.146507e-01	 5.923726e-02	 1.244951e-01	 7.794927e+04	 7.789680e+04	 5.247424e+01	 1	 2.927930e+03	 4.521862e-02	 4.520251e-02	 8.271092e+02	 7.941168e+00	 
 4.566083e-01	 3.146507e-01	 5.923726e-02	 1.244951e-01	 7.794927e+04	 7.789680e+04	 5.247424e+01	 1	 2.927930e+03	 4.521862e-02	 4.520251e-02	 8.271092e+02	 7.941168e+00	 
 4.566083e-01	 3.146507e-01	 5.923726e-02	 1.244951e-01	 7.794927e+04	 7.789680e+04	 5.247424e+01	 1	 2.927930e+03	 4.521862e-02	 4.520251e-02	 8.271092e+02	 7.941168e+00	 
 4.566083e-01	 3.146507e-01	 5.923726e-02	 1.244951e-01	 7.794927e+04	 7.789680e+04	 5.247424e+01	 1	 2.927930e+03	 4.521862e-02	 4.520251e-02	 8.271092e+02	 7.941168e+00	 
 4.566083e-01	 3.146507e-01	 5.923726e-02	 1.244951e-01	 7.794927e+04	 7.789680e+04	 5.247424e+01	 1	 2.927930e+03	 4.521862e-02	 4.520251e-02	 8.271092e+02	 7.941168e+00	 
 4.566083e-01	 3.146507e-01	 5.923726e-02	 1.244951e-01	 7.794927e+04	 7.789680e+04	 5.247424e+01	 1	 2.927930e+03	 4.521862e-02	 4.520251e-02	 8.271092e+02	 7.941168e+00	 
 1.600097e-01	 8.353174e-01	 4.131243e-02	 1.440338e-02	 4.907821e+04	 4.922510e+04	 1.468873e+02	 1	 1.198952e+03	 5.110949e-02	 8.368428e+02	 2.124206e+03	 4.803988e-01	 
 1.600097e-01	 8.353174e-01	 4.131243e-02	 1.440338e-02	 4.907821e+04	 4.922510e+04	 1.468873e+02	 1	 1.198952e+03	 5.110949e-02	 8.368428e+02	 2.124206e+03	 4.803988e-01	 
 1.600097e-01	 8.353174e-01	 4.131243e-02	 1.440338e-02	 4.907821e+04	 4.922510e+04	 1.468873e+02	 1	 1.198952e+03	 5.110949e-02	 8.368428e+02	 2.124206e+03	 4.803988e-01	 
 1.600097e-01	 8.353174e-01	 4.131243e-02	 1.440338e-02	 4.907821e+04	 4.922510e+04	 1.468873e+02	 1	 1.198952e+03	 5.110949e-02	 8.368428e+02	 2.124206e+03	 4.803988e-01	 
 1.600097e-01	 8.353174e-01	 4.131243e-02	 1.440338e-02	 4.907821e+04	 4.922510e+04	 1.468873e+02	 1	 1.198952e+03	 5.110949e-02	 8.368428e+02	 2.124206e+03	 4.803988e-01	 
 1.600097e-01	 8.353174e-01	 4.131243e-02	 1.440338e-02	 4.907821e+04	 4.922510e+04	 1.468873e+02	 1	 1.198952e+03	 5.110949e-02	 8.368428e+02	 2.124206e+03	 4.803988e-01	 
 3.032313e-01	 3.146542e-01	 7.674593e-03	 2.458115e-01	 7.305004e+04	 7.309530e+04	 4.525561e+01	 1	 9.628201e+03	 1.325899e-01	 1.288955e-01	 5.917240e+02	 6.146611e+01	 
 3.032313e-01	 3.146542e-01	 7.674593e-03	 2.458115e-01	 7.305004e+04	 7.309530e+04	 4.525561e+01	 1	 9.628201e+03	 1.325899e-01	 1.288955e-01	 5.917240e+02	 6.146611e+01	 
 3.032313e-01	 3.146542e-01	 7.674593e-03	 2.458115e-01	 7.305004e+04	 7.309530e+04	 4.525561e+01	 1	 9.628201e+03	 1.325899e-01	 1.288955e-01	 5.917240e+02	 6.146611e+01	 
 3.032313e-01	 3.146542e-01	 7.674593e-03	 2.458115e-01	 7.305004e+04	 7.309530e+04	 4.525561e+01	 1	 9.628201e+03	 1.325899e-01	 1.288955e-01	 5.917240e+02	 6.146611e+01	 
 3.032313e-01	 3.146542e-01	 7.674593e-03	 2.458115e-01	 7.305004e+04	 7.309530e+04	 4.525561e+01	 1	 9.628201e+03	 1.325899e-01	 1.288955e-01	 5.917240e+02	 6.146611e+01	 
 3.032313e-01	 3.146542e-01	 7.674593e-03	 2.458115e-01	 7.305004e+04	 7.309530e+04	 4.525561e+01	 1	 9.628201e+03	 1.325899e-01	 1.288955e-01	 5.917240e+02	 6.146611e+01	 
 3.045661e-01	 2.813319e-01	 8.157607e-03	 2.650233e-01	 7.309438e+04	 7.309530e+04	 9.160148e-01	 1	 9.747756e+03	 1.454349e-01	 1.413479e-01	 6.341302e+02	 4.339911e+01	 
 3.045661e-01	 2.813319e-01	 8.157607e-03	 2.650233e-01	 7.309438e+04	 7.309530e+04	 9.160148e-01	 1	 9.747756e+03	 1.454349e-01	 1.413479e-01	 6.341302e+02	 4.339911e+01	 
 3.045661e-01	 2.813319e-01	 8.157607e-03	 2.650233e-01	 7.309438e+04	 7.309530e+04	 9.160148e-01	 1	 9.747756e+03	 1.454349e-01	 1.413479e-01	 6.341302e+02	 4.339911e+01	 
 3.045661e-01	 2.813319e-01	 8.157607e-03	 2.650233e-01	 7.309438e+04	 7.309530e+04	 9.160148e-01	 1	 9.747756e+03	 1.454349e-01	 1.413479e-01	 6.341302e+02	 4.339911e+01	 
 3.045661e-01	 2.813319e-01	 8.157607e-03	 2.650233e-01	 7.309438e+04	 7.309530e+04	 9.160148e-01	 1	 9.747756e+03	 1.454349e-01	 1.413479e-01	 6.341302e+02	 4.339911e+01	 
 3.045661e-01	 2.813319e-01	 8.157607e-03	 2.650233e-01	 7.309438e+04	 7.309530e+04	 9.160148e-01	 1	 9.747756e+03	 1.454349e-01	 1.413479e-01	 6.341302e+02	 4.339911e+01	 
 1.600097e-01	 8.353174e-01	 4.131243e-02	 1.440338e-02	 4.907821e+04	 4.922510e+04	 1.468873e+02	 1	 1.198952e+03	 5.110949e-02	 8.368428e+02	 2.124206e+03	 4.803988e-01	 
 1.600097e-01	 8.353174e-01	 4.131243e-02	 1.440338e-02	 4.907821e+04	 4.922510e+04	 1.468873e+02	 1	 1.198952e+03	 5.110949e-02	 8.368428e+02	 2.124206e+03	 4.803988e-01	 
 1.600097e-01	 8.353174e-01	 4.131243e-02	 1.440338e-02	 4.907821e+04	 4.922510e+04	 1.468873e+02	 1	 1.198952e+03	 5.110949e-02	 8.368428e+02	 2.124206e+03	 4.803988e-01	 
 1.600097e-01	 8.353174e-01	 4.131243e-02	 1.440338e-02	 4.907821e+04	 4.922510e+04	 1.468873e+02	 1	 1.198952e+03	 5.110949e-02	 8.368428e+02	 2.124206e+03	 4.803988e-01	 
 1.600097e-01	 8.353174e-01	 4.131243e-02	 1.440338e-02	 4.907821e+04	 4.922510e+04	 1.468873e+02	 1	 1.198952e+03	 5.110949e-02	 8.368428e+02	 2.124206e+03	 4.803988e-01	 
 1.600097e-01	 8.353174e-01	 4.131243e-02	 1.440338e-02	 4.907821e+04	 4.922510e+04	 1.468873e+02	 1	 1.198952e+03	 5.110949e-02	 8.368428e+02	 2.124206e+03	 4.803988e-01	 
 2.126541e-01	 5.500176e-01	 5.880860e-04	 1.814026e-01	 9.481155e+04	 9.482150e+04	 9.947963e+00	 1	 1.672823e+02	 5.537552e-02	 5.551533e-02	 3.255874e+02	 1.925557e+02	 
 2.126541e-01	 5.500176e-01	 5.880860e-04	 1.814026e-01	 9.481155e+04	 9.482150e+04	 9.947963e+00	 1	 1.672823e+02	 5.537552e-02	 5.551533e-02	 3.255874e+02	 1.925557e+02	 
 2.126541e-01	 5.500176e-01	 5.880860e-04	 1.814026e-01	 9.481155e+04	 9.482150e+04	 9.947963e+00	 1	 1.672823e+02	 5.537552e-02	 5.551533e-02	 3.255874e+02	 1.925557e+02	 
 2.126541e-01	 5.500176e-01	 5.880860e-04	 1.814026e-01	 9.481155e+04	 9.482150e+04	 9.947963e+00	 1	 1.672823e+02	 5.537552e-02	 5.551533e-02	 3.255874e+02	 1.925557e+02	 
 2.126541e-01	 5.500176e-01	 5.880860e-04	 1.814026e-01	 9.481155e+04	 9.482150e+04	 9.947963e+00	 1	 1.672823e+02	 5.537552e-02	 5.551533e-02	 3.255874e+02	 1.925557e+02	 
 2.126541e-01	 5.500176e-01	 5.880860e-04	 1.814026e-01	 9.481155e+04	 9.482150e+04	 9.947963e+00	 1	 1.672823e+02	 5.537552e-02	 5.551533e-02	 3.255874e+02	 1.925557e+02	 
 2.194745e-01	 5.393390e-01	 7.689040e-04	 1.822702e-01	 9.482573e+04	 9.482150e+04	 4.227880e+00	 1	 1.499175e+02	 5.818407e-02	 5.832607e-02	 3.197462e+02	 1.190186e+02	 
 2.194745e-01	 5.393390e-01	 7.689040e-04	 1.822702e-01	 9.482573e+04	 9.482150e+04	 4.227880e+00	 1	 1.499175e+02	 5.818407e-02	 5.832607e-02	 3.197462e+02	 1.190186e+02	 
 2.194745e-01	 5.393390e-01	 7.689040e-04	 1.822702e-01	 9.482573e+04	 9.482150e+04	 4.227880e+00	 1	 1.499175e+02	 5.818407e-02	 5.832607e-02	 3.197462e+02	 1.190186e+02	 
 2.194745e-01	 5.393390e-01	 7.689040e-04	 1.822702e-01	 9.482573e+04	 9.482150e+04	 4.227880e+00	 1	 1.499175e+02	 5.818407e-02	 5.832607e-02	 3.197462e+02	 1.190186e+02	 
 2.194745e-01	 5.393390e-01	 7.689040e-04	 1.822702e-01	 9.482573e+04	 9.482150e+04	 4.227880e+00	 1	 1.499175e+02	 5.818407e-02	 5.832607e-02	 3.197462e+02	 1.190186e+02	 
 2.194745e-01	 5.393390e-01	 7.689040e-04	 1.822702e-01	 9.482573e+04	 9.482150e+04	 4.227880e+00	 1	 1.499175e+02	 5.818407e-02	 5.832607e-02	 3.197462e+02	 1.190186e+02	 
 1.600097e-01	 8.353174e-01	 4.131243e-02	 1.440338e-02	 4.907821e+04	 4.922510e+04	 1.468873e+02	 1	 1.198952e+03	 5.110949e-02	 8.368428e+02	 2.124206e+03	 4.803988e-01	 
 1.600097e-01	 8.353174e-01	 4.131243e-02	 1.440338e-02	 4.907821e+04	 4.922510e+04	 1.468873e+02	 1	 1.198952e+03	 5.110949e-02	 8.368428e+02	 2.124206e+03	 4.803988e-01	 
 1.600097e-01	 8.353174e-01	 4.131243e-02	 1.440338e-02	 4.907821e+04	 4.922510e+04	 1.468873e+02	 1	 1.198952e+03	 5.110949e-02	 8.368428e+02	 2.124206e+03	 4.803988e-01	 
 1.600097e-01	 8.353174e-01	 4.131243e-02	 1.440338e-02	 4.907821e+04	 4.922510e+04	 1.468873e+02	 1	 1.198952e+03	 5.110949e-02	 8.368428e+02	 2.124206e+03	 4.803988e-01	 
 1.600097e-01	 8.353174e-01	 4.131243e-02	 1.440338e-02	 4.907821e+04	 4.922510e+04	 1.468873e+02	 1	 1.198952e+03	 5.110949e-02	 8.368428e+02	 2.124206e+03	 4.803988e-01	 
 1.600097e-01	 8.353174e-01	 4.131243e-02	 1.440338e-02	 4.907821e+04	 4.922510e+04	 1.468873e+02	 1	 1.198952e+03	 5.110949e-02	 8.368428e+02	 2.124206e+03	 4.803988e-01	 
 3.213175e-01	 8.918747e-01	 -7.022673e-06	 -1.350058e-01	 7.123093e+04	 7.122960e+04	 1.329544e+00	 0	 3.592241e+04	 8.113892e-02	 2.559910e+01	 3.472328e+03	 1.044283e+00	 
 3.213175e-01	 8.918747e-01	 -7.022673e-06	 -1.350058e-01	 7.123093e+04	 7.122960e+04	 1.329544e+00	 0	 3.592241e+04	 8.113892e-02	 2.559910e+01	 3.472328e+03	 1.044283e+00	 
 3.213175e-01	 8.918747e-01	 -7.022673e-06	 -1.350058e-01	 7.123093e+04	 7.122960e+04	 1.329544e+00	 0	 3.592241e+04	 8.113892e-02	 2.559910e+01	 3.472328e+03	 1.044283e+00	 
 3.213175e-01	 8.918747e-01	 -7.022673e-06	 -1.350058e-01	 7.123093e+04	 7.122960e+04	 1.329544e+00	 0	 3.592241e+04	 8.113892e-02	 2.559910e+01	 3.472328e+03	 1.044283e+00	 
 3.213175e-01	 8.918747e-01	 -7.022673e-06	 -1.350058e-01	 7.123093e+04	 7.122960e+04	 1.329544e+00	 0	 3.592241e+04	 8.113892e-02	 2.559910e+01	 3.472328e+03	 1.044283e+00	 
 3.213175e-01	 8.918747e-01	 -7.022673e-06	 -1.350058e-01	 7.123093e+04	 7.122960e+04	 1.329544e+00	 0	 3.592241e+04	 8.113892e-02	 2.559910e+01	 3.472328e+03	 1.044283e+00	 
 3.213175e-01	 8.918747e-01	 -7.022673e-06	 -1.350058e-01	 7.123093e+04	 7.122960e+04	 1.329544e+00	 0	 3.592241e+04	 8.113892e-02	 2.559910e+01	 3.472328e+03	 1.044283e+00	 
 3.213175e-01	 8.918747e-01	 -7.022673e-06	 -1.350058e-01	 7.123093e+04	 7.122960e+04	 1.329544e+00	 0	 3.592241e+04	 8.113892e-02	 2.559910e+01	 3.472328e+03	 1.044283e+00	 
 3.213175e-01	 8.918747e-01	 -7.022673e-06	 -1.350058e-01	 7.123093e+04	 7.122960e+04	 1.329544e+00	 0	 3.592241e+04	 8.113892e-02	 2.559910e+01	 3.472328e+03	 1.044283e+00	 
 3.213175e-01	 8.918747e-01	 -7.022673e-06	 -1.350058e-01	 7.123093e+04	 7.122960e+04	 1.329544e+00	 0	 3.592241e+04	 8.113892e-02	 2.559910e+01	 3.472328e+03	 1.044283e+00	 
 3.213175e-01	 8.918747e-01	 -7.022673e-06	 -1.350058e-01	 7.123093e+04	 7.122960e+04	 1.329544e+00	 0	 3.592241e+04	 8.113892e-02	 2.559910e+01	 3.472328e+03	 1.044283e+00	 
 3.213175e-01	 8.918747e-01	 -7.022673e-06	 -1.350058e-01	 7.123093e+04	 7.122960e+04	 1.329544e+00	 0	 3.592241e+04	 8.113892e-02	 2.559910e+01	 3.472328e+03	 1.044283e+00	 
 1.600097e-01	 8.353174e-01	 4.131243e-02	 1.440338e-02	 4.907821e+04	 4.922510e+04	 1.468873e+02	 1	 1.198952e+03	 5.110949e-02	 8.368428e+02	 2.124206e+03	 4.803988e-01	 
 1.600097e-01	 8.353174e-01	 4.131243e-02	 1.440338e-02	 4.907821e+04	 4.922510e+04	 1.468873e+02	 1	 1.198952e+03	 5.110949e-02	 8.368428e+02	 2.124206e+03	 4.803988e-01	 
 1.600097e-01	 8.353174e-01	 4.131243e-02	 1.440338e-02	 4.907821e+04	 4.922510e+04	 1.468873e+02	 1	 1.198952e+03	 5.110949e-02	 8.368428e+02	 2.124206e+03	 4.803988e-01	 
 1.600097e-01	 8.353174e-01	 4.131243e-02	 1.440338e-02	 4.907821e+04	 4.922510e+04	 1.468873e+02	 1	 1.198952e+03	 5.110949e-02	 8.368428e+02	 2.124206e+03	 4.803988e-01	 
 1.600097e-01	 8.353174e-01	 4.131243e-02	 1.440338e-02	 4.907821e+04	 4.922510e+04	 1.468873e+02	 1	 1.198952e+03	 5.110949e-02	 8.368428e+02	 2.124206e+03	 4.803988e-01	 
 1.600097e-01	 8.353174e-01	 4.131243e-02	 1.440338e-02	 4.907821e+04	 4.922510e+04	 1.468873e+02	 1	 1.198952e+03	 5.110949e-02	 8.368428e+02	 2.124206e+03	 4.803988e-01	 
 2.558887e-02	 9.029433e-01	 3.588523e-02	 1.057132e-01	 6.570243e+04	 6.498450e+04	 7.179260e+02	 1	 1.484077e+03	 7.026621e-02	 5.663825e+02	 1.053884e+03	 3.483674e+02	 
 2.558887e-02	 9.029433e-01	 3.588523e-02	 1.057132e-01	 6.570243e+04	 6.498450e+04	 7.179260e+02	 1	 1.484077e+03	 7.026621e-02	 5.663825e+02	 1.053884e+03	 3.483674e+02	 
 2.558887e-02	 9.029433e-01	 3.588523e-02	 1.057132e-01	 6.570243e+04	 6.498450e+04	 7.179260e+02	 1	 1.484077e+03	 7.026621e-02	 5.663825e+02	 1.053884e+03	 3.483674e+02	 
 2.558887e-02	 9.029433e-01	 3.588523e-02	 1.057132e-01	 6.570243e+04	 6.498450e+04	 7.179260e+02	 1	 1.484077e+03	 7.026621e-02	 5.663825e+02	 1.053884e+03	 3.483674e+02	 
 2.558887e-02	 9.029433e-01	 3.588523e-02	 1.057132e-01	 6.570243e+04	 6.498450e+04	 7.179260e+02	 1	 1.484077e+03	 7.026621e-02	 5.663825e+02	 1.053884e+03	 3.483674e+02	 
 2.558887e-02	 9.029433e-01	 3.588523e-02	 1.057132e-01	 6.570243e+04	 6.498450e+04	 7.179260e+02	 1	 1.484077e+03	 7.026621e-02	 5.663825e+02	 1.053884e+03	 3.483674e+02	 
 1.214140e-02	 9.137526e-01	 3.009814e-02	 1.124843e-01	 6.557177e+04	 6.498450e+04	 5.872667e+02	 1	 1.378134e+03	 6.861758e-02	 5.233519e+02	 9.431287e+02	 3.682995e+02	 
 1.214140e-02	 9.137526e-01	 3.009814e-02	 1.124843e-01	 6.557177e+04	 6.498450e+04	 5.872667e+02	 1	 1.378134e+03	 6.861758e-02	 5.233519e+02	 9.431287e+02	 3.682995e+02	 
 1.214140e-02	 9.137526e-01	 3.009814e-02	 1.124843e-01	 6.557177e+04	 6.498450e+04	 5.872667e+02	 1	 1.378134e+03	 6.861758e-02	 5.233519e+02	 9.431287e+02	 3.682995e+02	 
 1.214140e-02	 9.137526e-01	 3.009814e-02	 1.124843e-01	 6.557177e+04	 6.498450e+04	 5.872667e+02	 1	 1.378134e+03	 6.861758e-02	 5.233519e+02	 9.431287e+02	 3.682995e+02	 
 1.214140e-02	 9.137526e-01	 3.009814e-02	 1.124843e-01	 6.557177e+04	 6.498450e+04	 5.872667e+02	 1	 1.378134e+03	 6.861758e-02	 5.233519e+02	 9.431287e+02	 3.682995e+02	 
 1.214140e-02	 9.137526e-01	 3.009814e-02	 1.124843e-01	 6.557177e+04	 6.498450e+04	 5.872667e+02	 1	 1.378134e+03	 6.861758e-02	 5.233519e+02	 9.431287e+02	 3.682995e+02	 
 1.600097e-01	 8.353174e-01	 4.131243e-02	 1.440338e-02	 4.907821e+04	 4.922510e+04	 1.468873e+02	 1	 1.198952e+03	 5.110949e-02	 8.368428e+02	 2.124206e+03	 4.803988e-01	 
 1.600097e-01	 8.353174e-01	 4.131243e-02	 1.440338e-02	 4.907821e+04	 4.922510e+04	 1.468873e+02	 1	 1.198952e+03	 5.110949e-02	 8.368428e+02	 2.124206e+03	 4.803988e-01	 
 1.600097e-01	 8.353174e-01	 4.131243e-02	 1.440338e-02	 4.907821e+04	 4.922510e+04	 1.468873e+02	 1	 1.198952e+03	 5.110949e-02	 8.368428e+02	 2.124206e+03	 4.803988e-01	 
 1.600097e-01	 8.353174e-01	 4.131243e-02	 1.440338e-02	 4.907821e+04	 4.922510e+04	 1.468873e+02	 1	 1.198952e+03	 5.110949e-02	 8.368428e+02	 2.124206e+03	 4.803988e-01	 
 1.600097e-01	 8.353174e-01	 4.131243e-02	 1.440338e-02	 4.907821e+04	 4.922510e+04	 1.468873e+02	 1	 1.198952e+03	 5.110949e-02	 8.368428e+02	 2.124206e+03	 4.803988e-01	 
 1.600097e-01	 8.353174e-01	 4.131243e-02	 1.440338e-02	 4.907821e+04	 4.922510e+04	 1.468873e+02	 1	 1.198952e+03	 5.110949e-02	 8.368428e+02	 2.124206e+03	 4.803988e-01	 
 2.595564e-01	 5.224808e-01	 6.014227e-03	 1.549609e-01	 1.423079e+05	 1.423152e+05	 7.309108e+00	 1	 4.536261e+02	 5.703571e-02	 5.716925e-02	 4.423644e+02	 2.388329e+02	 
 2.595564e-01	 5.224808e-01	 6.014227e-03	 1.549609e-01	 1.423079e+05	 1.423152e+05	 7.309108e+00	 1	 4.536261e+02	 5.703571e-02	 5.716925e-02	 4.423644e+02	 2.388329e+02	 
 2.595564e-01	 5.224808e-01	 6.014227e-03	 1.549609e-01	 1.423079e+05	 1.423152e+05	 7.309108e+00	 1	 4.536261e+02	 5.703571e-02	 5.716925e-02	 4.423644e+02	 2.388329e+02	 
 2.595564e-01	 5.224808e-01	 6.014227e-03	 1.549609e-01	 1.423079e+05	 1.423152e+05	 7.309108e+00	 1	 4.536261e+02	 5.703571e-02	 5.716925e-02	 4.423644e+02	 2.388329e+02	 
 2.595564e-01	 5.224808e-01	 6.014227e-03	 1.549609e-01	 1.423079e+05	 1.423152e+05	 7.309108e+00	 1	 4.536261e+02	 5.703571e-02	 5.716925e-02	 4.423644e+02	 2.388329e+02	 
 2.595564e-01	 5.224808e-01	 6.014227e-03	 1.549609e-01	 1.423079e+05	 1.423152e+05	 7.309108e+00	 1	 4.536261e+02	 5.703571e-02	 5.716925e-02	 4.423644e+02	 2.388329e+02	 
 2.595550e-01	 5.224652e-01	 6.015337e-03	 1.549691e-01	 1.423075e+05	 1.423152e+05	 7.688652e+00	 1	 4.536411e+02	 5.704326e-02	 5.717695e-02	 4.424521e+02	 2.388210e+02	 
 2.595550e-01	 5.224652e-01	 6.015337e-03	 1.549691e-01	 1.423075e+05	 1.423152e+05	 7.688652e+00	 1	 4.536411e+02	 5.704326e-02	 5.717695e-02	 4.424521e+02	 2.388210e+02	 
 2.595550e-01	 5.224652e-01	 6.015337e-03	 1.549691e-01	 1.423075e+05	 1.423152e+05	 7.688652e+00	 1	 4.536411e+02	 5.704326e-02	 5.717695e-02	 4.424521e+02	 2.388210e+02	 
 2.595550e-01	 5.224652e-01	 6.015337e-03	 1.549691e-01	 1.423075e+05	 1.423152e+05	 7.688652e+00	 1	 4.536411e+02	 5.704326e-02	 5.717695e-02	 4.424521e+02	 2.388210e+02	 
 2.595550e-01	 5.224652e-01	 6.015337e-03	 1.549691e-01	 1.423075e+05	 1.423152e+05	 7.688652e+00	 1	 4.536411e+02	 5.704326e-02	 5.717695e-02	 4.424521e+02	 2.388210e+02	 
 2.595550e-01	 5.224652e-01	 6.015337e-03	 1.549691e-01	 1.423075e+05	 1.423152e+05	 7.688652e+00	 1	 4.536411e+02	 5.704326e-02	 5.717695e-02	 4.424521e+02	 2.388210e+02	 
 1.600097e-01	 8.353174e-01	 4.131243e-02	 1.440338e-02	 4.907821e+04	 4.922510e+04	 1.468873e+02	 1	 1.198952e+03	 5.110949e-02	 8.368428e+02	 2.124206e+03	 4.803988e-01	 
 1.600097e-01	 8.353174e-01	 4.131243e-02	 1.440338e-02	 4.907821e+04	 4.922510e+04	 1.468873e+02	 1	 1.198952e+03	 5.110949e-02	 8.368428e+02	 2.124206e+03	 4.803988e-01	 
 1.600097e-01	 8.353174e-01	 4.131243e-02	 1.440338e-02	 4.907821e+04	 4.922510e+04	 1.468873e+02	 1	 1.198952e+03	 5.110949e-02	 8.368428e+02	 2.124206e+03	 4.803988e-01	 
 1.600097e-01	 8.353174e-01	 4.131243e-02	 1.440338e-02	 4.907821e+04	 4.922510e+04	 1.468873e+02	 1	 1.198952e+03	 5.110949e-02	 8.368428e+02	 2.124206e+03	 4.803988e-01	 
 1.600097e-01	 8.353174e-01	 4.131243e-02	 1.440338e-02	 4.907821e+04	 4.922510e+04	 1.468873e+02	 1	 1.198952e+03	 5.110949e-02	 8.368428e+02	 2.124206e+03	 4.803988e-01	 
 1.600097e-01	 8.353174e-01	 4.131243e-02	 1.440338e-02	 4.907821e+04	 4.922510e+04	 1.468873e+02	 1	 1.198952e+03	 5.110949e-02	 8.368428e+02	 2.124206e+03	 4.803988e-01	 
 2.718187e-01	 7.095878e-01	 5.623751e-03	 3.306848e-02	 4.499216e+04	 4.576620e+04	 7.740361e+02	 1	 3.079564e+03	 2.028024e-02	 4.752234e+00	 2.894535e+01	 3.315443e+01	 
 2.718187e-01	 7.095878e-01	 5.623751e-03	 3.306848e-02	 4.499216e+04	 4.576620e+04	 7.740361e+02	 1	 3.079564e+03	 2.028024e-02	 4.752234e+00	 2.894535e+01	 3.315443e+01	 
 2.718187e-01	 7.095878e-01	 5.623751e-03	 3.306848e-02	 4.499216e+04	 4.576620e+04	 7.740361e+02	 1	 3.079564e+03	 2.028024e-02	 4.752234e+00	 2.894535e+01	 3.315443e+01	 
 2.718187e-01	 7.095878e-01	 5.623751e-03	 3.306848e-02	 4.499216e+04	 4.576620e+04	 7.740361e+02	 1	 3.079564e+03	 2.028024e-02	 4.752234e+00	 2.894535e+01	 3.315443e+01	 
 2.718187e-01	 7.095878e-01	 5.623751e-03	 3.306848e-02	 4.499216e+04	 4.576620e+04	 7.740361e+02	 1	 3.079564e+03	 2.028024e-02	 4.752234e+00	 2.894535e+01	 3.315443e+01	 
 2.718187e-01	 7.095878e-01	 5.623751e-03	 3.306848e-02	 4.499216e+04	 4.576620e+04	 7.740361e+02	 1	 3.079564e+03	 2.028024e-02	 4.752234e+00	 2.894535e+01	 3.315443e+01	 
 5.876098e-01	 2.734766e-01	 4.910408e-03	 2.884510e-02	 4.504789e+04	 4.576620e+04	 7.183149e+02	 1	 3.177567e+03	 1.060794e-01	 1.057332e-01	 3.919220e+01	 2.562942e+01	 
 5.876098e-01	 2.734766e-01	 4.910408e-03	 2.884510e-02	 4.504789e+04	 4.576620e+04	 7.183149e+02	 1	 3.177567e+03	 1.060794e-01	 1.057332e-01	 3.919220e+01	 2.562942e+01	 
 5.876098e-01	 2.734766e-01	 4.910408e-03	 2.884510e-02	 4.504789e+04	 4.576620e+04	 7.183149e+02	 1	 3.177567e+03	 1.060794e-01	 1.057332e-01	 3.919220e+01	 2.562942e+01	 
 5.876098e-01	 2.734766e-01	 4.910408e-03	 2.884510e-02	 4.504789e+04	 4.576620e+04	 7.183149e+02	 1	 3.177567e+03	 1.060794e-01	 1.057332e-01	 3.919220e+01	 2.562942e+01	 
 5.876098e-01	 2.734766e-01	 4.910408e-03	 2.884510e-02	 4.504789e+04	 4.576620e+04	 7.183149e+02	 1	 3.177567e+03	 1.060794e-01	 1.057332e-01	 3.919220e+01	 2.562942e+01	 
 5.876098e-01	 2.734766e-01	 4.910408e-03	 2.884510e-02	 4.504789e+04	 4.576620e+04	 7.183149e+02	 1	 3.177567e+03	 1.060794e-01	 1.057332e-01	 3.919220e+01	 2.562942e+01	 
 