9.058364e-02	 7.532396e-01	 7.508763e-03	 1.486680e-01	 1.728892e+02	 5.919543e+00	 
 9.058364e-02	 7.532396e-01	 7.508763e-03	 1.486680e-01	 1.661044e+02	 5.932622e+00	 
 1.232497e-01	 7.281363e-01	 3.880101e-03	 1.447339e-01	 1.587270e+02	 5.599421e+00	 
 1.233483e-01	 7.280026e-01	 3.948974e-03	 1.447001e-01	 1.542424e+02	 5.640126e+00	 
 1.250973e-01	 7.270233e-01	 4.103414e-03	 1.437759e-01	 1.537506e+02	 5.634669e+00	 
 1.251830e-01	 7.269660e-01	 4.093869e-03	 1.437571e-01	 1.537352e+02	 5.633552e+00	 
 2.962089e-01	 6.566456e-01	 3.845384e-03	 4.330017e-02	 1.179053e+02	 9.429621e+00	 
 2.872177e-01	 6.597794e-01	 3.863280e-03	 4.913965e-02	 6.640855e+01	 9.406515e+00	 
 2.872712e-01	 6.598210e-01	 3.842367e-03	 4.906542e-02	 6.524005e+01	 9.410374e+00	 
 2.847113e-01	 6.615445e-01	 3.950077e-03	 4.979406e-02	 5.514755e+01	 9.411520e+00	 
 2.637583e-01	 6.668408e-01	 6.878575e-03	 6.252232e-02	 3.563598e+01	 8.048432e+00	 
 3.236031e-01	 6.453776e-01	 6.406698e-03	 2.461262e-02	 3.293391e+01	 8.017191e+00	 
 3.174744e-01	 6.474270e-01	 6.592240e-03	 2.850632e-02	 3.014124e+01	 8.025471e+00	 
 3.179727e-01	 6.472048e-01	 6.614642e-03	 2.820789e-02	 2.592900e+01	 7.995424e+00	 
 3.116690e-01	 6.493273e-01	 6.795742e-03	 3.220791e-02	 2.523420e+01	 8.003878e+00	 
 2.929266e-01	 6.584600e-01	 4.268759e-03	 4.434468e-02	 5.074410e+00	 9.330589e+00	 
 1.225099e-01	 7.287607e-01	 3.959945e-03	 1.447694e-01	 8.454235e-01	 6.892882e+00	 
 