Condicionamento
7.731627e+03	 
 1.256654e+03	 
 2.837933e+03	 
 1.555576e+03	 
 4.769600e+03	 
 4.420895e+03	 
 3.526119e+02	 
 4.587193e+02	 
 4.874200e+03	 
 7.220734e+03	 
 6.435429e+03	 
 6.151585e+03	 
 3.789854e+03	 
 6.671766e+03	 
 3.157455e+03	 
 4.813563e+02	 
 5.668109e+03	 
 2.982138e+03	 
 4.682753e+02	 
 6.019779e+03	 
 1.599223e+03	 
 1.152079e+03	 
 6.278066e+03	 
 4.420895e+03	 
 4.579071e+03	 
 5.965007e+03	 
 1.645366e+03	 
 1.141877e+03	 
 6.435667e+03	 
 3.121924e+02	 
 3.037112e+02	 
 6.869409e+03	 
 2.944642e+03	 
 4.664919e+02	 
 6.435429e+03	 
 6.586125e+03	 
 6.064071e+03	 
 6.729806e+03	 
 1.185815e+03	 
 7.922343e+02	 
 