Condicionamento
4.486612e+03	 1	 0	 
 4.114608e+03	 1	 0	 
 6.637226e+03	 1	 0	 
 2.351888e+04	 1	 0	 
 5.016615e+04	 1	 0	 
 5.608886e+04	 1	 0	 
 1.297179e+04	 1	 0	 
 2.092183e+03	 1	 0	 
 4.298612e+03	 1	 0	 
 2.343246e+03	 1	 0	 
 2.343246e+03	 1	 1	 
 4.114608e+03	 1	 2	 
 4.114608e+03	 1	 3	 
 2.343246e+03	 2	 1	 
 5.608886e+04	 2	 2	 
 5.608886e+04	 2	 3	 
 2.343246e+03	 3	 1	 
 6.637226e+03	 3	 2	 
 6.637226e+03	 3	 3	 
 2.343246e+03	 4	 1	 
 2.343246e+03	 4	 2	 
 2.343246e+03	 4	 3	 
 2.343246e+03	 5	 1	 
 1.297179e+04	 5	 2	 
 1.297179e+04	 5	 3	 
 2.343246e+03	 6	 1	 
 1.297179e+04	 6	 2	 
 1.297179e+04	 6	 3	 
 2.343246e+03	 7	 1	 
 1.297179e+04	 7	 2	 
 1.297179e+04	 7	 3	 
 2.343246e+03	 8	 1	 
 4.114608e+03	 8	 2	 
 4.114608e+03	 8	 3	 
 2.343246e+03	 9	 1	 
 4.298612e+03	 9	 2	 
 4.298612e+03	 9	 3	 
 2.343246e+03	 10	 1	 
 1.297179e+04	 10	 2	 
 1.297179e+04	 10	 3	 
 