s	 e	 nS	 nE	 p	 f
0	 0	 0	 0	 0	 0	 
 63	 82	 1920	 84	 0	 -1836	 
 63	 82	 1920	 84	 0	 -1836	 
 63	 82	 1920	 90	 0	 -1830	 
 63	 82	 1920	 89	 0	 -1831	 
 63	 82	 1920	 83	 0	 -1837	 
 63	 82	 1920	 88	 0	 -1832	 
 63	 82	 1920	 83	 0	 -1837	 
 63	 82	 1920	 83	 0	 -1837	 
 63	 82	 1920	 84	 0	 -1836	 
 63	 82	 1920	 83	 0	 -1837	 
 63	 82	 1920	 92	 0	 -1828	 
 63	 82	 1920	 84	 0	 -1836	 
 63	 82	 1920	 84	 0	 -1836	 
 63	 82	 1920	 83	 0	 -1837	 
 63	 82	 1920	 89	 0	 -1831	 
 63	 82	 1920	 90	 0	 -1830	 
 63	 82	 1920	 85	 0	 -1835	 
 63	 82	 1920	 84	 0	 -1836	 
 63	 82	 1920	 85	 0	 -1835	 
 63	 82	 1920	 83	 0	 -1837	 
 63	 82	 1920	 83	 0	 -1837	 
 63	 82	 1920	 90	 0	 -1830	 
 63	 82	 1920	 88	 0	 -1832	 
 63	 82	 1920	 91	 0	 -1829	 
 63	 82	 1920	 90	 0	 -1830	 
 63	 82	 1920	 86	 0	 -1834	 
 63	 82	 1920	 92	 0	 -1828	 
 63	 82	 1920	 92	 0	 -1828	 
 63	 82	 1920	 91	 0	 -1829	 
 63	 82	 1920	 89	 0	 -1831	 
 63	 82	 1920	 87	 0	 -1833	 
 63	 82	 1920	 88	 0	 -1832	 
 63	 82	 1920	 85	 0	 -1835	 
 63	 82	 1920	 87	 0	 -1833	 
 63	 82	 1920	 84	 0	 -1836	 
 63	 82	 1920	 91	 0	 -1829	 
 63	 82	 1920	 91	 0	 -1829	 
 63	 82	 1920	 90	 0	 -1830	 
 63	 82	 1920	 86	 0	 -1834	 
 63	 82	 1920	 84	 0	 -1836	 
 63	 82	 1920	 85	 0	 -1835	 
 63	 82	 1920	 86	 0	 -1834	 
 63	 82	 1920	 85	 0	 -1835	 
 63	 82	 1920	 88	 0	 -1832	 
 63	 82	 1920	 87	 0	 -1833	 
 63	 82	 1920	 88	 0	 -1832	 
 63	 82	 1920	 90	 0	 -1830	 
 63	 82	 1920	 89	 0	 -1831	 
 63	 82	 1920	 89	 0	 -1831	 
 63	 82	 1920	 88	 0	 -1832	 
 63	 82	 1920	 86	 0	 -1834	 
 63	 82	 1920	 87	 0	 -1833	 
 63	 82	 1920	 87	 0	 -1833	 
 63	 82	 1920	 91	 0	 -1829	 
 63	 82	 1920	 89	 0	 -1831	 
 63	 82	 1920	 90	 0	 -1830	 
 63	 82	 1920	 88	 0	 -1832	 
 63	 82	 1920	 85	 0	 -1835	 
 63	 82	 1920	 84	 0	 -1836	 
 63	 82	 1920	 90	 0	 -1830	 
 63	 82	 1920	 86	 0	 -1834	 
 63	 82	 1920	 85	 0	 -1835	 
 63	 82	 1920	 89	 0	 -1831	 
 63	 82	 1920	 90	 0	 -1830	 
 63	 82	 1920	 91	 0	 -1829	 
 63	 82	 1920	 85	 0	 -1835	 
 63	 82	 1920	 89	 0	 -1831	 
 63	 82	 1920	 85	 0	 -1835	 
 63	 82	 1920	 84	 0	 -1836	 
 63	 82	 1920	 85	 0	 -1835	 
 63	 82	 1920	 89	 0	 -1831	 
 63	 82	 1920	 87	 0	 -1833	 
 63	 82	 1920	 92	 0	 -1828	 
 63	 82	 1920	 85	 0	 -1835	 
 63	 82	 1920	 92	 0	 -1828	 
 63	 82	 1920	 84	 0	 -1836	 
 63	 82	 1920	 88	 0	 -1832	 
 63	 82	 1920	 91	 0	 -1829	 
 63	 82	 1920	 84	 0	 -1836	 
 63	 82	 1920	 87	 0	 -1833	 
 63	 82	 1920	 91	 0	 -1829	 
 63	 82	 1920	 89	 0	 -1831	 
 63	 82	 1920	 91	 0	 -1829	 
 63	 82	 1920	 92	 0	 -1828	 
 63	 82	 1920	 91	 0	 -1829	 
 63	 82	 1920	 83	 0	 -1837	 
 63	 82	 1920	 92	 0	 -1828	 
 63	 82	 1920	 92	 0	 -1828	 
 63	 82	 1920	 87	 0	 -1833	 
 63	 82	 1920	 87	 0	 -1833	 
 63	 82	 1920	 84	 0	 -1836	 
 63	 82	 1920	 89	 0	 -1831	 
 63	 82	 1920	 83	 0	 -1837	 
 63	 82	 1920	 88	 0	 -1832	 
 63	 82	 1920	 84	 0	 -1836	 
 63	 82	 1920	 92	 0	 -1828	 
 63	 82	 1920	 87	 0	 -1833	 
 63	 82	 1920	 83	 0	 -1837	 
 63	 82	 1920	 90	 0	 -1830	 
 0	 0	 0	 0	 0	 0	 
 0	 0	 0	 0	 0	 0	 
 75	 93	 1920	 102	 1	 -1818	 
 75	 93	 1920	 100	 1	 -1820	 
 75	 93	 1920	 102	 1	 -1818	 
 75	 93	 1920	 94	 1	 -1826	 
 75	 93	 1920	 97	 1	 -1823	 
 75	 93	 1920	 100	 1	 -1820	 
 75	 93	 1920	 102	 1	 -1818	 
 75	 93	 1920	 96	 1	 -1824	 
 75	 93	 1920	 99	 1	 -1821	 
 75	 93	 1920	 101	 1	 -1819	 
 75	 93	 1920	 98	 1	 -1822	 
 75	 93	 1920	 96	 1	 -1824	 
 75	 93	 1920	 97	 1	 -1823	 
 75	 93	 1920	 94	 1	 -1826	 
 75	 93	 1920	 94	 1	 -1826	 
 75	 93	 1920	 103	 1	 -1817	 
 75	 93	 1920	 97	 1	 -1823	 
 75	 93	 1920	 102	 1	 -1818	 
 75	 93	 1920	 94	 1	 -1826	 
 75	 93	 1920	 97	 1	 -1823	 
 75	 93	 1920	 100	 1	 -1820	 
 75	 93	 1920	 100	 1	 -1820	 
 75	 93	 1920	 95	 1	 -1825	 
 75	 93	 1920	 97	 1	 -1823	 
 75	 93	 1920	 100	 1	 -1820	 
 75	 93	 1920	 97	 1	 -1823	 
 75	 93	 1920	 98	 1	 -1822	 
 75	 93	 1920	 99	 1	 -1821	 
 75	 93	 1920	 94	 1	 -1826	 
 75	 93	 1920	 95	 1	 -1825	 
 75	 93	 1920	 95	 1	 -1825	 
 75	 93	 1920	 94	 1	 -1826	 
 75	 93	 1920	 96	 1	 -1824	 
 75	 93	 1920	 101	 1	 -1819	 
 75	 93	 1920	 96	 1	 -1824	 
 75	 93	 1920	 94	 1	 -1826	 
 75	 93	 1920	 94	 1	 -1826	 
 75	 93	 1920	 94	 1	 -1826	 
 75	 93	 1920	 102	 1	 -1818	 
 75	 93	 1920	 95	 1	 -1825	 
 75	 93	 1920	 97	 1	 -1823	 
 75	 93	 1920	 97	 1	 -1823	 
 75	 93	 1920	 98	 1	 -1822	 
 75	 93	 1920	 95	 1	 -1825	 
 75	 93	 1920	 101	 1	 -1819	 
 75	 93	 1920	 96	 1	 -1824	 
 75	 93	 1920	 94	 1	 -1826	 
 75	 93	 1920	 103	 1	 -1817	 
 75	 93	 1920	 96	 1	 -1824	 
 75	 93	 1920	 99	 1	 -1821	 
 75	 93	 1920	 94	 1	 -1826	 
 75	 93	 1920	 97	 1	 -1823	 
 75	 93	 1920	 95	 1	 -1825	 
 75	 93	 1920	 95	 1	 -1825	 
 75	 93	 1920	 97	 1	 -1823	 
 75	 93	 1920	 101	 1	 -1819	 
 75	 93	 1920	 101	 1	 -1819	 
 75	 93	 1920	 99	 1	 -1821	 
 75	 93	 1920	 97	 1	 -1823	 
 75	 93	 1920	 97	 1	 -1823	 
 75	 93	 1920	 99	 1	 -1821	 
 75	 93	 1920	 103	 1	 -1817	 
 75	 93	 1920	 99	 1	 -1821	 
 75	 93	 1920	 103	 1	 -1817	 
 75	 93	 1920	 95	 1	 -1825	 
 75	 93	 1920	 96	 1	 -1824	 
 75	 93	 1920	 102	 1	 -1818	 
 75	 93	 1920	 96	 1	 -1824	 
 75	 93	 1920	 101	 1	 -1819	 
 75	 93	 1920	 100	 1	 -1820	 
 75	 93	 1920	 101	 1	 -1819	 
 75	 93	 1920	 103	 1	 -1817	 
 75	 93	 1920	 101	 1	 -1819	 
 75	 93	 1920	 95	 1	 -1825	 
 75	 93	 1920	 103	 1	 -1817	 
 75	 93	 1920	 97	 1	 -1823	 
 75	 93	 1920	 99	 1	 -1821	 
 75	 93	 1920	 96	 1	 -1824	 
 75	 93	 1920	 97	 1	 -1823	 
 75	 93	 1920	 102	 1	 -1818	 
 75	 93	 1920	 96	 1	 -1824	 
 75	 93	 1920	 98	 1	 -1822	 
 75	 93	 1920	 98	 1	 -1822	 
 75	 93	 1920	 102	 1	 -1818	 
 75	 93	 1920	 97	 1	 -1823	 
 75	 93	 1920	 103	 1	 -1817	 
 75	 93	 1920	 97	 1	 -1823	 
 75	 93	 1920	 96	 1	 -1824	 
 75	 93	 1920	 101	 1	 -1819	 
 75	 93	 1920	 101	 1	 -1819	 
 75	 93	 1920	 98	 1	 -1822	 
 75	 93	 1920	 96	 1	 -1824	 
 75	 93	 1920	 100	 1	 -1820	 
 75	 93	 1920	 95	 1	 -1825	 
 75	 93	 1920	 94	 1	 -1826	 
 75	 93	 1920	 96	 1	 -1824	 
 75	 93	 1920	 94	 1	 -1826	 
 75	 93	 1920	 100	 1	 -1820	 
 75	 93	 1920	 97	 1	 -1823	 
 0	 0	 0	 0	 0	 0	 
 0	 0	 0	 0	 0	 0	 
 63	 82	 1920	 85	 0	 -1835	 
 63	 82	 1920	 86	 0	 -1834	 
 63	 82	 1920	 86	 0	 -1834	 
 63	 82	 1920	 85	 0	 -1835	 
 63	 82	 1920	 86	 0	 -1834	 
 63	 82	 1920	 87	 0	 -1833	 
 63	 82	 1920	 89	 0	 -1831	 
 63	 82	 1920	 85	 0	 -1835	 
 63	 82	 1920	 87	 0	 -1833	 
 63	 82	 1920	 85	 0	 -1835	 
 63	 82	 1920	 89	 0	 -1831	 
 63	 82	 1920	 89	 0	 -1831	 
 63	 82	 1920	 84	 0	 -1836	 
 63	 82	 1920	 84	 0	 -1836	 
 63	 82	 1920	 89	 0	 -1831	 
 63	 82	 1920	 88	 0	 -1832	 
 63	 82	 1920	 91	 0	 -1829	 
 63	 82	 1920	 84	 0	 -1836	 
 63	 82	 1920	 83	 0	 -1837	 
 63	 82	 1920	 84	 0	 -1836	 
 63	 82	 1920	 84	 0	 -1836	 
 63	 82	 1920	 91	 0	 -1829	 
 63	 82	 1920	 92	 0	 -1828	 
 63	 82	 1920	 83	 0	 -1837	 
 63	 82	 1920	 85	 0	 -1835	 
 63	 82	 1920	 88	 0	 -1832	 
 63	 82	 1920	 83	 0	 -1837	 
 63	 82	 1920	 85	 0	 -1835	 
 63	 82	 1920	 83	 0	 -1837	 
 63	 82	 1920	 90	 0	 -1830	 
 63	 82	 1920	 85	 0	 -1835	 
 63	 82	 1920	 89	 0	 -1831	 
 63	 82	 1920	 92	 0	 -1828	 
 63	 82	 1920	 91	 0	 -1829	 
 63	 82	 1920	 92	 0	 -1828	 
 63	 82	 1920	 89	 0	 -1831	 
 63	 82	 1920	 89	 0	 -1831	 
 63	 82	 1920	 91	 0	 -1829	 
 63	 82	 1920	 91	 0	 -1829	 
 63	 82	 1920	 84	 0	 -1836	 
 63	 82	 1920	 85	 0	 -1835	 
 63	 82	 1920	 89	 0	 -1831	 
 63	 82	 1920	 84	 0	 -1836	 
 63	 82	 1920	 92	 0	 -1828	 
 63	 82	 1920	 87	 0	 -1833	 
 63	 82	 1920	 92	 0	 -1828	 
 63	 82	 1920	 83	 0	 -1837	 
 63	 82	 1920	 83	 0	 -1837	 
 63	 82	 1920	 86	 0	 -1834	 
 63	 82	 1920	 91	 0	 -1829	 
 63	 82	 1920	 86	 0	 -1834	 
 63	 82	 1920	 92	 0	 -1828	 
 63	 82	 1920	 85	 0	 -1835	 
 63	 82	 1920	 86	 0	 -1834	 
 63	 82	 1920	 84	 0	 -1836	 
 63	 82	 1920	 83	 0	 -1837	 
 63	 82	 1920	 90	 0	 -1830	 
 63	 82	 1920	 92	 0	 -1828	 
 63	 82	 1920	 91	 0	 -1829	 
 63	 82	 1920	 89	 0	 -1831	 
 63	 82	 1920	 84	 0	 -1836	 
 63	 82	 1920	 84	 0	 -1836	 
 63	 82	 1920	 87	 0	 -1833	 
 63	 82	 1920	 84	 0	 -1836	 
 63	 82	 1920	 83	 0	 -1837	 
 63	 82	 1920	 84	 0	 -1836	 
 63	 82	 1920	 92	 0	 -1828	 
 63	 82	 1920	 90	 0	 -1830	 
 63	 82	 1920	 86	 0	 -1834	 
 63	 82	 1920	 90	 0	 -1830	 
 63	 82	 1920	 90	 0	 -1830	 
 63	 82	 1920	 84	 0	 -1836	 
 63	 82	 1920	 91	 0	 -1829	 
 63	 82	 1920	 87	 0	 -1833	 
 63	 82	 1920	 87	 0	 -1833	 
 63	 82	 1920	 92	 0	 -1828	 
 63	 82	 1920	 85	 0	 -1835	 
 63	 82	 1920	 89	 0	 -1831	 
 63	 82	 1920	 91	 0	 -1829	 
 63	 82	 1920	 86	 0	 -1834	 
 63	 82	 1920	 92	 0	 -1828	 
 63	 82	 1920	 87	 0	 -1833	 
 63	 82	 1920	 89	 0	 -1831	 
 63	 82	 1920	 90	 0	 -1830	 
 63	 82	 1920	 84	 0	 -1836	 
 63	 82	 1920	 84	 0	 -1836	 
 63	 82	 1920	 85	 0	 -1835	 
 63	 82	 1920	 85	 0	 -1835	 
 63	 82	 1920	 89	 0	 -1831	 
 63	 82	 1920	 84	 0	 -1836	 
 63	 82	 1920	 87	 0	 -1833	 
 63	 82	 1920	 85	 0	 -1835	 
 63	 82	 1920	 92	 0	 -1828	 
 63	 82	 1920	 92	 0	 -1828	 
 63	 82	 1920	 85	 0	 -1835	 
 63	 82	 1920	 88	 0	 -1832	 
 63	 82	 1920	 88	 0	 -1832	 
 63	 82	 1920	 87	 0	 -1833	 
 63	 82	 1920	 91	 0	 -1829	 
 0	 0	 0	 0	 0	 0	 
 0	 0	 0	 0	 0	 0	 
 75	 98	 1920	 99	 0	 -1821	 
 75	 98	 1920	 104	 0	 -1816	 
 75	 98	 1920	 102	 0	 -1818	 
 75	 98	 1920	 107	 0	 -1813	 
 75	 98	 1920	 101	 0	 -1819	 
 75	 98	 1920	 107	 0	 -1813	 
 75	 98	 1920	 102	 0	 -1818	 
 75	 98	 1920	 110	 0	 -1810	 
 75	 98	 1920	 107	 0	 -1813	 
 75	 98	 1920	 109	 0	 -1811	 
 75	 98	 1920	 110	 0	 -1810	 
 75	 98	 1920	 105	 0	 -1815	 
 75	 98	 1920	 109	 0	 -1811	 
 75	 98	 1920	 105	 0	 -1815	 
 75	 98	 1920	 101	 0	 -1819	 
 75	 98	 1920	 108	 0	 -1812	 
 75	 98	 1920	 101	 0	 -1819	 
 75	 98	 1920	 108	 0	 -1812	 
 75	 98	 1920	 104	 0	 -1816	 
 75	 98	 1920	 108	 0	 -1812	 
 75	 98	 1920	 105	 0	 -1815	 
 75	 98	 1920	 110	 0	 -1810	 
 75	 98	 1920	 110	 0	 -1810	 
 75	 98	 1920	 100	 0	 -1820	 
 75	 98	 1920	 104	 0	 -1816	 
 75	 98	 1920	 105	 0	 -1815	 
 75	 98	 1920	 109	 0	 -1811	 
 75	 98	 1920	 99	 0	 -1821	 
 75	 98	 1920	 109	 0	 -1811	 
 75	 98	 1920	 103	 0	 -1817	 
 75	 98	 1920	 101	 0	 -1819	 
 75	 98	 1920	 104	 0	 -1816	 
 75	 98	 1920	 100	 0	 -1820	 
 75	 98	 1920	 105	 0	 -1815	 
 75	 98	 1920	 101	 0	 -1819	 
 75	 98	 1920	 103	 0	 -1817	 
 75	 98	 1920	 101	 0	 -1819	 
 75	 98	 1920	 104	 0	 -1816	 
 75	 98	 1920	 99	 0	 -1821	 
 75	 98	 1920	 102	 0	 -1818	 
 75	 98	 1920	 108	 0	 -1812	 
 75	 98	 1920	 105	 0	 -1815	 
 75	 98	 1920	 110	 0	 -1810	 
 75	 98	 1920	 102	 0	 -1818	 
 75	 98	 1920	 99	 0	 -1821	 
 75	 98	 1920	 109	 0	 -1811	 
 75	 98	 1920	 103	 0	 -1817	 
 75	 98	 1920	 110	 0	 -1810	 
 75	 98	 1920	 103	 0	 -1817	 
 75	 98	 1920	 104	 0	 -1816	 
 75	 98	 1920	 102	 0	 -1818	 
 75	 98	 1920	 105	 0	 -1815	 
 75	 98	 1920	 101	 0	 -1819	 
 75	 98	 1920	 107	 0	 -1813	 
 75	 98	 1920	 110	 0	 -1810	 
 75	 98	 1920	 99	 0	 -1821	 
 75	 98	 1920	 110	 0	 -1810	 
 75	 98	 1920	 106	 0	 -1814	 
 75	 98	 1920	 109	 0	 -1811	 
 75	 98	 1920	 107	 0	 -1813	 
 75	 98	 1920	 104	 0	 -1816	 
 75	 98	 1920	 106	 0	 -1814	 
 75	 98	 1920	 109	 0	 -1811	 
 75	 98	 1920	 103	 0	 -1817	 
 75	 98	 1920	 105	 0	 -1815	 
 75	 98	 1920	 109	 0	 -1811	 
 75	 98	 1920	 99	 0	 -1821	 
 75	 98	 1920	 106	 0	 -1814	 
 75	 98	 1920	 110	 0	 -1810	 
 75	 98	 1920	 108	 0	 -1812	 
 75	 98	 1920	 101	 0	 -1819	 
 75	 98	 1920	 109	 0	 -1811	 
 75	 98	 1920	 107	 0	 -1813	 
 75	 98	 1920	 110	 0	 -1810	 
 75	 98	 1920	 99	 0	 -1821	 
 75	 98	 1920	 100	 0	 -1820	 
 75	 98	 1920	 99	 0	 -1821	 
 75	 98	 1920	 110	 0	 -1810	 
 75	 98	 1920	 110	 0	 -1810	 
 75	 98	 1920	 110	 0	 -1810	 
 75	 98	 1920	 100	 0	 -1820	 
 75	 98	 1920	 107	 0	 -1813	 
 75	 98	 1920	 107	 0	 -1813	 
 75	 98	 1920	 109	 0	 -1811	 
 75	 98	 1920	 108	 0	 -1812	 
 75	 98	 1920	 106	 0	 -1814	 
 75	 98	 1920	 99	 0	 -1821	 
 75	 98	 1920	 109	 0	 -1811	 
 75	 98	 1920	 108	 0	 -1812	 
 75	 98	 1920	 100	 0	 -1820	 
 75	 98	 1920	 103	 0	 -1817	 
 75	 98	 1920	 110	 0	 -1810	 
 75	 98	 1920	 107	 0	 -1813	 
 75	 98	 1920	 101	 0	 -1819	 
 75	 98	 1920	 99	 0	 -1821	 
 75	 98	 1920	 107	 0	 -1813	 
 75	 98	 1920	 108	 0	 -1812	 
 75	 98	 1920	 102	 0	 -1818	 
 75	 98	 1920	 106	 0	 -1814	 
 0	 0	 0	 0	 0	 0	 
 0	 0	 0	 0	 0	 0	 
 63	 82	 1920	 87	 0	 -1833	 
 63	 82	 1920	 90	 0	 -1830	 
 63	 82	 1920	 83	 0	 -1837	 
 63	 82	 1920	 87	 0	 -1833	 
 63	 82	 1920	 84	 0	 -1836	 
 63	 82	 1920	 86	 0	 -1834	 
 63	 82	 1920	 92	 0	 -1828	 
 63	 82	 1920	 90	 0	 -1830	 
 63	 82	 1920	 88	 0	 -1832	 
 63	 82	 1920	 88	 0	 -1832	 
 63	 82	 1920	 83	 0	 -1837	 
 63	 82	 1920	 89	 0	 -1831	 
 63	 82	 1920	 86	 0	 -1834	 
 63	 82	 1920	 85	 0	 -1835	 
 63	 82	 1920	 87	 0	 -1833	 
 63	 82	 1920	 83	 0	 -1837	 
 63	 82	 1920	 90	 0	 -1830	 
 63	 82	 1920	 90	 0	 -1830	 
 63	 82	 1920	 89	 0	 -1831	 
 63	 82	 1920	 89	 0	 -1831	 
 63	 82	 1920	 84	 0	 -1836	 
 63	 82	 1920	 84	 0	 -1836	 
 63	 82	 1920	 89	 0	 -1831	 
 63	 82	 1920	 88	 0	 -1832	 
 63	 82	 1920	 90	 0	 -1830	 
 63	 82	 1920	 88	 0	 -1832	 
 63	 82	 1920	 90	 0	 -1830	 
 63	 82	 1920	 91	 0	 -1829	 
 63	 82	 1920	 91	 0	 -1829	 
 63	 82	 1920	 92	 0	 -1828	 
 63	 82	 1920	 88	 0	 -1832	 
 63	 82	 1920	 90	 0	 -1830	 
 63	 82	 1920	 91	 0	 -1829	 
 63	 82	 1920	 88	 0	 -1832	 
 63	 82	 1920	 83	 0	 -1837	 
 63	 82	 1920	 85	 0	 -1835	 
 63	 82	 1920	 90	 0	 -1830	 
 63	 82	 1920	 86	 0	 -1834	 
 63	 82	 1920	 88	 0	 -1832	 
 63	 82	 1920	 92	 0	 -1828	 
 63	 82	 1920	 92	 0	 -1828	 
 63	 82	 1920	 87	 0	 -1833	 
 63	 82	 1920	 83	 0	 -1837	 
 63	 82	 1920	 84	 0	 -1836	 
 63	 82	 1920	 88	 0	 -1832	 
 63	 82	 1920	 85	 0	 -1835	 
 63	 82	 1920	 85	 0	 -1835	 
 63	 82	 1920	 86	 0	 -1834	 
 63	 82	 1920	 89	 0	 -1831	 
 63	 82	 1920	 85	 0	 -1835	 
 63	 82	 1920	 90	 0	 -1830	 
 63	 82	 1920	 90	 0	 -1830	 
 63	 82	 1920	 84	 0	 -1836	 
 63	 82	 1920	 87	 0	 -1833	 
 63	 82	 1920	 86	 0	 -1834	 
 63	 82	 1920	 85	 0	 -1835	 
 63	 82	 1920	 86	 0	 -1834	 
 63	 82	 1920	 88	 0	 -1832	 
 63	 82	 1920	 89	 0	 -1831	 
 63	 82	 1920	 87	 0	 -1833	 
 63	 82	 1920	 83	 0	 -1837	 
 63	 82	 1920	 83	 0	 -1837	 
 63	 82	 1920	 88	 0	 -1832	 
 63	 82	 1920	 85	 0	 -1835	 
 63	 82	 1920	 92	 0	 -1828	 
 63	 82	 1920	 90	 0	 -1830	 
 63	 82	 1920	 85	 0	 -1835	 
 63	 82	 1920	 85	 0	 -1835	 
 63	 82	 1920	 92	 0	 -1828	 
 63	 82	 1920	 86	 0	 -1834	 
 63	 82	 1920	 87	 0	 -1833	 
 63	 82	 1920	 91	 0	 -1829	 
 63	 82	 1920	 89	 0	 -1831	 
 63	 82	 1920	 83	 0	 -1837	 
 63	 82	 1920	 84	 0	 -1836	 
 63	 82	 1920	 86	 0	 -1834	 
 63	 82	 1920	 87	 0	 -1833	 
 63	 82	 1920	 92	 0	 -1828	 
 63	 82	 1920	 84	 0	 -1836	 
 63	 82	 1920	 86	 0	 -1834	 
 63	 82	 1920	 89	 0	 -1831	 
 63	 82	 1920	 91	 0	 -1829	 
 63	 82	 1920	 89	 0	 -1831	 
 63	 82	 1920	 86	 0	 -1834	 
 63	 82	 1920	 85	 0	 -1835	 
 63	 82	 1920	 90	 0	 -1830	 
 63	 82	 1920	 83	 0	 -1837	 
 63	 82	 1920	 85	 0	 -1835	 
 63	 82	 1920	 88	 0	 -1832	 
 63	 82	 1920	 87	 0	 -1833	 
 63	 82	 1920	 87	 0	 -1833	 
 63	 82	 1920	 83	 0	 -1837	 
 63	 82	 1920	 90	 0	 -1830	 
 63	 82	 1920	 90	 0	 -1830	 
 63	 82	 1920	 83	 0	 -1837	 
 63	 82	 1920	 85	 0	 -1835	 
 63	 82	 1920	 89	 0	 -1831	 
 63	 82	 1920	 89	 0	 -1831	 
 63	 82	 1920	 86	 0	 -1834	 
 0	 0	 0	 0	 0	 0	 
 0	 0	 0	 0	 0	 0	 
 75	 100	 1920	 111	 0	 -1809	 
 75	 100	 1920	 113	 0	 -1807	 
 75	 100	 1920	 113	 0	 -1807	 
 75	 100	 1920	 104	 0	 -1816	 
 75	 100	 1920	 105	 0	 -1815	 
 75	 100	 1920	 111	 0	 -1809	 
 75	 100	 1920	 102	 0	 -1818	 
 75	 100	 1920	 108	 0	 -1812	 
 75	 100	 1920	 104	 0	 -1816	 
 75	 100	 1920	 104	 0	 -1816	 
 75	 100	 1920	 112	 0	 -1808	 
 75	 100	 1920	 108	 0	 -1812	 
 75	 100	 1920	 106	 0	 -1814	 
 75	 100	 1920	 102	 0	 -1818	 
 75	 100	 1920	 111	 0	 -1809	 
 75	 100	 1920	 103	 0	 -1817	 
 75	 100	 1920	 112	 0	 -1808	 
 75	 100	 1920	 103	 0	 -1817	 
 75	 100	 1920	 103	 0	 -1817	 
 75	 100	 1920	 109	 0	 -1811	 
 75	 100	 1920	 111	 0	 -1809	 
 75	 100	 1920	 102	 0	 -1818	 
 75	 100	 1920	 111	 0	 -1809	 
 75	 100	 1920	 107	 0	 -1813	 
 75	 100	 1920	 112	 0	 -1808	 
 75	 100	 1920	 105	 0	 -1815	 
 75	 100	 1920	 108	 0	 -1812	 
 75	 100	 1920	 109	 0	 -1811	 
 75	 100	 1920	 113	 0	 -1807	 
 75	 100	 1920	 109	 0	 -1811	 
 75	 100	 1920	 107	 0	 -1813	 
 75	 100	 1920	 113	 0	 -1807	 
 75	 100	 1920	 106	 0	 -1814	 
 75	 100	 1920	 104	 0	 -1816	 
 75	 100	 1920	 105	 0	 -1815	 
 75	 100	 1920	 110	 0	 -1810	 
 75	 100	 1920	 112	 0	 -1808	 
 75	 100	 1920	 107	 0	 -1813	 
 75	 100	 1920	 109	 0	 -1811	 
 75	 100	 1920	 109	 0	 -1811	 
 75	 100	 1920	 104	 0	 -1816	 
 75	 100	 1920	 107	 0	 -1813	 
 75	 100	 1920	 104	 0	 -1816	 
 75	 100	 1920	 104	 0	 -1816	 
 75	 100	 1920	 107	 0	 -1813	 
 75	 100	 1920	 108	 0	 -1812	 
 75	 100	 1920	 109	 0	 -1811	 
 75	 100	 1920	 113	 0	 -1807	 
 75	 100	 1920	 106	 0	 -1814	 
 75	 100	 1920	 107	 0	 -1813	 
 75	 100	 1920	 113	 0	 -1807	 
 75	 100	 1920	 104	 0	 -1816	 
 75	 100	 1920	 101	 0	 -1819	 
 75	 100	 1920	 110	 0	 -1810	 
 75	 100	 1920	 107	 0	 -1813	 
 75	 100	 1920	 113	 0	 -1807	 
 75	 100	 1920	 112	 0	 -1808	 
 75	 100	 1920	 113	 0	 -1807	 
 75	 100	 1920	 113	 0	 -1807	 
 75	 100	 1920	 106	 0	 -1814	 
 75	 100	 1920	 103	 0	 -1817	 
 75	 100	 1920	 108	 0	 -1812	 
 75	 100	 1920	 113	 0	 -1807	 
 75	 100	 1920	 107	 0	 -1813	 
 75	 100	 1920	 107	 0	 -1813	 
 75	 100	 1920	 103	 0	 -1817	 
 75	 100	 1920	 108	 0	 -1812	 
 75	 100	 1920	 103	 0	 -1817	 
 75	 100	 1920	 106	 0	 -1814	 
 75	 100	 1920	 106	 0	 -1814	 
 75	 100	 1920	 105	 0	 -1815	 
 75	 100	 1920	 106	 0	 -1814	 
 75	 100	 1920	 111	 0	 -1809	 
 75	 100	 1920	 101	 0	 -1819	 
 75	 100	 1920	 111	 0	 -1809	 
 75	 100	 1920	 106	 0	 -1814	 
 75	 100	 1920	 108	 0	 -1812	 
 75	 100	 1920	 110	 0	 -1810	 
 75	 100	 1920	 113	 0	 -1807	 
 75	 100	 1920	 112	 0	 -1808	 
 75	 100	 1920	 109	 0	 -1811	 
 75	 100	 1920	 101	 0	 -1819	 
 75	 100	 1920	 112	 0	 -1808	 
 75	 100	 1920	 102	 0	 -1818	 
 75	 100	 1920	 102	 0	 -1818	 
 75	 100	 1920	 112	 0	 -1808	 
 75	 100	 1920	 109	 0	 -1811	 
 75	 100	 1920	 111	 0	 -1809	 
 75	 100	 1920	 102	 0	 -1818	 
 75	 100	 1920	 112	 0	 -1808	 
 75	 100	 1920	 101	 0	 -1819	 
 75	 100	 1920	 111	 0	 -1809	 
 75	 100	 1920	 108	 0	 -1812	 
 75	 100	 1920	 102	 0	 -1818	 
 75	 100	 1920	 109	 0	 -1811	 
 75	 100	 1920	 108	 0	 -1812	 
 75	 100	 1920	 106	 0	 -1814	 
 75	 100	 1920	 112	 0	 -1808	 
 75	 100	 1920	 110	 0	 -1810	 
 0	 0	 0	 0	 0	 0	 
 0	 0	 0	 0	 0	 0	 
 63	 82	 1920	 84	 0	 -1836	 
 63	 82	 1920	 85	 0	 -1835	 
 63	 82	 1920	 83	 0	 -1837	 
 63	 82	 1920	 92	 0	 -1828	 
 63	 82	 1920	 85	 0	 -1835	 
 63	 82	 1920	 89	 0	 -1831	 
 63	 82	 1920	 89	 0	 -1831	 
 63	 82	 1920	 84	 0	 -1836	 
 63	 82	 1920	 87	 0	 -1833	 
 63	 82	 1920	 92	 0	 -1828	 
 63	 82	 1920	 83	 0	 -1837	 
 63	 82	 1920	 90	 0	 -1830	 
 63	 82	 1920	 88	 0	 -1832	 
 63	 82	 1920	 91	 0	 -1829	 
 63	 82	 1920	 91	 0	 -1829	 
 63	 82	 1920	 84	 0	 -1836	 
 63	 82	 1920	 90	 0	 -1830	 
 63	 82	 1920	 88	 0	 -1832	 
 63	 82	 1920	 83	 0	 -1837	 
 63	 82	 1920	 85	 0	 -1835	 
 63	 82	 1920	 84	 0	 -1836	 
 63	 82	 1920	 85	 0	 -1835	 
 63	 82	 1920	 88	 0	 -1832	 
 63	 82	 1920	 89	 0	 -1831	 
 63	 82	 1920	 92	 0	 -1828	 
 63	 82	 1920	 91	 0	 -1829	 
 63	 82	 1920	 92	 0	 -1828	 
 63	 82	 1920	 84	 0	 -1836	 
 63	 82	 1920	 84	 0	 -1836	 
 63	 82	 1920	 92	 0	 -1828	 
 63	 82	 1920	 86	 0	 -1834	 
 63	 82	 1920	 88	 0	 -1832	 
 63	 82	 1920	 88	 0	 -1832	 
 63	 82	 1920	 89	 0	 -1831	 
 63	 82	 1920	 88	 0	 -1832	 
 63	 82	 1920	 88	 0	 -1832	 
 63	 82	 1920	 87	 0	 -1833	 
 63	 82	 1920	 87	 0	 -1833	 
 63	 82	 1920	 86	 0	 -1834	 
 63	 82	 1920	 90	 0	 -1830	 
 63	 82	 1920	 83	 0	 -1837	 
 63	 82	 1920	 84	 0	 -1836	 
 63	 82	 1920	 85	 0	 -1835	 
 63	 82	 1920	 88	 0	 -1832	 
 63	 82	 1920	 84	 0	 -1836	 
 63	 82	 1920	 83	 0	 -1837	 
 63	 82	 1920	 90	 0	 -1830	 
 63	 82	 1920	 85	 0	 -1835	 
 63	 82	 1920	 84	 0	 -1836	 
 63	 82	 1920	 86	 0	 -1834	 
 63	 82	 1920	 86	 0	 -1834	 
 63	 82	 1920	 89	 0	 -1831	 
 63	 82	 1920	 88	 0	 -1832	 
 63	 82	 1920	 89	 0	 -1831	 
 63	 82	 1920	 90	 0	 -1830	 
 63	 82	 1920	 91	 0	 -1829	 
 63	 82	 1920	 86	 0	 -1834	 
 63	 82	 1920	 85	 0	 -1835	 
 63	 82	 1920	 83	 0	 -1837	 
 63	 82	 1920	 90	 0	 -1830	 
 63	 82	 1920	 89	 0	 -1831	 
 63	 82	 1920	 83	 0	 -1837	 
 63	 82	 1920	 87	 0	 -1833	 
 63	 82	 1920	 88	 0	 -1832	 
 63	 82	 1920	 84	 0	 -1836	 
 63	 82	 1920	 90	 0	 -1830	 
 63	 82	 1920	 88	 0	 -1832	 
 63	 82	 1920	 90	 0	 -1830	 
 63	 82	 1920	 89	 0	 -1831	 
 63	 82	 1920	 89	 0	 -1831	 
 63	 82	 1920	 85	 0	 -1835	 
 63	 82	 1920	 86	 0	 -1834	 
 63	 82	 1920	 86	 0	 -1834	 
 63	 82	 1920	 87	 0	 -1833	 
 63	 82	 1920	 83	 0	 -1837	 
 63	 82	 1920	 91	 0	 -1829	 
 63	 82	 1920	 88	 0	 -1832	 
 63	 82	 1920	 85	 0	 -1835	 
 63	 82	 1920	 86	 0	 -1834	 
 63	 82	 1920	 89	 0	 -1831	 
 63	 82	 1920	 87	 0	 -1833	 
 63	 82	 1920	 92	 0	 -1828	 
 63	 82	 1920	 91	 0	 -1829	 
 63	 82	 1920	 92	 0	 -1828	 
 63	 82	 1920	 85	 0	 -1835	 
 63	 82	 1920	 87	 0	 -1833	 
 63	 82	 1920	 90	 0	 -1830	 
 63	 82	 1920	 83	 0	 -1837	 
 63	 82	 1920	 92	 0	 -1828	 
 63	 82	 1920	 83	 0	 -1837	 
 63	 82	 1920	 90	 0	 -1830	 
 63	 82	 1920	 87	 0	 -1833	 
 63	 82	 1920	 92	 0	 -1828	 
 63	 82	 1920	 90	 0	 -1830	 
 63	 82	 1920	 83	 0	 -1837	 
 63	 82	 1920	 84	 0	 -1836	 
 63	 82	 1920	 86	 0	 -1834	 
 63	 82	 1920	 89	 0	 -1831	 
 63	 82	 1920	 83	 0	 -1837	 
 0	 0	 0	 0	 0	 0	 
 0	 0	 0	 0	 0	 0	 
 63	 82	 1920	 87	 0	 -1833	 
 63	 82	 1920	 84	 0	 -1836	 
 63	 82	 1920	 91	 0	 -1829	 
 63	 82	 1920	 85	 0	 -1835	 
 63	 82	 1920	 83	 0	 -1837	 
 63	 82	 1920	 92	 0	 -1828	 
 63	 82	 1920	 83	 0	 -1837	 
 63	 82	 1920	 90	 0	 -1830	 
 63	 82	 1920	 91	 0	 -1829	 
 63	 82	 1920	 88	 0	 -1832	 
 63	 82	 1920	 86	 0	 -1834	 
 63	 82	 1920	 86	 0	 -1834	 
 63	 82	 1920	 85	 0	 -1835	 
 63	 82	 1920	 85	 0	 -1835	 
 63	 82	 1920	 87	 0	 -1833	 
 63	 82	 1920	 88	 0	 -1832	 
 63	 82	 1920	 85	 0	 -1835	 
 63	 82	 1920	 91	 0	 -1829	 
 63	 82	 1920	 92	 0	 -1828	 
 63	 82	 1920	 86	 0	 -1834	 
 63	 82	 1920	 85	 0	 -1835	 
 63	 82	 1920	 92	 0	 -1828	 
 63	 82	 1920	 92	 0	 -1828	 
 63	 82	 1920	 83	 0	 -1837	 
 63	 82	 1920	 91	 0	 -1829	 
 63	 82	 1920	 91	 0	 -1829	 
 63	 82	 1920	 87	 0	 -1833	 
 63	 82	 1920	 91	 0	 -1829	 
 63	 82	 1920	 88	 0	 -1832	 
 63	 82	 1920	 89	 0	 -1831	 
 63	 82	 1920	 84	 0	 -1836	 
 63	 82	 1920	 89	 0	 -1831	 
 63	 82	 1920	 89	 0	 -1831	 
 63	 82	 1920	 91	 0	 -1829	 
 63	 82	 1920	 88	 0	 -1832	 
 63	 82	 1920	 92	 0	 -1828	 
 63	 82	 1920	 92	 0	 -1828	 
 63	 82	 1920	 84	 0	 -1836	 
 63	 82	 1920	 92	 0	 -1828	 
 63	 82	 1920	 89	 0	 -1831	 
 63	 82	 1920	 84	 0	 -1836	 
 63	 82	 1920	 87	 0	 -1833	 
 63	 82	 1920	 90	 0	 -1830	 
 63	 82	 1920	 89	 0	 -1831	 
 63	 82	 1920	 91	 0	 -1829	 
 63	 82	 1920	 84	 0	 -1836	 
 63	 82	 1920	 84	 0	 -1836	 
 63	 82	 1920	 87	 0	 -1833	 
 63	 82	 1920	 87	 0	 -1833	 
 63	 82	 1920	 83	 0	 -1837	 
 63	 82	 1920	 87	 0	 -1833	 
 63	 82	 1920	 86	 0	 -1834	 
 63	 82	 1920	 89	 0	 -1831	 
 63	 82	 1920	 86	 0	 -1834	 
 63	 82	 1920	 86	 0	 -1834	 
 63	 82	 1920	 91	 0	 -1829	 
 63	 82	 1920	 89	 0	 -1831	 
 63	 82	 1920	 88	 0	 -1832	 
 63	 82	 1920	 86	 0	 -1834	 
 63	 82	 1920	 90	 0	 -1830	 
 63	 82	 1920	 85	 0	 -1835	 
 63	 82	 1920	 85	 0	 -1835	 
 63	 82	 1920	 91	 0	 -1829	 
 63	 82	 1920	 87	 0	 -1833	 
 63	 82	 1920	 85	 0	 -1835	 
 63	 82	 1920	 86	 0	 -1834	 
 63	 82	 1920	 87	 0	 -1833	 
 63	 82	 1920	 86	 0	 -1834	 
 63	 82	 1920	 88	 0	 -1832	 
 63	 82	 1920	 90	 0	 -1830	 
 63	 82	 1920	 85	 0	 -1835	 
 63	 82	 1920	 86	 0	 -1834	 
 63	 82	 1920	 85	 0	 -1835	 
 63	 82	 1920	 91	 0	 -1829	 
 63	 82	 1920	 83	 0	 -1837	 
 63	 82	 1920	 92	 0	 -1828	 
 63	 82	 1920	 84	 0	 -1836	 
 63	 82	 1920	 90	 0	 -1830	 
 63	 82	 1920	 85	 0	 -1835	 
 63	 82	 1920	 92	 0	 -1828	 
 63	 82	 1920	 84	 0	 -1836	 
 63	 82	 1920	 84	 0	 -1836	 
 63	 82	 1920	 85	 0	 -1835	 
 63	 82	 1920	 91	 0	 -1829	 
 63	 82	 1920	 91	 0	 -1829	 
 63	 82	 1920	 92	 0	 -1828	 
 63	 82	 1920	 84	 0	 -1836	 
 63	 82	 1920	 88	 0	 -1832	 
 63	 82	 1920	 84	 0	 -1836	 
 63	 82	 1920	 86	 0	 -1834	 
 63	 82	 1920	 90	 0	 -1830	 
 63	 82	 1920	 88	 0	 -1832	 
 63	 82	 1920	 92	 0	 -1828	 
 63	 82	 1920	 89	 0	 -1831	 
 63	 82	 1920	 83	 0	 -1837	 
 63	 82	 1920	 91	 0	 -1829	 
 63	 82	 1920	 86	 0	 -1834	 
 63	 82	 1920	 85	 0	 -1835	 
 63	 82	 1920	 87	 0	 -1833	 
 0	 0	 0	 0	 0	 0	 
 0	 0	 0	 0	 0	 0	 
 63	 82	 1920	 88	 0	 -1832	 
 63	 82	 1920	 89	 0	 -1831	 
 63	 82	 1920	 90	 0	 -1830	 
 63	 82	 1920	 91	 0	 -1829	 
 63	 82	 1920	 86	 0	 -1834	 
 63	 82	 1920	 87	 0	 -1833	 
 63	 82	 1920	 88	 0	 -1832	 
 63	 82	 1920	 91	 0	 -1829	 
 63	 82	 1920	 84	 0	 -1836	 
 63	 82	 1920	 92	 0	 -1828	 
 63	 82	 1920	 92	 0	 -1828	 
 63	 82	 1920	 91	 0	 -1829	 
 63	 82	 1920	 87	 0	 -1833	 
 63	 82	 1920	 90	 0	 -1830	 
 63	 82	 1920	 83	 0	 -1837	 
 63	 82	 1920	 87	 0	 -1833	 
 63	 82	 1920	 86	 0	 -1834	 
 63	 82	 1920	 88	 0	 -1832	 
 63	 82	 1920	 84	 0	 -1836	 
 63	 82	 1920	 86	 0	 -1834	 
 63	 82	 1920	 84	 0	 -1836	 
 63	 82	 1920	 87	 0	 -1833	 
 63	 82	 1920	 85	 0	 -1835	 
 63	 82	 1920	 83	 0	 -1837	 
 63	 82	 1920	 92	 0	 -1828	 
 63	 82	 1920	 91	 0	 -1829	 
 63	 82	 1920	 84	 0	 -1836	 
 63	 82	 1920	 88	 0	 -1832	 
 63	 82	 1920	 88	 0	 -1832	 
 63	 82	 1920	 88	 0	 -1832	 
 63	 82	 1920	 86	 0	 -1834	 
 63	 82	 1920	 89	 0	 -1831	 
 63	 82	 1920	 88	 0	 -1832	 
 63	 82	 1920	 87	 0	 -1833	 
 63	 82	 1920	 90	 0	 -1830	 
 63	 82	 1920	 84	 0	 -1836	 
 63	 82	 1920	 89	 0	 -1831	 
 63	 82	 1920	 90	 0	 -1830	 
 63	 82	 1920	 85	 0	 -1835	 
 63	 82	 1920	 87	 0	 -1833	 
 63	 82	 1920	 90	 0	 -1830	 
 63	 82	 1920	 90	 0	 -1830	 
 63	 82	 1920	 84	 0	 -1836	 
 63	 82	 1920	 90	 0	 -1830	 
 63	 82	 1920	 90	 0	 -1830	 
 63	 82	 1920	 87	 0	 -1833	 
 63	 82	 1920	 86	 0	 -1834	 
 63	 82	 1920	 86	 0	 -1834	 
 63	 82	 1920	 85	 0	 -1835	 
 63	 82	 1920	 91	 0	 -1829	 
 63	 82	 1920	 85	 0	 -1835	 
 63	 82	 1920	 85	 0	 -1835	 
 63	 82	 1920	 91	 0	 -1829	 
 63	 82	 1920	 88	 0	 -1832	 
 63	 82	 1920	 91	 0	 -1829	 
 63	 82	 1920	 90	 0	 -1830	 
 63	 82	 1920	 90	 0	 -1830	 
 63	 82	 1920	 87	 0	 -1833	 
 63	 82	 1920	 88	 0	 -1832	 
 63	 82	 1920	 85	 0	 -1835	 
 63	 82	 1920	 84	 0	 -1836	 
 63	 82	 1920	 89	 0	 -1831	 
 63	 82	 1920	 90	 0	 -1830	 
 63	 82	 1920	 85	 0	 -1835	 
 63	 82	 1920	 89	 0	 -1831	 
 63	 82	 1920	 86	 0	 -1834	 
 63	 82	 1920	 83	 0	 -1837	 
 63	 82	 1920	 90	 0	 -1830	 
 63	 82	 1920	 92	 0	 -1828	 
 63	 82	 1920	 87	 0	 -1833	 
 63	 82	 1920	 91	 0	 -1829	 
 63	 82	 1920	 86	 0	 -1834	 
 63	 82	 1920	 84	 0	 -1836	 
 63	 82	 1920	 92	 0	 -1828	 
 63	 82	 1920	 87	 0	 -1833	 
 63	 82	 1920	 87	 0	 -1833	 
 63	 82	 1920	 89	 0	 -1831	 
 63	 82	 1920	 90	 0	 -1830	 
 63	 82	 1920	 90	 0	 -1830	 
 63	 82	 1920	 87	 0	 -1833	 
 63	 82	 1920	 88	 0	 -1832	 
 63	 82	 1920	 89	 0	 -1831	 
 63	 82	 1920	 90	 0	 -1830	 
 63	 82	 1920	 89	 0	 -1831	 
 63	 82	 1920	 88	 0	 -1832	 
 63	 82	 1920	 85	 0	 -1835	 
 63	 82	 1920	 88	 0	 -1832	 
 63	 82	 1920	 89	 0	 -1831	 
 63	 82	 1920	 86	 0	 -1834	 
 63	 82	 1920	 88	 0	 -1832	 
 63	 82	 1920	 83	 0	 -1837	 
 63	 82	 1920	 92	 0	 -1828	 
 63	 82	 1920	 86	 0	 -1834	 
 63	 82	 1920	 83	 0	 -1837	 
 63	 82	 1920	 84	 0	 -1836	 
 63	 82	 1920	 87	 0	 -1833	 
 63	 82	 1920	 90	 0	 -1830	 
 63	 82	 1920	 90	 0	 -1830	 
 63	 82	 1920	 85	 0	 -1835	 
 0	 0	 0	 0	 0	 0	 
 0	 0	 0	 0	 0	 0	 
 76	 112	 1920	 126	 1	 -1794	 
 76	 112	 1920	 116	 1	 -1804	 
 76	 112	 1920	 129	 1	 -1791	 
 76	 112	 1920	 116	 1	 -1804	 
 76	 112	 1920	 114	 1	 -1806	 
 76	 112	 1920	 124	 1	 -1796	 
 76	 112	 1920	 126	 1	 -1794	 
 76	 112	 1920	 128	 1	 -1792	 
 76	 112	 1920	 131	 1	 -1789	 
 76	 112	 1920	 116	 1	 -1804	 
 76	 112	 1920	 117	 1	 -1803	 
 76	 112	 1920	 119	 1	 -1801	 
 76	 112	 1920	 120	 1	 -1800	 
 76	 112	 1920	 114	 1	 -1806	 
 76	 112	 1920	 124	 1	 -1796	 
 76	 112	 1920	 124	 1	 -1796	 
 76	 112	 1920	 115	 1	 -1805	 
 76	 112	 1920	 130	 1	 -1790	 
 76	 112	 1920	 121	 1	 -1799	 
 76	 112	 1920	 130	 1	 -1790	 
 76	 112	 1920	 114	 1	 -1806	 
 76	 112	 1920	 122	 1	 -1798	 
 76	 112	 1920	 113	 1	 -1807	 
 76	 112	 1920	 122	 1	 -1798	 
 76	 112	 1920	 115	 1	 -1805	 
 76	 112	 1920	 124	 1	 -1796	 
 76	 112	 1920	 115	 1	 -1805	 
 76	 112	 1920	 124	 1	 -1796	 
 76	 112	 1920	 114	 1	 -1806	 
 76	 112	 1920	 129	 1	 -1791	 
 76	 112	 1920	 115	 1	 -1805	 
 76	 112	 1920	 117	 1	 -1803	 
 76	 112	 1920	 117	 1	 -1803	 
 76	 112	 1920	 124	 1	 -1796	 
 76	 112	 1920	 120	 1	 -1800	 
 76	 112	 1920	 130	 1	 -1790	 
 76	 112	 1920	 128	 1	 -1792	 
 76	 112	 1920	 130	 1	 -1790	 
 76	 112	 1920	 124	 1	 -1796	 
 76	 112	 1920	 127	 1	 -1793	 
 76	 112	 1920	 113	 1	 -1807	 
 76	 112	 1920	 118	 1	 -1802	 
 76	 112	 1920	 115	 1	 -1805	 
 76	 112	 1920	 128	 1	 -1792	 
 76	 112	 1920	 115	 1	 -1805	 
 76	 112	 1920	 121	 1	 -1799	 
 76	 112	 1920	 123	 1	 -1797	 
 76	 112	 1920	 121	 1	 -1799	 
 76	 112	 1920	 113	 1	 -1807	 
 76	 112	 1920	 118	 1	 -1802	 
 76	 112	 1920	 130	 1	 -1790	 
 76	 112	 1920	 125	 1	 -1795	 
 76	 112	 1920	 113	 1	 -1807	 
 76	 112	 1920	 128	 1	 -1792	 
 76	 112	 1920	 120	 1	 -1800	 
 76	 112	 1920	 125	 1	 -1795	 
 76	 112	 1920	 128	 1	 -1792	 
 76	 112	 1920	 117	 1	 -1803	 
 76	 112	 1920	 113	 1	 -1807	 
 76	 112	 1920	 122	 1	 -1798	 
 76	 112	 1920	 120	 1	 -1800	 
 76	 112	 1920	 120	 1	 -1800	 
 76	 112	 1920	 127	 1	 -1793	 
 76	 112	 1920	 113	 1	 -1807	 
 76	 112	 1920	 114	 1	 -1806	 
 76	 112	 1920	 114	 1	 -1806	 
 76	 112	 1920	 127	 1	 -1793	 
 76	 112	 1920	 122	 1	 -1798	 
 76	 112	 1920	 124	 1	 -1796	 
 76	 112	 1920	 126	 1	 -1794	 
 76	 112	 1920	 129	 1	 -1791	 
 76	 112	 1920	 124	 1	 -1796	 
 76	 112	 1920	 129	 1	 -1791	 
 76	 112	 1920	 127	 1	 -1793	 
 76	 112	 1920	 120	 1	 -1800	 
 76	 112	 1920	 117	 1	 -1803	 
 76	 112	 1920	 125	 1	 -1795	 
 76	 112	 1920	 117	 1	 -1803	 
 76	 112	 1920	 123	 1	 -1797	 
 76	 112	 1920	 114	 1	 -1806	 
 76	 112	 1920	 129	 1	 -1791	 
 76	 112	 1920	 116	 1	 -1804	 
 76	 112	 1920	 118	 1	 -1802	 
 76	 112	 1920	 124	 1	 -1796	 
 76	 112	 1920	 129	 1	 -1791	 
 76	 112	 1920	 124	 1	 -1796	 
 76	 112	 1920	 120	 1	 -1800	 
 76	 112	 1920	 117	 1	 -1803	 
 76	 112	 1920	 123	 1	 -1797	 
 76	 112	 1920	 125	 1	 -1795	 
 76	 112	 1920	 126	 1	 -1794	 
 76	 112	 1920	 116	 1	 -1804	 
 76	 112	 1920	 127	 1	 -1793	 
 76	 112	 1920	 127	 1	 -1793	 
 76	 112	 1920	 129	 1	 -1791	 
 76	 112	 1920	 121	 1	 -1799	 
 76	 112	 1920	 126	 1	 -1794	 
 76	 112	 1920	 113	 1	 -1807	 
 76	 112	 1920	 119	 1	 -1801	 
 0	 0	 0	 0	 0	 0	 
 0	 0	 0	 0	 0	 0	 
 63	 82	 1920	 88	 0	 -1832	 
 63	 82	 1920	 86	 0	 -1834	 
 63	 82	 1920	 85	 0	 -1835	 
 63	 82	 1920	 92	 0	 -1828	 
 63	 82	 1920	 86	 0	 -1834	 
 63	 82	 1920	 83	 0	 -1837	 
 63	 82	 1920	 89	 0	 -1831	 
 63	 82	 1920	 89	 0	 -1831	 
 63	 82	 1920	 90	 0	 -1830	 
 63	 82	 1920	 88	 0	 -1832	 
 63	 82	 1920	 88	 0	 -1832	 
 63	 82	 1920	 89	 0	 -1831	 
 63	 82	 1920	 87	 0	 -1833	 
 63	 82	 1920	 88	 0	 -1832	 
 63	 82	 1920	 83	 0	 -1837	 
 63	 82	 1920	 91	 0	 -1829	 
 63	 82	 1920	 83	 0	 -1837	 
 63	 82	 1920	 88	 0	 -1832	 
 63	 82	 1920	 86	 0	 -1834	 
 63	 82	 1920	 90	 0	 -1830	 
 63	 82	 1920	 87	 0	 -1833	 
 63	 82	 1920	 87	 0	 -1833	 
 63	 82	 1920	 83	 0	 -1837	 
 63	 82	 1920	 90	 0	 -1830	 
 63	 82	 1920	 86	 0	 -1834	 
 63	 82	 1920	 90	 0	 -1830	 
 63	 82	 1920	 91	 0	 -1829	 
 63	 82	 1920	 89	 0	 -1831	 
 63	 82	 1920	 91	 0	 -1829	 
 63	 82	 1920	 89	 0	 -1831	 
 63	 82	 1920	 83	 0	 -1837	 
 63	 82	 1920	 89	 0	 -1831	 
 63	 82	 1920	 84	 0	 -1836	 
 63	 82	 1920	 92	 0	 -1828	 
 63	 82	 1920	 84	 0	 -1836	 
 63	 82	 1920	 85	 0	 -1835	 
 63	 82	 1920	 86	 0	 -1834	 
 63	 82	 1920	 86	 0	 -1834	 
 63	 82	 1920	 87	 0	 -1833	 
 63	 82	 1920	 88	 0	 -1832	 
 63	 82	 1920	 83	 0	 -1837	 
 63	 82	 1920	 87	 0	 -1833	 
 63	 82	 1920	 89	 0	 -1831	 
 63	 82	 1920	 90	 0	 -1830	 
 63	 82	 1920	 85	 0	 -1835	 
 63	 82	 1920	 90	 0	 -1830	 
 63	 82	 1920	 92	 0	 -1828	 
 63	 82	 1920	 90	 0	 -1830	 
 63	 82	 1920	 88	 0	 -1832	 
 63	 82	 1920	 84	 0	 -1836	 
 63	 82	 1920	 85	 0	 -1835	 
 63	 82	 1920	 84	 0	 -1836	 
 63	 82	 1920	 88	 0	 -1832	 
 63	 82	 1920	 83	 0	 -1837	 
 63	 82	 1920	 85	 0	 -1835	 
 63	 82	 1920	 84	 0	 -1836	 
 63	 82	 1920	 91	 0	 -1829	 
 63	 82	 1920	 92	 0	 -1828	 
 63	 82	 1920	 92	 0	 -1828	 
 63	 82	 1920	 89	 0	 -1831	 
 63	 82	 1920	 87	 0	 -1833	 
 63	 82	 1920	 91	 0	 -1829	 
 63	 82	 1920	 84	 0	 -1836	 
 63	 82	 1920	 84	 0	 -1836	 
 63	 82	 1920	 92	 0	 -1828	 
 63	 82	 1920	 87	 0	 -1833	 
 63	 82	 1920	 89	 0	 -1831	 
 63	 82	 1920	 84	 0	 -1836	 
 63	 82	 1920	 86	 0	 -1834	 
 63	 82	 1920	 83	 0	 -1837	 
 63	 82	 1920	 83	 0	 -1837	 
 63	 82	 1920	 86	 0	 -1834	 
 63	 82	 1920	 92	 0	 -1828	 
 63	 82	 1920	 89	 0	 -1831	 
 63	 82	 1920	 90	 0	 -1830	 
 63	 82	 1920	 87	 0	 -1833	 
 63	 82	 1920	 85	 0	 -1835	 
 63	 82	 1920	 85	 0	 -1835	 
 63	 82	 1920	 92	 0	 -1828	 
 63	 82	 1920	 84	 0	 -1836	 
 63	 82	 1920	 91	 0	 -1829	 
 63	 82	 1920	 88	 0	 -1832	 
 63	 82	 1920	 88	 0	 -1832	 
 63	 82	 1920	 92	 0	 -1828	 
 63	 82	 1920	 85	 0	 -1835	 
 63	 82	 1920	 92	 0	 -1828	 
 63	 82	 1920	 89	 0	 -1831	 
 63	 82	 1920	 87	 0	 -1833	 
 63	 82	 1920	 84	 0	 -1836	 
 63	 82	 1920	 86	 0	 -1834	 
 63	 82	 1920	 86	 0	 -1834	 
 63	 82	 1920	 90	 0	 -1830	 
 63	 82	 1920	 83	 0	 -1837	 
 63	 82	 1920	 87	 0	 -1833	 
 63	 82	 1920	 84	 0	 -1836	 
 63	 82	 1920	 91	 0	 -1829	 
 63	 82	 1920	 85	 0	 -1835	 
 63	 82	 1920	 84	 0	 -1836	 
 63	 82	 1920	 88	 0	 -1832	 
 0	 0	 0	 0	 0	 0	 
 0	 0	 0	 0	 0	 0	 
 76	 112	 1920	 121	 1	 -1799	 
 76	 112	 1920	 128	 1	 -1792	 
 76	 112	 1920	 119	 1	 -1801	 
 76	 112	 1920	 131	 1	 -1789	 
 76	 112	 1920	 127	 1	 -1793	 
 76	 112	 1920	 123	 1	 -1797	 
 76	 112	 1920	 121	 1	 -1799	 
 76	 112	 1920	 118	 1	 -1802	 
 76	 112	 1920	 115	 1	 -1805	 
 76	 112	 1920	 130	 1	 -1790	 
 76	 112	 1920	 126	 1	 -1794	 
 76	 112	 1920	 120	 1	 -1800	 
 76	 112	 1920	 119	 1	 -1801	 
 76	 112	 1920	 120	 1	 -1800	 
 76	 112	 1920	 117	 1	 -1803	 
 76	 112	 1920	 126	 1	 -1794	 
 76	 112	 1920	 130	 1	 -1790	 
 76	 112	 1920	 115	 1	 -1805	 
 76	 112	 1920	 130	 1	 -1790	 
 76	 112	 1920	 119	 1	 -1801	 
 76	 112	 1920	 115	 1	 -1805	 
 76	 112	 1920	 119	 1	 -1801	 
 76	 112	 1920	 113	 1	 -1807	 
 76	 112	 1920	 116	 1	 -1804	 
 76	 112	 1920	 123	 1	 -1797	 
 76	 112	 1920	 118	 1	 -1802	 
 76	 112	 1920	 117	 1	 -1803	 
 76	 112	 1920	 125	 1	 -1795	 
 76	 112	 1920	 120	 1	 -1800	 
 76	 112	 1920	 125	 1	 -1795	 
 76	 112	 1920	 117	 1	 -1803	 
 76	 112	 1920	 121	 1	 -1799	 
 76	 112	 1920	 125	 1	 -1795	 
 76	 112	 1920	 125	 1	 -1795	 
 76	 112	 1920	 121	 1	 -1799	 
 76	 112	 1920	 124	 1	 -1796	 
 76	 112	 1920	 120	 1	 -1800	 
 76	 112	 1920	 121	 1	 -1799	 
 76	 112	 1920	 113	 1	 -1807	 
 76	 112	 1920	 130	 1	 -1790	 
 76	 112	 1920	 123	 1	 -1797	 
 76	 112	 1920	 116	 1	 -1804	 
 76	 112	 1920	 131	 1	 -1789	 
 76	 112	 1920	 117	 1	 -1803	 
 76	 112	 1920	 126	 1	 -1794	 
 76	 112	 1920	 117	 1	 -1803	 
 76	 112	 1920	 118	 1	 -1802	 
 76	 112	 1920	 122	 1	 -1798	 
 76	 112	 1920	 125	 1	 -1795	 
 76	 112	 1920	 120	 1	 -1800	 
 76	 112	 1920	 128	 1	 -1792	 
 76	 112	 1920	 118	 1	 -1802	 
 76	 112	 1920	 130	 1	 -1790	 
 76	 112	 1920	 129	 1	 -1791	 
 76	 112	 1920	 120	 1	 -1800	 
 76	 112	 1920	 123	 1	 -1797	 
 76	 112	 1920	 119	 1	 -1801	 
 76	 112	 1920	 130	 1	 -1790	 
 76	 112	 1920	 128	 1	 -1792	 
 76	 112	 1920	 124	 1	 -1796	 
 76	 112	 1920	 117	 1	 -1803	 
 76	 112	 1920	 114	 1	 -1806	 
 76	 112	 1920	 113	 1	 -1807	 
 76	 112	 1920	 120	 1	 -1800	 
 76	 112	 1920	 123	 1	 -1797	 
 76	 112	 1920	 122	 1	 -1798	 
 76	 112	 1920	 113	 1	 -1807	 
 76	 112	 1920	 113	 1	 -1807	 
 76	 112	 1920	 122	 1	 -1798	 
 76	 112	 1920	 127	 1	 -1793	 
 76	 112	 1920	 131	 1	 -1789	 
 76	 112	 1920	 126	 1	 -1794	 
 76	 112	 1920	 122	 1	 -1798	 
 76	 112	 1920	 127	 1	 -1793	 
 76	 112	 1920	 113	 1	 -1807	 
 76	 112	 1920	 125	 1	 -1795	 
 76	 112	 1920	 127	 1	 -1793	 
 76	 112	 1920	 124	 1	 -1796	 
 76	 112	 1920	 113	 1	 -1807	 
 76	 112	 1920	 124	 1	 -1796	 
 76	 112	 1920	 117	 1	 -1803	 
 76	 112	 1920	 129	 1	 -1791	 
 76	 112	 1920	 129	 1	 -1791	 
 76	 112	 1920	 122	 1	 -1798	 
 76	 112	 1920	 113	 1	 -1807	 
 76	 112	 1920	 119	 1	 -1801	 
 76	 112	 1920	 119	 1	 -1801	 
 76	 112	 1920	 126	 1	 -1794	 
 76	 112	 1920	 117	 1	 -1803	 
 76	 112	 1920	 131	 1	 -1789	 
 76	 112	 1920	 116	 1	 -1804	 
 76	 112	 1920	 116	 1	 -1804	 
 76	 112	 1920	 115	 1	 -1805	 
 76	 112	 1920	 129	 1	 -1791	 
 76	 112	 1920	 114	 1	 -1806	 
 76	 112	 1920	 121	 1	 -1799	 
 76	 112	 1920	 124	 1	 -1796	 
 76	 112	 1920	 115	 1	 -1805	 
 76	 112	 1920	 119	 1	 -1801	 
 0	 0	 0	 0	 0	 0	 
 0	 0	 0	 0	 0	 0	 
 63	 82	 1920	 87	 0	 -1833	 
 63	 82	 1920	 90	 0	 -1830	 
 63	 82	 1920	 89	 0	 -1831	 
 63	 82	 1920	 87	 0	 -1833	 
 63	 82	 1920	 89	 0	 -1831	 
 63	 82	 1920	 85	 0	 -1835	 
 63	 82	 1920	 90	 0	 -1830	 
 63	 82	 1920	 86	 0	 -1834	 
 63	 82	 1920	 83	 0	 -1837	 
 63	 82	 1920	 86	 0	 -1834	 
 63	 82	 1920	 89	 0	 -1831	 
 63	 82	 1920	 91	 0	 -1829	 
 63	 82	 1920	 92	 0	 -1828	 
 63	 82	 1920	 91	 0	 -1829	 
 63	 82	 1920	 90	 0	 -1830	 
 63	 82	 1920	 86	 0	 -1834	 
 63	 82	 1920	 88	 0	 -1832	 
 63	 82	 1920	 85	 0	 -1835	 
 63	 82	 1920	 90	 0	 -1830	 
 63	 82	 1920	 83	 0	 -1837	 
 63	 82	 1920	 90	 0	 -1830	 
 63	 82	 1920	 91	 0	 -1829	 
 63	 82	 1920	 92	 0	 -1828	 
 63	 82	 1920	 86	 0	 -1834	 
 63	 82	 1920	 87	 0	 -1833	 
 63	 82	 1920	 83	 0	 -1837	 
 63	 82	 1920	 88	 0	 -1832	 
 63	 82	 1920	 87	 0	 -1833	 
 63	 82	 1920	 90	 0	 -1830	 
 63	 82	 1920	 84	 0	 -1836	 
 63	 82	 1920	 90	 0	 -1830	 
 63	 82	 1920	 83	 0	 -1837	 
 63	 82	 1920	 91	 0	 -1829	 
 63	 82	 1920	 86	 0	 -1834	 
 63	 82	 1920	 83	 0	 -1837	 
 63	 82	 1920	 88	 0	 -1832	 
 63	 82	 1920	 87	 0	 -1833	 
 63	 82	 1920	 90	 0	 -1830	 
 63	 82	 1920	 86	 0	 -1834	 
 63	 82	 1920	 91	 0	 -1829	 
 63	 82	 1920	 91	 0	 -1829	 
 63	 82	 1920	 92	 0	 -1828	 
 63	 82	 1920	 84	 0	 -1836	 
 63	 82	 1920	 86	 0	 -1834	 
 63	 82	 1920	 87	 0	 -1833	 
 63	 82	 1920	 92	 0	 -1828	 
 63	 82	 1920	 85	 0	 -1835	 
 63	 82	 1920	 84	 0	 -1836	 
 63	 82	 1920	 83	 0	 -1837	 
 63	 82	 1920	 92	 0	 -1828	 
 63	 82	 1920	 85	 0	 -1835	 
 63	 82	 1920	 91	 0	 -1829	 
 63	 82	 1920	 85	 0	 -1835	 
 63	 82	 1920	 83	 0	 -1837	 
 63	 82	 1920	 86	 0	 -1834	 
 63	 82	 1920	 85	 0	 -1835	 
 63	 82	 1920	 90	 0	 -1830	 
 63	 82	 1920	 86	 0	 -1834	 
 63	 82	 1920	 88	 0	 -1832	 
 63	 82	 1920	 87	 0	 -1833	 
 63	 82	 1920	 83	 0	 -1837	 
 63	 82	 1920	 84	 0	 -1836	 
 63	 82	 1920	 84	 0	 -1836	 
 63	 82	 1920	 84	 0	 -1836	 
 63	 82	 1920	 89	 0	 -1831	 
 63	 82	 1920	 83	 0	 -1837	 
 63	 82	 1920	 85	 0	 -1835	 
 63	 82	 1920	 86	 0	 -1834	 
 63	 82	 1920	 88	 0	 -1832	 
 63	 82	 1920	 83	 0	 -1837	 
 63	 82	 1920	 91	 0	 -1829	 
 63	 82	 1920	 89	 0	 -1831	 
 63	 82	 1920	 84	 0	 -1836	 
 63	 82	 1920	 86	 0	 -1834	 
 63	 82	 1920	 84	 0	 -1836	 
 63	 82	 1920	 85	 0	 -1835	 
 63	 82	 1920	 86	 0	 -1834	 
 63	 82	 1920	 87	 0	 -1833	 
 63	 82	 1920	 89	 0	 -1831	 
 63	 82	 1920	 90	 0	 -1830	 
 63	 82	 1920	 92	 0	 -1828	 
 63	 82	 1920	 87	 0	 -1833	 
 63	 82	 1920	 92	 0	 -1828	 
 63	 82	 1920	 83	 0	 -1837	 
 63	 82	 1920	 84	 0	 -1836	 
 63	 82	 1920	 88	 0	 -1832	 
 63	 82	 1920	 86	 0	 -1834	 
 63	 82	 1920	 89	 0	 -1831	 
 63	 82	 1920	 84	 0	 -1836	 
 63	 82	 1920	 85	 0	 -1835	 
 63	 82	 1920	 90	 0	 -1830	 
 63	 82	 1920	 84	 0	 -1836	 
 63	 82	 1920	 92	 0	 -1828	 
 63	 82	 1920	 92	 0	 -1828	 
 63	 82	 1920	 91	 0	 -1829	 
 63	 82	 1920	 86	 0	 -1834	 
 63	 82	 1920	 92	 0	 -1828	 
 63	 82	 1920	 90	 0	 -1830	 
 63	 82	 1920	 86	 0	 -1834	 
 0	 0	 0	 0	 0	 0	 
 0	 0	 0	 0	 0	 0	 
 76	 112	 1920	 122	 1	 -1798	 
 76	 112	 1920	 125	 1	 -1795	 
 76	 112	 1920	 114	 1	 -1806	 
 76	 112	 1920	 115	 1	 -1805	 
 76	 112	 1920	 118	 1	 -1802	 
 76	 112	 1920	 116	 1	 -1804	 
 76	 112	 1920	 121	 1	 -1799	 
 76	 112	 1920	 121	 1	 -1799	 
 76	 112	 1920	 124	 1	 -1796	 
 76	 112	 1920	 117	 1	 -1803	 
 76	 112	 1920	 130	 1	 -1790	 
 76	 112	 1920	 120	 1	 -1800	 
 76	 112	 1920	 124	 1	 -1796	 
 76	 112	 1920	 116	 1	 -1804	 
 76	 112	 1920	 118	 1	 -1802	 
 76	 112	 1920	 120	 1	 -1800	 
 76	 112	 1920	 123	 1	 -1797	 
 76	 112	 1920	 114	 1	 -1806	 
 76	 112	 1920	 114	 1	 -1806	 
 76	 112	 1920	 120	 1	 -1800	 
 76	 112	 1920	 118	 1	 -1802	 
 76	 112	 1920	 125	 1	 -1795	 
 76	 112	 1920	 122	 1	 -1798	 
 76	 112	 1920	 116	 1	 -1804	 
 76	 112	 1920	 116	 1	 -1804	 
 76	 112	 1920	 130	 1	 -1790	 
 76	 112	 1920	 125	 1	 -1795	 
 76	 112	 1920	 130	 1	 -1790	 
 76	 112	 1920	 129	 1	 -1791	 
 76	 112	 1920	 126	 1	 -1794	 
 76	 112	 1920	 125	 1	 -1795	 
 76	 112	 1920	 122	 1	 -1798	 
 76	 112	 1920	 119	 1	 -1801	 
 76	 112	 1920	 124	 1	 -1796	 
 76	 112	 1920	 118	 1	 -1802	 
 76	 112	 1920	 119	 1	 -1801	 
 76	 112	 1920	 130	 1	 -1790	 
 76	 112	 1920	 120	 1	 -1800	 
 76	 112	 1920	 128	 1	 -1792	 
 76	 112	 1920	 117	 1	 -1803	 
 76	 112	 1920	 114	 1	 -1806	 
 76	 112	 1920	 124	 1	 -1796	 
 76	 112	 1920	 120	 1	 -1800	 
 76	 112	 1920	 127	 1	 -1793	 
 76	 112	 1920	 127	 1	 -1793	 
 76	 112	 1920	 121	 1	 -1799	 
 76	 112	 1920	 125	 1	 -1795	 
 76	 112	 1920	 114	 1	 -1806	 
 76	 112	 1920	 124	 1	 -1796	 
 76	 112	 1920	 124	 1	 -1796	 
 76	 112	 1920	 121	 1	 -1799	 
 76	 112	 1920	 127	 1	 -1793	 
 76	 112	 1920	 119	 1	 -1801	 
 76	 112	 1920	 120	 1	 -1800	 
 76	 112	 1920	 128	 1	 -1792	 
 76	 112	 1920	 130	 1	 -1790	 
 76	 112	 1920	 121	 1	 -1799	 
 76	 112	 1920	 116	 1	 -1804	 
 76	 112	 1920	 115	 1	 -1805	 
 76	 112	 1920	 131	 1	 -1789	 
 76	 112	 1920	 130	 1	 -1790	 
 76	 112	 1920	 118	 1	 -1802	 
 76	 112	 1920	 126	 1	 -1794	 
 76	 112	 1920	 120	 1	 -1800	 
 76	 112	 1920	 130	 1	 -1790	 
 76	 112	 1920	 117	 1	 -1803	 
 76	 112	 1920	 126	 1	 -1794	 
 76	 112	 1920	 116	 1	 -1804	 
 76	 112	 1920	 115	 1	 -1805	 
 76	 112	 1920	 127	 1	 -1793	 
 76	 112	 1920	 126	 1	 -1794	 
 76	 112	 1920	 115	 1	 -1805	 
 76	 112	 1920	 126	 1	 -1794	 
 76	 112	 1920	 113	 1	 -1807	 
 76	 112	 1920	 130	 1	 -1790	 
 76	 112	 1920	 114	 1	 -1806	 
 76	 112	 1920	 122	 1	 -1798	 
 76	 112	 1920	 113	 1	 -1807	 
 76	 112	 1920	 123	 1	 -1797	 
 76	 112	 1920	 114	 1	 -1806	 
 76	 112	 1920	 118	 1	 -1802	 
 76	 112	 1920	 126	 1	 -1794	 
 76	 112	 1920	 114	 1	 -1806	 
 76	 112	 1920	 115	 1	 -1805	 
 76	 112	 1920	 124	 1	 -1796	 
 76	 112	 1920	 128	 1	 -1792	 
 76	 112	 1920	 124	 1	 -1796	 
 76	 112	 1920	 118	 1	 -1802	 
 76	 112	 1920	 114	 1	 -1806	 
 76	 112	 1920	 124	 1	 -1796	 
 76	 112	 1920	 124	 1	 -1796	 
 76	 112	 1920	 119	 1	 -1801	 
 76	 112	 1920	 127	 1	 -1793	 
 76	 112	 1920	 123	 1	 -1797	 
 76	 112	 1920	 119	 1	 -1801	 
 76	 112	 1920	 120	 1	 -1800	 
 76	 112	 1920	 126	 1	 -1794	 
 76	 112	 1920	 126	 1	 -1794	 
 76	 112	 1920	 122	 1	 -1798	 
 0	 0	 0	 0	 0	 0	 
 0	 0	 0	 0	 0	 0	 
 63	 82	 1920	 88	 0	 -1832	 
 63	 82	 1920	 89	 0	 -1831	 
 63	 82	 1920	 92	 0	 -1828	 
 63	 82	 1920	 92	 0	 -1828	 
 63	 82	 1920	 83	 0	 -1837	 
 63	 82	 1920	 84	 0	 -1836	 
 63	 82	 1920	 87	 0	 -1833	 
 63	 82	 1920	 89	 0	 -1831	 
 63	 82	 1920	 91	 0	 -1829	 
 63	 82	 1920	 88	 0	 -1832	 
 63	 82	 1920	 90	 0	 -1830	 
 63	 82	 1920	 87	 0	 -1833	 
 63	 82	 1920	 84	 0	 -1836	 
 63	 82	 1920	 86	 0	 -1834	 
 63	 82	 1920	 91	 0	 -1829	 
 63	 82	 1920	 91	 0	 -1829	 
 63	 82	 1920	 88	 0	 -1832	 
 63	 82	 1920	 83	 0	 -1837	 
 63	 82	 1920	 84	 0	 -1836	 
 63	 82	 1920	 91	 0	 -1829	 
 63	 82	 1920	 86	 0	 -1834	 
 63	 82	 1920	 88	 0	 -1832	 
 63	 82	 1920	 85	 0	 -1835	 
 63	 82	 1920	 84	 0	 -1836	 
 63	 82	 1920	 84	 0	 -1836	 
 63	 82	 1920	 89	 0	 -1831	 
 63	 82	 1920	 90	 0	 -1830	 
 63	 82	 1920	 83	 0	 -1837	 
 63	 82	 1920	 92	 0	 -1828	 
 63	 82	 1920	 90	 0	 -1830	 
 63	 82	 1920	 90	 0	 -1830	 
 63	 82	 1920	 86	 0	 -1834	 
 63	 82	 1920	 85	 0	 -1835	 
 63	 82	 1920	 88	 0	 -1832	 
 63	 82	 1920	 88	 0	 -1832	 
 63	 82	 1920	 89	 0	 -1831	 
 63	 82	 1920	 83	 0	 -1837	 
 63	 82	 1920	 84	 0	 -1836	 
 63	 82	 1920	 89	 0	 -1831	 
 63	 82	 1920	 88	 0	 -1832	 
 63	 82	 1920	 85	 0	 -1835	 
 63	 82	 1920	 86	 0	 -1834	 
 63	 82	 1920	 85	 0	 -1835	 
 63	 82	 1920	 88	 0	 -1832	 
 63	 82	 1920	 84	 0	 -1836	 
 63	 82	 1920	 87	 0	 -1833	 
 63	 82	 1920	 88	 0	 -1832	 
 63	 82	 1920	 90	 0	 -1830	 
 63	 82	 1920	 87	 0	 -1833	 
 63	 82	 1920	 86	 0	 -1834	 
 63	 82	 1920	 83	 0	 -1837	 
 63	 82	 1920	 87	 0	 -1833	 
 63	 82	 1920	 92	 0	 -1828	 
 63	 82	 1920	 83	 0	 -1837	 
 63	 82	 1920	 92	 0	 -1828	 
 63	 82	 1920	 85	 0	 -1835	 
 63	 82	 1920	 83	 0	 -1837	 
 63	 82	 1920	 86	 0	 -1834	 
 63	 82	 1920	 83	 0	 -1837	 
 63	 82	 1920	 92	 0	 -1828	 
 63	 82	 1920	 89	 0	 -1831	 
 63	 82	 1920	 85	 0	 -1835	 
 63	 82	 1920	 83	 0	 -1837	 
 63	 82	 1920	 84	 0	 -1836	 
 63	 82	 1920	 87	 0	 -1833	 
 63	 82	 1920	 89	 0	 -1831	 
 63	 82	 1920	 85	 0	 -1835	 
 63	 82	 1920	 87	 0	 -1833	 
 63	 82	 1920	 92	 0	 -1828	 
 63	 82	 1920	 90	 0	 -1830	 
 63	 82	 1920	 85	 0	 -1835	 
 63	 82	 1920	 89	 0	 -1831	 
 63	 82	 1920	 89	 0	 -1831	 
 63	 82	 1920	 88	 0	 -1832	 
 63	 82	 1920	 84	 0	 -1836	 
 63	 82	 1920	 87	 0	 -1833	 
 63	 82	 1920	 87	 0	 -1833	 
 63	 82	 1920	 89	 0	 -1831	 
 63	 82	 1920	 86	 0	 -1834	 
 63	 82	 1920	 90	 0	 -1830	 
 63	 82	 1920	 86	 0	 -1834	 
 63	 82	 1920	 83	 0	 -1837	 
 63	 82	 1920	 91	 0	 -1829	 
 63	 82	 1920	 86	 0	 -1834	 
 63	 82	 1920	 84	 0	 -1836	 
 63	 82	 1920	 87	 0	 -1833	 
 63	 82	 1920	 88	 0	 -1832	 
 63	 82	 1920	 89	 0	 -1831	 
 63	 82	 1920	 85	 0	 -1835	 
 63	 82	 1920	 89	 0	 -1831	 
 63	 82	 1920	 85	 0	 -1835	 
 63	 82	 1920	 85	 0	 -1835	 
 63	 82	 1920	 86	 0	 -1834	 
 63	 82	 1920	 83	 0	 -1837	 
 63	 82	 1920	 84	 0	 -1836	 
 63	 82	 1920	 91	 0	 -1829	 
 63	 82	 1920	 91	 0	 -1829	 
 63	 82	 1920	 83	 0	 -1837	 
 63	 82	 1920	 83	 0	 -1837	 
 0	 0	 0	 0	 0	 0	 
 0	 0	 0	 0	 0	 0	 
 75	 93	 1920	 103	 1	 -1817	 
 75	 93	 1920	 98	 1	 -1822	 
 75	 93	 1920	 97	 1	 -1823	 
 75	 93	 1920	 98	 1	 -1822	 
 75	 93	 1920	 100	 1	 -1820	 
 75	 93	 1920	 103	 1	 -1817	 
 75	 93	 1920	 97	 1	 -1823	 
 75	 93	 1920	 95	 1	 -1825	 
 75	 93	 1920	 99	 1	 -1821	 
 75	 93	 1920	 97	 1	 -1823	 
 75	 93	 1920	 95	 1	 -1825	 
 75	 93	 1920	 101	 1	 -1819	 
 75	 93	 1920	 102	 1	 -1818	 
 75	 93	 1920	 96	 1	 -1824	 
 75	 93	 1920	 102	 1	 -1818	 
 75	 93	 1920	 95	 1	 -1825	 
 75	 93	 1920	 102	 1	 -1818	 
 75	 93	 1920	 101	 1	 -1819	 
 75	 93	 1920	 101	 1	 -1819	 
 75	 93	 1920	 97	 1	 -1823	 
 75	 93	 1920	 98	 1	 -1822	 
 75	 93	 1920	 95	 1	 -1825	 
 75	 93	 1920	 101	 1	 -1819	 
 75	 93	 1920	 94	 1	 -1826	 
 75	 93	 1920	 101	 1	 -1819	 
 75	 93	 1920	 100	 1	 -1820	 
 75	 93	 1920	 94	 1	 -1826	 
 75	 93	 1920	 96	 1	 -1824	 
 75	 93	 1920	 97	 1	 -1823	 
 75	 93	 1920	 101	 1	 -1819	 
 75	 93	 1920	 99	 1	 -1821	 
 75	 93	 1920	 99	 1	 -1821	 
 75	 93	 1920	 103	 1	 -1817	 
 75	 93	 1920	 100	 1	 -1820	 
 75	 93	 1920	 95	 1	 -1825	 
 75	 93	 1920	 100	 1	 -1820	 
 75	 93	 1920	 97	 1	 -1823	 
 75	 93	 1920	 101	 1	 -1819	 
 75	 93	 1920	 94	 1	 -1826	 
 75	 93	 1920	 95	 1	 -1825	 
 75	 93	 1920	 97	 1	 -1823	 
 75	 93	 1920	 97	 1	 -1823	 
 75	 93	 1920	 95	 1	 -1825	 
 75	 93	 1920	 96	 1	 -1824	 
 75	 93	 1920	 94	 1	 -1826	 
 75	 93	 1920	 100	 1	 -1820	 
 75	 93	 1920	 96	 1	 -1824	 
 75	 93	 1920	 100	 1	 -1820	 
 75	 93	 1920	 101	 1	 -1819	 
 75	 93	 1920	 102	 1	 -1818	 
 75	 93	 1920	 100	 1	 -1820	 
 75	 93	 1920	 101	 1	 -1819	 
 75	 93	 1920	 99	 1	 -1821	 
 75	 93	 1920	 103	 1	 -1817	 
 75	 93	 1920	 102	 1	 -1818	 
 75	 93	 1920	 97	 1	 -1823	 
 75	 93	 1920	 100	 1	 -1820	 
 75	 93	 1920	 95	 1	 -1825	 
 75	 93	 1920	 100	 1	 -1820	 
 75	 93	 1920	 103	 1	 -1817	 
 75	 93	 1920	 101	 1	 -1819	 
 75	 93	 1920	 100	 1	 -1820	 
 75	 93	 1920	 98	 1	 -1822	 
 75	 93	 1920	 97	 1	 -1823	 
 75	 93	 1920	 100	 1	 -1820	 
 75	 93	 1920	 100	 1	 -1820	 
 75	 93	 1920	 103	 1	 -1817	 
 75	 93	 1920	 95	 1	 -1825	 
 75	 93	 1920	 95	 1	 -1825	 
 75	 93	 1920	 96	 1	 -1824	 
 75	 93	 1920	 94	 1	 -1826	 
 75	 93	 1920	 100	 1	 -1820	 
 75	 93	 1920	 99	 1	 -1821	 
 75	 93	 1920	 99	 1	 -1821	 
 75	 93	 1920	 95	 1	 -1825	 
 75	 93	 1920	 96	 1	 -1824	 
 75	 93	 1920	 101	 1	 -1819	 
 75	 93	 1920	 99	 1	 -1821	 
 75	 93	 1920	 101	 1	 -1819	 
 75	 93	 1920	 95	 1	 -1825	 
 75	 93	 1920	 101	 1	 -1819	 
 75	 93	 1920	 100	 1	 -1820	 
 75	 93	 1920	 97	 1	 -1823	 
 75	 93	 1920	 94	 1	 -1826	 
 75	 93	 1920	 96	 1	 -1824	 
 75	 93	 1920	 95	 1	 -1825	 
 75	 93	 1920	 95	 1	 -1825	 
 75	 93	 1920	 98	 1	 -1822	 
 75	 93	 1920	 101	 1	 -1819	 
 75	 93	 1920	 96	 1	 -1824	 
 75	 93	 1920	 97	 1	 -1823	 
 75	 93	 1920	 95	 1	 -1825	 
 75	 93	 1920	 101	 1	 -1819	 
 75	 93	 1920	 100	 1	 -1820	 
 75	 93	 1920	 101	 1	 -1819	 
 75	 93	 1920	 95	 1	 -1825	 
 75	 93	 1920	 95	 1	 -1825	 
 75	 93	 1920	 99	 1	 -1821	 
 75	 93	 1920	 103	 1	 -1817	 
 0	 0	 0	 0	 0	 0	 
 0	 0	 0	 0	 0	 0	 
 63	 82	 1920	 89	 0	 -1831	 
 63	 82	 1920	 84	 0	 -1836	 
 63	 82	 1920	 87	 0	 -1833	 
 63	 82	 1920	 83	 0	 -1837	 
 63	 82	 1920	 83	 0	 -1837	 
 63	 82	 1920	 90	 0	 -1830	 
 63	 82	 1920	 88	 0	 -1832	 
 63	 82	 1920	 86	 0	 -1834	 
 63	 82	 1920	 90	 0	 -1830	 
 63	 82	 1920	 85	 0	 -1835	 
 63	 82	 1920	 85	 0	 -1835	 
 63	 82	 1920	 92	 0	 -1828	 
 63	 82	 1920	 88	 0	 -1832	 
 63	 82	 1920	 83	 0	 -1837	 
 63	 82	 1920	 83	 0	 -1837	 
 63	 82	 1920	 92	 0	 -1828	 
 63	 82	 1920	 88	 0	 -1832	 
 63	 82	 1920	 89	 0	 -1831	 
 63	 82	 1920	 86	 0	 -1834	 
 63	 82	 1920	 87	 0	 -1833	 
 63	 82	 1920	 88	 0	 -1832	 
 63	 82	 1920	 86	 0	 -1834	 
 63	 82	 1920	 86	 0	 -1834	 
 63	 82	 1920	 92	 0	 -1828	 
 63	 82	 1920	 87	 0	 -1833	 
 63	 82	 1920	 91	 0	 -1829	 
 63	 82	 1920	 92	 0	 -1828	 
 63	 82	 1920	 84	 0	 -1836	 
 63	 82	 1920	 88	 0	 -1832	 
 63	 82	 1920	 83	 0	 -1837	 
 63	 82	 1920	 90	 0	 -1830	 
 63	 82	 1920	 91	 0	 -1829	 
 63	 82	 1920	 86	 0	 -1834	 
 63	 82	 1920	 89	 0	 -1831	 
 63	 82	 1920	 90	 0	 -1830	 
 63	 82	 1920	 89	 0	 -1831	 
 63	 82	 1920	 84	 0	 -1836	 
 63	 82	 1920	 87	 0	 -1833	 
 63	 82	 1920	 90	 0	 -1830	 
 63	 82	 1920	 89	 0	 -1831	 
 63	 82	 1920	 92	 0	 -1828	 
 63	 82	 1920	 91	 0	 -1829	 
 63	 82	 1920	 89	 0	 -1831	 
 63	 82	 1920	 92	 0	 -1828	 
 63	 82	 1920	 90	 0	 -1830	 
 63	 82	 1920	 92	 0	 -1828	 
 63	 82	 1920	 84	 0	 -1836	 
 63	 82	 1920	 91	 0	 -1829	 
 63	 82	 1920	 85	 0	 -1835	 
 63	 82	 1920	 86	 0	 -1834	 
 63	 82	 1920	 90	 0	 -1830	 
 63	 82	 1920	 87	 0	 -1833	 
 63	 82	 1920	 83	 0	 -1837	 
 63	 82	 1920	 91	 0	 -1829	 
 63	 82	 1920	 88	 0	 -1832	 
 63	 82	 1920	 88	 0	 -1832	 
 63	 82	 1920	 88	 0	 -1832	 
 63	 82	 1920	 91	 0	 -1829	 
 63	 82	 1920	 87	 0	 -1833	 
 63	 82	 1920	 92	 0	 -1828	 
 63	 82	 1920	 89	 0	 -1831	 
 63	 82	 1920	 87	 0	 -1833	 
 63	 82	 1920	 91	 0	 -1829	 
 63	 82	 1920	 83	 0	 -1837	 
 63	 82	 1920	 86	 0	 -1834	 
 63	 82	 1920	 84	 0	 -1836	 
 63	 82	 1920	 92	 0	 -1828	 
 63	 82	 1920	 87	 0	 -1833	 
 63	 82	 1920	 89	 0	 -1831	 
 63	 82	 1920	 86	 0	 -1834	 
 63	 82	 1920	 83	 0	 -1837	 
 63	 82	 1920	 86	 0	 -1834	 
 63	 82	 1920	 90	 0	 -1830	 
 63	 82	 1920	 83	 0	 -1837	 
 63	 82	 1920	 91	 0	 -1829	 
 63	 82	 1920	 88	 0	 -1832	 
 63	 82	 1920	 87	 0	 -1833	 
 63	 82	 1920	 87	 0	 -1833	 
 63	 82	 1920	 86	 0	 -1834	 
 63	 82	 1920	 91	 0	 -1829	 
 63	 82	 1920	 90	 0	 -1830	 
 63	 82	 1920	 84	 0	 -1836	 
 63	 82	 1920	 89	 0	 -1831	 
 63	 82	 1920	 86	 0	 -1834	 
 63	 82	 1920	 91	 0	 -1829	 
 63	 82	 1920	 89	 0	 -1831	 
 63	 82	 1920	 88	 0	 -1832	 
 63	 82	 1920	 91	 0	 -1829	 
 63	 82	 1920	 84	 0	 -1836	 
 63	 82	 1920	 88	 0	 -1832	 
 63	 82	 1920	 83	 0	 -1837	 
 63	 82	 1920	 86	 0	 -1834	 
 63	 82	 1920	 87	 0	 -1833	 
 63	 82	 1920	 83	 0	 -1837	 
 63	 82	 1920	 90	 0	 -1830	 
 63	 82	 1920	 92	 0	 -1828	 
 63	 82	 1920	 92	 0	 -1828	 
 63	 82	 1920	 83	 0	 -1837	 
 63	 82	 1920	 87	 0	 -1833	 
 0	 0	 0	 0	 0	 0	 
 0	 0	 0	 0	 0	 0	 
 73	 86	 1920	 93	 1	 -1827	 
 73	 86	 1920	 88	 1	 -1832	 
 73	 86	 1920	 92	 1	 -1828	 
 73	 86	 1920	 87	 1	 -1833	 
 73	 86	 1920	 92	 1	 -1828	 
 73	 86	 1920	 93	 1	 -1827	 
 73	 86	 1920	 88	 1	 -1832	 
 73	 86	 1920	 92	 1	 -1828	 
 73	 86	 1920	 91	 1	 -1829	 
 73	 86	 1920	 93	 1	 -1827	 
 73	 86	 1920	 90	 1	 -1830	 
 73	 86	 1920	 91	 1	 -1829	 
 73	 86	 1920	 89	 1	 -1831	 
 73	 86	 1920	 89	 1	 -1831	 
 73	 86	 1920	 92	 1	 -1828	 
 73	 86	 1920	 90	 1	 -1830	 
 73	 86	 1920	 92	 1	 -1828	 
 73	 86	 1920	 90	 1	 -1830	 
 73	 86	 1920	 88	 1	 -1832	 
 73	 86	 1920	 92	 1	 -1828	 
 73	 86	 1920	 88	 1	 -1832	 
 73	 86	 1920	 88	 1	 -1832	 
 73	 86	 1920	 89	 1	 -1831	 
 73	 86	 1920	 92	 1	 -1828	 
 73	 86	 1920	 93	 1	 -1827	 
 73	 86	 1920	 87	 1	 -1833	 
 73	 86	 1920	 87	 1	 -1833	 
 73	 86	 1920	 90	 1	 -1830	 
 73	 86	 1920	 92	 1	 -1828	 
 73	 86	 1920	 87	 1	 -1833	 
 73	 86	 1920	 89	 1	 -1831	 
 73	 86	 1920	 89	 1	 -1831	 
 73	 86	 1920	 93	 1	 -1827	 
 73	 86	 1920	 90	 1	 -1830	 
 73	 86	 1920	 91	 1	 -1829	 
 73	 86	 1920	 91	 1	 -1829	 
 73	 86	 1920	 92	 1	 -1828	 
 73	 86	 1920	 92	 1	 -1828	 
 73	 86	 1920	 89	 1	 -1831	 
 73	 86	 1920	 93	 1	 -1827	 
 73	 86	 1920	 93	 1	 -1827	 
 73	 86	 1920	 91	 1	 -1829	 
 73	 86	 1920	 91	 1	 -1829	 
 73	 86	 1920	 88	 1	 -1832	 
 73	 86	 1920	 90	 1	 -1830	 
 73	 86	 1920	 92	 1	 -1828	 
 73	 86	 1920	 92	 1	 -1828	 
 73	 86	 1920	 92	 1	 -1828	 
 73	 86	 1920	 90	 1	 -1830	 
 73	 86	 1920	 88	 1	 -1832	 
 73	 86	 1920	 87	 1	 -1833	 
 73	 86	 1920	 93	 1	 -1827	 
 73	 86	 1920	 93	 1	 -1827	 
 73	 86	 1920	 91	 1	 -1829	 
 73	 86	 1920	 92	 1	 -1828	 
 73	 86	 1920	 89	 1	 -1831	 
 73	 86	 1920	 93	 1	 -1827	 
 73	 86	 1920	 91	 1	 -1829	 
 73	 86	 1920	 89	 1	 -1831	 
 73	 86	 1920	 89	 1	 -1831	 
 73	 86	 1920	 90	 1	 -1830	 
 73	 86	 1920	 88	 1	 -1832	 
 73	 86	 1920	 90	 1	 -1830	 
 73	 86	 1920	 91	 1	 -1829	 
 73	 86	 1920	 87	 1	 -1833	 
 73	 86	 1920	 89	 1	 -1831	 
 73	 86	 1920	 93	 1	 -1827	 
 73	 86	 1920	 92	 1	 -1828	 
 73	 86	 1920	 91	 1	 -1829	 
 73	 86	 1920	 87	 1	 -1833	 
 73	 86	 1920	 88	 1	 -1832	 
 73	 86	 1920	 90	 1	 -1830	 
 73	 86	 1920	 89	 1	 -1831	 
 73	 86	 1920	 90	 1	 -1830	 
 73	 86	 1920	 91	 1	 -1829	 
 73	 86	 1920	 87	 1	 -1833	 
 73	 86	 1920	 88	 1	 -1832	 
 73	 86	 1920	 92	 1	 -1828	 
 73	 86	 1920	 90	 1	 -1830	 
 73	 86	 1920	 88	 1	 -1832	 
 73	 86	 1920	 89	 1	 -1831	 
 73	 86	 1920	 88	 1	 -1832	 
 73	 86	 1920	 89	 1	 -1831	 
 73	 86	 1920	 90	 1	 -1830	 
 73	 86	 1920	 92	 1	 -1828	 
 73	 86	 1920	 87	 1	 -1833	 
 73	 86	 1920	 87	 1	 -1833	 
 73	 86	 1920	 93	 1	 -1827	 
 73	 86	 1920	 87	 1	 -1833	 
 73	 86	 1920	 93	 1	 -1827	 
 73	 86	 1920	 89	 1	 -1831	 
 73	 86	 1920	 93	 1	 -1827	 
 73	 86	 1920	 91	 1	 -1829	 
 73	 86	 1920	 87	 1	 -1833	 
 73	 86	 1920	 88	 1	 -1832	 
 73	 86	 1920	 91	 1	 -1829	 
 73	 86	 1920	 89	 1	 -1831	 
 73	 86	 1920	 91	 1	 -1829	 
 73	 86	 1920	 88	 1	 -1832	 
 0	 0	 0	 0	 0	 0	 
 0	 0	 0	 0	 0	 0	 
 63	 82	 1920	 91	 0	 -1829	 
 63	 82	 1920	 92	 0	 -1828	 
 63	 82	 1920	 83	 0	 -1837	 
 63	 82	 1920	 85	 0	 -1835	 
 63	 82	 1920	 89	 0	 -1831	 
 63	 82	 1920	 91	 0	 -1829	 
 63	 82	 1920	 92	 0	 -1828	 
 63	 82	 1920	 86	 0	 -1834	 
 63	 82	 1920	 83	 0	 -1837	 
 63	 82	 1920	 83	 0	 -1837	 
 63	 82	 1920	 83	 0	 -1837	 
 63	 82	 1920	 90	 0	 -1830	 
 63	 82	 1920	 91	 0	 -1829	 
 63	 82	 1920	 85	 0	 -1835	 
 63	 82	 1920	 84	 0	 -1836	 
 63	 82	 1920	 84	 0	 -1836	 
 63	 82	 1920	 89	 0	 -1831	 
 63	 82	 1920	 92	 0	 -1828	 
 63	 82	 1920	 92	 0	 -1828	 
 63	 82	 1920	 90	 0	 -1830	 
 63	 82	 1920	 90	 0	 -1830	 
 63	 82	 1920	 86	 0	 -1834	 
 63	 82	 1920	 86	 0	 -1834	 
 63	 82	 1920	 83	 0	 -1837	 
 63	 82	 1920	 86	 0	 -1834	 
 63	 82	 1920	 87	 0	 -1833	 
 63	 82	 1920	 85	 0	 -1835	 
 63	 82	 1920	 89	 0	 -1831	 
 63	 82	 1920	 87	 0	 -1833	 
 63	 82	 1920	 91	 0	 -1829	 
 63	 82	 1920	 92	 0	 -1828	 
 63	 82	 1920	 89	 0	 -1831	 
 63	 82	 1920	 87	 0	 -1833	 
 63	 82	 1920	 91	 0	 -1829	 
 63	 82	 1920	 90	 0	 -1830	 
 63	 82	 1920	 86	 0	 -1834	 
 63	 82	 1920	 84	 0	 -1836	 
 63	 82	 1920	 84	 0	 -1836	 
 63	 82	 1920	 89	 0	 -1831	 
 63	 82	 1920	 89	 0	 -1831	 
 63	 82	 1920	 86	 0	 -1834	 
 63	 82	 1920	 86	 0	 -1834	 
 63	 82	 1920	 91	 0	 -1829	 
 63	 82	 1920	 88	 0	 -1832	 
 63	 82	 1920	 87	 0	 -1833	 
 63	 82	 1920	 89	 0	 -1831	 
 63	 82	 1920	 92	 0	 -1828	 
 63	 82	 1920	 83	 0	 -1837	 
 63	 82	 1920	 84	 0	 -1836	 
 63	 82	 1920	 85	 0	 -1835	 
 63	 82	 1920	 85	 0	 -1835	 
 63	 82	 1920	 89	 0	 -1831	 
 63	 82	 1920	 89	 0	 -1831	 
 63	 82	 1920	 91	 0	 -1829	 
 63	 82	 1920	 91	 0	 -1829	 
 63	 82	 1920	 84	 0	 -1836	 
 63	 82	 1920	 92	 0	 -1828	 
 63	 82	 1920	 84	 0	 -1836	 
 63	 82	 1920	 92	 0	 -1828	 
 63	 82	 1920	 91	 0	 -1829	 
 63	 82	 1920	 91	 0	 -1829	 
 63	 82	 1920	 83	 0	 -1837	 
 63	 82	 1920	 86	 0	 -1834	 
 63	 82	 1920	 88	 0	 -1832	 
 63	 82	 1920	 84	 0	 -1836	 
 63	 82	 1920	 84	 0	 -1836	 
 63	 82	 1920	 83	 0	 -1837	 
 63	 82	 1920	 91	 0	 -1829	 
 63	 82	 1920	 84	 0	 -1836	 
 63	 82	 1920	 89	 0	 -1831	 
 63	 82	 1920	 90	 0	 -1830	 
 63	 82	 1920	 86	 0	 -1834	 
 63	 82	 1920	 87	 0	 -1833	 
 63	 82	 1920	 84	 0	 -1836	 
 63	 82	 1920	 85	 0	 -1835	 
 63	 82	 1920	 91	 0	 -1829	 
 63	 82	 1920	 91	 0	 -1829	 
 63	 82	 1920	 87	 0	 -1833	 
 63	 82	 1920	 86	 0	 -1834	 
 63	 82	 1920	 91	 0	 -1829	 
 63	 82	 1920	 89	 0	 -1831	 
 63	 82	 1920	 91	 0	 -1829	 
 63	 82	 1920	 83	 0	 -1837	 
 63	 82	 1920	 83	 0	 -1837	 
 63	 82	 1920	 92	 0	 -1828	 
 63	 82	 1920	 91	 0	 -1829	 
 63	 82	 1920	 85	 0	 -1835	 
 63	 82	 1920	 86	 0	 -1834	 
 63	 82	 1920	 90	 0	 -1830	 
 63	 82	 1920	 91	 0	 -1829	 
 63	 82	 1920	 89	 0	 -1831	 
 63	 82	 1920	 89	 0	 -1831	 
 63	 82	 1920	 88	 0	 -1832	 
 63	 82	 1920	 92	 0	 -1828	 
 63	 82	 1920	 92	 0	 -1828	 
 63	 82	 1920	 89	 0	 -1831	 
 63	 82	 1920	 92	 0	 -1828	 
 63	 82	 1920	 92	 0	 -1828	 
 63	 82	 1920	 84	 0	 -1836	 
 0	 0	 0	 0	 0	 0	 
 0	 0	 0	 0	 0	 0	 
 76	 112	 1920	 117	 1	 -1803	 
 76	 112	 1920	 128	 1	 -1792	 
 76	 112	 1920	 127	 1	 -1793	 
 76	 112	 1920	 125	 1	 -1795	 
 76	 112	 1920	 130	 1	 -1790	 
 76	 112	 1920	 120	 1	 -1800	 
 76	 112	 1920	 123	 1	 -1797	 
 76	 112	 1920	 129	 1	 -1791	 
 76	 112	 1920	 114	 1	 -1806	 
 76	 112	 1920	 119	 1	 -1801	 
 76	 112	 1920	 129	 1	 -1791	 
 76	 112	 1920	 113	 1	 -1807	 
 76	 112	 1920	 128	 1	 -1792	 
 76	 112	 1920	 130	 1	 -1790	 
 76	 112	 1920	 115	 1	 -1805	 
 76	 112	 1920	 128	 1	 -1792	 
 76	 112	 1920	 129	 1	 -1791	 
 76	 112	 1920	 125	 1	 -1795	 
 76	 112	 1920	 126	 1	 -1794	 
 76	 112	 1920	 126	 1	 -1794	 
 76	 112	 1920	 124	 1	 -1796	 
 76	 112	 1920	 127	 1	 -1793	 
 76	 112	 1920	 120	 1	 -1800	 
 76	 112	 1920	 125	 1	 -1795	 
 76	 112	 1920	 123	 1	 -1797	 
 76	 112	 1920	 126	 1	 -1794	 
 76	 112	 1920	 115	 1	 -1805	 
 76	 112	 1920	 115	 1	 -1805	 
 76	 112	 1920	 128	 1	 -1792	 
 76	 112	 1920	 119	 1	 -1801	 
 76	 112	 1920	 113	 1	 -1807	 
 76	 112	 1920	 123	 1	 -1797	 
 76	 112	 1920	 113	 1	 -1807	 
 76	 112	 1920	 118	 1	 -1802	 
 76	 112	 1920	 116	 1	 -1804	 
 76	 112	 1920	 120	 1	 -1800	 
 76	 112	 1920	 124	 1	 -1796	 
 76	 112	 1920	 130	 1	 -1790	 
 76	 112	 1920	 125	 1	 -1795	 
 76	 112	 1920	 115	 1	 -1805	 
 76	 112	 1920	 123	 1	 -1797	 
 76	 112	 1920	 129	 1	 -1791	 
 76	 112	 1920	 128	 1	 -1792	 
 76	 112	 1920	 122	 1	 -1798	 
 76	 112	 1920	 125	 1	 -1795	 
 76	 112	 1920	 119	 1	 -1801	 
 76	 112	 1920	 119	 1	 -1801	 
 76	 112	 1920	 113	 1	 -1807	 
 76	 112	 1920	 114	 1	 -1806	 
 76	 112	 1920	 117	 1	 -1803	 
 76	 112	 1920	 116	 1	 -1804	 
 76	 112	 1920	 121	 1	 -1799	 
 76	 112	 1920	 128	 1	 -1792	 
 76	 112	 1920	 116	 1	 -1804	 
 76	 112	 1920	 125	 1	 -1795	 
 76	 112	 1920	 124	 1	 -1796	 
 76	 112	 1920	 125	 1	 -1795	 
 76	 112	 1920	 124	 1	 -1796	 
 76	 112	 1920	 123	 1	 -1797	 
 76	 112	 1920	 113	 1	 -1807	 
 76	 112	 1920	 120	 1	 -1800	 
 76	 112	 1920	 120	 1	 -1800	 
 76	 112	 1920	 124	 1	 -1796	 
 76	 112	 1920	 127	 1	 -1793	 
 76	 112	 1920	 114	 1	 -1806	 
 76	 112	 1920	 128	 1	 -1792	 
 76	 112	 1920	 130	 1	 -1790	 
 76	 112	 1920	 126	 1	 -1794	 
 76	 112	 1920	 127	 1	 -1793	 
 76	 112	 1920	 114	 1	 -1806	 
 76	 112	 1920	 114	 1	 -1806	 
 76	 112	 1920	 121	 1	 -1799	 
 76	 112	 1920	 121	 1	 -1799	 
 76	 112	 1920	 130	 1	 -1790	 
 76	 112	 1920	 118	 1	 -1802	 
 76	 112	 1920	 130	 1	 -1790	 
 76	 112	 1920	 120	 1	 -1800	 
 76	 112	 1920	 131	 1	 -1789	 
 76	 112	 1920	 121	 1	 -1799	 
 76	 112	 1920	 117	 1	 -1803	 
 76	 112	 1920	 115	 1	 -1805	 
 76	 112	 1920	 130	 1	 -1790	 
 76	 112	 1920	 116	 1	 -1804	 
 76	 112	 1920	 126	 1	 -1794	 
 76	 112	 1920	 126	 1	 -1794	 
 76	 112	 1920	 125	 1	 -1795	 
 76	 112	 1920	 114	 1	 -1806	 
 76	 112	 1920	 126	 1	 -1794	 
 76	 112	 1920	 131	 1	 -1789	 
 76	 112	 1920	 122	 1	 -1798	 
 76	 112	 1920	 129	 1	 -1791	 
 76	 112	 1920	 122	 1	 -1798	 
 76	 112	 1920	 122	 1	 -1798	 
 76	 112	 1920	 123	 1	 -1797	 
 76	 112	 1920	 125	 1	 -1795	 
 76	 112	 1920	 121	 1	 -1799	 
 76	 112	 1920	 131	 1	 -1789	 
 76	 112	 1920	 115	 1	 -1805	 
 76	 112	 1920	 129	 1	 -1791	 
 0	 0	 0	 0	 0	 0	 
 