s	 e	 integralPartic	 alturaRetang	 metadePartic	 maximaPartic	 minimoPArtic	 alturaPartic	 p	 comparativoMet
60	 92	 5.461076e+00	 1.654871e-01	 4.142296e+02	 8.283559e+02	 1.032258e-01	 1.633383e+00	 0	 2.503092e+03	 
 64	 108	 8.132370e+03	 1.807193e+02	 4.142296e+02	 8.283559e+02	 1.032258e-01	 3.539901e-01	 0	 2.292116e+00	 
 66	 82	 1.255149e+04	 7.383231e+02	 4.142296e+02	 8.283559e+02	 1.032258e-01	 1.782401e+00	 1	 5.610410e-01	 
 75	 84	 3.236751e+03	 3.236751e+02	 4.142296e+02	 8.283559e+02	 1.032258e-01	 7.813906e-01	 0	 1.279770e+00	 
 77	 94	 7.930236e+03	 4.405687e+02	 4.142296e+02	 8.283559e+02	 1.032258e-01	 1.119551e+00	 1	 9.402157e-01	 
 73	 103	 8.466358e+03	 2.731083e+02	 4.142296e+02	 8.283559e+02	 1.032258e-01	 6.593163e-01	 0	 1.516723e+00	 
 62	 87	 5.064798e+03	 1.947999e+02	 4.142296e+02	 8.283559e+02	 1.032258e-01	 4.702705e-01	 0	 2.126436e+00	 
 71	 100	 2.428148e+04	 8.093827e+02	 4.142296e+02	 8.283559e+02	 1.032258e-01	 1.953947e+00	 1	 5.117846e-01	 
 86	 99	 1.948323e+03	 1.391659e+02	 4.142296e+02	 8.283559e+02	 1.032258e-01	 3.359632e-01	 0	 2.976516e+00	 
 72	 84	 5.812536e+03	 4.471181e+02	 4.142296e+02	 8.283559e+02	 1.032258e-01	 1.079397e+00	 1	 9.264433e-01	 
 1	 1	 1.000000e-05	 1.000000e-05	 1.000000e-05	 1.000000e-05	 1.000000e-05	 1.000000e-05	 1	 1.000000e-05	 
 1	 1	 1.000000e-05	 1.000000e-05	 1.000000e-05	 1.000000e-05	 1.000000e-05	 1.000000e-05	 1	 1.000000e-05	 
 1	 1	 1.000000e-05	 1.000000e-05	 1.000000e-05	 1.000000e-05	 1.000000e-05	 1.000000e-05	 1	 1.000000e-05	 
 1	 1	 1.000000e-05	 1.000000e-05	 1.000000e-05	 1.000000e-05	 1.000000e-05	 1.000000e-05	 1	 1.000000e-05	 
 1	 1	 1.000000e-05	 1.000000e-05	 1.000000e-05	 1.000000e-05	 1.000000e-05	 1.000000e-05	 1	 1.000000e-05	 
 1	 1	 1.000000e-05	 1.000000e-05	 1.000000e-05	 1.000000e-05	 1.000000e-05	 1.000000e-05	 1	 1.000000e-05	 
 1	 1	 1.000000e-05	 1.000000e-05	 1.000000e-05	 1.000000e-05	 1.000000e-05	 1.000000e-05	 1	 1.000000e-05	 
 1	 1	 1.000000e-05	 1.000000e-05	 1.000000e-05	 1.000000e-05	 1.000000e-05	 1.000000e-05	 1	 1.000000e-05	 
 1	 1	 1.000000e-05	 1.000000e-05	 1.000000e-05	 1.000000e-05	 1.000000e-05	 1.000000e-05	 1	 1.000000e-05	 
 1	 1	 1.000000e-05	 1.000000e-05	 1.000000e-05	 1.000000e-05	 1.000000e-05	 1.000000e-05	 1	 1.000000e-05	 
 