s	 e	 nS	 nE	 p	 f
0	 0	 0	 0	 0	 0	 
 319	 351	 303	 360	 1	 57	 
 319	 351	 308	 360	 1	 52	 
 319	 351	 330	 340	 1	 10	 
 319	 351	 317	 353	 1	 36	 
 319	 351	 330	 340	 1	 10	 
 319	 351	 308	 360	 1	 52	 
 319	 351	 320	 350	 1	 30	 
 319	 351	 328	 342	 1	 14	 
 319	 351	 330	 340	 1	 10	 
 319	 351	 311	 359	 1	 48	 
 319	 351	 324	 346	 1	 22	 
 319	 351	 322	 348	 1	 26	 
 319	 351	 306	 360	 1	 54	 
 319	 351	 316	 354	 1	 38	 
 319	 351	 318	 352	 1	 34	 
 319	 351	 304	 360	 1	 56	 
 319	 351	 304	 360	 1	 56	 
 319	 351	 313	 357	 1	 44	 
 319	 351	 315	 355	 1	 40	 
 319	 351	 302	 360	 1	 58	 
 319	 351	 318	 352	 1	 34	 
 319	 351	 305	 360	 1	 55	 
 319	 351	 330	 340	 1	 10	 
 319	 351	 313	 357	 1	 44	 
 319	 351	 323	 347	 1	 24	 
 319	 351	 326	 344	 1	 18	 
 319	 351	 303	 360	 1	 57	 
 319	 351	 320	 350	 1	 30	 
 319	 351	 313	 357	 1	 44	 
 319	 351	 311	 359	 1	 48	 
 319	 351	 305	 360	 1	 55	 
 319	 351	 322	 348	 1	 26	 
 319	 351	 330	 340	 1	 10	 
 319	 351	 308	 360	 1	 52	 
 319	 351	 330	 340	 1	 10	 
 319	 351	 316	 354	 1	 38	 
 319	 351	 312	 358	 1	 46	 
 319	 351	 324	 346	 1	 22	 
 319	 351	 305	 360	 1	 55	 
 319	 351	 330	 340	 1	 10	 
 319	 351	 317	 353	 1	 36	 
 319	 351	 304	 360	 1	 56	 
 319	 351	 320	 350	 1	 30	 
 319	 351	 312	 358	 1	 46	 
 319	 351	 317	 353	 1	 36	 
 319	 351	 315	 355	 1	 40	 
 319	 351	 302	 360	 1	 58	 
 319	 351	 313	 357	 1	 44	 
 319	 351	 312	 358	 1	 46	 
 319	 351	 326	 344	 1	 18	 
 319	 351	 317	 353	 1	 36	 
 319	 351	 329	 341	 1	 12	 
 319	 351	 311	 359	 1	 48	 
 319	 351	 326	 344	 1	 18	 
 319	 351	 312	 358	 1	 46	 
 319	 351	 307	 360	 1	 53	 
 319	 351	 321	 349	 1	 28	 
 319	 351	 330	 340	 1	 10	 
 319	 351	 305	 360	 1	 55	 
 319	 351	 320	 350	 1	 30	 
 319	 351	 330	 340	 1	 10	 
 319	 351	 315	 355	 1	 40	 
 319	 351	 327	 343	 1	 16	 
 319	 351	 316	 354	 1	 38	 
 319	 351	 320	 350	 1	 30	 
 319	 351	 305	 360	 1	 55	 
 319	 351	 303	 360	 1	 57	 
 319	 351	 313	 357	 1	 44	 
 319	 351	 330	 340	 1	 10	 
 319	 351	 330	 340	 1	 10	 
 319	 351	 330	 340	 1	 10	 
 319	 351	 330	 340	 1	 10	 
 319	 351	 308	 360	 1	 52	 
 319	 351	 330	 340	 1	 10	 
 319	 351	 308	 360	 1	 52	 
 319	 351	 329	 341	 1	 12	 
 319	 351	 306	 360	 1	 54	 
 319	 351	 306	 360	 1	 54	 
 319	 351	 323	 347	 1	 24	 
 319	 351	 330	 340	 1	 10	 
 319	 351	 321	 349	 1	 28	 
 319	 351	 310	 360	 1	 50	 
 319	 351	 311	 359	 1	 48	 
 319	 351	 327	 343	 1	 16	 
 319	 351	 313	 357	 1	 44	 
 319	 351	 329	 341	 1	 12	 
 319	 351	 327	 343	 1	 16	 
 319	 351	 325	 345	 1	 20	 
 319	 351	 315	 355	 1	 40	 
 319	 351	 306	 360	 1	 54	 
 319	 351	 315	 355	 1	 40	 
 319	 351	 321	 349	 1	 28	 
 319	 351	 305	 360	 1	 55	 
 319	 351	 330	 340	 1	 10	 
 319	 351	 318	 352	 1	 34	 
 319	 351	 330	 340	 1	 10	 
 319	 351	 329	 341	 1	 12	 
 319	 351	 326	 344	 1	 18	 
 319	 351	 320	 350	 1	 30	 
 0	 0	 0	 0	 0	 0	 
 0	 0	 0	 0	 0	 0	 
 319	 351	 315	 355	 1	 40	 
 319	 351	 304	 360	 1	 56	 
 319	 351	 310	 360	 1	 50	 
 319	 351	 317	 353	 1	 36	 
 319	 351	 322	 348	 1	 26	 
 319	 351	 303	 360	 1	 57	 
 319	 351	 311	 359	 1	 48	 
 319	 351	 330	 340	 1	 10	 
 319	 351	 315	 355	 1	 40	 
 319	 351	 330	 340	 1	 10	 
 319	 351	 322	 348	 1	 26	 
 319	 351	 329	 341	 1	 12	 
 319	 351	 303	 360	 1	 57	 
 319	 351	 308	 360	 1	 52	 
 319	 351	 330	 340	 1	 10	 
 319	 351	 311	 359	 1	 48	 
 319	 351	 314	 356	 1	 42	 
 319	 351	 320	 350	 1	 30	 
 319	 351	 312	 358	 1	 46	 
 319	 351	 329	 341	 1	 12	 
 319	 351	 307	 360	 1	 53	 
 319	 351	 329	 341	 1	 12	 
 319	 351	 317	 353	 1	 36	 
 319	 351	 302	 360	 1	 58	 
 319	 351	 304	 360	 1	 56	 
 319	 351	 330	 340	 1	 10	 
 319	 351	 307	 360	 1	 53	 
 319	 351	 304	 360	 1	 56	 
 319	 351	 330	 340	 1	 10	 
 319	 351	 330	 340	 1	 10	 
 319	 351	 325	 345	 1	 20	 
 319	 351	 330	 340	 1	 10	 
 319	 351	 311	 359	 1	 48	 
 319	 351	 304	 360	 1	 56	 
 319	 351	 304	 360	 1	 56	 
 319	 351	 321	 349	 1	 28	 
 319	 351	 313	 357	 1	 44	 
 319	 351	 314	 356	 1	 42	 
 319	 351	 329	 341	 1	 12	 
 319	 351	 330	 340	 1	 10	 
 319	 351	 304	 360	 1	 56	 
 319	 351	 303	 360	 1	 57	 
 319	 351	 330	 340	 1	 10	 
 319	 351	 310	 360	 1	 50	 
 319	 351	 312	 358	 1	 46	 
 319	 351	 321	 349	 1	 28	 
 319	 351	 314	 356	 1	 42	 
 319	 351	 314	 356	 1	 42	 
 319	 351	 324	 346	 1	 22	 
 319	 351	 311	 359	 1	 48	 
 319	 351	 313	 357	 1	 44	 
 319	 351	 304	 360	 1	 56	 
 319	 351	 322	 348	 1	 26	 
 319	 351	 329	 341	 1	 12	 
 319	 351	 317	 353	 1	 36	 
 319	 351	 306	 360	 1	 54	 
 319	 351	 306	 360	 1	 54	 
 319	 351	 314	 356	 1	 42	 
 319	 351	 330	 340	 1	 10	 
 319	 351	 327	 343	 1	 16	 
 319	 351	 307	 360	 1	 53	 
 319	 351	 307	 360	 1	 53	 
 319	 351	 321	 349	 1	 28	 
 319	 351	 314	 356	 1	 42	 
 319	 351	 313	 357	 1	 44	 
 319	 351	 314	 356	 1	 42	 
 319	 351	 317	 353	 1	 36	 
 319	 351	 305	 360	 1	 55	 
 319	 351	 308	 360	 1	 52	 
 319	 351	 309	 360	 1	 51	 
 319	 351	 325	 345	 1	 20	 
 319	 351	 311	 359	 1	 48	 
 319	 351	 317	 353	 1	 36	 
 319	 351	 313	 357	 1	 44	 
 319	 351	 314	 356	 1	 42	 
 319	 351	 310	 360	 1	 50	 
 319	 351	 310	 360	 1	 50	 
 319	 351	 330	 340	 1	 10	 
 319	 351	 324	 346	 1	 22	 
 319	 351	 310	 360	 1	 50	 
 319	 351	 330	 340	 1	 10	 
 319	 351	 329	 341	 1	 12	 
 319	 351	 329	 341	 1	 12	 
 319	 351	 309	 360	 1	 51	 
 319	 351	 324	 346	 1	 22	 
 319	 351	 306	 360	 1	 54	 
 319	 351	 313	 357	 1	 44	 
 319	 351	 306	 360	 1	 54	 
 319	 351	 309	 360	 1	 51	 
 319	 351	 326	 344	 1	 18	 
 319	 351	 329	 341	 1	 12	 
 319	 351	 328	 342	 1	 14	 
 319	 351	 330	 340	 1	 10	 
 319	 351	 316	 354	 1	 38	 
 319	 351	 305	 360	 1	 55	 
 319	 351	 328	 342	 1	 14	 
 319	 351	 323	 347	 1	 24	 
 319	 351	 325	 345	 1	 20	 
 319	 351	 318	 352	 1	 34	 
 0	 0	 0	 0	 0	 0	 
 0	 0	 0	 0	 0	 0	 
 319	 351	 323	 347	 1	 24	 
 319	 351	 316	 354	 1	 38	 
 319	 351	 302	 360	 1	 58	 
 319	 351	 325	 345	 1	 20	 
 319	 351	 320	 350	 1	 30	 
 319	 351	 313	 357	 1	 44	 
 319	 351	 316	 354	 1	 38	 
 319	 351	 314	 356	 1	 42	 
 319	 351	 315	 355	 1	 40	 
 319	 351	 312	 358	 1	 46	 
 319	 351	 327	 343	 1	 16	 
 319	 351	 314	 356	 1	 42	 
 319	 351	 326	 344	 1	 18	 
 319	 351	 302	 360	 1	 58	 
 319	 351	 330	 340	 1	 10	 
 319	 351	 325	 345	 1	 20	 
 319	 351	 329	 341	 1	 12	 
 319	 351	 316	 354	 1	 38	 
 319	 351	 306	 360	 1	 54	 
 319	 351	 320	 350	 1	 30	 
 319	 351	 330	 340	 1	 10	 
 319	 351	 330	 340	 1	 10	 
 319	 351	 314	 356	 1	 42	 
 319	 351	 312	 358	 1	 46	 
 319	 351	 303	 360	 1	 57	 
 319	 351	 318	 352	 1	 34	 
 319	 351	 326	 344	 1	 18	 
 319	 351	 330	 340	 1	 10	 
 319	 351	 307	 360	 1	 53	 
 319	 351	 320	 350	 1	 30	 
 319	 351	 302	 360	 1	 58	 
 319	 351	 305	 360	 1	 55	 
 319	 351	 329	 341	 1	 12	 
 319	 351	 330	 340	 1	 10	 
 319	 351	 316	 354	 1	 38	 
 319	 351	 314	 356	 1	 42	 
 319	 351	 306	 360	 1	 54	 
 319	 351	 308	 360	 1	 52	 
 319	 351	 321	 349	 1	 28	 
 319	 351	 304	 360	 1	 56	 
 319	 351	 330	 340	 1	 10	 
 319	 351	 307	 360	 1	 53	 
 319	 351	 317	 353	 1	 36	 
 319	 351	 329	 341	 1	 12	 
 319	 351	 302	 360	 1	 58	 
 319	 351	 328	 342	 1	 14	 
 319	 351	 312	 358	 1	 46	 
 319	 351	 327	 343	 1	 16	 
 319	 351	 302	 360	 1	 58	 
 319	 351	 330	 340	 1	 10	 
 319	 351	 317	 353	 1	 36	 
 319	 351	 325	 345	 1	 20	 
 319	 351	 308	 360	 1	 52	 
 319	 351	 330	 340	 1	 10	 
 319	 351	 314	 356	 1	 42	 
 319	 351	 310	 360	 1	 50	 
 319	 351	 316	 354	 1	 38	 
 319	 351	 324	 346	 1	 22	 
 319	 351	 308	 360	 1	 52	 
 319	 351	 315	 355	 1	 40	 
 319	 351	 317	 353	 1	 36	 
 319	 351	 304	 360	 1	 56	 
 319	 351	 312	 358	 1	 46	 
 319	 351	 321	 349	 1	 28	 
 319	 351	 330	 340	 1	 10	 
 319	 351	 317	 353	 1	 36	 
 319	 351	 330	 340	 1	 10	 
 319	 351	 325	 345	 1	 20	 
 319	 351	 320	 350	 1	 30	 
 319	 351	 318	 352	 1	 34	 
 319	 351	 326	 344	 1	 18	 
 319	 351	 303	 360	 1	 57	 
 319	 351	 328	 342	 1	 14	 
 319	 351	 308	 360	 1	 52	 
 319	 351	 330	 340	 1	 10	 
 319	 351	 321	 349	 1	 28	 
 319	 351	 303	 360	 1	 57	 
 319	 351	 315	 355	 1	 40	 
 319	 351	 312	 358	 1	 46	 
 319	 351	 330	 340	 1	 10	 
 319	 351	 302	 360	 1	 58	 
 319	 351	 318	 352	 1	 34	 
 319	 351	 329	 341	 1	 12	 
 319	 351	 322	 348	 1	 26	 
 319	 351	 330	 340	 1	 10	 
 319	 351	 313	 357	 1	 44	 
 319	 351	 329	 341	 1	 12	 
 319	 351	 328	 342	 1	 14	 
 319	 351	 314	 356	 1	 42	 
 319	 351	 315	 355	 1	 40	 
 319	 351	 314	 356	 1	 42	 
 319	 351	 330	 340	 1	 10	 
 319	 351	 320	 350	 1	 30	 
 319	 351	 330	 340	 1	 10	 
 319	 351	 330	 340	 1	 10	 
 319	 351	 311	 359	 1	 48	 
 319	 351	 323	 347	 1	 24	 
 319	 351	 330	 340	 1	 10	 
 319	 351	 329	 341	 1	 12	 
 0	 0	 0	 0	 0	 0	 
 0	 0	 0	 0	 0	 0	 
 332	 346	 334	 344	 1	 10	 
 332	 346	 334	 344	 1	 10	 
 332	 346	 333	 345	 1	 12	 
 332	 346	 334	 344	 1	 10	 
 332	 346	 334	 344	 1	 10	 
 332	 346	 325	 353	 1	 28	 
 332	 346	 331	 347	 1	 16	 
 332	 346	 333	 345	 1	 12	 
 332	 346	 327	 351	 1	 24	 
 332	 346	 327	 351	 1	 24	 
 332	 346	 334	 344	 1	 10	 
 332	 346	 330	 348	 1	 18	 
 332	 346	 334	 344	 1	 10	 
 332	 346	 334	 344	 1	 10	 
 332	 346	 334	 344	 1	 10	 
 332	 346	 330	 348	 1	 18	 
 332	 346	 334	 344	 1	 10	 
 332	 346	 329	 349	 1	 20	 
 332	 346	 325	 353	 1	 28	 
 332	 346	 334	 344	 1	 10	 
 332	 346	 333	 345	 1	 12	 
 332	 346	 329	 349	 1	 20	 
 332	 346	 329	 349	 1	 20	 
 332	 346	 334	 344	 1	 10	 
 332	 346	 334	 344	 1	 10	 
 332	 346	 329	 349	 1	 20	 
 332	 346	 334	 344	 1	 10	 
 332	 346	 329	 349	 1	 20	 
 332	 346	 334	 344	 1	 10	 
 332	 346	 330	 348	 1	 18	 
 332	 346	 325	 353	 1	 28	 
 332	 346	 334	 344	 1	 10	 
 332	 346	 333	 345	 1	 12	 
 332	 346	 334	 344	 1	 10	 
 332	 346	 328	 350	 1	 22	 
 332	 346	 328	 350	 1	 22	 
 332	 346	 331	 347	 1	 16	 
 332	 346	 331	 347	 1	 16	 
 332	 346	 334	 344	 1	 10	 
 332	 346	 327	 351	 1	 24	 
 332	 346	 327	 351	 1	 24	 
 332	 346	 334	 344	 1	 10	 
 332	 346	 329	 349	 1	 20	 
 332	 346	 334	 344	 1	 10	 
 332	 346	 334	 344	 1	 10	 
 332	 346	 327	 351	 1	 24	 
 332	 346	 330	 348	 1	 18	 
 332	 346	 331	 347	 1	 16	 
 332	 346	 331	 347	 1	 16	 
 332	 346	 325	 353	 1	 28	 
 332	 346	 334	 344	 1	 10	 
 332	 346	 331	 347	 1	 16	 
 332	 346	 329	 349	 1	 20	 
 332	 346	 328	 350	 1	 22	 
 332	 346	 331	 347	 1	 16	 
 332	 346	 328	 350	 1	 22	 
 332	 346	 334	 344	 1	 10	 
 332	 346	 329	 349	 1	 20	 
 332	 346	 334	 344	 1	 10	 
 332	 346	 331	 347	 1	 16	 
 332	 346	 325	 353	 1	 28	 
 332	 346	 334	 344	 1	 10	 
 332	 346	 324	 354	 1	 30	 
 332	 346	 327	 351	 1	 24	 
 332	 346	 333	 345	 1	 12	 
 332	 346	 334	 344	 1	 10	 
 332	 346	 325	 353	 1	 28	 
 332	 346	 328	 350	 1	 22	 
 332	 346	 334	 344	 1	 10	 
 332	 346	 334	 344	 1	 10	 
 332	 346	 334	 344	 1	 10	 
 332	 346	 329	 349	 1	 20	 
 332	 346	 330	 348	 1	 18	 
 332	 346	 330	 348	 1	 18	 
 332	 346	 326	 352	 1	 26	 
 332	 346	 334	 344	 1	 10	 
 332	 346	 334	 344	 1	 10	 
 332	 346	 325	 353	 1	 28	 
 332	 346	 334	 344	 1	 10	 
 332	 346	 329	 349	 1	 20	 
 332	 346	 331	 347	 1	 16	 
 332	 346	 334	 344	 1	 10	 
 332	 346	 330	 348	 1	 18	 
 332	 346	 333	 345	 1	 12	 
 332	 346	 334	 344	 1	 10	 
 332	 346	 333	 345	 1	 12	 
 332	 346	 334	 344	 1	 10	 
 332	 346	 334	 344	 1	 10	 
 332	 346	 331	 347	 1	 16	 
 332	 346	 334	 344	 1	 10	 
 332	 346	 329	 349	 1	 20	 
 332	 346	 331	 347	 1	 16	 
 332	 346	 334	 344	 1	 10	 
 332	 346	 334	 344	 1	 10	 
 332	 346	 334	 344	 1	 10	 
 332	 346	 327	 351	 1	 24	 
 332	 346	 330	 348	 1	 18	 
 332	 346	 334	 344	 1	 10	 
 332	 346	 326	 352	 1	 26	 
 0	 0	 0	 0	 0	 0	 
 0	 0	 0	 0	 0	 0	 
 319	 351	 317	 353	 1	 36	 
 319	 351	 306	 360	 1	 54	 
 319	 351	 330	 340	 1	 10	 
 319	 351	 313	 357	 1	 44	 
 319	 351	 309	 360	 1	 51	 
 319	 351	 328	 342	 1	 14	 
 319	 351	 325	 345	 1	 20	 
 319	 351	 329	 341	 1	 12	 
 319	 351	 309	 360	 1	 51	 
 319	 351	 330	 340	 1	 10	 
 319	 351	 315	 355	 1	 40	 
 319	 351	 328	 342	 1	 14	 
 319	 351	 307	 360	 1	 53	 
 319	 351	 330	 340	 1	 10	 
 319	 351	 328	 342	 1	 14	 
 319	 351	 330	 340	 1	 10	 
 319	 351	 330	 340	 1	 10	 
 319	 351	 305	 360	 1	 55	 
 319	 351	 318	 352	 1	 34	 
 319	 351	 325	 345	 1	 20	 
 319	 351	 314	 356	 1	 42	 
 319	 351	 309	 360	 1	 51	 
 319	 351	 302	 360	 1	 58	 
 319	 351	 308	 360	 1	 52	 
 319	 351	 322	 348	 1	 26	 
 319	 351	 330	 340	 1	 10	 
 319	 351	 324	 346	 1	 22	 
 319	 351	 330	 340	 1	 10	 
 319	 351	 320	 350	 1	 30	 
 319	 351	 330	 340	 1	 10	 
 319	 351	 315	 355	 1	 40	 
 319	 351	 305	 360	 1	 55	 
 319	 351	 330	 340	 1	 10	 
 319	 351	 308	 360	 1	 52	 
 319	 351	 315	 355	 1	 40	 
 319	 351	 314	 356	 1	 42	 
 319	 351	 305	 360	 1	 55	 
 319	 351	 326	 344	 1	 18	 
 319	 351	 303	 360	 1	 57	 
 319	 351	 330	 340	 1	 10	 
 319	 351	 320	 350	 1	 30	 
 319	 351	 302	 360	 1	 58	 
 319	 351	 330	 340	 1	 10	 
 319	 351	 318	 352	 1	 34	 
 319	 351	 327	 343	 1	 16	 
 319	 351	 321	 349	 1	 28	 
 319	 351	 330	 340	 1	 10	 
 319	 351	 327	 343	 1	 16	 
 319	 351	 330	 340	 1	 10	 
 319	 351	 330	 340	 1	 10	 
 319	 351	 309	 360	 1	 51	 
 319	 351	 311	 359	 1	 48	 
 319	 351	 330	 340	 1	 10	 
 319	 351	 312	 358	 1	 46	 
 319	 351	 318	 352	 1	 34	 
 319	 351	 314	 356	 1	 42	 
 319	 351	 330	 340	 1	 10	 
 319	 351	 328	 342	 1	 14	 
 319	 351	 318	 352	 1	 34	 
 319	 351	 307	 360	 1	 53	 
 319	 351	 311	 359	 1	 48	 
 319	 351	 326	 344	 1	 18	 
 319	 351	 325	 345	 1	 20	 
 319	 351	 312	 358	 1	 46	 
 319	 351	 330	 340	 1	 10	 
 319	 351	 330	 340	 1	 10	 
 319	 351	 322	 348	 1	 26	 
 319	 351	 330	 340	 1	 10	 
 319	 351	 322	 348	 1	 26	 
 319	 351	 318	 352	 1	 34	 
 319	 351	 313	 357	 1	 44	 
 319	 351	 330	 340	 1	 10	 
 319	 351	 306	 360	 1	 54	 
 319	 351	 330	 340	 1	 10	 
 319	 351	 329	 341	 1	 12	 
 319	 351	 308	 360	 1	 52	 
 319	 351	 314	 356	 1	 42	 
 319	 351	 311	 359	 1	 48	 
 319	 351	 308	 360	 1	 52	 
 319	 351	 305	 360	 1	 55	 
 319	 351	 328	 342	 1	 14	 
 319	 351	 305	 360	 1	 55	 
 319	 351	 330	 340	 1	 10	 
 319	 351	 320	 350	 1	 30	 
 319	 351	 316	 354	 1	 38	 
 319	 351	 323	 347	 1	 24	 
 319	 351	 305	 360	 1	 55	 
 319	 351	 317	 353	 1	 36	 
 319	 351	 330	 340	 1	 10	 
 319	 351	 330	 340	 1	 10	 
 319	 351	 324	 346	 1	 22	 
 319	 351	 311	 359	 1	 48	 
 319	 351	 329	 341	 1	 12	 
 319	 351	 330	 340	 1	 10	 
 319	 351	 330	 340	 1	 10	 
 319	 351	 330	 340	 1	 10	 
 319	 351	 317	 353	 1	 36	 
 319	 351	 321	 349	 1	 28	 
 319	 351	 329	 341	 1	 12	 
 0	 0	 0	 0	 0	 0	 
 0	 0	 0	 0	 0	 0	 
 337	 360	 344	 353	 0	 9	 
 337	 360	 331	 360	 0	 29	 
 337	 360	 344	 353	 0	 9	 
 337	 360	 328	 360	 0	 32	 
 337	 360	 330	 360	 0	 30	 
 337	 360	 344	 353	 0	 9	 
 337	 360	 340	 357	 0	 17	 
 337	 360	 327	 360	 0	 33	 
 337	 360	 343	 354	 0	 11	 
 337	 360	 343	 354	 0	 11	 
 337	 360	 344	 353	 0	 9	 
 337	 360	 334	 360	 0	 26	 
 337	 360	 329	 360	 0	 31	 
 337	 360	 335	 360	 0	 25	 
 337	 360	 344	 353	 0	 9	 
 337	 360	 338	 359	 0	 21	 
 337	 360	 335	 360	 0	 25	 
 337	 360	 343	 354	 0	 11	 
 337	 360	 330	 360	 0	 30	 
 337	 360	 335	 360	 0	 25	 
 337	 360	 332	 360	 0	 28	 
 337	 360	 344	 353	 0	 9	 
 337	 360	 338	 359	 0	 21	 
 337	 360	 344	 353	 0	 9	 
 337	 360	 344	 353	 0	 9	 
 337	 360	 329	 360	 0	 31	 
 337	 360	 325	 360	 0	 35	 
 337	 360	 343	 354	 0	 11	 
 337	 360	 328	 360	 0	 32	 
 337	 360	 344	 353	 0	 9	 
 337	 360	 331	 360	 0	 29	 
 337	 360	 344	 353	 0	 9	 
 337	 360	 334	 360	 0	 26	 
 337	 360	 343	 354	 0	 11	 
 337	 360	 343	 354	 0	 11	 
 337	 360	 332	 360	 0	 28	 
 337	 360	 325	 360	 0	 35	 
 337	 360	 328	 360	 0	 32	 
 337	 360	 343	 354	 0	 11	 
 337	 360	 331	 360	 0	 29	 
 337	 360	 339	 358	 0	 19	 
 337	 360	 342	 355	 0	 13	 
 337	 360	 331	 360	 0	 29	 
 337	 360	 343	 354	 0	 11	 
 337	 360	 325	 360	 0	 35	 
 337	 360	 338	 359	 0	 21	 
 337	 360	 325	 360	 0	 35	 
 337	 360	 326	 360	 0	 34	 
 337	 360	 327	 360	 0	 33	 
 337	 360	 330	 360	 0	 30	 
 337	 360	 344	 353	 0	 9	 
 337	 360	 335	 360	 0	 25	 
 337	 360	 344	 353	 0	 9	 
 337	 360	 327	 360	 0	 33	 
 337	 360	 330	 360	 0	 30	 
 337	 360	 341	 356	 0	 15	 
 337	 360	 332	 360	 0	 28	 
 337	 360	 343	 354	 0	 11	 
 337	 360	 343	 354	 0	 11	 
 337	 360	 336	 360	 0	 24	 
 337	 360	 327	 360	 0	 33	 
 337	 360	 336	 360	 0	 24	 
 337	 360	 338	 359	 0	 21	 
 337	 360	 330	 360	 0	 30	 
 337	 360	 344	 353	 0	 9	 
 337	 360	 342	 355	 0	 13	 
 337	 360	 325	 360	 0	 35	 
 337	 360	 328	 360	 0	 32	 
 337	 360	 329	 360	 0	 31	 
 337	 360	 331	 360	 0	 29	 
 337	 360	 328	 360	 0	 32	 
 337	 360	 331	 360	 0	 29	 
 337	 360	 334	 360	 0	 26	 
 337	 360	 338	 359	 0	 21	 
 337	 360	 344	 353	 0	 9	 
 337	 360	 331	 360	 0	 29	 
 337	 360	 335	 360	 0	 25	 
 337	 360	 335	 360	 0	 25	 
 337	 360	 330	 360	 0	 30	 
 337	 360	 344	 353	 0	 9	 
 337	 360	 328	 360	 0	 32	 
 337	 360	 325	 360	 0	 35	 
 337	 360	 344	 353	 0	 9	 
 337	 360	 344	 353	 0	 9	 
 337	 360	 328	 360	 0	 32	 
 337	 360	 344	 353	 0	 9	 
 337	 360	 344	 353	 0	 9	 
 337	 360	 334	 360	 0	 26	 
 337	 360	 344	 353	 0	 9	 
 337	 360	 344	 353	 0	 9	 
 337	 360	 330	 360	 0	 30	 
 337	 360	 344	 353	 0	 9	 
 337	 360	 334	 360	 0	 26	 
 337	 360	 344	 353	 0	 9	 
 337	 360	 344	 353	 0	 9	 
 337	 360	 335	 360	 0	 25	 
 337	 360	 344	 353	 0	 9	 
 337	 360	 330	 360	 0	 30	 
 337	 360	 341	 356	 0	 15	 
 0	 0	 0	 0	 0	 0	 
 0	 0	 0	 0	 0	 0	 
 319	 351	 305	 360	 1	 55	 
 319	 351	 330	 340	 1	 10	 
 319	 351	 304	 360	 1	 56	 
 319	 351	 316	 354	 1	 38	 
 319	 351	 321	 349	 1	 28	 
 319	 351	 307	 360	 1	 53	 
 319	 351	 302	 360	 1	 58	 
 319	 351	 316	 354	 1	 38	 
 319	 351	 330	 340	 1	 10	 
 319	 351	 326	 344	 1	 18	 
 319	 351	 305	 360	 1	 55	 
 319	 351	 311	 359	 1	 48	 
 319	 351	 310	 360	 1	 50	 
 319	 351	 310	 360	 1	 50	 
 319	 351	 322	 348	 1	 26	 
 319	 351	 326	 344	 1	 18	 
 319	 351	 326	 344	 1	 18	 
 319	 351	 322	 348	 1	 26	 
 319	 351	 330	 340	 1	 10	 
 319	 351	 314	 356	 1	 42	 
 319	 351	 310	 360	 1	 50	 
 319	 351	 305	 360	 1	 55	 
 319	 351	 321	 349	 1	 28	 
 319	 351	 317	 353	 1	 36	 
 319	 351	 330	 340	 1	 10	 
 319	 351	 311	 359	 1	 48	 
 319	 351	 330	 340	 1	 10	 
 319	 351	 330	 340	 1	 10	 
 319	 351	 308	 360	 1	 52	 
 319	 351	 328	 342	 1	 14	 
 319	 351	 323	 347	 1	 24	 
 319	 351	 320	 350	 1	 30	 
 319	 351	 311	 359	 1	 48	 
 319	 351	 330	 340	 1	 10	 
 319	 351	 326	 344	 1	 18	 
 319	 351	 315	 355	 1	 40	 
 319	 351	 323	 347	 1	 24	 
 319	 351	 329	 341	 1	 12	 
 319	 351	 327	 343	 1	 16	 
 319	 351	 323	 347	 1	 24	 
 319	 351	 302	 360	 1	 58	 
 319	 351	 330	 340	 1	 10	 
 319	 351	 303	 360	 1	 57	 
 319	 351	 308	 360	 1	 52	 
 319	 351	 329	 341	 1	 12	 
 319	 351	 317	 353	 1	 36	 
 319	 351	 324	 346	 1	 22	 
 319	 351	 305	 360	 1	 55	 
 319	 351	 308	 360	 1	 52	 
 319	 351	 322	 348	 1	 26	 
 319	 351	 329	 341	 1	 12	 
 319	 351	 329	 341	 1	 12	 
 319	 351	 311	 359	 1	 48	 
 319	 351	 330	 340	 1	 10	 
 319	 351	 330	 340	 1	 10	 
 319	 351	 329	 341	 1	 12	 
 319	 351	 321	 349	 1	 28	 
 319	 351	 324	 346	 1	 22	 
 319	 351	 310	 360	 1	 50	 
 319	 351	 312	 358	 1	 46	 
 319	 351	 316	 354	 1	 38	 
 319	 351	 330	 340	 1	 10	 
 319	 351	 321	 349	 1	 28	 
 319	 351	 304	 360	 1	 56	 
 319	 351	 330	 340	 1	 10	 
 319	 351	 330	 340	 1	 10	 
 319	 351	 315	 355	 1	 40	 
 319	 351	 314	 356	 1	 42	 
 319	 351	 330	 340	 1	 10	 
 319	 351	 307	 360	 1	 53	 
 319	 351	 325	 345	 1	 20	 
 319	 351	 308	 360	 1	 52	 
 319	 351	 330	 340	 1	 10	 
 319	 351	 318	 352	 1	 34	 
 319	 351	 312	 358	 1	 46	 
 319	 351	 330	 340	 1	 10	 
 319	 351	 330	 340	 1	 10	 
 319	 351	 317	 353	 1	 36	 
 319	 351	 330	 340	 1	 10	 
 319	 351	 306	 360	 1	 54	 
 319	 351	 330	 340	 1	 10	 
 319	 351	 306	 360	 1	 54	 
 319	 351	 308	 360	 1	 52	 
 319	 351	 304	 360	 1	 56	 
 319	 351	 318	 352	 1	 34	 
 319	 351	 309	 360	 1	 51	 
 319	 351	 330	 340	 1	 10	 
 319	 351	 308	 360	 1	 52	 
 319	 351	 312	 358	 1	 46	 
 319	 351	 330	 340	 1	 10	 
 319	 351	 307	 360	 1	 53	 
 319	 351	 318	 352	 1	 34	 
 319	 351	 323	 347	 1	 24	 
 319	 351	 313	 357	 1	 44	 
 319	 351	 321	 349	 1	 28	 
 319	 351	 325	 345	 1	 20	 
 319	 351	 330	 340	 1	 10	 
 319	 351	 314	 356	 1	 42	 
 319	 351	 324	 346	 1	 22	 
 0	 0	 0	 0	 0	 0	 
 0	 0	 0	 0	 0	 0	 
 319	 351	 302	 360	 1	 58	 
 319	 351	 316	 354	 1	 38	 
 319	 351	 303	 360	 1	 57	 
 319	 351	 322	 348	 1	 26	 
 319	 351	 320	 350	 1	 30	 
 319	 351	 330	 340	 1	 10	 
 319	 351	 329	 341	 1	 12	 
 319	 351	 310	 360	 1	 50	 
 319	 351	 311	 359	 1	 48	 
 319	 351	 317	 353	 1	 36	 
 319	 351	 309	 360	 1	 51	 
 319	 351	 302	 360	 1	 58	 
 319	 351	 318	 352	 1	 34	 
 319	 351	 330	 340	 1	 10	 
 319	 351	 325	 345	 1	 20	 
 319	 351	 313	 357	 1	 44	 
 319	 351	 318	 352	 1	 34	 
 319	 351	 318	 352	 1	 34	 
 319	 351	 322	 348	 1	 26	 
 319	 351	 323	 347	 1	 24	 
 319	 351	 314	 356	 1	 42	 
 319	 351	 309	 360	 1	 51	 
 319	 351	 330	 340	 1	 10	 
 319	 351	 324	 346	 1	 22	 
 319	 351	 327	 343	 1	 16	 
 319	 351	 302	 360	 1	 58	 
 319	 351	 330	 340	 1	 10	 
 319	 351	 328	 342	 1	 14	 
 319	 351	 330	 340	 1	 10	 
 319	 351	 325	 345	 1	 20	 
 319	 351	 324	 346	 1	 22	 
 319	 351	 312	 358	 1	 46	 
 319	 351	 311	 359	 1	 48	 
 319	 351	 315	 355	 1	 40	 
 319	 351	 330	 340	 1	 10	 
 319	 351	 312	 358	 1	 46	 
 319	 351	 308	 360	 1	 52	 
 319	 351	 330	 340	 1	 10	 
 319	 351	 327	 343	 1	 16	 
 319	 351	 330	 340	 1	 10	 
 319	 351	 324	 346	 1	 22	 
 319	 351	 317	 353	 1	 36	 
 319	 351	 330	 340	 1	 10	 
 319	 351	 316	 354	 1	 38	 
 319	 351	 314	 356	 1	 42	 
 319	 351	 318	 352	 1	 34	 
 319	 351	 325	 345	 1	 20	 
 319	 351	 314	 356	 1	 42	 
 319	 351	 306	 360	 1	 54	 
 319	 351	 311	 359	 1	 48	 
 319	 351	 323	 347	 1	 24	 
 319	 351	 330	 340	 1	 10	 
 319	 351	 305	 360	 1	 55	 
 319	 351	 330	 340	 1	 10	 
 319	 351	 305	 360	 1	 55	 
 319	 351	 330	 340	 1	 10	 
 319	 351	 315	 355	 1	 40	 
 319	 351	 322	 348	 1	 26	 
 319	 351	 320	 350	 1	 30	 
 319	 351	 325	 345	 1	 20	 
 319	 351	 317	 353	 1	 36	 
 319	 351	 306	 360	 1	 54	 
 319	 351	 330	 340	 1	 10	 
 319	 351	 303	 360	 1	 57	 
 319	 351	 310	 360	 1	 50	 
 319	 351	 307	 360	 1	 53	 
 319	 351	 328	 342	 1	 14	 
 319	 351	 320	 350	 1	 30	 
 319	 351	 330	 340	 1	 10	 
 319	 351	 326	 344	 1	 18	 
 319	 351	 320	 350	 1	 30	 
 319	 351	 330	 340	 1	 10	 
 319	 351	 313	 357	 1	 44	 
 319	 351	 310	 360	 1	 50	 
 319	 351	 304	 360	 1	 56	 
 319	 351	 312	 358	 1	 46	 
 319	 351	 330	 340	 1	 10	 
 319	 351	 305	 360	 1	 55	 
 319	 351	 330	 340	 1	 10	 
 319	 351	 310	 360	 1	 50	 
 319	 351	 306	 360	 1	 54	 
 319	 351	 327	 343	 1	 16	 
 319	 351	 305	 360	 1	 55	 
 319	 351	 322	 348	 1	 26	 
 319	 351	 305	 360	 1	 55	 
 319	 351	 311	 359	 1	 48	 
 319	 351	 304	 360	 1	 56	 
 319	 351	 304	 360	 1	 56	 
 319	 351	 317	 353	 1	 36	 
 319	 351	 309	 360	 1	 51	 
 319	 351	 314	 356	 1	 42	 
 319	 351	 318	 352	 1	 34	 
 319	 351	 325	 345	 1	 20	 
 319	 351	 324	 346	 1	 22	 
 319	 351	 308	 360	 1	 52	 
 319	 351	 318	 352	 1	 34	 
 319	 351	 330	 340	 1	 10	 
 319	 351	 313	 357	 1	 44	 
 319	 351	 316	 354	 1	 38	 
 0	 0	 0	 0	 0	 0	 
 0	 0	 0	 0	 0	 0	 
 319	 351	 313	 357	 1	 44	 
 319	 351	 310	 360	 1	 50	 
 319	 351	 329	 341	 1	 12	 
 319	 351	 306	 360	 1	 54	 
 319	 351	 330	 340	 1	 10	 
 319	 351	 321	 349	 1	 28	 
 319	 351	 308	 360	 1	 52	 
 319	 351	 304	 360	 1	 56	 
 319	 351	 329	 341	 1	 12	 
 319	 351	 330	 340	 1	 10	 
 319	 351	 308	 360	 1	 52	 
 319	 351	 306	 360	 1	 54	 
 319	 351	 307	 360	 1	 53	 
 319	 351	 311	 359	 1	 48	 
 319	 351	 312	 358	 1	 46	 
 319	 351	 326	 344	 1	 18	 
 319	 351	 304	 360	 1	 56	 
 319	 351	 327	 343	 1	 16	 
 319	 351	 323	 347	 1	 24	 
 319	 351	 316	 354	 1	 38	 
 319	 351	 326	 344	 1	 18	 
 319	 351	 320	 350	 1	 30	 
 319	 351	 315	 355	 1	 40	 
 319	 351	 310	 360	 1	 50	 
 319	 351	 307	 360	 1	 53	 
 319	 351	 313	 357	 1	 44	 
 319	 351	 329	 341	 1	 12	 
 319	 351	 306	 360	 1	 54	 
 319	 351	 330	 340	 1	 10	 
 319	 351	 330	 340	 1	 10	 
 319	 351	 330	 340	 1	 10	 
 319	 351	 318	 352	 1	 34	 
 319	 351	 313	 357	 1	 44	 
 319	 351	 314	 356	 1	 42	 
 319	 351	 330	 340	 1	 10	 
 319	 351	 303	 360	 1	 57	 
 319	 351	 329	 341	 1	 12	 
 319	 351	 326	 344	 1	 18	 
 319	 351	 329	 341	 1	 12	 
 319	 351	 330	 340	 1	 10	 
 319	 351	 306	 360	 1	 54	 
 319	 351	 322	 348	 1	 26	 
 319	 351	 330	 340	 1	 10	 
 319	 351	 322	 348	 1	 26	 
 319	 351	 317	 353	 1	 36	 
 319	 351	 330	 340	 1	 10	 
 319	 351	 310	 360	 1	 50	 
 319	 351	 314	 356	 1	 42	 
 319	 351	 308	 360	 1	 52	 
 319	 351	 310	 360	 1	 50	 
 319	 351	 314	 356	 1	 42	 
 319	 351	 330	 340	 1	 10	 
 319	 351	 330	 340	 1	 10	 
 319	 351	 320	 350	 1	 30	 
 319	 351	 327	 343	 1	 16	 
 319	 351	 310	 360	 1	 50	 
 319	 351	 330	 340	 1	 10	 
 319	 351	 316	 354	 1	 38	 
 319	 351	 324	 346	 1	 22	 
 319	 351	 321	 349	 1	 28	 
 319	 351	 302	 360	 1	 58	 
 319	 351	 328	 342	 1	 14	 
 319	 351	 330	 340	 1	 10	 
 319	 351	 330	 340	 1	 10	 
 319	 351	 330	 340	 1	 10	 
 319	 351	 330	 340	 1	 10	 
 319	 351	 307	 360	 1	 53	 
 319	 351	 312	 358	 1	 46	 
 319	 351	 307	 360	 1	 53	 
 319	 351	 311	 359	 1	 48	 
 319	 351	 329	 341	 1	 12	 
 319	 351	 325	 345	 1	 20	 
 319	 351	 321	 349	 1	 28	 
 319	 351	 303	 360	 1	 57	 
 319	 351	 320	 350	 1	 30	 
 319	 351	 324	 346	 1	 22	 
 319	 351	 330	 340	 1	 10	 
 319	 351	 316	 354	 1	 38	 
 319	 351	 311	 359	 1	 48	 
 319	 351	 330	 340	 1	 10	 
 319	 351	 326	 344	 1	 18	 
 319	 351	 330	 340	 1	 10	 
 319	 351	 308	 360	 1	 52	 
 319	 351	 328	 342	 1	 14	 
 319	 351	 322	 348	 1	 26	 
 319	 351	 330	 340	 1	 10	 
 319	 351	 330	 340	 1	 10	 
 319	 351	 311	 359	 1	 48	 
 319	 351	 330	 340	 1	 10	 
 319	 351	 327	 343	 1	 16	 
 319	 351	 326	 344	 1	 18	 
 319	 351	 313	 357	 1	 44	 
 319	 351	 328	 342	 1	 14	 
 319	 351	 315	 355	 1	 40	 
 319	 351	 317	 353	 1	 36	 
 319	 351	 324	 346	 1	 22	 
 319	 351	 308	 360	 1	 52	 
 319	 351	 321	 349	 1	 28	 
 319	 351	 310	 360	 1	 50	 
 0	 0	 0	 0	 0	 0	 
 0	 0	 0	 0	 0	 0	 
 319	 353	 303	 360	 1	 57	 
 319	 353	 331	 341	 1	 10	 
 319	 353	 314	 358	 1	 44	 
 319	 353	 331	 341	 1	 10	 
 319	 353	 331	 341	 1	 10	 
 319	 353	 302	 360	 1	 58	 
 319	 353	 331	 341	 1	 10	 
 319	 353	 314	 358	 1	 44	 
 319	 353	 322	 350	 1	 28	 
 319	 353	 320	 352	 1	 32	 
 319	 353	 322	 350	 1	 28	 
 319	 353	 303	 360	 1	 57	 
 319	 353	 328	 344	 1	 16	 
 319	 353	 331	 341	 1	 10	 
 319	 353	 315	 357	 1	 42	 
 319	 353	 316	 356	 1	 40	 
 319	 353	 309	 360	 1	 51	 
 319	 353	 322	 350	 1	 28	 
 319	 353	 327	 345	 1	 18	 
 319	 353	 317	 355	 1	 38	 
 319	 353	 312	 360	 1	 48	 
 319	 353	 306	 360	 1	 54	 
 319	 353	 331	 341	 1	 10	 
 319	 353	 313	 359	 1	 46	 
 319	 353	 329	 343	 1	 14	 
 319	 353	 302	 360	 1	 58	 
 319	 353	 321	 351	 1	 30	 
 319	 353	 312	 360	 1	 48	 
 319	 353	 328	 344	 1	 16	 
 319	 353	 302	 360	 1	 58	 
 319	 353	 306	 360	 1	 54	 
 319	 353	 309	 360	 1	 51	 
 319	 353	 307	 360	 1	 53	 
 319	 353	 331	 341	 1	 10	 
 319	 353	 307	 360	 1	 53	 
 319	 353	 322	 350	 1	 28	 
 319	 353	 331	 341	 1	 10	 
 319	 353	 320	 352	 1	 32	 
 319	 353	 321	 351	 1	 30	 
 319	 353	 303	 360	 1	 57	 
 319	 353	 330	 342	 1	 12	 
 319	 353	 317	 355	 1	 38	 
 319	 353	 328	 344	 1	 16	 
 319	 353	 331	 341	 1	 10	 
 319	 353	 326	 346	 1	 20	 
 319	 353	 317	 355	 1	 38	 
 319	 353	 312	 360	 1	 48	 
 319	 353	 303	 360	 1	 57	 
 319	 353	 326	 346	 1	 20	 
 319	 353	 326	 346	 1	 20	 
 319	 353	 323	 349	 1	 26	 
 319	 353	 302	 360	 1	 58	 
 319	 353	 314	 358	 1	 44	 
 319	 353	 322	 350	 1	 28	 
 319	 353	 325	 347	 1	 22	 
 319	 353	 325	 347	 1	 22	 
 319	 353	 331	 341	 1	 10	 
 319	 353	 311	 360	 1	 49	 
 319	 353	 303	 360	 1	 57	 
 319	 353	 331	 341	 1	 10	 
 319	 353	 318	 354	 1	 36	 
 319	 353	 331	 341	 1	 10	 
 319	 353	 331	 341	 1	 10	 
 319	 353	 316	 356	 1	 40	 
 319	 353	 317	 355	 1	 38	 
 319	 353	 324	 348	 1	 24	 
 319	 353	 331	 341	 1	 10	 
 319	 353	 330	 342	 1	 12	 
 319	 353	 324	 348	 1	 24	 
 319	 353	 308	 360	 1	 52	 
 319	 353	 329	 343	 1	 14	 
 319	 353	 331	 341	 1	 10	 
 319	 353	 309	 360	 1	 51	 
 319	 353	 307	 360	 1	 53	 
 319	 353	 304	 360	 1	 56	 
 319	 353	 318	 354	 1	 36	 
 319	 353	 326	 346	 1	 20	 
 319	 353	 309	 360	 1	 51	 
 319	 353	 326	 346	 1	 20	 
 319	 353	 331	 341	 1	 10	 
 319	 353	 325	 347	 1	 22	 
 319	 353	 326	 346	 1	 20	 
 319	 353	 330	 342	 1	 12	 
 319	 353	 331	 341	 1	 10	 
 319	 353	 331	 341	 1	 10	 
 319	 353	 306	 360	 1	 54	 
 319	 353	 331	 341	 1	 10	 
 319	 353	 316	 356	 1	 40	 
 319	 353	 331	 341	 1	 10	 
 319	 353	 306	 360	 1	 54	 
 319	 353	 329	 343	 1	 14	 
 319	 353	 314	 358	 1	 44	 
 319	 353	 321	 351	 1	 30	 
 319	 353	 318	 354	 1	 36	 
 319	 353	 328	 344	 1	 16	 
 319	 353	 322	 350	 1	 28	 
 319	 353	 310	 360	 1	 50	 
 319	 353	 331	 341	 1	 10	 
 319	 353	 303	 360	 1	 57	 
 0	 0	 0	 0	 0	 0	 
 0	 0	 0	 0	 0	 0	 
 319	 351	 320	 350	 1	 30	 
 319	 351	 316	 354	 1	 38	 
 319	 351	 326	 344	 1	 18	 
 319	 351	 326	 344	 1	 18	 
 319	 351	 309	 360	 1	 51	 
 319	 351	 330	 340	 1	 10	 
 319	 351	 325	 345	 1	 20	 
 319	 351	 330	 340	 1	 10	 
 319	 351	 315	 355	 1	 40	 
 319	 351	 306	 360	 1	 54	 
 319	 351	 317	 353	 1	 36	 
 319	 351	 321	 349	 1	 28	 
 319	 351	 330	 340	 1	 10	 
 319	 351	 330	 340	 1	 10	 
 319	 351	 328	 342	 1	 14	 
 319	 351	 330	 340	 1	 10	 
 319	 351	 320	 350	 1	 30	 
 319	 351	 330	 340	 1	 10	 
 319	 351	 307	 360	 1	 53	 
 319	 351	 330	 340	 1	 10	 
 319	 351	 316	 354	 1	 38	 
 319	 351	 313	 357	 1	 44	 
 319	 351	 308	 360	 1	 52	 
 319	 351	 309	 360	 1	 51	 
 319	 351	 314	 356	 1	 42	 
 319	 351	 330	 340	 1	 10	 
 319	 351	 312	 358	 1	 46	 
 319	 351	 302	 360	 1	 58	 
 319	 351	 311	 359	 1	 48	 
 319	 351	 328	 342	 1	 14	 
 319	 351	 310	 360	 1	 50	 
 319	 351	 302	 360	 1	 58	 
 319	 351	 318	 352	 1	 34	 
 319	 351	 317	 353	 1	 36	 
 319	 351	 315	 355	 1	 40	 
 319	 351	 304	 360	 1	 56	 
 319	 351	 304	 360	 1	 56	 
 319	 351	 314	 356	 1	 42	 
 319	 351	 311	 359	 1	 48	 
 319	 351	 304	 360	 1	 56	 
 319	 351	 306	 360	 1	 54	 
 319	 351	 330	 340	 1	 10	 
 319	 351	 318	 352	 1	 34	 
 319	 351	 313	 357	 1	 44	 
 319	 351	 327	 343	 1	 16	 
 319	 351	 322	 348	 1	 26	 
 319	 351	 325	 345	 1	 20	 
 319	 351	 305	 360	 1	 55	 
 319	 351	 307	 360	 1	 53	 
 319	 351	 318	 352	 1	 34	 
 319	 351	 318	 352	 1	 34	 
 319	 351	 318	 352	 1	 34	 
 319	 351	 306	 360	 1	 54	 
 319	 351	 330	 340	 1	 10	 
 319	 351	 313	 357	 1	 44	 
 319	 351	 325	 345	 1	 20	 
 319	 351	 308	 360	 1	 52	 
 319	 351	 313	 357	 1	 44	 
 319	 351	 307	 360	 1	 53	 
 319	 351	 330	 340	 1	 10	 
 319	 351	 305	 360	 1	 55	 
 319	 351	 310	 360	 1	 50	 
 319	 351	 307	 360	 1	 53	 
 319	 351	 312	 358	 1	 46	 
 319	 351	 330	 340	 1	 10	 
 319	 351	 329	 341	 1	 12	 
 319	 351	 305	 360	 1	 55	 
 319	 351	 330	 340	 1	 10	 
 319	 351	 315	 355	 1	 40	 
 319	 351	 326	 344	 1	 18	 
 319	 351	 330	 340	 1	 10	 
 319	 351	 321	 349	 1	 28	 
 319	 351	 328	 342	 1	 14	 
 319	 351	 304	 360	 1	 56	 
 319	 351	 325	 345	 1	 20	 
 319	 351	 320	 350	 1	 30	 
 319	 351	 308	 360	 1	 52	 
 319	 351	 306	 360	 1	 54	 
 319	 351	 308	 360	 1	 52	 
 319	 351	 330	 340	 1	 10	 
 319	 351	 305	 360	 1	 55	 
 319	 351	 325	 345	 1	 20	 
 319	 351	 309	 360	 1	 51	 
 319	 351	 312	 358	 1	 46	 
 319	 351	 307	 360	 1	 53	 
 319	 351	 330	 340	 1	 10	 
 319	 351	 312	 358	 1	 46	 
 319	 351	 330	 340	 1	 10	 
 319	 351	 316	 354	 1	 38	 
 319	 351	 318	 352	 1	 34	 
 319	 351	 330	 340	 1	 10	 
 319	 351	 330	 340	 1	 10	 
 319	 351	 303	 360	 1	 57	 
 319	 351	 312	 358	 1	 46	 
 319	 351	 321	 349	 1	 28	 
 319	 351	 303	 360	 1	 57	 
 319	 351	 310	 360	 1	 50	 
 319	 351	 311	 359	 1	 48	 
 319	 351	 321	 349	 1	 28	 
 0	 0	 0	 0	 0	 0	 
 0	 0	 0	 0	 0	 0	 
 345	 360	 348	 357	 1	 9	 
 345	 360	 340	 360	 1	 20	 
 345	 360	 347	 358	 1	 11	 
 345	 360	 348	 357	 1	 9	 
 345	 360	 342	 360	 1	 18	 
 345	 360	 344	 360	 1	 16	 
 345	 360	 348	 357	 1	 9	 
 345	 360	 342	 360	 1	 18	 
 345	 360	 348	 357	 1	 9	 
 345	 360	 346	 359	 1	 13	 
 345	 360	 347	 358	 1	 11	 
 345	 360	 340	 360	 1	 20	 
 345	 360	 348	 357	 1	 9	 
 345	 360	 337	 360	 1	 23	 
 345	 360	 338	 360	 1	 22	 
 345	 360	 341	 360	 1	 19	 
 345	 360	 344	 360	 1	 16	 
 345	 360	 343	 360	 1	 17	 
 345	 360	 348	 357	 1	 9	 
 345	 360	 341	 360	 1	 19	 
 345	 360	 337	 360	 1	 23	 
 345	 360	 348	 357	 1	 9	 
 345	 360	 348	 357	 1	 9	 
 345	 360	 346	 359	 1	 13	 
 345	 360	 341	 360	 1	 19	 
 345	 360	 337	 360	 1	 23	 
 345	 360	 343	 360	 1	 17	 
 345	 360	 344	 360	 1	 16	 
 345	 360	 348	 357	 1	 9	 
 345	 360	 346	 359	 1	 13	 
 345	 360	 337	 360	 1	 23	 
 345	 360	 337	 360	 1	 23	 
 345	 360	 338	 360	 1	 22	 
 345	 360	 348	 357	 1	 9	 
 345	 360	 344	 360	 1	 16	 
 345	 360	 348	 357	 1	 9	 
 345	 360	 339	 360	 1	 21	 
 345	 360	 344	 360	 1	 16	 
 345	 360	 346	 359	 1	 13	 
 345	 360	 344	 360	 1	 16	 
 345	 360	 348	 357	 1	 9	 
 345	 360	 348	 357	 1	 9	 
 345	 360	 337	 360	 1	 23	 
 345	 360	 348	 357	 1	 9	 
 345	 360	 338	 360	 1	 22	 
 345	 360	 348	 357	 1	 9	 
 345	 360	 348	 357	 1	 9	 
 345	 360	 344	 360	 1	 16	 
 345	 360	 348	 357	 1	 9	 
 345	 360	 347	 358	 1	 11	 
 345	 360	 337	 360	 1	 23	 
 345	 360	 348	 357	 1	 9	 
 345	 360	 348	 357	 1	 9	 
 345	 360	 348	 357	 1	 9	 
 345	 360	 346	 359	 1	 13	 
 345	 360	 340	 360	 1	 20	 
 345	 360	 346	 359	 1	 13	 
 345	 360	 348	 357	 1	 9	 
 345	 360	 338	 360	 1	 22	 
 345	 360	 339	 360	 1	 21	 
 345	 360	 337	 360	 1	 23	 
 345	 360	 343	 360	 1	 17	 
 345	 360	 343	 360	 1	 17	 
 345	 360	 340	 360	 1	 20	 
 345	 360	 348	 357	 1	 9	 
 345	 360	 348	 357	 1	 9	 
 345	 360	 348	 357	 1	 9	 
 345	 360	 341	 360	 1	 19	 
 345	 360	 348	 357	 1	 9	 
 345	 360	 342	 360	 1	 18	 
 345	 360	 342	 360	 1	 18	 
 345	 360	 339	 360	 1	 21	 
 345	 360	 346	 359	 1	 13	 
 345	 360	 344	 360	 1	 16	 
 345	 360	 341	 360	 1	 19	 
 345	 360	 348	 357	 1	 9	 
 345	 360	 348	 357	 1	 9	 
 345	 360	 346	 359	 1	 13	 
 345	 360	 348	 357	 1	 9	 
 345	 360	 337	 360	 1	 23	 
 345	 360	 337	 360	 1	 23	 
 345	 360	 348	 357	 1	 9	 
 345	 360	 347	 358	 1	 11	 
 345	 360	 347	 358	 1	 11	 
 345	 360	 348	 357	 1	 9	 
 345	 360	 338	 360	 1	 22	 
 345	 360	 339	 360	 1	 21	 
 345	 360	 341	 360	 1	 19	 
 345	 360	 348	 357	 1	 9	 
 345	 360	 339	 360	 1	 21	 
 345	 360	 344	 360	 1	 16	 
 345	 360	 337	 360	 1	 23	 
 345	 360	 338	 360	 1	 22	 
 345	 360	 337	 360	 1	 23	 
 345	 360	 339	 360	 1	 21	 
 345	 360	 346	 359	 1	 13	 
 345	 360	 348	 357	 1	 9	 
 345	 360	 338	 360	 1	 22	 
 345	 360	 344	 360	 1	 16	 
 0	 0	 0	 0	 0	 0	 
 0	 0	 0	 0	 0	 0	 
 319	 351	 316	 354	 1	 38	 
 319	 351	 310	 360	 1	 50	 
 319	 351	 330	 340	 1	 10	 
 319	 351	 327	 343	 1	 16	 
 319	 351	 325	 345	 1	 20	 
 319	 351	 330	 340	 1	 10	 
 319	 351	 306	 360	 1	 54	 
 319	 351	 302	 360	 1	 58	 
 319	 351	 327	 343	 1	 16	 
 319	 351	 330	 340	 1	 10	 
 319	 351	 311	 359	 1	 48	 
 319	 351	 306	 360	 1	 54	 
 319	 351	 322	 348	 1	 26	 
 319	 351	 326	 344	 1	 18	 
 319	 351	 314	 356	 1	 42	 
 319	 351	 311	 359	 1	 48	 
 319	 351	 307	 360	 1	 53	 
 319	 351	 303	 360	 1	 57	 
 319	 351	 320	 350	 1	 30	 
 319	 351	 311	 359	 1	 48	 
 319	 351	 313	 357	 1	 44	 
 319	 351	 330	 340	 1	 10	 
 319	 351	 330	 340	 1	 10	 
 319	 351	 304	 360	 1	 56	 
 319	 351	 312	 358	 1	 46	 
 319	 351	 312	 358	 1	 46	 
 319	 351	 308	 360	 1	 52	 
 319	 351	 310	 360	 1	 50	 
 319	 351	 307	 360	 1	 53	 
 319	 351	 330	 340	 1	 10	 
 319	 351	 330	 340	 1	 10	 
 319	 351	 330	 340	 1	 10	 
 319	 351	 305	 360	 1	 55	 
 319	 351	 323	 347	 1	 24	 
 319	 351	 311	 359	 1	 48	 
 319	 351	 306	 360	 1	 54	 
 319	 351	 320	 350	 1	 30	 
 319	 351	 326	 344	 1	 18	 
 319	 351	 316	 354	 1	 38	 
 319	 351	 320	 350	 1	 30	 
 319	 351	 302	 360	 1	 58	 
 319	 351	 320	 350	 1	 30	 
 319	 351	 328	 342	 1	 14	 
 319	 351	 310	 360	 1	 50	 
 319	 351	 305	 360	 1	 55	 
 319	 351	 317	 353	 1	 36	 
 319	 351	 330	 340	 1	 10	 
 319	 351	 311	 359	 1	 48	 
 319	 351	 327	 343	 1	 16	 
 319	 351	 307	 360	 1	 53	 
 319	 351	 310	 360	 1	 50	 
 319	 351	 311	 359	 1	 48	 
 319	 351	 305	 360	 1	 55	 
 319	 351	 330	 340	 1	 10	 
 319	 351	 330	 340	 1	 10	 
 319	 351	 305	 360	 1	 55	 
 319	 351	 326	 344	 1	 18	 
 319	 351	 313	 357	 1	 44	 
 319	 351	 310	 360	 1	 50	 
 319	 351	 329	 341	 1	 12	 
 319	 351	 320	 350	 1	 30	 
 319	 351	 330	 340	 1	 10	 
 319	 351	 330	 340	 1	 10	 
 319	 351	 330	 340	 1	 10	 
 319	 351	 302	 360	 1	 58	 
 319	 351	 328	 342	 1	 14	 
 319	 351	 317	 353	 1	 36	 
 319	 351	 314	 356	 1	 42	 
 319	 351	 311	 359	 1	 48	 
 319	 351	 330	 340	 1	 10	 
 319	 351	 305	 360	 1	 55	 
 319	 351	 307	 360	 1	 53	 
 319	 351	 305	 360	 1	 55	 
 319	 351	 316	 354	 1	 38	 
 319	 351	 322	 348	 1	 26	 
 319	 351	 330	 340	 1	 10	 
 319	 351	 330	 340	 1	 10	 
 319	 351	 330	 340	 1	 10	 
 319	 351	 313	 357	 1	 44	 
 319	 351	 330	 340	 1	 10	 
 319	 351	 329	 341	 1	 12	 
 319	 351	 311	 359	 1	 48	 
 319	 351	 311	 359	 1	 48	 
 319	 351	 324	 346	 1	 22	 
 319	 351	 309	 360	 1	 51	 
 319	 351	 313	 357	 1	 44	 
 319	 351	 324	 346	 1	 22	 
 319	 351	 318	 352	 1	 34	 
 319	 351	 308	 360	 1	 52	 
 319	 351	 306	 360	 1	 54	 
 319	 351	 330	 340	 1	 10	 
 319	 351	 321	 349	 1	 28	 
 319	 351	 302	 360	 1	 58	 
 319	 351	 330	 340	 1	 10	 
 319	 351	 325	 345	 1	 20	 
 319	 351	 320	 350	 1	 30	 
 319	 351	 306	 360	 1	 54	 
 319	 351	 330	 340	 1	 10	 
 319	 351	 306	 360	 1	 54	 
 0	 0	 0	 0	 0	 0	 
 0	 0	 0	 0	 0	 0	 
 321	 359	 329	 351	 1	 22	 
 321	 359	 333	 347	 1	 14	 
 321	 359	 329	 351	 1	 22	 
 321	 359	 316	 360	 1	 44	 
 321	 359	 307	 360	 1	 53	 
 321	 359	 304	 360	 1	 56	 
 321	 359	 328	 352	 1	 24	 
 321	 359	 303	 360	 1	 57	 
 321	 359	 307	 360	 1	 53	 
 321	 359	 317	 360	 1	 43	 
 321	 359	 310	 360	 1	 50	 
 321	 359	 302	 360	 1	 58	 
 321	 359	 319	 360	 1	 41	 
 321	 359	 312	 360	 1	 48	 
 321	 359	 307	 360	 1	 53	 
 321	 359	 301	 360	 1	 59	 
 321	 359	 313	 360	 1	 47	 
 321	 359	 317	 360	 1	 43	 
 321	 359	 323	 357	 1	 34	 
 321	 359	 308	 360	 1	 52	 
 321	 359	 303	 360	 1	 57	 
 321	 359	 335	 345	 1	 10	 
 321	 359	 308	 360	 1	 52	 
 321	 359	 323	 357	 1	 34	 
 321	 359	 304	 360	 1	 56	 
 321	 359	 322	 358	 1	 36	 
 321	 359	 328	 352	 1	 24	 
 321	 359	 331	 349	 1	 18	 
 321	 359	 334	 346	 1	 12	 
 321	 359	 328	 352	 1	 24	 
 321	 359	 310	 360	 1	 50	 
 321	 359	 320	 360	 1	 40	 
 321	 359	 323	 357	 1	 34	 
 321	 359	 312	 360	 1	 48	 
 321	 359	 329	 351	 1	 22	 
 321	 359	 310	 360	 1	 50	 
 321	 359	 315	 360	 1	 45	 
 321	 359	 328	 352	 1	 24	 
 321	 359	 301	 360	 1	 59	 
 321	 359	 326	 354	 1	 28	 
 321	 359	 332	 348	 1	 16	 
 321	 359	 317	 360	 1	 43	 
 321	 359	 322	 358	 1	 36	 
 321	 359	 314	 360	 1	 46	 
 321	 359	 308	 360	 1	 52	 
 321	 359	 313	 360	 1	 47	 
 321	 359	 309	 360	 1	 51	 
 321	 359	 312	 360	 1	 48	 
 321	 359	 322	 358	 1	 36	 
 321	 359	 311	 360	 1	 49	 
 321	 359	 324	 356	 1	 32	 
 321	 359	 326	 354	 1	 28	 
 321	 359	 303	 360	 1	 57	 
 321	 359	 335	 345	 1	 10	 
 321	 359	 326	 354	 1	 28	 
 321	 359	 327	 353	 1	 26	 
 321	 359	 334	 346	 1	 12	 
 321	 359	 323	 357	 1	 34	 
 321	 359	 304	 360	 1	 56	 
 321	 359	 310	 360	 1	 50	 
 321	 359	 322	 358	 1	 36	 
 321	 359	 325	 355	 1	 30	 
 321	 359	 315	 360	 1	 45	 
 321	 359	 335	 345	 1	 10	 
 321	 359	 307	 360	 1	 53	 
 321	 359	 324	 356	 1	 32	 
 321	 359	 324	 356	 1	 32	 
 321	 359	 335	 345	 1	 10	 
 321	 359	 335	 345	 1	 10	 
 321	 359	 316	 360	 1	 44	 
 321	 359	 322	 358	 1	 36	 
 321	 359	 306	 360	 1	 54	 
 321	 359	 313	 360	 1	 47	 
 321	 359	 319	 360	 1	 41	 
 321	 359	 327	 353	 1	 26	 
 321	 359	 334	 346	 1	 12	 
 321	 359	 319	 360	 1	 41	 
 321	 359	 316	 360	 1	 44	 
 321	 359	 335	 345	 1	 10	 
 321	 359	 301	 360	 1	 59	 
 321	 359	 335	 345	 1	 10	 
 321	 359	 315	 360	 1	 45	 
 321	 359	 335	 345	 1	 10	 
 321	 359	 314	 360	 1	 46	 
 321	 359	 334	 346	 1	 12	 
 321	 359	 316	 360	 1	 44	 
 321	 359	 331	 349	 1	 18	 
 321	 359	 311	 360	 1	 49	 
 321	 359	 311	 360	 1	 49	 
 321	 359	 314	 360	 1	 46	 
 321	 359	 332	 348	 1	 16	 
 321	 359	 303	 360	 1	 57	 
 321	 359	 315	 360	 1	 45	 
 321	 359	 304	 360	 1	 56	 
 321	 359	 319	 360	 1	 41	 
 321	 359	 303	 360	 1	 57	 
 321	 359	 335	 345	 1	 10	 
 321	 359	 335	 345	 1	 10	 
 321	 359	 335	 345	 1	 10	 
 0	 0	 0	 0	 0	 0	 
 0	 0	 0	 0	 0	 0	 
 319	 351	 330	 340	 1	 10	 
 319	 351	 315	 355	 1	 40	 
 319	 351	 303	 360	 1	 57	 
 319	 351	 325	 345	 1	 20	 
 319	 351	 330	 340	 1	 10	 
 319	 351	 329	 341	 1	 12	 
 319	 351	 311	 359	 1	 48	 
 319	 351	 323	 347	 1	 24	 
 319	 351	 330	 340	 1	 10	 
 319	 351	 330	 340	 1	 10	 
 319	 351	 318	 352	 1	 34	 
 319	 351	 324	 346	 1	 22	 
 319	 351	 320	 350	 1	 30	 
 319	 351	 317	 353	 1	 36	 
 319	 351	 313	 357	 1	 44	 
 319	 351	 317	 353	 1	 36	 
 319	 351	 309	 360	 1	 51	 
 319	 351	 320	 350	 1	 30	 
 319	 351	 327	 343	 1	 16	 
 319	 351	 320	 350	 1	 30	 
 319	 351	 306	 360	 1	 54	 
 319	 351	 330	 340	 1	 10	 
 319	 351	 326	 344	 1	 18	 
 319	 351	 306	 360	 1	 54	 
 319	 351	 303	 360	 1	 57	 
 319	 351	 314	 356	 1	 42	 
 319	 351	 304	 360	 1	 56	 
 319	 351	 320	 350	 1	 30	 
 319	 351	 316	 354	 1	 38	 
 319	 351	 317	 353	 1	 36	 
 319	 351	 304	 360	 1	 56	 
 319	 351	 313	 357	 1	 44	 
 319	 351	 330	 340	 1	 10	 
 319	 351	 312	 358	 1	 46	 
 319	 351	 313	 357	 1	 44	 
 319	 351	 310	 360	 1	 50	 
 319	 351	 329	 341	 1	 12	 
 319	 351	 303	 360	 1	 57	 
 319	 351	 316	 354	 1	 38	 
 319	 351	 317	 353	 1	 36	 
 319	 351	 311	 359	 1	 48	 
 319	 351	 330	 340	 1	 10	 
 319	 351	 317	 353	 1	 36	 
 319	 351	 318	 352	 1	 34	 
 319	 351	 318	 352	 1	 34	 
 319	 351	 330	 340	 1	 10	 
 319	 351	 313	 357	 1	 44	 
 319	 351	 306	 360	 1	 54	 
 319	 351	 316	 354	 1	 38	 
 319	 351	 310	 360	 1	 50	 
 319	 351	 311	 359	 1	 48	 
 319	 351	 306	 360	 1	 54	 
 319	 351	 323	 347	 1	 24	 
 319	 351	 323	 347	 1	 24	 
 319	 351	 311	 359	 1	 48	 
 319	 351	 303	 360	 1	 57	 
 319	 351	 330	 340	 1	 10	 
 319	 351	 302	 360	 1	 58	 
 319	 351	 306	 360	 1	 54	 
 319	 351	 307	 360	 1	 53	 
 319	 351	 330	 340	 1	 10	 
 319	 351	 308	 360	 1	 52	 
 319	 351	 302	 360	 1	 58	 
 319	 351	 327	 343	 1	 16	 
 319	 351	 328	 342	 1	 14	 
 319	 351	 306	 360	 1	 54	 
 319	 351	 330	 340	 1	 10	 
 319	 351	 330	 340	 1	 10	 
 319	 351	 329	 341	 1	 12	 
 319	 351	 315	 355	 1	 40	 
 319	 351	 308	 360	 1	 52	 
 319	 351	 327	 343	 1	 16	 
 319	 351	 327	 343	 1	 16	 
 319	 351	 320	 350	 1	 30	 
 319	 351	 309	 360	 1	 51	 
 319	 351	 330	 340	 1	 10	 
 319	 351	 303	 360	 1	 57	 
 319	 351	 320	 350	 1	 30	 
 319	 351	 316	 354	 1	 38	 
 319	 351	 307	 360	 1	 53	 
 319	 351	 320	 350	 1	 30	 
 319	 351	 306	 360	 1	 54	 
 319	 351	 330	 340	 1	 10	 
 319	 351	 318	 352	 1	 34	 
 319	 351	 315	 355	 1	 40	 
 319	 351	 323	 347	 1	 24	 
 319	 351	 307	 360	 1	 53	 
 319	 351	 330	 340	 1	 10	 
 319	 351	 306	 360	 1	 54	 
 319	 351	 316	 354	 1	 38	 
 319	 351	 329	 341	 1	 12	 
 319	 351	 328	 342	 1	 14	 
 319	 351	 330	 340	 1	 10	 
 319	 351	 318	 352	 1	 34	 
 319	 351	 310	 360	 1	 50	 
 319	 351	 321	 349	 1	 28	 
 319	 351	 330	 340	 1	 10	 
 319	 351	 303	 360	 1	 57	 
 319	 351	 316	 354	 1	 38	 
 0	 0	 0	 0	 0	 0	 
 0	 0	 0	 0	 0	 0	 
 337	 360	 325	 360	 0	 35	 
 337	 360	 339	 358	 0	 19	 
 337	 360	 326	 360	 0	 34	 
 337	 360	 342	 355	 0	 13	 
 337	 360	 344	 353	 0	 9	 
 337	 360	 330	 360	 0	 30	 
 337	 360	 327	 360	 0	 33	 
 337	 360	 344	 353	 0	 9	 
 337	 360	 344	 353	 0	 9	 
 337	 360	 325	 360	 0	 35	 
 337	 360	 344	 353	 0	 9	 
 337	 360	 327	 360	 0	 33	 
 337	 360	 338	 359	 0	 21	 
 337	 360	 328	 360	 0	 32	 
 337	 360	 329	 360	 0	 31	 
 337	 360	 342	 355	 0	 13	 
 337	 360	 344	 353	 0	 9	 
 337	 360	 344	 353	 0	 9	 
 337	 360	 334	 360	 0	 26	 
 337	 360	 344	 353	 0	 9	 
 337	 360	 329	 360	 0	 31	 
 337	 360	 326	 360	 0	 34	 
 337	 360	 342	 355	 0	 13	 
 337	 360	 344	 353	 0	 9	 
 337	 360	 330	 360	 0	 30	 
 337	 360	 343	 354	 0	 11	 
 337	 360	 327	 360	 0	 33	 
 337	 360	 329	 360	 0	 31	 
 337	 360	 325	 360	 0	 35	 
 337	 360	 342	 355	 0	 13	 
 337	 360	 325	 360	 0	 35	 
 337	 360	 341	 356	 0	 15	 
 337	 360	 340	 357	 0	 17	 
 337	 360	 344	 353	 0	 9	 
 337	 360	 344	 353	 0	 9	 
 337	 360	 328	 360	 0	 32	 
 337	 360	 328	 360	 0	 32	 
 337	 360	 338	 359	 0	 21	 
 337	 360	 333	 360	 0	 27	 
 337	 360	 339	 358	 0	 19	 
 337	 360	 330	 360	 0	 30	 
 337	 360	 335	 360	 0	 25	 
 337	 360	 344	 353	 0	 9	 
 337	 360	 344	 353	 0	 9	 
 337	 360	 325	 360	 0	 35	 
 337	 360	 344	 353	 0	 9	 
 337	 360	 344	 353	 0	 9	 
 337	 360	 344	 353	 0	 9	 
 337	 360	 329	 360	 0	 31	 
 337	 360	 325	 360	 0	 35	 
 337	 360	 341	 356	 0	 15	 
 337	 360	 341	 356	 0	 15	 
 337	 360	 335	 360	 0	 25	 
 337	 360	 331	 360	 0	 29	 
 337	 360	 331	 360	 0	 29	 
 337	 360	 325	 360	 0	 35	 
 337	 360	 335	 360	 0	 25	 
 337	 360	 333	 360	 0	 27	 
 337	 360	 339	 358	 0	 19	 
 337	 360	 344	 353	 0	 9	 
 337	 360	 344	 353	 0	 9	 
 337	 360	 334	 360	 0	 26	 
 337	 360	 344	 353	 0	 9	 
 337	 360	 338	 359	 0	 21	 
 337	 360	 332	 360	 0	 28	 
 337	 360	 331	 360	 0	 29	 
 337	 360	 344	 353	 0	 9	 
 337	 360	 327	 360	 0	 33	 
 337	 360	 333	 360	 0	 27	 
 337	 360	 344	 353	 0	 9	 
 337	 360	 340	 357	 0	 17	 
 337	 360	 344	 353	 0	 9	 
 337	 360	 334	 360	 0	 26	 
 337	 360	 344	 353	 0	 9	 
 337	 360	 329	 360	 0	 31	 
 337	 360	 325	 360	 0	 35	 
 337	 360	 331	 360	 0	 29	 
 337	 360	 340	 357	 0	 17	 
 337	 360	 330	 360	 0	 30	 
 337	 360	 344	 353	 0	 9	 
 337	 360	 344	 353	 0	 9	 
 337	 360	 342	 355	 0	 13	 
 337	 360	 326	 360	 0	 34	 
 337	 360	 333	 360	 0	 27	 
 337	 360	 339	 358	 0	 19	 
 337	 360	 335	 360	 0	 25	 
 337	 360	 344	 353	 0	 9	 
 337	 360	 338	 359	 0	 21	 
 337	 360	 329	 360	 0	 31	 
 337	 360	 339	 358	 0	 19	 
 337	 360	 336	 360	 0	 24	 
 337	 360	 339	 358	 0	 19	 
 337	 360	 344	 353	 0	 9	 
 337	 360	 338	 359	 0	 21	 
 337	 360	 343	 354	 0	 11	 
 337	 360	 325	 360	 0	 35	 
 337	 360	 344	 353	 0	 9	 
 337	 360	 344	 353	 0	 9	 
 337	 360	 339	 358	 0	 19	 
 0	 0	 0	 0	 0	 0	 
 0	 0	 0	 0	 0	 0	 
 319	 351	 304	 360	 1	 56	 
 319	 351	 327	 343	 1	 16	 
 319	 351	 330	 340	 1	 10	 
 319	 351	 330	 340	 1	 10	 
 319	 351	 324	 346	 1	 22	 
 319	 351	 314	 356	 1	 42	 
 319	 351	 303	 360	 1	 57	 
 319	 351	 330	 340	 1	 10	 
 319	 351	 315	 355	 1	 40	 
 319	 351	 326	 344	 1	 18	 
 319	 351	 309	 360	 1	 51	 
 319	 351	 330	 340	 1	 10	 
 319	 351	 327	 343	 1	 16	 
 319	 351	 322	 348	 1	 26	 
 319	 351	 312	 358	 1	 46	 
 319	 351	 321	 349	 1	 28	 
 319	 351	 306	 360	 1	 54	 
 319	 351	 323	 347	 1	 24	 
 319	 351	 321	 349	 1	 28	 
 319	 351	 314	 356	 1	 42	 
 319	 351	 330	 340	 1	 10	 
 319	 351	 310	 360	 1	 50	 
 319	 351	 323	 347	 1	 24	 
 319	 351	 320	 350	 1	 30	 
 319	 351	 318	 352	 1	 34	 
 319	 351	 323	 347	 1	 24	 
 319	 351	 318	 352	 1	 34	 
 319	 351	 316	 354	 1	 38	 
 319	 351	 306	 360	 1	 54	 
 319	 351	 330	 340	 1	 10	 
 319	 351	 309	 360	 1	 51	 
 319	 351	 326	 344	 1	 18	 
 319	 351	 314	 356	 1	 42	 
 319	 351	 328	 342	 1	 14	 
 319	 351	 310	 360	 1	 50	 
 319	 351	 315	 355	 1	 40	 
 319	 351	 315	 355	 1	 40	 
 319	 351	 304	 360	 1	 56	 
 319	 351	 330	 340	 1	 10	 
 319	 351	 330	 340	 1	 10	 
 319	 351	 311	 359	 1	 48	 
 319	 351	 314	 356	 1	 42	 
 319	 351	 303	 360	 1	 57	 
 319	 351	 330	 340	 1	 10	 
 319	 351	 312	 358	 1	 46	 
 319	 351	 303	 360	 1	 57	 
 319	 351	 307	 360	 1	 53	 
 319	 351	 326	 344	 1	 18	 
 319	 351	 326	 344	 1	 18	 
 319	 351	 310	 360	 1	 50	 
 319	 351	 315	 355	 1	 40	 
 319	 351	 327	 343	 1	 16	 
 319	 351	 330	 340	 1	 10	 
 319	 351	 324	 346	 1	 22	 
 319	 351	 312	 358	 1	 46	 
 319	 351	 330	 340	 1	 10	 
 319	 351	 314	 356	 1	 42	 
 319	 351	 313	 357	 1	 44	 
 319	 351	 312	 358	 1	 46	 
 319	 351	 304	 360	 1	 56	 
 319	 351	 304	 360	 1	 56	 
 319	 351	 306	 360	 1	 54	 
 319	 351	 307	 360	 1	 53	 
 319	 351	 313	 357	 1	 44	 
 319	 351	 309	 360	 1	 51	 
 319	 351	 328	 342	 1	 14	 
 319	 351	 330	 340	 1	 10	 
 319	 351	 317	 353	 1	 36	 
 319	 351	 309	 360	 1	 51	 
 319	 351	 311	 359	 1	 48	 
 319	 351	 317	 353	 1	 36	 
 319	 351	 308	 360	 1	 52	 
 319	 351	 330	 340	 1	 10	 
 319	 351	 330	 340	 1	 10	 
 319	 351	 309	 360	 1	 51	 
 319	 351	 307	 360	 1	 53	 
 319	 351	 321	 349	 1	 28	 
 319	 351	 330	 340	 1	 10	 
 319	 351	 326	 344	 1	 18	 
 319	 351	 322	 348	 1	 26	 
 319	 351	 322	 348	 1	 26	 
 319	 351	 330	 340	 1	 10	 
 319	 351	 329	 341	 1	 12	 
 319	 351	 323	 347	 1	 24	 
 319	 351	 311	 359	 1	 48	 
 319	 351	 305	 360	 1	 55	 
 319	 351	 326	 344	 1	 18	 
 319	 351	 322	 348	 1	 26	 
 319	 351	 329	 341	 1	 12	 
 319	 351	 330	 340	 1	 10	 
 319	 351	 313	 357	 1	 44	 
 319	 351	 330	 340	 1	 10	 
 319	 351	 330	 340	 1	 10	 
 319	 351	 302	 360	 1	 58	 
 319	 351	 320	 350	 1	 30	 
 319	 351	 328	 342	 1	 14	 
 319	 351	 307	 360	 1	 53	 
 319	 351	 323	 347	 1	 24	 
 319	 351	 326	 344	 1	 18	 
 0	 0	 0	 0	 0	 0	 
 0	 0	 0	 0	 0	 0	 
 332	 346	 334	 344	 1	 10	 
 332	 346	 334	 344	 1	 10	 
 332	 346	 334	 344	 1	 10	 
 332	 346	 330	 348	 1	 18	 
 332	 346	 334	 344	 1	 10	 
 332	 346	 334	 344	 1	 10	 
 332	 346	 334	 344	 1	 10	 
 332	 346	 327	 351	 1	 24	 
 332	 346	 329	 349	 1	 20	 
 332	 346	 333	 345	 1	 12	 
 332	 346	 334	 344	 1	 10	 
 332	 346	 334	 344	 1	 10	 
 332	 346	 334	 344	 1	 10	 
 332	 346	 324	 354	 1	 30	 
 332	 346	 334	 344	 1	 10	 
 332	 346	 334	 344	 1	 10	 
 332	 346	 330	 348	 1	 18	 
 332	 346	 334	 344	 1	 10	 
 332	 346	 328	 350	 1	 22	 
 332	 346	 328	 350	 1	 22	 
 332	 346	 331	 347	 1	 16	 
 332	 346	 334	 344	 1	 10	 
 332	 346	 326	 352	 1	 26	 
 332	 346	 334	 344	 1	 10	 
 332	 346	 334	 344	 1	 10	 
 332	 346	 334	 344	 1	 10	 
 332	 346	 334	 344	 1	 10	 
 332	 346	 331	 347	 1	 16	 
 332	 346	 334	 344	 1	 10	 
 332	 346	 334	 344	 1	 10	 
 332	 346	 334	 344	 1	 10	 
 332	 346	 330	 348	 1	 18	 
 332	 346	 334	 344	 1	 10	 
 332	 346	 334	 344	 1	 10	 
 332	 346	 325	 353	 1	 28	 
 332	 346	 325	 353	 1	 28	 
 332	 346	 328	 350	 1	 22	 
 332	 346	 334	 344	 1	 10	 
 332	 346	 334	 344	 1	 10	 
 332	 346	 329	 349	 1	 20	 
 332	 346	 325	 353	 1	 28	 
 332	 346	 326	 352	 1	 26	 
 332	 346	 327	 351	 1	 24	 
 332	 346	 326	 352	 1	 26	 
 332	 346	 334	 344	 1	 10	 
 332	 346	 328	 350	 1	 22	 
 332	 346	 334	 344	 1	 10	 
 332	 346	 326	 352	 1	 26	 
 332	 346	 330	 348	 1	 18	 
 332	 346	 334	 344	 1	 10	 
 332	 346	 327	 351	 1	 24	 
 332	 346	 331	 347	 1	 16	 
 332	 346	 326	 352	 1	 26	 
 332	 346	 327	 351	 1	 24	 
 332	 346	 324	 354	 1	 30	 
 332	 346	 334	 344	 1	 10	 
 332	 346	 334	 344	 1	 10	 
 332	 346	 334	 344	 1	 10	 
 332	 346	 325	 353	 1	 28	 
 332	 346	 331	 347	 1	 16	 
 332	 346	 331	 347	 1	 16	 
 332	 346	 329	 349	 1	 20	 
 332	 346	 327	 351	 1	 24	 
 332	 346	 334	 344	 1	 10	 
 332	 346	 334	 344	 1	 10	 
 332	 346	 334	 344	 1	 10	 
 332	 346	 331	 347	 1	 16	 
 332	 346	 334	 344	 1	 10	 
 332	 346	 325	 353	 1	 28	 
 332	 346	 328	 350	 1	 22	 
 332	 346	 333	 345	 1	 12	 
 332	 346	 326	 352	 1	 26	 
 332	 346	 325	 353	 1	 28	 
 332	 346	 329	 349	 1	 20	 
 332	 346	 327	 351	 1	 24	 
 332	 346	 327	 351	 1	 24	 
 332	 346	 334	 344	 1	 10	 
 332	 346	 331	 347	 1	 16	 
 332	 346	 329	 349	 1	 20	 
 332	 346	 334	 344	 1	 10	 
 332	 346	 330	 348	 1	 18	 
 332	 346	 334	 344	 1	 10	 
 332	 346	 334	 344	 1	 10	 
 332	 346	 334	 344	 1	 10	 
 332	 346	 328	 350	 1	 22	 
 332	 346	 334	 344	 1	 10	 
 332	 346	 328	 350	 1	 22	 
 332	 346	 328	 350	 1	 22	 
 332	 346	 326	 352	 1	 26	 
 332	 346	 333	 345	 1	 12	 
 332	 346	 334	 344	 1	 10	 
 332	 346	 334	 344	 1	 10	 
 332	 346	 331	 347	 1	 16	 
 332	 346	 334	 344	 1	 10	 
 332	 346	 326	 352	 1	 26	 
 332	 346	 324	 354	 1	 30	 
 332	 346	 333	 345	 1	 12	 
 332	 346	 334	 344	 1	 10	 
 332	 346	 334	 344	 1	 10	 
 0	 0	 0	 0	 0	 0	 
 0	 0	 0	 0	 0	 0	 
 319	 351	 308	 360	 1	 52	 
 319	 351	 316	 354	 1	 38	 
 319	 351	 322	 348	 1	 26	 
 319	 351	 312	 358	 1	 46	 
 319	 351	 311	 359	 1	 48	 
 319	 351	 330	 340	 1	 10	 
 319	 351	 306	 360	 1	 54	 
 319	 351	 312	 358	 1	 46	 
 319	 351	 322	 348	 1	 26	 
 319	 351	 304	 360	 1	 56	 
 319	 351	 328	 342	 1	 14	 
 319	 351	 323	 347	 1	 24	 
 319	 351	 330	 340	 1	 10	 
 319	 351	 330	 340	 1	 10	 
 319	 351	 330	 340	 1	 10	 
 319	 351	 330	 340	 1	 10	 
 319	 351	 330	 340	 1	 10	 
 319	 351	 304	 360	 1	 56	 
 319	 351	 327	 343	 1	 16	 
 319	 351	 330	 340	 1	 10	 
 319	 351	 308	 360	 1	 52	 
 319	 351	 313	 357	 1	 44	 
 319	 351	 328	 342	 1	 14	 
 319	 351	 314	 356	 1	 42	 
 319	 351	 310	 360	 1	 50	 
 319	 351	 329	 341	 1	 12	 
 319	 351	 302	 360	 1	 58	 
 319	 351	 303	 360	 1	 57	 
 319	 351	 327	 343	 1	 16	 
 319	 351	 305	 360	 1	 55	 
 319	 351	 304	 360	 1	 56	 
 319	 351	 309	 360	 1	 51	 
 319	 351	 328	 342	 1	 14	 
 319	 351	 330	 340	 1	 10	 
 319	 351	 304	 360	 1	 56	 
 319	 351	 306	 360	 1	 54	 
 319	 351	 313	 357	 1	 44	 
 319	 351	 314	 356	 1	 42	 
 319	 351	 325	 345	 1	 20	 
 319	 351	 303	 360	 1	 57	 
 319	 351	 326	 344	 1	 18	 
 319	 351	 327	 343	 1	 16	 
 319	 351	 316	 354	 1	 38	 
 319	 351	 315	 355	 1	 40	 
 319	 351	 316	 354	 1	 38	 
 319	 351	 316	 354	 1	 38	 
 319	 351	 330	 340	 1	 10	 
 319	 351	 330	 340	 1	 10	 
 319	 351	 307	 360	 1	 53	 
 319	 351	 305	 360	 1	 55	 
 319	 351	 326	 344	 1	 18	 
 319	 351	 309	 360	 1	 51	 
 319	 351	 307	 360	 1	 53	 
 319	 351	 329	 341	 1	 12	 
 319	 351	 304	 360	 1	 56	 
 319	 351	 328	 342	 1	 14	 
 319	 351	 310	 360	 1	 50	 
 319	 351	 312	 358	 1	 46	 
 319	 351	 330	 340	 1	 10	 
 319	 351	 327	 343	 1	 16	 
 319	 351	 302	 360	 1	 58	 
 319	 351	 325	 345	 1	 20	 
 319	 351	 322	 348	 1	 26	 
 319	 351	 317	 353	 1	 36	 
 319	 351	 311	 359	 1	 48	 
 319	 351	 307	 360	 1	 53	 
 319	 351	 322	 348	 1	 26	 
 319	 351	 322	 348	 1	 26	 
 319	 351	 316	 354	 1	 38	 
 319	 351	 308	 360	 1	 52	 
 319	 351	 305	 360	 1	 55	 
 319	 351	 330	 340	 1	 10	 
 319	 351	 330	 340	 1	 10	 
 319	 351	 330	 340	 1	 10	 
 319	 351	 330	 340	 1	 10	 
 319	 351	 323	 347	 1	 24	 
 319	 351	 330	 340	 1	 10	 
 319	 351	 318	 352	 1	 34	 
 319	 351	 308	 360	 1	 52	 
 319	 351	 305	 360	 1	 55	 
 319	 351	 329	 341	 1	 12	 
 319	 351	 303	 360	 1	 57	 
 319	 351	 330	 340	 1	 10	 
 319	 351	 325	 345	 1	 20	 
 319	 351	 330	 340	 1	 10	 
 319	 351	 323	 347	 1	 24	 
 319	 351	 327	 343	 1	 16	 
 319	 351	 308	 360	 1	 52	 
 319	 351	 330	 340	 1	 10	 
 319	 351	 323	 347	 1	 24	 
 319	 351	 330	 340	 1	 10	 
 319	 351	 321	 349	 1	 28	 
 319	 351	 330	 340	 1	 10	 
 319	 351	 330	 340	 1	 10	 
 319	 351	 324	 346	 1	 22	 
 319	 351	 330	 340	 1	 10	 
 319	 351	 305	 360	 1	 55	 
 319	 351	 326	 344	 1	 18	 
 319	 351	 314	 356	 1	 42	 
 0	 0	 0	 0	 0	 0	 
 0	 0	 0	 0	 0	 0	 
 301	 324	 300	 326	 0	 26	 
 301	 324	 300	 333	 0	 33	 
 301	 324	 300	 335	 0	 35	 
 301	 324	 300	 330	 0	 30	 
 301	 324	 307	 318	 0	 11	 
 301	 324	 304	 321	 0	 17	 
 301	 324	 300	 334	 0	 34	 
 301	 324	 308	 317	 0	 9	 
 301	 324	 308	 317	 0	 9	 
 301	 324	 300	 328	 0	 28	 
 301	 324	 308	 317	 0	 9	 
 301	 324	 303	 322	 0	 19	 
 301	 324	 300	 331	 0	 31	 
 301	 324	 308	 317	 0	 9	 
 301	 324	 308	 317	 0	 9	 
 301	 324	 303	 322	 0	 19	 
 301	 324	 308	 317	 0	 9	 
 301	 324	 308	 317	 0	 9	 
 301	 324	 300	 330	 0	 30	 
 301	 324	 300	 330	 0	 30	 
 301	 324	 300	 332	 0	 32	 
 301	 324	 300	 327	 0	 27	 
 301	 324	 300	 334	 0	 34	 
 301	 324	 308	 317	 0	 9	 
 301	 324	 308	 317	 0	 9	 
 301	 324	 304	 321	 0	 17	 
 301	 324	 300	 336	 0	 36	 
 301	 324	 300	 333	 0	 33	 
 301	 324	 308	 317	 0	 9	 
 301	 324	 300	 332	 0	 32	 
 301	 324	 300	 331	 0	 31	 
 301	 324	 308	 317	 0	 9	 
 301	 324	 308	 317	 0	 9	 
 301	 324	 300	 328	 0	 28	 
 301	 324	 308	 317	 0	 9	 
 301	 324	 307	 318	 0	 11	 
 301	 324	 300	 328	 0	 28	 
 301	 324	 307	 318	 0	 11	 
 301	 324	 308	 317	 0	 9	 
 301	 324	 305	 320	 0	 15	 
 301	 324	 305	 320	 0	 15	 
 301	 324	 300	 334	 0	 34	 
 301	 324	 300	 336	 0	 36	 
 301	 324	 303	 322	 0	 19	 
 301	 324	 300	 326	 0	 26	 
 301	 324	 300	 334	 0	 34	 
 301	 324	 302	 323	 0	 21	 
 301	 324	 303	 322	 0	 19	 
 301	 324	 300	 335	 0	 35	 
 301	 324	 300	 332	 0	 32	 
 301	 324	 300	 330	 0	 30	 
 301	 324	 305	 320	 0	 15	 
 301	 324	 308	 317	 0	 9	 
 301	 324	 300	 333	 0	 33	 
 301	 324	 308	 317	 0	 9	 
 301	 324	 303	 322	 0	 19	 
 301	 324	 300	 331	 0	 31	 
 301	 324	 307	 318	 0	 11	 
 301	 324	 308	 317	 0	 9	 
 301	 324	 300	 333	 0	 33	 
 301	 324	 300	 335	 0	 35	 
 301	 324	 300	 328	 0	 28	 
 301	 324	 308	 317	 0	 9	 
 301	 324	 300	 326	 0	 26	 
 301	 324	 300	 330	 0	 30	 
 301	 324	 308	 317	 0	 9	 
 301	 324	 304	 321	 0	 17	 
 301	 324	 300	 326	 0	 26	 
 301	 324	 300	 327	 0	 27	 
 301	 324	 300	 333	 0	 33	 
 301	 324	 304	 321	 0	 17	 
 301	 324	 300	 334	 0	 34	 
 301	 324	 300	 333	 0	 33	 
 301	 324	 300	 333	 0	 33	 
 301	 324	 304	 321	 0	 17	 
 301	 324	 307	 318	 0	 11	 
 301	 324	 300	 326	 0	 26	 
 301	 324	 308	 317	 0	 9	 
 301	 324	 300	 331	 0	 31	 
 301	 324	 300	 330	 0	 30	 
 301	 324	 308	 317	 0	 9	 
 301	 324	 300	 336	 0	 36	 
 301	 324	 300	 325	 0	 25	 
 301	 324	 308	 317	 0	 9	 
 301	 324	 300	 332	 0	 32	 
 301	 324	 308	 317	 0	 9	 
 301	 324	 300	 336	 0	 36	 
 301	 324	 300	 331	 0	 31	 
 301	 324	 300	 331	 0	 31	 
 301	 324	 300	 333	 0	 33	 
 301	 324	 300	 334	 0	 34	 
 301	 324	 306	 319	 0	 13	 
 301	 324	 300	 327	 0	 27	 
 301	 324	 308	 317	 0	 9	 
 301	 324	 302	 323	 0	 21	 
 301	 324	 304	 321	 0	 17	 
 301	 324	 300	 327	 0	 27	 
 301	 324	 307	 318	 0	 11	 
 301	 324	 300	 326	 0	 26	 
 0	 0	 0	 0	 0	 0	 
 