3.946794e-03	 5.939085e-01	 1.736917e-01	 2.090145e-01	 2.164282e-01	 6.946056e+00	 
 3.147627e-03	 6.174954e-01	 1.598398e-01	 2.019522e-01	 1.899864e-01	 7.011578e+00	 
 3.705917e-03	 5.979879e-01	 1.684177e-01	 2.108706e-01	 2.118339e-01	 6.987100e+00	 
 3.647369e-03	 6.052090e-01	 1.646908e-01	 2.084103e-01	 1.935671e-01	 7.015705e+00	 
 3.655095e-03	 6.037399e-01	 1.653988e-01	 2.091516e-01	 1.926692e-01	 7.029638e+00	 
 2.788446e-03	 6.277212e-01	 1.509548e-01	 2.023706e-01	 1.663957e-01	 7.091265e+00	 
 2.046921e-03	 6.418872e-01	 8.961927e-02	 2.580144e-01	 3.347790e-02	 8.113479e+00	 
 2.046921e-03	 6.418872e-01	 8.961927e-02	 2.580144e-01	 3.347790e-02	 8.113479e+00	 
 9.675864e-04	 6.388616e-01	 1.012632e-01	 2.532152e-01	 4.179566e-02	 8.504512e+00	 
 4.827241e-04	 6.374852e-01	 1.068557e-01	 2.507572e-01	 7.692132e-02	 8.670607e+00	 
 1.196304e-03	 6.391443e-01	 1.007327e-01	 2.528526e-01	 3.218964e-02	 8.267102e+00	 
 9.675864e-04	 6.388616e-01	 1.012632e-01	 2.532152e-01	 4.179566e-02	 8.504512e+00	 
 1.020413e-04	 2.972742e-01	 3.054212e-01	 3.931949e-01	 1.159722e-03	 8.166629e+00	 
 1.043780e-04	 2.968707e-01	 3.054867e-01	 3.935207e-01	 1.134674e-03	 8.182443e+00	 
 9.861992e-05	 2.980437e-01	 3.047475e-01	 3.930453e-01	 7.367021e-04	 8.184199e+00	 
 1.161262e-04	 2.944650e-01	 3.071148e-01	 3.943877e-01	 2.252904e-03	 8.196605e+00	 
 8.365571e-05	 3.010142e-01	 3.029889e-01	 3.917568e-01	 4.007855e-04	 8.154000e+00	 
 1.020413e-04	 2.972742e-01	 3.054212e-01	 3.931949e-01	 1.159722e-03	 8.166629e+00	 
 2.205060e-05	 1.785008e-01	 1.311100e-01	 6.801379e-01	 1.466984e-02	 8.377510e+00	 
 6.700960e-06	 1.793389e-01	 1.288880e-01	 6.816499e-01	 1.424206e-02	 8.314073e+00	 
 1.093153e-06	 1.796716e-01	 1.280073e-01	 6.822456e-01	 1.417138e-02	 8.389096e+00	 
 3.179093e-05	 1.781936e-01	 1.321734e-01	 6.793200e-01	 1.483553e-02	 8.355539e+00	 
 5.131636e-06	 1.794432e-01	 1.286227e-01	 6.818240e-01	 1.426409e-02	 8.381134e+00	 
 6.700960e-06	 1.793389e-01	 1.288880e-01	 6.816499e-01	 1.424206e-02	 8.314073e+00	 
 3.773234e-07	 1.797146e-01	 1.279001e-01	 6.823160e-01	 1.414873e-02	 8.318377e+00	 
 4.427842e-06	 1.794693e-01	 1.285664e-01	 6.818585e-01	 1.422764e-02	 8.367540e+00	 
 2.927701e-05	 1.781644e-01	 1.319737e-01	 6.795663e-01	 1.458689e-02	 8.296178e+00	 
 4.221828e-06	 1.794879e-01	 1.284908e-01	 6.819188e-01	 1.423318e-02	 8.361324e+00	 
 2.262759e-06	 1.796051e-01	 1.281835e-01	 6.821266e-01	 1.417207e-02	 8.288548e+00	 
 2.927701e-05	 1.781644e-01	 1.319737e-01	 6.795663e-01	 1.458689e-02	 8.296178e+00	 
 6.927086e-06	 1.793198e-01	 1.289317e-01	 6.816234e-01	 1.422795e-02	 8.294095e+00	 
 2.827965e-06	 1.795566e-01	 1.283128e-01	 6.820391e-01	 1.418485e-02	 8.328862e+00	 
 8.455525e-06	 1.792634e-01	 1.291353e-01	 6.814636e-01	 1.430483e-02	 8.353160e+00	 
 2.453546e-06	 1.795841e-01	 1.282259e-01	 6.821028e-01	 1.418486e-02	 8.322638e+00	 
 2.132020e-05	 1.784658e-01	 1.308939e-01	 6.804017e-01	 1.455663e-02	 8.312384e+00	 
 6.231313e-06	 1.793786e-01	 1.287725e-01	 6.817319e-01	 1.422272e-02	 8.285292e+00	 
 2.325034e-05	 1.786532e-01	 1.313204e-01	 6.797815e-01	 1.410713e-02	 8.216111e+00	 
 2.298825e-05	 1.786653e-01	 1.311947e-01	 6.798968e-01	 1.425586e-02	 8.256711e+00	 
 2.298825e-05	 1.786653e-01	 1.311947e-01	 6.798968e-01	 1.425586e-02	 8.256711e+00	 
 2.210098e-05	 1.786860e-01	 1.312898e-01	 6.797797e-01	 1.419029e-02	 8.264335e+00	 
 2.298825e-05	 1.786653e-01	 1.311947e-01	 6.798968e-01	 1.425586e-02	 8.256711e+00	 
 5.274349e-05	 1.777819e-01	 1.346564e-01	 6.771345e-01	 1.428182e-02	 8.231572e+00	 
 3.773234e-07	 1.797146e-01	 1.279001e-01	 6.823160e-01	 1.414873e-02	 8.318377e+00	 
 2.938193e-06	 1.795600e-01	 1.283064e-01	 6.820422e-01	 1.418647e-02	 8.317287e+00	 
 1.767998e-07	 1.797265e-01	 1.278668e-01	 6.823392e-01	 1.414754e-02	 8.369482e+00	 
 4.951144e-06	 1.794455e-01	 1.286239e-01	 6.818221e-01	 1.421087e-02	 8.313357e+00	 
 2.396696e-06	 1.795872e-01	 1.282266e-01	 6.820995e-01	 1.416797e-02	 8.280195e+00	 
 2.132020e-05	 1.784658e-01	 1.308939e-01	 6.804017e-01	 1.455663e-02	 8.312384e+00	 
 8.455525e-06	 1.792634e-01	 1.291353e-01	 6.814636e-01	 1.430483e-02	 8.353160e+00	 
 7.141984e-06	 1.793013e-01	 1.289738e-01	 6.815980e-01	 1.421349e-02	 8.275004e+00	 
 1.125816e-05	 1.791171e-01	 1.294810e-01	 6.812453e-01	 1.430990e-02	 8.300017e+00	 
 1.067166e-05	 1.791249e-01	 1.294233e-01	 6.812998e-01	 1.425417e-02	 8.262632e+00	 
 1.360831e-06	 1.796511e-01	 1.280595e-01	 6.822115e-01	 1.415808e-02	 8.282310e+00	 
 2.827965e-06	 1.795566e-01	 1.283128e-01	 6.820391e-01	 1.418485e-02	 8.328862e+00	 
 3.759558e-03	 6.456888e-01	 6.621422e-02	 2.708757e-01	 1.731223e-01	 7.763324e+00	 
 1.337661e-03	 6.402870e-01	 9.465462e-02	 2.569777e-01	 1.106166e-02	 8.546221e+00	 
 3.476296e-03	 6.455157e-01	 7.001997e-02	 2.680664e-01	 1.568357e-01	 7.773354e+00	 
 1.799144e-03	 6.417593e-01	 8.911670e-02	 2.591931e-01	 2.665325e-02	 8.313014e+00	 
 2.702019e-03	 6.446590e-01	 7.792454e-02	 2.641527e-01	 9.412378e-02	 8.044143e+00	 
 2.346343e-03	 6.434793e-01	 8.175086e-02	 2.630381e-01	 6.300050e-02	 8.215884e+00	 
 2.346343e-03	 6.434793e-01	 8.175086e-02	 2.630381e-01	 6.300050e-02	 8.215884e+00	 
 4.238329e-03	 6.476119e-01	 5.971639e-02	 2.737578e-01	 2.076812e-01	 7.693019e+00	 
 1.492127e-03	 6.405210e-01	 9.364606e-02	 2.574624e-01	 6.817716e-03	 8.501568e+00	 
 1.955726e-03	 6.418981e-01	 8.854650e-02	 2.594210e-01	 2.845851e-02	 8.274406e+00	 
 3.379558e-04	 6.374852e-01	 1.070248e-01	 2.510919e-01	 8.556925e-02	 9.184137e+00	 
 1.955726e-03	 6.418981e-01	 8.854650e-02	 2.594210e-01	 2.845851e-02	 8.274406e+00	 
 1.228479e-06	 1.796578e-01	 1.280538e-01	 6.822107e-01	 1.416671e-02	 8.381499e+00	 
 5.895233e-06	 1.794081e-01	 1.287311e-01	 6.817443e-01	 1.429322e-02	 8.397699e+00	 
 2.827965e-06	 1.795566e-01	 1.283128e-01	 6.820391e-01	 1.418485e-02	 8.328862e+00	 
 5.742886e-07	 1.797009e-01	 1.279342e-01	 6.822936e-01	 1.415559e-02	 8.375535e+00	 
 5.440543e-06	 1.793938e-01	 1.287121e-01	 6.817815e-01	 1.418974e-02	 8.260666e+00	 
 2.927701e-05	 1.781644e-01	 1.319737e-01	 6.795663e-01	 1.458689e-02	 8.296178e+00	 
 2.238485e-04	 3.098038e-01	 3.043835e-01	 3.822005e-01	 4.315020e-05	 6.670800e+00	 
 2.041451e-04	 3.107447e-01	 3.028720e-01	 3.825757e-01	 3.051978e-04	 6.651316e+00	 
 2.136763e-04	 3.102898e-01	 3.034293e-01	 3.825691e-01	 7.710845e-04	 6.601365e+00	 
 2.041451e-04	 3.107447e-01	 3.028720e-01	 3.825757e-01	 3.051978e-04	 6.651316e+00	 
 2.238485e-04	 3.098038e-01	 3.043835e-01	 3.822005e-01	 4.315020e-05	 6.670800e+00	 
 2.250165e-04	 3.100273e-01	 3.043296e-01	 3.820352e-01	 8.460950e-05	 6.659217e+00	 
 2.337303e-04	 3.099413e-01	 3.041386e-01	 3.822696e-01	 1.994221e-04	 6.625373e+00	 
 2.284804e-04	 3.098436e-01	 3.046398e-01	 3.819521e-01	 6.872242e-05	 6.663817e+00	 
 2.054034e-04	 3.109436e-01	 3.028292e-01	 3.824238e-01	 3.352517e-04	 6.639000e+00	 
 2.529083e-04	 3.092201e-01	 3.058967e-01	 3.814643e-01	 4.738592e-04	 6.698328e+00	 
 2.250165e-04	 3.100273e-01	 3.043296e-01	 3.820352e-01	 8.460950e-05	 6.659217e+00	 
 2.284804e-04	 3.098436e-01	 3.046398e-01	 3.819521e-01	 6.872242e-05	 6.663817e+00	 
 2.827965e-06	 1.795566e-01	 1.283128e-01	 6.820391e-01	 1.418485e-02	 8.328862e+00	 
 1.972707e-05	 1.785292e-01	 1.308617e-01	 6.803759e-01	 1.448371e-02	 8.319414e+00	 
 7.120019e-06	 1.793385e-01	 1.288952e-01	 6.816422e-01	 1.424821e-02	 8.303332e+00	 
 2.453546e-06	 1.795841e-01	 1.282259e-01	 6.821028e-01	 1.418486e-02	 8.322638e+00	 
 7.120019e-06	 1.793385e-01	 1.288952e-01	 6.816422e-01	 1.424821e-02	 8.303332e+00	 
 2.827965e-06	 1.795566e-01	 1.283128e-01	 6.820391e-01	 1.418485e-02	 8.328862e+00	 
 2.453546e-06	 1.795841e-01	 1.282259e-01	 6.821028e-01	 1.418486e-02	 8.322638e+00	 
 1.767998e-07	 1.797265e-01	 1.278668e-01	 6.823392e-01	 1.414754e-02	 8.369482e+00	 
 2.453546e-06	 1.795841e-01	 1.282259e-01	 6.821028e-01	 1.418486e-02	 8.322638e+00	 
 1.767998e-07	 1.797265e-01	 1.278668e-01	 6.823392e-01	 1.414754e-02	 8.369482e+00	 
 1.150858e-05	 1.790939e-01	 1.295315e-01	 6.812162e-01	 1.428462e-02	 8.279868e+00	 
 1.767998e-07	 1.797265e-01	 1.278668e-01	 6.823392e-01	 1.414754e-02	 8.369482e+00	 
 5.742886e-07	 1.797009e-01	 1.279342e-01	 6.822936e-01	 1.415559e-02	 8.375535e+00	 
 2.396696e-06	 1.795872e-01	 1.282266e-01	 6.820995e-01	 1.416797e-02	 8.280195e+00	 
 9.538390e-06	 1.791830e-01	 1.292575e-01	 6.814163e-01	 1.424743e-02	 8.264767e+00	 
 5.742886e-07	 1.797009e-01	 1.279342e-01	 6.822936e-01	 1.415559e-02	 8.375535e+00	 
 2.396696e-06	 1.795872e-01	 1.282266e-01	 6.820995e-01	 1.416797e-02	 8.280195e+00	 
 2.827965e-06	 1.795566e-01	 1.283128e-01	 6.820391e-01	 1.418485e-02	 8.328862e+00	 
 2.938193e-06	 1.795600e-01	 1.283064e-01	 6.820422e-01	 1.418647e-02	 8.317287e+00	 
 4.221828e-06	 1.794879e-01	 1.284908e-01	 6.819188e-01	 1.423318e-02	 8.361324e+00	 
 9.538390e-06	 1.791830e-01	 1.292575e-01	 6.814163e-01	 1.424743e-02	 8.264767e+00	 
 8.455525e-06	 1.792634e-01	 1.291353e-01	 6.814636e-01	 1.430483e-02	 8.353160e+00	 
 4.951144e-06	 1.794455e-01	 1.286239e-01	 6.818221e-01	 1.421087e-02	 8.313357e+00	 
 8.455525e-06	 1.792634e-01	 1.291353e-01	 6.814636e-01	 1.430483e-02	 8.353160e+00	 
 6.165387e-06	 1.793566e-01	 1.288202e-01	 6.817045e-01	 1.420699e-02	 8.276971e+00	 
 2.827965e-06	 1.795566e-01	 1.283128e-01	 6.820391e-01	 1.418485e-02	 8.328862e+00	 
 2.927701e-05	 1.781644e-01	 1.319737e-01	 6.795663e-01	 1.458689e-02	 8.296178e+00	 
 2.938193e-06	 1.795600e-01	 1.283064e-01	 6.820422e-01	 1.418647e-02	 8.317287e+00	 
 2.827965e-06	 1.795566e-01	 1.283128e-01	 6.820391e-01	 1.418485e-02	 8.328862e+00	 
 2.344107e-05	 1.783728e-01	 1.314060e-01	 6.799595e-01	 1.449688e-02	 8.311447e+00	 
 6.165387e-06	 1.793566e-01	 1.288202e-01	 6.817045e-01	 1.420699e-02	 8.276971e+00	 
 1.125816e-05	 1.791171e-01	 1.294810e-01	 6.812453e-01	 1.430990e-02	 8.300017e+00	 
 3.164432e-06	 1.795437e-01	 1.283462e-01	 6.820168e-01	 1.418182e-02	 8.297304e+00	 
 7.370650e-06	 1.793184e-01	 1.289413e-01	 6.816142e-01	 1.423334e-02	 8.283180e+00	 
 2.827965e-06	 1.795566e-01	 1.283128e-01	 6.820391e-01	 1.418485e-02	 8.328862e+00	 
 1.487303e-05	 1.787480e-01	 1.304038e-01	 6.806442e-01	 1.436579e-02	 8.340775e+00	 
 