-7.640127e-04	 3.333498e-01	 3.089290e-01	 3.500863e-01	 2.582829e+01	 2.582829e+01	 0	 
 -7.640127e-04	 3.333498e-01	 3.089290e-01	 3.500863e-01	 2.582829e+01	 2.582829e+01	 0	 
 -7.640127e-04	 3.333498e-01	 3.089290e-01	 3.500863e-01	 2.582829e+01	 2.582829e+01	 0	 
 -7.640127e-04	 3.333498e-01	 3.089290e-01	 3.500863e-01	 2.582829e+01	 2.582829e+01	 0	 
 -7.640127e-04	 3.333498e-01	 3.089290e-01	 3.500863e-01	 2.582829e+01	 2.582829e+01	 0	 
 -7.640127e-04	 3.333498e-01	 3.089290e-01	 3.500863e-01	 2.582829e+01	 2.582829e+01	 0	 
 3.705917e-03	 5.979879e-01	 1.684177e-01	 2.108706e-01	 2.438981e+01	 2.494987e+01	 1	 
 3.705917e-03	 5.979879e-01	 1.684177e-01	 2.108706e-01	 2.438981e+01	 2.494987e+01	 1	 
 3.705917e-03	 5.979879e-01	 1.684177e-01	 2.108706e-01	 2.438981e+01	 2.494987e+01	 1	 
 3.705917e-03	 5.979879e-01	 1.684177e-01	 2.108706e-01	 2.438981e+01	 2.494987e+01	 1	 
 3.705917e-03	 5.979879e-01	 1.684177e-01	 2.108706e-01	 2.438981e+01	 2.494987e+01	 1	 
 3.705917e-03	 5.979879e-01	 1.684177e-01	 2.108706e-01	 2.438981e+01	 2.494987e+01	 1	 
 -4.563317e-03	 5.276338e-01	 1.679731e-01	 3.083789e-01	 4.367060e+01	 4.367060e+01	 0	 
 -4.563317e-03	 5.276338e-01	 1.679731e-01	 3.083789e-01	 4.367060e+01	 4.367060e+01	 0	 
 -4.563317e-03	 5.276338e-01	 1.679731e-01	 3.083789e-01	 4.367060e+01	 4.367060e+01	 0	 
 -4.563317e-03	 5.276338e-01	 1.679731e-01	 3.083789e-01	 4.367060e+01	 4.367060e+01	 0	 
 -4.563317e-03	 5.276338e-01	 1.679731e-01	 3.083789e-01	 4.367060e+01	 4.367060e+01	 0	 
 -4.563317e-03	 5.276338e-01	 1.679731e-01	 3.083789e-01	 4.367060e+01	 4.367060e+01	 0	 
 -4.084285e-03	 7.323109e-01	 6.969429e-01	 -3.871076e-01	 2.538824e+01	 2.538824e+01	 0	 
 -4.084285e-03	 7.323109e-01	 6.969429e-01	 -3.871076e-01	 2.538824e+01	 2.538824e+01	 0	 
 -4.084285e-03	 7.323109e-01	 6.969429e-01	 -3.871076e-01	 2.538824e+01	 2.538824e+01	 0	 
 -4.084285e-03	 7.323109e-01	 6.969429e-01	 -3.871076e-01	 2.538824e+01	 2.538824e+01	 0	 
 -4.084285e-03	 7.323109e-01	 6.969429e-01	 -3.871076e-01	 2.538824e+01	 2.538824e+01	 0	 
 -4.084285e-03	 7.323109e-01	 6.969429e-01	 -3.871076e-01	 2.538824e+01	 2.538824e+01	 0	 
 -3.249836e-04	 3.923093e-01	 2.738590e-01	 3.231758e-01	 3.536307e+01	 3.536307e+01	 0	 
 -3.249836e-04	 3.923093e-01	 2.738590e-01	 3.231758e-01	 3.536307e+01	 3.536307e+01	 0	 
 -3.249836e-04	 3.923093e-01	 2.738590e-01	 3.231758e-01	 3.536307e+01	 3.536307e+01	 0	 
 -3.249836e-04	 3.923093e-01	 2.738590e-01	 3.231758e-01	 3.536307e+01	 3.536307e+01	 0	 
 -3.249836e-04	 3.923093e-01	 2.738590e-01	 3.231758e-01	 3.536307e+01	 3.536307e+01	 0	 
 -3.249836e-04	 3.923093e-01	 2.738590e-01	 3.231758e-01	 3.536307e+01	 3.536307e+01	 0	 
 -6.998798e-04	 3.991532e-01	 4.291480e-01	 1.756404e-01	 2.705141e+01	 2.705141e+01	 0	 
 -6.998798e-04	 3.991532e-01	 4.291480e-01	 1.756404e-01	 2.705141e+01	 2.705141e+01	 0	 
 -6.998798e-04	 3.991532e-01	 4.291480e-01	 1.756404e-01	 2.705141e+01	 2.705141e+01	 0	 
 -6.998798e-04	 3.991532e-01	 4.291480e-01	 1.756404e-01	 2.705141e+01	 2.705141e+01	 0	 
 -6.998798e-04	 3.991532e-01	 4.291480e-01	 1.756404e-01	 2.705141e+01	 2.705141e+01	 0	 
 -6.998798e-04	 3.991532e-01	 4.291480e-01	 1.756404e-01	 2.705141e+01	 2.705141e+01	 0	 
 9.675864e-04	 6.388616e-01	 1.012632e-01	 2.532152e-01	 2.308155e+01	 2.342408e+01	 1	 
 9.675864e-04	 6.388616e-01	 1.012632e-01	 2.532152e-01	 2.308155e+01	 2.342408e+01	 1	 
 9.675864e-04	 6.388616e-01	 1.012632e-01	 2.532152e-01	 2.308155e+01	 2.342408e+01	 1	 
 9.675864e-04	 6.388616e-01	 1.012632e-01	 2.532152e-01	 2.308155e+01	 2.342408e+01	 1	 
 9.675864e-04	 6.388616e-01	 1.012632e-01	 2.532152e-01	 2.308155e+01	 2.342408e+01	 1	 
 9.675864e-04	 6.388616e-01	 1.012632e-01	 2.532152e-01	 2.308155e+01	 2.342408e+01	 1	 
 1.020413e-04	 2.972742e-01	 3.054212e-01	 3.931949e-01	 1.608730e+01	 1.610410e+01	 1	 
 1.020413e-04	 2.972742e-01	 3.054212e-01	 3.931949e-01	 1.608730e+01	 1.610410e+01	 1	 
 1.020413e-04	 2.972742e-01	 3.054212e-01	 3.931949e-01	 1.608730e+01	 1.610410e+01	 1	 
 1.020413e-04	 2.972742e-01	 3.054212e-01	 3.931949e-01	 1.608730e+01	 1.610410e+01	 1	 
 1.020413e-04	 2.972742e-01	 3.054212e-01	 3.931949e-01	 1.608730e+01	 1.610410e+01	 1	 
 1.020413e-04	 2.972742e-01	 3.054212e-01	 3.931949e-01	 1.608730e+01	 1.610410e+01	 1	 
 -4.966937e-04	 3.769677e-01	 9.079077e-02	 5.211287e-01	 2.695663e+01	 2.695663e+01	 0	 
 -4.966937e-04	 3.769677e-01	 9.079077e-02	 5.211287e-01	 2.695663e+01	 2.695663e+01	 0	 
 -4.966937e-04	 3.769677e-01	 9.079077e-02	 5.211287e-01	 2.695663e+01	 2.695663e+01	 0	 
 -4.966937e-04	 3.769677e-01	 9.079077e-02	 5.211287e-01	 2.695663e+01	 2.695663e+01	 0	 
 -4.966937e-04	 3.769677e-01	 9.079077e-02	 5.211287e-01	 2.695663e+01	 2.695663e+01	 0	 
 -4.966937e-04	 3.769677e-01	 9.079077e-02	 5.211287e-01	 2.695663e+01	 2.695663e+01	 0	 
 9.358174e-06	 1.792292e-01	 1.292581e-01	 6.813675e-01	 3.723014e+01	 3.723320e+01	 1	 
 9.358174e-06	 1.792292e-01	 1.292581e-01	 6.813675e-01	 3.723014e+01	 3.723320e+01	 1	 
 9.358174e-06	 1.792292e-01	 1.292581e-01	 6.813675e-01	 3.723014e+01	 3.723320e+01	 1	 
 9.358174e-06	 1.792292e-01	 1.292581e-01	 6.813675e-01	 3.723014e+01	 3.723320e+01	 1	 
 9.358174e-06	 1.792292e-01	 1.292581e-01	 6.813675e-01	 3.723014e+01	 3.723320e+01	 1	 
 9.358174e-06	 1.792292e-01	 1.292581e-01	 6.813675e-01	 3.723014e+01	 3.723320e+01	 1	 
 6.700960e-06	 1.793389e-01	 1.288880e-01	 6.816499e-01	 3.723024e+01	 3.723024e+01	 1	 
 6.700960e-06	 1.793389e-01	 1.288880e-01	 6.816499e-01	 3.723024e+01	 3.723024e+01	 1	 
 6.700960e-06	 1.793389e-01	 1.288880e-01	 6.816499e-01	 3.723024e+01	 3.723024e+01	 1	 
 6.700960e-06	 1.793389e-01	 1.288880e-01	 6.816499e-01	 3.723024e+01	 3.723024e+01	 1	 
 6.700960e-06	 1.793389e-01	 1.288880e-01	 6.816499e-01	 3.723024e+01	 3.723024e+01	 1	 
 6.700960e-06	 1.793389e-01	 1.288880e-01	 6.816499e-01	 3.723024e+01	 3.723024e+01	 1	 
 6.700960e-06	 1.793389e-01	 1.288880e-01	 6.816499e-01	 3.723024e+01	 3.723024e+01	 1	 
 6.700960e-06	 1.793389e-01	 1.288880e-01	 6.816499e-01	 3.723024e+01	 3.723024e+01	 1	 
 6.700960e-06	 1.793389e-01	 1.288880e-01	 6.816499e-01	 3.723024e+01	 3.723024e+01	 1	 
 6.700960e-06	 1.793389e-01	 1.288880e-01	 6.816499e-01	 3.723024e+01	 3.723024e+01	 1	 
 6.700960e-06	 1.793389e-01	 1.288880e-01	 6.816499e-01	 3.723024e+01	 3.723024e+01	 1	 
 6.700960e-06	 1.793389e-01	 1.288880e-01	 6.816499e-01	 3.723024e+01	 3.723024e+01	 1	 
 2.865539e-05	 1.785090e-01	 1.319843e-01	 6.792245e-01	 3.723027e+01	 3.723026e+01	 1	 
 2.865539e-05	 1.785090e-01	 1.319843e-01	 6.792245e-01	 3.723027e+01	 3.723026e+01	 1	 
 2.865539e-05	 1.785090e-01	 1.319843e-01	 6.792245e-01	 3.723027e+01	 3.723026e+01	 1	 
 2.865539e-05	 1.785090e-01	 1.319843e-01	 6.792245e-01	 3.723027e+01	 3.723026e+01	 1	 
 2.865539e-05	 1.785090e-01	 1.319843e-01	 6.792245e-01	 3.723027e+01	 3.723026e+01	 1	 
 2.865539e-05	 1.785090e-01	 1.319843e-01	 6.792245e-01	 3.723027e+01	 3.723026e+01	 1	 
 6.700960e-06	 1.793389e-01	 1.288880e-01	 6.816499e-01	 3.723024e+01	 3.723024e+01	 1	 
 6.700960e-06	 1.793389e-01	 1.288880e-01	 6.816499e-01	 3.723024e+01	 3.723024e+01	 1	 
 6.700960e-06	 1.793389e-01	 1.288880e-01	 6.816499e-01	 3.723024e+01	 3.723024e+01	 1	 
 6.700960e-06	 1.793389e-01	 1.288880e-01	 6.816499e-01	 3.723024e+01	 3.723024e+01	 1	 
 6.700960e-06	 1.793389e-01	 1.288880e-01	 6.816499e-01	 3.723024e+01	 3.723024e+01	 1	 
 6.700960e-06	 1.793389e-01	 1.288880e-01	 6.816499e-01	 3.723024e+01	 3.723024e+01	 1	 
 -3.249836e-04	 3.923093e-01	 2.738590e-01	 3.231758e-01	 3.536307e+01	 3.536307e+01	 0	 
 -3.249836e-04	 3.923093e-01	 2.738590e-01	 3.231758e-01	 3.536307e+01	 3.536307e+01	 0	 
 -3.249836e-04	 3.923093e-01	 2.738590e-01	 3.231758e-01	 3.536307e+01	 3.536307e+01	 0	 
 -3.249836e-04	 3.923093e-01	 2.738590e-01	 3.231758e-01	 3.536307e+01	 3.536307e+01	 0	 
 -3.249836e-04	 3.923093e-01	 2.738590e-01	 3.231758e-01	 3.536307e+01	 3.536307e+01	 0	 
 -3.249836e-04	 3.923093e-01	 2.738590e-01	 3.231758e-01	 3.536307e+01	 3.536307e+01	 0	 
 -3.249836e-04	 3.923093e-01	 2.738590e-01	 3.231758e-01	 3.536307e+01	 3.536307e+01	 0	 
 -3.249836e-04	 3.923093e-01	 2.738590e-01	 3.231758e-01	 3.536307e+01	 3.536307e+01	 0	 
 -3.249836e-04	 3.923093e-01	 2.738590e-01	 3.231758e-01	 3.536307e+01	 3.536307e+01	 0	 
 -3.249836e-04	 3.923093e-01	 2.738590e-01	 3.231758e-01	 3.536307e+01	 3.536307e+01	 0	 
 -3.249836e-04	 3.923093e-01	 2.738590e-01	 3.231758e-01	 3.536307e+01	 3.536307e+01	 0	 
 -3.249836e-04	 3.923093e-01	 2.738590e-01	 3.231758e-01	 3.536307e+01	 3.536307e+01	 0	 
 6.700960e-06	 1.793389e-01	 1.288880e-01	 6.816499e-01	 3.723024e+01	 3.723024e+01	 1	 
 6.700960e-06	 1.793389e-01	 1.288880e-01	 6.816499e-01	 3.723024e+01	 3.723024e+01	 1	 
 6.700960e-06	 1.793389e-01	 1.288880e-01	 6.816499e-01	 3.723024e+01	 3.723024e+01	 1	 
 6.700960e-06	 1.793389e-01	 1.288880e-01	 6.816499e-01	 3.723024e+01	 3.723024e+01	 1	 
 6.700960e-06	 1.793389e-01	 1.288880e-01	 6.816499e-01	 3.723024e+01	 3.723024e+01	 1	 
 6.700960e-06	 1.793389e-01	 1.288880e-01	 6.816499e-01	 3.723024e+01	 3.723024e+01	 1	 
 1.764984e-03	 6.416234e-01	 8.969586e-02	 2.588922e-01	 2.301617e+01	 2.308155e+01	 1	 
 1.764984e-03	 6.416234e-01	 8.969586e-02	 2.588922e-01	 2.301617e+01	 2.308155e+01	 1	 
 1.764984e-03	 6.416234e-01	 8.969586e-02	 2.588922e-01	 2.301617e+01	 2.308155e+01	 1	 
 1.764984e-03	 6.416234e-01	 8.969586e-02	 2.588922e-01	 2.301617e+01	 2.308155e+01	 1	 
 1.764984e-03	 6.416234e-01	 8.969586e-02	 2.588922e-01	 2.301617e+01	 2.308155e+01	 1	 
 1.764984e-03	 6.416234e-01	 8.969586e-02	 2.588922e-01	 2.301617e+01	 2.308155e+01	 1	 
 2.346343e-03	 6.434793e-01	 8.175086e-02	 2.630381e-01	 2.297676e+01	 2.297676e+01	 1	 
 2.346343e-03	 6.434793e-01	 8.175086e-02	 2.630381e-01	 2.297676e+01	 2.297676e+01	 1	 
 2.346343e-03	 6.434793e-01	 8.175086e-02	 2.630381e-01	 2.297676e+01	 2.297676e+01	 1	 
 2.346343e-03	 6.434793e-01	 8.175086e-02	 2.630381e-01	 2.297676e+01	 2.297676e+01	 1	 
 2.346343e-03	 6.434793e-01	 8.175086e-02	 2.630381e-01	 2.297676e+01	 2.297676e+01	 1	 
 2.346343e-03	 6.434793e-01	 8.175086e-02	 2.630381e-01	 2.297676e+01	 2.297676e+01	 1	 
 6.700960e-06	 1.793389e-01	 1.288880e-01	 6.816499e-01	 3.723024e+01	 3.723024e+01	 1	 
 6.700960e-06	 1.793389e-01	 1.288880e-01	 6.816499e-01	 3.723024e+01	 3.723024e+01	 1	 
 6.700960e-06	 1.793389e-01	 1.288880e-01	 6.816499e-01	 3.723024e+01	 3.723024e+01	 1	 
 6.700960e-06	 1.793389e-01	 1.288880e-01	 6.816499e-01	 3.723024e+01	 3.723024e+01	 1	 
 6.700960e-06	 1.793389e-01	 1.288880e-01	 6.816499e-01	 3.723024e+01	 3.723024e+01	 1	 
 6.700960e-06	 1.793389e-01	 1.288880e-01	 6.816499e-01	 3.723024e+01	 3.723024e+01	 1	 
 2.238485e-04	 3.098038e-01	 3.043835e-01	 3.822005e-01	 1.608851e+01	 1.608730e+01	 1	 
 2.238485e-04	 3.098038e-01	 3.043835e-01	 3.822005e-01	 1.608851e+01	 1.608730e+01	 1	 
 2.238485e-04	 3.098038e-01	 3.043835e-01	 3.822005e-01	 1.608851e+01	 1.608730e+01	 1	 
 2.238485e-04	 3.098038e-01	 3.043835e-01	 3.822005e-01	 1.608851e+01	 1.608730e+01	 1	 
 2.238485e-04	 3.098038e-01	 3.043835e-01	 3.822005e-01	 1.608851e+01	 1.608730e+01	 1	 
 2.238485e-04	 3.098038e-01	 3.043835e-01	 3.822005e-01	 1.608851e+01	 1.608730e+01	 1	 
 2.250165e-04	 3.100273e-01	 3.043296e-01	 3.820352e-01	 1.608855e+01	 1.608855e+01	 1	 
 2.250165e-04	 3.100273e-01	 3.043296e-01	 3.820352e-01	 1.608855e+01	 1.608855e+01	 1	 
 2.250165e-04	 3.100273e-01	 3.043296e-01	 3.820352e-01	 1.608855e+01	 1.608855e+01	 1	 
 2.250165e-04	 3.100273e-01	 3.043296e-01	 3.820352e-01	 1.608855e+01	 1.608855e+01	 1	 
 2.250165e-04	 3.100273e-01	 3.043296e-01	 3.820352e-01	 1.608855e+01	 1.608855e+01	 1	 
 2.250165e-04	 3.100273e-01	 3.043296e-01	 3.820352e-01	 1.608855e+01	 1.608855e+01	 1	 
 6.700960e-06	 1.793389e-01	 1.288880e-01	 6.816499e-01	 3.723024e+01	 3.723024e+01	 1	 
 6.700960e-06	 1.793389e-01	 1.288880e-01	 6.816499e-01	 3.723024e+01	 3.723024e+01	 1	 
 6.700960e-06	 1.793389e-01	 1.288880e-01	 6.816499e-01	 3.723024e+01	 3.723024e+01	 1	 
 6.700960e-06	 1.793389e-01	 1.288880e-01	 6.816499e-01	 3.723024e+01	 3.723024e+01	 1	 
 6.700960e-06	 1.793389e-01	 1.288880e-01	 6.816499e-01	 3.723024e+01	 3.723024e+01	 1	 
 6.700960e-06	 1.793389e-01	 1.288880e-01	 6.816499e-01	 3.723024e+01	 3.723024e+01	 1	 
 -4.563317e-03	 5.276338e-01	 1.679731e-01	 3.083789e-01	 4.367060e+01	 4.367060e+01	 0	 
 -4.563317e-03	 5.276338e-01	 1.679731e-01	 3.083789e-01	 4.367060e+01	 4.367060e+01	 0	 
 -4.563317e-03	 5.276338e-01	 1.679731e-01	 3.083789e-01	 4.367060e+01	 4.367060e+01	 0	 
 -4.563317e-03	 5.276338e-01	 1.679731e-01	 3.083789e-01	 4.367060e+01	 4.367060e+01	 0	 
 -4.563317e-03	 5.276338e-01	 1.679731e-01	 3.083789e-01	 4.367060e+01	 4.367060e+01	 0	 
 -4.563317e-03	 5.276338e-01	 1.679731e-01	 3.083789e-01	 4.367060e+01	 4.367060e+01	 0	 
 -4.563317e-03	 5.276338e-01	 1.679731e-01	 3.083789e-01	 4.367060e+01	 4.367060e+01	 0	 
 -4.563317e-03	 5.276338e-01	 1.679731e-01	 3.083789e-01	 4.367060e+01	 4.367060e+01	 0	 
 -4.563317e-03	 5.276338e-01	 1.679731e-01	 3.083789e-01	 4.367060e+01	 4.367060e+01	 0	 
 -4.563317e-03	 5.276338e-01	 1.679731e-01	 3.083789e-01	 4.367060e+01	 4.367060e+01	 0	 
 -4.563317e-03	 5.276338e-01	 1.679731e-01	 3.083789e-01	 4.367060e+01	 4.367060e+01	 0	 
 -4.563317e-03	 5.276338e-01	 1.679731e-01	 3.083789e-01	 4.367060e+01	 4.367060e+01	 0	 
 6.700960e-06	 1.793389e-01	 1.288880e-01	 6.816499e-01	 3.723024e+01	 3.723024e+01	 1	 
 6.700960e-06	 1.793389e-01	 1.288880e-01	 6.816499e-01	 3.723024e+01	 3.723024e+01	 1	 
 6.700960e-06	 1.793389e-01	 1.288880e-01	 6.816499e-01	 3.723024e+01	 3.723024e+01	 1	 
 6.700960e-06	 1.793389e-01	 1.288880e-01	 6.816499e-01	 3.723024e+01	 3.723024e+01	 1	 
 6.700960e-06	 1.793389e-01	 1.288880e-01	 6.816499e-01	 3.723024e+01	 3.723024e+01	 1	 
 6.700960e-06	 1.793389e-01	 1.288880e-01	 6.816499e-01	 3.723024e+01	 3.723024e+01	 1	 
 -4.966937e-04	 3.769677e-01	 9.079077e-02	 5.211287e-01	 2.695663e+01	 2.695663e+01	 0	 
 -4.966937e-04	 3.769677e-01	 9.079077e-02	 5.211287e-01	 2.695663e+01	 2.695663e+01	 0	 
 -4.966937e-04	 3.769677e-01	 9.079077e-02	 5.211287e-01	 2.695663e+01	 2.695663e+01	 0	 
 -4.966937e-04	 3.769677e-01	 9.079077e-02	 5.211287e-01	 2.695663e+01	 2.695663e+01	 0	 
 -4.966937e-04	 3.769677e-01	 9.079077e-02	 5.211287e-01	 2.695663e+01	 2.695663e+01	 0	 
 -4.966937e-04	 3.769677e-01	 9.079077e-02	 5.211287e-01	 2.695663e+01	 2.695663e+01	 0	 
 -4.966937e-04	 3.769677e-01	 9.079077e-02	 5.211287e-01	 2.695663e+01	 2.695663e+01	 0	 
 -4.966937e-04	 3.769677e-01	 9.079077e-02	 5.211287e-01	 2.695663e+01	 2.695663e+01	 0	 
 -4.966937e-04	 3.769677e-01	 9.079077e-02	 5.211287e-01	 2.695663e+01	 2.695663e+01	 0	 
 -4.966937e-04	 3.769677e-01	 9.079077e-02	 5.211287e-01	 2.695663e+01	 2.695663e+01	 0	 
 -4.966937e-04	 3.769677e-01	 9.079077e-02	 5.211287e-01	 2.695663e+01	 2.695663e+01	 0	 
 -4.966937e-04	 3.769677e-01	 9.079077e-02	 5.211287e-01	 2.695663e+01	 2.695663e+01	 0	 
 6.700960e-06	 1.793389e-01	 1.288880e-01	 6.816499e-01	 3.723024e+01	 3.723024e+01	 1	 
 6.700960e-06	 1.793389e-01	 1.288880e-01	 6.816499e-01	 3.723024e+01	 3.723024e+01	 1	 
 6.700960e-06	 1.793389e-01	 1.288880e-01	 6.816499e-01	 3.723024e+01	 3.723024e+01	 1	 
 6.700960e-06	 1.793389e-01	 1.288880e-01	 6.816499e-01	 3.723024e+01	 3.723024e+01	 1	 
 6.700960e-06	 1.793389e-01	 1.288880e-01	 6.816499e-01	 3.723024e+01	 3.723024e+01	 1	 
 6.700960e-06	 1.793389e-01	 1.288880e-01	 6.816499e-01	 3.723024e+01	 3.723024e+01	 1	 
 -4.084285e-03	 7.323109e-01	 6.969429e-01	 -3.871076e-01	 2.538824e+01	 2.538824e+01	 0	 
 -4.084285e-03	 7.323109e-01	 6.969429e-01	 -3.871076e-01	 2.538824e+01	 2.538824e+01	 0	 
 -4.084285e-03	 7.323109e-01	 6.969429e-01	 -3.871076e-01	 2.538824e+01	 2.538824e+01	 0	 
 -4.084285e-03	 7.323109e-01	 6.969429e-01	 -3.871076e-01	 2.538824e+01	 2.538824e+01	 0	 
 -4.084285e-03	 7.323109e-01	 6.969429e-01	 -3.871076e-01	 2.538824e+01	 2.538824e+01	 0	 
 -4.084285e-03	 7.323109e-01	 6.969429e-01	 -3.871076e-01	 2.538824e+01	 2.538824e+01	 0	 
 -4.084285e-03	 7.323109e-01	 6.969429e-01	 -3.871076e-01	 2.538824e+01	 2.538824e+01	 0	 
 -4.084285e-03	 7.323109e-01	 6.969429e-01	 -3.871076e-01	 2.538824e+01	 2.538824e+01	 0	 
 -4.084285e-03	 7.323109e-01	 6.969429e-01	 -3.871076e-01	 2.538824e+01	 2.538824e+01	 0	 
 -4.084285e-03	 7.323109e-01	 6.969429e-01	 -3.871076e-01	 2.538824e+01	 2.538824e+01	 0	 
 -4.084285e-03	 7.323109e-01	 6.969429e-01	 -3.871076e-01	 2.538824e+01	 2.538824e+01	 0	 
 -4.084285e-03	 7.323109e-01	 6.969429e-01	 -3.871076e-01	 2.538824e+01	 2.538824e+01	 0	 
 6.700960e-06	 1.793389e-01	 1.288880e-01	 6.816499e-01	 3.723024e+01	 3.723024e+01	 1	 
 6.700960e-06	 1.793389e-01	 1.288880e-01	 6.816499e-01	 3.723024e+01	 3.723024e+01	 1	 
 6.700960e-06	 1.793389e-01	 1.288880e-01	 6.816499e-01	 3.723024e+01	 3.723024e+01	 1	 
 6.700960e-06	 1.793389e-01	 1.288880e-01	 6.816499e-01	 3.723024e+01	 3.723024e+01	 1	 
 6.700960e-06	 1.793389e-01	 1.288880e-01	 6.816499e-01	 3.723024e+01	 3.723024e+01	 1	 
 6.700960e-06	 1.793389e-01	 1.288880e-01	 6.816499e-01	 3.723024e+01	 3.723024e+01	 1	 
 -6.998798e-04	 3.991532e-01	 4.291480e-01	 1.756404e-01	 2.705141e+01	 2.705141e+01	 0	 
 -6.998798e-04	 3.991532e-01	 4.291480e-01	 1.756404e-01	 2.705141e+01	 2.705141e+01	 0	 
 -6.998798e-04	 3.991532e-01	 4.291480e-01	 1.756404e-01	 2.705141e+01	 2.705141e+01	 0	 
 -6.998798e-04	 3.991532e-01	 4.291480e-01	 1.756404e-01	 2.705141e+01	 2.705141e+01	 0	 
 -6.998798e-04	 3.991532e-01	 4.291480e-01	 1.756404e-01	 2.705141e+01	 2.705141e+01	 0	 
 -6.998798e-04	 3.991532e-01	 4.291480e-01	 1.756404e-01	 2.705141e+01	 2.705141e+01	 0	 
 -6.998798e-04	 3.991532e-01	 4.291480e-01	 1.756404e-01	 2.705141e+01	 2.705141e+01	 0	 
 -6.998798e-04	 3.991532e-01	 4.291480e-01	 1.756404e-01	 2.705141e+01	 2.705141e+01	 0	 
 -6.998798e-04	 3.991532e-01	 4.291480e-01	 1.756404e-01	 2.705141e+01	 2.705141e+01	 0	 
 -6.998798e-04	 3.991532e-01	 4.291480e-01	 1.756404e-01	 2.705141e+01	 2.705141e+01	 0	 
 -6.998798e-04	 3.991532e-01	 4.291480e-01	 1.756404e-01	 2.705141e+01	 2.705141e+01	 0	 
 -6.998798e-04	 3.991532e-01	 4.291480e-01	 1.756404e-01	 2.705141e+01	 2.705141e+01	 0	 
 6.700960e-06	 1.793389e-01	 1.288880e-01	 6.816499e-01	 3.723024e+01	 3.723024e+01	 1	 
 6.700960e-06	 1.793389e-01	 1.288880e-01	 6.816499e-01	 3.723024e+01	 3.723024e+01	 1	 
 6.700960e-06	 1.793389e-01	 1.288880e-01	 6.816499e-01	 3.723024e+01	 3.723024e+01	 1	 
 6.700960e-06	 1.793389e-01	 1.288880e-01	 6.816499e-01	 3.723024e+01	 3.723024e+01	 1	 
 6.700960e-06	 1.793389e-01	 1.288880e-01	 6.816499e-01	 3.723024e+01	 3.723024e+01	 1	 
 6.700960e-06	 1.793389e-01	 1.288880e-01	 6.816499e-01	 3.723024e+01	 3.723024e+01	 1	 
 -4.563317e-03	 5.276338e-01	 1.679731e-01	 3.083789e-01	 4.367060e+01	 4.367060e+01	 0	 
 -4.563317e-03	 5.276338e-01	 1.679731e-01	 3.083789e-01	 4.367060e+01	 4.367060e+01	 0	 
 -4.563317e-03	 5.276338e-01	 1.679731e-01	 3.083789e-01	 4.367060e+01	 4.367060e+01	 0	 
 -4.563317e-03	 5.276338e-01	 1.679731e-01	 3.083789e-01	 4.367060e+01	 4.367060e+01	 0	 
 -4.563317e-03	 5.276338e-01	 1.679731e-01	 3.083789e-01	 4.367060e+01	 4.367060e+01	 0	 
 -4.563317e-03	 5.276338e-01	 1.679731e-01	 3.083789e-01	 4.367060e+01	 4.367060e+01	 0	 
 -4.563317e-03	 5.276338e-01	 1.679731e-01	 3.083789e-01	 4.367060e+01	 4.367060e+01	 0	 
 -4.563317e-03	 5.276338e-01	 1.679731e-01	 3.083789e-01	 4.367060e+01	 4.367060e+01	 0	 
 -4.563317e-03	 5.276338e-01	 1.679731e-01	 3.083789e-01	 4.367060e+01	 4.367060e+01	 0	 
 -4.563317e-03	 5.276338e-01	 1.679731e-01	 3.083789e-01	 4.367060e+01	 4.367060e+01	 0	 
 -4.563317e-03	 5.276338e-01	 1.679731e-01	 3.083789e-01	 4.367060e+01	 4.367060e+01	 0	 
 -4.563317e-03	 5.276338e-01	 1.679731e-01	 3.083789e-01	 4.367060e+01	 4.367060e+01	 0	 
 6.700960e-06	 1.793389e-01	 1.288880e-01	 6.816499e-01	 3.723024e+01	 3.723024e+01	 1	 
 6.700960e-06	 1.793389e-01	 1.288880e-01	 6.816499e-01	 3.723024e+01	 3.723024e+01	 1	 
 6.700960e-06	 1.793389e-01	 1.288880e-01	 6.816499e-01	 3.723024e+01	 3.723024e+01	 1	 
 6.700960e-06	 1.793389e-01	 1.288880e-01	 6.816499e-01	 3.723024e+01	 3.723024e+01	 1	 
 6.700960e-06	 1.793389e-01	 1.288880e-01	 6.816499e-01	 3.723024e+01	 3.723024e+01	 1	 
 6.700960e-06	 1.793389e-01	 1.288880e-01	 6.816499e-01	 3.723024e+01	 3.723024e+01	 1	 
 -4.563317e-03	 5.276338e-01	 1.679731e-01	 3.083789e-01	 4.367060e+01	 4.367060e+01	 0	 
 -4.563317e-03	 5.276338e-01	 1.679731e-01	 3.083789e-01	 4.367060e+01	 4.367060e+01	 0	 
 -4.563317e-03	 5.276338e-01	 1.679731e-01	 3.083789e-01	 4.367060e+01	 4.367060e+01	 0	 
 -4.563317e-03	 5.276338e-01	 1.679731e-01	 3.083789e-01	 4.367060e+01	 4.367060e+01	 0	 
 -4.563317e-03	 5.276338e-01	 1.679731e-01	 3.083789e-01	 4.367060e+01	 4.367060e+01	 0	 
 -4.563317e-03	 5.276338e-01	 1.679731e-01	 3.083789e-01	 4.367060e+01	 4.367060e+01	 0	 
 -4.563317e-03	 5.276338e-01	 1.679731e-01	 3.083789e-01	 4.367060e+01	 4.367060e+01	 0	 
 -4.563317e-03	 5.276338e-01	 1.679731e-01	 3.083789e-01	 4.367060e+01	 4.367060e+01	 0	 
 -4.563317e-03	 5.276338e-01	 1.679731e-01	 3.083789e-01	 4.367060e+01	 4.367060e+01	 0	 
 -4.563317e-03	 5.276338e-01	 1.679731e-01	 3.083789e-01	 4.367060e+01	 4.367060e+01	 0	 
 -4.563317e-03	 5.276338e-01	 1.679731e-01	 3.083789e-01	 4.367060e+01	 4.367060e+01	 0	 
 -4.563317e-03	 5.276338e-01	 1.679731e-01	 3.083789e-01	 4.367060e+01	 4.367060e+01	 0	 
 