2.032443e+03	 1.732312e+03	 2.017437e+03	 0	 0	 
 2.032443e+03	 1.732312e+03	 2.002430e+03	 0	 0	 
 2.032443e+03	 1.732312e+03	 1.987424e+03	 0	 0	 
 2.032443e+03	 1.732312e+03	 1.972417e+03	 0	 0	 
 2.032443e+03	 1.732312e+03	 1.957410e+03	 0	 0	 
 2.032443e+03	 1.732312e+03	 1.942404e+03	 0	 0	 
 2.032443e+03	 1.732312e+03	 1.927397e+03	 0	 0	 
 2.032443e+03	 1.732312e+03	 1.912391e+03	 0	 0	 
 2.032443e+03	 1.732312e+03	 1.897384e+03	 0	 0	 
 2.032443e+03	 1.732312e+03	 1.882378e+03	 0	 0	 
 2.032443e+03	 1.732312e+03	 1.867371e+03	 0	 0	 
 2.032443e+03	 1.732312e+03	 1.852364e+03	 0	 0	 
 2.032443e+03	 1.732312e+03	 1.837358e+03	 0	 0	 
 2.032443e+03	 1.732312e+03	 1.822351e+03	 0	 0	 
 2.032443e+03	 1.732312e+03	 1.807345e+03	 0	 0	 
 2.032443e+03	 1.732312e+03	 1.792338e+03	 0	 0	 
 2.032443e+03	 1.732312e+03	 1.777331e+03	 0	 0	 
 2.032443e+03	 1.732312e+03	 1.762325e+03	 0	 0	 
 2.032443e+03	 1.732312e+03	 1.747318e+03	 0	 0	 
 2.032443e+03	 1.732312e+03	 1.732312e+03	 0	 0	 
 2.032443e+03	 1.732312e+03	 2.017437e+03	 0	 0	 
 2.032443e+03	 1.732312e+03	 2.002430e+03	 0	 0	 
 2.032443e+03	 1.732312e+03	 1.987424e+03	 0	 0	 
 2.032443e+03	 1.732312e+03	 1.972417e+03	 0	 0	 
 2.032443e+03	 1.732312e+03	 1.957410e+03	 0	 0	 
 2.032443e+03	 1.732312e+03	 1.942404e+03	 0	 0	 
 2.032443e+03	 1.732312e+03	 1.927397e+03	 0	 0	 
 2.032443e+03	 1.732312e+03	 1.912391e+03	 0	 0	 
 2.032443e+03	 1.732312e+03	 1.897384e+03	 0	 0	 
 2.032443e+03	 1.732312e+03	 1.882378e+03	 0	 0	 
 2.032443e+03	 1.732312e+03	 1.867371e+03	 0	 0	 
 2.032443e+03	 1.732312e+03	 1.852364e+03	 0	 0	 
 2.032443e+03	 1.732312e+03	 1.837358e+03	 0	 0	 
 2.032443e+03	 1.732312e+03	 1.822351e+03	 0	 0	 
 2.032443e+03	 1.732312e+03	 1.807345e+03	 0	 0	 
 2.032443e+03	 1.732312e+03	 1.792338e+03	 0	 0	 
 2.032443e+03	 1.732312e+03	 1.777331e+03	 0	 0	 
 2.032443e+03	 1.732312e+03	 1.762325e+03	 0	 0	 
 2.032443e+03	 1.732312e+03	 1.747318e+03	 0	 0	 
 2.032443e+03	 1.732312e+03	 1.732312e+03	 0	 0	 
 2.032443e+03	 7.805513e+02	 1.969849e+03	 0	 0	 
 2.032443e+03	 7.805513e+02	 1.907254e+03	 0	 0	 
 2.032443e+03	 7.805513e+02	 1.844660e+03	 0	 0	 
 2.032443e+03	 7.805513e+02	 1.782065e+03	 0	 0	 
 2.032443e+03	 7.805513e+02	 1.719470e+03	 0	 0	 
 2.032443e+03	 7.805513e+02	 1.656876e+03	 0	 0	 
 2.032443e+03	 7.805513e+02	 1.594281e+03	 0	 0	 
 2.032443e+03	 7.805513e+02	 1.531687e+03	 0	 0	 
 2.032443e+03	 7.805513e+02	 1.469092e+03	 0	 0	 
 2.032443e+03	 7.805513e+02	 1.406497e+03	 0	 0	 
 2.032443e+03	 7.805513e+02	 1.343903e+03	 0	 0	 
 2.032443e+03	 7.805513e+02	 1.281308e+03	 0	 0	 
 2.032443e+03	 7.805513e+02	 1.218714e+03	 0	 0	 
 2.032443e+03	 7.805513e+02	 1.156119e+03	 0	 0	 
 2.032443e+03	 7.805513e+02	 1.093524e+03	 0	 0	 
 2.032443e+03	 7.805513e+02	 1.030930e+03	 0	 0	 
 2.032443e+03	 7.805513e+02	 9.683351e+02	 0	 0	 
 2.032443e+03	 7.805513e+02	 9.057405e+02	 0	 0	 
 2.032443e+03	 7.805513e+02	 8.431459e+02	 0	 0	 
 2.032443e+03	 7.805513e+02	 7.805513e+02	 0	 0	 
 2.032443e+03	 2.298601e+03	 2.019136e+03	 1.452415e-06	 4.668436e-09	 1.452415e-06	 
 2.032443e+03	 2.298601e+03	 2.005828e+03	 1.452415e-06	 4.668436e-09	 1.452415e-06	 
 2.032443e+03	 2.298601e+03	 1.992520e+03	 1.452415e-06	 4.668436e-09	 1.452415e-06	 
 2.032443e+03	 2.298601e+03	 1.979212e+03	 1.452415e-06	 4.668436e-09	 1.452415e-06	 
 2.032443e+03	 2.298601e+03	 1.965904e+03	 1.452415e-06	 4.668436e-09	 1.452415e-06	 
 2.032443e+03	 2.298601e+03	 1.952596e+03	 1.452415e-06	 4.668436e-09	 1.452415e-06	 
 2.032443e+03	 2.298601e+03	 1.939288e+03	 1.452415e-06	 4.668436e-09	 1.452415e-06	 
 2.032443e+03	 2.298601e+03	 1.925980e+03	 1.452415e-06	 4.668436e-09	 1.452415e-06	 
 2.032443e+03	 2.298601e+03	 1.912673e+03	 1.452415e-06	 4.668436e-09	 1.452415e-06	 
 2.032443e+03	 2.298601e+03	 1.899365e+03	 1.452415e-06	 4.668436e-09	 1.452415e-06	 
 2.032443e+03	 2.298601e+03	 1.886057e+03	 1.452415e-06	 4.668436e-09	 1.452415e-06	 
 2.032443e+03	 2.298601e+03	 1.872749e+03	 1.452415e-06	 4.668436e-09	 1.452415e-06	 
 2.032443e+03	 2.298601e+03	 1.859441e+03	 1.452415e-06	 4.668436e-09	 1.452415e-06	 
 2.032443e+03	 2.298601e+03	 1.846133e+03	 1.452415e-06	 4.668436e-09	 1.452415e-06	 
 2.032443e+03	 2.298601e+03	 1.832825e+03	 1.452415e-06	 4.668436e-09	 1.452415e-06	 
 2.032443e+03	 2.298601e+03	 1.819517e+03	 1.452415e-06	 4.668436e-09	 1.452415e-06	 
 2.032443e+03	 2.298601e+03	 1.806210e+03	 1.452415e-06	 4.668436e-09	 1.452415e-06	 
 2.032443e+03	 2.298601e+03	 1.792902e+03	 1.452415e-06	 4.668436e-09	 1.452415e-06	 
 2.032443e+03	 2.298601e+03	 1.779594e+03	 1.452415e-06	 4.668436e-09	 1.452415e-06	 
 2.032443e+03	 2.298601e+03	 1.766286e+03	 1.452415e-06	 4.668436e-09	 1.452415e-06	 
 2.032443e+03	 2.032443e+03	 2.032443e+03	 1.452415e-06	 1.452415e-06	 1.452415e-06	 
 2.032443e+03	 2.032443e+03	 2.032443e+03	 1.452415e-06	 1.452415e-06	 1.452415e-06	 
 2.032443e+03	 2.032443e+03	 2.032443e+03	 1.452415e-06	 1.452415e-06	 1.452415e-06	 
 2.032443e+03	 2.032443e+03	 2.032443e+03	 1.452415e-06	 1.452415e-06	 1.452415e-06	 
 2.032443e+03	 2.032443e+03	 2.032443e+03	 1.452415e-06	 1.452415e-06	 1.452415e-06	 
 2.032443e+03	 2.032443e+03	 2.032443e+03	 1.452415e-06	 1.452415e-06	 1.452415e-06	 
 2.032443e+03	 2.032443e+03	 2.032443e+03	 1.452415e-06	 1.452415e-06	 1.452415e-06	 
 2.032443e+03	 2.032443e+03	 2.032443e+03	 1.452415e-06	 1.452415e-06	 1.452415e-06	 
 2.032443e+03	 2.032443e+03	 2.032443e+03	 1.452415e-06	 1.452415e-06	 1.452415e-06	 
 2.032443e+03	 2.032443e+03	 2.032443e+03	 1.452415e-06	 1.452415e-06	 1.452415e-06	 
 2.032443e+03	 2.032443e+03	 2.032443e+03	 1.452415e-06	 1.452415e-06	 1.452415e-06	 
 2.032443e+03	 2.032443e+03	 2.032443e+03	 1.452415e-06	 1.452415e-06	 1.452415e-06	 
 2.032443e+03	 2.032443e+03	 2.032443e+03	 1.452415e-06	 1.452415e-06	 1.452415e-06	 
 2.032443e+03	 2.032443e+03	 2.032443e+03	 1.452415e-06	 1.452415e-06	 1.452415e-06	 
 2.032443e+03	 2.032443e+03	 2.032443e+03	 1.452415e-06	 1.452415e-06	 1.452415e-06	 
 2.032443e+03	 2.032443e+03	 2.032443e+03	 1.452415e-06	 1.452415e-06	 1.452415e-06	 
 2.032443e+03	 2.032443e+03	 2.032443e+03	 1.452415e-06	 1.452415e-06	 1.452415e-06	 
 2.032443e+03	 2.032443e+03	 2.032443e+03	 1.452415e-06	 1.452415e-06	 1.452415e-06	 
 2.032443e+03	 2.032443e+03	 2.032443e+03	 1.452415e-06	 1.452415e-06	 1.452415e-06	 
 2.032443e+03	 2.032443e+03	 2.032443e+03	 1.452415e-06	 1.452415e-06	 1.452415e-06	 
 2.032443e+03	 2.271848e+03	 2.020473e+03	 1.452415e-06	 2.301800e-05	 1.452415e-06	 
 2.032443e+03	 2.271848e+03	 2.008503e+03	 1.452415e-06	 2.301800e-05	 1.452415e-06	 
 2.032443e+03	 2.271848e+03	 1.996533e+03	 1.452415e-06	 2.301800e-05	 1.452415e-06	 
 2.032443e+03	 2.271848e+03	 1.984563e+03	 1.452415e-06	 2.301800e-05	 1.452415e-06	 
 2.032443e+03	 2.271848e+03	 1.972592e+03	 1.452415e-06	 2.301800e-05	 1.452415e-06	 
 2.032443e+03	 2.271848e+03	 1.960622e+03	 1.452415e-06	 2.301800e-05	 1.452415e-06	 
 2.032443e+03	 2.271848e+03	 1.948652e+03	 1.452415e-06	 2.301800e-05	 1.452415e-06	 
 2.032443e+03	 2.271848e+03	 1.936682e+03	 1.452415e-06	 2.301800e-05	 1.452415e-06	 
 2.032443e+03	 2.271848e+03	 1.924712e+03	 1.452415e-06	 2.301800e-05	 1.452415e-06	 
 2.032443e+03	 2.271848e+03	 1.912741e+03	 1.452415e-06	 2.301800e-05	 1.452415e-06	 
 2.032443e+03	 2.271848e+03	 1.900771e+03	 1.452415e-06	 2.301800e-05	 1.452415e-06	 
 2.032443e+03	 2.271848e+03	 1.888801e+03	 1.452415e-06	 2.301800e-05	 1.452415e-06	 
 2.032443e+03	 2.271848e+03	 1.876831e+03	 1.452415e-06	 2.301800e-05	 1.452415e-06	 
 2.032443e+03	 2.271848e+03	 1.864861e+03	 1.452415e-06	 2.301800e-05	 1.452415e-06	 
 2.032443e+03	 2.271848e+03	 1.852890e+03	 1.452415e-06	 2.301800e-05	 1.452415e-06	 
 2.032443e+03	 2.271848e+03	 1.840920e+03	 1.452415e-06	 2.301800e-05	 1.452415e-06	 
 2.032443e+03	 2.271848e+03	 1.828950e+03	 1.452415e-06	 2.301800e-05	 1.452415e-06	 
 2.032443e+03	 2.271848e+03	 1.816980e+03	 1.452415e-06	 2.301800e-05	 1.452415e-06	 
 2.032443e+03	 2.271848e+03	 1.805009e+03	 1.452415e-06	 2.301800e-05	 1.452415e-06	 
 2.032443e+03	 2.271848e+03	 1.793039e+03	 1.452415e-06	 2.301800e-05	 1.452415e-06	 
 2.032443e+03	 1.362637e+03	 1.998953e+03	 0	 0	 
 2.032443e+03	 1.362637e+03	 1.965463e+03	 0	 0	 
 2.032443e+03	 1.362637e+03	 1.931972e+03	 0	 0	 
 2.032443e+03	 1.362637e+03	 1.898482e+03	 0	 0	 
 2.032443e+03	 1.362637e+03	 1.864992e+03	 0	 0	 
 2.032443e+03	 1.362637e+03	 1.831501e+03	 0	 0	 
 2.032443e+03	 1.362637e+03	 1.798011e+03	 0	 0	 
 2.032443e+03	 1.362637e+03	 1.764521e+03	 0	 0	 
 2.032443e+03	 1.362637e+03	 1.731030e+03	 0	 0	 
 2.032443e+03	 1.362637e+03	 1.697540e+03	 0	 0	 
 2.032443e+03	 1.362637e+03	 1.664050e+03	 0	 0	 
 2.032443e+03	 1.362637e+03	 1.630559e+03	 0	 0	 
 2.032443e+03	 1.362637e+03	 1.597069e+03	 0	 0	 
 2.032443e+03	 1.362637e+03	 1.563579e+03	 0	 0	 
 2.032443e+03	 1.362637e+03	 1.530088e+03	 0	 0	 
 2.032443e+03	 1.362637e+03	 1.496598e+03	 0	 0	 
 2.032443e+03	 1.362637e+03	 1.463108e+03	 0	 0	 
 2.032443e+03	 1.362637e+03	 1.429617e+03	 0	 0	 
 2.032443e+03	 1.362637e+03	 1.396127e+03	 0	 0	 
 2.032443e+03	 1.362637e+03	 1.362637e+03	 0	 0	 
 2.032443e+03	 1.560676e+03	 2.008855e+03	 0	 0	 
 2.032443e+03	 1.560676e+03	 1.985267e+03	 0	 0	 
 2.032443e+03	 1.560676e+03	 1.961678e+03	 0	 0	 
 2.032443e+03	 1.560676e+03	 1.938090e+03	 0	 0	 
 2.032443e+03	 1.560676e+03	 1.914502e+03	 0	 0	 
 2.032443e+03	 1.560676e+03	 1.890913e+03	 0	 0	 
 2.032443e+03	 1.560676e+03	 1.867325e+03	 0	 0	 
 2.032443e+03	 1.560676e+03	 1.843736e+03	 0	 0	 
 2.032443e+03	 1.560676e+03	 1.820148e+03	 0	 0	 
 2.032443e+03	 1.560676e+03	 1.796560e+03	 0	 0	 
 2.032443e+03	 1.560676e+03	 1.772971e+03	 0	 0	 
 2.032443e+03	 1.560676e+03	 1.749383e+03	 0	 0	 
 2.032443e+03	 1.560676e+03	 1.725795e+03	 0	 0	 
 2.032443e+03	 1.560676e+03	 1.702206e+03	 0	 0	 
 2.032443e+03	 1.560676e+03	 1.678618e+03	 0	 0	 
 2.032443e+03	 1.560676e+03	 1.655030e+03	 0	 0	 
 2.032443e+03	 1.560676e+03	 1.631441e+03	 0	 0	 
 2.032443e+03	 1.560676e+03	 1.607853e+03	 0	 0	 
 2.032443e+03	 1.560676e+03	 1.584264e+03	 0	 0	 
 2.032443e+03	 1.560676e+03	 1.560676e+03	 0	 0	 
 2.032443e+03	 1.804216e+03	 2.021032e+03	 0	 0	 
 2.032443e+03	 1.804216e+03	 2.009621e+03	 0	 0	 
 2.032443e+03	 1.804216e+03	 1.998209e+03	 0	 0	 
 2.032443e+03	 1.804216e+03	 1.986798e+03	 0	 0	 
 2.032443e+03	 1.804216e+03	 1.975386e+03	 0	 0	 
 2.032443e+03	 1.804216e+03	 1.963975e+03	 0	 0	 
 2.032443e+03	 1.804216e+03	 1.952564e+03	 0	 0	 
 2.032443e+03	 1.804216e+03	 1.941152e+03	 0	 0	 
 2.032443e+03	 1.804216e+03	 1.929741e+03	 0	 0	 
 2.032443e+03	 1.804216e+03	 1.918329e+03	 0	 0	 
 2.032443e+03	 1.804216e+03	 1.906918e+03	 0	 0	 
 2.032443e+03	 1.804216e+03	 1.895507e+03	 0	 0	 
 2.032443e+03	 1.804216e+03	 1.884095e+03	 0	 0	 
 2.032443e+03	 1.804216e+03	 1.872684e+03	 0	 0	 
 2.032443e+03	 1.804216e+03	 1.861272e+03	 0	 0	 
 2.032443e+03	 1.804216e+03	 1.849861e+03	 0	 0	 
 2.032443e+03	 1.804216e+03	 1.838450e+03	 0	 0	 
 2.032443e+03	 1.804216e+03	 1.827038e+03	 0	 0	 
 2.032443e+03	 1.804216e+03	 1.815627e+03	 0	 0	 
 2.032443e+03	 1.804216e+03	 1.804216e+03	 0	 0	 
 2.032443e+03	 1.560676e+03	 2.008855e+03	 0	 0	 
 2.032443e+03	 1.560676e+03	 1.985267e+03	 0	 0	 
 2.032443e+03	 1.560676e+03	 1.961678e+03	 0	 0	 
 2.032443e+03	 1.560676e+03	 1.938090e+03	 0	 0	 
 2.032443e+03	 1.560676e+03	 1.914502e+03	 0	 0	 
 2.032443e+03	 1.560676e+03	 1.890913e+03	 0	 0	 
 2.032443e+03	 1.560676e+03	 1.867325e+03	 0	 0	 
 2.032443e+03	 1.560676e+03	 1.843736e+03	 0	 0	 
 2.032443e+03	 1.560676e+03	 1.820148e+03	 0	 0	 
 2.032443e+03	 1.560676e+03	 1.796560e+03	 0	 0	 
 2.032443e+03	 1.560676e+03	 1.772971e+03	 0	 0	 
 2.032443e+03	 1.560676e+03	 1.749383e+03	 0	 0	 
 2.032443e+03	 1.560676e+03	 1.725795e+03	 0	 0	 
 2.032443e+03	 1.560676e+03	 1.702206e+03	 0	 0	 
 2.032443e+03	 1.560676e+03	 1.678618e+03	 0	 0	 
 2.032443e+03	 1.560676e+03	 1.655030e+03	 0	 0	 
 2.032443e+03	 1.560676e+03	 1.631441e+03	 0	 0	 
 2.032443e+03	 1.560676e+03	 1.607853e+03	 0	 0	 
 2.032443e+03	 1.560676e+03	 1.584264e+03	 0	 0	 
 2.032443e+03	 1.560676e+03	 1.560676e+03	 0	 0	 
 