1.560296e-01	 3.742175e-05	 7.909126e-01	 8.676415e-02	 3.833770e+00	 7.407599e+00	 
 1.560296e-01	 3.742175e-05	 7.909126e-01	 8.676415e-02	 3.731840e+00	 6.925499e+00	 
 1.560296e-01	 3.742175e-05	 7.909126e-01	 8.676415e-02	 3.341184e+00	 6.792649e+00	 
 1.560571e-01	 3.117919e-05	 7.908672e-01	 8.676894e-02	 3.339752e+00	 6.797624e+00	 
 1.560583e-01	 3.092108e-05	 7.908651e-01	 8.676921e-02	 3.311269e+00	 6.795284e+00	 
 1.560569e-01	 3.092495e-05	 7.908693e-01	 8.676782e-02	 3.309914e+00	 6.799990e+00	 
 1.560622e-01	 3.087540e-05	 7.908187e-01	 8.679432e-02	 3.285927e+00	 6.745209e+00	 
 1.560674e-01	 3.123813e-05	 7.909207e-01	 8.672687e-02	 3.268157e+00	 6.862076e+00	 
 1.560571e-01	 3.118936e-05	 7.908773e-01	 8.676282e-02	 3.175472e+00	 7.285875e+00	 
 1.560571e-01	 3.118936e-05	 7.908773e-01	 8.676282e-02	 3.105658e+00	 6.841123e+00	 
 1.560571e-01	 3.118936e-05	 7.908773e-01	 8.676282e-02	 3.082314e+00	 6.786603e+00	 
 1.560688e-01	 2.867521e-05	 7.908561e-01	 8.676595e-02	 3.070097e+00	 6.785590e+00	 
 1.560675e-01	 2.867871e-05	 7.908602e-01	 8.676459e-02	 3.068743e+00	 6.790083e+00	 
 1.560680e-01	 2.857450e-05	 7.908593e-01	 8.676473e-02	 3.057227e+00	 6.789104e+00	 
 1.560667e-01	 2.857781e-05	 7.908631e-01	 8.676344e-02	 3.055941e+00	 6.793384e+00	 
 1.560745e-01	 2.877598e-05	 7.908444e-01	 8.676814e-02	 3.043948e+00	 6.773297e+00	 
 1.560755e-01	 2.880820e-05	 7.908779e-01	 8.674653e-02	 3.028655e+00	 6.811342e+00	 
 1.560760e-01	 2.869753e-05	 7.908769e-01	 8.674674e-02	 3.016636e+00	 6.810201e+00	 
 1.560718e-01	 2.878288e-05	 7.908524e-01	 8.676548e-02	 2.886750e+00	 7.202364e+00	 
 1.560718e-01	 2.878288e-05	 7.908524e-01	 8.676548e-02	 2.832697e+00	 6.791265e+00	 
 1.561190e-01	 2.826704e-05	 7.904048e-01	 8.699940e-02	 2.821601e+00	 6.790185e+00	 
 1.561201e-01	 2.829814e-05	 7.904373e-01	 8.697842e-02	 2.806332e+00	 6.752921e+00	 
 1.561189e-01	 2.830122e-05	 7.904408e-01	 8.697724e-02	 2.805101e+00	 6.749493e+00	 
 1.561199e-01	 2.833084e-05	 7.904717e-01	 8.695727e-02	 2.790565e+00	 6.717819e+00	 
 