1.173925e-02	 6.124690e+00	 6.458731e-01	 -3.506116e+00	 1.133114e+05	 1.133114e+05	 0	 
 1.173925e-02	 6.124690e+00	 6.458731e-01	 -3.506116e+00	 1.133114e+05	 1.133114e+05	 0	 
 1.173925e-02	 6.124690e+00	 6.458731e-01	 -3.506116e+00	 1.133114e+05	 1.133114e+05	 0	 
 1.173925e-02	 6.124690e+00	 6.458731e-01	 -3.506116e+00	 1.133114e+05	 1.133114e+05	 0	 
 1.173925e-02	 6.124690e+00	 6.458731e-01	 -3.506116e+00	 1.133114e+05	 1.133114e+05	 0	 
 1.173925e-02	 6.124690e+00	 6.458731e-01	 -3.506116e+00	 1.133114e+05	 1.133114e+05	 0	 
 -1.379589e-03	 -2.748009e-01	 1.060963e+00	 2.318619e-01	 1.018976e+05	 1.018976e+05	 0	 
 -1.379589e-03	 -2.748009e-01	 1.060963e+00	 2.318619e-01	 1.018976e+05	 1.018976e+05	 0	 
 -1.379589e-03	 -2.748009e-01	 1.060963e+00	 2.318619e-01	 1.018976e+05	 1.018976e+05	 0	 
 -1.379589e-03	 -2.748009e-01	 1.060963e+00	 2.318619e-01	 1.018976e+05	 1.018976e+05	 0	 
 -1.379589e-03	 -2.748009e-01	 1.060963e+00	 2.318619e-01	 1.018976e+05	 1.018976e+05	 0	 
 -1.379589e-03	 -2.748009e-01	 1.060963e+00	 2.318619e-01	 1.018976e+05	 1.018976e+05	 0	 
 -3.044922e-03	 -2.309511e+00	 3.523320e+00	 -1.593926e-02	 9.157815e+04	 9.157815e+04	 0	 
 -3.044922e-03	 -2.309511e+00	 3.523320e+00	 -1.593926e-02	 9.157815e+04	 9.157815e+04	 0	 
 -3.044922e-03	 -2.309511e+00	 3.523320e+00	 -1.593926e-02	 9.157815e+04	 9.157815e+04	 0	 
 -3.044922e-03	 -2.309511e+00	 3.523320e+00	 -1.593926e-02	 9.157815e+04	 9.157815e+04	 0	 
 -3.044922e-03	 -2.309511e+00	 3.523320e+00	 -1.593926e-02	 9.157815e+04	 9.157815e+04	 0	 
 -3.044922e-03	 -2.309511e+00	 3.523320e+00	 -1.593926e-02	 9.157815e+04	 9.157815e+04	 0	 
 1.061325e-02	 1.088484e+01	 -8.170345e+00	 -1.066868e+00	 1.058713e+05	 1.058713e+05	 0	 
 1.061325e-02	 1.088484e+01	 -8.170345e+00	 -1.066868e+00	 1.058713e+05	 1.058713e+05	 0	 
 1.061325e-02	 1.088484e+01	 -8.170345e+00	 -1.066868e+00	 1.058713e+05	 1.058713e+05	 0	 
 1.061325e-02	 1.088484e+01	 -8.170345e+00	 -1.066868e+00	 1.058713e+05	 1.058713e+05	 0	 
 1.061325e-02	 1.088484e+01	 -8.170345e+00	 -1.066868e+00	 1.058713e+05	 1.058713e+05	 0	 
 1.061325e-02	 1.088484e+01	 -8.170345e+00	 -1.066868e+00	 1.058713e+05	 1.058713e+05	 0	 
 5.587583e-02	 7.261248e-01	 8.718200e-02	 1.863112e-01	 9.841657e+04	 1.008288e+05	 1	 
 5.587583e-02	 7.261248e-01	 8.718200e-02	 1.863112e-01	 9.841657e+04	 1.008288e+05	 1	 
 5.587583e-02	 7.261248e-01	 8.718200e-02	 1.863112e-01	 9.841657e+04	 1.008288e+05	 1	 
 5.587583e-02	 7.261248e-01	 8.718200e-02	 1.863112e-01	 9.841657e+04	 1.008288e+05	 1	 
 5.587583e-02	 7.261248e-01	 8.718200e-02	 1.863112e-01	 9.841657e+04	 1.008288e+05	 1	 
 5.587583e-02	 7.261248e-01	 8.718200e-02	 1.863112e-01	 9.841657e+04	 1.008288e+05	 1	 
 5.629683e-04	 -4.700876e+00	 6.406911e+00	 -3.007390e-01	 4.420392e+04	 4.420392e+04	 0	 
 5.629683e-04	 -4.700876e+00	 6.406911e+00	 -3.007390e-01	 4.420392e+04	 4.420392e+04	 0	 
 5.629683e-04	 -4.700876e+00	 6.406911e+00	 -3.007390e-01	 4.420392e+04	 4.420392e+04	 0	 
 5.629683e-04	 -4.700876e+00	 6.406911e+00	 -3.007390e-01	 4.420392e+04	 4.420392e+04	 0	 
 5.629683e-04	 -4.700876e+00	 6.406911e+00	 -3.007390e-01	 4.420392e+04	 4.420392e+04	 0	 
 5.629683e-04	 -4.700876e+00	 6.406911e+00	 -3.007390e-01	 4.420392e+04	 4.420392e+04	 0	 
 2.656897e-02	 2.870376e-01	 6.160336e-01	 1.437500e-01	 1.097332e+05	 1.070744e+05	 1	 
 2.656897e-02	 2.870376e-01	 6.160336e-01	 1.437500e-01	 1.097332e+05	 1.070744e+05	 1	 
 2.656897e-02	 2.870376e-01	 6.160336e-01	 1.437500e-01	 1.097332e+05	 1.070744e+05	 1	 
 2.656897e-02	 2.870376e-01	 6.160336e-01	 1.437500e-01	 1.097332e+05	 1.070744e+05	 1	 
 2.656897e-02	 2.870376e-01	 6.160336e-01	 1.437500e-01	 1.097332e+05	 1.070744e+05	 1	 
 2.656897e-02	 2.870376e-01	 6.160336e-01	 1.437500e-01	 1.097332e+05	 1.070744e+05	 1	 
 3.433870e-04	 1.256119e+00	 -3.044574e-01	 1.070482e-01	 1.598261e+05	 1.598261e+05	 0	 
 3.433870e-04	 1.256119e+00	 -3.044574e-01	 1.070482e-01	 1.598261e+05	 1.598261e+05	 0	 
 3.433870e-04	 1.256119e+00	 -3.044574e-01	 1.070482e-01	 1.598261e+05	 1.598261e+05	 0	 
 3.433870e-04	 1.256119e+00	 -3.044574e-01	 1.070482e-01	 1.598261e+05	 1.598261e+05	 0	 
 3.433870e-04	 1.256119e+00	 -3.044574e-01	 1.070482e-01	 1.598261e+05	 1.598261e+05	 0	 
 3.433870e-04	 1.256119e+00	 -3.044574e-01	 1.070482e-01	 1.598261e+05	 1.598261e+05	 0	 
 -7.246046e-03	 -1.662277e+00	 -7.853833e-01	 2.235762e+00	 1.067424e+05	 1.067424e+05	 0	 
 -7.246046e-03	 -1.662277e+00	 -7.853833e-01	 2.235762e+00	 1.067424e+05	 1.067424e+05	 0	 
 -7.246046e-03	 -1.662277e+00	 -7.853833e-01	 2.235762e+00	 1.067424e+05	 1.067424e+05	 0	 
 -7.246046e-03	 -1.662277e+00	 -7.853833e-01	 2.235762e+00	 1.067424e+05	 1.067424e+05	 0	 
 -7.246046e-03	 -1.662277e+00	 -7.853833e-01	 2.235762e+00	 1.067424e+05	 1.067424e+05	 0	 
 -7.246046e-03	 -1.662277e+00	 -7.853833e-01	 2.235762e+00	 1.067424e+05	 1.067424e+05	 0	 
 6.903219e-04	 2.297410e-01	 1.030441e+00	 -6.430686e-02	 6.769981e+04	 6.769981e+04	 0	 
 6.903219e-04	 2.297410e-01	 1.030441e+00	 -6.430686e-02	 6.769981e+04	 6.769981e+04	 0	 
 6.903219e-04	 2.297410e-01	 1.030441e+00	 -6.430686e-02	 6.769981e+04	 6.769981e+04	 0	 
 6.903219e-04	 2.297410e-01	 1.030441e+00	 -6.430686e-02	 6.769981e+04	 6.769981e+04	 0	 
 6.903219e-04	 2.297410e-01	 1.030441e+00	 -6.430686e-02	 6.769981e+04	 6.769981e+04	 0	 
 6.903219e-04	 2.297410e-01	 1.030441e+00	 -6.430686e-02	 6.769981e+04	 6.769981e+04	 0	 
 6.903219e-04	 2.297410e-01	 1.030441e+00	 -6.430686e-02	 6.769981e+04	 6.769981e+04	 0	 
 6.903219e-04	 2.297410e-01	 1.030441e+00	 -6.430686e-02	 6.769981e+04	 6.769981e+04	 0	 
 6.903219e-04	 2.297410e-01	 1.030441e+00	 -6.430686e-02	 6.769981e+04	 6.769981e+04	 0	 
 6.903219e-04	 2.297410e-01	 1.030441e+00	 -6.430686e-02	 6.769981e+04	 6.769981e+04	 0	 
 6.903219e-04	 2.297410e-01	 1.030441e+00	 -6.430686e-02	 6.769981e+04	 6.769981e+04	 0	 
 6.903219e-04	 2.297410e-01	 1.030441e+00	 -6.430686e-02	 6.769981e+04	 6.769981e+04	 0	 
 -3.044922e-03	 -2.309511e+00	 3.523320e+00	 -1.593926e-02	 9.157815e+04	 9.157815e+04	 0	 
 -3.044922e-03	 -2.309511e+00	 3.523320e+00	 -1.593926e-02	 9.157815e+04	 9.157815e+04	 0	 
 -3.044922e-03	 -2.309511e+00	 3.523320e+00	 -1.593926e-02	 9.157815e+04	 9.157815e+04	 0	 
 -3.044922e-03	 -2.309511e+00	 3.523320e+00	 -1.593926e-02	 9.157815e+04	 9.157815e+04	 0	 
 -3.044922e-03	 -2.309511e+00	 3.523320e+00	 -1.593926e-02	 9.157815e+04	 9.157815e+04	 0	 
 -3.044922e-03	 -2.309511e+00	 3.523320e+00	 -1.593926e-02	 9.157815e+04	 9.157815e+04	 0	 
 -3.044922e-03	 -2.309511e+00	 3.523320e+00	 -1.593926e-02	 9.157815e+04	 9.157815e+04	 0	 
 -3.044922e-03	 -2.309511e+00	 3.523320e+00	 -1.593926e-02	 9.157815e+04	 9.157815e+04	 0	 
 -3.044922e-03	 -2.309511e+00	 3.523320e+00	 -1.593926e-02	 9.157815e+04	 9.157815e+04	 0	 
 -3.044922e-03	 -2.309511e+00	 3.523320e+00	 -1.593926e-02	 9.157815e+04	 9.157815e+04	 0	 
 -3.044922e-03	 -2.309511e+00	 3.523320e+00	 -1.593926e-02	 9.157815e+04	 9.157815e+04	 0	 
 -3.044922e-03	 -2.309511e+00	 3.523320e+00	 -1.593926e-02	 9.157815e+04	 9.157815e+04	 0	 
 6.903219e-04	 2.297410e-01	 1.030441e+00	 -6.430686e-02	 6.769981e+04	 6.769981e+04	 0	 
 6.903219e-04	 2.297410e-01	 1.030441e+00	 -6.430686e-02	 6.769981e+04	 6.769981e+04	 0	 
 6.903219e-04	 2.297410e-01	 1.030441e+00	 -6.430686e-02	 6.769981e+04	 6.769981e+04	 0	 
 6.903219e-04	 2.297410e-01	 1.030441e+00	 -6.430686e-02	 6.769981e+04	 6.769981e+04	 0	 
 6.903219e-04	 2.297410e-01	 1.030441e+00	 -6.430686e-02	 6.769981e+04	 6.769981e+04	 0	 
 6.903219e-04	 2.297410e-01	 1.030441e+00	 -6.430686e-02	 6.769981e+04	 6.769981e+04	 0	 
 5.629683e-04	 -4.700876e+00	 6.406911e+00	 -3.007390e-01	 4.420392e+04	 4.420392e+04	 0	 
 5.629683e-04	 -4.700876e+00	 6.406911e+00	 -3.007390e-01	 4.420392e+04	 4.420392e+04	 0	 
 5.629683e-04	 -4.700876e+00	 6.406911e+00	 -3.007390e-01	 4.420392e+04	 4.420392e+04	 0	 
 5.629683e-04	 -4.700876e+00	 6.406911e+00	 -3.007390e-01	 4.420392e+04	 4.420392e+04	 0	 
 5.629683e-04	 -4.700876e+00	 6.406911e+00	 -3.007390e-01	 4.420392e+04	 4.420392e+04	 0	 
 5.629683e-04	 -4.700876e+00	 6.406911e+00	 -3.007390e-01	 4.420392e+04	 4.420392e+04	 0	 
 5.629683e-04	 -4.700876e+00	 6.406911e+00	 -3.007390e-01	 4.420392e+04	 4.420392e+04	 0	 
 5.629683e-04	 -4.700876e+00	 6.406911e+00	 -3.007390e-01	 4.420392e+04	 4.420392e+04	 0	 
 5.629683e-04	 -4.700876e+00	 6.406911e+00	 -3.007390e-01	 4.420392e+04	 4.420392e+04	 0	 
 5.629683e-04	 -4.700876e+00	 6.406911e+00	 -3.007390e-01	 4.420392e+04	 4.420392e+04	 0	 
 5.629683e-04	 -4.700876e+00	 6.406911e+00	 -3.007390e-01	 4.420392e+04	 4.420392e+04	 0	 
 5.629683e-04	 -4.700876e+00	 6.406911e+00	 -3.007390e-01	 4.420392e+04	 4.420392e+04	 0	 
 6.903219e-04	 2.297410e-01	 1.030441e+00	 -6.430686e-02	 6.769981e+04	 6.769981e+04	 0	 
 6.903219e-04	 2.297410e-01	 1.030441e+00	 -6.430686e-02	 6.769981e+04	 6.769981e+04	 0	 
 6.903219e-04	 2.297410e-01	 1.030441e+00	 -6.430686e-02	 6.769981e+04	 6.769981e+04	 0	 
 6.903219e-04	 2.297410e-01	 1.030441e+00	 -6.430686e-02	 6.769981e+04	 6.769981e+04	 0	 
 6.903219e-04	 2.297410e-01	 1.030441e+00	 -6.430686e-02	 6.769981e+04	 6.769981e+04	 0	 
 6.903219e-04	 2.297410e-01	 1.030441e+00	 -6.430686e-02	 6.769981e+04	 6.769981e+04	 0	 
 2.779303e-02	 3.177641e-01	 5.786352e-01	 1.496155e-01	 9.636008e+04	 9.796043e+04	 1	 
 2.779303e-02	 3.177641e-01	 5.786352e-01	 1.496155e-01	 9.636008e+04	 9.796043e+04	 1	 
 2.779303e-02	 3.177641e-01	 5.786352e-01	 1.496155e-01	 9.636008e+04	 9.796043e+04	 1	 
 2.779303e-02	 3.177641e-01	 5.786352e-01	 1.496155e-01	 9.636008e+04	 9.796043e+04	 1	 
 2.779303e-02	 3.177641e-01	 5.786352e-01	 1.496155e-01	 9.636008e+04	 9.796043e+04	 1	 
 2.779303e-02	 3.177641e-01	 5.786352e-01	 1.496155e-01	 9.636008e+04	 9.796043e+04	 1	 
 2.286051e-02	 3.997922e-01	 4.839067e-01	 1.564433e-01	 9.583485e+04	 9.633252e+04	 1	 
 2.286051e-02	 3.997922e-01	 4.839067e-01	 1.564433e-01	 9.583485e+04	 9.633252e+04	 1	 
 2.286051e-02	 3.997922e-01	 4.839067e-01	 1.564433e-01	 9.583485e+04	 9.633252e+04	 1	 
 2.286051e-02	 3.997922e-01	 4.839067e-01	 1.564433e-01	 9.583485e+04	 9.633252e+04	 1	 
 2.286051e-02	 3.997922e-01	 4.839067e-01	 1.564433e-01	 9.583485e+04	 9.633252e+04	 1	 
 2.286051e-02	 3.997922e-01	 4.839067e-01	 1.564433e-01	 9.583485e+04	 9.633252e+04	 1	 
 6.903219e-04	 2.297410e-01	 1.030441e+00	 -6.430686e-02	 6.769981e+04	 6.769981e+04	 0	 
 6.903219e-04	 2.297410e-01	 1.030441e+00	 -6.430686e-02	 6.769981e+04	 6.769981e+04	 0	 
 6.903219e-04	 2.297410e-01	 1.030441e+00	 -6.430686e-02	 6.769981e+04	 6.769981e+04	 0	 
 6.903219e-04	 2.297410e-01	 1.030441e+00	 -6.430686e-02	 6.769981e+04	 6.769981e+04	 0	 
 6.903219e-04	 2.297410e-01	 1.030441e+00	 -6.430686e-02	 6.769981e+04	 6.769981e+04	 0	 
 6.903219e-04	 2.297410e-01	 1.030441e+00	 -6.430686e-02	 6.769981e+04	 6.769981e+04	 0	 
 1.322862e-02	 1.020698e-01	 8.450243e-01	 1.231693e-01	 1.086124e+05	 1.097052e+05	 1	 
 1.322862e-02	 1.020698e-01	 8.450243e-01	 1.231693e-01	 1.086124e+05	 1.097052e+05	 1	 
 1.322862e-02	 1.020698e-01	 8.450243e-01	 1.231693e-01	 1.086124e+05	 1.097052e+05	 1	 
 1.322862e-02	 1.020698e-01	 8.450243e-01	 1.231693e-01	 1.086124e+05	 1.097052e+05	 1	 
 1.322862e-02	 1.020698e-01	 8.450243e-01	 1.231693e-01	 1.086124e+05	 1.097052e+05	 1	 
 1.322862e-02	 1.020698e-01	 8.450243e-01	 1.231693e-01	 1.086124e+05	 1.097052e+05	 1	 
 1.251265e-02	 1.116643e-02	 9.524197e-01	 1.139722e-01	 1.084828e+05	 1.086801e+05	 1	 
 1.251265e-02	 1.116643e-02	 9.524197e-01	 1.139722e-01	 1.084828e+05	 1.086801e+05	 1	 
 1.251265e-02	 1.116643e-02	 9.524197e-01	 1.139722e-01	 1.084828e+05	 1.086801e+05	 1	 
 1.251265e-02	 1.116643e-02	 9.524197e-01	 1.139722e-01	 1.084828e+05	 1.086801e+05	 1	 
 1.251265e-02	 1.116643e-02	 9.524197e-01	 1.139722e-01	 1.084828e+05	 1.086801e+05	 1	 
 1.251265e-02	 1.116643e-02	 9.524197e-01	 1.139722e-01	 1.084828e+05	 1.086801e+05	 1	 
 6.903219e-04	 2.297410e-01	 1.030441e+00	 -6.430686e-02	 6.769981e+04	 6.769981e+04	 0	 
 6.903219e-04	 2.297410e-01	 1.030441e+00	 -6.430686e-02	 6.769981e+04	 6.769981e+04	 0	 
 6.903219e-04	 2.297410e-01	 1.030441e+00	 -6.430686e-02	 6.769981e+04	 6.769981e+04	 0	 
 6.903219e-04	 2.297410e-01	 1.030441e+00	 -6.430686e-02	 6.769981e+04	 6.769981e+04	 0	 
 6.903219e-04	 2.297410e-01	 1.030441e+00	 -6.430686e-02	 6.769981e+04	 6.769981e+04	 0	 
 6.903219e-04	 2.297410e-01	 1.030441e+00	 -6.430686e-02	 6.769981e+04	 6.769981e+04	 0	 
 2.779303e-02	 3.177641e-01	 5.786352e-01	 1.496155e-01	 9.636008e+04	 9.796043e+04	 1	 
 2.779303e-02	 3.177641e-01	 5.786352e-01	 1.496155e-01	 9.636008e+04	 9.796043e+04	 1	 
 2.779303e-02	 3.177641e-01	 5.786352e-01	 1.496155e-01	 9.636008e+04	 9.796043e+04	 1	 
 2.779303e-02	 3.177641e-01	 5.786352e-01	 1.496155e-01	 9.636008e+04	 9.796043e+04	 1	 
 2.779303e-02	 3.177641e-01	 5.786352e-01	 1.496155e-01	 9.636008e+04	 9.796043e+04	 1	 
 2.779303e-02	 3.177641e-01	 5.786352e-01	 1.496155e-01	 9.636008e+04	 9.796043e+04	 1	 
 2.298023e-02	 3.860446e-01	 4.997456e-01	 1.553218e-01	 9.584334e+04	 9.634586e+04	 1	 
 2.298023e-02	 3.860446e-01	 4.997456e-01	 1.553218e-01	 9.584334e+04	 9.634586e+04	 1	 
 2.298023e-02	 3.860446e-01	 4.997456e-01	 1.553218e-01	 9.584334e+04	 9.634586e+04	 1	 
 2.298023e-02	 3.860446e-01	 4.997456e-01	 1.553218e-01	 9.584334e+04	 9.634586e+04	 1	 
 2.298023e-02	 3.860446e-01	 4.997456e-01	 1.553218e-01	 9.584334e+04	 9.634586e+04	 1	 
 2.298023e-02	 3.860446e-01	 4.997456e-01	 1.553218e-01	 9.584334e+04	 9.634586e+04	 1	 
 6.903219e-04	 2.297410e-01	 1.030441e+00	 -6.430686e-02	 6.769981e+04	 6.769981e+04	 0	 
 6.903219e-04	 2.297410e-01	 1.030441e+00	 -6.430686e-02	 6.769981e+04	 6.769981e+04	 0	 
 6.903219e-04	 2.297410e-01	 1.030441e+00	 -6.430686e-02	 6.769981e+04	 6.769981e+04	 0	 
 6.903219e-04	 2.297410e-01	 1.030441e+00	 -6.430686e-02	 6.769981e+04	 6.769981e+04	 0	 
 6.903219e-04	 2.297410e-01	 1.030441e+00	 -6.430686e-02	 6.769981e+04	 6.769981e+04	 0	 
 6.903219e-04	 2.297410e-01	 1.030441e+00	 -6.430686e-02	 6.769981e+04	 6.769981e+04	 0	 
 -1.379589e-03	 -2.748009e-01	 1.060963e+00	 2.318619e-01	 1.018976e+05	 1.018976e+05	 0	 
 -1.379589e-03	 -2.748009e-01	 1.060963e+00	 2.318619e-01	 1.018976e+05	 1.018976e+05	 0	 
 -1.379589e-03	 -2.748009e-01	 1.060963e+00	 2.318619e-01	 1.018976e+05	 1.018976e+05	 0	 
 -1.379589e-03	 -2.748009e-01	 1.060963e+00	 2.318619e-01	 1.018976e+05	 1.018976e+05	 0	 
 -1.379589e-03	 -2.748009e-01	 1.060963e+00	 2.318619e-01	 1.018976e+05	 1.018976e+05	 0	 
 -1.379589e-03	 -2.748009e-01	 1.060963e+00	 2.318619e-01	 1.018976e+05	 1.018976e+05	 0	 
 -1.379589e-03	 -2.748009e-01	 1.060963e+00	 2.318619e-01	 1.018976e+05	 1.018976e+05	 0	 
 -1.379589e-03	 -2.748009e-01	 1.060963e+00	 2.318619e-01	 1.018976e+05	 1.018976e+05	 0	 
 -1.379589e-03	 -2.748009e-01	 1.060963e+00	 2.318619e-01	 1.018976e+05	 1.018976e+05	 0	 
 -1.379589e-03	 -2.748009e-01	 1.060963e+00	 2.318619e-01	 1.018976e+05	 1.018976e+05	 0	 
 -1.379589e-03	 -2.748009e-01	 1.060963e+00	 2.318619e-01	 1.018976e+05	 1.018976e+05	 0	 
 -1.379589e-03	 -2.748009e-01	 1.060963e+00	 2.318619e-01	 1.018976e+05	 1.018976e+05	 0	 
 6.903219e-04	 2.297410e-01	 1.030441e+00	 -6.430686e-02	 6.769981e+04	 6.769981e+04	 0	 
 6.903219e-04	 2.297410e-01	 1.030441e+00	 -6.430686e-02	 6.769981e+04	 6.769981e+04	 0	 
 6.903219e-04	 2.297410e-01	 1.030441e+00	 -6.430686e-02	 6.769981e+04	 6.769981e+04	 0	 
 6.903219e-04	 2.297410e-01	 1.030441e+00	 -6.430686e-02	 6.769981e+04	 6.769981e+04	 0	 
 6.903219e-04	 2.297410e-01	 1.030441e+00	 -6.430686e-02	 6.769981e+04	 6.769981e+04	 0	 
 6.903219e-04	 2.297410e-01	 1.030441e+00	 -6.430686e-02	 6.769981e+04	 6.769981e+04	 0	 
 -3.044922e-03	 -2.309511e+00	 3.523320e+00	 -1.593926e-02	 9.157815e+04	 9.157815e+04	 0	 
 -3.044922e-03	 -2.309511e+00	 3.523320e+00	 -1.593926e-02	 9.157815e+04	 9.157815e+04	 0	 
 -3.044922e-03	 -2.309511e+00	 3.523320e+00	 -1.593926e-02	 9.157815e+04	 9.157815e+04	 0	 
 -3.044922e-03	 -2.309511e+00	 3.523320e+00	 -1.593926e-02	 9.157815e+04	 9.157815e+04	 0	 
 -3.044922e-03	 -2.309511e+00	 3.523320e+00	 -1.593926e-02	 9.157815e+04	 9.157815e+04	 0	 
 -3.044922e-03	 -2.309511e+00	 3.523320e+00	 -1.593926e-02	 9.157815e+04	 9.157815e+04	 0	 
 -3.044922e-03	 -2.309511e+00	 3.523320e+00	 -1.593926e-02	 9.157815e+04	 9.157815e+04	 0	 
 -3.044922e-03	 -2.309511e+00	 3.523320e+00	 -1.593926e-02	 9.157815e+04	 9.157815e+04	 0	 
 -3.044922e-03	 -2.309511e+00	 3.523320e+00	 -1.593926e-02	 9.157815e+04	 9.157815e+04	 0	 
 -3.044922e-03	 -2.309511e+00	 3.523320e+00	 -1.593926e-02	 9.157815e+04	 9.157815e+04	 0	 
 -3.044922e-03	 -2.309511e+00	 3.523320e+00	 -1.593926e-02	 9.157815e+04	 9.157815e+04	 0	 
 -3.044922e-03	 -2.309511e+00	 3.523320e+00	 -1.593926e-02	 9.157815e+04	 9.157815e+04	 0	 
 6.903219e-04	 2.297410e-01	 1.030441e+00	 -6.430686e-02	 6.769981e+04	 6.769981e+04	 0	 
 6.903219e-04	 2.297410e-01	 1.030441e+00	 -6.430686e-02	 6.769981e+04	 6.769981e+04	 0	 
 6.903219e-04	 2.297410e-01	 1.030441e+00	 -6.430686e-02	 6.769981e+04	 6.769981e+04	 0	 
 6.903219e-04	 2.297410e-01	 1.030441e+00	 -6.430686e-02	 6.769981e+04	 6.769981e+04	 0	 
 6.903219e-04	 2.297410e-01	 1.030441e+00	 -6.430686e-02	 6.769981e+04	 6.769981e+04	 0	 
 6.903219e-04	 2.297410e-01	 1.030441e+00	 -6.430686e-02	 6.769981e+04	 6.769981e+04	 0	 
 -3.044922e-03	 -2.309511e+00	 3.523320e+00	 -1.593926e-02	 9.157815e+04	 9.157815e+04	 0	 
 -3.044922e-03	 -2.309511e+00	 3.523320e+00	 -1.593926e-02	 9.157815e+04	 9.157815e+04	 0	 
 -3.044922e-03	 -2.309511e+00	 3.523320e+00	 -1.593926e-02	 9.157815e+04	 9.157815e+04	 0	 
 -3.044922e-03	 -2.309511e+00	 3.523320e+00	 -1.593926e-02	 9.157815e+04	 9.157815e+04	 0	 
 -3.044922e-03	 -2.309511e+00	 3.523320e+00	 -1.593926e-02	 9.157815e+04	 9.157815e+04	 0	 
 -3.044922e-03	 -2.309511e+00	 3.523320e+00	 -1.593926e-02	 9.157815e+04	 9.157815e+04	 0	 
 -3.044922e-03	 -2.309511e+00	 3.523320e+00	 -1.593926e-02	 9.157815e+04	 9.157815e+04	 0	 
 -3.044922e-03	 -2.309511e+00	 3.523320e+00	 -1.593926e-02	 9.157815e+04	 9.157815e+04	 0	 
 -3.044922e-03	 -2.309511e+00	 3.523320e+00	 -1.593926e-02	 9.157815e+04	 9.157815e+04	 0	 
 -3.044922e-03	 -2.309511e+00	 3.523320e+00	 -1.593926e-02	 9.157815e+04	 9.157815e+04	 0	 
 -3.044922e-03	 -2.309511e+00	 3.523320e+00	 -1.593926e-02	 9.157815e+04	 9.157815e+04	 0	 
 -3.044922e-03	 -2.309511e+00	 3.523320e+00	 -1.593926e-02	 9.157815e+04	 9.157815e+04	 0	 
 6.903219e-04	 2.297410e-01	 1.030441e+00	 -6.430686e-02	 6.769981e+04	 6.769981e+04	 0	 
 6.903219e-04	 2.297410e-01	 1.030441e+00	 -6.430686e-02	 6.769981e+04	 6.769981e+04	 0	 
 6.903219e-04	 2.297410e-01	 1.030441e+00	 -6.430686e-02	 6.769981e+04	 6.769981e+04	 0	 
 6.903219e-04	 2.297410e-01	 1.030441e+00	 -6.430686e-02	 6.769981e+04	 6.769981e+04	 0	 
 6.903219e-04	 2.297410e-01	 1.030441e+00	 -6.430686e-02	 6.769981e+04	 6.769981e+04	 0	 
 6.903219e-04	 2.297410e-01	 1.030441e+00	 -6.430686e-02	 6.769981e+04	 6.769981e+04	 0	 
 2.779303e-02	 3.177641e-01	 5.786352e-01	 1.496155e-01	 9.636008e+04	 9.796043e+04	 1	 
 2.779303e-02	 3.177641e-01	 5.786352e-01	 1.496155e-01	 9.636008e+04	 9.796043e+04	 1	 
 2.779303e-02	 3.177641e-01	 5.786352e-01	 1.496155e-01	 9.636008e+04	 9.796043e+04	 1	 
 2.779303e-02	 3.177641e-01	 5.786352e-01	 1.496155e-01	 9.636008e+04	 9.796043e+04	 1	 
 2.779303e-02	 3.177641e-01	 5.786352e-01	 1.496155e-01	 9.636008e+04	 9.796043e+04	 1	 
 2.779303e-02	 3.177641e-01	 5.786352e-01	 1.496155e-01	 9.636008e+04	 9.796043e+04	 1	 
 2.275247e-02	 3.556528e-01	 5.347508e-01	 1.528483e-01	 9.580672e+04	 9.621462e+04	 1	 
 2.275247e-02	 3.556528e-01	 5.347508e-01	 1.528483e-01	 9.580672e+04	 9.621462e+04	 1	 
 2.275247e-02	 3.556528e-01	 5.347508e-01	 1.528483e-01	 9.580672e+04	 9.621462e+04	 1	 
 2.275247e-02	 3.556528e-01	 5.347508e-01	 1.528483e-01	 9.580672e+04	 9.621462e+04	 1	 
 2.275247e-02	 3.556528e-01	 5.347508e-01	 1.528483e-01	 9.580672e+04	 9.621462e+04	 1	 
 2.275247e-02	 3.556528e-01	 5.347508e-01	 1.528483e-01	 9.580672e+04	 9.621462e+04	 1	 
 6.903219e-04	 2.297410e-01	 1.030441e+00	 -6.430686e-02	 6.769981e+04	 6.769981e+04	 0	 
 6.903219e-04	 2.297410e-01	 1.030441e+00	 -6.430686e-02	 6.769981e+04	 6.769981e+04	 0	 
 6.903219e-04	 2.297410e-01	 1.030441e+00	 -6.430686e-02	 6.769981e+04	 6.769981e+04	 0	 
 6.903219e-04	 2.297410e-01	 1.030441e+00	 -6.430686e-02	 6.769981e+04	 6.769981e+04	 0	 
 6.903219e-04	 2.297410e-01	 1.030441e+00	 -6.430686e-02	 6.769981e+04	 6.769981e+04	 0	 
 6.903219e-04	 2.297410e-01	 1.030441e+00	 -6.430686e-02	 6.769981e+04	 6.769981e+04	 0	 
 2.779303e-02	 3.177641e-01	 5.786352e-01	 1.496155e-01	 9.636008e+04	 9.796043e+04	 1	 
 2.779303e-02	 3.177641e-01	 5.786352e-01	 1.496155e-01	 9.636008e+04	 9.796043e+04	 1	 
 2.779303e-02	 3.177641e-01	 5.786352e-01	 1.496155e-01	 9.636008e+04	 9.796043e+04	 1	 
 2.779303e-02	 3.177641e-01	 5.786352e-01	 1.496155e-01	 9.636008e+04	 9.796043e+04	 1	 
 2.779303e-02	 3.177641e-01	 5.786352e-01	 1.496155e-01	 9.636008e+04	 9.796043e+04	 1	 
 2.779303e-02	 3.177641e-01	 5.786352e-01	 1.496155e-01	 9.636008e+04	 9.796043e+04	 1	 
 2.366520e-02	 3.650350e-01	 5.239902e-01	 1.535839e-01	 9.591280e+04	 9.654101e+04	 1	 
 2.366520e-02	 3.650350e-01	 5.239902e-01	 1.535839e-01	 9.591280e+04	 9.654101e+04	 1	 
 2.366520e-02	 3.650350e-01	 5.239902e-01	 1.535839e-01	 9.591280e+04	 9.654101e+04	 1	 
 2.366520e-02	 3.650350e-01	 5.239902e-01	 1.535839e-01	 9.591280e+04	 9.654101e+04	 1	 
 2.366520e-02	 3.650350e-01	 5.239902e-01	 1.535839e-01	 9.591280e+04	 9.654101e+04	 1	 
 2.366520e-02	 3.650350e-01	 5.239902e-01	 1.535839e-01	 9.591280e+04	 9.654101e+04	 1	 
 