5.655060e-02	 7.566660e-01	 2.271674e-01	 8.182087e-02	 4.934794e+03	 7.459288e+00	 
 5.620595e-02	 7.410666e-01	 1.556674e-01	 1.351912e-01	 4.911196e+03	 7.451477e+00	 
 5.603514e-02	 7.333351e-01	 1.202302e-01	 1.616428e-01	 4.899501e+03	 7.448096e+00	 
 5.595008e-02	 7.294855e-01	 1.025858e-01	 1.748132e-01	 4.893677e+03	 7.446538e+00	 
 5.590764e-02	 7.275644e-01	 9.378047e-02	 1.813859e-01	 4.890771e+03	 7.445791e+00	 
 5.588643e-02	 7.266046e-01	 8.938119e-02	 1.846697e-01	 4.889319e+03	 7.445426e+00	 
 5.587583e-02	 7.261248e-01	 8.718200e-02	 1.863112e-01	 4.888593e+03	 7.445246e+00	 
 5.505812e-02	 7.597661e-01	 4.872671e-02	 1.890083e-01	 4.827073e+03	 7.443370e+00	 
 5.430316e-02	 7.908258e-01	 1.322243e-02	 1.914985e-01	 4.770273e+03	 7.441772e+00	 
 5.183109e-02	 7.467127e-01	 6.594736e-02	 1.875929e-01	 4.589539e+03	 7.443449e+00	 
 4.968245e-02	 7.083711e-01	 1.117739e-01	 1.841983e-01	 4.432451e+03	 7.445113e+00	 
 5.005543e-02	 7.167413e-01	 1.000491e-01	 1.852720e-01	 4.360666e+03	 7.446022e+00	 
 2.963017e-02	 3.809286e-01	 6.437804e-01	 6.695332e-02	 2.766200e+03	 8.817725e+00	 
 2.799214e-02	 3.306881e-01	 6.289333e-01	 1.080467e-01	 2.614482e+03	 8.760773e+00	 
 2.723913e-02	 3.075923e-01	 6.221080e-01	 1.269376e-01	 2.544736e+03	 8.733478e+00	 
 2.687758e-02	 2.965032e-01	 6.188309e-01	 1.360078e-01	 2.511248e+03	 8.720108e+00	 
 2.670037e-02	 2.910678e-01	 6.172246e-01	 1.404535e-01	 2.494834e+03	 8.713489e+00	 
 2.661262e-02	 2.883767e-01	 6.164294e-01	 1.426547e-01	 2.486707e+03	 8.710196e+00	 
 2.656897e-02	 2.870376e-01	 6.160336e-01	 1.437500e-01	 2.482663e+03	 8.708554e+00	 
 2.630421e-02	 2.948603e-01	 6.068213e-01	 1.445449e-01	 2.454569e+03	 8.711816e+00	 
 2.571638e-02	 2.696800e-01	 6.369216e-01	 1.419342e-01	 2.391113e+03	 8.702298e+00	 
 2.530496e-02	 2.689469e-01	 6.383735e-01	 1.417612e-01	 2.376734e+03	 8.701401e+00	 
 2.743627e-02	 3.525042e-01	 5.385904e-01	 1.524619e-01	 2.306872e+03	 7.465420e+00	 
 2.267146e-02	 4.017459e-01	 4.816473e-01	 1.566078e-01	 2.286309e+03	 7.465209e+00	 
 1.760363e-02	 1.665762e-01	 7.653232e-01	 1.303214e-01	 1.727419e+03	 8.673033e+00	 
 1.510505e-02	 1.297365e-01	 8.108406e-01	 1.262368e-01	 1.518601e+03	 8.668071e+00	 
 1.410395e-02	 1.149760e-01	 8.290781e-01	 1.246002e-01	 1.434933e+03	 8.666866e+00	 
 1.365149e-02	 1.083048e-01	 8.373207e-01	 1.238606e-01	 1.397119e+03	 8.666467e+00	 
 1.343594e-02	 1.051266e-01	 8.412475e-01	 1.235082e-01	 1.379104e+03	 8.666308e+00	 
 1.333068e-02	 1.035745e-01	 8.431651e-01	 1.233361e-01	 1.370307e+03	 8.666238e+00	 
 1.327865e-02	 1.028075e-01	 8.441129e-01	 1.232511e-01	 1.365959e+03	 8.666205e+00	 
 1.325279e-02	 1.024261e-01	 8.445841e-01	 1.232088e-01	 1.363797e+03	 8.666189e+00	 
 1.323989e-02	 1.022360e-01	 8.448190e-01	 1.231877e-01	 1.362719e+03	 8.666181e+00	 
 1.323345e-02	 1.021410e-01	 8.449364e-01	 1.231772e-01	 1.362181e+03	 8.666177e+00	 
 1.323023e-02	 1.020936e-01	 8.449950e-01	 1.231719e-01	 1.361912e+03	 8.666175e+00	 
 1.322862e-02	 1.020698e-01	 8.450243e-01	 1.231693e-01	 1.361778e+03	 8.666174e+00	 
 2.630421e-02	 2.948603e-01	 6.068213e-01	 1.445449e-01	 -3.833914e+02	 7.171813e+00	 
 