Condicionamento
1.399506e+04	 1	 0	 
 6.229644e+02	 1	 0	 
 1.278354e+02	 1	 0	 
 1.920844e+02	 1	 0	 
 6.325808e+03	 1	 0	 
 1.037156e+04	 1	 0	 
 2.610877e+02	 1	 0	 
 2.355496e+02	 1	 0	 
 8.970922e+01	 1	 0	 
 2.704834e+02	 1	 0	 
 2.704834e+02	 1	 1	 
 2.610877e+02	 1	 2	 
 2.610877e+02	 1	 3	 
 2.704834e+02	 2	 1	 
 6.325808e+03	 2	 2	 
 6.325808e+03	 2	 3	 
 2.704834e+02	 3	 1	 
 8.970922e+01	 3	 2	 
 8.970922e+01	 3	 3	 
 2.704834e+02	 4	 1	 
 2.610877e+02	 4	 2	 
 2.610877e+02	 4	 3	 
 2.704834e+02	 5	 1	 
 1.037156e+04	 5	 2	 
 1.037156e+04	 5	 3	 
 2.704834e+02	 6	 1	 
 6.325808e+03	 6	 2	 
 6.325808e+03	 6	 3	 
 2.704834e+02	 7	 1	 
 1.037156e+04	 7	 2	 
 1.037156e+04	 7	 3	 
 2.704834e+02	 8	 1	 
 1.037156e+04	 8	 2	 
 1.037156e+04	 8	 3	 
 2.704834e+02	 9	 1	 
 1.037156e+04	 9	 2	 
 1.037156e+04	 9	 3	 
 2.704834e+02	 10	 1	 
 1.920844e+02	 10	 2	 
 1.920844e+02	 10	 3	 
 