s	 e	 integralPartic	 alturaRetang	 metadePartic	 maximaPartic	 minimoPArtic	 alturaPartic	 p	 comparativoMet
10	 40	 4.343302e+01	 1.401065e+00	 1.113197e+00	 2.226374e+00	 2.025862e-05	 1.258596e+00	 1	 7.945363e-01	 
 23	 51	 5.400627e+01	 1.862285e+00	 1.315634e+00	 2.631207e+00	 6.153176e-05	 1.415504e+00	 1	 7.064622e-01	 
 8	 59	 6.164122e+01	 1.185408e+00	 3.517359e+00	 6.896952e+00	 1.377650e-01	 3.370166e-01	 0	 2.967213e+00	 
 38	 54	 2.769691e+00	 1.629230e-01	 3.180969e+00	 6.216301e+00	 1.456375e-01	 6.148631e-01	 0	 1.952437e+01	 
 30	 42	 3.490883e+01	 2.685294e+00	 1.381178e+00	 2.762231e+00	 1.252249e-04	 1.944205e+00	 1	 5.143489e-01	 
 19	 35	 2.758058e+01	 1.622387e+00	 1.097007e+00	 2.194007e+00	 6.333555e-06	 1.478922e+00	 1	 6.761684e-01	 
 31	 55	 6.377267e+01	 2.550907e+00	 1.534574e+00	 3.069102e+00	 4.703895e-05	 1.662289e+00	 1	 6.015799e-01	 
 38	 51	 5.052098e+00	 3.608642e-01	 1.364215e+00	 2.728239e+00	 1.905498e-04	 2.645215e-01	 0	 3.780411e+00	 
 13	 53	 2.484246e+01	 6.059137e-01	 1.044979e+00	 2.089859e+00	 9.844819e-05	 5.798336e-01	 0	 1.724633e+00	 
 34	 51	 3.145819e+01	 1.747677e+00	 1.180409e+00	 2.360735e+00	 8.425575e-05	 1.480569e+00	 1	 6.754161e-01	 
 1	 1	 1.000000e-05	 1.000000e-05	 1.000000e-05	 1.000000e-05	 1.000000e-05	 1.000000e-05	 1	 1.000000e-05	 
 1	 1	 1.000000e-05	 1.000000e-05	 1.000000e-05	 1.000000e-05	 1.000000e-05	 1.000000e-05	 1	 1.000000e-05	 
 1	 1	 1.000000e-05	 1.000000e-05	 1.000000e-05	 1.000000e-05	 1.000000e-05	 1.000000e-05	 1	 1.000000e-05	 
 1	 1	 1.000000e-05	 1.000000e-05	 1.000000e-05	 1.000000e-05	 1.000000e-05	 1.000000e-05	 1	 1.000000e-05	 
 1	 1	 1.000000e-05	 1.000000e-05	 1.000000e-05	 1.000000e-05	 1.000000e-05	 1.000000e-05	 1	 1.000000e-05	 
 1	 1	 1.000000e-05	 1.000000e-05	 1.000000e-05	 1.000000e-05	 1.000000e-05	 1.000000e-05	 1	 1.000000e-05	 
 1	 1	 1.000000e-05	 1.000000e-05	 1.000000e-05	 1.000000e-05	 1.000000e-05	 1.000000e-05	 1	 1.000000e-05	 
 1	 1	 1.000000e-05	 1.000000e-05	 1.000000e-05	 1.000000e-05	 1.000000e-05	 1.000000e-05	 1	 1.000000e-05	 
 1	 1	 1.000000e-05	 1.000000e-05	 1.000000e-05	 1.000000e-05	 1.000000e-05	 1.000000e-05	 1	 1.000000e-05	 
 1	 1	 1.000000e-05	 1.000000e-05	 1.000000e-05	 1.000000e-05	 1.000000e-05	 1.000000e-05	 1	 1.000000e-05	 
 