2.425256e-01	 8.672179e-02	 6.929753e-02	 3.599906e-01	 1.068613e+05	 5.644267e+00	 
 1.973472e-01	 9.889446e-02	 2.144918e-01	 2.996537e-01	 1.066672e+05	 5.647803e+00	 
 2.229754e-01	 1.113636e-01	 1.484478e-01	 3.051566e-01	 1.057010e+05	 5.639309e+00	 
 1.903067e-01	 1.525406e-01	 2.807092e-01	 2.135280e-01	 1.037620e+05	 5.653370e+00	 
 1.956329e-01	 2.233027e-04	 1.543313e-01	 4.509364e-01	 8.028681e+04	 4.137013e+00	 
 1.956329e-01	 2.233027e-04	 1.543313e-01	 4.509364e-01	 8.028395e+04	 4.140795e+00	 
 1.186477e-02	 3.279428e-04	 4.724554e-01	 4.071044e-01	 6.359310e+04	 5.169472e+00	 
 1.060149e-02	 6.363070e-04	 4.640131e-01	 4.134425e-01	 6.358836e+04	 5.760085e+00	 
 8.288212e-03	 1.200971e-03	 4.485538e-01	 4.250486e-01	 6.357968e+04	 6.376000e+00	 
 4.363624e-03	 2.158953e-03	 4.223263e-01	 4.447389e-01	 6.356496e+04	 6.957757e+00	 
 5.361740e-02	 1.295701e-02	 7.428216e-01	 1.906036e-01	 5.519611e+04	 9.747529e+00	 
 6.701669e-02	 4.238525e-02	 6.559845e-01	 2.346089e-01	 5.476829e+04	 1.510615e+01	 
 