3.503454e-03	 9.300103e-02	 9.750991e-01	 5.355971e-02	 1.286390e-01	 8.627696e+00	 
 3.518352e-03	 6.176479e-02	 9.591293e-01	 8.286440e-02	 1.100807e-01	 8.629119e+00	 
 3.525847e-03	 4.604364e-02	 9.510917e-01	 9.761341e-02	 1.007826e-01	 8.630600e+00	 
 3.529606e-03	 3.815631e-02	 9.470591e-01	 1.050130e-01	 9.613931e-02	 8.631534e+00	 
 3.531489e-03	 3.420553e-02	 9.450392e-01	 1.087195e-01	 9.381273e-02	 8.632050e+00	 
 3.532432e-03	 3.222815e-02	 9.440283e-01	 1.105746e-01	 9.268139e-02	 8.632320e+00	 
 3.532903e-03	 3.123886e-02	 9.435225e-01	 1.115027e-01	 9.211551e-02	 8.632458e+00	 
 3.533139e-03	 3.074401e-02	 9.432695e-01	 1.119670e-01	 9.187213e-02	 8.632528e+00	 
 3.533257e-03	 3.049651e-02	 9.431430e-01	 1.121992e-01	 9.162127e-02	 8.632563e+00	 
 3.533316e-03	 3.037273e-02	 9.430797e-01	 1.123153e-01	 9.154392e-02	 8.632581e+00	 
 2.382894e-02	 5.343546e-01	 3.462426e-01	 1.563011e-01	 6.182935e-02	 1.085170e+01	 
 2.378497e-02	 7.112987e-01	 1.108081e-01	 1.900767e-01	 4.148622e-02	 1.093175e+01	 
 