s	 e	 integralPartic	 alturaRetang	 metadePartic	 maximaPartic	 minimoPArtic	 alturaPartic	 p	 comparativoMet
35	 57	 5.648333e+04	 2.455797e+03	 1.321381e+03	 2.642563e+03	 1.980225e-01	 1.858508e+00	 1	 5.380660e-01	 
 3	 28	 1.976805e+04	 7.603097e+02	 6.855864e+02	 1.371160e+03	 1.271553e-02	 2.548925e-02	 1	 9.017199e-01	 
 3	 28	 1.798556e+04	 6.917524e+02	 6.855864e+02	 1.371160e+03	 1.271553e-02	 2.548925e-02	 1	 9.910865e-01	 
 35	 57	 5.648333e+04	 2.455797e+03	 1.321381e+03	 2.642563e+03	 1.980225e-01	 1.858508e+00	 1	 5.380660e-01	 
 13	 44	 6.070947e+02	 1.897171e+01	 1.550803e+03	 3.094220e+03	 7.386925e+00	 1.532229e+00	 0	 8.174294e+01	 
 13	 34	 2.626104e+04	 1.193684e+03	 7.283527e+02	 1.456645e+03	 6.053349e-02	 6.102697e-01	 1	 6.101722e-01	 
 39	 51	 1.495893e+04	 1.150687e+03	 6.728206e+02	 1.345490e+03	 1.511369e-01	 1.710243e+00	 1	 5.847121e-01	 
 13	 44	 6.070947e+02	 1.897171e+01	 1.550803e+03	 3.094220e+03	 7.386925e+00	 1.532229e+00	 0	 8.174294e+01	 
 23	 40	 2.284636e+04	 1.269242e+03	 6.821320e+02	 1.364237e+03	 2.740366e-02	 1.860699e+00	 1	 5.374325e-01	 
 35	 57	 5.648333e+04	 2.455797e+03	 1.321381e+03	 2.642563e+03	 1.980225e-01	 1.858508e+00	 1	 5.380660e-01	 
 