Condicionamento
2.439640e+04	 1	 0	 
 3.648774e+04	 1	 0	 
 3.395727e+03	 1	 0	 
 3.604021e+03	 1	 0	 
 1.572797e+04	 1	 0	 
 1.222973e+04	 1	 0	 
 1.071263e+03	 1	 0	 
 2.125596e+04	 1	 0	 
 1.024899e+04	 1	 0	 
 5.887351e+04	 1	 0	 
 5.887351e+04	 1	 1	 
 3.604021e+03	 1	 2	 
 3.604021e+03	 1	 3	 
 5.887351e+04	 2	 1	 
 1.222973e+04	 2	 2	 
 1.222973e+04	 2	 3	 
 5.887351e+04	 3	 1	 
 3.648774e+04	 3	 2	 
 3.648774e+04	 3	 3	 
 5.887351e+04	 4	 1	 
 3.604021e+03	 4	 2	 
 3.604021e+03	 4	 3	 
 5.887351e+04	 5	 1	 
 1.572797e+04	 5	 2	 
 1.572797e+04	 5	 3	 
 5.887351e+04	 6	 1	 
 1.024899e+04	 6	 2	 
 1.024899e+04	 6	 3	 
 5.887351e+04	 7	 1	 
 3.604021e+03	 7	 2	 
 3.604021e+03	 7	 3	 
 5.887351e+04	 8	 1	 
 1.071263e+03	 8	 2	 
 1.071263e+03	 8	 3	 
 5.887351e+04	 9	 1	 
 2.125596e+04	 9	 2	 
 2.125596e+04	 9	 3	 
 5.887351e+04	 10	 1	 
 3.604021e+03	 10	 2	 
 3.604021e+03	 10	 3	 
 