s	 e	 integralPartic	 alturaRetang	 metadePartic	 maximaPartic	 minimoPArtic	 alturaPartic	 p	 comparativoMet
87	 102	 1.044198e+04	 6.526239e+02	 4.142296e+02	 8.283559e+02	 1.032258e-01	 1.575512e+00	 1	 6.347141e-01	 
 97	 109	 9.852925e+03	 7.579173e+02	 4.142296e+02	 8.283559e+02	 1.032258e-01	 1.924724e+00	 1	 5.465367e-01	 
 72	 114	 1.876575e+04	 4.364128e+02	 4.142296e+02	 8.283559e+02	 1.032258e-01	 1.053553e+00	 1	 9.491692e-01	 
 65	 111	 1.689893e+04	 3.595518e+02	 4.142296e+02	 8.283559e+02	 1.032258e-01	 8.680012e-01	 0	 1.152072e+00	 
 62	 117	 4.088711e+04	 7.301270e+02	 4.142296e+02	 8.283559e+02	 1.032258e-01	 1.762614e+00	 1	 5.673391e-01	 
 63	 109	 2.662140e+04	 5.664127e+02	 4.142296e+02	 8.283559e+02	 1.032258e-01	 1.262194e+00	 1	 7.313212e-01	 
 71	 81	 4.251269e+03	 3.864790e+02	 4.142296e+02	 8.283559e+02	 1.032258e-01	 9.330068e-01	 0	 1.071804e+00	 
 71	 97	 1.502805e+04	 5.565943e+02	 4.142296e+02	 8.283559e+02	 1.032258e-01	 1.343686e+00	 1	 7.442218e-01	 
 81	 95	 5.497253e+03	 3.664835e+02	 4.142296e+02	 8.283559e+02	 1.032258e-01	 8.847352e-01	 0	 1.130282e+00	 
 62	 104	 3.224352e+04	 7.498493e+02	 4.142296e+02	 8.283559e+02	 1.032258e-01	 1.810226e+00	 1	 5.524171e-01	 
 1	 1	 1.000000e-05	 1.000000e-05	 1.000000e-05	 1.000000e-05	 1.000000e-05	 1.000000e-05	 1	 1.000000e-05	 
 1	 1	 1.000000e-05	 1.000000e-05	 1.000000e-05	 1.000000e-05	 1.000000e-05	 1.000000e-05	 1	 1.000000e-05	 
 1	 1	 1.000000e-05	 1.000000e-05	 1.000000e-05	 1.000000e-05	 1.000000e-05	 1.000000e-05	 1	 1.000000e-05	 
 1	 1	 1.000000e-05	 1.000000e-05	 1.000000e-05	 1.000000e-05	 1.000000e-05	 1.000000e-05	 1	 1.000000e-05	 
 1	 1	 1.000000e-05	 1.000000e-05	 1.000000e-05	 1.000000e-05	 1.000000e-05	 1.000000e-05	 1	 1.000000e-05	 
 1	 1	 1.000000e-05	 1.000000e-05	 1.000000e-05	 1.000000e-05	 1.000000e-05	 1.000000e-05	 1	 1.000000e-05	 
 1	 1	 1.000000e-05	 1.000000e-05	 1.000000e-05	 1.000000e-05	 1.000000e-05	 1.000000e-05	 1	 1.000000e-05	 
 1	 1	 1.000000e-05	 1.000000e-05	 1.000000e-05	 1.000000e-05	 1.000000e-05	 1.000000e-05	 1	 1.000000e-05	 
 1	 1	 1.000000e-05	 1.000000e-05	 1.000000e-05	 1.000000e-05	 1.000000e-05	 1.000000e-05	 1	 1.000000e-05	 
 1	 1	 1.000000e-05	 1.000000e-05	 1.000000e-05	 1.000000e-05	 1.000000e-05	 1.000000e-05	 1	 1.000000e-05	 
 