-3.503729e-03	 -1.555821e+00	 1.217131e+00	 9.321388e-01	 1.052222e+05	 1.052222e+05	 0	 
 -3.503729e-03	 -1.555821e+00	 1.217131e+00	 9.321388e-01	 1.052222e+05	 1.052222e+05	 0	 
 -3.503729e-03	 -1.555821e+00	 1.217131e+00	 9.321388e-01	 1.052222e+05	 1.052222e+05	 0	 
 -3.503729e-03	 -1.555821e+00	 1.217131e+00	 9.321388e-01	 1.052222e+05	 1.052222e+05	 0	 
 -3.503729e-03	 -1.555821e+00	 1.217131e+00	 9.321388e-01	 1.052222e+05	 1.052222e+05	 0	 
 -3.503729e-03	 -1.555821e+00	 1.217131e+00	 9.321388e-01	 1.052222e+05	 1.052222e+05	 0	 
 1.836274e-02	 1.263348e+00	 1.610173e+00	 -1.073084e+00	 8.522170e+04	 8.522170e+04	 0	 
 1.836274e-02	 1.263348e+00	 1.610173e+00	 -1.073084e+00	 8.522170e+04	 8.522170e+04	 0	 
 1.836274e-02	 1.263348e+00	 1.610173e+00	 -1.073084e+00	 8.522170e+04	 8.522170e+04	 0	 
 1.836274e-02	 1.263348e+00	 1.610173e+00	 -1.073084e+00	 8.522170e+04	 8.522170e+04	 0	 
 1.836274e-02	 1.263348e+00	 1.610173e+00	 -1.073084e+00	 8.522170e+04	 8.522170e+04	 0	 
 1.836274e-02	 1.263348e+00	 1.610173e+00	 -1.073084e+00	 8.522170e+04	 8.522170e+04	 0	 
 -6.332780e-03	 -1.480760e+00	 -7.669756e-01	 2.114829e+00	 7.285309e+04	 7.285309e+04	 0	 
 -6.332780e-03	 -1.480760e+00	 -7.669756e-01	 2.114829e+00	 7.285309e+04	 7.285309e+04	 0	 
 -6.332780e-03	 -1.480760e+00	 -7.669756e-01	 2.114829e+00	 7.285309e+04	 7.285309e+04	 0	 
 -6.332780e-03	 -1.480760e+00	 -7.669756e-01	 2.114829e+00	 7.285309e+04	 7.285309e+04	 0	 
 -6.332780e-03	 -1.480760e+00	 -7.669756e-01	 2.114829e+00	 7.285309e+04	 7.285309e+04	 0	 
 -6.332780e-03	 -1.480760e+00	 -7.669756e-01	 2.114829e+00	 7.285309e+04	 7.285309e+04	 0	 
 3.530181e-03	 1.939591e+00	 -9.542240e-02	 -4.389473e-01	 5.825906e+04	 5.825906e+04	 0	 
 3.530181e-03	 1.939591e+00	 -9.542240e-02	 -4.389473e-01	 5.825906e+04	 5.825906e+04	 0	 
 3.530181e-03	 1.939591e+00	 -9.542240e-02	 -4.389473e-01	 5.825906e+04	 5.825906e+04	 0	 
 3.530181e-03	 1.939591e+00	 -9.542240e-02	 -4.389473e-01	 5.825906e+04	 5.825906e+04	 0	 
 3.530181e-03	 1.939591e+00	 -9.542240e-02	 -4.389473e-01	 5.825906e+04	 5.825906e+04	 0	 
 3.530181e-03	 1.939591e+00	 -9.542240e-02	 -4.389473e-01	 5.825906e+04	 5.825906e+04	 0	 
 -4.050331e-03	 -2.498669e-01	 7.505048e-01	 4.069811e-01	 8.352418e+04	 8.352418e+04	 0	 
 -4.050331e-03	 -2.498669e-01	 7.505048e-01	 4.069811e-01	 8.352418e+04	 8.352418e+04	 0	 
 -4.050331e-03	 -2.498669e-01	 7.505048e-01	 4.069811e-01	 8.352418e+04	 8.352418e+04	 0	 
 -4.050331e-03	 -2.498669e-01	 7.505048e-01	 4.069811e-01	 8.352418e+04	 8.352418e+04	 0	 
 -4.050331e-03	 -2.498669e-01	 7.505048e-01	 4.069811e-01	 8.352418e+04	 8.352418e+04	 0	 
 1.728147e-03	 3.890128e-01	 7.283747e-01	 2.093596e-02	 8.395782e+04	 8.352418e+04	 1	 
 2.262521e-02	 4.603564e-01	 6.341908e-01	 2.441487e-02	 7.239555e+04	 7.127331e+04	 1	 
 2.262521e-02	 4.603564e-01	 6.341908e-01	 2.441487e-02	 7.239555e+04	 7.127331e+04	 1	 
 2.262521e-02	 4.603564e-01	 6.341908e-01	 2.441487e-02	 7.239555e+04	 7.127331e+04	 1	 
 2.262521e-02	 4.603564e-01	 6.341908e-01	 2.441487e-02	 7.239555e+04	 7.127331e+04	 1	 
 2.262521e-02	 4.603564e-01	 6.341908e-01	 2.441487e-02	 7.239555e+04	 7.127331e+04	 1	 
 2.262521e-02	 4.603564e-01	 6.341908e-01	 2.441487e-02	 7.239555e+04	 7.127331e+04	 1	 
 -1.707041e-03	 2.531515e-02	 2.393064e-01	 5.475133e-01	 1.354747e+05	 1.354747e+05	 0	 
 -1.707041e-03	 2.531515e-02	 2.393064e-01	 5.475133e-01	 1.354747e+05	 1.354747e+05	 0	 
 -1.707041e-03	 2.531515e-02	 2.393064e-01	 5.475133e-01	 1.354747e+05	 1.354747e+05	 0	 
 -1.707041e-03	 2.531515e-02	 2.393064e-01	 5.475133e-01	 1.354747e+05	 1.354747e+05	 0	 
 -1.707041e-03	 2.531515e-02	 2.393064e-01	 5.475133e-01	 1.354747e+05	 1.354747e+05	 0	 
 -1.707041e-03	 2.531515e-02	 2.393064e-01	 5.475133e-01	 1.354747e+05	 1.354747e+05	 0	 
 1.410670e-01	 -1.320986e+01	 2.483255e+01	 -6.380184e+00	 6.819479e+04	 6.819479e+04	 0	 
 1.410670e-01	 -1.320986e+01	 2.483255e+01	 -6.380184e+00	 6.819479e+04	 6.819479e+04	 0	 
 1.410670e-01	 -1.320986e+01	 2.483255e+01	 -6.380184e+00	 6.819479e+04	 6.819479e+04	 0	 
 1.410670e-01	 -1.320986e+01	 2.483255e+01	 -6.380184e+00	 6.819479e+04	 6.819479e+04	 0	 
 1.410670e-01	 -1.320986e+01	 2.483255e+01	 -6.380184e+00	 6.819479e+04	 6.819479e+04	 0	 
 1.410670e-01	 -1.320986e+01	 2.483255e+01	 -6.380184e+00	 6.819479e+04	 6.819479e+04	 0	 
 3.532841e-03	 -1.782606e+00	 3.089965e+00	 -8.036189e-02	 8.850687e+04	 8.850687e+04	 0	 
 3.532841e-03	 -1.782606e+00	 3.089965e+00	 -8.036189e-02	 8.850687e+04	 8.850687e+04	 0	 
 3.532841e-03	 -1.782606e+00	 3.089965e+00	 -8.036189e-02	 8.850687e+04	 8.850687e+04	 0	 
 3.532841e-03	 -1.782606e+00	 3.089965e+00	 -8.036189e-02	 8.850687e+04	 8.850687e+04	 0	 
 3.532841e-03	 -1.782606e+00	 3.089965e+00	 -8.036189e-02	 8.850687e+04	 8.850687e+04	 0	 
 3.532841e-03	 -1.782606e+00	 3.089965e+00	 -8.036189e-02	 8.850687e+04	 8.850687e+04	 0	 
 -1.672900e-02	 -1.279563e+00	 -3.753372e+00	 3.831527e+00	 1.128546e+05	 1.128546e+05	 0	 
 -1.672900e-02	 -1.279563e+00	 -3.753372e+00	 3.831527e+00	 1.128546e+05	 1.128546e+05	 0	 
 -1.672900e-02	 -1.279563e+00	 -3.753372e+00	 3.831527e+00	 1.128546e+05	 1.128546e+05	 0	 
 -1.672900e-02	 -1.279563e+00	 -3.753372e+00	 3.831527e+00	 1.128546e+05	 1.128546e+05	 0	 
 -1.672900e-02	 -1.279563e+00	 -3.753372e+00	 3.831527e+00	 1.128546e+05	 1.128546e+05	 0	 
 -1.672900e-02	 -1.279563e+00	 -3.753372e+00	 3.831527e+00	 1.128546e+05	 1.128546e+05	 0	 
 -1.672900e-02	 -1.279563e+00	 -3.753372e+00	 3.831527e+00	 1.128546e+05	 1.128546e+05	 0	 
 -1.672900e-02	 -1.279563e+00	 -3.753372e+00	 3.831527e+00	 1.128546e+05	 1.128546e+05	 0	 
 -1.672900e-02	 -1.279563e+00	 -3.753372e+00	 3.831527e+00	 1.128546e+05	 1.128546e+05	 0	 
 -1.672900e-02	 -1.279563e+00	 -3.753372e+00	 3.831527e+00	 1.128546e+05	 1.128546e+05	 0	 
 -1.672900e-02	 -1.279563e+00	 -3.753372e+00	 3.831527e+00	 1.128546e+05	 1.128546e+05	 0	 
 -1.672900e-02	 -1.279563e+00	 -3.753372e+00	 3.831527e+00	 1.128546e+05	 1.128546e+05	 0	 
 -1.707041e-03	 2.531515e-02	 2.393064e-01	 5.475133e-01	 1.354747e+05	 1.354747e+05	 0	 
 -1.707041e-03	 2.531515e-02	 2.393064e-01	 5.475133e-01	 1.354747e+05	 1.354747e+05	 0	 
 -1.707041e-03	 2.531515e-02	 2.393064e-01	 5.475133e-01	 1.354747e+05	 1.354747e+05	 0	 
 -1.707041e-03	 2.531515e-02	 2.393064e-01	 5.475133e-01	 1.354747e+05	 1.354747e+05	 0	 
 -1.707041e-03	 2.531515e-02	 2.393064e-01	 5.475133e-01	 1.354747e+05	 1.354747e+05	 0	 
 -1.707041e-03	 2.531515e-02	 2.393064e-01	 5.475133e-01	 1.354747e+05	 1.354747e+05	 0	 
 -1.707041e-03	 2.531515e-02	 2.393064e-01	 5.475133e-01	 1.354747e+05	 1.354747e+05	 0	 
 -1.707041e-03	 2.531515e-02	 2.393064e-01	 5.475133e-01	 1.354747e+05	 1.354747e+05	 0	 
 -1.707041e-03	 2.531515e-02	 2.393064e-01	 5.475133e-01	 1.354747e+05	 1.354747e+05	 0	 
 -1.707041e-03	 2.531515e-02	 2.393064e-01	 5.475133e-01	 1.354747e+05	 1.354747e+05	 0	 
 -1.707041e-03	 2.531515e-02	 2.393064e-01	 5.475133e-01	 1.354747e+05	 1.354747e+05	 0	 
 -1.707041e-03	 2.531515e-02	 2.393064e-01	 5.475133e-01	 1.354747e+05	 1.354747e+05	 0	 
 -1.672900e-02	 -1.279563e+00	 -3.753372e+00	 3.831527e+00	 1.128546e+05	 1.128546e+05	 0	 
 -1.672900e-02	 -1.279563e+00	 -3.753372e+00	 3.831527e+00	 1.128546e+05	 1.128546e+05	 0	 
 -1.672900e-02	 -1.279563e+00	 -3.753372e+00	 3.831527e+00	 1.128546e+05	 1.128546e+05	 0	 
 -1.672900e-02	 -1.279563e+00	 -3.753372e+00	 3.831527e+00	 1.128546e+05	 1.128546e+05	 0	 
 -1.672900e-02	 -1.279563e+00	 -3.753372e+00	 3.831527e+00	 1.128546e+05	 1.128546e+05	 0	 
 -1.672900e-02	 -1.279563e+00	 -3.753372e+00	 3.831527e+00	 1.128546e+05	 1.128546e+05	 0	 
 1.086953e-03	 3.294673e-01	 7.127846e-01	 6.781134e-02	 8.392064e+04	 8.396108e+04	 1	 
 1.086953e-03	 3.294673e-01	 7.127846e-01	 6.781134e-02	 8.392064e+04	 8.396108e+04	 1	 
 1.086953e-03	 3.294673e-01	 7.127846e-01	 6.781134e-02	 8.392064e+04	 8.396108e+04	 1	 
 1.086953e-03	 3.294673e-01	 7.127846e-01	 6.781134e-02	 8.392064e+04	 8.396108e+04	 1	 
 1.086953e-03	 3.294673e-01	 7.127846e-01	 6.781134e-02	 8.392064e+04	 8.396108e+04	 1	 
 1.086953e-03	 3.294673e-01	 7.127846e-01	 6.781134e-02	 8.392064e+04	 8.396108e+04	 1	 
 9.951491e-04	 3.160798e-01	 7.172831e-01	 7.340894e-02	 8.391122e+04	 8.392505e+04	 1	 
 9.951491e-04	 3.160798e-01	 7.172831e-01	 7.340894e-02	 8.391122e+04	 8.392505e+04	 1	 
 9.951491e-04	 3.160798e-01	 7.172831e-01	 7.340894e-02	 8.391122e+04	 8.392505e+04	 1	 
 9.951491e-04	 3.160798e-01	 7.172831e-01	 7.340894e-02	 8.391122e+04	 8.392505e+04	 1	 
 9.951491e-04	 3.160798e-01	 7.172831e-01	 7.340894e-02	 8.391122e+04	 8.392505e+04	 1	 
 9.951491e-04	 3.160798e-01	 7.172831e-01	 7.340894e-02	 8.391122e+04	 8.392505e+04	 1	 
 -1.672900e-02	 -1.279563e+00	 -3.753372e+00	 3.831527e+00	 1.128546e+05	 1.128546e+05	 0	 
 -1.672900e-02	 -1.279563e+00	 -3.753372e+00	 3.831527e+00	 1.128546e+05	 1.128546e+05	 0	 
 -1.672900e-02	 -1.279563e+00	 -3.753372e+00	 3.831527e+00	 1.128546e+05	 1.128546e+05	 0	 
 -1.672900e-02	 -1.279563e+00	 -3.753372e+00	 3.831527e+00	 1.128546e+05	 1.128546e+05	 0	 
 -1.672900e-02	 -1.279563e+00	 -3.753372e+00	 3.831527e+00	 1.128546e+05	 1.128546e+05	 0	 
 -1.672900e-02	 -1.279563e+00	 -3.753372e+00	 3.831527e+00	 1.128546e+05	 1.128546e+05	 0	 
 3.532841e-03	 -1.782606e+00	 3.089965e+00	 -8.036189e-02	 8.850687e+04	 8.850687e+04	 0	 
 3.532841e-03	 -1.782606e+00	 3.089965e+00	 -8.036189e-02	 8.850687e+04	 8.850687e+04	 0	 
 3.532841e-03	 -1.782606e+00	 3.089965e+00	 -8.036189e-02	 8.850687e+04	 8.850687e+04	 0	 
 3.532841e-03	 -1.782606e+00	 3.089965e+00	 -8.036189e-02	 8.850687e+04	 8.850687e+04	 0	 
 3.532841e-03	 -1.782606e+00	 3.089965e+00	 -8.036189e-02	 8.850687e+04	 8.850687e+04	 0	 
 3.532841e-03	 -1.782606e+00	 3.089965e+00	 -8.036189e-02	 8.850687e+04	 8.850687e+04	 0	 
 3.532841e-03	 -1.782606e+00	 3.089965e+00	 -8.036189e-02	 8.850687e+04	 8.850687e+04	 0	 
 3.532841e-03	 -1.782606e+00	 3.089965e+00	 -8.036189e-02	 8.850687e+04	 8.850687e+04	 0	 
 3.532841e-03	 -1.782606e+00	 3.089965e+00	 -8.036189e-02	 8.850687e+04	 8.850687e+04	 0	 
 3.532841e-03	 -1.782606e+00	 3.089965e+00	 -8.036189e-02	 8.850687e+04	 8.850687e+04	 0	 
 3.532841e-03	 -1.782606e+00	 3.089965e+00	 -8.036189e-02	 8.850687e+04	 8.850687e+04	 0	 
 3.532841e-03	 -1.782606e+00	 3.089965e+00	 -8.036189e-02	 8.850687e+04	 8.850687e+04	 0	 
 -1.672900e-02	 -1.279563e+00	 -3.753372e+00	 3.831527e+00	 1.128546e+05	 1.128546e+05	 0	 
 -1.672900e-02	 -1.279563e+00	 -3.753372e+00	 3.831527e+00	 1.128546e+05	 1.128546e+05	 0	 
 -1.672900e-02	 -1.279563e+00	 -3.753372e+00	 3.831527e+00	 1.128546e+05	 1.128546e+05	 0	 
 -1.672900e-02	 -1.279563e+00	 -3.753372e+00	 3.831527e+00	 1.128546e+05	 1.128546e+05	 0	 
 -1.672900e-02	 -1.279563e+00	 -3.753372e+00	 3.831527e+00	 1.128546e+05	 1.128546e+05	 0	 
 -1.672900e-02	 -1.279563e+00	 -3.753372e+00	 3.831527e+00	 1.128546e+05	 1.128546e+05	 0	 
 1.836274e-02	 1.263348e+00	 1.610173e+00	 -1.073084e+00	 8.522170e+04	 8.522170e+04	 0	 
 1.836274e-02	 1.263348e+00	 1.610173e+00	 -1.073084e+00	 8.522170e+04	 8.522170e+04	 0	 
 1.836274e-02	 1.263348e+00	 1.610173e+00	 -1.073084e+00	 8.522170e+04	 8.522170e+04	 0	 
 1.836274e-02	 1.263348e+00	 1.610173e+00	 -1.073084e+00	 8.522170e+04	 8.522170e+04	 0	 
 1.836274e-02	 1.263348e+00	 1.610173e+00	 -1.073084e+00	 8.522170e+04	 8.522170e+04	 0	 
 1.836274e-02	 1.263348e+00	 1.610173e+00	 -1.073084e+00	 8.522170e+04	 8.522170e+04	 0	 
 1.836274e-02	 1.263348e+00	 1.610173e+00	 -1.073084e+00	 8.522170e+04	 8.522170e+04	 0	 
 1.836274e-02	 1.263348e+00	 1.610173e+00	 -1.073084e+00	 8.522170e+04	 8.522170e+04	 0	 
 1.836274e-02	 1.263348e+00	 1.610173e+00	 -1.073084e+00	 8.522170e+04	 8.522170e+04	 0	 
 1.836274e-02	 1.263348e+00	 1.610173e+00	 -1.073084e+00	 8.522170e+04	 8.522170e+04	 0	 
 1.836274e-02	 1.263348e+00	 1.610173e+00	 -1.073084e+00	 8.522170e+04	 8.522170e+04	 0	 
 1.836274e-02	 1.263348e+00	 1.610173e+00	 -1.073084e+00	 8.522170e+04	 8.522170e+04	 0	 
 -1.672900e-02	 -1.279563e+00	 -3.753372e+00	 3.831527e+00	 1.128546e+05	 1.128546e+05	 0	 
 -1.672900e-02	 -1.279563e+00	 -3.753372e+00	 3.831527e+00	 1.128546e+05	 1.128546e+05	 0	 
 -1.672900e-02	 -1.279563e+00	 -3.753372e+00	 3.831527e+00	 1.128546e+05	 1.128546e+05	 0	 
 -1.672900e-02	 -1.279563e+00	 -3.753372e+00	 3.831527e+00	 1.128546e+05	 1.128546e+05	 0	 
 -1.672900e-02	 -1.279563e+00	 -3.753372e+00	 3.831527e+00	 1.128546e+05	 1.128546e+05	 0	 
 -1.672900e-02	 -1.279563e+00	 -3.753372e+00	 3.831527e+00	 1.128546e+05	 1.128546e+05	 0	 
 -1.707041e-03	 2.531515e-02	 2.393064e-01	 5.475133e-01	 1.354747e+05	 1.354747e+05	 0	 
 -1.707041e-03	 2.531515e-02	 2.393064e-01	 5.475133e-01	 1.354747e+05	 1.354747e+05	 0	 
 -1.707041e-03	 2.531515e-02	 2.393064e-01	 5.475133e-01	 1.354747e+05	 1.354747e+05	 0	 
 -1.707041e-03	 2.531515e-02	 2.393064e-01	 5.475133e-01	 1.354747e+05	 1.354747e+05	 0	 
 -1.707041e-03	 2.531515e-02	 2.393064e-01	 5.475133e-01	 1.354747e+05	 1.354747e+05	 0	 
 -1.707041e-03	 2.531515e-02	 2.393064e-01	 5.475133e-01	 1.354747e+05	 1.354747e+05	 0	 
 -1.707041e-03	 2.531515e-02	 2.393064e-01	 5.475133e-01	 1.354747e+05	 1.354747e+05	 0	 
 -1.707041e-03	 2.531515e-02	 2.393064e-01	 5.475133e-01	 1.354747e+05	 1.354747e+05	 0	 
 -1.707041e-03	 2.531515e-02	 2.393064e-01	 5.475133e-01	 1.354747e+05	 1.354747e+05	 0	 
 -1.707041e-03	 2.531515e-02	 2.393064e-01	 5.475133e-01	 1.354747e+05	 1.354747e+05	 0	 
 -1.707041e-03	 2.531515e-02	 2.393064e-01	 5.475133e-01	 1.354747e+05	 1.354747e+05	 0	 
 -1.707041e-03	 2.531515e-02	 2.393064e-01	 5.475133e-01	 1.354747e+05	 1.354747e+05	 0	 
 -1.672900e-02	 -1.279563e+00	 -3.753372e+00	 3.831527e+00	 1.128546e+05	 1.128546e+05	 0	 
 -1.672900e-02	 -1.279563e+00	 -3.753372e+00	 3.831527e+00	 1.128546e+05	 1.128546e+05	 0	 
 -1.672900e-02	 -1.279563e+00	 -3.753372e+00	 3.831527e+00	 1.128546e+05	 1.128546e+05	 0	 
 -1.672900e-02	 -1.279563e+00	 -3.753372e+00	 3.831527e+00	 1.128546e+05	 1.128546e+05	 0	 
 -1.672900e-02	 -1.279563e+00	 -3.753372e+00	 3.831527e+00	 1.128546e+05	 1.128546e+05	 0	 
 -1.672900e-02	 -1.279563e+00	 -3.753372e+00	 3.831527e+00	 1.128546e+05	 1.128546e+05	 0	 
 -1.672900e-02	 -1.279563e+00	 -3.753372e+00	 3.831527e+00	 1.128546e+05	 1.128546e+05	 0	 
 -1.672900e-02	 -1.279563e+00	 -3.753372e+00	 3.831527e+00	 1.128546e+05	 1.128546e+05	 0	 
 -1.672900e-02	 -1.279563e+00	 -3.753372e+00	 3.831527e+00	 1.128546e+05	 1.128546e+05	 0	 
 -1.672900e-02	 -1.279563e+00	 -3.753372e+00	 3.831527e+00	 1.128546e+05	 1.128546e+05	 0	 
 -1.672900e-02	 -1.279563e+00	 -3.753372e+00	 3.831527e+00	 1.128546e+05	 1.128546e+05	 0	 
 -1.672900e-02	 -1.279563e+00	 -3.753372e+00	 3.831527e+00	 1.128546e+05	 1.128546e+05	 0	 
 -1.672900e-02	 -1.279563e+00	 -3.753372e+00	 3.831527e+00	 1.128546e+05	 1.128546e+05	 0	 
 -1.672900e-02	 -1.279563e+00	 -3.753372e+00	 3.831527e+00	 1.128546e+05	 1.128546e+05	 0	 
 -1.672900e-02	 -1.279563e+00	 -3.753372e+00	 3.831527e+00	 1.128546e+05	 1.128546e+05	 0	 
 -1.672900e-02	 -1.279563e+00	 -3.753372e+00	 3.831527e+00	 1.128546e+05	 1.128546e+05	 0	 
 -1.672900e-02	 -1.279563e+00	 -3.753372e+00	 3.831527e+00	 1.128546e+05	 1.128546e+05	 0	 
 -1.672900e-02	 -1.279563e+00	 -3.753372e+00	 3.831527e+00	 1.128546e+05	 1.128546e+05	 0	 
 -1.672900e-02	 -1.279563e+00	 -3.753372e+00	 3.831527e+00	 1.128546e+05	 1.128546e+05	 0	 
 -1.672900e-02	 -1.279563e+00	 -3.753372e+00	 3.831527e+00	 1.128546e+05	 1.128546e+05	 0	 
 -1.672900e-02	 -1.279563e+00	 -3.753372e+00	 3.831527e+00	 1.128546e+05	 1.128546e+05	 0	 
 -1.672900e-02	 -1.279563e+00	 -3.753372e+00	 3.831527e+00	 1.128546e+05	 1.128546e+05	 0	 
 -1.672900e-02	 -1.279563e+00	 -3.753372e+00	 3.831527e+00	 1.128546e+05	 1.128546e+05	 0	 
 -1.672900e-02	 -1.279563e+00	 -3.753372e+00	 3.831527e+00	 1.128546e+05	 1.128546e+05	 0	 
 -6.332780e-03	 -1.480760e+00	 -7.669756e-01	 2.114829e+00	 7.285309e+04	 7.285309e+04	 0	 
 -6.332780e-03	 -1.480760e+00	 -7.669756e-01	 2.114829e+00	 7.285309e+04	 7.285309e+04	 0	 
 -6.332780e-03	 -1.480760e+00	 -7.669756e-01	 2.114829e+00	 7.285309e+04	 7.285309e+04	 0	 
 -6.332780e-03	 -1.480760e+00	 -7.669756e-01	 2.114829e+00	 7.285309e+04	 7.285309e+04	 0	 
 -6.332780e-03	 -1.480760e+00	 -7.669756e-01	 2.114829e+00	 7.285309e+04	 7.285309e+04	 0	 
 -6.332780e-03	 -1.480760e+00	 -7.669756e-01	 2.114829e+00	 7.285309e+04	 7.285309e+04	 0	 
 -6.332780e-03	 -1.480760e+00	 -7.669756e-01	 2.114829e+00	 7.285309e+04	 7.285309e+04	 0	 
 -6.332780e-03	 -1.480760e+00	 -7.669756e-01	 2.114829e+00	 7.285309e+04	 7.285309e+04	 0	 
 -6.332780e-03	 -1.480760e+00	 -7.669756e-01	 2.114829e+00	 7.285309e+04	 7.285309e+04	 0	 
 -6.332780e-03	 -1.480760e+00	 -7.669756e-01	 2.114829e+00	 7.285309e+04	 7.285309e+04	 0	 
 -6.332780e-03	 -1.480760e+00	 -7.669756e-01	 2.114829e+00	 7.285309e+04	 7.285309e+04	 0	 
 -6.332780e-03	 -1.480760e+00	 -7.669756e-01	 2.114829e+00	 7.285309e+04	 7.285309e+04	 0	 
 -1.672900e-02	 -1.279563e+00	 -3.753372e+00	 3.831527e+00	 1.128546e+05	 1.128546e+05	 0	 
 -1.672900e-02	 -1.279563e+00	 -3.753372e+00	 3.831527e+00	 1.128546e+05	 1.128546e+05	 0	 
 -1.672900e-02	 -1.279563e+00	 -3.753372e+00	 3.831527e+00	 1.128546e+05	 1.128546e+05	 0	 
 -1.672900e-02	 -1.279563e+00	 -3.753372e+00	 3.831527e+00	 1.128546e+05	 1.128546e+05	 0	 
 -1.672900e-02	 -1.279563e+00	 -3.753372e+00	 3.831527e+00	 1.128546e+05	 1.128546e+05	 0	 
 -1.672900e-02	 -1.279563e+00	 -3.753372e+00	 3.831527e+00	 1.128546e+05	 1.128546e+05	 0	 
 3.532841e-03	 -1.782606e+00	 3.089965e+00	 -8.036189e-02	 8.850687e+04	 8.850687e+04	 0	 
 3.532841e-03	 -1.782606e+00	 3.089965e+00	 -8.036189e-02	 8.850687e+04	 8.850687e+04	 0	 
 3.532841e-03	 -1.782606e+00	 3.089965e+00	 -8.036189e-02	 8.850687e+04	 8.850687e+04	 0	 
 3.532841e-03	 -1.782606e+00	 3.089965e+00	 -8.036189e-02	 8.850687e+04	 8.850687e+04	 0	 
 3.532841e-03	 -1.782606e+00	 3.089965e+00	 -8.036189e-02	 8.850687e+04	 8.850687e+04	 0	 
 3.532841e-03	 -1.782606e+00	 3.089965e+00	 -8.036189e-02	 8.850687e+04	 8.850687e+04	 0	 
 3.532841e-03	 -1.782606e+00	 3.089965e+00	 -8.036189e-02	 8.850687e+04	 8.850687e+04	 0	 
 3.532841e-03	 -1.782606e+00	 3.089965e+00	 -8.036189e-02	 8.850687e+04	 8.850687e+04	 0	 
 3.532841e-03	 -1.782606e+00	 3.089965e+00	 -8.036189e-02	 8.850687e+04	 8.850687e+04	 0	 
 3.532841e-03	 -1.782606e+00	 3.089965e+00	 -8.036189e-02	 8.850687e+04	 8.850687e+04	 0	 
 3.532841e-03	 -1.782606e+00	 3.089965e+00	 -8.036189e-02	 8.850687e+04	 8.850687e+04	 0	 
 3.532841e-03	 -1.782606e+00	 3.089965e+00	 -8.036189e-02	 8.850687e+04	 8.850687e+04	 0	 
 -1.672900e-02	 -1.279563e+00	 -3.753372e+00	 3.831527e+00	 1.128546e+05	 1.128546e+05	 0	 
 -1.672900e-02	 -1.279563e+00	 -3.753372e+00	 3.831527e+00	 1.128546e+05	 1.128546e+05	 0	 
 -1.672900e-02	 -1.279563e+00	 -3.753372e+00	 3.831527e+00	 1.128546e+05	 1.128546e+05	 0	 
 -1.672900e-02	 -1.279563e+00	 -3.753372e+00	 3.831527e+00	 1.128546e+05	 1.128546e+05	 0	 
 -1.672900e-02	 -1.279563e+00	 -3.753372e+00	 3.831527e+00	 1.128546e+05	 1.128546e+05	 0	 
 -1.672900e-02	 -1.279563e+00	 -3.753372e+00	 3.831527e+00	 1.128546e+05	 1.128546e+05	 0	 
 -1.672900e-02	 -1.279563e+00	 -3.753372e+00	 3.831527e+00	 1.128546e+05	 1.128546e+05	 0	 
 -1.672900e-02	 -1.279563e+00	 -3.753372e+00	 3.831527e+00	 1.128546e+05	 1.128546e+05	 0	 
 -1.672900e-02	 -1.279563e+00	 -3.753372e+00	 3.831527e+00	 1.128546e+05	 1.128546e+05	 0	 
 -1.672900e-02	 -1.279563e+00	 -3.753372e+00	 3.831527e+00	 1.128546e+05	 1.128546e+05	 0	 
 -1.672900e-02	 -1.279563e+00	 -3.753372e+00	 3.831527e+00	 1.128546e+05	 1.128546e+05	 0	 
 -1.672900e-02	 -1.279563e+00	 -3.753372e+00	 3.831527e+00	 1.128546e+05	 1.128546e+05	 0	 
 -1.672900e-02	 -1.279563e+00	 -3.753372e+00	 3.831527e+00	 1.128546e+05	 1.128546e+05	 0	 
 -1.672900e-02	 -1.279563e+00	 -3.753372e+00	 3.831527e+00	 1.128546e+05	 1.128546e+05	 0	 
 -1.672900e-02	 -1.279563e+00	 -3.753372e+00	 3.831527e+00	 1.128546e+05	 1.128546e+05	 0	 
 -1.672900e-02	 -1.279563e+00	 -3.753372e+00	 3.831527e+00	 1.128546e+05	 1.128546e+05	 0	 
 -1.672900e-02	 -1.279563e+00	 -3.753372e+00	 3.831527e+00	 1.128546e+05	 1.128546e+05	 0	 
 -1.672900e-02	 -1.279563e+00	 -3.753372e+00	 3.831527e+00	 1.128546e+05	 1.128546e+05	 0	 
 -1.672900e-02	 -1.279563e+00	 -3.753372e+00	 3.831527e+00	 1.128546e+05	 1.128546e+05	 0	 
 -1.672900e-02	 -1.279563e+00	 -3.753372e+00	 3.831527e+00	 1.128546e+05	 1.128546e+05	 0	 
 -1.672900e-02	 -1.279563e+00	 -3.753372e+00	 3.831527e+00	 1.128546e+05	 1.128546e+05	 0	 
 -1.672900e-02	 -1.279563e+00	 -3.753372e+00	 3.831527e+00	 1.128546e+05	 1.128546e+05	 0	 
 -1.672900e-02	 -1.279563e+00	 -3.753372e+00	 3.831527e+00	 1.128546e+05	 1.128546e+05	 0	 
 -1.672900e-02	 -1.279563e+00	 -3.753372e+00	 3.831527e+00	 1.128546e+05	 1.128546e+05	 0	 
 -1.707041e-03	 2.531515e-02	 2.393064e-01	 5.475133e-01	 1.354747e+05	 1.354747e+05	 0	 
 -1.707041e-03	 2.531515e-02	 2.393064e-01	 5.475133e-01	 1.354747e+05	 1.354747e+05	 0	 
 -1.707041e-03	 2.531515e-02	 2.393064e-01	 5.475133e-01	 1.354747e+05	 1.354747e+05	 0	 
 -1.707041e-03	 2.531515e-02	 2.393064e-01	 5.475133e-01	 1.354747e+05	 1.354747e+05	 0	 
 -1.707041e-03	 2.531515e-02	 2.393064e-01	 5.475133e-01	 1.354747e+05	 1.354747e+05	 0	 
 -1.707041e-03	 2.531515e-02	 2.393064e-01	 5.475133e-01	 1.354747e+05	 1.354747e+05	 0	 
 -1.707041e-03	 2.531515e-02	 2.393064e-01	 5.475133e-01	 1.354747e+05	 1.354747e+05	 0	 
 -1.707041e-03	 2.531515e-02	 2.393064e-01	 5.475133e-01	 1.354747e+05	 1.354747e+05	 0	 
 -1.707041e-03	 2.531515e-02	 2.393064e-01	 5.475133e-01	 1.354747e+05	 1.354747e+05	 0	 
 -1.707041e-03	 2.531515e-02	 2.393064e-01	 5.475133e-01	 1.354747e+05	 1.354747e+05	 0	 
 -1.707041e-03	 2.531515e-02	 2.393064e-01	 5.475133e-01	 1.354747e+05	 1.354747e+05	 0	 
 -1.707041e-03	 2.531515e-02	 2.393064e-01	 5.475133e-01	 1.354747e+05	 1.354747e+05	 0	 
 