2.227449e-01	 7.604016e-01	 1.014720e-02	 3.648379e-02	 6.833871e+04	 6.803706e+04	 3.016489e+02	 1	 2.841634e+03	 3.011309e-02	 7.278024e+01	 8.566496e+01	 2.977214e+02	 
 2.227449e-01	 7.604016e-01	 1.014720e-02	 3.648379e-02	 6.833871e+04	 6.803706e+04	 3.016489e+02	 1	 2.841634e+03	 3.011309e-02	 7.278024e+01	 8.566496e+01	 2.977214e+02	 
 2.227449e-01	 7.604016e-01	 1.014720e-02	 3.648379e-02	 6.833871e+04	 6.803706e+04	 3.016489e+02	 1	 2.841634e+03	 3.011309e-02	 7.278024e+01	 8.566496e+01	 2.977214e+02	 
 2.227449e-01	 7.604016e-01	 1.014720e-02	 3.648379e-02	 6.833871e+04	 6.803706e+04	 3.016489e+02	 1	 2.841634e+03	 3.011309e-02	 7.278024e+01	 8.566496e+01	 2.977214e+02	 
 2.227449e-01	 7.604016e-01	 1.014720e-02	 3.648379e-02	 6.833871e+04	 6.803706e+04	 3.016489e+02	 1	 2.841634e+03	 3.011309e-02	 7.278024e+01	 8.566496e+01	 2.977214e+02	 
 2.227449e-01	 7.604016e-01	 1.014720e-02	 3.648379e-02	 6.833871e+04	 6.803706e+04	 3.016489e+02	 1	 2.841634e+03	 3.011309e-02	 7.278024e+01	 8.566496e+01	 2.977214e+02	 
 2.280691e-01	 6.551467e-01	 -6.497220e-05	 1.015444e-01	 8.487499e+04	 8.487715e+04	 2.156984e+00	 0	 1.008555e+04	 1.592497e-02	 1.586620e-02	 6.384554e+01	 1.994943e+02	 
 2.280691e-01	 6.551467e-01	 -6.497220e-05	 1.015444e-01	 8.487499e+04	 8.487715e+04	 2.156984e+00	 0	 1.008555e+04	 1.592497e-02	 1.586620e-02	 6.384554e+01	 1.994943e+02	 
 2.415083e-01	 7.217539e-01	 2.116337e-04	 4.802731e-02	 8.488292e+04	 8.487715e+04	 5.775551e+00	 1	 3.304199e+04	 1.435063e-02	 1.657118e-01	 5.957944e+01	 1.743549e+02	 
 2.415083e-01	 7.217539e-01	 2.116337e-04	 4.802731e-02	 8.488292e+04	 8.487715e+04	 5.775551e+00	 1	 3.304199e+04	 1.435063e-02	 1.657118e-01	 5.957944e+01	 1.743549e+02	 
 2.415083e-01	 7.217539e-01	 2.116337e-04	 4.802731e-02	 8.488292e+04	 8.487715e+04	 5.775551e+00	 1	 3.304199e+04	 1.435063e-02	 1.657118e-01	 5.957944e+01	 1.743549e+02	 
 2.415083e-01	 7.217539e-01	 2.116337e-04	 4.802731e-02	 8.488292e+04	 8.487715e+04	 5.775551e+00	 1	 3.304199e+04	 1.435063e-02	 1.657118e-01	 5.957944e+01	 1.743549e+02	 
 2.685556e-01	 7.429943e-01	 4.035429e-04	 1.053116e-02	 7.832424e+04	 7.831065e+04	 1.359024e+01	 1	 2.328735e+03	 2.277377e-02	 4.467573e+00	 1.791814e+01	 8.696581e+01	 
 2.685556e-01	 7.429943e-01	 4.035429e-04	 1.053116e-02	 7.832424e+04	 7.831065e+04	 1.359024e+01	 1	 2.328735e+03	 2.277377e-02	 4.467573e+00	 1.791814e+01	 8.696581e+01	 
 2.685556e-01	 7.429943e-01	 4.035429e-04	 1.053116e-02	 7.832424e+04	 7.831065e+04	 1.359024e+01	 1	 2.328735e+03	 2.277377e-02	 4.467573e+00	 1.791814e+01	 8.696581e+01	 
 2.685556e-01	 7.429943e-01	 4.035429e-04	 1.053116e-02	 7.832424e+04	 7.831065e+04	 1.359024e+01	 1	 2.328735e+03	 2.277377e-02	 4.467573e+00	 1.791814e+01	 8.696581e+01	 
 2.685556e-01	 7.429943e-01	 4.035429e-04	 1.053116e-02	 7.832424e+04	 7.831065e+04	 1.359024e+01	 1	 2.328735e+03	 2.277377e-02	 4.467573e+00	 1.791814e+01	 8.696581e+01	 
 2.685556e-01	 7.429943e-01	 4.035429e-04	 1.053116e-02	 7.832424e+04	 7.831065e+04	 1.359024e+01	 1	 2.328735e+03	 2.277377e-02	 4.467573e+00	 1.791814e+01	 8.696581e+01	 
 2.165175e-01	 7.036381e-01	 5.424711e-05	 8.131196e-02	 7.097072e+04	 7.097072e+04	 3.702532e-03	 1	 7.728215e+03	 1.617918e-03	 9.584730e-02	 6.540278e+01	 9.740159e+01	 
 2.165175e-01	 7.036381e-01	 5.424711e-05	 8.131196e-02	 7.097072e+04	 7.097072e+04	 3.702532e-03	 1	 7.728215e+03	 1.617918e-03	 9.584730e-02	 6.540278e+01	 9.740159e+01	 
 2.165175e-01	 7.036381e-01	 5.424711e-05	 8.131196e-02	 7.097072e+04	 7.097072e+04	 3.702532e-03	 1	 7.728215e+03	 1.617918e-03	 9.584730e-02	 6.540278e+01	 9.740159e+01	 
 2.165175e-01	 7.036381e-01	 5.424711e-05	 8.131196e-02	 7.097072e+04	 7.097072e+04	 3.702532e-03	 1	 7.728215e+03	 1.617918e-03	 9.584730e-02	 6.540278e+01	 9.740159e+01	 
 2.165175e-01	 7.036381e-01	 5.424711e-05	 8.131196e-02	 7.097072e+04	 7.097072e+04	 3.702532e-03	 1	 7.728215e+03	 1.617918e-03	 9.584730e-02	 6.540278e+01	 9.740159e+01	 
 2.165175e-01	 7.036381e-01	 5.424711e-05	 8.131196e-02	 7.097072e+04	 7.097072e+04	 3.702532e-03	 1	 7.728215e+03	 1.617918e-03	 9.584730e-02	 6.540278e+01	 9.740159e+01	 
 8.836633e-02	 7.923322e-01	 2.777697e-02	 1.325547e-01	 8.043892e+04	 7.884965e+04	 1.589269e+03	 1	 3.634600e+03	 4.157642e-02	 1.171858e+02	 1.233064e+02	 2.499609e+02	 
 8.836633e-02	 7.923322e-01	 2.777697e-02	 1.325547e-01	 8.043892e+04	 7.884965e+04	 1.589269e+03	 1	 3.634600e+03	 4.157642e-02	 1.171858e+02	 1.233064e+02	 2.499609e+02	 
 8.836633e-02	 7.923322e-01	 2.777697e-02	 1.325547e-01	 8.043892e+04	 7.884965e+04	 1.589269e+03	 1	 3.634600e+03	 4.157642e-02	 1.171858e+02	 1.233064e+02	 2.499609e+02	 
 8.836633e-02	 7.923322e-01	 2.777697e-02	 1.325547e-01	 8.043892e+04	 7.884965e+04	 1.589269e+03	 1	 3.634600e+03	 4.157642e-02	 1.171858e+02	 1.233064e+02	 2.499609e+02	 
 8.836633e-02	 7.923322e-01	 2.777697e-02	 1.325547e-01	 8.043892e+04	 7.884965e+04	 1.589269e+03	 1	 3.634600e+03	 4.157642e-02	 1.171858e+02	 1.233064e+02	 2.499609e+02	 
 8.836633e-02	 7.923322e-01	 2.777697e-02	 1.325547e-01	 8.043892e+04	 7.884965e+04	 1.589269e+03	 1	 3.634600e+03	 4.157642e-02	 1.171858e+02	 1.233064e+02	 2.499609e+02	 
 2.303752e-01	 6.589723e-01	 3.748368e-03	 9.693792e-02	 1.249459e+05	 1.246320e+05	 3.138990e+02	 1	 7.061115e+03	 1.033970e-02	 1.040717e-02	 3.046230e+02	 2.505194e+02	 
 2.303752e-01	 6.589723e-01	 3.748368e-03	 9.693792e-02	 1.249459e+05	 1.246320e+05	 3.138990e+02	 1	 7.061115e+03	 1.033970e-02	 1.040717e-02	 3.046230e+02	 2.505194e+02	 
 2.303752e-01	 6.589723e-01	 3.748368e-03	 9.693792e-02	 1.249459e+05	 1.246320e+05	 3.138990e+02	 1	 7.061115e+03	 1.033970e-02	 1.040717e-02	 3.046230e+02	 2.505194e+02	 
 2.303752e-01	 6.589723e-01	 3.748368e-03	 9.693792e-02	 1.249459e+05	 1.246320e+05	 3.138990e+02	 1	 7.061115e+03	 1.033970e-02	 1.040717e-02	 3.046230e+02	 2.505194e+02	 
 2.303752e-01	 6.589723e-01	 3.748368e-03	 9.693792e-02	 1.249459e+05	 1.246320e+05	 3.138990e+02	 1	 7.061115e+03	 1.033970e-02	 1.040717e-02	 3.046230e+02	 2.505194e+02	 
 2.303752e-01	 6.589723e-01	 3.748368e-03	 9.693792e-02	 1.249459e+05	 1.246320e+05	 3.138990e+02	 1	 7.061115e+03	 1.033970e-02	 1.040717e-02	 3.046230e+02	 2.505194e+02	 
 3.055571e-01	 6.010224e-01	 3.344516e-03	 6.559157e-02	 5.712413e+04	 5.702094e+04	 1.031883e+02	 1	 1.677126e+03	 2.468480e-02	 2.494357e-02	 3.615013e+02	 6.470175e+01	 
 3.055571e-01	 6.010224e-01	 3.344516e-03	 6.559157e-02	 5.712413e+04	 5.702094e+04	 1.031883e+02	 1	 1.677126e+03	 2.468480e-02	 2.494357e-02	 3.615013e+02	 6.470175e+01	 
 3.055571e-01	 6.010224e-01	 3.344516e-03	 6.559157e-02	 5.712413e+04	 5.702094e+04	 1.031883e+02	 1	 1.677126e+03	 2.468480e-02	 2.494357e-02	 3.615013e+02	 6.470175e+01	 
 3.055571e-01	 6.010224e-01	 3.344516e-03	 6.559157e-02	 5.712413e+04	 5.702094e+04	 1.031883e+02	 1	 1.677126e+03	 2.468480e-02	 2.494357e-02	 3.615013e+02	 6.470175e+01	 
 3.055571e-01	 6.010224e-01	 3.344516e-03	 6.559157e-02	 5.712413e+04	 5.702094e+04	 1.031883e+02	 1	 1.677126e+03	 2.468480e-02	 2.494357e-02	 3.615013e+02	 6.470175e+01	 
 3.055571e-01	 6.010224e-01	 3.344516e-03	 6.559157e-02	 5.712413e+04	 5.702094e+04	 1.031883e+02	 1	 1.677126e+03	 2.468480e-02	 2.494357e-02	 3.615013e+02	 6.470175e+01	 
 2.556666e-01	 7.293795e-01	 6.823312e-03	 2.984152e-02	 1.148247e+05	 1.143045e+05	 5.202558e+02	 1	 2.030424e+03	 2.183502e-02	 4.326807e+01	 9.047707e+01	 5.396765e+02	 
 2.556666e-01	 7.293795e-01	 6.823312e-03	 2.984152e-02	 1.148247e+05	 1.143045e+05	 5.202558e+02	 1	 2.030424e+03	 2.183502e-02	 4.326807e+01	 9.047707e+01	 5.396765e+02	 
 2.556666e-01	 7.293795e-01	 6.823312e-03	 2.984152e-02	 1.148247e+05	 1.143045e+05	 5.202558e+02	 1	 2.030424e+03	 2.183502e-02	 4.326807e+01	 9.047707e+01	 5.396765e+02	 
 2.556666e-01	 7.293795e-01	 6.823312e-03	 2.984152e-02	 1.148247e+05	 1.143045e+05	 5.202558e+02	 1	 2.030424e+03	 2.183502e-02	 4.326807e+01	 9.047707e+01	 5.396765e+02	 
 2.556666e-01	 7.293795e-01	 6.823312e-03	 2.984152e-02	 1.148247e+05	 1.143045e+05	 5.202558e+02	 1	 2.030424e+03	 2.183502e-02	 4.326807e+01	 9.047707e+01	 5.396765e+02	 
 2.556666e-01	 7.293795e-01	 6.823312e-03	 2.984152e-02	 1.148247e+05	 1.143045e+05	 5.202558e+02	 1	 2.030424e+03	 2.183502e-02	 4.326807e+01	 9.047707e+01	 5.396765e+02	 
 2.078966e-01	 6.784815e-01	 2.149877e-03	 1.040564e-01	 1.002348e+05	 1.000895e+05	 1.452500e+02	 1	 5.467438e+03	 7.528024e-03	 7.715734e-03	 2.224388e+02	 9.226739e+01	 
 2.078966e-01	 6.784815e-01	 2.149877e-03	 1.040564e-01	 1.002348e+05	 1.000895e+05	 1.452500e+02	 1	 5.467438e+03	 7.528024e-03	 7.715734e-03	 2.224388e+02	 9.226739e+01	 
 2.078966e-01	 6.784815e-01	 2.149877e-03	 1.040564e-01	 1.002348e+05	 1.000895e+05	 1.452500e+02	 1	 5.467438e+03	 7.528024e-03	 7.715734e-03	 2.224388e+02	 9.226739e+01	 
 2.078966e-01	 6.784815e-01	 2.149877e-03	 1.040564e-01	 1.002348e+05	 1.000895e+05	 1.452500e+02	 1	 5.467438e+03	 7.528024e-03	 7.715734e-03	 2.224388e+02	 9.226739e+01	 
 2.078966e-01	 6.784815e-01	 2.149877e-03	 1.040564e-01	 1.002348e+05	 1.000895e+05	 1.452500e+02	 1	 5.467438e+03	 7.528024e-03	 7.715734e-03	 2.224388e+02	 9.226739e+01	 
 2.078966e-01	 6.784815e-01	 2.149877e-03	 1.040564e-01	 1.002348e+05	 1.000895e+05	 1.452500e+02	 1	 5.467438e+03	 7.528024e-03	 7.715734e-03	 2.224388e+02	 9.226739e+01	 
 2.271308e-01	 7.163046e-01	 1.011267e-02	 6.339485e-02	 9.728914e+04	 9.661591e+04	 6.732215e+02	 1	 1.779591e+03	 1.704323e-02	 9.033853e+01	 4.186072e+02	 2.196222e+02	 
 2.271308e-01	 7.163046e-01	 1.011267e-02	 6.339485e-02	 9.728914e+04	 9.661591e+04	 6.732215e+02	 1	 1.779591e+03	 1.704323e-02	 9.033853e+01	 4.186072e+02	 2.196222e+02	 
 2.271308e-01	 7.163046e-01	 1.011267e-02	 6.339485e-02	 9.728914e+04	 9.661591e+04	 6.732215e+02	 1	 1.779591e+03	 1.704323e-02	 9.033853e+01	 4.186072e+02	 2.196222e+02	 
 2.271308e-01	 7.163046e-01	 1.011267e-02	 6.339485e-02	 9.728914e+04	 9.661591e+04	 6.732215e+02	 1	 1.779591e+03	 1.704323e-02	 9.033853e+01	 4.186072e+02	 2.196222e+02	 
 2.271308e-01	 7.163046e-01	 1.011267e-02	 6.339485e-02	 9.728914e+04	 9.661591e+04	 6.732215e+02	 1	 1.779591e+03	 1.704323e-02	 9.033853e+01	 4.186072e+02	 2.196222e+02	 
 2.271308e-01	 7.163046e-01	 1.011267e-02	 6.339485e-02	 9.728914e+04	 9.661591e+04	 6.732215e+02	 1	 1.779591e+03	 1.704323e-02	 9.033853e+01	 4.186072e+02	 2.196222e+02	 
 1.863466e-01	 7.450882e-01	 9.107021e-03	 7.995516e-02	 9.714370e+04	 9.661591e+04	 5.277843e+02	 1	 1.943961e+03	 2.062286e-02	 9.427963e+01	 3.265926e+02	 4.524741e+02	 
 1.863466e-01	 7.450882e-01	 9.107021e-03	 7.995516e-02	 9.714370e+04	 9.661591e+04	 5.277843e+02	 1	 1.943961e+03	 2.062286e-02	 9.427963e+01	 3.265926e+02	 4.524741e+02	 
 1.863466e-01	 7.450882e-01	 9.107021e-03	 7.995516e-02	 9.714370e+04	 9.661591e+04	 5.277843e+02	 1	 1.943961e+03	 2.062286e-02	 9.427963e+01	 3.265926e+02	 4.524741e+02	 
 1.863466e-01	 7.450882e-01	 9.107021e-03	 7.995516e-02	 9.714370e+04	 9.661591e+04	 5.277843e+02	 1	 1.943961e+03	 2.062286e-02	 9.427963e+01	 3.265926e+02	 4.524741e+02	 
 1.863466e-01	 7.450882e-01	 9.107021e-03	 7.995516e-02	 9.714370e+04	 9.661591e+04	 5.277843e+02	 1	 1.943961e+03	 2.062286e-02	 9.427963e+01	 3.265926e+02	 4.524741e+02	 
 1.863466e-01	 7.450882e-01	 9.107021e-03	 7.995516e-02	 9.714370e+04	 9.661591e+04	 5.277843e+02	 1	 1.943961e+03	 2.062286e-02	 9.427963e+01	 3.265926e+02	 4.524741e+02	 
 2.078202e-01	 6.785490e-01	 1.712017e-03	 1.040895e-01	 1.001982e+05	 1.000895e+05	 1.086097e+02	 1	 5.486351e+03	 8.053585e-03	 8.227216e-03	 3.192269e+02	 8.891493e+01	 
 2.078202e-01	 6.785490e-01	 1.712017e-03	 1.040895e-01	 1.001982e+05	 1.000895e+05	 1.086097e+02	 1	 5.486351e+03	 8.053585e-03	 8.227216e-03	 3.192269e+02	 8.891493e+01	 
 2.078202e-01	 6.785490e-01	 1.712017e-03	 1.040895e-01	 1.001982e+05	 1.000895e+05	 1.086097e+02	 1	 5.486351e+03	 8.053585e-03	 8.227216e-03	 3.192269e+02	 8.891493e+01	 
 2.078202e-01	 6.785490e-01	 1.712017e-03	 1.040895e-01	 1.001982e+05	 1.000895e+05	 1.086097e+02	 1	 5.486351e+03	 8.053585e-03	 8.227216e-03	 3.192269e+02	 8.891493e+01	 
 2.078202e-01	 6.785490e-01	 1.712017e-03	 1.040895e-01	 1.001982e+05	 1.000895e+05	 1.086097e+02	 1	 5.486351e+03	 8.053585e-03	 8.227216e-03	 3.192269e+02	 8.891493e+01	 
 2.078202e-01	 6.785490e-01	 1.712017e-03	 1.040895e-01	 1.001982e+05	 1.000895e+05	 1.086097e+02	 1	 5.486351e+03	 8.053585e-03	 8.227216e-03	 3.192269e+02	 8.891493e+01	 
 2.078122e-01	 6.785558e-01	 1.595015e-03	 1.040945e-01	 1.001883e+05	 1.000895e+05	 9.876036e+01	 1	 5.494259e+03	 8.055185e-03	 8.338812e-03	 3.390893e+02	 8.837896e+01	 
 2.078122e-01	 6.785558e-01	 1.595015e-03	 1.040945e-01	 1.001883e+05	 1.000895e+05	 9.876036e+01	 1	 5.494259e+03	 8.055185e-03	 8.338812e-03	 3.390893e+02	 8.837896e+01	 
 2.078122e-01	 6.785558e-01	 1.595015e-03	 1.040945e-01	 1.001883e+05	 1.000895e+05	 9.876036e+01	 1	 5.494259e+03	 8.055185e-03	 8.338812e-03	 3.390893e+02	 8.837896e+01	 
 2.078122e-01	 6.785558e-01	 1.595015e-03	 1.040945e-01	 1.001883e+05	 1.000895e+05	 9.876036e+01	 1	 5.494259e+03	 8.055185e-03	 8.338812e-03	 3.390893e+02	 8.837896e+01	 
 2.078122e-01	 6.785558e-01	 1.595015e-03	 1.040945e-01	 1.001883e+05	 1.000895e+05	 9.876036e+01	 1	 5.494259e+03	 8.055185e-03	 8.338812e-03	 3.390893e+02	 8.837896e+01	 
 2.078122e-01	 6.785558e-01	 1.595015e-03	 1.040945e-01	 1.001883e+05	 1.000895e+05	 9.876036e+01	 1	 5.494259e+03	 8.055185e-03	 8.338812e-03	 3.390893e+02	 8.837896e+01	 
 1.863466e-01	 7.450882e-01	 9.107021e-03	 7.995516e-02	 9.714370e+04	 9.661591e+04	 5.277843e+02	 1	 1.943961e+03	 2.062286e-02	 9.427963e+01	 3.265926e+02	 4.524741e+02	 
 1.863466e-01	 7.450882e-01	 9.107021e-03	 7.995516e-02	 9.714370e+04	 9.661591e+04	 5.277843e+02	 1	 1.943961e+03	 2.062286e-02	 9.427963e+01	 3.265926e+02	 4.524741e+02	 
 1.863466e-01	 7.450882e-01	 9.107021e-03	 7.995516e-02	 9.714370e+04	 9.661591e+04	 5.277843e+02	 1	 1.943961e+03	 2.062286e-02	 9.427963e+01	 3.265926e+02	 4.524741e+02	 
 1.863466e-01	 7.450882e-01	 9.107021e-03	 7.995516e-02	 9.714370e+04	 9.661591e+04	 5.277843e+02	 1	 1.943961e+03	 2.062286e-02	 9.427963e+01	 3.265926e+02	 4.524741e+02	 
 1.863466e-01	 7.450882e-01	 9.107021e-03	 7.995516e-02	 9.714370e+04	 9.661591e+04	 5.277843e+02	 1	 1.943961e+03	 2.062286e-02	 9.427963e+01	 3.265926e+02	 4.524741e+02	 
 1.863466e-01	 7.450882e-01	 9.107021e-03	 7.995516e-02	 9.714370e+04	 9.661591e+04	 5.277843e+02	 1	 1.943961e+03	 2.062286e-02	 9.427963e+01	 3.265926e+02	 4.524741e+02	 
 1.904132e-01	 7.169984e-01	 7.776954e-03	 9.422477e-02	 9.706853e+04	 9.661591e+04	 4.526161e+02	 1	 1.659646e+03	 9.462921e-03	 7.303669e+01	 2.907846e+02	 2.516302e+02	 
 1.904132e-01	 7.169984e-01	 7.776954e-03	 9.422477e-02	 9.706853e+04	 9.661591e+04	 4.526161e+02	 1	 1.659646e+03	 9.462921e-03	 7.303669e+01	 2.907846e+02	 2.516302e+02	 
 1.904132e-01	 7.169984e-01	 7.776954e-03	 9.422477e-02	 9.706853e+04	 9.661591e+04	 4.526161e+02	 1	 1.659646e+03	 9.462921e-03	 7.303669e+01	 2.907846e+02	 2.516302e+02	 
 1.904132e-01	 7.169984e-01	 7.776954e-03	 9.422477e-02	 9.706853e+04	 9.661591e+04	 4.526161e+02	 1	 1.659646e+03	 9.462921e-03	 7.303669e+01	 2.907846e+02	 2.516302e+02	 
 1.904132e-01	 7.169984e-01	 7.776954e-03	 9.422477e-02	 9.706853e+04	 9.661591e+04	 4.526161e+02	 1	 1.659646e+03	 9.462921e-03	 7.303669e+01	 2.907846e+02	 2.516302e+02	 
 1.904132e-01	 7.169984e-01	 7.776954e-03	 9.422477e-02	 9.706853e+04	 9.661591e+04	 4.526161e+02	 1	 1.659646e+03	 9.462921e-03	 7.303669e+01	 2.907846e+02	 2.516302e+02	 
 1.751017e-01	 7.288393e-01	 7.471734e-03	 9.978869e-02	 9.701875e+04	 9.661591e+04	 4.028395e+02	 1	 1.760157e+03	 1.126057e-02	 8.040928e+01	 3.040245e+02	 3.012992e+02	 
 1.751017e-01	 7.288393e-01	 7.471734e-03	 9.978869e-02	 9.701875e+04	 9.661591e+04	 4.028395e+02	 1	 1.760157e+03	 1.126057e-02	 8.040928e+01	 3.040245e+02	 3.012992e+02	 
 1.751017e-01	 7.288393e-01	 7.471734e-03	 9.978869e-02	 9.701875e+04	 9.661591e+04	 4.028395e+02	 1	 1.760157e+03	 1.126057e-02	 8.040928e+01	 3.040245e+02	 3.012992e+02	 
 1.751017e-01	 7.288393e-01	 7.471734e-03	 9.978869e-02	 9.701875e+04	 9.661591e+04	 4.028395e+02	 1	 1.760157e+03	 1.126057e-02	 8.040928e+01	 3.040245e+02	 3.012992e+02	 
 1.751017e-01	 7.288393e-01	 7.471734e-03	 9.978869e-02	 9.701875e+04	 9.661591e+04	 4.028395e+02	 1	 1.760157e+03	 1.126057e-02	 8.040928e+01	 3.040245e+02	 3.012992e+02	 
 1.751017e-01	 7.288393e-01	 7.471734e-03	 9.978869e-02	 9.701875e+04	 9.661591e+04	 4.028395e+02	 1	 1.760157e+03	 1.126057e-02	 8.040928e+01	 3.040245e+02	 3.012992e+02	 
 1.863466e-01	 7.450882e-01	 9.107021e-03	 7.995516e-02	 9.714370e+04	 9.661591e+04	 5.277843e+02	 1	 1.943961e+03	 2.062286e-02	 9.427963e+01	 3.265926e+02	 4.524741e+02	 
 1.863466e-01	 7.450882e-01	 9.107021e-03	 7.995516e-02	 9.714370e+04	 9.661591e+04	 5.277843e+02	 1	 1.943961e+03	 2.062286e-02	 9.427963e+01	 3.265926e+02	 4.524741e+02	 
 1.863466e-01	 7.450882e-01	 9.107021e-03	 7.995516e-02	 9.714370e+04	 9.661591e+04	 5.277843e+02	 1	 1.943961e+03	 2.062286e-02	 9.427963e+01	 3.265926e+02	 4.524741e+02	 
 1.863466e-01	 7.450882e-01	 9.107021e-03	 7.995516e-02	 9.714370e+04	 9.661591e+04	 5.277843e+02	 1	 1.943961e+03	 2.062286e-02	 9.427963e+01	 3.265926e+02	 4.524741e+02	 
 1.863466e-01	 7.450882e-01	 9.107021e-03	 7.995516e-02	 9.714370e+04	 9.661591e+04	 5.277843e+02	 1	 1.943961e+03	 2.062286e-02	 9.427963e+01	 3.265926e+02	 4.524741e+02	 
 1.863466e-01	 7.450882e-01	 9.107021e-03	 7.995516e-02	 9.714370e+04	 9.661591e+04	 5.277843e+02	 1	 1.943961e+03	 2.062286e-02	 9.427963e+01	 3.265926e+02	 4.524741e+02	 
 2.644767e-01	 7.135267e-01	 2.564004e-04	 3.259658e-02	 7.832276e+04	 7.831065e+04	 1.210580e+01	 1	 2.315837e+03	 1.098809e-02	 3.638106e+00	 1.733886e+01	 1.164039e+02	 
 2.644767e-01	 7.135267e-01	 2.564004e-04	 3.259658e-02	 7.832276e+04	 7.831065e+04	 1.210580e+01	 1	 2.315837e+03	 1.098809e-02	 3.638106e+00	 1.733886e+01	 1.164039e+02	 
 2.644767e-01	 7.135267e-01	 2.564004e-04	 3.259658e-02	 7.832276e+04	 7.831065e+04	 1.210580e+01	 1	 2.315837e+03	 1.098809e-02	 3.638106e+00	 1.733886e+01	 1.164039e+02	 
 2.644767e-01	 7.135267e-01	 2.564004e-04	 3.259658e-02	 7.832276e+04	 7.831065e+04	 1.210580e+01	 1	 2.315837e+03	 1.098809e-02	 3.638106e+00	 1.733886e+01	 1.164039e+02	 
 2.644767e-01	 7.135267e-01	 2.564004e-04	 3.259658e-02	 7.832276e+04	 7.831065e+04	 1.210580e+01	 1	 2.315837e+03	 1.098809e-02	 3.638106e+00	 1.733886e+01	 1.164039e+02	 
 2.644767e-01	 7.135267e-01	 2.564004e-04	 3.259658e-02	 7.832276e+04	 7.831065e+04	 1.210580e+01	 1	 2.315837e+03	 1.098809e-02	 3.638106e+00	 1.733886e+01	 1.164039e+02	 
 2.652611e-01	 7.140951e-01	 2.543115e-04	 3.154493e-02	 7.832137e+04	 7.831065e+04	 1.071474e+01	 1	 2.308154e+03	 1.129100e-02	 3.673529e+00	 2.003900e+01	 1.166620e+02	 
 2.652611e-01	 7.140951e-01	 2.543115e-04	 3.154493e-02	 7.832137e+04	 7.831065e+04	 1.071474e+01	 1	 2.308154e+03	 1.129100e-02	 3.673529e+00	 2.003900e+01	 1.166620e+02	 
 2.652611e-01	 7.140951e-01	 2.543115e-04	 3.154493e-02	 7.832137e+04	 7.831065e+04	 1.071474e+01	 1	 2.308154e+03	 1.129100e-02	 3.673529e+00	 2.003900e+01	 1.166620e+02	 
 2.652611e-01	 7.140951e-01	 2.543115e-04	 3.154493e-02	 7.832137e+04	 7.831065e+04	 1.071474e+01	 1	 2.308154e+03	 1.129100e-02	 3.673529e+00	 2.003900e+01	 1.166620e+02	 
 2.652611e-01	 7.140951e-01	 2.543115e-04	 3.154493e-02	 7.832137e+04	 7.831065e+04	 1.071474e+01	 1	 2.308154e+03	 1.129100e-02	 3.673529e+00	 2.003900e+01	 1.166620e+02	 
 2.652611e-01	 7.140951e-01	 2.543115e-04	 3.154493e-02	 7.832137e+04	 7.831065e+04	 1.071474e+01	 1	 2.308154e+03	 1.129100e-02	 3.673529e+00	 2.003900e+01	 1.166620e+02	 
 1.863466e-01	 7.450882e-01	 9.107021e-03	 7.995516e-02	 9.714370e+04	 9.661591e+04	 5.277843e+02	 1	 1.943961e+03	 2.062286e-02	 9.427963e+01	 3.265926e+02	 4.524741e+02	 
 1.863466e-01	 7.450882e-01	 9.107021e-03	 7.995516e-02	 9.714370e+04	 9.661591e+04	 5.277843e+02	 1	 1.943961e+03	 2.062286e-02	 9.427963e+01	 3.265926e+02	 4.524741e+02	 
 1.863466e-01	 7.450882e-01	 9.107021e-03	 7.995516e-02	 9.714370e+04	 9.661591e+04	 5.277843e+02	 1	 1.943961e+03	 2.062286e-02	 9.427963e+01	 3.265926e+02	 4.524741e+02	 
 1.863466e-01	 7.450882e-01	 9.107021e-03	 7.995516e-02	 9.714370e+04	 9.661591e+04	 5.277843e+02	 1	 1.943961e+03	 2.062286e-02	 9.427963e+01	 3.265926e+02	 4.524741e+02	 
 1.863466e-01	 7.450882e-01	 9.107021e-03	 7.995516e-02	 9.714370e+04	 9.661591e+04	 5.277843e+02	 1	 1.943961e+03	 2.062286e-02	 9.427963e+01	 3.265926e+02	 4.524741e+02	 
 1.863466e-01	 7.450882e-01	 9.107021e-03	 7.995516e-02	 9.714370e+04	 9.661591e+04	 5.277843e+02	 1	 1.943961e+03	 2.062286e-02	 9.427963e+01	 3.265926e+02	 4.524741e+02	 
 2.341739e-01	 6.832244e-01	 5.294541e-05	 7.860684e-02	 8.487896e+04	 8.487715e+04	 1.806448e+00	 1	 8.616391e+03	 4.232202e-03	 4.131568e-03	 6.334175e+01	 1.875817e+02	 
 2.341739e-01	 6.832244e-01	 5.294541e-05	 7.860684e-02	 8.487896e+04	 8.487715e+04	 1.806448e+00	 1	 8.616391e+03	 4.232202e-03	 4.131568e-03	 6.334175e+01	 1.875817e+02	 
 2.341739e-01	 6.832244e-01	 5.294541e-05	 7.860684e-02	 8.487896e+04	 8.487715e+04	 1.806448e+00	 1	 8.616391e+03	 4.232202e-03	 4.131568e-03	 6.334175e+01	 1.875817e+02	 
 2.341739e-01	 6.832244e-01	 5.294541e-05	 7.860684e-02	 8.487896e+04	 8.487715e+04	 1.806448e+00	 1	 8.616391e+03	 4.232202e-03	 4.131568e-03	 6.334175e+01	 1.875817e+02	 
 2.341739e-01	 6.832244e-01	 5.294541e-05	 7.860684e-02	 8.487896e+04	 8.487715e+04	 1.806448e+00	 1	 8.616391e+03	 4.232202e-03	 4.131568e-03	 6.334175e+01	 1.875817e+02	 
 2.341739e-01	 6.832244e-01	 5.294541e-05	 7.860684e-02	 8.487896e+04	 8.487715e+04	 1.806448e+00	 1	 8.616391e+03	 4.232202e-03	 4.131568e-03	 6.334175e+01	 1.875817e+02	 
 2.343182e-01	 6.831341e-01	 5.291650e-05	 7.853491e-02	 8.487859e+04	 8.487715e+04	 1.445563e+00	 1	 8.689804e+03	 4.169617e-03	 4.149591e-03	 6.627465e+01	 1.967643e+02	 
 2.343182e-01	 6.831341e-01	 5.291650e-05	 7.853491e-02	 8.487859e+04	 8.487715e+04	 1.445563e+00	 1	 8.689804e+03	 4.169617e-03	 4.149591e-03	 6.627465e+01	 1.967643e+02	 
 2.343182e-01	 6.831341e-01	 5.291650e-05	 7.853491e-02	 8.487859e+04	 8.487715e+04	 1.445563e+00	 1	 8.689804e+03	 4.169617e-03	 4.149591e-03	 6.627465e+01	 1.967643e+02	 
 2.343182e-01	 6.831341e-01	 5.291650e-05	 7.853491e-02	 8.487859e+04	 8.487715e+04	 1.445563e+00	 1	 8.689804e+03	 4.169617e-03	 4.149591e-03	 6.627465e+01	 1.967643e+02	 
 2.343182e-01	 6.831341e-01	 5.291650e-05	 7.853491e-02	 8.487859e+04	 8.487715e+04	 1.445563e+00	 1	 8.689804e+03	 4.169617e-03	 4.149591e-03	 6.627465e+01	 1.967643e+02	 
 2.343182e-01	 6.831341e-01	 5.291650e-05	 7.853491e-02	 8.487859e+04	 8.487715e+04	 1.445563e+00	 1	 8.689804e+03	 4.169617e-03	 4.149591e-03	 6.627465e+01	 1.967643e+02	 
 1.863466e-01	 7.450882e-01	 9.107021e-03	 7.995516e-02	 9.714370e+04	 9.661591e+04	 5.277843e+02	 1	 1.943961e+03	 2.062286e-02	 9.427963e+01	 3.265926e+02	 4.524741e+02	 
 1.863466e-01	 7.450882e-01	 9.107021e-03	 7.995516e-02	 9.714370e+04	 9.661591e+04	 5.277843e+02	 1	 1.943961e+03	 2.062286e-02	 9.427963e+01	 3.265926e+02	 4.524741e+02	 
 1.863466e-01	 7.450882e-01	 9.107021e-03	 7.995516e-02	 9.714370e+04	 9.661591e+04	 5.277843e+02	 1	 1.943961e+03	 2.062286e-02	 9.427963e+01	 3.265926e+02	 4.524741e+02	 
 1.863466e-01	 7.450882e-01	 9.107021e-03	 7.995516e-02	 9.714370e+04	 9.661591e+04	 5.277843e+02	 1	 1.943961e+03	 2.062286e-02	 9.427963e+01	 3.265926e+02	 4.524741e+02	 
 1.863466e-01	 7.450882e-01	 9.107021e-03	 7.995516e-02	 9.714370e+04	 9.661591e+04	 5.277843e+02	 1	 1.943961e+03	 2.062286e-02	 9.427963e+01	 3.265926e+02	 4.524741e+02	 
 1.863466e-01	 7.450882e-01	 9.107021e-03	 7.995516e-02	 9.714370e+04	 9.661591e+04	 5.277843e+02	 1	 1.943961e+03	 2.062286e-02	 9.427963e+01	 3.265926e+02	 4.524741e+02	 
 2.164696e-01	 7.028954e-01	 5.040651e-05	 8.182064e-02	 7.097070e+04	 7.097072e+04	 1.676216e-02	 1	 7.314514e+03	 1.347744e-03	 8.166251e-02	 6.541834e+01	 9.801688e+01	 
 2.164696e-01	 7.028954e-01	 5.040651e-05	 8.182064e-02	 7.097070e+04	 7.097072e+04	 1.676216e-02	 1	 7.314514e+03	 1.347744e-03	 8.166251e-02	 6.541834e+01	 9.801688e+01	 
 2.164696e-01	 7.028954e-01	 5.040651e-05	 8.182064e-02	 7.097070e+04	 7.097072e+04	 1.676216e-02	 1	 7.314514e+03	 1.347744e-03	 8.166251e-02	 6.541834e+01	 9.801688e+01	 
 2.164696e-01	 7.028954e-01	 5.040651e-05	 8.182064e-02	 7.097070e+04	 7.097072e+04	 1.676216e-02	 1	 7.314514e+03	 1.347744e-03	 8.166251e-02	 6.541834e+01	 9.801688e+01	 
 2.164696e-01	 7.028954e-01	 5.040651e-05	 8.182064e-02	 7.097070e+04	 7.097072e+04	 1.676216e-02	 1	 7.314514e+03	 1.347744e-03	 8.166251e-02	 6.541834e+01	 9.801688e+01	 
 2.164696e-01	 7.028954e-01	 5.040651e-05	 8.182064e-02	 7.097070e+04	 7.097072e+04	 1.676216e-02	 1	 7.314514e+03	 1.347744e-03	 8.166251e-02	 6.541834e+01	 9.801688e+01	 
 2.164720e-01	 7.028952e-01	 4.992264e-05	 8.181875e-02	 7.097068e+04	 7.097072e+04	 3.574870e-02	 1	 7.315249e+03	 1.372560e-03	 8.165701e-02	 6.541762e+01	 9.808940e+01	 
 2.164720e-01	 7.028952e-01	 4.992264e-05	 8.181875e-02	 7.097068e+04	 7.097072e+04	 3.574870e-02	 1	 7.315249e+03	 1.372560e-03	 8.165701e-02	 6.541762e+01	 9.808940e+01	 
 2.164720e-01	 7.028952e-01	 4.992264e-05	 8.181875e-02	 7.097068e+04	 7.097072e+04	 3.574870e-02	 1	 7.315249e+03	 1.372560e-03	 8.165701e-02	 6.541762e+01	 9.808940e+01	 
 2.164720e-01	 7.028952e-01	 4.992264e-05	 8.181875e-02	 7.097068e+04	 7.097072e+04	 3.574870e-02	 1	 7.315249e+03	 1.372560e-03	 8.165701e-02	 6.541762e+01	 9.808940e+01	 
 2.164720e-01	 7.028952e-01	 4.992264e-05	 8.181875e-02	 7.097068e+04	 7.097072e+04	 3.574870e-02	 1	 7.315249e+03	 1.372560e-03	 8.165701e-02	 6.541762e+01	 9.808940e+01	 
 2.164720e-01	 7.028952e-01	 4.992264e-05	 8.181875e-02	 7.097068e+04	 7.097072e+04	 3.574870e-02	 1	 7.315249e+03	 1.372560e-03	 8.165701e-02	 6.541762e+01	 9.808940e+01	 
 1.863466e-01	 7.450882e-01	 9.107021e-03	 7.995516e-02	 9.714370e+04	 9.661591e+04	 5.277843e+02	 1	 1.943961e+03	 2.062286e-02	 9.427963e+01	 3.265926e+02	 4.524741e+02	 
 1.863466e-01	 7.450882e-01	 9.107021e-03	 7.995516e-02	 9.714370e+04	 9.661591e+04	 5.277843e+02	 1	 1.943961e+03	 2.062286e-02	 9.427963e+01	 3.265926e+02	 4.524741e+02	 
 1.863466e-01	 7.450882e-01	 9.107021e-03	 7.995516e-02	 9.714370e+04	 9.661591e+04	 5.277843e+02	 1	 1.943961e+03	 2.062286e-02	 9.427963e+01	 3.265926e+02	 4.524741e+02	 
 1.863466e-01	 7.450882e-01	 9.107021e-03	 7.995516e-02	 9.714370e+04	 9.661591e+04	 5.277843e+02	 1	 1.943961e+03	 2.062286e-02	 9.427963e+01	 3.265926e+02	 4.524741e+02	 
 1.863466e-01	 7.450882e-01	 9.107021e-03	 7.995516e-02	 9.714370e+04	 9.661591e+04	 5.277843e+02	 1	 1.943961e+03	 2.062286e-02	 9.427963e+01	 3.265926e+02	 4.524741e+02	 
 1.863466e-01	 7.450882e-01	 9.107021e-03	 7.995516e-02	 9.714370e+04	 9.661591e+04	 5.277843e+02	 1	 1.943961e+03	 2.062286e-02	 9.427963e+01	 3.265926e+02	 4.524741e+02	 
 2.341739e-01	 6.832244e-01	 5.294541e-05	 7.860684e-02	 8.487896e+04	 8.487715e+04	 1.806448e+00	 1	 8.616391e+03	 4.232202e-03	 4.131568e-03	 6.334175e+01	 1.875817e+02	 
 2.341739e-01	 6.832244e-01	 5.294541e-05	 7.860684e-02	 8.487896e+04	 8.487715e+04	 1.806448e+00	 1	 8.616391e+03	 4.232202e-03	 4.131568e-03	 6.334175e+01	 1.875817e+02	 
 2.341739e-01	 6.832244e-01	 5.294541e-05	 7.860684e-02	 8.487896e+04	 8.487715e+04	 1.806448e+00	 1	 8.616391e+03	 4.232202e-03	 4.131568e-03	 6.334175e+01	 1.875817e+02	 
 2.341739e-01	 6.832244e-01	 5.294541e-05	 7.860684e-02	 8.487896e+04	 8.487715e+04	 1.806448e+00	 1	 8.616391e+03	 4.232202e-03	 4.131568e-03	 6.334175e+01	 1.875817e+02	 
 2.341739e-01	 6.832244e-01	 5.294541e-05	 7.860684e-02	 8.487896e+04	 8.487715e+04	 1.806448e+00	 1	 8.616391e+03	 4.232202e-03	 4.131568e-03	 6.334175e+01	 1.875817e+02	 
 2.341739e-01	 6.832244e-01	 5.294541e-05	 7.860684e-02	 8.487896e+04	 8.487715e+04	 1.806448e+00	 1	 8.616391e+03	 4.232202e-03	 4.131568e-03	 6.334175e+01	 1.875817e+02	 
 2.343293e-01	 6.832030e-01	 5.337143e-05	 7.848212e-02	 8.487863e+04	 8.487715e+04	 1.480823e+00	 1	 8.727262e+03	 4.133367e-03	 4.121810e-03	 6.614286e+01	 1.963761e+02	 
 2.343293e-01	 6.832030e-01	 5.337143e-05	 7.848212e-02	 8.487863e+04	 8.487715e+04	 1.480823e+00	 1	 8.727262e+03	 4.133367e-03	 4.121810e-03	 6.614286e+01	 1.963761e+02	 
 2.343293e-01	 6.832030e-01	 5.337143e-05	 7.848212e-02	 8.487863e+04	 8.487715e+04	 1.480823e+00	 1	 8.727262e+03	 4.133367e-03	 4.121810e-03	 6.614286e+01	 1.963761e+02	 
 2.343293e-01	 6.832030e-01	 5.337143e-05	 7.848212e-02	 8.487863e+04	 8.487715e+04	 1.480823e+00	 1	 8.727262e+03	 4.133367e-03	 4.121810e-03	 6.614286e+01	 1.963761e+02	 
 2.343293e-01	 6.832030e-01	 5.337143e-05	 7.848212e-02	 8.487863e+04	 8.487715e+04	 1.480823e+00	 1	 8.727262e+03	 4.133367e-03	 4.121810e-03	 6.614286e+01	 1.963761e+02	 
 2.343293e-01	 6.832030e-01	 5.337143e-05	 7.848212e-02	 8.487863e+04	 8.487715e+04	 1.480823e+00	 1	 8.727262e+03	 4.133367e-03	 4.121810e-03	 6.614286e+01	 1.963761e+02	 
 1.863466e-01	 7.450882e-01	 9.107021e-03	 7.995516e-02	 9.714370e+04	 9.661591e+04	 5.277843e+02	 1	 1.943961e+03	 2.062286e-02	 9.427963e+01	 3.265926e+02	 4.524741e+02	 
 1.863466e-01	 7.450882e-01	 9.107021e-03	 7.995516e-02	 9.714370e+04	 9.661591e+04	 5.277843e+02	 1	 1.943961e+03	 2.062286e-02	 9.427963e+01	 3.265926e+02	 4.524741e+02	 
 1.863466e-01	 7.450882e-01	 9.107021e-03	 7.995516e-02	 9.714370e+04	 9.661591e+04	 5.277843e+02	 1	 1.943961e+03	 2.062286e-02	 9.427963e+01	 3.265926e+02	 4.524741e+02	 
 1.863466e-01	 7.450882e-01	 9.107021e-03	 7.995516e-02	 9.714370e+04	 9.661591e+04	 5.277843e+02	 1	 1.943961e+03	 2.062286e-02	 9.427963e+01	 3.265926e+02	 4.524741e+02	 
 1.863466e-01	 7.450882e-01	 9.107021e-03	 7.995516e-02	 9.714370e+04	 9.661591e+04	 5.277843e+02	 1	 1.943961e+03	 2.062286e-02	 9.427963e+01	 3.265926e+02	 4.524741e+02	 
 1.863466e-01	 7.450882e-01	 9.107021e-03	 7.995516e-02	 9.714370e+04	 9.661591e+04	 5.277843e+02	 1	 1.943961e+03	 2.062286e-02	 9.427963e+01	 3.265926e+02	 4.524741e+02	 
 2.644767e-01	 7.135267e-01	 2.564004e-04	 3.259658e-02	 7.832276e+04	 7.831065e+04	 1.210580e+01	 1	 2.315837e+03	 1.098809e-02	 3.638106e+00	 1.733886e+01	 1.164039e+02	 
 2.644767e-01	 7.135267e-01	 2.564004e-04	 3.259658e-02	 7.832276e+04	 7.831065e+04	 1.210580e+01	 1	 2.315837e+03	 1.098809e-02	 3.638106e+00	 1.733886e+01	 1.164039e+02	 
 2.644767e-01	 7.135267e-01	 2.564004e-04	 3.259658e-02	 7.832276e+04	 7.831065e+04	 1.210580e+01	 1	 2.315837e+03	 1.098809e-02	 3.638106e+00	 1.733886e+01	 1.164039e+02	 
 2.644767e-01	 7.135267e-01	 2.564004e-04	 3.259658e-02	 7.832276e+04	 7.831065e+04	 1.210580e+01	 1	 2.315837e+03	 1.098809e-02	 3.638106e+00	 1.733886e+01	 1.164039e+02	 
 2.644767e-01	 7.135267e-01	 2.564004e-04	 3.259658e-02	 7.832276e+04	 7.831065e+04	 1.210580e+01	 1	 2.315837e+03	 1.098809e-02	 3.638106e+00	 1.733886e+01	 1.164039e+02	 
 2.644767e-01	 7.135267e-01	 2.564004e-04	 3.259658e-02	 7.832276e+04	 7.831065e+04	 1.210580e+01	 1	 2.315837e+03	 1.098809e-02	 3.638106e+00	 1.733886e+01	 1.164039e+02	 
 2.651456e-01	 7.129742e-01	 2.564541e-04	 3.235106e-02	 7.832199e+04	 7.831065e+04	 1.133442e+01	 1	 2.319960e+03	 1.085760e-02	 3.622435e+00	 2.028603e+01	 1.186694e+02	 
 2.651456e-01	 7.129742e-01	 2.564541e-04	 3.235106e-02	 7.832199e+04	 7.831065e+04	 1.133442e+01	 1	 2.319960e+03	 1.085760e-02	 3.622435e+00	 2.028603e+01	 1.186694e+02	 
 2.651456e-01	 7.129742e-01	 2.564541e-04	 3.235106e-02	 7.832199e+04	 7.831065e+04	 1.133442e+01	 1	 2.319960e+03	 1.085760e-02	 3.622435e+00	 2.028603e+01	 1.186694e+02	 
 2.651456e-01	 7.129742e-01	 2.564541e-04	 3.235106e-02	 7.832199e+04	 7.831065e+04	 1.133442e+01	 1	 2.319960e+03	 1.085760e-02	 3.622435e+00	 2.028603e+01	 1.186694e+02	 
 2.651456e-01	 7.129742e-01	 2.564541e-04	 3.235106e-02	 7.832199e+04	 7.831065e+04	 1.133442e+01	 1	 2.319960e+03	 1.085760e-02	 3.622435e+00	 2.028603e+01	 1.186694e+02	 
 2.651456e-01	 7.129742e-01	 2.564541e-04	 3.235106e-02	 7.832199e+04	 7.831065e+04	 1.133442e+01	 1	 2.319960e+03	 1.085760e-02	 3.622435e+00	 2.028603e+01	 1.186694e+02	 
 1.863466e-01	 7.450882e-01	 9.107021e-03	 7.995516e-02	 9.714370e+04	 9.661591e+04	 5.277843e+02	 1	 1.943961e+03	 2.062286e-02	 9.427963e+01	 3.265926e+02	 4.524741e+02	 
 1.863466e-01	 7.450882e-01	 9.107021e-03	 7.995516e-02	 9.714370e+04	 9.661591e+04	 5.277843e+02	 1	 1.943961e+03	 2.062286e-02	 9.427963e+01	 3.265926e+02	 4.524741e+02	 
 1.863466e-01	 7.450882e-01	 9.107021e-03	 7.995516e-02	 9.714370e+04	 9.661591e+04	 5.277843e+02	 1	 1.943961e+03	 2.062286e-02	 9.427963e+01	 3.265926e+02	 4.524741e+02	 
 1.863466e-01	 7.450882e-01	 9.107021e-03	 7.995516e-02	 9.714370e+04	 9.661591e+04	 5.277843e+02	 1	 1.943961e+03	 2.062286e-02	 9.427963e+01	 3.265926e+02	 4.524741e+02	 
 1.863466e-01	 7.450882e-01	 9.107021e-03	 7.995516e-02	 9.714370e+04	 9.661591e+04	 5.277843e+02	 1	 1.943961e+03	 2.062286e-02	 9.427963e+01	 3.265926e+02	 4.524741e+02	 
 1.863466e-01	 7.450882e-01	 9.107021e-03	 7.995516e-02	 9.714370e+04	 9.661591e+04	 5.277843e+02	 1	 1.943961e+03	 2.062286e-02	 9.427963e+01	 3.265926e+02	 4.524741e+02	 
 2.644767e-01	 7.135267e-01	 2.564004e-04	 3.259658e-02	 7.832276e+04	 7.831065e+04	 1.210580e+01	 1	 2.315837e+03	 1.098809e-02	 3.638106e+00	 1.733886e+01	 1.164039e+02	 
 2.644767e-01	 7.135267e-01	 2.564004e-04	 3.259658e-02	 7.832276e+04	 7.831065e+04	 1.210580e+01	 1	 2.315837e+03	 1.098809e-02	 3.638106e+00	 1.733886e+01	 1.164039e+02	 
 2.644767e-01	 7.135267e-01	 2.564004e-04	 3.259658e-02	 7.832276e+04	 7.831065e+04	 1.210580e+01	 1	 2.315837e+03	 1.098809e-02	 3.638106e+00	 1.733886e+01	 1.164039e+02	 
 2.644767e-01	 7.135267e-01	 2.564004e-04	 3.259658e-02	 7.832276e+04	 7.831065e+04	 1.210580e+01	 1	 2.315837e+03	 1.098809e-02	 3.638106e+00	 1.733886e+01	 1.164039e+02	 
 2.644767e-01	 7.135267e-01	 2.564004e-04	 3.259658e-02	 7.832276e+04	 7.831065e+04	 1.210580e+01	 1	 2.315837e+03	 1.098809e-02	 3.638106e+00	 1.733886e+01	 1.164039e+02	 
 2.644767e-01	 7.135267e-01	 2.564004e-04	 3.259658e-02	 7.832276e+04	 7.831065e+04	 1.210580e+01	 1	 2.315837e+03	 1.098809e-02	 3.638106e+00	 1.733886e+01	 1.164039e+02	 
 2.648081e-01	 7.117515e-01	 2.446554e-04	 3.341077e-02	 7.832124e+04	 7.831065e+04	 1.059105e+01	 1	 2.338610e+03	 1.033766e-02	 3.557773e+00	 2.014024e+01	 1.203872e+02	 
 2.648081e-01	 7.117515e-01	 2.446554e-04	 3.341077e-02	 7.832124e+04	 7.831065e+04	 1.059105e+01	 1	 2.338610e+03	 1.033766e-02	 3.557773e+00	 2.014024e+01	 1.203872e+02	 
 2.648081e-01	 7.117515e-01	 2.446554e-04	 3.341077e-02	 7.832124e+04	 7.831065e+04	 1.059105e+01	 1	 2.338610e+03	 1.033766e-02	 3.557773e+00	 2.014024e+01	 1.203872e+02	 
 2.648081e-01	 7.117515e-01	 2.446554e-04	 3.341077e-02	 7.832124e+04	 7.831065e+04	 1.059105e+01	 1	 2.338610e+03	 1.033766e-02	 3.557773e+00	 2.014024e+01	 1.203872e+02	 
 2.648081e-01	 7.117515e-01	 2.446554e-04	 3.341077e-02	 7.832124e+04	 7.831065e+04	 1.059105e+01	 1	 2.338610e+03	 1.033766e-02	 3.557773e+00	 2.014024e+01	 1.203872e+02	 
 2.648081e-01	 7.117515e-01	 2.446554e-04	 3.341077e-02	 7.832124e+04	 7.831065e+04	 1.059105e+01	 1	 2.338610e+03	 1.033766e-02	 3.557773e+00	 2.014024e+01	 1.203872e+02	 
 1.863466e-01	 7.450882e-01	 9.107021e-03	 7.995516e-02	 9.714370e+04	 9.661591e+04	 5.277843e+02	 1	 1.943961e+03	 2.062286e-02	 9.427963e+01	 3.265926e+02	 4.524741e+02	 
 1.863466e-01	 7.450882e-01	 9.107021e-03	 7.995516e-02	 9.714370e+04	 9.661591e+04	 5.277843e+02	 1	 1.943961e+03	 2.062286e-02	 9.427963e+01	 3.265926e+02	 4.524741e+02	 
 1.863466e-01	 7.450882e-01	 9.107021e-03	 7.995516e-02	 9.714370e+04	 9.661591e+04	 5.277843e+02	 1	 1.943961e+03	 2.062286e-02	 9.427963e+01	 3.265926e+02	 4.524741e+02	 
 1.863466e-01	 7.450882e-01	 9.107021e-03	 7.995516e-02	 9.714370e+04	 9.661591e+04	 5.277843e+02	 1	 1.943961e+03	 2.062286e-02	 9.427963e+01	 3.265926e+02	 4.524741e+02	 
 1.863466e-01	 7.450882e-01	 9.107021e-03	 7.995516e-02	 9.714370e+04	 9.661591e+04	 5.277843e+02	 1	 1.943961e+03	 2.062286e-02	 9.427963e+01	 3.265926e+02	 4.524741e+02	 
 1.863466e-01	 7.450882e-01	 9.107021e-03	 7.995516e-02	 9.714370e+04	 9.661591e+04	 5.277843e+02	 1	 1.943961e+03	 2.062286e-02	 9.427963e+01	 3.265926e+02	 4.524741e+02	 
 2.341739e-01	 6.832244e-01	 5.294541e-05	 7.860684e-02	 8.487896e+04	 8.487715e+04	 1.806448e+00	 1	 8.616391e+03	 4.232202e-03	 4.131568e-03	 6.334175e+01	 1.875817e+02	 
 2.341739e-01	 6.832244e-01	 5.294541e-05	 7.860684e-02	 8.487896e+04	 8.487715e+04	 1.806448e+00	 1	 8.616391e+03	 4.232202e-03	 4.131568e-03	 6.334175e+01	 1.875817e+02	 
 2.341739e-01	 6.832244e-01	 5.294541e-05	 7.860684e-02	 8.487896e+04	 8.487715e+04	 1.806448e+00	 1	 8.616391e+03	 4.232202e-03	 4.131568e-03	 6.334175e+01	 1.875817e+02	 
 2.341739e-01	 6.832244e-01	 5.294541e-05	 7.860684e-02	 8.487896e+04	 8.487715e+04	 1.806448e+00	 1	 8.616391e+03	 4.232202e-03	 4.131568e-03	 6.334175e+01	 1.875817e+02	 
 2.341739e-01	 6.832244e-01	 5.294541e-05	 7.860684e-02	 8.487896e+04	 8.487715e+04	 1.806448e+00	 1	 8.616391e+03	 4.232202e-03	 4.131568e-03	 6.334175e+01	 1.875817e+02	 
 2.341739e-01	 6.832244e-01	 5.294541e-05	 7.860684e-02	 8.487896e+04	 8.487715e+04	 1.806448e+00	 1	 8.616391e+03	 4.232202e-03	 4.131568e-03	 6.334175e+01	 1.875817e+02	 
 2.343125e-01	 6.831077e-01	 5.289298e-05	 7.855639e-02	 8.487860e+04	 8.487715e+04	 1.446409e+00	 1	 8.673359e+03	 4.115048e-03	 4.160253e-03	 6.628233e+01	 1.967837e+02	 
 2.343125e-01	 6.831077e-01	 5.289298e-05	 7.855639e-02	 8.487860e+04	 8.487715e+04	 1.446409e+00	 1	 8.673359e+03	 4.115048e-03	 4.160253e-03	 6.628233e+01	 1.967837e+02	 
 2.343125e-01	 6.831077e-01	 5.289298e-05	 7.855639e-02	 8.487860e+04	 8.487715e+04	 1.446409e+00	 1	 8.673359e+03	 4.115048e-03	 4.160253e-03	 6.628233e+01	 1.967837e+02	 
 2.343125e-01	 6.831077e-01	 5.289298e-05	 7.855639e-02	 8.487860e+04	 8.487715e+04	 1.446409e+00	 1	 8.673359e+03	 4.115048e-03	 4.160253e-03	 6.628233e+01	 1.967837e+02	 
 2.343125e-01	 6.831077e-01	 5.289298e-05	 7.855639e-02	 8.487860e+04	 8.487715e+04	 1.446409e+00	 1	 8.673359e+03	 4.115048e-03	 4.160253e-03	 6.628233e+01	 1.967837e+02	 
 2.343125e-01	 6.831077e-01	 5.289298e-05	 7.855639e-02	 8.487860e+04	 8.487715e+04	 1.446409e+00	 1	 8.673359e+03	 4.115048e-03	 4.160253e-03	 6.628233e+01	 1.967837e+02	 
 1.863466e-01	 7.450882e-01	 9.107021e-03	 7.995516e-02	 9.714370e+04	 9.661591e+04	 5.277843e+02	 1	 1.943961e+03	 2.062286e-02	 9.427963e+01	 3.265926e+02	 4.524741e+02	 
 1.863466e-01	 7.450882e-01	 9.107021e-03	 7.995516e-02	 9.714370e+04	 9.661591e+04	 5.277843e+02	 1	 1.943961e+03	 2.062286e-02	 9.427963e+01	 3.265926e+02	 4.524741e+02	 
 1.863466e-01	 7.450882e-01	 9.107021e-03	 7.995516e-02	 9.714370e+04	 9.661591e+04	 5.277843e+02	 1	 1.943961e+03	 2.062286e-02	 9.427963e+01	 3.265926e+02	 4.524741e+02	 
 1.863466e-01	 7.450882e-01	 9.107021e-03	 7.995516e-02	 9.714370e+04	 9.661591e+04	 5.277843e+02	 1	 1.943961e+03	 2.062286e-02	 9.427963e+01	 3.265926e+02	 4.524741e+02	 
 1.863466e-01	 7.450882e-01	 9.107021e-03	 7.995516e-02	 9.714370e+04	 9.661591e+04	 5.277843e+02	 1	 1.943961e+03	 2.062286e-02	 9.427963e+01	 3.265926e+02	 4.524741e+02	 
 1.863466e-01	 7.450882e-01	 9.107021e-03	 7.995516e-02	 9.714370e+04	 9.661591e+04	 5.277843e+02	 1	 1.943961e+03	 2.062286e-02	 9.427963e+01	 3.265926e+02	 4.524741e+02	 
 2.164696e-01	 7.028954e-01	 5.040651e-05	 8.182064e-02	 7.097070e+04	 7.097072e+04	 1.676216e-02	 1	 7.314514e+03	 1.347744e-03	 8.166251e-02	 6.541834e+01	 9.801688e+01	 
 2.164696e-01	 7.028954e-01	 5.040651e-05	 8.182064e-02	 7.097070e+04	 7.097072e+04	 1.676216e-02	 1	 7.314514e+03	 1.347744e-03	 8.166251e-02	 6.541834e+01	 9.801688e+01	 
 2.164696e-01	 7.028954e-01	 5.040651e-05	 8.182064e-02	 7.097070e+04	 7.097072e+04	 1.676216e-02	 1	 7.314514e+03	 1.347744e-03	 8.166251e-02	 6.541834e+01	 9.801688e+01	 
 2.164696e-01	 7.028954e-01	 5.040651e-05	 8.182064e-02	 7.097070e+04	 7.097072e+04	 1.676216e-02	 1	 7.314514e+03	 1.347744e-03	 8.166251e-02	 6.541834e+01	 9.801688e+01	 
 2.164696e-01	 7.028954e-01	 5.040651e-05	 8.182064e-02	 7.097070e+04	 7.097072e+04	 1.676216e-02	 1	 7.314514e+03	 1.347744e-03	 8.166251e-02	 6.541834e+01	 9.801688e+01	 
 2.164696e-01	 7.028954e-01	 5.040651e-05	 8.182064e-02	 7.097070e+04	 7.097072e+04	 1.676216e-02	 1	 7.314514e+03	 1.347744e-03	 8.166251e-02	 6.541834e+01	 9.801688e+01	 
 2.164526e-01	 7.027096e-01	 4.922458e-05	 8.195218e-02	 7.097068e+04	 7.097072e+04	 3.897621e-02	 1	 7.210356e+03	 1.243281e-03	 7.796647e-02	 6.533149e+01	 9.811808e+01	 
 2.164526e-01	 7.027096e-01	 4.922458e-05	 8.195218e-02	 7.097068e+04	 7.097072e+04	 3.897621e-02	 1	 7.210356e+03	 1.243281e-03	 7.796647e-02	 6.533149e+01	 9.811808e+01	 
 2.164526e-01	 7.027096e-01	 4.922458e-05	 8.195218e-02	 7.097068e+04	 7.097072e+04	 3.897621e-02	 1	 7.210356e+03	 1.243281e-03	 7.796647e-02	 6.533149e+01	 9.811808e+01	 
 2.164526e-01	 7.027096e-01	 4.922458e-05	 8.195218e-02	 7.097068e+04	 7.097072e+04	 3.897621e-02	 1	 7.210356e+03	 1.243281e-03	 7.796647e-02	 6.533149e+01	 9.811808e+01	 
 2.164526e-01	 7.027096e-01	 4.922458e-05	 8.195218e-02	 7.097068e+04	 7.097072e+04	 3.897621e-02	 1	 7.210356e+03	 1.243281e-03	 7.796647e-02	 6.533149e+01	 9.811808e+01	 
 2.164526e-01	 7.027096e-01	 4.922458e-05	 8.195218e-02	 7.097068e+04	 7.097072e+04	 3.897621e-02	 1	 7.210356e+03	 1.243281e-03	 7.796647e-02	 6.533149e+01	 9.811808e+01	 
 