s	 e	 integralPartic	 alturaRetang	 metadePartic	 maximaPartic	 minimoPArtic	 alturaPartic	 p	 comparativoMet
81	 103	 1.606348e+04	 6.984120e+02	 4.142296e+02	 8.283559e+02	 1.032258e-01	 1.526122e+00	 1	 5.931020e-01	 
 68	 118	 3.127189e+04	 6.131743e+02	 4.142296e+02	 8.283559e+02	 1.032258e-01	 7.241945e-01	 1	 6.755495e-01	 
 68	 118	 3.008631e+04	 5.899275e+02	 4.142296e+02	 8.283559e+02	 1.032258e-01	 7.241945e-01	 1	 7.021703e-01	 
 68	 118	 2.944631e+04	 5.773787e+02	 4.142296e+02	 8.283559e+02	 1.032258e-01	 7.241945e-01	 1	 7.174314e-01	 
 68	 118	 2.877264e+04	 5.641694e+02	 4.142296e+02	 8.283559e+02	 1.032258e-01	 7.241945e-01	 1	 7.342291e-01	 
 86	 105	 2.825092e+00	 1.412546e-01	 4.142296e+02	 8.283559e+02	 1.032258e-01	 7.055292e-01	 0	 2.932503e+03	 
 72	 103	 2.145267e+04	 6.703959e+02	 4.142296e+02	 8.283559e+02	 1.032258e-01	 1.237082e+00	 1	 6.178880e-01	 
 62	 86	 1.215790e+04	 4.863162e+02	 4.142296e+02	 8.283559e+02	 1.032258e-01	 1.698892e-01	 1	 8.517701e-01	 
 62	 86	 4.462010e+03	 1.784804e+02	 4.142296e+02	 8.283559e+02	 1.032258e-01	 1.698892e-01	 0	 2.320868e+00	 
 72	 103	 2.062030e+04	 6.443844e+02	 4.142296e+02	 8.283559e+02	 1.032258e-01	 1.237082e+00	 1	 6.428299e-01	 
 