s	 e	 integralPartic	 alturaRetang	 metadePartic	 maximaPartic	 minimoPArtic	 alturaPartic	 p	 comparativoMet
60	 103	 1.712844e+04	 3.892827e+02	 2.101009e+02	 4.201390e+02	 6.285714e-02	 1.852837e+00	 1	 5.397129e-01	 
 76	 99	 5.155519e+02	 2.148133e+01	 2.101009e+02	 4.201390e+02	 6.285714e-02	 1.022429e-01	 0	 9.780630e+00	 
 61	 113	 1.541520e+04	 2.908528e+02	 2.101009e+02	 4.201390e+02	 6.285714e-02	 1.384348e+00	 1	 7.223616e-01	 
 72	 107	 9.782300e+03	 2.717306e+02	 2.101009e+02	 4.201390e+02	 6.285714e-02	 1.293334e+00	 1	 7.731958e-01	 
 85	 112	 1.340554e+03	 4.787694e+01	 2.101009e+02	 4.201390e+02	 6.285714e-02	 2.278759e-01	 0	 4.388353e+00	 
 79	 112	 6.230947e+03	 1.832631e+02	 2.101009e+02	 4.201390e+02	 6.285714e-02	 8.722625e-01	 0	 1.146444e+00	 
 88	 99	 2.518878e+03	 2.099065e+02	 2.101009e+02	 4.201390e+02	 6.285714e-02	 9.990747e-01	 0	 1.000926e+00	 
 72	 115	 1.328390e+04	 3.019068e+02	 2.101009e+02	 4.201390e+02	 6.285714e-02	 1.436961e+00	 1	 6.959132e-01	 
 96	 119	 3.723740e+02	 1.551558e+01	 2.101009e+02	 4.201390e+02	 6.285714e-02	 7.384825e-02	 0	 1.354128e+01	 
 69	 98	 1.136658e+02	 3.788858e+00	 2.101009e+02	 4.201390e+02	 6.285714e-02	 1.803352e-02	 0	 5.545230e+01	 
 1	 1	 1.000000e-05	 1.000000e-05	 1.000000e-05	 1.000000e-05	 1.000000e-05	 1.000000e-05	 1	 1.000000e-05	 
 1	 1	 1.000000e-05	 1.000000e-05	 1.000000e-05	 1.000000e-05	 1.000000e-05	 1.000000e-05	 1	 1.000000e-05	 
 1	 1	 1.000000e-05	 1.000000e-05	 1.000000e-05	 1.000000e-05	 1.000000e-05	 1.000000e-05	 1	 1.000000e-05	 
 1	 1	 1.000000e-05	 1.000000e-05	 1.000000e-05	 1.000000e-05	 1.000000e-05	 1.000000e-05	 1	 1.000000e-05	 
 1	 1	 1.000000e-05	 1.000000e-05	 1.000000e-05	 1.000000e-05	 1.000000e-05	 1.000000e-05	 1	 1.000000e-05	 
 1	 1	 1.000000e-05	 1.000000e-05	 1.000000e-05	 1.000000e-05	 1.000000e-05	 1.000000e-05	 1	 1.000000e-05	 
 1	 1	 1.000000e-05	 1.000000e-05	 1.000000e-05	 1.000000e-05	 1.000000e-05	 1.000000e-05	 1	 1.000000e-05	 
 1	 1	 1.000000e-05	 1.000000e-05	 1.000000e-05	 1.000000e-05	 1.000000e-05	 1.000000e-05	 1	 1.000000e-05	 
 1	 1	 1.000000e-05	 1.000000e-05	 1.000000e-05	 1.000000e-05	 1.000000e-05	 1.000000e-05	 1	 1.000000e-05	 
 1	 1	 1.000000e-05	 1.000000e-05	 1.000000e-05	 1.000000e-05	 1.000000e-05	 1.000000e-05	 1	 1.000000e-05	 
 