s	 e	 nS	 nE	 p	 f
0	 0	 0	 0	 0	 0	 
 40	 51	 780	 53	 1	 -727	 
 40	 51	 780	 54	 1	 -726	 
 40	 51	 780	 55	 1	 -725	 
 40	 51	 780	 54	 1	 -726	 
 40	 51	 780	 52	 1	 -728	 
 40	 51	 780	 52	 1	 -728	 
 40	 51	 780	 52	 1	 -728	 
 40	 51	 780	 55	 1	 -725	 
 40	 51	 780	 53	 1	 -727	 
 40	 51	 780	 57	 1	 -723	 
 40	 51	 780	 53	 1	 -727	 
 40	 51	 780	 52	 1	 -728	 
 40	 51	 780	 55	 1	 -725	 
 40	 51	 780	 53	 1	 -727	 
 40	 51	 780	 52	 1	 -728	 
 40	 51	 780	 55	 1	 -725	 
 40	 51	 780	 52	 1	 -728	 
 40	 51	 780	 52	 1	 -728	 
 40	 51	 780	 55	 1	 -725	 
 40	 51	 780	 52	 1	 -728	 
 40	 51	 780	 56	 1	 -724	 
 40	 51	 780	 57	 1	 -723	 
 40	 51	 780	 55	 1	 -725	 
 40	 51	 780	 54	 1	 -726	 
 40	 51	 780	 55	 1	 -725	 
 40	 51	 780	 53	 1	 -727	 
 40	 51	 780	 55	 1	 -725	 
 40	 51	 780	 57	 1	 -723	 
 40	 51	 780	 52	 1	 -728	 
 40	 51	 780	 53	 1	 -727	 
 40	 51	 780	 54	 1	 -726	 
 40	 51	 780	 55	 1	 -725	 
 40	 51	 780	 55	 1	 -725	 
 40	 51	 780	 56	 1	 -724	 
 40	 51	 780	 55	 1	 -725	 
 40	 51	 780	 56	 1	 -724	 
 40	 51	 780	 55	 1	 -725	 
 40	 51	 780	 52	 1	 -728	 
 40	 51	 780	 57	 1	 -723	 
 40	 51	 780	 55	 1	 -725	 
 40	 51	 780	 56	 1	 -724	 
 40	 51	 780	 55	 1	 -725	 
 40	 51	 780	 53	 1	 -727	 
 40	 51	 780	 53	 1	 -727	 
 40	 51	 780	 54	 1	 -726	 
 40	 51	 780	 55	 1	 -725	 
 40	 51	 780	 54	 1	 -726	 
 40	 51	 780	 53	 1	 -727	 
 40	 51	 780	 57	 1	 -723	 
 40	 51	 780	 57	 1	 -723	 
 40	 51	 780	 57	 1	 -723	 
 40	 51	 780	 54	 1	 -726	 
 40	 51	 780	 54	 1	 -726	 
 40	 51	 780	 57	 1	 -723	 
 40	 51	 780	 55	 1	 -725	 
 40	 51	 780	 56	 1	 -724	 
 40	 51	 780	 55	 1	 -725	 
 40	 51	 780	 57	 1	 -723	 
 40	 51	 780	 54	 1	 -726	 
 40	 51	 780	 52	 1	 -728	 
 40	 51	 780	 54	 1	 -726	 
 40	 51	 780	 53	 1	 -727	 
 40	 51	 780	 53	 1	 -727	 
 40	 51	 780	 54	 1	 -726	 
 40	 51	 780	 56	 1	 -724	 
 40	 51	 780	 52	 1	 -728	 
 40	 51	 780	 55	 1	 -725	 
 40	 51	 780	 56	 1	 -724	 
 40	 51	 780	 52	 1	 -728	 
 40	 51	 780	 57	 1	 -723	 
 40	 51	 780	 57	 1	 -723	 
 40	 51	 780	 53	 1	 -727	 
 40	 51	 780	 52	 1	 -728	 
 40	 51	 780	 55	 1	 -725	 
 40	 51	 780	 53	 1	 -727	 
 40	 51	 780	 52	 1	 -728	 
 40	 51	 780	 53	 1	 -727	 
 40	 51	 780	 57	 1	 -723	 
 40	 51	 780	 52	 1	 -728	 
 40	 51	 780	 57	 1	 -723	 
 40	 51	 780	 53	 1	 -727	 
 40	 51	 780	 57	 1	 -723	 
 40	 51	 780	 54	 1	 -726	 
 40	 51	 780	 54	 1	 -726	 
 40	 51	 780	 52	 1	 -728	 
 40	 51	 780	 52	 1	 -728	 
 40	 51	 780	 55	 1	 -725	 
 40	 51	 780	 55	 1	 -725	 
 40	 51	 780	 53	 1	 -727	 
 40	 51	 780	 57	 1	 -723	 
 40	 51	 780	 54	 1	 -726	 
 40	 51	 780	 53	 1	 -727	 
 40	 51	 780	 57	 1	 -723	 
 40	 51	 780	 52	 1	 -728	 
 40	 51	 780	 56	 1	 -724	 
 40	 51	 780	 53	 1	 -727	 
 40	 51	 780	 56	 1	 -724	 
 40	 51	 780	 53	 1	 -727	 
 40	 51	 780	 53	 1	 -727	 
 0	 0	 0	 0	 0	 0	 
 0	 0	 0	 0	 0	 0	 
 21	 34	 780	 35	 1	 -745	 
 21	 34	 780	 41	 1	 -739	 
 21	 34	 780	 35	 1	 -745	 
 21	 34	 780	 36	 1	 -744	 
 21	 34	 780	 37	 1	 -743	 
 21	 34	 780	 41	 1	 -739	 
 21	 34	 780	 41	 1	 -739	 
 21	 34	 780	 37	 1	 -743	 
 21	 34	 780	 37	 1	 -743	 
 21	 34	 780	 38	 1	 -742	 
 21	 34	 780	 40	 1	 -740	 
 21	 34	 780	 40	 1	 -740	 
 21	 34	 780	 40	 1	 -740	 
 21	 34	 780	 37	 1	 -743	 
 21	 34	 780	 39	 1	 -741	 
 21	 34	 780	 36	 1	 -744	 
 21	 34	 780	 41	 1	 -739	 
 21	 34	 780	 39	 1	 -741	 
 21	 34	 780	 40	 1	 -740	 
 21	 34	 780	 35	 1	 -745	 
 21	 34	 780	 40	 1	 -740	 
 21	 34	 780	 35	 1	 -745	 
 21	 34	 780	 36	 1	 -744	 
 21	 34	 780	 40	 1	 -740	 
 21	 34	 780	 37	 1	 -743	 
 21	 34	 780	 40	 1	 -740	 
 21	 34	 780	 36	 1	 -744	 
 21	 34	 780	 37	 1	 -743	 
 21	 34	 780	 39	 1	 -741	 
 21	 34	 780	 40	 1	 -740	 
 21	 34	 780	 39	 1	 -741	 
 21	 34	 780	 41	 1	 -739	 
 21	 34	 780	 41	 1	 -739	 
 21	 34	 780	 40	 1	 -740	 
 21	 34	 780	 39	 1	 -741	 
 21	 34	 780	 39	 1	 -741	 
 21	 34	 780	 39	 1	 -741	 
 21	 34	 780	 39	 1	 -741	 
 21	 34	 780	 40	 1	 -740	 
 21	 34	 780	 38	 1	 -742	 
 21	 34	 780	 37	 1	 -743	 
 21	 34	 780	 37	 1	 -743	 
 21	 34	 780	 36	 1	 -744	 
 21	 34	 780	 36	 1	 -744	 
 21	 34	 780	 35	 1	 -745	 
 21	 34	 780	 37	 1	 -743	 
 21	 34	 780	 40	 1	 -740	 
 21	 34	 780	 38	 1	 -742	 
 21	 34	 780	 36	 1	 -744	 
 21	 34	 780	 39	 1	 -741	 
 21	 34	 780	 38	 1	 -742	 
 21	 34	 780	 41	 1	 -739	 
 21	 34	 780	 41	 1	 -739	 
 21	 34	 780	 40	 1	 -740	 
 21	 34	 780	 37	 1	 -743	 
 21	 34	 780	 36	 1	 -744	 
 21	 34	 780	 40	 1	 -740	 
 21	 34	 780	 40	 1	 -740	 
 21	 34	 780	 36	 1	 -744	 
 21	 34	 780	 35	 1	 -745	 
 21	 34	 780	 39	 1	 -741	 
 21	 34	 780	 36	 1	 -744	 
 21	 34	 780	 36	 1	 -744	 
 21	 34	 780	 38	 1	 -742	 
 21	 34	 780	 36	 1	 -744	 
 21	 34	 780	 41	 1	 -739	 
 21	 34	 780	 39	 1	 -741	 
 21	 34	 780	 41	 1	 -739	 
 21	 34	 780	 37	 1	 -743	 
 21	 34	 780	 35	 1	 -745	 
 21	 34	 780	 35	 1	 -745	 
 21	 34	 780	 41	 1	 -739	 
 21	 34	 780	 40	 1	 -740	 
 21	 34	 780	 37	 1	 -743	 
 21	 34	 780	 38	 1	 -742	 
 21	 34	 780	 35	 1	 -745	 
 21	 34	 780	 38	 1	 -742	 
 21	 34	 780	 35	 1	 -745	 
 21	 34	 780	 41	 1	 -739	 
 21	 34	 780	 36	 1	 -744	 
 21	 34	 780	 39	 1	 -741	 
 21	 34	 780	 41	 1	 -739	 
 21	 34	 780	 35	 1	 -745	 
 21	 34	 780	 40	 1	 -740	 
 21	 34	 780	 35	 1	 -745	 
 21	 34	 780	 40	 1	 -740	 
 21	 34	 780	 40	 1	 -740	 
 21	 34	 780	 39	 1	 -741	 
 21	 34	 780	 35	 1	 -745	 
 21	 34	 780	 37	 1	 -743	 
 21	 34	 780	 40	 1	 -740	 
 21	 34	 780	 39	 1	 -741	 
 21	 34	 780	 37	 1	 -743	 
 21	 34	 780	 39	 1	 -741	 
 21	 34	 780	 40	 1	 -740	 
 21	 34	 780	 39	 1	 -741	 
 21	 34	 780	 39	 1	 -741	 
 21	 34	 780	 37	 1	 -743	 
 21	 34	 780	 36	 1	 -744	 
 0	 0	 0	 0	 0	 0	 
 0	 0	 0	 0	 0	 0	 
 40	 51	 780	 53	 1	 -727	 
 40	 51	 780	 56	 1	 -724	 
 40	 51	 780	 57	 1	 -723	 
 40	 51	 780	 54	 1	 -726	 
 40	 51	 780	 54	 1	 -726	 
 40	 51	 780	 56	 1	 -724	 
 40	 51	 780	 57	 1	 -723	 
 40	 51	 780	 55	 1	 -725	 
 40	 51	 780	 57	 1	 -723	 
 40	 51	 780	 55	 1	 -725	 
 40	 51	 780	 57	 1	 -723	 
 40	 51	 780	 52	 1	 -728	 
 40	 51	 780	 56	 1	 -724	 
 40	 51	 780	 52	 1	 -728	 
 40	 51	 780	 57	 1	 -723	 
 40	 51	 780	 52	 1	 -728	 
 40	 51	 780	 54	 1	 -726	 
 40	 51	 780	 56	 1	 -724	 
 40	 51	 780	 56	 1	 -724	 
 40	 51	 780	 54	 1	 -726	 
 40	 51	 780	 55	 1	 -725	 
 40	 51	 780	 52	 1	 -728	 
 40	 51	 780	 52	 1	 -728	 
 40	 51	 780	 53	 1	 -727	 
 40	 51	 780	 53	 1	 -727	 
 40	 51	 780	 57	 1	 -723	 
 40	 51	 780	 53	 1	 -727	 
 40	 51	 780	 57	 1	 -723	 
 40	 51	 780	 55	 1	 -725	 
 40	 51	 780	 54	 1	 -726	 
 40	 51	 780	 54	 1	 -726	 
 40	 51	 780	 54	 1	 -726	 
 40	 51	 780	 53	 1	 -727	 
 40	 51	 780	 52	 1	 -728	 
 40	 51	 780	 57	 1	 -723	 
 40	 51	 780	 53	 1	 -727	 
 40	 51	 780	 55	 1	 -725	 
 40	 51	 780	 53	 1	 -727	 
 40	 51	 780	 53	 1	 -727	 
 40	 51	 780	 57	 1	 -723	 
 40	 51	 780	 56	 1	 -724	 
 40	 51	 780	 53	 1	 -727	 
 40	 51	 780	 53	 1	 -727	 
 40	 51	 780	 53	 1	 -727	 
 40	 51	 780	 53	 1	 -727	 
 40	 51	 780	 53	 1	 -727	 
 40	 51	 780	 53	 1	 -727	 
 40	 51	 780	 57	 1	 -723	 
 40	 51	 780	 54	 1	 -726	 
 40	 51	 780	 57	 1	 -723	 
 40	 51	 780	 56	 1	 -724	 
 40	 51	 780	 52	 1	 -728	 
 40	 51	 780	 54	 1	 -726	 
 40	 51	 780	 55	 1	 -725	 
 40	 51	 780	 53	 1	 -727	 
 40	 51	 780	 54	 1	 -726	 
 40	 51	 780	 54	 1	 -726	 
 40	 51	 780	 54	 1	 -726	 
 40	 51	 780	 55	 1	 -725	 
 40	 51	 780	 56	 1	 -724	 
 40	 51	 780	 54	 1	 -726	 
 40	 51	 780	 54	 1	 -726	 
 40	 51	 780	 57	 1	 -723	 
 40	 51	 780	 57	 1	 -723	 
 40	 51	 780	 57	 1	 -723	 
 40	 51	 780	 52	 1	 -728	 
 40	 51	 780	 55	 1	 -725	 
 40	 51	 780	 53	 1	 -727	 
 40	 51	 780	 57	 1	 -723	 
 40	 51	 780	 53	 1	 -727	 
 40	 51	 780	 57	 1	 -723	 
 40	 51	 780	 57	 1	 -723	 
 40	 51	 780	 56	 1	 -724	 
 40	 51	 780	 52	 1	 -728	 
 40	 51	 780	 55	 1	 -725	 
 40	 51	 780	 56	 1	 -724	 
 40	 51	 780	 57	 1	 -723	 
 40	 51	 780	 52	 1	 -728	 
 40	 51	 780	 53	 1	 -727	 
 40	 51	 780	 55	 1	 -725	 
 40	 51	 780	 56	 1	 -724	 
 40	 51	 780	 57	 1	 -723	 
 40	 51	 780	 53	 1	 -727	 
 40	 51	 780	 53	 1	 -727	 
 40	 51	 780	 53	 1	 -727	 
 40	 51	 780	 53	 1	 -727	 
 40	 51	 780	 57	 1	 -723	 
 40	 51	 780	 56	 1	 -724	 
 40	 51	 780	 52	 1	 -728	 
 40	 51	 780	 55	 1	 -725	 
 40	 51	 780	 57	 1	 -723	 
 40	 51	 780	 55	 1	 -725	 
 40	 51	 780	 57	 1	 -723	 
 40	 51	 780	 56	 1	 -724	 
 40	 51	 780	 55	 1	 -725	 
 40	 51	 780	 52	 1	 -728	 
 40	 51	 780	 54	 1	 -726	 
 40	 51	 780	 57	 1	 -723	 
 40	 51	 780	 55	 1	 -725	 
 0	 0	 0	 0	 0	 0	 
 0	 0	 0	 0	 0	 0	 
 21	 52	 780	 63	 0	 -717	 
 21	 52	 780	 67	 0	 -713	 
 21	 52	 780	 68	 0	 -712	 
 21	 52	 780	 56	 0	 -724	 
 21	 52	 780	 56	 0	 -724	 
 21	 52	 780	 62	 0	 -718	 
 21	 52	 780	 53	 0	 -727	 
 21	 52	 780	 58	 0	 -722	 
 21	 52	 780	 54	 0	 -726	 
 21	 52	 780	 61	 0	 -719	 
 21	 52	 780	 66	 0	 -714	 
 21	 52	 780	 58	 0	 -722	 
 21	 52	 780	 65	 0	 -715	 
 21	 52	 780	 68	 0	 -712	 
 21	 52	 780	 68	 0	 -712	 
 21	 52	 780	 59	 0	 -721	 
 21	 52	 780	 66	 0	 -714	 
 21	 52	 780	 66	 0	 -714	 
 21	 52	 780	 54	 0	 -726	 
 21	 52	 780	 64	 0	 -716	 
 21	 52	 780	 66	 0	 -714	 
 21	 52	 780	 59	 0	 -721	 
 21	 52	 780	 64	 0	 -716	 
 21	 52	 780	 55	 0	 -725	 
 21	 52	 780	 54	 0	 -726	 
 21	 52	 780	 55	 0	 -725	 
 21	 52	 780	 63	 0	 -717	 
 21	 52	 780	 53	 0	 -727	 
 21	 52	 780	 65	 0	 -715	 
 21	 52	 780	 53	 0	 -727	 
 21	 52	 780	 60	 0	 -720	 
 21	 52	 780	 64	 0	 -716	 
 21	 52	 780	 67	 0	 -713	 
 21	 52	 780	 56	 0	 -724	 
 21	 52	 780	 66	 0	 -714	 
 21	 52	 780	 68	 0	 -712	 
 21	 52	 780	 63	 0	 -717	 
 21	 52	 780	 55	 0	 -725	 
 21	 52	 780	 58	 0	 -722	 
 21	 52	 780	 54	 0	 -726	 
 21	 52	 780	 54	 0	 -726	 
 21	 52	 780	 59	 0	 -721	 
 21	 52	 780	 60	 0	 -720	 
 21	 52	 780	 60	 0	 -720	 
 21	 52	 780	 64	 0	 -716	 
 21	 52	 780	 55	 0	 -725	 
 21	 52	 780	 67	 0	 -713	 
 21	 52	 780	 66	 0	 -714	 
 21	 52	 780	 62	 0	 -718	 
 21	 52	 780	 68	 0	 -712	 
 21	 52	 780	 60	 0	 -720	 
 21	 52	 780	 54	 0	 -726	 
 21	 52	 780	 62	 0	 -718	 
 21	 52	 780	 66	 0	 -714	 
 21	 52	 780	 64	 0	 -716	 
 21	 52	 780	 60	 0	 -720	 
 21	 52	 780	 68	 0	 -712	 
 21	 52	 780	 56	 0	 -724	 
 21	 52	 780	 63	 0	 -717	 
 21	 52	 780	 56	 0	 -724	 
 21	 52	 780	 55	 0	 -725	 
 21	 52	 780	 58	 0	 -722	 
 21	 52	 780	 66	 0	 -714	 
 21	 52	 780	 57	 0	 -723	 
 21	 52	 780	 53	 0	 -727	 
 21	 52	 780	 54	 0	 -726	 
 21	 52	 780	 53	 0	 -727	 
 21	 52	 780	 55	 0	 -725	 
 21	 52	 780	 65	 0	 -715	 
 21	 52	 780	 67	 0	 -713	 
 21	 52	 780	 66	 0	 -714	 
 21	 52	 780	 60	 0	 -720	 
 21	 52	 780	 58	 0	 -722	 
 21	 52	 780	 61	 0	 -719	 
 21	 52	 780	 55	 0	 -725	 
 21	 52	 780	 55	 0	 -725	 
 21	 52	 780	 63	 0	 -717	 
 21	 52	 780	 65	 0	 -715	 
 21	 52	 780	 60	 0	 -720	 
 21	 52	 780	 60	 0	 -720	 
 21	 52	 780	 59	 0	 -721	 
 21	 52	 780	 54	 0	 -726	 
 21	 52	 780	 64	 0	 -716	 
 21	 52	 780	 58	 0	 -722	 
 21	 52	 780	 56	 0	 -724	 
 21	 52	 780	 54	 0	 -726	 
 21	 52	 780	 58	 0	 -722	 
 21	 52	 780	 56	 0	 -724	 
 21	 52	 780	 55	 0	 -725	 
 21	 52	 780	 57	 0	 -723	 
 21	 52	 780	 67	 0	 -713	 
 21	 52	 780	 65	 0	 -715	 
 21	 52	 780	 58	 0	 -722	 
 21	 52	 780	 62	 0	 -718	 
 21	 52	 780	 68	 0	 -712	 
 21	 52	 780	 59	 0	 -721	 
 21	 52	 780	 57	 0	 -723	 
 21	 52	 780	 65	 0	 -715	 
 21	 52	 780	 61	 0	 -719	 
 0	 0	 0	 0	 0	 0	 
 0	 0	 0	 0	 0	 0	 
 40	 51	 780	 55	 1	 -725	 
 40	 51	 780	 53	 1	 -727	 
 40	 51	 780	 53	 1	 -727	 
 40	 51	 780	 57	 1	 -723	 
 40	 51	 780	 52	 1	 -728	 
 40	 51	 780	 54	 1	 -726	 
 40	 51	 780	 57	 1	 -723	 
 40	 51	 780	 54	 1	 -726	 
 40	 51	 780	 54	 1	 -726	 
 40	 51	 780	 55	 1	 -725	 
 40	 51	 780	 53	 1	 -727	 
 40	 51	 780	 56	 1	 -724	 
 40	 51	 780	 56	 1	 -724	 
 40	 51	 780	 56	 1	 -724	 
 40	 51	 780	 55	 1	 -725	 
 40	 51	 780	 54	 1	 -726	 
 40	 51	 780	 56	 1	 -724	 
 40	 51	 780	 56	 1	 -724	 
 40	 51	 780	 57	 1	 -723	 
 40	 51	 780	 54	 1	 -726	 
 40	 51	 780	 52	 1	 -728	 
 40	 51	 780	 57	 1	 -723	 
 40	 51	 780	 56	 1	 -724	 
 40	 51	 780	 53	 1	 -727	 
 40	 51	 780	 54	 1	 -726	 
 40	 51	 780	 56	 1	 -724	 
 40	 51	 780	 55	 1	 -725	 
 40	 51	 780	 52	 1	 -728	 
 40	 51	 780	 54	 1	 -726	 
 40	 51	 780	 54	 1	 -726	 
 40	 51	 780	 53	 1	 -727	 
 40	 51	 780	 56	 1	 -724	 
 40	 51	 780	 57	 1	 -723	 
 40	 51	 780	 52	 1	 -728	 
 40	 51	 780	 53	 1	 -727	 
 40	 51	 780	 57	 1	 -723	 
 40	 51	 780	 53	 1	 -727	 
 40	 51	 780	 52	 1	 -728	 
 40	 51	 780	 56	 1	 -724	 
 40	 51	 780	 53	 1	 -727	 
 40	 51	 780	 56	 1	 -724	 
 40	 51	 780	 56	 1	 -724	 
 40	 51	 780	 52	 1	 -728	 
 40	 51	 780	 56	 1	 -724	 
 40	 51	 780	 55	 1	 -725	 
 40	 51	 780	 52	 1	 -728	 
 40	 51	 780	 56	 1	 -724	 
 40	 51	 780	 55	 1	 -725	 
 40	 51	 780	 53	 1	 -727	 
 40	 51	 780	 57	 1	 -723	 
 40	 51	 780	 55	 1	 -725	 
 40	 51	 780	 56	 1	 -724	 
 40	 51	 780	 54	 1	 -726	 
 40	 51	 780	 57	 1	 -723	 
 40	 51	 780	 55	 1	 -725	 
 40	 51	 780	 52	 1	 -728	 
 40	 51	 780	 52	 1	 -728	 
 40	 51	 780	 56	 1	 -724	 
 40	 51	 780	 56	 1	 -724	 
 40	 51	 780	 53	 1	 -727	 
 40	 51	 780	 53	 1	 -727	 
 40	 51	 780	 57	 1	 -723	 
 40	 51	 780	 56	 1	 -724	 
 40	 51	 780	 53	 1	 -727	 
 40	 51	 780	 57	 1	 -723	 
 40	 51	 780	 53	 1	 -727	 
 40	 51	 780	 55	 1	 -725	 
 40	 51	 780	 52	 1	 -728	 
 40	 51	 780	 55	 1	 -725	 
 40	 51	 780	 55	 1	 -725	 
 40	 51	 780	 54	 1	 -726	 
 40	 51	 780	 53	 1	 -727	 
 40	 51	 780	 54	 1	 -726	 
 40	 51	 780	 53	 1	 -727	 
 40	 51	 780	 55	 1	 -725	 
 40	 51	 780	 54	 1	 -726	 
 40	 51	 780	 54	 1	 -726	 
 40	 51	 780	 56	 1	 -724	 
 40	 51	 780	 57	 1	 -723	 
 40	 51	 780	 55	 1	 -725	 
 40	 51	 780	 53	 1	 -727	 
 40	 51	 780	 53	 1	 -727	 
 40	 51	 780	 54	 1	 -726	 
 40	 51	 780	 57	 1	 -723	 
 40	 51	 780	 55	 1	 -725	 
 40	 51	 780	 56	 1	 -724	 
 40	 51	 780	 53	 1	 -727	 
 40	 51	 780	 54	 1	 -726	 
 40	 51	 780	 53	 1	 -727	 
 40	 51	 780	 57	 1	 -723	 
 40	 51	 780	 56	 1	 -724	 
 40	 51	 780	 53	 1	 -727	 
 40	 51	 780	 53	 1	 -727	 
 40	 51	 780	 57	 1	 -723	 
 40	 51	 780	 55	 1	 -725	 
 40	 51	 780	 57	 1	 -723	 
 40	 51	 780	 55	 1	 -725	 
 40	 51	 780	 57	 1	 -723	 
 40	 51	 780	 54	 1	 -726	 
 0	 0	 0	 0	 0	 0	 
 0	 0	 0	 0	 0	 0	 
 17	 46	 780	 56	 1	 -724	 
 17	 46	 780	 53	 1	 -727	 
 17	 46	 780	 50	 1	 -730	 
 17	 46	 780	 47	 1	 -733	 
 17	 46	 780	 60	 1	 -720	 
 17	 46	 780	 56	 1	 -724	 
 17	 46	 780	 60	 1	 -720	 
 17	 46	 780	 58	 1	 -722	 
 17	 46	 780	 50	 1	 -730	 
 17	 46	 780	 55	 1	 -725	 
 17	 46	 780	 55	 1	 -725	 
 17	 46	 780	 50	 1	 -730	 
 17	 46	 780	 52	 1	 -728	 
 17	 46	 780	 58	 1	 -722	 
 17	 46	 780	 58	 1	 -722	 
 17	 46	 780	 60	 1	 -720	 
 17	 46	 780	 50	 1	 -730	 
 17	 46	 780	 48	 1	 -732	 
 17	 46	 780	 56	 1	 -724	 
 17	 46	 780	 49	 1	 -731	 
 17	 46	 780	 50	 1	 -730	 
 17	 46	 780	 57	 1	 -723	 
 17	 46	 780	 57	 1	 -723	 
 17	 46	 780	 56	 1	 -724	 
 17	 46	 780	 51	 1	 -729	 
 17	 46	 780	 56	 1	 -724	 
 17	 46	 780	 57	 1	 -723	 
 17	 46	 780	 48	 1	 -732	 
 17	 46	 780	 60	 1	 -720	 
 17	 46	 780	 53	 1	 -727	 
 17	 46	 780	 51	 1	 -729	 
 17	 46	 780	 61	 1	 -719	 
 17	 46	 780	 49	 1	 -731	 
 17	 46	 780	 59	 1	 -721	 
 17	 46	 780	 47	 1	 -733	 
 17	 46	 780	 53	 1	 -727	 
 17	 46	 780	 47	 1	 -733	 
 17	 46	 780	 61	 1	 -719	 
 17	 46	 780	 51	 1	 -729	 
 17	 46	 780	 56	 1	 -724	 
 17	 46	 780	 48	 1	 -732	 
 17	 46	 780	 57	 1	 -723	 
 17	 46	 780	 53	 1	 -727	 
 17	 46	 780	 53	 1	 -727	 
 17	 46	 780	 57	 1	 -723	 
 17	 46	 780	 59	 1	 -721	 
 17	 46	 780	 59	 1	 -721	 
 17	 46	 780	 54	 1	 -726	 
 17	 46	 780	 51	 1	 -729	 
 17	 46	 780	 61	 1	 -719	 
 17	 46	 780	 52	 1	 -728	 
 17	 46	 780	 59	 1	 -721	 
 17	 46	 780	 59	 1	 -721	 
 17	 46	 780	 48	 1	 -732	 
 17	 46	 780	 57	 1	 -723	 
 17	 46	 780	 49	 1	 -731	 
 17	 46	 780	 54	 1	 -726	 
 17	 46	 780	 51	 1	 -729	 
 17	 46	 780	 54	 1	 -726	 
 17	 46	 780	 48	 1	 -732	 
 17	 46	 780	 61	 1	 -719	 
 17	 46	 780	 55	 1	 -725	 
 17	 46	 780	 51	 1	 -729	 
 17	 46	 780	 48	 1	 -732	 
 17	 46	 780	 56	 1	 -724	 
 17	 46	 780	 59	 1	 -721	 
 17	 46	 780	 53	 1	 -727	 
 17	 46	 780	 58	 1	 -722	 
 17	 46	 780	 56	 1	 -724	 
 17	 46	 780	 58	 1	 -722	 
 17	 46	 780	 57	 1	 -723	 
 17	 46	 780	 60	 1	 -720	 
 17	 46	 780	 52	 1	 -728	 
 17	 46	 780	 58	 1	 -722	 
 17	 46	 780	 51	 1	 -729	 
 17	 46	 780	 58	 1	 -722	 
 17	 46	 780	 54	 1	 -726	 
 17	 46	 780	 50	 1	 -730	 
 17	 46	 780	 49	 1	 -731	 
 17	 46	 780	 49	 1	 -731	 
 17	 46	 780	 56	 1	 -724	 
 17	 46	 780	 56	 1	 -724	 
 17	 46	 780	 47	 1	 -733	 
 17	 46	 780	 52	 1	 -728	 
 17	 46	 780	 59	 1	 -721	 
 17	 46	 780	 58	 1	 -722	 
 17	 46	 780	 53	 1	 -727	 
 17	 46	 780	 53	 1	 -727	 
 17	 46	 780	 58	 1	 -722	 
 17	 46	 780	 49	 1	 -731	 
 17	 46	 780	 49	 1	 -731	 
 17	 46	 780	 52	 1	 -728	 
 17	 46	 780	 50	 1	 -730	 
 17	 46	 780	 58	 1	 -722	 
 17	 46	 780	 55	 1	 -725	 
 17	 46	 780	 55	 1	 -725	 
 17	 46	 780	 50	 1	 -730	 
 17	 46	 780	 53	 1	 -727	 
 17	 46	 780	 52	 1	 -728	 
 0	 0	 0	 0	 0	 0	 
 0	 0	 0	 0	 0	 0	 
 40	 51	 780	 57	 1	 -723	 
 40	 51	 780	 57	 1	 -723	 
 40	 51	 780	 56	 1	 -724	 
 40	 51	 780	 56	 1	 -724	 
 40	 51	 780	 57	 1	 -723	 
 40	 51	 780	 57	 1	 -723	 
 40	 51	 780	 52	 1	 -728	 
 40	 51	 780	 56	 1	 -724	 
 40	 51	 780	 53	 1	 -727	 
 40	 51	 780	 56	 1	 -724	 
 40	 51	 780	 57	 1	 -723	 
 40	 51	 780	 55	 1	 -725	 
 40	 51	 780	 56	 1	 -724	 
 40	 51	 780	 57	 1	 -723	 
 40	 51	 780	 52	 1	 -728	 
 40	 51	 780	 54	 1	 -726	 
 40	 51	 780	 56	 1	 -724	 
 40	 51	 780	 53	 1	 -727	 
 40	 51	 780	 56	 1	 -724	 
 40	 51	 780	 54	 1	 -726	 
 40	 51	 780	 54	 1	 -726	 
 40	 51	 780	 52	 1	 -728	 
 40	 51	 780	 53	 1	 -727	 
 40	 51	 780	 54	 1	 -726	 
 40	 51	 780	 56	 1	 -724	 
 40	 51	 780	 55	 1	 -725	 
 40	 51	 780	 56	 1	 -724	 
 40	 51	 780	 53	 1	 -727	 
 40	 51	 780	 54	 1	 -726	 
 40	 51	 780	 54	 1	 -726	 
 40	 51	 780	 52	 1	 -728	 
 40	 51	 780	 52	 1	 -728	 
 40	 51	 780	 54	 1	 -726	 
 40	 51	 780	 54	 1	 -726	 
 40	 51	 780	 56	 1	 -724	 
 40	 51	 780	 57	 1	 -723	 
 40	 51	 780	 54	 1	 -726	 
 40	 51	 780	 52	 1	 -728	 
 40	 51	 780	 52	 1	 -728	 
 40	 51	 780	 56	 1	 -724	 
 40	 51	 780	 56	 1	 -724	 
 40	 51	 780	 53	 1	 -727	 
 40	 51	 780	 57	 1	 -723	 
 40	 51	 780	 57	 1	 -723	 
 40	 51	 780	 54	 1	 -726	 
 40	 51	 780	 57	 1	 -723	 
 40	 51	 780	 57	 1	 -723	 
 40	 51	 780	 53	 1	 -727	 
 40	 51	 780	 54	 1	 -726	 
 40	 51	 780	 55	 1	 -725	 
 40	 51	 780	 53	 1	 -727	 
 40	 51	 780	 56	 1	 -724	 
 40	 51	 780	 55	 1	 -725	 
 40	 51	 780	 53	 1	 -727	 
 40	 51	 780	 55	 1	 -725	 
 40	 51	 780	 56	 1	 -724	 
 40	 51	 780	 57	 1	 -723	 
 40	 51	 780	 53	 1	 -727	 
 40	 51	 780	 55	 1	 -725	 
 40	 51	 780	 57	 1	 -723	 
 40	 51	 780	 52	 1	 -728	 
 40	 51	 780	 52	 1	 -728	 
 40	 51	 780	 57	 1	 -723	 
 40	 51	 780	 53	 1	 -727	 
 40	 51	 780	 57	 1	 -723	 
 40	 51	 780	 52	 1	 -728	 
 40	 51	 780	 53	 1	 -727	 
 40	 51	 780	 56	 1	 -724	 
 40	 51	 780	 57	 1	 -723	 
 40	 51	 780	 54	 1	 -726	 
 40	 51	 780	 53	 1	 -727	 
 40	 51	 780	 55	 1	 -725	 
 40	 51	 780	 54	 1	 -726	 
 40	 51	 780	 57	 1	 -723	 
 40	 51	 780	 52	 1	 -728	 
 40	 51	 780	 54	 1	 -726	 
 40	 51	 780	 57	 1	 -723	 
 40	 51	 780	 57	 1	 -723	 
 40	 51	 780	 56	 1	 -724	 
 40	 51	 780	 57	 1	 -723	 
 40	 51	 780	 57	 1	 -723	 
 40	 51	 780	 54	 1	 -726	 
 40	 51	 780	 57	 1	 -723	 
 40	 51	 780	 54	 1	 -726	 
 40	 51	 780	 52	 1	 -728	 
 40	 51	 780	 52	 1	 -728	 
 40	 51	 780	 54	 1	 -726	 
 40	 51	 780	 55	 1	 -725	 
 40	 51	 780	 52	 1	 -728	 
 40	 51	 780	 53	 1	 -727	 
 40	 51	 780	 54	 1	 -726	 
 40	 51	 780	 57	 1	 -723	 
 40	 51	 780	 57	 1	 -723	 
 40	 51	 780	 53	 1	 -727	 
 40	 51	 780	 54	 1	 -726	 
 40	 51	 780	 56	 1	 -724	 
 40	 51	 780	 52	 1	 -728	 
 40	 51	 780	 56	 1	 -724	 
 40	 51	 780	 52	 1	 -728	 
 0	 0	 0	 0	 0	 0	 
 0	 0	 0	 0	 0	 0	 
 45	 56	 780	 62	 0	 -718	 
 45	 56	 780	 61	 0	 -719	 
 45	 56	 780	 59	 0	 -721	 
 45	 56	 780	 60	 0	 -720	 
 45	 56	 780	 58	 0	 -722	 
 45	 56	 780	 57	 0	 -723	 
 45	 56	 780	 57	 0	 -723	 
 45	 56	 780	 57	 0	 -723	 
 45	 56	 780	 61	 0	 -719	 
 45	 56	 780	 61	 0	 -719	 
 45	 56	 780	 59	 0	 -721	 
 45	 56	 780	 61	 0	 -719	 
 45	 56	 780	 58	 0	 -722	 
 45	 56	 780	 59	 0	 -721	 
 45	 56	 780	 62	 0	 -718	 
 45	 56	 780	 61	 0	 -719	 
 45	 56	 780	 62	 0	 -718	 
 45	 56	 780	 58	 0	 -722	 
 45	 56	 780	 61	 0	 -719	 
 45	 56	 780	 59	 0	 -721	 
 45	 56	 780	 60	 0	 -720	 
 45	 56	 780	 61	 0	 -719	 
 45	 56	 780	 58	 0	 -722	 
 45	 56	 780	 58	 0	 -722	 
 45	 56	 780	 60	 0	 -720	 
 45	 56	 780	 58	 0	 -722	 
 45	 56	 780	 62	 0	 -718	 
 45	 56	 780	 57	 0	 -723	 
 45	 56	 780	 62	 0	 -718	 
 45	 56	 780	 59	 0	 -721	 
 45	 56	 780	 58	 0	 -722	 
 45	 56	 780	 58	 0	 -722	 
 45	 56	 780	 60	 0	 -720	 
 45	 56	 780	 60	 0	 -720	 
 45	 56	 780	 59	 0	 -721	 
 45	 56	 780	 61	 0	 -719	 
 45	 56	 780	 62	 0	 -718	 
 45	 56	 780	 60	 0	 -720	 
 45	 56	 780	 58	 0	 -722	 
 45	 56	 780	 57	 0	 -723	 
 45	 56	 780	 58	 0	 -722	 
 45	 56	 780	 60	 0	 -720	 
 45	 56	 780	 62	 0	 -718	 
 45	 56	 780	 58	 0	 -722	 
 45	 56	 780	 62	 0	 -718	 
 45	 56	 780	 59	 0	 -721	 
 45	 56	 780	 62	 0	 -718	 
 45	 56	 780	 60	 0	 -720	 
 45	 56	 780	 57	 0	 -723	 
 45	 56	 780	 62	 0	 -718	 
 45	 56	 780	 58	 0	 -722	 
 45	 56	 780	 58	 0	 -722	 
 45	 56	 780	 60	 0	 -720	 
 45	 56	 780	 59	 0	 -721	 
 45	 56	 780	 57	 0	 -723	 
 45	 56	 780	 57	 0	 -723	 
 45	 56	 780	 62	 0	 -718	 
 45	 56	 780	 57	 0	 -723	 
 45	 56	 780	 59	 0	 -721	 
 45	 56	 780	 58	 0	 -722	 
 45	 56	 780	 60	 0	 -720	 
 45	 56	 780	 58	 0	 -722	 
 45	 56	 780	 57	 0	 -723	 
 45	 56	 780	 60	 0	 -720	 
 45	 56	 780	 57	 0	 -723	 
 45	 56	 780	 57	 0	 -723	 
 45	 56	 780	 58	 0	 -722	 
 45	 56	 780	 61	 0	 -719	 
 45	 56	 780	 61	 0	 -719	 
 45	 56	 780	 59	 0	 -721	 
 45	 56	 780	 61	 0	 -719	 
 45	 56	 780	 61	 0	 -719	 
 45	 56	 780	 60	 0	 -720	 
 45	 56	 780	 58	 0	 -722	 
 45	 56	 780	 62	 0	 -718	 
 45	 56	 780	 62	 0	 -718	 
 45	 56	 780	 62	 0	 -718	 
 45	 56	 780	 61	 0	 -719	 
 45	 56	 780	 59	 0	 -721	 
 45	 56	 780	 60	 0	 -720	 
 45	 56	 780	 57	 0	 -723	 
 45	 56	 780	 57	 0	 -723	 
 45	 56	 780	 62	 0	 -718	 
 45	 56	 780	 62	 0	 -718	 
 45	 56	 780	 60	 0	 -720	 
 45	 56	 780	 58	 0	 -722	 
 45	 56	 780	 57	 0	 -723	 
 45	 56	 780	 60	 0	 -720	 
 45	 56	 780	 61	 0	 -719	 
 45	 56	 780	 58	 0	 -722	 
 45	 56	 780	 58	 0	 -722	 
 45	 56	 780	 58	 0	 -722	 
 45	 56	 780	 59	 0	 -721	 
 45	 56	 780	 59	 0	 -721	 
 45	 56	 780	 58	 0	 -722	 
 45	 56	 780	 58	 0	 -722	 
 45	 56	 780	 59	 0	 -721	 
 45	 56	 780	 57	 0	 -723	 
 45	 56	 780	 61	 0	 -719	 
 0	 0	 0	 0	 0	 0	 
 0	 0	 0	 0	 0	 0	 
 40	 51	 780	 54	 1	 -726	 
 40	 51	 780	 52	 1	 -728	 
 40	 51	 780	 52	 1	 -728	 
 40	 51	 780	 57	 1	 -723	 
 40	 51	 780	 54	 1	 -726	 
 40	 51	 780	 57	 1	 -723	 
 40	 51	 780	 53	 1	 -727	 
 40	 51	 780	 54	 1	 -726	 
 40	 51	 780	 53	 1	 -727	 
 40	 51	 780	 55	 1	 -725	 
 40	 51	 780	 52	 1	 -728	 
 40	 51	 780	 56	 1	 -724	 
 40	 51	 780	 56	 1	 -724	 
 40	 51	 780	 54	 1	 -726	 
 40	 51	 780	 55	 1	 -725	 
 40	 51	 780	 55	 1	 -725	 
 40	 51	 780	 55	 1	 -725	 
 40	 51	 780	 57	 1	 -723	 
 40	 51	 780	 57	 1	 -723	 
 40	 51	 780	 57	 1	 -723	 
 40	 51	 780	 55	 1	 -725	 
 40	 51	 780	 52	 1	 -728	 
 40	 51	 780	 54	 1	 -726	 
 40	 51	 780	 57	 1	 -723	 
 40	 51	 780	 56	 1	 -724	 
 40	 51	 780	 54	 1	 -726	 
 40	 51	 780	 55	 1	 -725	 
 40	 51	 780	 57	 1	 -723	 
 40	 51	 780	 53	 1	 -727	 
 40	 51	 780	 52	 1	 -728	 
 40	 51	 780	 56	 1	 -724	 
 40	 51	 780	 57	 1	 -723	 
 40	 51	 780	 55	 1	 -725	 
 40	 51	 780	 57	 1	 -723	 
 40	 51	 780	 56	 1	 -724	 
 40	 51	 780	 57	 1	 -723	 
 40	 51	 780	 52	 1	 -728	 
 40	 51	 780	 56	 1	 -724	 
 40	 51	 780	 57	 1	 -723	 
 40	 51	 780	 53	 1	 -727	 
 40	 51	 780	 54	 1	 -726	 
 40	 51	 780	 52	 1	 -728	 
 40	 51	 780	 56	 1	 -724	 
 40	 51	 780	 53	 1	 -727	 
 40	 51	 780	 54	 1	 -726	 
 40	 51	 780	 57	 1	 -723	 
 40	 51	 780	 52	 1	 -728	 
 40	 51	 780	 54	 1	 -726	 
 40	 51	 780	 53	 1	 -727	 
 40	 51	 780	 56	 1	 -724	 
 40	 51	 780	 57	 1	 -723	 
 40	 51	 780	 57	 1	 -723	 
 40	 51	 780	 56	 1	 -724	 
 40	 51	 780	 52	 1	 -728	 
 40	 51	 780	 57	 1	 -723	 
 40	 51	 780	 52	 1	 -728	 
 40	 51	 780	 53	 1	 -727	 
 40	 51	 780	 54	 1	 -726	 
 40	 51	 780	 52	 1	 -728	 
 40	 51	 780	 57	 1	 -723	 
 40	 51	 780	 57	 1	 -723	 
 40	 51	 780	 55	 1	 -725	 
 40	 51	 780	 54	 1	 -726	 
 40	 51	 780	 55	 1	 -725	 
 40	 51	 780	 53	 1	 -727	 
 40	 51	 780	 57	 1	 -723	 
 40	 51	 780	 55	 1	 -725	 
 40	 51	 780	 55	 1	 -725	 
 40	 51	 780	 53	 1	 -727	 
 40	 51	 780	 57	 1	 -723	 
 40	 51	 780	 54	 1	 -726	 
 40	 51	 780	 53	 1	 -727	 
 40	 51	 780	 57	 1	 -723	 
 40	 51	 780	 53	 1	 -727	 
 40	 51	 780	 54	 1	 -726	 
 40	 51	 780	 55	 1	 -725	 
 40	 51	 780	 57	 1	 -723	 
 40	 51	 780	 54	 1	 -726	 
 40	 51	 780	 57	 1	 -723	 
 40	 51	 780	 53	 1	 -727	 
 40	 51	 780	 54	 1	 -726	 
 40	 51	 780	 52	 1	 -728	 
 40	 51	 780	 55	 1	 -725	 
 40	 51	 780	 56	 1	 -724	 
 40	 51	 780	 53	 1	 -727	 
 40	 51	 780	 53	 1	 -727	 
 40	 51	 780	 57	 1	 -723	 
 40	 51	 780	 52	 1	 -728	 
 40	 51	 780	 55	 1	 -725	 
 40	 51	 780	 55	 1	 -725	 
 40	 51	 780	 52	 1	 -728	 
 40	 51	 780	 57	 1	 -723	 
 40	 51	 780	 56	 1	 -724	 
 40	 51	 780	 55	 1	 -725	 
 40	 51	 780	 53	 1	 -727	 
 40	 51	 780	 52	 1	 -728	 
 40	 51	 780	 53	 1	 -727	 
 40	 51	 780	 56	 1	 -724	 
 40	 51	 780	 52	 1	 -728	 
 0	 0	 0	 0	 0	 0	 
 0	 0	 0	 0	 0	 0	 
 45	 56	 780	 61	 0	 -719	 
 45	 56	 780	 61	 0	 -719	 
 45	 56	 780	 57	 0	 -723	 
 45	 56	 780	 57	 0	 -723	 
 45	 56	 780	 57	 0	 -723	 
 45	 56	 780	 57	 0	 -723	 
 45	 56	 780	 61	 0	 -719	 
 45	 56	 780	 62	 0	 -718	 
 45	 56	 780	 59	 0	 -721	 
 45	 56	 780	 61	 0	 -719	 
 45	 56	 780	 59	 0	 -721	 
 45	 56	 780	 60	 0	 -720	 
 45	 56	 780	 61	 0	 -719	 
 45	 56	 780	 60	 0	 -720	 
 45	 56	 780	 58	 0	 -722	 
 45	 56	 780	 57	 0	 -723	 
 45	 56	 780	 58	 0	 -722	 
 45	 56	 780	 61	 0	 -719	 
 45	 56	 780	 59	 0	 -721	 
 45	 56	 780	 57	 0	 -723	 
 45	 56	 780	 60	 0	 -720	 
 45	 56	 780	 61	 0	 -719	 
 45	 56	 780	 61	 0	 -719	 
 45	 56	 780	 58	 0	 -722	 
 45	 56	 780	 62	 0	 -718	 
 45	 56	 780	 57	 0	 -723	 
 45	 56	 780	 61	 0	 -719	 
 45	 56	 780	 58	 0	 -722	 
 45	 56	 780	 57	 0	 -723	 
 45	 56	 780	 58	 0	 -722	 
 45	 56	 780	 59	 0	 -721	 
 45	 56	 780	 58	 0	 -722	 
 45	 56	 780	 58	 0	 -722	 
 45	 56	 780	 62	 0	 -718	 
 45	 56	 780	 62	 0	 -718	 
 45	 56	 780	 61	 0	 -719	 
 45	 56	 780	 58	 0	 -722	 
 45	 56	 780	 59	 0	 -721	 
 45	 56	 780	 61	 0	 -719	 
 45	 56	 780	 61	 0	 -719	 
 45	 56	 780	 58	 0	 -722	 
 45	 56	 780	 60	 0	 -720	 
 45	 56	 780	 59	 0	 -721	 
 45	 56	 780	 59	 0	 -721	 
 45	 56	 780	 61	 0	 -719	 
 45	 56	 780	 57	 0	 -723	 
 45	 56	 780	 62	 0	 -718	 
 45	 56	 780	 58	 0	 -722	 
 45	 56	 780	 57	 0	 -723	 
 45	 56	 780	 60	 0	 -720	 
 45	 56	 780	 57	 0	 -723	 
 45	 56	 780	 61	 0	 -719	 
 45	 56	 780	 62	 0	 -718	 
 45	 56	 780	 59	 0	 -721	 
 45	 56	 780	 57	 0	 -723	 
 45	 56	 780	 62	 0	 -718	 
 45	 56	 780	 62	 0	 -718	 
 45	 56	 780	 61	 0	 -719	 
 45	 56	 780	 59	 0	 -721	 
 45	 56	 780	 58	 0	 -722	 
 45	 56	 780	 62	 0	 -718	 
 45	 56	 780	 60	 0	 -720	 
 45	 56	 780	 60	 0	 -720	 
 45	 56	 780	 62	 0	 -718	 
 45	 56	 780	 57	 0	 -723	 
 45	 56	 780	 61	 0	 -719	 
 45	 56	 780	 59	 0	 -721	 
 45	 56	 780	 59	 0	 -721	 
 45	 56	 780	 59	 0	 -721	 
 45	 56	 780	 59	 0	 -721	 
 45	 56	 780	 62	 0	 -718	 
 45	 56	 780	 59	 0	 -721	 
 45	 56	 780	 58	 0	 -722	 
 45	 56	 780	 61	 0	 -719	 
 45	 56	 780	 60	 0	 -720	 
 45	 56	 780	 61	 0	 -719	 
 45	 56	 780	 58	 0	 -722	 
 45	 56	 780	 58	 0	 -722	 
 45	 56	 780	 61	 0	 -719	 
 45	 56	 780	 59	 0	 -721	 
 45	 56	 780	 58	 0	 -722	 
 45	 56	 780	 57	 0	 -723	 
 45	 56	 780	 57	 0	 -723	 
 45	 56	 780	 57	 0	 -723	 
 45	 56	 780	 61	 0	 -719	 
 45	 56	 780	 62	 0	 -718	 
 45	 56	 780	 59	 0	 -721	 
 45	 56	 780	 61	 0	 -719	 
 45	 56	 780	 60	 0	 -720	 
 45	 56	 780	 62	 0	 -718	 
 45	 56	 780	 58	 0	 -722	 
 45	 56	 780	 62	 0	 -718	 
 45	 56	 780	 57	 0	 -723	 
 45	 56	 780	 58	 0	 -722	 
 45	 56	 780	 59	 0	 -721	 
 45	 56	 780	 57	 0	 -723	 
 45	 56	 780	 61	 0	 -719	 
 45	 56	 780	 61	 0	 -719	 
 45	 56	 780	 62	 0	 -718	 
 0	 0	 0	 0	 0	 0	 
 0	 0	 0	 0	 0	 0	 
 40	 51	 780	 53	 1	 -727	 
 40	 51	 780	 53	 1	 -727	 
 40	 51	 780	 56	 1	 -724	 
 40	 51	 780	 54	 1	 -726	 
 40	 51	 780	 55	 1	 -725	 
 40	 51	 780	 56	 1	 -724	 
 40	 51	 780	 57	 1	 -723	 
 40	 51	 780	 56	 1	 -724	 
 40	 51	 780	 57	 1	 -723	 
 40	 51	 780	 53	 1	 -727	 
 40	 51	 780	 53	 1	 -727	 
 40	 51	 780	 56	 1	 -724	 
 40	 51	 780	 56	 1	 -724	 
 40	 51	 780	 55	 1	 -725	 
 40	 51	 780	 57	 1	 -723	 
 40	 51	 780	 56	 1	 -724	 
 40	 51	 780	 57	 1	 -723	 
 40	 51	 780	 54	 1	 -726	 
 40	 51	 780	 54	 1	 -726	 
 40	 51	 780	 54	 1	 -726	 
 40	 51	 780	 54	 1	 -726	 
 40	 51	 780	 57	 1	 -723	 
 40	 51	 780	 52	 1	 -728	 
 40	 51	 780	 53	 1	 -727	 
 40	 51	 780	 53	 1	 -727	 
 40	 51	 780	 56	 1	 -724	 
 40	 51	 780	 52	 1	 -728	 
 40	 51	 780	 53	 1	 -727	 
 40	 51	 780	 56	 1	 -724	 
 40	 51	 780	 54	 1	 -726	 
 40	 51	 780	 55	 1	 -725	 
 40	 51	 780	 53	 1	 -727	 
 40	 51	 780	 54	 1	 -726	 
 40	 51	 780	 57	 1	 -723	 
 40	 51	 780	 54	 1	 -726	 
 40	 51	 780	 54	 1	 -726	 
 40	 51	 780	 53	 1	 -727	 
 40	 51	 780	 56	 1	 -724	 
 40	 51	 780	 54	 1	 -726	 
 40	 51	 780	 54	 1	 -726	 
 40	 51	 780	 52	 1	 -728	 
 40	 51	 780	 54	 1	 -726	 
 40	 51	 780	 57	 1	 -723	 
 40	 51	 780	 56	 1	 -724	 
 40	 51	 780	 54	 1	 -726	 
 40	 51	 780	 57	 1	 -723	 
 40	 51	 780	 55	 1	 -725	 
 40	 51	 780	 54	 1	 -726	 
 40	 51	 780	 57	 1	 -723	 
 40	 51	 780	 54	 1	 -726	 
 40	 51	 780	 56	 1	 -724	 
 40	 51	 780	 57	 1	 -723	 
 40	 51	 780	 52	 1	 -728	 
 40	 51	 780	 53	 1	 -727	 
 40	 51	 780	 56	 1	 -724	 
 40	 51	 780	 57	 1	 -723	 
 40	 51	 780	 53	 1	 -727	 
 40	 51	 780	 54	 1	 -726	 
 40	 51	 780	 55	 1	 -725	 
 40	 51	 780	 55	 1	 -725	 
 40	 51	 780	 52	 1	 -728	 
 40	 51	 780	 56	 1	 -724	 
 40	 51	 780	 56	 1	 -724	 
 40	 51	 780	 57	 1	 -723	 
 40	 51	 780	 54	 1	 -726	 
 40	 51	 780	 54	 1	 -726	 
 40	 51	 780	 56	 1	 -724	 
 40	 51	 780	 55	 1	 -725	 
 40	 51	 780	 52	 1	 -728	 
 40	 51	 780	 55	 1	 -725	 
 40	 51	 780	 57	 1	 -723	 
 40	 51	 780	 52	 1	 -728	 
 40	 51	 780	 57	 1	 -723	 
 40	 51	 780	 57	 1	 -723	 
 40	 51	 780	 52	 1	 -728	 
 40	 51	 780	 57	 1	 -723	 
 40	 51	 780	 54	 1	 -726	 
 40	 51	 780	 56	 1	 -724	 
 40	 51	 780	 52	 1	 -728	 
 40	 51	 780	 56	 1	 -724	 
 40	 51	 780	 56	 1	 -724	 
 40	 51	 780	 54	 1	 -726	 
 40	 51	 780	 57	 1	 -723	 
 40	 51	 780	 57	 1	 -723	 
 40	 51	 780	 53	 1	 -727	 
 40	 51	 780	 53	 1	 -727	 
 40	 51	 780	 57	 1	 -723	 
 40	 51	 780	 53	 1	 -727	 
 40	 51	 780	 56	 1	 -724	 
 40	 51	 780	 55	 1	 -725	 
 40	 51	 780	 55	 1	 -725	 
 40	 51	 780	 57	 1	 -723	 
 40	 51	 780	 52	 1	 -728	 
 40	 51	 780	 56	 1	 -724	 
 40	 51	 780	 57	 1	 -723	 
 40	 51	 780	 56	 1	 -724	 
 40	 51	 780	 52	 1	 -728	 
 40	 51	 780	 56	 1	 -724	 
 40	 51	 780	 53	 1	 -727	 
 0	 0	 0	 0	 0	 0	 
 0	 0	 0	 0	 0	 0	 
 17	 46	 780	 57	 1	 -723	 
 17	 46	 780	 47	 1	 -733	 
 17	 46	 780	 59	 1	 -721	 
 17	 46	 780	 56	 1	 -724	 
 17	 46	 780	 48	 1	 -732	 
 17	 46	 780	 52	 1	 -728	 
 17	 46	 780	 57	 1	 -723	 
 17	 46	 780	 61	 1	 -719	 
 17	 46	 780	 54	 1	 -726	 
 17	 46	 780	 47	 1	 -733	 
 17	 46	 780	 47	 1	 -733	 
 17	 46	 780	 55	 1	 -725	 
 17	 46	 780	 54	 1	 -726	 
 17	 46	 780	 49	 1	 -731	 
 17	 46	 780	 49	 1	 -731	 
 17	 46	 780	 61	 1	 -719	 
 17	 46	 780	 49	 1	 -731	 
 17	 46	 780	 54	 1	 -726	 
 17	 46	 780	 55	 1	 -725	 
 17	 46	 780	 55	 1	 -725	 
 17	 46	 780	 57	 1	 -723	 
 17	 46	 780	 58	 1	 -722	 
 17	 46	 780	 57	 1	 -723	 
 17	 46	 780	 54	 1	 -726	 
 17	 46	 780	 49	 1	 -731	 
 17	 46	 780	 60	 1	 -720	 
 17	 46	 780	 55	 1	 -725	 
 17	 46	 780	 53	 1	 -727	 
 17	 46	 780	 57	 1	 -723	 
 17	 46	 780	 49	 1	 -731	 
 17	 46	 780	 49	 1	 -731	 
 17	 46	 780	 49	 1	 -731	 
 17	 46	 780	 58	 1	 -722	 
 17	 46	 780	 51	 1	 -729	 
 17	 46	 780	 49	 1	 -731	 
 17	 46	 780	 56	 1	 -724	 
 17	 46	 780	 54	 1	 -726	 
 17	 46	 780	 54	 1	 -726	 
 17	 46	 780	 53	 1	 -727	 
 17	 46	 780	 55	 1	 -725	 
 17	 46	 780	 53	 1	 -727	 
 17	 46	 780	 49	 1	 -731	 
 17	 46	 780	 54	 1	 -726	 
 17	 46	 780	 61	 1	 -719	 
 17	 46	 780	 48	 1	 -732	 
 17	 46	 780	 58	 1	 -722	 
 17	 46	 780	 47	 1	 -733	 
 17	 46	 780	 60	 1	 -720	 
 17	 46	 780	 59	 1	 -721	 
 17	 46	 780	 58	 1	 -722	 
 17	 46	 780	 53	 1	 -727	 
 17	 46	 780	 58	 1	 -722	 
 17	 46	 780	 56	 1	 -724	 
 17	 46	 780	 59	 1	 -721	 
 17	 46	 780	 53	 1	 -727	 
 17	 46	 780	 48	 1	 -732	 
 17	 46	 780	 57	 1	 -723	 
 17	 46	 780	 50	 1	 -730	 
 17	 46	 780	 55	 1	 -725	 
 17	 46	 780	 60	 1	 -720	 
 17	 46	 780	 48	 1	 -732	 
 17	 46	 780	 57	 1	 -723	 
 17	 46	 780	 53	 1	 -727	 
 17	 46	 780	 50	 1	 -730	 
 17	 46	 780	 58	 1	 -722	 
 17	 46	 780	 47	 1	 -733	 
 17	 46	 780	 56	 1	 -724	 
 17	 46	 780	 49	 1	 -731	 
 17	 46	 780	 53	 1	 -727	 
 17	 46	 780	 59	 1	 -721	 
 17	 46	 780	 53	 1	 -727	 
 17	 46	 780	 54	 1	 -726	 
 17	 46	 780	 49	 1	 -731	 
 17	 46	 780	 51	 1	 -729	 
 17	 46	 780	 51	 1	 -729	 
 17	 46	 780	 58	 1	 -722	 
 17	 46	 780	 49	 1	 -731	 
 17	 46	 780	 51	 1	 -729	 
 17	 46	 780	 57	 1	 -723	 
 17	 46	 780	 52	 1	 -728	 
 17	 46	 780	 56	 1	 -724	 
 17	 46	 780	 47	 1	 -733	 
 17	 46	 780	 58	 1	 -722	 
 17	 46	 780	 50	 1	 -730	 
 17	 46	 780	 58	 1	 -722	 
 17	 46	 780	 54	 1	 -726	 
 17	 46	 780	 48	 1	 -732	 
 17	 46	 780	 48	 1	 -732	 
 17	 46	 780	 56	 1	 -724	 
 17	 46	 780	 54	 1	 -726	 
 17	 46	 780	 58	 1	 -722	 
 17	 46	 780	 61	 1	 -719	 
 17	 46	 780	 53	 1	 -727	 
 17	 46	 780	 61	 1	 -719	 
 17	 46	 780	 56	 1	 -724	 
 17	 46	 780	 57	 1	 -723	 
 17	 46	 780	 47	 1	 -733	 
 17	 46	 780	 57	 1	 -723	 
 17	 46	 780	 54	 1	 -726	 
 0	 0	 0	 0	 0	 0	 
 0	 0	 0	 0	 0	 0	 
 40	 51	 780	 52	 1	 -728	 
 40	 51	 780	 56	 1	 -724	 
 40	 51	 780	 57	 1	 -723	 
 40	 51	 780	 54	 1	 -726	 
 40	 51	 780	 54	 1	 -726	 
 40	 51	 780	 55	 1	 -725	 
 40	 51	 780	 55	 1	 -725	 
 40	 51	 780	 55	 1	 -725	 
 40	 51	 780	 55	 1	 -725	 
 40	 51	 780	 57	 1	 -723	 
 40	 51	 780	 54	 1	 -726	 
 40	 51	 780	 54	 1	 -726	 
 40	 51	 780	 56	 1	 -724	 
 40	 51	 780	 55	 1	 -725	 
 40	 51	 780	 52	 1	 -728	 
 40	 51	 780	 55	 1	 -725	 
 40	 51	 780	 55	 1	 -725	 
 40	 51	 780	 54	 1	 -726	 
 40	 51	 780	 54	 1	 -726	 
 40	 51	 780	 56	 1	 -724	 
 40	 51	 780	 52	 1	 -728	 
 40	 51	 780	 56	 1	 -724	 
 40	 51	 780	 57	 1	 -723	 
 40	 51	 780	 55	 1	 -725	 
 40	 51	 780	 53	 1	 -727	 
 40	 51	 780	 57	 1	 -723	 
 40	 51	 780	 55	 1	 -725	 
 40	 51	 780	 56	 1	 -724	 
 40	 51	 780	 54	 1	 -726	 
 40	 51	 780	 56	 1	 -724	 
 40	 51	 780	 55	 1	 -725	 
 40	 51	 780	 55	 1	 -725	 
 40	 51	 780	 54	 1	 -726	 
 40	 51	 780	 56	 1	 -724	 
 40	 51	 780	 54	 1	 -726	 
 40	 51	 780	 52	 1	 -728	 
 40	 51	 780	 54	 1	 -726	 
 40	 51	 780	 53	 1	 -727	 
 40	 51	 780	 53	 1	 -727	 
 40	 51	 780	 55	 1	 -725	 
 40	 51	 780	 57	 1	 -723	 
 40	 51	 780	 56	 1	 -724	 
 40	 51	 780	 54	 1	 -726	 
 40	 51	 780	 52	 1	 -728	 
 40	 51	 780	 55	 1	 -725	 
 40	 51	 780	 52	 1	 -728	 
 40	 51	 780	 52	 1	 -728	 
 40	 51	 780	 54	 1	 -726	 
 40	 51	 780	 52	 1	 -728	 
 40	 51	 780	 53	 1	 -727	 
 40	 51	 780	 54	 1	 -726	 
 40	 51	 780	 57	 1	 -723	 
 40	 51	 780	 56	 1	 -724	 
 40	 51	 780	 56	 1	 -724	 
 40	 51	 780	 56	 1	 -724	 
 40	 51	 780	 54	 1	 -726	 
 40	 51	 780	 53	 1	 -727	 
 40	 51	 780	 54	 1	 -726	 
 40	 51	 780	 54	 1	 -726	 
 40	 51	 780	 54	 1	 -726	 
 40	 51	 780	 55	 1	 -725	 
 40	 51	 780	 52	 1	 -728	 
 40	 51	 780	 54	 1	 -726	 
 40	 51	 780	 56	 1	 -724	 
 40	 51	 780	 57	 1	 -723	 
 40	 51	 780	 57	 1	 -723	 
 40	 51	 780	 52	 1	 -728	 
 40	 51	 780	 54	 1	 -726	 
 40	 51	 780	 56	 1	 -724	 
 40	 51	 780	 56	 1	 -724	 
 40	 51	 780	 57	 1	 -723	 
 40	 51	 780	 53	 1	 -727	 
 40	 51	 780	 56	 1	 -724	 
 40	 51	 780	 56	 1	 -724	 
 40	 51	 780	 52	 1	 -728	 
 40	 51	 780	 56	 1	 -724	 
 40	 51	 780	 54	 1	 -726	 
 40	 51	 780	 52	 1	 -728	 
 40	 51	 780	 55	 1	 -725	 
 40	 51	 780	 56	 1	 -724	 
 40	 51	 780	 57	 1	 -723	 
 40	 51	 780	 53	 1	 -727	 
 40	 51	 780	 53	 1	 -727	 
 40	 51	 780	 54	 1	 -726	 
 40	 51	 780	 52	 1	 -728	 
 40	 51	 780	 57	 1	 -723	 
 40	 51	 780	 54	 1	 -726	 
 40	 51	 780	 54	 1	 -726	 
 40	 51	 780	 54	 1	 -726	 
 40	 51	 780	 54	 1	 -726	 
 40	 51	 780	 57	 1	 -723	 
 40	 51	 780	 52	 1	 -728	 
 40	 51	 780	 55	 1	 -725	 
 40	 51	 780	 54	 1	 -726	 
 40	 51	 780	 54	 1	 -726	 
 40	 51	 780	 53	 1	 -727	 
 40	 51	 780	 54	 1	 -726	 
 40	 51	 780	 54	 1	 -726	 
 40	 51	 780	 55	 1	 -725	 
 0	 0	 0	 0	 0	 0	 
 0	 0	 0	 0	 0	 0	 
 17	 46	 780	 54	 1	 -726	 
 17	 46	 780	 47	 1	 -733	 
 17	 46	 780	 59	 1	 -721	 
 17	 46	 780	 56	 1	 -724	 
 17	 46	 780	 58	 1	 -722	 
 17	 46	 780	 50	 1	 -730	 
 17	 46	 780	 48	 1	 -732	 
 17	 46	 780	 61	 1	 -719	 
 17	 46	 780	 57	 1	 -723	 
 17	 46	 780	 54	 1	 -726	 
 17	 46	 780	 51	 1	 -729	 
 17	 46	 780	 60	 1	 -720	 
 17	 46	 780	 56	 1	 -724	 
 17	 46	 780	 49	 1	 -731	 
 17	 46	 780	 56	 1	 -724	 
 17	 46	 780	 56	 1	 -724	 
 17	 46	 780	 54	 1	 -726	 
 17	 46	 780	 60	 1	 -720	 
 17	 46	 780	 57	 1	 -723	 
 17	 46	 780	 58	 1	 -722	 
 17	 46	 780	 57	 1	 -723	 
 17	 46	 780	 58	 1	 -722	 
 17	 46	 780	 59	 1	 -721	 
 17	 46	 780	 54	 1	 -726	 
 17	 46	 780	 60	 1	 -720	 
 17	 46	 780	 47	 1	 -733	 
 17	 46	 780	 50	 1	 -730	 
 17	 46	 780	 54	 1	 -726	 
 17	 46	 780	 48	 1	 -732	 
 17	 46	 780	 61	 1	 -719	 
 17	 46	 780	 51	 1	 -729	 
 17	 46	 780	 52	 1	 -728	 
 17	 46	 780	 59	 1	 -721	 
 17	 46	 780	 52	 1	 -728	 
 17	 46	 780	 50	 1	 -730	 
 17	 46	 780	 55	 1	 -725	 
 17	 46	 780	 60	 1	 -720	 
 17	 46	 780	 50	 1	 -730	 
 17	 46	 780	 47	 1	 -733	 
 17	 46	 780	 58	 1	 -722	 
 17	 46	 780	 49	 1	 -731	 
 17	 46	 780	 59	 1	 -721	 
 17	 46	 780	 55	 1	 -725	 
 17	 46	 780	 60	 1	 -720	 
 17	 46	 780	 61	 1	 -719	 
 17	 46	 780	 48	 1	 -732	 
 17	 46	 780	 59	 1	 -721	 
 17	 46	 780	 52	 1	 -728	 
 17	 46	 780	 49	 1	 -731	 
 17	 46	 780	 61	 1	 -719	 
 17	 46	 780	 61	 1	 -719	 
 17	 46	 780	 48	 1	 -732	 
 17	 46	 780	 54	 1	 -726	 
 17	 46	 780	 52	 1	 -728	 
 17	 46	 780	 61	 1	 -719	 
 17	 46	 780	 58	 1	 -722	 
 17	 46	 780	 56	 1	 -724	 
 17	 46	 780	 54	 1	 -726	 
 17	 46	 780	 58	 1	 -722	 
 17	 46	 780	 57	 1	 -723	 
 17	 46	 780	 59	 1	 -721	 
 17	 46	 780	 55	 1	 -725	 
 17	 46	 780	 52	 1	 -728	 
 17	 46	 780	 61	 1	 -719	 
 17	 46	 780	 59	 1	 -721	 
 17	 46	 780	 52	 1	 -728	 
 17	 46	 780	 58	 1	 -722	 
 17	 46	 780	 56	 1	 -724	 
 17	 46	 780	 48	 1	 -732	 
 17	 46	 780	 55	 1	 -725	 
 17	 46	 780	 51	 1	 -729	 
 17	 46	 780	 57	 1	 -723	 
 17	 46	 780	 49	 1	 -731	 
 17	 46	 780	 54	 1	 -726	 
 17	 46	 780	 49	 1	 -731	 
 17	 46	 780	 52	 1	 -728	 
 17	 46	 780	 53	 1	 -727	 
 17	 46	 780	 55	 1	 -725	 
 17	 46	 780	 55	 1	 -725	 
 17	 46	 780	 48	 1	 -732	 
 17	 46	 780	 59	 1	 -721	 
 17	 46	 780	 49	 1	 -731	 
 17	 46	 780	 58	 1	 -722	 
 17	 46	 780	 60	 1	 -720	 
 17	 46	 780	 61	 1	 -719	 
 17	 46	 780	 51	 1	 -729	 
 17	 46	 780	 55	 1	 -725	 
 17	 46	 780	 48	 1	 -732	 
 17	 46	 780	 52	 1	 -728	 
 17	 46	 780	 59	 1	 -721	 
 17	 46	 780	 50	 1	 -730	 
 17	 46	 780	 61	 1	 -719	 
 17	 46	 780	 52	 1	 -728	 
 17	 46	 780	 56	 1	 -724	 
 17	 46	 780	 47	 1	 -733	 
 17	 46	 780	 57	 1	 -723	 
 17	 46	 780	 47	 1	 -733	 
 17	 46	 780	 59	 1	 -721	 
 17	 46	 780	 51	 1	 -729	 
 0	 0	 0	 0	 0	 0	 
 0	 0	 0	 0	 0	 0	 
 40	 51	 780	 56	 1	 -724	 
 40	 51	 780	 53	 1	 -727	 
 40	 51	 780	 53	 1	 -727	 
 40	 51	 780	 53	 1	 -727	 
 40	 51	 780	 56	 1	 -724	 
 40	 51	 780	 55	 1	 -725	 
 40	 51	 780	 56	 1	 -724	 
 40	 51	 780	 55	 1	 -725	 
 40	 51	 780	 54	 1	 -726	 
 40	 51	 780	 53	 1	 -727	 
 40	 51	 780	 53	 1	 -727	 
 40	 51	 780	 54	 1	 -726	 
 40	 51	 780	 55	 1	 -725	 
 40	 51	 780	 54	 1	 -726	 
 40	 51	 780	 55	 1	 -725	 
 40	 51	 780	 56	 1	 -724	 
 40	 51	 780	 54	 1	 -726	 
 40	 51	 780	 56	 1	 -724	 
 40	 51	 780	 53	 1	 -727	 
 40	 51	 780	 54	 1	 -726	 
 40	 51	 780	 56	 1	 -724	 
 40	 51	 780	 56	 1	 -724	 
 40	 51	 780	 55	 1	 -725	 
 40	 51	 780	 54	 1	 -726	 
 40	 51	 780	 53	 1	 -727	 
 40	 51	 780	 57	 1	 -723	 
 40	 51	 780	 52	 1	 -728	 
 40	 51	 780	 55	 1	 -725	 
 40	 51	 780	 57	 1	 -723	 
 40	 51	 780	 53	 1	 -727	 
 40	 51	 780	 52	 1	 -728	 
 40	 51	 780	 54	 1	 -726	 
 40	 51	 780	 54	 1	 -726	 
 40	 51	 780	 54	 1	 -726	 
 40	 51	 780	 57	 1	 -723	 
 40	 51	 780	 53	 1	 -727	 
 40	 51	 780	 52	 1	 -728	 
 40	 51	 780	 55	 1	 -725	 
 40	 51	 780	 55	 1	 -725	 
 40	 51	 780	 55	 1	 -725	 
 40	 51	 780	 57	 1	 -723	 
 40	 51	 780	 54	 1	 -726	 
 40	 51	 780	 57	 1	 -723	 
 40	 51	 780	 57	 1	 -723	 
 40	 51	 780	 54	 1	 -726	 
 40	 51	 780	 56	 1	 -724	 
 40	 51	 780	 55	 1	 -725	 
 40	 51	 780	 52	 1	 -728	 
 40	 51	 780	 53	 1	 -727	 
 40	 51	 780	 53	 1	 -727	 
 40	 51	 780	 55	 1	 -725	 
 40	 51	 780	 55	 1	 -725	 
 40	 51	 780	 56	 1	 -724	 
 40	 51	 780	 56	 1	 -724	 
 40	 51	 780	 56	 1	 -724	 
 40	 51	 780	 57	 1	 -723	 
 40	 51	 780	 54	 1	 -726	 
 40	 51	 780	 54	 1	 -726	 
 40	 51	 780	 53	 1	 -727	 
 40	 51	 780	 57	 1	 -723	 
 40	 51	 780	 57	 1	 -723	 
 40	 51	 780	 54	 1	 -726	 
 40	 51	 780	 54	 1	 -726	 
 40	 51	 780	 53	 1	 -727	 
 40	 51	 780	 54	 1	 -726	 
 40	 51	 780	 54	 1	 -726	 
 40	 51	 780	 57	 1	 -723	 
 40	 51	 780	 52	 1	 -728	 
 40	 51	 780	 52	 1	 -728	 
 40	 51	 780	 56	 1	 -724	 
 40	 51	 780	 52	 1	 -728	 
 40	 51	 780	 54	 1	 -726	 
 40	 51	 780	 55	 1	 -725	 
 40	 51	 780	 55	 1	 -725	 
 40	 51	 780	 57	 1	 -723	 
 40	 51	 780	 53	 1	 -727	 
 40	 51	 780	 53	 1	 -727	 
 40	 51	 780	 54	 1	 -726	 
 40	 51	 780	 54	 1	 -726	 
 40	 51	 780	 53	 1	 -727	 
 40	 51	 780	 57	 1	 -723	 
 40	 51	 780	 52	 1	 -728	 
 40	 51	 780	 53	 1	 -727	 
 40	 51	 780	 52	 1	 -728	 
 40	 51	 780	 53	 1	 -727	 
 40	 51	 780	 52	 1	 -728	 
 40	 51	 780	 53	 1	 -727	 
 40	 51	 780	 54	 1	 -726	 
 40	 51	 780	 53	 1	 -727	 
 40	 51	 780	 52	 1	 -728	 
 40	 51	 780	 55	 1	 -725	 
 40	 51	 780	 57	 1	 -723	 
 40	 51	 780	 52	 1	 -728	 
 40	 51	 780	 52	 1	 -728	 
 40	 51	 780	 56	 1	 -724	 
 40	 51	 780	 53	 1	 -727	 
 40	 51	 780	 53	 1	 -727	 
 40	 51	 780	 55	 1	 -725	 
 40	 51	 780	 55	 1	 -725	 
 0	 0	 0	 0	 0	 0	 
 0	 0	 0	 0	 0	 0	 
 40	 51	 780	 57	 1	 -723	 
 40	 51	 780	 57	 1	 -723	 
 40	 51	 780	 54	 1	 -726	 
 40	 51	 780	 57	 1	 -723	 
 40	 51	 780	 54	 1	 -726	 
 40	 51	 780	 53	 1	 -727	 
 40	 51	 780	 57	 1	 -723	 
 40	 51	 780	 55	 1	 -725	 
 40	 51	 780	 56	 1	 -724	 
 40	 51	 780	 57	 1	 -723	 
 40	 51	 780	 52	 1	 -728	 
 40	 51	 780	 54	 1	 -726	 
 40	 51	 780	 52	 1	 -728	 
 40	 51	 780	 57	 1	 -723	 
 40	 51	 780	 56	 1	 -724	 
 40	 51	 780	 56	 1	 -724	 
 40	 51	 780	 54	 1	 -726	 
 40	 51	 780	 52	 1	 -728	 
 40	 51	 780	 52	 1	 -728	 
 40	 51	 780	 57	 1	 -723	 
 40	 51	 780	 54	 1	 -726	 
 40	 51	 780	 55	 1	 -725	 
 40	 51	 780	 53	 1	 -727	 
 40	 51	 780	 52	 1	 -728	 
 40	 51	 780	 56	 1	 -724	 
 40	 51	 780	 55	 1	 -725	 
 40	 51	 780	 57	 1	 -723	 
 40	 51	 780	 55	 1	 -725	 
 40	 51	 780	 52	 1	 -728	 
 40	 51	 780	 54	 1	 -726	 
 40	 51	 780	 56	 1	 -724	 
 40	 51	 780	 57	 1	 -723	 
 40	 51	 780	 55	 1	 -725	 
 40	 51	 780	 57	 1	 -723	 
 40	 51	 780	 54	 1	 -726	 
 40	 51	 780	 54	 1	 -726	 
 40	 51	 780	 57	 1	 -723	 
 40	 51	 780	 56	 1	 -724	 
 40	 51	 780	 53	 1	 -727	 
 40	 51	 780	 55	 1	 -725	 
 40	 51	 780	 54	 1	 -726	 
 40	 51	 780	 53	 1	 -727	 
 40	 51	 780	 53	 1	 -727	 
 40	 51	 780	 56	 1	 -724	 
 40	 51	 780	 56	 1	 -724	 
 40	 51	 780	 55	 1	 -725	 
 40	 51	 780	 54	 1	 -726	 
 40	 51	 780	 53	 1	 -727	 
 40	 51	 780	 54	 1	 -726	 
 40	 51	 780	 52	 1	 -728	 
 40	 51	 780	 53	 1	 -727	 
 40	 51	 780	 55	 1	 -725	 
 40	 51	 780	 54	 1	 -726	 
 40	 51	 780	 54	 1	 -726	 
 40	 51	 780	 55	 1	 -725	 
 40	 51	 780	 56	 1	 -724	 
 40	 51	 780	 56	 1	 -724	 
 40	 51	 780	 57	 1	 -723	 
 40	 51	 780	 53	 1	 -727	 
 40	 51	 780	 54	 1	 -726	 
 40	 51	 780	 54	 1	 -726	 
 40	 51	 780	 55	 1	 -725	 
 40	 51	 780	 55	 1	 -725	 
 40	 51	 780	 53	 1	 -727	 
 40	 51	 780	 57	 1	 -723	 
 40	 51	 780	 56	 1	 -724	 
 40	 51	 780	 53	 1	 -727	 
 40	 51	 780	 55	 1	 -725	 
 40	 51	 780	 57	 1	 -723	 
 40	 51	 780	 54	 1	 -726	 
 40	 51	 780	 54	 1	 -726	 
 40	 51	 780	 53	 1	 -727	 
 40	 51	 780	 54	 1	 -726	 
 40	 51	 780	 56	 1	 -724	 
 40	 51	 780	 55	 1	 -725	 
 40	 51	 780	 52	 1	 -728	 
 40	 51	 780	 54	 1	 -726	 
 40	 51	 780	 57	 1	 -723	 
 40	 51	 780	 54	 1	 -726	 
 40	 51	 780	 55	 1	 -725	 
 40	 51	 780	 55	 1	 -725	 
 40	 51	 780	 52	 1	 -728	 
 40	 51	 780	 53	 1	 -727	 
 40	 51	 780	 52	 1	 -728	 
 40	 51	 780	 54	 1	 -726	 
 40	 51	 780	 52	 1	 -728	 
 40	 51	 780	 55	 1	 -725	 
 40	 51	 780	 54	 1	 -726	 
 40	 51	 780	 53	 1	 -727	 
 40	 51	 780	 57	 1	 -723	 
 40	 51	 780	 57	 1	 -723	 
 40	 51	 780	 55	 1	 -725	 
 40	 51	 780	 56	 1	 -724	 
 40	 51	 780	 53	 1	 -727	 
 40	 51	 780	 53	 1	 -727	 
 40	 51	 780	 55	 1	 -725	 
 40	 51	 780	 57	 1	 -723	 
 40	 51	 780	 56	 1	 -724	 
 40	 51	 780	 55	 1	 -725	 
 0	 0	 0	 0	 0	 0	 
 0	 0	 0	 0	 0	 0	 
 40	 51	 780	 52	 1	 -728	 
 40	 51	 780	 56	 1	 -724	 
 40	 51	 780	 53	 1	 -727	 
 40	 51	 780	 53	 1	 -727	 
 40	 51	 780	 52	 1	 -728	 
 40	 51	 780	 53	 1	 -727	 
 40	 51	 780	 54	 1	 -726	 
 40	 51	 780	 54	 1	 -726	 
 40	 51	 780	 57	 1	 -723	 
 40	 51	 780	 57	 1	 -723	 
 40	 51	 780	 55	 1	 -725	 
 40	 51	 780	 53	 1	 -727	 
 40	 51	 780	 54	 1	 -726	 
 40	 51	 780	 52	 1	 -728	 
 40	 51	 780	 56	 1	 -724	 
 40	 51	 780	 54	 1	 -726	 
 40	 51	 780	 54	 1	 -726	 
 40	 51	 780	 57	 1	 -723	 
 40	 51	 780	 56	 1	 -724	 
 40	 51	 780	 54	 1	 -726	 
 40	 51	 780	 57	 1	 -723	 
 40	 51	 780	 57	 1	 -723	 
 40	 51	 780	 55	 1	 -725	 
 40	 51	 780	 54	 1	 -726	 
 40	 51	 780	 53	 1	 -727	 
 40	 51	 780	 52	 1	 -728	 
 40	 51	 780	 53	 1	 -727	 
 40	 51	 780	 53	 1	 -727	 
 40	 51	 780	 56	 1	 -724	 
 40	 51	 780	 54	 1	 -726	 
 40	 51	 780	 52	 1	 -728	 
 40	 51	 780	 55	 1	 -725	 
 40	 51	 780	 53	 1	 -727	 
 40	 51	 780	 52	 1	 -728	 
 40	 51	 780	 55	 1	 -725	 
 40	 51	 780	 55	 1	 -725	 
 40	 51	 780	 56	 1	 -724	 
 40	 51	 780	 55	 1	 -725	 
 40	 51	 780	 53	 1	 -727	 
 40	 51	 780	 56	 1	 -724	 
 40	 51	 780	 55	 1	 -725	 
 40	 51	 780	 57	 1	 -723	 
 40	 51	 780	 56	 1	 -724	 
 40	 51	 780	 56	 1	 -724	 
 40	 51	 780	 53	 1	 -727	 
 40	 51	 780	 57	 1	 -723	 
 40	 51	 780	 54	 1	 -726	 
 40	 51	 780	 57	 1	 -723	 
 40	 51	 780	 57	 1	 -723	 
 40	 51	 780	 53	 1	 -727	 
 40	 51	 780	 56	 1	 -724	 
 40	 51	 780	 57	 1	 -723	 
 40	 51	 780	 52	 1	 -728	 
 40	 51	 780	 53	 1	 -727	 
 40	 51	 780	 52	 1	 -728	 
 40	 51	 780	 56	 1	 -724	 
 40	 51	 780	 57	 1	 -723	 
 40	 51	 780	 54	 1	 -726	 
 40	 51	 780	 52	 1	 -728	 
 40	 51	 780	 57	 1	 -723	 
 40	 51	 780	 56	 1	 -724	 
 40	 51	 780	 54	 1	 -726	 
 40	 51	 780	 54	 1	 -726	 
 40	 51	 780	 52	 1	 -728	 
 40	 51	 780	 53	 1	 -727	 
 40	 51	 780	 53	 1	 -727	 
 40	 51	 780	 55	 1	 -725	 
 40	 51	 780	 55	 1	 -725	 
 40	 51	 780	 53	 1	 -727	 
 40	 51	 780	 52	 1	 -728	 
 40	 51	 780	 55	 1	 -725	 
 40	 51	 780	 52	 1	 -728	 
 40	 51	 780	 52	 1	 -728	 
 40	 51	 780	 55	 1	 -725	 
 40	 51	 780	 57	 1	 -723	 
 40	 51	 780	 54	 1	 -726	 
 40	 51	 780	 52	 1	 -728	 
 40	 51	 780	 53	 1	 -727	 
 40	 51	 780	 54	 1	 -726	 
 40	 51	 780	 54	 1	 -726	 
 40	 51	 780	 54	 1	 -726	 
 40	 51	 780	 57	 1	 -723	 
 40	 51	 780	 55	 1	 -725	 
 40	 51	 780	 54	 1	 -726	 
 40	 51	 780	 54	 1	 -726	 
 40	 51	 780	 53	 1	 -727	 
 40	 51	 780	 57	 1	 -723	 
 40	 51	 780	 57	 1	 -723	 
 40	 51	 780	 54	 1	 -726	 
 40	 51	 780	 57	 1	 -723	 
 40	 51	 780	 54	 1	 -726	 
 40	 51	 780	 56	 1	 -724	 
 40	 51	 780	 54	 1	 -726	 
 40	 51	 780	 57	 1	 -723	 
 40	 51	 780	 54	 1	 -726	 
 40	 51	 780	 52	 1	 -728	 
 40	 51	 780	 57	 1	 -723	 
 40	 51	 780	 55	 1	 -725	 
 40	 51	 780	 52	 1	 -728	 
 0	 0	 0	 0	 0	 0	 
 0	 0	 0	 0	 0	 0	 
 31	 55	 780	 66	 1	 -714	 
 31	 55	 780	 60	 1	 -720	 
 31	 55	 780	 62	 1	 -718	 
 31	 55	 780	 57	 1	 -723	 
 31	 55	 780	 64	 1	 -716	 
 31	 55	 780	 66	 1	 -714	 
 31	 55	 780	 61	 1	 -719	 
 31	 55	 780	 57	 1	 -723	 
 31	 55	 780	 58	 1	 -722	 
 31	 55	 780	 58	 1	 -722	 
 31	 55	 780	 65	 1	 -715	 
 31	 55	 780	 67	 1	 -713	 
 31	 55	 780	 61	 1	 -719	 
 31	 55	 780	 62	 1	 -718	 
 31	 55	 780	 65	 1	 -715	 
 31	 55	 780	 63	 1	 -717	 
 31	 55	 780	 66	 1	 -714	 
 31	 55	 780	 65	 1	 -715	 
 31	 55	 780	 57	 1	 -723	 
 31	 55	 780	 61	 1	 -719	 
 31	 55	 780	 60	 1	 -720	 
 31	 55	 780	 60	 1	 -720	 
 31	 55	 780	 67	 1	 -713	 
 31	 55	 780	 60	 1	 -720	 
 31	 55	 780	 66	 1	 -714	 
 31	 55	 780	 68	 1	 -712	 
 31	 55	 780	 66	 1	 -714	 
 31	 55	 780	 63	 1	 -717	 
 31	 55	 780	 62	 1	 -718	 
 31	 55	 780	 66	 1	 -714	 
 31	 55	 780	 64	 1	 -716	 
 31	 55	 780	 59	 1	 -721	 
 31	 55	 780	 63	 1	 -717	 
 31	 55	 780	 64	 1	 -716	 
 31	 55	 780	 64	 1	 -716	 
 31	 55	 780	 56	 1	 -724	 
 31	 55	 780	 64	 1	 -716	 
 31	 55	 780	 59	 1	 -721	 
 31	 55	 780	 66	 1	 -714	 
 31	 55	 780	 67	 1	 -713	 
 31	 55	 780	 57	 1	 -723	 
 31	 55	 780	 59	 1	 -721	 
 31	 55	 780	 59	 1	 -721	 
 31	 55	 780	 67	 1	 -713	 
 31	 55	 780	 64	 1	 -716	 
 31	 55	 780	 58	 1	 -722	 
 31	 55	 780	 64	 1	 -716	 
 31	 55	 780	 62	 1	 -718	 
 31	 55	 780	 59	 1	 -721	 
 31	 55	 780	 68	 1	 -712	 
 31	 55	 780	 63	 1	 -717	 
 31	 55	 780	 61	 1	 -719	 
 31	 55	 780	 64	 1	 -716	 
 31	 55	 780	 60	 1	 -720	 
 31	 55	 780	 62	 1	 -718	 
 31	 55	 780	 67	 1	 -713	 
 31	 55	 780	 60	 1	 -720	 
 31	 55	 780	 60	 1	 -720	 
 31	 55	 780	 57	 1	 -723	 
 31	 55	 780	 66	 1	 -714	 
 31	 55	 780	 62	 1	 -718	 
 31	 55	 780	 61	 1	 -719	 
 31	 55	 780	 57	 1	 -723	 
 31	 55	 780	 63	 1	 -717	 
 31	 55	 780	 62	 1	 -718	 
 31	 55	 780	 59	 1	 -721	 
 31	 55	 780	 63	 1	 -717	 
 31	 55	 780	 63	 1	 -717	 
 31	 55	 780	 61	 1	 -719	 
 31	 55	 780	 61	 1	 -719	 
 31	 55	 780	 66	 1	 -714	 
 31	 55	 780	 62	 1	 -718	 
 31	 55	 780	 61	 1	 -719	 
 31	 55	 780	 66	 1	 -714	 
 31	 55	 780	 64	 1	 -716	 
 31	 55	 780	 57	 1	 -723	 
 31	 55	 780	 56	 1	 -724	 
 31	 55	 780	 65	 1	 -715	 
 31	 55	 780	 61	 1	 -719	 
 31	 55	 780	 60	 1	 -720	 
 31	 55	 780	 57	 1	 -723	 
 31	 55	 780	 64	 1	 -716	 
 31	 55	 780	 61	 1	 -719	 
 31	 55	 780	 65	 1	 -715	 
 31	 55	 780	 65	 1	 -715	 
 31	 55	 780	 56	 1	 -724	 
 31	 55	 780	 63	 1	 -717	 
 31	 55	 780	 57	 1	 -723	 
 31	 55	 780	 63	 1	 -717	 
 31	 55	 780	 56	 1	 -724	 
 31	 55	 780	 59	 1	 -721	 
 31	 55	 780	 65	 1	 -715	 
 31	 55	 780	 61	 1	 -719	 
 31	 55	 780	 62	 1	 -718	 
 31	 55	 780	 56	 1	 -724	 
 31	 55	 780	 57	 1	 -723	 
 31	 55	 780	 59	 1	 -721	 
 31	 55	 780	 61	 1	 -719	 
 31	 55	 780	 58	 1	 -722	 
 0	 0	 0	 0	 0	 0	 
 0	 0	 0	 0	 0	 0	 
 40	 51	 780	 53	 1	 -727	 
 40	 51	 780	 57	 1	 -723	 
 40	 51	 780	 57	 1	 -723	 
 40	 51	 780	 53	 1	 -727	 
 40	 51	 780	 55	 1	 -725	 
 40	 51	 780	 52	 1	 -728	 
 40	 51	 780	 53	 1	 -727	 
 40	 51	 780	 52	 1	 -728	 
 40	 51	 780	 55	 1	 -725	 
 40	 51	 780	 53	 1	 -727	 
 40	 51	 780	 54	 1	 -726	 
 40	 51	 780	 57	 1	 -723	 
 40	 51	 780	 52	 1	 -728	 
 40	 51	 780	 53	 1	 -727	 
 40	 51	 780	 54	 1	 -726	 
 40	 51	 780	 54	 1	 -726	 
 40	 51	 780	 55	 1	 -725	 
 40	 51	 780	 54	 1	 -726	 
 40	 51	 780	 56	 1	 -724	 
 40	 51	 780	 56	 1	 -724	 
 40	 51	 780	 57	 1	 -723	 
 40	 51	 780	 57	 1	 -723	 
 40	 51	 780	 52	 1	 -728	 
 40	 51	 780	 53	 1	 -727	 
 40	 51	 780	 54	 1	 -726	 
 40	 51	 780	 57	 1	 -723	 
 40	 51	 780	 54	 1	 -726	 
 40	 51	 780	 55	 1	 -725	 
 40	 51	 780	 52	 1	 -728	 
 40	 51	 780	 56	 1	 -724	 
 40	 51	 780	 53	 1	 -727	 
 40	 51	 780	 56	 1	 -724	 
 40	 51	 780	 54	 1	 -726	 
 40	 51	 780	 57	 1	 -723	 
 40	 51	 780	 54	 1	 -726	 
 40	 51	 780	 53	 1	 -727	 
 40	 51	 780	 57	 1	 -723	 
 40	 51	 780	 57	 1	 -723	 
 40	 51	 780	 57	 1	 -723	 
 40	 51	 780	 57	 1	 -723	 
 40	 51	 780	 54	 1	 -726	 
 40	 51	 780	 56	 1	 -724	 
 40	 51	 780	 53	 1	 -727	 
 40	 51	 780	 54	 1	 -726	 
 40	 51	 780	 57	 1	 -723	 
 40	 51	 780	 56	 1	 -724	 
 40	 51	 780	 57	 1	 -723	 
 40	 51	 780	 55	 1	 -725	 
 40	 51	 780	 53	 1	 -727	 
 40	 51	 780	 57	 1	 -723	 
 40	 51	 780	 54	 1	 -726	 
 40	 51	 780	 57	 1	 -723	 
 40	 51	 780	 57	 1	 -723	 
 40	 51	 780	 54	 1	 -726	 
 40	 51	 780	 57	 1	 -723	 
 40	 51	 780	 54	 1	 -726	 
 40	 51	 780	 55	 1	 -725	 
 40	 51	 780	 55	 1	 -725	 
 40	 51	 780	 53	 1	 -727	 
 40	 51	 780	 55	 1	 -725	 
 40	 51	 780	 53	 1	 -727	 
 40	 51	 780	 57	 1	 -723	 
 40	 51	 780	 54	 1	 -726	 
 40	 51	 780	 52	 1	 -728	 
 40	 51	 780	 56	 1	 -724	 
 40	 51	 780	 54	 1	 -726	 
 40	 51	 780	 57	 1	 -723	 
 40	 51	 780	 57	 1	 -723	 
 40	 51	 780	 52	 1	 -728	 
 40	 51	 780	 54	 1	 -726	 
 40	 51	 780	 57	 1	 -723	 
 40	 51	 780	 53	 1	 -727	 
 40	 51	 780	 52	 1	 -728	 
 40	 51	 780	 55	 1	 -725	 
 40	 51	 780	 53	 1	 -727	 
 40	 51	 780	 57	 1	 -723	 
 40	 51	 780	 53	 1	 -727	 
 40	 51	 780	 53	 1	 -727	 
 40	 51	 780	 54	 1	 -726	 
 40	 51	 780	 52	 1	 -728	 
 40	 51	 780	 56	 1	 -724	 
 40	 51	 780	 56	 1	 -724	 
 40	 51	 780	 52	 1	 -728	 
 40	 51	 780	 57	 1	 -723	 
 40	 51	 780	 57	 1	 -723	 
 40	 51	 780	 55	 1	 -725	 
 40	 51	 780	 54	 1	 -726	 
 40	 51	 780	 56	 1	 -724	 
 40	 51	 780	 52	 1	 -728	 
 40	 51	 780	 56	 1	 -724	 
 40	 51	 780	 57	 1	 -723	 
 40	 51	 780	 53	 1	 -727	 
 40	 51	 780	 52	 1	 -728	 
 40	 51	 780	 52	 1	 -728	 
 40	 51	 780	 52	 1	 -728	 
 40	 51	 780	 54	 1	 -726	 
 40	 51	 780	 53	 1	 -727	 
 40	 51	 780	 53	 1	 -727	 
 40	 51	 780	 55	 1	 -725	 
 0	 0	 0	 0	 0	 0	 
 0	 0	 0	 0	 0	 0	 
 17	 46	 780	 57	 1	 -723	 
 17	 46	 780	 52	 1	 -728	 
 17	 46	 780	 54	 1	 -726	 
 17	 46	 780	 49	 1	 -731	 
 17	 46	 780	 61	 1	 -719	 
 17	 46	 780	 57	 1	 -723	 
 17	 46	 780	 60	 1	 -720	 
 17	 46	 780	 51	 1	 -729	 
 17	 46	 780	 59	 1	 -721	 
 17	 46	 780	 61	 1	 -719	 
 17	 46	 780	 52	 1	 -728	 
 17	 46	 780	 48	 1	 -732	 
 17	 46	 780	 58	 1	 -722	 
 17	 46	 780	 58	 1	 -722	 
 17	 46	 780	 58	 1	 -722	 
 17	 46	 780	 58	 1	 -722	 
 17	 46	 780	 51	 1	 -729	 
 17	 46	 780	 49	 1	 -731	 
 17	 46	 780	 54	 1	 -726	 
 17	 46	 780	 60	 1	 -720	 
 17	 46	 780	 59	 1	 -721	 
 17	 46	 780	 51	 1	 -729	 
 17	 46	 780	 60	 1	 -720	 
 17	 46	 780	 51	 1	 -729	 
 17	 46	 780	 52	 1	 -728	 
 17	 46	 780	 49	 1	 -731	 
 17	 46	 780	 48	 1	 -732	 
 17	 46	 780	 56	 1	 -724	 
 17	 46	 780	 55	 1	 -725	 
 17	 46	 780	 58	 1	 -722	 
 17	 46	 780	 58	 1	 -722	 
 17	 46	 780	 58	 1	 -722	 
 17	 46	 780	 47	 1	 -733	 
 17	 46	 780	 52	 1	 -728	 
 17	 46	 780	 55	 1	 -725	 
 17	 46	 780	 55	 1	 -725	 
 17	 46	 780	 48	 1	 -732	 
 17	 46	 780	 52	 1	 -728	 
 17	 46	 780	 53	 1	 -727	 
 17	 46	 780	 55	 1	 -725	 
 17	 46	 780	 52	 1	 -728	 
 17	 46	 780	 56	 1	 -724	 
 17	 46	 780	 47	 1	 -733	 
 17	 46	 780	 52	 1	 -728	 
 17	 46	 780	 48	 1	 -732	 
 17	 46	 780	 58	 1	 -722	 
 17	 46	 780	 59	 1	 -721	 
 17	 46	 780	 51	 1	 -729	 
 17	 46	 780	 58	 1	 -722	 
 17	 46	 780	 61	 1	 -719	 
 17	 46	 780	 50	 1	 -730	 
 17	 46	 780	 55	 1	 -725	 
 17	 46	 780	 54	 1	 -726	 
 17	 46	 780	 58	 1	 -722	 
 17	 46	 780	 59	 1	 -721	 
 17	 46	 780	 54	 1	 -726	 
 17	 46	 780	 60	 1	 -720	 
 17	 46	 780	 54	 1	 -726	 
 17	 46	 780	 53	 1	 -727	 
 17	 46	 780	 48	 1	 -732	 
 17	 46	 780	 60	 1	 -720	 
 17	 46	 780	 60	 1	 -720	 
 17	 46	 780	 54	 1	 -726	 
 17	 46	 780	 50	 1	 -730	 
 17	 46	 780	 56	 1	 -724	 
 17	 46	 780	 52	 1	 -728	 
 17	 46	 780	 49	 1	 -731	 
 17	 46	 780	 57	 1	 -723	 
 17	 46	 780	 55	 1	 -725	 
 17	 46	 780	 61	 1	 -719	 
 17	 46	 780	 49	 1	 -731	 
 17	 46	 780	 50	 1	 -730	 
 17	 46	 780	 47	 1	 -733	 
 17	 46	 780	 49	 1	 -731	 
 17	 46	 780	 54	 1	 -726	 
 17	 46	 780	 60	 1	 -720	 
 17	 46	 780	 52	 1	 -728	 
 17	 46	 780	 47	 1	 -733	 
 17	 46	 780	 56	 1	 -724	 
 17	 46	 780	 61	 1	 -719	 
 17	 46	 780	 49	 1	 -731	 
 17	 46	 780	 61	 1	 -719	 
 17	 46	 780	 49	 1	 -731	 
 17	 46	 780	 56	 1	 -724	 
 17	 46	 780	 52	 1	 -728	 
 17	 46	 780	 51	 1	 -729	 
 17	 46	 780	 50	 1	 -730	 
 17	 46	 780	 58	 1	 -722	 
 17	 46	 780	 60	 1	 -720	 
 17	 46	 780	 61	 1	 -719	 
 17	 46	 780	 48	 1	 -732	 
 17	 46	 780	 56	 1	 -724	 
 17	 46	 780	 53	 1	 -727	 
 17	 46	 780	 54	 1	 -726	 
 17	 46	 780	 53	 1	 -727	 
 17	 46	 780	 60	 1	 -720	 
 17	 46	 780	 57	 1	 -723	 
 17	 46	 780	 57	 1	 -723	 
 17	 46	 780	 61	 1	 -719	 
 0	 0	 0	 0	 0	 0	 
 