2.542433e-01	 6.869631e-01	 4.084395e-04	 5.838524e-02	 1.417922e+05	 9.773153e+00	 
 2.542433e-01	 6.869631e-01	 4.084395e-04	 5.838524e-02	 1.417791e+05	 7.061551e+00	 
 2.542433e-01	 6.869631e-01	 4.084395e-04	 5.838524e-02	 1.417746e+05	 7.219330e+00	 
 2.025077e-01	 7.031707e-01	 2.794659e-04	 9.404212e-02	 1.025412e+05	 6.531021e+00	 
 2.026879e-01	 7.031126e-01	 2.851874e-04	 9.391432e-02	 1.025400e+05	 6.724117e+00	 
 2.027572e-01	 7.030900e-01	 2.874218e-04	 9.386533e-02	 1.025396e+05	 6.795011e+00	 
 2.027868e-01	 7.030804e-01	 2.883847e-04	 9.384449e-02	 1.025394e+05	 6.825643e+00	 
 2.028003e-01	 7.030759e-01	 2.888281e-04	 9.383497e-02	 1.025393e+05	 6.839931e+00	 
 2.028067e-01	 7.030738e-01	 2.890403e-04	 9.383043e-02	 1.025393e+05	 6.846838e+00	 
 2.028099e-01	 7.030728e-01	 2.891441e-04	 9.382822e-02	 1.025392e+05	 6.850235e+00	 
 2.028114e-01	 7.030722e-01	 2.891954e-04	 9.382712e-02	 1.025392e+05	 6.851920e+00	 
 2.028122e-01	 7.030720e-01	 2.892209e-04	 9.382658e-02	 1.025392e+05	 6.852759e+00	 
 2.028126e-01	 7.030719e-01	 2.892336e-04	 9.382631e-02	 1.025392e+05	 6.853177e+00	 
 2.028128e-01	 7.030718e-01	 2.892399e-04	 9.382617e-02	 1.025392e+05	 6.853387e+00	 
 2.028129e-01	 7.030718e-01	 2.892431e-04	 9.382611e-02	 1.025392e+05	 6.853491e+00	 
 2.019820e-01	 7.033371e-01	 2.630537e-04	 9.441785e-02	 1.025372e+05	 6.480474e+00	 
 2.041992e-01	 7.025290e-01	 3.217687e-04	 9.294999e-02	 1.025361e+05	 7.255368e+00	 
 2.043706e-01	 7.024656e-01	 3.261929e-04	 9.283752e-02	 1.025355e+05	 7.295214e+00	 
 2.044571e-01	 7.024336e-01	 3.284170e-04	 9.278089e-02	 1.025352e+05	 7.315256e+00	 
 2.045004e-01	 7.024176e-01	 3.295324e-04	 9.275246e-02	 1.025350e+05	 7.325310e+00	 
 2.045222e-01	 7.024095e-01	 3.300911e-04	 9.273821e-02	 1.025349e+05	 7.330347e+00	 
 2.045331e-01	 7.024055e-01	 3.303708e-04	 9.273108e-02	 1.025349e+05	 7.332868e+00	 
 2.045385e-01	 7.024034e-01	 3.305108e-04	 9.272751e-02	 1.025349e+05	 7.334130e+00	 
 2.045413e-01	 7.024024e-01	 3.305808e-04	 9.272572e-02	 1.025349e+05	 7.334762e+00	 
 2.365845e-01	 6.930758e-01	 8.129392e-05	 7.025837e-02	 9.452137e+04	 1.011349e+01	 
 2.365060e-01	 6.931132e-01	 8.103144e-05	 7.029973e-02	 9.452136e+04	 9.852525e+00	 
 2.365035e-01	 6.931145e-01	 8.102286e-05	 7.030106e-02	 9.452135e+04	 9.844927e+00	 
 2.365022e-01	 6.931151e-01	 8.101857e-05	 7.030173e-02	 9.452134e+04	 9.841143e+00	 
 2.365016e-01	 6.931154e-01	 8.101642e-05	 7.030206e-02	 9.452134e+04	 9.839254e+00	 
 2.365012e-01	 6.931155e-01	 8.101535e-05	 7.030223e-02	 9.452134e+04	 9.838309e+00	 
 2.365011e-01	 6.931156e-01	 8.101481e-05	 7.030231e-02	 9.452134e+04	 9.837835e+00	 
 2.382488e-01	 6.924689e-01	 8.442181e-05	 6.919793e-02	 9.452054e+04	 1.045245e+01	 
 2.391168e-01	 6.921492e-01	 8.606433e-05	 6.864799e-02	 9.452008e+04	 9.655058e+00	 
 2.395518e-01	 6.919882e-01	 8.689074e-05	 6.837314e-02	 9.451988e+04	 9.411883e+00	 
 2.397685e-01	 6.919078e-01	 8.730334e-05	 6.823639e-02	 9.451980e+04	 9.309401e+00	 
 2.398766e-01	 6.918676e-01	 8.750926e-05	 6.816827e-02	 9.451975e+04	 9.261861e+00	 
 2.399305e-01	 6.918476e-01	 8.761211e-05	 6.813427e-02	 9.451973e+04	 9.238916e+00	 
 2.399575e-01	 6.918375e-01	 8.766351e-05	 6.811729e-02	 9.451972e+04	 9.227638e+00	 
 2.399710e-01	 6.918325e-01	 8.768920e-05	 6.810881e-02	 9.451972e+04	 9.222046e+00	 
 2.399777e-01	 6.918300e-01	 8.770204e-05	 6.810457e-02	 9.451972e+04	 9.219261e+00	 
 2.399811e-01	 6.918288e-01	 8.770847e-05	 6.810244e-02	 9.451972e+04	 9.217872e+00	 
 2.399827e-01	 6.918282e-01	 8.771168e-05	 6.810138e-02	 9.451972e+04	 9.217178e+00	 
 2.399836e-01	 6.918278e-01	 8.771328e-05	 6.810085e-02	 9.451972e+04	 9.216831e+00	 
 2.460394e-01	 6.802369e-01	 5.482792e-03	 6.824092e-02	 7.124404e+04	 7.385448e+00	 
 2.459880e-01	 6.802621e-01	 5.476343e-03	 6.827355e-02	 7.124393e+04	 7.387667e+00	 
 2.459622e-01	 6.802748e-01	 5.473114e-03	 6.828989e-02	 7.124388e+04	 7.388802e+00	 
 2.459493e-01	 6.802811e-01	 5.471499e-03	 6.829806e-02	 7.124385e+04	 7.389376e+00	 
 2.459429e-01	 6.802843e-01	 5.470690e-03	 6.830215e-02	 7.124384e+04	 7.389665e+00	 
 2.425606e-01	 6.818097e-01	 4.994623e-03	 7.063513e-02	 7.123682e+04	 7.360435e+00	 
 2.425606e-01	 6.818097e-01	 4.994623e-03	 7.063513e-02	 7.119093e+04	 7.350945e+00	 
 2.019233e-01	 7.022053e-01	 3.200535e-04	 9.555135e-02	 7.112960e+04	 7.361616e+00	 
 2.425606e-01	 6.818097e-01	 4.994623e-03	 7.063513e-02	 7.103135e+04	 7.486964e+00	 
 2.585311e-01	 6.820678e-01	 3.509930e-03	 5.589123e-02	 6.649152e+04	 8.999974e+00	 
 2.585311e-01	 6.820678e-01	 3.509930e-03	 5.589123e-02	 6.643559e+04	 1.203464e+01	 
 