2.728050e-01	 -1.371637e-04	 -9.606999e-02	 5.441330e-01	 7.121090e+04	 7.120090e+04	 9.997033e+00	 0	 2.846361e+02	 2.796319e-01	 2.795577e-01	 1.045601e+03	 3.128767e+02	 
 2.728050e-01	 -1.371637e-04	 -9.606999e-02	 5.441330e-01	 7.121090e+04	 7.120090e+04	 9.997033e+00	 0	 2.846361e+02	 2.796319e-01	 2.795577e-01	 1.045601e+03	 3.128767e+02	 
 2.728050e-01	 -1.371637e-04	 -9.606999e-02	 5.441330e-01	 7.121090e+04	 7.120090e+04	 9.997033e+00	 0	 2.846361e+02	 2.796319e-01	 2.795577e-01	 1.045601e+03	 3.128767e+02	 
 2.728050e-01	 -1.371637e-04	 -9.606999e-02	 5.441330e-01	 7.121090e+04	 7.120090e+04	 9.997033e+00	 0	 2.846361e+02	 2.796319e-01	 2.795577e-01	 1.045601e+03	 3.128767e+02	 
 2.728050e-01	 -1.371637e-04	 -9.606999e-02	 5.441330e-01	 7.121090e+04	 7.120090e+04	 9.997033e+00	 0	 2.846361e+02	 2.796319e-01	 2.795577e-01	 1.045601e+03	 3.128767e+02	 
 2.728050e-01	 -1.371637e-04	 -9.606999e-02	 5.441330e-01	 7.121090e+04	 7.120090e+04	 9.997033e+00	 0	 2.846361e+02	 2.796319e-01	 2.795577e-01	 1.045601e+03	 3.128767e+02	 
 2.438438e-01	 -1.147521e-02	 -2.213879e-01	 6.203062e-01	 8.084345e+04	 8.109910e+04	 2.556524e+02	 0	 1.053818e+03	 3.702024e-01	 3.688977e-01	 1.005517e+03	 4.066508e+02	 
 2.438438e-01	 -1.147521e-02	 -2.213879e-01	 6.203062e-01	 8.084345e+04	 8.109910e+04	 2.556524e+02	 0	 1.053818e+03	 3.702024e-01	 3.688977e-01	 1.005517e+03	 4.066508e+02	 
 2.438438e-01	 -1.147521e-02	 -2.213879e-01	 6.203062e-01	 8.084345e+04	 8.109910e+04	 2.556524e+02	 0	 1.053818e+03	 3.702024e-01	 3.688977e-01	 1.005517e+03	 4.066508e+02	 
 2.438438e-01	 -1.147521e-02	 -2.213879e-01	 6.203062e-01	 8.084345e+04	 8.109910e+04	 2.556524e+02	 0	 1.053818e+03	 3.702024e-01	 3.688977e-01	 1.005517e+03	 4.066508e+02	 
 2.438438e-01	 -1.147521e-02	 -2.213879e-01	 6.203062e-01	 8.084345e+04	 8.109910e+04	 2.556524e+02	 0	 1.053818e+03	 3.702024e-01	 3.688977e-01	 1.005517e+03	 4.066508e+02	 
 2.438438e-01	 -1.147521e-02	 -2.213879e-01	 6.203062e-01	 8.084345e+04	 8.109910e+04	 2.556524e+02	 0	 1.053818e+03	 3.702024e-01	 3.688977e-01	 1.005517e+03	 4.066508e+02	 
 1.320748e-01	 2.920873e-01	 6.043294e-01	 1.760103e-01	 1.242596e+05	 1.034539e+05	 2.080569e+04	 1	 1.747496e+02	 2.047751e-01	 5.331239e+02	 2.011286e+03	 4.896982e+01	 
 1.320748e-01	 2.920873e-01	 6.043294e-01	 1.760103e-01	 1.242596e+05	 1.034539e+05	 2.080569e+04	 1	 1.747496e+02	 2.047751e-01	 5.331239e+02	 2.011286e+03	 4.896982e+01	 
 1.320748e-01	 2.920873e-01	 6.043294e-01	 1.760103e-01	 1.242596e+05	 1.034539e+05	 2.080569e+04	 1	 1.747496e+02	 2.047751e-01	 5.331239e+02	 2.011286e+03	 4.896982e+01	 
 1.320748e-01	 2.920873e-01	 6.043294e-01	 1.760103e-01	 1.242596e+05	 1.034539e+05	 2.080569e+04	 1	 1.747496e+02	 2.047751e-01	 5.331239e+02	 2.011286e+03	 4.896982e+01	 
 1.320748e-01	 2.920873e-01	 6.043294e-01	 1.760103e-01	 1.242596e+05	 1.034539e+05	 2.080569e+04	 1	 1.747496e+02	 2.047751e-01	 5.331239e+02	 2.011286e+03	 4.896982e+01	 
 1.320748e-01	 2.920873e-01	 6.043294e-01	 1.760103e-01	 1.242596e+05	 1.034539e+05	 2.080569e+04	 1	 1.747496e+02	 2.047751e-01	 5.331239e+02	 2.011286e+03	 4.896982e+01	 
 1.764653e-01	 -1.320764e-01	 1.177825e+00	 -1.370177e-01	 1.041785e+05	 1.062037e+05	 2.025243e+03	 0	 1.429341e+02	 8.523953e-02	 6.297872e+02	 6.570401e+02	 7.491446e+02	 
 1.764653e-01	 -1.320764e-01	 1.177825e+00	 -1.370177e-01	 1.041785e+05	 1.062037e+05	 2.025243e+03	 0	 1.429341e+02	 8.523953e-02	 6.297872e+02	 6.570401e+02	 7.491446e+02	 
 1.764653e-01	 -1.320764e-01	 1.177825e+00	 -1.370177e-01	 1.041785e+05	 1.062037e+05	 2.025243e+03	 0	 1.429341e+02	 8.523953e-02	 6.297872e+02	 6.570401e+02	 7.491446e+02	 
 1.764653e-01	 -1.320764e-01	 1.177825e+00	 -1.370177e-01	 1.041785e+05	 1.062037e+05	 2.025243e+03	 0	 1.429341e+02	 8.523953e-02	 6.297872e+02	 6.570401e+02	 7.491446e+02	 
 1.764653e-01	 -1.320764e-01	 1.177825e+00	 -1.370177e-01	 1.041785e+05	 1.062037e+05	 2.025243e+03	 0	 1.429341e+02	 8.523953e-02	 6.297872e+02	 6.570401e+02	 7.491446e+02	 
 1.764653e-01	 -1.320764e-01	 1.177825e+00	 -1.370177e-01	 1.041785e+05	 1.062037e+05	 2.025243e+03	 0	 1.429341e+02	 8.523953e-02	 6.297872e+02	 6.570401e+02	 7.491446e+02	 
 3.577435e-01	 -2.565505e-02	 4.547881e-01	 1.174502e-01	 6.417048e+04	 6.433480e+04	 1.643225e+02	 0	 3.477796e+01	 9.568663e-02	 9.591739e-02	 2.709169e+03	 1.258329e-01	 
 3.577435e-01	 -2.565505e-02	 4.547881e-01	 1.174502e-01	 6.417048e+04	 6.433480e+04	 1.643225e+02	 0	 3.477796e+01	 9.568663e-02	 9.591739e-02	 2.709169e+03	 1.258329e-01	 
 3.577435e-01	 -2.565505e-02	 4.547881e-01	 1.174502e-01	 6.417048e+04	 6.433480e+04	 1.643225e+02	 0	 3.477796e+01	 9.568663e-02	 9.591739e-02	 2.709169e+03	 1.258329e-01	 
 3.577435e-01	 -2.565505e-02	 4.547881e-01	 1.174502e-01	 6.417048e+04	 6.433480e+04	 1.643225e+02	 0	 3.477796e+01	 9.568663e-02	 9.591739e-02	 2.709169e+03	 1.258329e-01	 
 3.577435e-01	 -2.565505e-02	 4.547881e-01	 1.174502e-01	 6.417048e+04	 6.433480e+04	 1.643225e+02	 0	 3.477796e+01	 9.568663e-02	 9.591739e-02	 2.709169e+03	 1.258329e-01	 
 3.577435e-01	 -2.565505e-02	 4.547881e-01	 1.174502e-01	 6.417048e+04	 6.433480e+04	 1.643225e+02	 0	 3.477796e+01	 9.568663e-02	 9.591739e-02	 2.709169e+03	 1.258329e-01	 
 1.330050e-01	 3.607320e-01	 1.056327e-01	 4.150107e-01	 1.098924e+05	 9.544010e+04	 1.445228e+04	 1	 7.438442e+02	 1.438695e-02	 9.419907e+01	 1.301911e+02	 5.118342e+01	 
 1.330050e-01	 3.607320e-01	 1.056327e-01	 4.150107e-01	 1.098924e+05	 9.544010e+04	 1.445228e+04	 1	 7.438442e+02	 1.438695e-02	 9.419907e+01	 1.301911e+02	 5.118342e+01	 
 1.330050e-01	 3.607320e-01	 1.056327e-01	 4.150107e-01	 1.098924e+05	 9.544010e+04	 1.445228e+04	 1	 7.438442e+02	 1.438695e-02	 9.419907e+01	 1.301911e+02	 5.118342e+01	 
 1.330050e-01	 3.607320e-01	 1.056327e-01	 4.150107e-01	 1.098924e+05	 9.544010e+04	 1.445228e+04	 1	 7.438442e+02	 1.438695e-02	 9.419907e+01	 1.301911e+02	 5.118342e+01	 
 1.330050e-01	 3.607320e-01	 1.056327e-01	 4.150107e-01	 1.098924e+05	 9.544010e+04	 1.445228e+04	 1	 7.438442e+02	 1.438695e-02	 9.419907e+01	 1.301911e+02	 5.118342e+01	 
 1.330050e-01	 3.607320e-01	 1.056327e-01	 4.150107e-01	 1.098924e+05	 9.544010e+04	 1.445228e+04	 1	 7.438442e+02	 1.438695e-02	 9.419907e+01	 1.301911e+02	 5.118342e+01	 
 7.197326e-02	 -2.471588e-02	 1.177660e+00	 -5.296413e-02	 1.382937e+05	 1.367547e+05	 1.539044e+03	 0	 2.323641e+02	 1.720757e-01	 6.190912e+02	 1.105303e+03	 1.801852e+03	 
 7.197326e-02	 -2.471588e-02	 1.177660e+00	 -5.296413e-02	 1.382937e+05	 1.367547e+05	 1.539044e+03	 0	 2.323641e+02	 1.720757e-01	 6.190912e+02	 1.105303e+03	 1.801852e+03	 
 7.197326e-02	 -2.471588e-02	 1.177660e+00	 -5.296413e-02	 1.382937e+05	 1.367547e+05	 1.539044e+03	 0	 2.323641e+02	 1.720757e-01	 6.190912e+02	 1.105303e+03	 1.801852e+03	 
 7.197326e-02	 -2.471588e-02	 1.177660e+00	 -5.296413e-02	 1.382937e+05	 1.367547e+05	 1.539044e+03	 0	 2.323641e+02	 1.720757e-01	 6.190912e+02	 1.105303e+03	 1.801852e+03	 
 7.197326e-02	 -2.471588e-02	 1.177660e+00	 -5.296413e-02	 1.382937e+05	 1.367547e+05	 1.539044e+03	 0	 2.323641e+02	 1.720757e-01	 6.190912e+02	 1.105303e+03	 1.801852e+03	 
 7.197326e-02	 -2.471588e-02	 1.177660e+00	 -5.296413e-02	 1.382937e+05	 1.367547e+05	 1.539044e+03	 0	 2.323641e+02	 1.720757e-01	 6.190912e+02	 1.105303e+03	 1.801852e+03	 
 1.292584e-01	 5.772249e-05	 4.705444e-01	 3.082210e-01	 1.273763e+05	 1.273765e+05	 1.977455e-01	 1	 1.392464e+02	 9.195943e-02	 9.216287e-02	 7.378270e+02	 4.278715e+02	 
 1.292584e-01	 5.772249e-05	 4.705444e-01	 3.082210e-01	 1.273763e+05	 1.273765e+05	 1.977455e-01	 1	 1.392464e+02	 9.195943e-02	 9.216287e-02	 7.378270e+02	 4.278715e+02	 
 1.292584e-01	 5.772249e-05	 4.705444e-01	 3.082210e-01	 1.273763e+05	 1.273765e+05	 1.977455e-01	 1	 1.392464e+02	 9.195943e-02	 9.216287e-02	 7.378270e+02	 4.278715e+02	 
 1.292584e-01	 5.772249e-05	 4.705444e-01	 3.082210e-01	 1.273763e+05	 1.273765e+05	 1.977455e-01	 1	 1.392464e+02	 9.195943e-02	 9.216287e-02	 7.378270e+02	 4.278715e+02	 
 1.292584e-01	 5.772249e-05	 4.705444e-01	 3.082210e-01	 1.273763e+05	 1.273765e+05	 1.977455e-01	 1	 1.392464e+02	 9.195943e-02	 9.216287e-02	 7.378270e+02	 4.278715e+02	 
 1.292584e-01	 5.772249e-05	 4.705444e-01	 3.082210e-01	 1.273763e+05	 1.273765e+05	 1.977455e-01	 1	 1.392464e+02	 9.195943e-02	 9.216287e-02	 7.378270e+02	 4.278715e+02	 
 2.148458e-01	 1.665810e-01	 3.088820e-01	 2.468943e-01	 7.592553e+04	 7.259640e+04	 3.329132e+03	 1	 2.195890e+01	 6.281092e-02	 6.296915e-02	 1.150507e+03	 6.279696e-02	 
 2.148458e-01	 1.665810e-01	 3.088820e-01	 2.468943e-01	 7.592553e+04	 7.259640e+04	 3.329132e+03	 1	 2.195890e+01	 6.281092e-02	 6.296915e-02	 1.150507e+03	 6.279696e-02	 
 2.148458e-01	 1.665810e-01	 3.088820e-01	 2.468943e-01	 7.592553e+04	 7.259640e+04	 3.329132e+03	 1	 2.195890e+01	 6.281092e-02	 6.296915e-02	 1.150507e+03	 6.279696e-02	 
 2.148458e-01	 1.665810e-01	 3.088820e-01	 2.468943e-01	 7.592553e+04	 7.259640e+04	 3.329132e+03	 1	 2.195890e+01	 6.281092e-02	 6.296915e-02	 1.150507e+03	 6.279696e-02	 
 2.148458e-01	 1.665810e-01	 3.088820e-01	 2.468943e-01	 7.592553e+04	 7.259640e+04	 3.329132e+03	 1	 2.195890e+01	 6.281092e-02	 6.296915e-02	 1.150507e+03	 6.279696e-02	 
 2.148458e-01	 1.665810e-01	 3.088820e-01	 2.468943e-01	 7.592553e+04	 7.259640e+04	 3.329132e+03	 1	 2.195890e+01	 6.281092e-02	 6.296915e-02	 1.150507e+03	 6.279696e-02	 
 7.288000e-02	 2.270836e-02	 4.858399e-01	 3.409384e-01	 6.138427e+04	 6.122970e+04	 1.545713e+02	 1	 7.803247e+02	 7.765105e-02	 7.787401e-02	 2.937731e+03	 7.763332e-02	 
 7.288000e-02	 2.270836e-02	 4.858399e-01	 3.409384e-01	 6.138427e+04	 6.122970e+04	 1.545713e+02	 1	 7.803247e+02	 7.765105e-02	 7.787401e-02	 2.937731e+03	 7.763332e-02	 
 7.288000e-02	 2.270836e-02	 4.858399e-01	 3.409384e-01	 6.138427e+04	 6.122970e+04	 1.545713e+02	 1	 7.803247e+02	 7.765105e-02	 7.787401e-02	 2.937731e+03	 7.763332e-02	 
 7.288000e-02	 2.270836e-02	 4.858399e-01	 3.409384e-01	 6.138427e+04	 6.122970e+04	 1.545713e+02	 1	 7.803247e+02	 7.765105e-02	 7.787401e-02	 2.937731e+03	 7.763332e-02	 
 7.288000e-02	 2.270836e-02	 4.858399e-01	 3.409384e-01	 6.138427e+04	 6.122970e+04	 1.545713e+02	 1	 7.803247e+02	 7.765105e-02	 7.787401e-02	 2.937731e+03	 7.763332e-02	 
 7.288000e-02	 2.270836e-02	 4.858399e-01	 3.409384e-01	 6.138427e+04	 6.122970e+04	 1.545713e+02	 1	 7.803247e+02	 7.765105e-02	 7.787401e-02	 2.937731e+03	 7.763332e-02	 
 6.981349e-02	 2.211144e-02	 4.993225e-01	 3.354150e-01	 6.128793e+04	 6.122970e+04	 5.823395e+01	 1	 5.981024e+02	 7.341114e-02	 7.354797e-02	 2.261361e+03	 7.333762e-02	 
 6.981349e-02	 2.211144e-02	 4.993225e-01	 3.354150e-01	 6.128793e+04	 6.122970e+04	 5.823395e+01	 1	 5.981024e+02	 7.341114e-02	 7.354797e-02	 2.261361e+03	 7.333762e-02	 
 6.981349e-02	 2.211144e-02	 4.993225e-01	 3.354150e-01	 6.128793e+04	 6.122970e+04	 5.823395e+01	 1	 5.981024e+02	 7.341114e-02	 7.354797e-02	 2.261361e+03	 7.333762e-02	 
 6.981349e-02	 2.211144e-02	 4.993225e-01	 3.354150e-01	 6.128793e+04	 6.122970e+04	 5.823395e+01	 1	 5.981024e+02	 7.341114e-02	 7.354797e-02	 2.261361e+03	 7.333762e-02	 
 6.981349e-02	 2.211144e-02	 4.993225e-01	 3.354150e-01	 6.128793e+04	 6.122970e+04	 5.823395e+01	 1	 5.981024e+02	 7.341114e-02	 7.354797e-02	 2.261361e+03	 7.333762e-02	 
 6.981349e-02	 2.211144e-02	 4.993225e-01	 3.354150e-01	 6.128793e+04	 6.122970e+04	 5.823395e+01	 1	 5.981024e+02	 7.341114e-02	 7.354797e-02	 2.261361e+03	 7.333762e-02	 
 3.577435e-01	 -2.565505e-02	 4.547881e-01	 1.174502e-01	 6.417048e+04	 6.433480e+04	 1.643225e+02	 0	 3.477796e+01	 9.568663e-02	 9.591739e-02	 2.709169e+03	 1.258329e-01	 
 3.577435e-01	 -2.565505e-02	 4.547881e-01	 1.174502e-01	 6.417048e+04	 6.433480e+04	 1.643225e+02	 0	 3.477796e+01	 9.568663e-02	 9.591739e-02	 2.709169e+03	 1.258329e-01	 
 3.577435e-01	 -2.565505e-02	 4.547881e-01	 1.174502e-01	 6.417048e+04	 6.433480e+04	 1.643225e+02	 0	 3.477796e+01	 9.568663e-02	 9.591739e-02	 2.709169e+03	 1.258329e-01	 
 3.577435e-01	 -2.565505e-02	 4.547881e-01	 1.174502e-01	 6.417048e+04	 6.433480e+04	 1.643225e+02	 0	 3.477796e+01	 9.568663e-02	 9.591739e-02	 2.709169e+03	 1.258329e-01	 
 3.577435e-01	 -2.565505e-02	 4.547881e-01	 1.174502e-01	 6.417048e+04	 6.433480e+04	 1.643225e+02	 0	 3.477796e+01	 9.568663e-02	 9.591739e-02	 2.709169e+03	 1.258329e-01	 
 3.577435e-01	 -2.565505e-02	 4.547881e-01	 1.174502e-01	 6.417048e+04	 6.433480e+04	 1.643225e+02	 0	 3.477796e+01	 9.568663e-02	 9.591739e-02	 2.709169e+03	 1.258329e-01	 
 3.577435e-01	 -2.565505e-02	 4.547881e-01	 1.174502e-01	 6.417048e+04	 6.433480e+04	 1.643225e+02	 0	 3.477796e+01	 9.568663e-02	 9.591739e-02	 2.709169e+03	 1.258329e-01	 
 3.577435e-01	 -2.565505e-02	 4.547881e-01	 1.174502e-01	 6.417048e+04	 6.433480e+04	 1.643225e+02	 0	 3.477796e+01	 9.568663e-02	 9.591739e-02	 2.709169e+03	 1.258329e-01	 
 3.577435e-01	 -2.565505e-02	 4.547881e-01	 1.174502e-01	 6.417048e+04	 6.433480e+04	 1.643225e+02	 0	 3.477796e+01	 9.568663e-02	 9.591739e-02	 2.709169e+03	 1.258329e-01	 
 3.577435e-01	 -2.565505e-02	 4.547881e-01	 1.174502e-01	 6.417048e+04	 6.433480e+04	 1.643225e+02	 0	 3.477796e+01	 9.568663e-02	 9.591739e-02	 2.709169e+03	 1.258329e-01	 
 3.577435e-01	 -2.565505e-02	 4.547881e-01	 1.174502e-01	 6.417048e+04	 6.433480e+04	 1.643225e+02	 0	 3.477796e+01	 9.568663e-02	 9.591739e-02	 2.709169e+03	 1.258329e-01	 
 3.577435e-01	 -2.565505e-02	 4.547881e-01	 1.174502e-01	 6.417048e+04	 6.433480e+04	 1.643225e+02	 0	 3.477796e+01	 9.568663e-02	 9.591739e-02	 2.709169e+03	 1.258329e-01	 
 6.981349e-02	 2.211144e-02	 4.993225e-01	 3.354150e-01	 6.128793e+04	 6.122970e+04	 5.823395e+01	 1	 5.981024e+02	 7.341114e-02	 7.354797e-02	 2.261361e+03	 7.333762e-02	 
 6.981349e-02	 2.211144e-02	 4.993225e-01	 3.354150e-01	 6.128793e+04	 6.122970e+04	 5.823395e+01	 1	 5.981024e+02	 7.341114e-02	 7.354797e-02	 2.261361e+03	 7.333762e-02	 
 6.981349e-02	 2.211144e-02	 4.993225e-01	 3.354150e-01	 6.128793e+04	 6.122970e+04	 5.823395e+01	 1	 5.981024e+02	 7.341114e-02	 7.354797e-02	 2.261361e+03	 7.333762e-02	 
 6.981349e-02	 2.211144e-02	 4.993225e-01	 3.354150e-01	 6.128793e+04	 6.122970e+04	 5.823395e+01	 1	 5.981024e+02	 7.341114e-02	 7.354797e-02	 2.261361e+03	 7.333762e-02	 
 6.981349e-02	 2.211144e-02	 4.993225e-01	 3.354150e-01	 6.128793e+04	 6.122970e+04	 5.823395e+01	 1	 5.981024e+02	 7.341114e-02	 7.354797e-02	 2.261361e+03	 7.333762e-02	 
 6.981349e-02	 2.211144e-02	 4.993225e-01	 3.354150e-01	 6.128793e+04	 6.122970e+04	 5.823395e+01	 1	 5.981024e+02	 7.341114e-02	 7.354797e-02	 2.261361e+03	 7.333762e-02	 
 8.144585e-02	 1.252710e-01	 8.078826e-01	 9.900765e-02	 1.099889e+05	 1.034539e+05	 6.534999e+03	 1	 2.225494e+02	 1.137227e-01	 3.250623e+02	 1.541176e+03	 2.164745e+02	 
 8.144585e-02	 1.252710e-01	 8.078826e-01	 9.900765e-02	 1.099889e+05	 1.034539e+05	 6.534999e+03	 1	 2.225494e+02	 1.137227e-01	 3.250623e+02	 1.541176e+03	 2.164745e+02	 
 8.144585e-02	 1.252710e-01	 8.078826e-01	 9.900765e-02	 1.099889e+05	 1.034539e+05	 6.534999e+03	 1	 2.225494e+02	 1.137227e-01	 3.250623e+02	 1.541176e+03	 2.164745e+02	 
 8.144585e-02	 1.252710e-01	 8.078826e-01	 9.900765e-02	 1.099889e+05	 1.034539e+05	 6.534999e+03	 1	 2.225494e+02	 1.137227e-01	 3.250623e+02	 1.541176e+03	 2.164745e+02	 
 8.144585e-02	 1.252710e-01	 8.078826e-01	 9.900765e-02	 1.099889e+05	 1.034539e+05	 6.534999e+03	 1	 2.225494e+02	 1.137227e-01	 3.250623e+02	 1.541176e+03	 2.164745e+02	 
 8.144585e-02	 1.252710e-01	 8.078826e-01	 9.900765e-02	 1.099889e+05	 1.034539e+05	 6.534999e+03	 1	 2.225494e+02	 1.137227e-01	 3.250623e+02	 1.541176e+03	 2.164745e+02	 
 1.996175e-01	 8.674508e-02	 2.701295e-01	 3.360053e-01	 1.075145e+05	 1.034539e+05	 4.060579e+03	 1	 1.021568e+02	 1.075365e-01	 1.077405e-01	 2.129075e+03	 1.048850e+01	 
 1.996175e-01	 8.674508e-02	 2.701295e-01	 3.360053e-01	 1.075145e+05	 1.034539e+05	 4.060579e+03	 1	 1.021568e+02	 1.075365e-01	 1.077405e-01	 2.129075e+03	 1.048850e+01	 
 1.996175e-01	 8.674508e-02	 2.701295e-01	 3.360053e-01	 1.075145e+05	 1.034539e+05	 4.060579e+03	 1	 1.021568e+02	 1.075365e-01	 1.077405e-01	 2.129075e+03	 1.048850e+01	 
 1.996175e-01	 8.674508e-02	 2.701295e-01	 3.360053e-01	 1.075145e+05	 1.034539e+05	 4.060579e+03	 1	 1.021568e+02	 1.075365e-01	 1.077405e-01	 2.129075e+03	 1.048850e+01	 
 1.996175e-01	 8.674508e-02	 2.701295e-01	 3.360053e-01	 1.075145e+05	 1.034539e+05	 4.060579e+03	 1	 1.021568e+02	 1.075365e-01	 1.077405e-01	 2.129075e+03	 1.048850e+01	 
 1.996175e-01	 8.674508e-02	 2.701295e-01	 3.360053e-01	 1.075145e+05	 1.034539e+05	 4.060579e+03	 1	 1.021568e+02	 1.075365e-01	 1.077405e-01	 2.129075e+03	 1.048850e+01	 
 6.981349e-02	 2.211144e-02	 4.993225e-01	 3.354150e-01	 6.128793e+04	 6.122970e+04	 5.823395e+01	 1	 5.981024e+02	 7.341114e-02	 7.354797e-02	 2.261361e+03	 7.333762e-02	 
 6.981349e-02	 2.211144e-02	 4.993225e-01	 3.354150e-01	 6.128793e+04	 6.122970e+04	 5.823395e+01	 1	 5.981024e+02	 7.341114e-02	 7.354797e-02	 2.261361e+03	 7.333762e-02	 
 6.981349e-02	 2.211144e-02	 4.993225e-01	 3.354150e-01	 6.128793e+04	 6.122970e+04	 5.823395e+01	 1	 5.981024e+02	 7.341114e-02	 7.354797e-02	 2.261361e+03	 7.333762e-02	 
 6.981349e-02	 2.211144e-02	 4.993225e-01	 3.354150e-01	 6.128793e+04	 6.122970e+04	 5.823395e+01	 1	 5.981024e+02	 7.341114e-02	 7.354797e-02	 2.261361e+03	 7.333762e-02	 
 6.981349e-02	 2.211144e-02	 4.993225e-01	 3.354150e-01	 6.128793e+04	 6.122970e+04	 5.823395e+01	 1	 5.981024e+02	 7.341114e-02	 7.354797e-02	 2.261361e+03	 7.333762e-02	 
 6.981349e-02	 2.211144e-02	 4.993225e-01	 3.354150e-01	 6.128793e+04	 6.122970e+04	 5.823395e+01	 1	 5.981024e+02	 7.341114e-02	 7.354797e-02	 2.261361e+03	 7.333762e-02	 
 2.083820e-01	 1.231874e-01	 2.930018e-01	 2.736390e-01	 7.454546e+04	 7.259640e+04	 1.949059e+03	 1	 1.988056e+01	 1.018046e-01	 1.019610e-01	 2.583869e+03	 1.017899e-01	 
 2.083820e-01	 1.231874e-01	 2.930018e-01	 2.736390e-01	 7.454546e+04	 7.259640e+04	 1.949059e+03	 1	 1.988056e+01	 1.018046e-01	 1.019610e-01	 2.583869e+03	 1.017899e-01	 
 2.083820e-01	 1.231874e-01	 2.930018e-01	 2.736390e-01	 7.454546e+04	 7.259640e+04	 1.949059e+03	 1	 1.988056e+01	 1.018046e-01	 1.019610e-01	 2.583869e+03	 1.017899e-01	 
 2.083820e-01	 1.231874e-01	 2.930018e-01	 2.736390e-01	 7.454546e+04	 7.259640e+04	 1.949059e+03	 1	 1.988056e+01	 1.018046e-01	 1.019610e-01	 2.583869e+03	 1.017899e-01	 
 2.083820e-01	 1.231874e-01	 2.930018e-01	 2.736390e-01	 7.454546e+04	 7.259640e+04	 1.949059e+03	 1	 1.988056e+01	 1.018046e-01	 1.019610e-01	 2.583869e+03	 1.017899e-01	 
 2.083820e-01	 1.231874e-01	 2.930018e-01	 2.736390e-01	 7.454546e+04	 7.259640e+04	 1.949059e+03	 1	 1.988056e+01	 1.018046e-01	 1.019610e-01	 2.583869e+03	 1.017899e-01	 
 2.062988e-01	 1.085622e-01	 2.873231e-01	 2.827762e-01	 7.408262e+04	 7.259640e+04	 1.486216e+03	 1	 1.979230e+01	 1.150550e-01	 1.152853e-01	 3.275512e+03	 1.150396e-01	 
 2.062988e-01	 1.085622e-01	 2.873231e-01	 2.827762e-01	 7.408262e+04	 7.259640e+04	 1.486216e+03	 1	 1.979230e+01	 1.150550e-01	 1.152853e-01	 3.275512e+03	 1.150396e-01	 
 2.062988e-01	 1.085622e-01	 2.873231e-01	 2.827762e-01	 7.408262e+04	 7.259640e+04	 1.486216e+03	 1	 1.979230e+01	 1.150550e-01	 1.152853e-01	 3.275512e+03	 1.150396e-01	 
 2.062988e-01	 1.085622e-01	 2.873231e-01	 2.827762e-01	 7.408262e+04	 7.259640e+04	 1.486216e+03	 1	 1.979230e+01	 1.150550e-01	 1.152853e-01	 3.275512e+03	 1.150396e-01	 
 2.062988e-01	 1.085622e-01	 2.873231e-01	 2.827762e-01	 7.408262e+04	 7.259640e+04	 1.486216e+03	 1	 1.979230e+01	 1.150550e-01	 1.152853e-01	 3.275512e+03	 1.150396e-01	 
 2.062988e-01	 1.085622e-01	 2.873231e-01	 2.827762e-01	 7.408262e+04	 7.259640e+04	 1.486216e+03	 1	 1.979230e+01	 1.150550e-01	 1.152853e-01	 3.275512e+03	 1.150396e-01	 
 6.981349e-02	 2.211144e-02	 4.993225e-01	 3.354150e-01	 6.128793e+04	 6.122970e+04	 5.823395e+01	 1	 5.981024e+02	 7.341114e-02	 7.354797e-02	 2.261361e+03	 7.333762e-02	 
 6.981349e-02	 2.211144e-02	 4.993225e-01	 3.354150e-01	 6.128793e+04	 6.122970e+04	 5.823395e+01	 1	 5.981024e+02	 7.341114e-02	 7.354797e-02	 2.261361e+03	 7.333762e-02	 
 6.981349e-02	 2.211144e-02	 4.993225e-01	 3.354150e-01	 6.128793e+04	 6.122970e+04	 5.823395e+01	 1	 5.981024e+02	 7.341114e-02	 7.354797e-02	 2.261361e+03	 7.333762e-02	 
 6.981349e-02	 2.211144e-02	 4.993225e-01	 3.354150e-01	 6.128793e+04	 6.122970e+04	 5.823395e+01	 1	 5.981024e+02	 7.341114e-02	 7.354797e-02	 2.261361e+03	 7.333762e-02	 
 6.981349e-02	 2.211144e-02	 4.993225e-01	 3.354150e-01	 6.128793e+04	 6.122970e+04	 5.823395e+01	 1	 5.981024e+02	 7.341114e-02	 7.354797e-02	 2.261361e+03	 7.333762e-02	 
 6.981349e-02	 2.211144e-02	 4.993225e-01	 3.354150e-01	 6.128793e+04	 6.122970e+04	 5.823395e+01	 1	 5.981024e+02	 7.341114e-02	 7.354797e-02	 2.261361e+03	 7.333762e-02	 
 1.764653e-01	 -1.320764e-01	 1.177825e+00	 -1.370177e-01	 1.041785e+05	 1.062037e+05	 2.025243e+03	 0	 1.429341e+02	 8.523953e-02	 6.297872e+02	 6.570401e+02	 7.491446e+02	 
 1.764653e-01	 -1.320764e-01	 1.177825e+00	 -1.370177e-01	 1.041785e+05	 1.062037e+05	 2.025243e+03	 0	 1.429341e+02	 8.523953e-02	 6.297872e+02	 6.570401e+02	 7.491446e+02	 
 1.764653e-01	 -1.320764e-01	 1.177825e+00	 -1.370177e-01	 1.041785e+05	 1.062037e+05	 2.025243e+03	 0	 1.429341e+02	 8.523953e-02	 6.297872e+02	 6.570401e+02	 7.491446e+02	 
 1.764653e-01	 -1.320764e-01	 1.177825e+00	 -1.370177e-01	 1.041785e+05	 1.062037e+05	 2.025243e+03	 0	 1.429341e+02	 8.523953e-02	 6.297872e+02	 6.570401e+02	 7.491446e+02	 
 1.764653e-01	 -1.320764e-01	 1.177825e+00	 -1.370177e-01	 1.041785e+05	 1.062037e+05	 2.025243e+03	 0	 1.429341e+02	 8.523953e-02	 6.297872e+02	 6.570401e+02	 7.491446e+02	 
 1.764653e-01	 -1.320764e-01	 1.177825e+00	 -1.370177e-01	 1.041785e+05	 1.062037e+05	 2.025243e+03	 0	 1.429341e+02	 8.523953e-02	 6.297872e+02	 6.570401e+02	 7.491446e+02	 
 1.764653e-01	 -1.320764e-01	 1.177825e+00	 -1.370177e-01	 1.041785e+05	 1.062037e+05	 2.025243e+03	 0	 1.429341e+02	 8.523953e-02	 6.297872e+02	 6.570401e+02	 7.491446e+02	 
 1.764653e-01	 -1.320764e-01	 1.177825e+00	 -1.370177e-01	 1.041785e+05	 1.062037e+05	 2.025243e+03	 0	 1.429341e+02	 8.523953e-02	 6.297872e+02	 6.570401e+02	 7.491446e+02	 
 1.764653e-01	 -1.320764e-01	 1.177825e+00	 -1.370177e-01	 1.041785e+05	 1.062037e+05	 2.025243e+03	 0	 1.429341e+02	 8.523953e-02	 6.297872e+02	 6.570401e+02	 7.491446e+02	 
 1.764653e-01	 -1.320764e-01	 1.177825e+00	 -1.370177e-01	 1.041785e+05	 1.062037e+05	 2.025243e+03	 0	 1.429341e+02	 8.523953e-02	 6.297872e+02	 6.570401e+02	 7.491446e+02	 
 1.764653e-01	 -1.320764e-01	 1.177825e+00	 -1.370177e-01	 1.041785e+05	 1.062037e+05	 2.025243e+03	 0	 1.429341e+02	 8.523953e-02	 6.297872e+02	 6.570401e+02	 7.491446e+02	 
 1.764653e-01	 -1.320764e-01	 1.177825e+00	 -1.370177e-01	 1.041785e+05	 1.062037e+05	 2.025243e+03	 0	 1.429341e+02	 8.523953e-02	 6.297872e+02	 6.570401e+02	 7.491446e+02	 
 6.981349e-02	 2.211144e-02	 4.993225e-01	 3.354150e-01	 6.128793e+04	 6.122970e+04	 5.823395e+01	 1	 5.981024e+02	 7.341114e-02	 7.354797e-02	 2.261361e+03	 7.333762e-02	 
 6.981349e-02	 2.211144e-02	 4.993225e-01	 3.354150e-01	 6.128793e+04	 6.122970e+04	 5.823395e+01	 1	 5.981024e+02	 7.341114e-02	 7.354797e-02	 2.261361e+03	 7.333762e-02	 
 6.981349e-02	 2.211144e-02	 4.993225e-01	 3.354150e-01	 6.128793e+04	 6.122970e+04	 5.823395e+01	 1	 5.981024e+02	 7.341114e-02	 7.354797e-02	 2.261361e+03	 7.333762e-02	 
 6.981349e-02	 2.211144e-02	 4.993225e-01	 3.354150e-01	 6.128793e+04	 6.122970e+04	 5.823395e+01	 1	 5.981024e+02	 7.341114e-02	 7.354797e-02	 2.261361e+03	 7.333762e-02	 
 6.981349e-02	 2.211144e-02	 4.993225e-01	 3.354150e-01	 6.128793e+04	 6.122970e+04	 5.823395e+01	 1	 5.981024e+02	 7.341114e-02	 7.354797e-02	 2.261361e+03	 7.333762e-02	 
 6.981349e-02	 2.211144e-02	 4.993225e-01	 3.354150e-01	 6.128793e+04	 6.122970e+04	 5.823395e+01	 1	 5.981024e+02	 7.341114e-02	 7.354797e-02	 2.261361e+03	 7.333762e-02	 
 3.577435e-01	 -2.565505e-02	 4.547881e-01	 1.174502e-01	 6.417048e+04	 6.433480e+04	 1.643225e+02	 0	 3.477796e+01	 9.568663e-02	 9.591739e-02	 2.709169e+03	 1.258329e-01	 
 3.577435e-01	 -2.565505e-02	 4.547881e-01	 1.174502e-01	 6.417048e+04	 6.433480e+04	 1.643225e+02	 0	 3.477796e+01	 9.568663e-02	 9.591739e-02	 2.709169e+03	 1.258329e-01	 
 3.577435e-01	 -2.565505e-02	 4.547881e-01	 1.174502e-01	 6.417048e+04	 6.433480e+04	 1.643225e+02	 0	 3.477796e+01	 9.568663e-02	 9.591739e-02	 2.709169e+03	 1.258329e-01	 
 3.577435e-01	 -2.565505e-02	 4.547881e-01	 1.174502e-01	 6.417048e+04	 6.433480e+04	 1.643225e+02	 0	 3.477796e+01	 9.568663e-02	 9.591739e-02	 2.709169e+03	 1.258329e-01	 
 3.577435e-01	 -2.565505e-02	 4.547881e-01	 1.174502e-01	 6.417048e+04	 6.433480e+04	 1.643225e+02	 0	 3.477796e+01	 9.568663e-02	 9.591739e-02	 2.709169e+03	 1.258329e-01	 
 3.577435e-01	 -2.565505e-02	 4.547881e-01	 1.174502e-01	 6.417048e+04	 6.433480e+04	 1.643225e+02	 0	 3.477796e+01	 9.568663e-02	 9.591739e-02	 2.709169e+03	 1.258329e-01	 
 3.577435e-01	 -2.565505e-02	 4.547881e-01	 1.174502e-01	 6.417048e+04	 6.433480e+04	 1.643225e+02	 0	 3.477796e+01	 9.568663e-02	 9.591739e-02	 2.709169e+03	 1.258329e-01	 
 3.577435e-01	 -2.565505e-02	 4.547881e-01	 1.174502e-01	 6.417048e+04	 6.433480e+04	 1.643225e+02	 0	 3.477796e+01	 9.568663e-02	 9.591739e-02	 2.709169e+03	 1.258329e-01	 
 3.577435e-01	 -2.565505e-02	 4.547881e-01	 1.174502e-01	 6.417048e+04	 6.433480e+04	 1.643225e+02	 0	 3.477796e+01	 9.568663e-02	 9.591739e-02	 2.709169e+03	 1.258329e-01	 
 3.577435e-01	 -2.565505e-02	 4.547881e-01	 1.174502e-01	 6.417048e+04	 6.433480e+04	 1.643225e+02	 0	 3.477796e+01	 9.568663e-02	 9.591739e-02	 2.709169e+03	 1.258329e-01	 
 3.577435e-01	 -2.565505e-02	 4.547881e-01	 1.174502e-01	 6.417048e+04	 6.433480e+04	 1.643225e+02	 0	 3.477796e+01	 9.568663e-02	 9.591739e-02	 2.709169e+03	 1.258329e-01	 
 3.577435e-01	 -2.565505e-02	 4.547881e-01	 1.174502e-01	 6.417048e+04	 6.433480e+04	 1.643225e+02	 0	 3.477796e+01	 9.568663e-02	 9.591739e-02	 2.709169e+03	 1.258329e-01	 
 6.981349e-02	 2.211144e-02	 4.993225e-01	 3.354150e-01	 6.128793e+04	 6.122970e+04	 5.823395e+01	 1	 5.981024e+02	 7.341114e-02	 7.354797e-02	 2.261361e+03	 7.333762e-02	 
 6.981349e-02	 2.211144e-02	 4.993225e-01	 3.354150e-01	 6.128793e+04	 6.122970e+04	 5.823395e+01	 1	 5.981024e+02	 7.341114e-02	 7.354797e-02	 2.261361e+03	 7.333762e-02	 
 6.981349e-02	 2.211144e-02	 4.993225e-01	 3.354150e-01	 6.128793e+04	 6.122970e+04	 5.823395e+01	 1	 5.981024e+02	 7.341114e-02	 7.354797e-02	 2.261361e+03	 7.333762e-02	 
 6.981349e-02	 2.211144e-02	 4.993225e-01	 3.354150e-01	 6.128793e+04	 6.122970e+04	 5.823395e+01	 1	 5.981024e+02	 7.341114e-02	 7.354797e-02	 2.261361e+03	 7.333762e-02	 
 6.981349e-02	 2.211144e-02	 4.993225e-01	 3.354150e-01	 6.128793e+04	 6.122970e+04	 5.823395e+01	 1	 5.981024e+02	 7.341114e-02	 7.354797e-02	 2.261361e+03	 7.333762e-02	 
 6.981349e-02	 2.211144e-02	 4.993225e-01	 3.354150e-01	 6.128793e+04	 6.122970e+04	 5.823395e+01	 1	 5.981024e+02	 7.341114e-02	 7.354797e-02	 2.261361e+03	 7.333762e-02	 
 7.197326e-02	 -2.471588e-02	 1.177660e+00	 -5.296413e-02	 1.382937e+05	 1.367547e+05	 1.539044e+03	 0	 2.323641e+02	 1.720757e-01	 6.190912e+02	 1.105303e+03	 1.801852e+03	 
 7.197326e-02	 -2.471588e-02	 1.177660e+00	 -5.296413e-02	 1.382937e+05	 1.367547e+05	 1.539044e+03	 0	 2.323641e+02	 1.720757e-01	 6.190912e+02	 1.105303e+03	 1.801852e+03	 
 7.197326e-02	 -2.471588e-02	 1.177660e+00	 -5.296413e-02	 1.382937e+05	 1.367547e+05	 1.539044e+03	 0	 2.323641e+02	 1.720757e-01	 6.190912e+02	 1.105303e+03	 1.801852e+03	 
 7.197326e-02	 -2.471588e-02	 1.177660e+00	 -5.296413e-02	 1.382937e+05	 1.367547e+05	 1.539044e+03	 0	 2.323641e+02	 1.720757e-01	 6.190912e+02	 1.105303e+03	 1.801852e+03	 
 7.197326e-02	 -2.471588e-02	 1.177660e+00	 -5.296413e-02	 1.382937e+05	 1.367547e+05	 1.539044e+03	 0	 2.323641e+02	 1.720757e-01	 6.190912e+02	 1.105303e+03	 1.801852e+03	 
 7.197326e-02	 -2.471588e-02	 1.177660e+00	 -5.296413e-02	 1.382937e+05	 1.367547e+05	 1.539044e+03	 0	 2.323641e+02	 1.720757e-01	 6.190912e+02	 1.105303e+03	 1.801852e+03	 
 7.197326e-02	 -2.471588e-02	 1.177660e+00	 -5.296413e-02	 1.382937e+05	 1.367547e+05	 1.539044e+03	 0	 2.323641e+02	 1.720757e-01	 6.190912e+02	 1.105303e+03	 1.801852e+03	 
 7.197326e-02	 -2.471588e-02	 1.177660e+00	 -5.296413e-02	 1.382937e+05	 1.367547e+05	 1.539044e+03	 0	 2.323641e+02	 1.720757e-01	 6.190912e+02	 1.105303e+03	 1.801852e+03	 
 7.197326e-02	 -2.471588e-02	 1.177660e+00	 -5.296413e-02	 1.382937e+05	 1.367547e+05	 1.539044e+03	 0	 2.323641e+02	 1.720757e-01	 6.190912e+02	 1.105303e+03	 1.801852e+03	 
 7.197326e-02	 -2.471588e-02	 1.177660e+00	 -5.296413e-02	 1.382937e+05	 1.367547e+05	 1.539044e+03	 0	 2.323641e+02	 1.720757e-01	 6.190912e+02	 1.105303e+03	 1.801852e+03	 
 7.197326e-02	 -2.471588e-02	 1.177660e+00	 -5.296413e-02	 1.382937e+05	 1.367547e+05	 1.539044e+03	 0	 2.323641e+02	 1.720757e-01	 6.190912e+02	 1.105303e+03	 1.801852e+03	 
 7.197326e-02	 -2.471588e-02	 1.177660e+00	 -5.296413e-02	 1.382937e+05	 1.367547e+05	 1.539044e+03	 0	 2.323641e+02	 1.720757e-01	 6.190912e+02	 1.105303e+03	 1.801852e+03	 
 6.981349e-02	 2.211144e-02	 4.993225e-01	 3.354150e-01	 6.128793e+04	 6.122970e+04	 5.823395e+01	 1	 5.981024e+02	 7.341114e-02	 7.354797e-02	 2.261361e+03	 7.333762e-02	 
 6.981349e-02	 2.211144e-02	 4.993225e-01	 3.354150e-01	 6.128793e+04	 6.122970e+04	 5.823395e+01	 1	 5.981024e+02	 7.341114e-02	 7.354797e-02	 2.261361e+03	 7.333762e-02	 
 6.981349e-02	 2.211144e-02	 4.993225e-01	 3.354150e-01	 6.128793e+04	 6.122970e+04	 5.823395e+01	 1	 5.981024e+02	 7.341114e-02	 7.354797e-02	 2.261361e+03	 7.333762e-02	 
 6.981349e-02	 2.211144e-02	 4.993225e-01	 3.354150e-01	 6.128793e+04	 6.122970e+04	 5.823395e+01	 1	 5.981024e+02	 7.341114e-02	 7.354797e-02	 2.261361e+03	 7.333762e-02	 
 6.981349e-02	 2.211144e-02	 4.993225e-01	 3.354150e-01	 6.128793e+04	 6.122970e+04	 5.823395e+01	 1	 5.981024e+02	 7.341114e-02	 7.354797e-02	 2.261361e+03	 7.333762e-02	 
 6.981349e-02	 2.211144e-02	 4.993225e-01	 3.354150e-01	 6.128793e+04	 6.122970e+04	 5.823395e+01	 1	 5.981024e+02	 7.341114e-02	 7.354797e-02	 2.261361e+03	 7.333762e-02	 
 2.083820e-01	 1.231874e-01	 2.930018e-01	 2.736390e-01	 7.454546e+04	 7.259640e+04	 1.949059e+03	 1	 1.988056e+01	 1.018046e-01	 1.019610e-01	 2.583869e+03	 1.017899e-01	 
 2.083820e-01	 1.231874e-01	 2.930018e-01	 2.736390e-01	 7.454546e+04	 7.259640e+04	 1.949059e+03	 1	 1.988056e+01	 1.018046e-01	 1.019610e-01	 2.583869e+03	 1.017899e-01	 
 2.083820e-01	 1.231874e-01	 2.930018e-01	 2.736390e-01	 7.454546e+04	 7.259640e+04	 1.949059e+03	 1	 1.988056e+01	 1.018046e-01	 1.019610e-01	 2.583869e+03	 1.017899e-01	 
 2.083820e-01	 1.231874e-01	 2.930018e-01	 2.736390e-01	 7.454546e+04	 7.259640e+04	 1.949059e+03	 1	 1.988056e+01	 1.018046e-01	 1.019610e-01	 2.583869e+03	 1.017899e-01	 
 2.083820e-01	 1.231874e-01	 2.930018e-01	 2.736390e-01	 7.454546e+04	 7.259640e+04	 1.949059e+03	 1	 1.988056e+01	 1.018046e-01	 1.019610e-01	 2.583869e+03	 1.017899e-01	 
 2.083820e-01	 1.231874e-01	 2.930018e-01	 2.736390e-01	 7.454546e+04	 7.259640e+04	 1.949059e+03	 1	 1.988056e+01	 1.018046e-01	 1.019610e-01	 2.583869e+03	 1.017899e-01	 
 2.071986e-01	 1.095670e-01	 2.851228e-01	 2.831266e-01	 7.413256e+04	 7.259640e+04	 1.536157e+03	 1	 1.993610e+01	 1.150004e-01	 1.152307e-01	 3.271776e+03	 1.149850e-01	 
 2.071986e-01	 1.095670e-01	 2.851228e-01	 2.831266e-01	 7.413256e+04	 7.259640e+04	 1.536157e+03	 1	 1.993610e+01	 1.150004e-01	 1.152307e-01	 3.271776e+03	 1.149850e-01	 
 2.071986e-01	 1.095670e-01	 2.851228e-01	 2.831266e-01	 7.413256e+04	 7.259640e+04	 1.536157e+03	 1	 1.993610e+01	 1.150004e-01	 1.152307e-01	 3.271776e+03	 1.149850e-01	 
 2.071986e-01	 1.095670e-01	 2.851228e-01	 2.831266e-01	 7.413256e+04	 7.259640e+04	 1.536157e+03	 1	 1.993610e+01	 1.150004e-01	 1.152307e-01	 3.271776e+03	 1.149850e-01	 
 2.071986e-01	 1.095670e-01	 2.851228e-01	 2.831266e-01	 7.413256e+04	 7.259640e+04	 1.536157e+03	 1	 1.993610e+01	 1.150004e-01	 1.152307e-01	 3.271776e+03	 1.149850e-01	 
 2.071986e-01	 1.095670e-01	 2.851228e-01	 2.831266e-01	 7.413256e+04	 7.259640e+04	 1.536157e+03	 1	 1.993610e+01	 1.150004e-01	 1.152307e-01	 3.271776e+03	 1.149850e-01	 
 6.981349e-02	 2.211144e-02	 4.993225e-01	 3.354150e-01	 6.128793e+04	 6.122970e+04	 5.823395e+01	 1	 5.981024e+02	 7.341114e-02	 7.354797e-02	 2.261361e+03	 7.333762e-02	 
 6.981349e-02	 2.211144e-02	 4.993225e-01	 3.354150e-01	 6.128793e+04	 6.122970e+04	 5.823395e+01	 1	 5.981024e+02	 7.341114e-02	 7.354797e-02	 2.261361e+03	 7.333762e-02	 
 6.981349e-02	 2.211144e-02	 4.993225e-01	 3.354150e-01	 6.128793e+04	 6.122970e+04	 5.823395e+01	 1	 5.981024e+02	 7.341114e-02	 7.354797e-02	 2.261361e+03	 7.333762e-02	 
 6.981349e-02	 2.211144e-02	 4.993225e-01	 3.354150e-01	 6.128793e+04	 6.122970e+04	 5.823395e+01	 1	 5.981024e+02	 7.341114e-02	 7.354797e-02	 2.261361e+03	 7.333762e-02	 
 6.981349e-02	 2.211144e-02	 4.993225e-01	 3.354150e-01	 6.128793e+04	 6.122970e+04	 5.823395e+01	 1	 5.981024e+02	 7.341114e-02	 7.354797e-02	 2.261361e+03	 7.333762e-02	 
 6.981349e-02	 2.211144e-02	 4.993225e-01	 3.354150e-01	 6.128793e+04	 6.122970e+04	 5.823395e+01	 1	 5.981024e+02	 7.341114e-02	 7.354797e-02	 2.261361e+03	 7.333762e-02	 
 1.292549e-01	 5.770740e-05	 4.705517e-01	 3.082207e-01	 1.273765e+05	 1.273765e+05	 7.982194e-03	 1	 1.385512e+02	 9.195578e-02	 9.215931e-02	 7.378057e+02	 4.257850e+02	 
 1.292549e-01	 5.770740e-05	 4.705517e-01	 3.082207e-01	 1.273765e+05	 1.273765e+05	 7.982194e-03	 1	 1.385512e+02	 9.195578e-02	 9.215931e-02	 7.378057e+02	 4.257850e+02	 
 1.292549e-01	 5.770740e-05	 4.705517e-01	 3.082207e-01	 1.273765e+05	 1.273765e+05	 7.982194e-03	 1	 1.385512e+02	 9.195578e-02	 9.215931e-02	 7.378057e+02	 4.257850e+02	 
 1.292549e-01	 5.770740e-05	 4.705517e-01	 3.082207e-01	 1.273765e+05	 1.273765e+05	 7.982194e-03	 1	 1.385512e+02	 9.195578e-02	 9.215931e-02	 7.378057e+02	 4.257850e+02	 
 1.292549e-01	 5.770740e-05	 4.705517e-01	 3.082207e-01	 1.273765e+05	 1.273765e+05	 7.982194e-03	 1	 1.385512e+02	 9.195578e-02	 9.215931e-02	 7.378057e+02	 4.257850e+02	 
 1.292549e-01	 5.770740e-05	 4.705517e-01	 3.082207e-01	 1.273765e+05	 1.273765e+05	 7.982194e-03	 1	 1.385512e+02	 9.195578e-02	 9.215931e-02	 7.378057e+02	 4.257850e+02	 
 1.292627e-01	 5.770943e-05	 4.705189e-01	 3.082345e-01	 1.273766e+05	 1.273765e+05	 8.082464e-02	 1	 1.401727e+02	 9.196776e-02	 9.217095e-02	 7.375177e+02	 4.256711e+02	 
 1.292627e-01	 5.770943e-05	 4.705189e-01	 3.082345e-01	 1.273766e+05	 1.273765e+05	 8.082464e-02	 1	 1.401727e+02	 9.196776e-02	 9.217095e-02	 7.375177e+02	 4.256711e+02	 
 1.292627e-01	 5.770943e-05	 4.705189e-01	 3.082345e-01	 1.273766e+05	 1.273765e+05	 8.082464e-02	 1	 1.401727e+02	 9.196776e-02	 9.217095e-02	 7.375177e+02	 4.256711e+02	 
 1.292627e-01	 5.770943e-05	 4.705189e-01	 3.082345e-01	 1.273766e+05	 1.273765e+05	 8.082464e-02	 1	 1.401727e+02	 9.196776e-02	 9.217095e-02	 7.375177e+02	 4.256711e+02	 
 1.292627e-01	 5.770943e-05	 4.705189e-01	 3.082345e-01	 1.273766e+05	 1.273765e+05	 8.082464e-02	 1	 1.401727e+02	 9.196776e-02	 9.217095e-02	 7.375177e+02	 4.256711e+02	 
 1.292627e-01	 5.770943e-05	 4.705189e-01	 3.082345e-01	 1.273766e+05	 1.273765e+05	 8.082464e-02	 1	 1.401727e+02	 9.196776e-02	 9.217095e-02	 7.375177e+02	 4.256711e+02	 
 6.981349e-02	 2.211144e-02	 4.993225e-01	 3.354150e-01	 6.128793e+04	 6.122970e+04	 5.823395e+01	 1	 5.981024e+02	 7.341114e-02	 7.354797e-02	 2.261361e+03	 7.333762e-02	 
 6.981349e-02	 2.211144e-02	 4.993225e-01	 3.354150e-01	 6.128793e+04	 6.122970e+04	 5.823395e+01	 1	 5.981024e+02	 7.341114e-02	 7.354797e-02	 2.261361e+03	 7.333762e-02	 
 6.981349e-02	 2.211144e-02	 4.993225e-01	 3.354150e-01	 6.128793e+04	 6.122970e+04	 5.823395e+01	 1	 5.981024e+02	 7.341114e-02	 7.354797e-02	 2.261361e+03	 7.333762e-02	 
 6.981349e-02	 2.211144e-02	 4.993225e-01	 3.354150e-01	 6.128793e+04	 6.122970e+04	 5.823395e+01	 1	 5.981024e+02	 7.341114e-02	 7.354797e-02	 2.261361e+03	 7.333762e-02	 
 6.981349e-02	 2.211144e-02	 4.993225e-01	 3.354150e-01	 6.128793e+04	 6.122970e+04	 5.823395e+01	 1	 5.981024e+02	 7.341114e-02	 7.354797e-02	 2.261361e+03	 7.333762e-02	 
 6.981349e-02	 2.211144e-02	 4.993225e-01	 3.354150e-01	 6.128793e+04	 6.122970e+04	 5.823395e+01	 1	 5.981024e+02	 7.341114e-02	 7.354797e-02	 2.261361e+03	 7.333762e-02	 
 3.577435e-01	 -2.565505e-02	 4.547881e-01	 1.174502e-01	 6.417048e+04	 6.433480e+04	 1.643225e+02	 0	 3.477796e+01	 9.568663e-02	 9.591739e-02	 2.709169e+03	 1.258329e-01	 
 3.577435e-01	 -2.565505e-02	 4.547881e-01	 1.174502e-01	 6.417048e+04	 6.433480e+04	 1.643225e+02	 0	 3.477796e+01	 9.568663e-02	 9.591739e-02	 2.709169e+03	 1.258329e-01	 
 3.577435e-01	 -2.565505e-02	 4.547881e-01	 1.174502e-01	 6.417048e+04	 6.433480e+04	 1.643225e+02	 0	 3.477796e+01	 9.568663e-02	 9.591739e-02	 2.709169e+03	 1.258329e-01	 
 3.577435e-01	 -2.565505e-02	 4.547881e-01	 1.174502e-01	 6.417048e+04	 6.433480e+04	 1.643225e+02	 0	 3.477796e+01	 9.568663e-02	 9.591739e-02	 2.709169e+03	 1.258329e-01	 
 3.577435e-01	 -2.565505e-02	 4.547881e-01	 1.174502e-01	 6.417048e+04	 6.433480e+04	 1.643225e+02	 0	 3.477796e+01	 9.568663e-02	 9.591739e-02	 2.709169e+03	 1.258329e-01	 
 3.577435e-01	 -2.565505e-02	 4.547881e-01	 1.174502e-01	 6.417048e+04	 6.433480e+04	 1.643225e+02	 0	 3.477796e+01	 9.568663e-02	 9.591739e-02	 2.709169e+03	 1.258329e-01	 
 3.577435e-01	 -2.565505e-02	 4.547881e-01	 1.174502e-01	 6.417048e+04	 6.433480e+04	 1.643225e+02	 0	 3.477796e+01	 9.568663e-02	 9.591739e-02	 2.709169e+03	 1.258329e-01	 
 3.577435e-01	 -2.565505e-02	 4.547881e-01	 1.174502e-01	 6.417048e+04	 6.433480e+04	 1.643225e+02	 0	 3.477796e+01	 9.568663e-02	 9.591739e-02	 2.709169e+03	 1.258329e-01	 
 3.577435e-01	 -2.565505e-02	 4.547881e-01	 1.174502e-01	 6.417048e+04	 6.433480e+04	 1.643225e+02	 0	 3.477796e+01	 9.568663e-02	 9.591739e-02	 2.709169e+03	 1.258329e-01	 
 3.577435e-01	 -2.565505e-02	 4.547881e-01	 1.174502e-01	 6.417048e+04	 6.433480e+04	 1.643225e+02	 0	 3.477796e+01	 9.568663e-02	 9.591739e-02	 2.709169e+03	 1.258329e-01	 
 3.577435e-01	 -2.565505e-02	 4.547881e-01	 1.174502e-01	 6.417048e+04	 6.433480e+04	 1.643225e+02	 0	 3.477796e+01	 9.568663e-02	 9.591739e-02	 2.709169e+03	 1.258329e-01	 
 3.577435e-01	 -2.565505e-02	 4.547881e-01	 1.174502e-01	 6.417048e+04	 6.433480e+04	 1.643225e+02	 0	 3.477796e+01	 9.568663e-02	 9.591739e-02	 2.709169e+03	 1.258329e-01	 
 6.981349e-02	 2.211144e-02	 4.993225e-01	 3.354150e-01	 6.128793e+04	 6.122970e+04	 5.823395e+01	 1	 5.981024e+02	 7.341114e-02	 7.354797e-02	 2.261361e+03	 7.333762e-02	 
 6.981349e-02	 2.211144e-02	 4.993225e-01	 3.354150e-01	 6.128793e+04	 6.122970e+04	 5.823395e+01	 1	 5.981024e+02	 7.341114e-02	 7.354797e-02	 2.261361e+03	 7.333762e-02	 
 6.981349e-02	 2.211144e-02	 4.993225e-01	 3.354150e-01	 6.128793e+04	 6.122970e+04	 5.823395e+01	 1	 5.981024e+02	 7.341114e-02	 7.354797e-02	 2.261361e+03	 7.333762e-02	 
 6.981349e-02	 2.211144e-02	 4.993225e-01	 3.354150e-01	 6.128793e+04	 6.122970e+04	 5.823395e+01	 1	 5.981024e+02	 7.341114e-02	 7.354797e-02	 2.261361e+03	 7.333762e-02	 
 6.981349e-02	 2.211144e-02	 4.993225e-01	 3.354150e-01	 6.128793e+04	 6.122970e+04	 5.823395e+01	 1	 5.981024e+02	 7.341114e-02	 7.354797e-02	 2.261361e+03	 7.333762e-02	 
 6.981349e-02	 2.211144e-02	 4.993225e-01	 3.354150e-01	 6.128793e+04	 6.122970e+04	 5.823395e+01	 1	 5.981024e+02	 7.341114e-02	 7.354797e-02	 2.261361e+03	 7.333762e-02	 
 7.197326e-02	 -2.471588e-02	 1.177660e+00	 -5.296413e-02	 1.382937e+05	 1.367547e+05	 1.539044e+03	 0	 2.323641e+02	 1.720757e-01	 6.190912e+02	 1.105303e+03	 1.801852e+03	 
 7.197326e-02	 -2.471588e-02	 1.177660e+00	 -5.296413e-02	 1.382937e+05	 1.367547e+05	 1.539044e+03	 0	 2.323641e+02	 1.720757e-01	 6.190912e+02	 1.105303e+03	 1.801852e+03	 
 7.197326e-02	 -2.471588e-02	 1.177660e+00	 -5.296413e-02	 1.382937e+05	 1.367547e+05	 1.539044e+03	 0	 2.323641e+02	 1.720757e-01	 6.190912e+02	 1.105303e+03	 1.801852e+03	 
 7.197326e-02	 -2.471588e-02	 1.177660e+00	 -5.296413e-02	 1.382937e+05	 1.367547e+05	 1.539044e+03	 0	 2.323641e+02	 1.720757e-01	 6.190912e+02	 1.105303e+03	 1.801852e+03	 
 7.197326e-02	 -2.471588e-02	 1.177660e+00	 -5.296413e-02	 1.382937e+05	 1.367547e+05	 1.539044e+03	 0	 2.323641e+02	 1.720757e-01	 6.190912e+02	 1.105303e+03	 1.801852e+03	 
 7.197326e-02	 -2.471588e-02	 1.177660e+00	 -5.296413e-02	 1.382937e+05	 1.367547e+05	 1.539044e+03	 0	 2.323641e+02	 1.720757e-01	 6.190912e+02	 1.105303e+03	 1.801852e+03	 
 7.197326e-02	 -2.471588e-02	 1.177660e+00	 -5.296413e-02	 1.382937e+05	 1.367547e+05	 1.539044e+03	 0	 2.323641e+02	 1.720757e-01	 6.190912e+02	 1.105303e+03	 1.801852e+03	 
 7.197326e-02	 -2.471588e-02	 1.177660e+00	 -5.296413e-02	 1.382937e+05	 1.367547e+05	 1.539044e+03	 0	 2.323641e+02	 1.720757e-01	 6.190912e+02	 1.105303e+03	 1.801852e+03	 
 7.197326e-02	 -2.471588e-02	 1.177660e+00	 -5.296413e-02	 1.382937e+05	 1.367547e+05	 1.539044e+03	 0	 2.323641e+02	 1.720757e-01	 6.190912e+02	 1.105303e+03	 1.801852e+03	 
 7.197326e-02	 -2.471588e-02	 1.177660e+00	 -5.296413e-02	 1.382937e+05	 1.367547e+05	 1.539044e+03	 0	 2.323641e+02	 1.720757e-01	 6.190912e+02	 1.105303e+03	 1.801852e+03	 
 7.197326e-02	 -2.471588e-02	 1.177660e+00	 -5.296413e-02	 1.382937e+05	 1.367547e+05	 1.539044e+03	 0	 2.323641e+02	 1.720757e-01	 6.190912e+02	 1.105303e+03	 1.801852e+03	 
 7.197326e-02	 -2.471588e-02	 1.177660e+00	 -5.296413e-02	 1.382937e+05	 1.367547e+05	 1.539044e+03	 0	 2.323641e+02	 1.720757e-01	 6.190912e+02	 1.105303e+03	 1.801852e+03	 
 