1.381215e-03	 1.970071e-01	 9.535670e-01	 3.628876e-03	 1.595010e+02	 8.315265e+00	 
 1.326686e-03	 1.631644e-01	 9.567511e-01	 2.280653e-02	 1.560738e+02	 8.205028e+00	 
 1.337151e-03	 2.010044e-01	 9.419467e-01	 8.229798e-03	 1.526881e+02	 8.331293e+00	 
 1.224793e-03	 1.491277e-01	 9.595674e-01	 2.983021e-02	 1.397645e+02	 8.163375e+00	 
 1.345086e-03	 1.684791e-01	 9.438694e-01	 2.735560e-02	 1.584916e+02	 8.228835e+00	 
 1.284750e-03	 1.835043e-01	 9.544748e-01	 1.150584e-02	 1.476076e+02	 8.271121e+00	 
 2.757375e-02	 1.084323e+00	 2.208706e-02	 1.023775e-02	 3.649320e+03	 8.445205e+00	 
 4.924826e-02	 6.472219e-01	 1.557702e-01	 1.923806e-01	 3.858220e+03	 9.263378e+00	 
 4.763502e-02	 7.267453e-01	 6.561788e-02	 1.986865e-01	 3.749085e+03	 9.232928e+00	 
 5.313362e-02	 7.082048e-01	 8.465540e-02	 1.975040e-01	 4.203895e+03	 9.239383e+00	 
 4.763502e-02	 7.267453e-01	 6.561788e-02	 1.986865e-01	 3.749085e+03	 9.232928e+00	 
 4.763502e-02	 7.267453e-01	 6.561788e-02	 1.986865e-01	 3.749085e+03	 9.232928e+00	 
 4.826209e-02	 6.520307e-01	 1.506624e-01	 1.927120e-01	 3.777137e+03	 9.261691e+00	 
 4.230336e-02	 7.734663e-01	 1.434749e-02	 2.021451e-01	 3.317512e+03	 9.215317e+00	 
 4.041343e-02	 7.838878e-01	 4.071016e-03	 2.026978e-01	 3.209262e+03	 9.210677e+00	 
 4.416841e-02	 6.719993e-01	 1.294441e-01	 1.940927e-01	 3.440554e+03	 9.254675e+00	 
 4.446032e-02	 7.522962e-01	 3.674708e-02	 2.007544e-01	 3.442703e+03	 9.224130e+00	 
 4.398211e-02	 6.729004e-01	 1.284947e-01	 1.941503e-01	 3.425235e+03	 9.254361e+00	 
 4.386449e-02	 5.882556e-01	 2.261345e-01	 1.871360e-01	 3.438349e+03	 9.285690e+00	 
 4.357941e-02	 5.097682e-01	 3.167493e-01	 1.806202e-01	 3.436265e+03	 9.314005e+00	 
 4.386427e-02	 5.882643e-01	 2.261175e-01	 1.871411e-01	 3.438331e+03	 9.285685e+00	 
 4.876035e-02	 5.548868e-01	 2.624245e-01	 1.847143e-01	 3.843434e+03	 9.297339e+00	 
 4.548098e-02	 6.005959e-01	 2.104509e-01	 1.884186e-01	 3.527152e+03	 9.281613e+00	 
 4.230336e-02	 7.734663e-01	 1.434749e-02	 2.021451e-01	 3.317512e+03	 9.215317e+00	 
 4.540108e-02	 6.845566e-01	 1.136887e-01	 1.953626e-01	 3.498307e+03	 9.250425e+00	 
 7.568203e-04	 1.073562e-01	 9.621118e-01	 5.439170e-02	 8.316587e+01	 8.066904e+00	 
 7.522245e-04	 1.078101e-01	 9.608606e-01	 5.487430e-02	 8.277179e+01	 8.068880e+00	 
 7.572150e-04	 1.096615e-01	 9.594393e-01	 5.458243e-02	 8.256624e+01	 8.074118e+00	 
 7.625575e-04	 1.126641e-01	 9.567291e-01	 5.436670e-02	 8.359217e+01	 8.081982e+00	 
 7.381772e-04	 9.866289e-02	 9.694899e-01	 5.531385e-02	 8.168494e+01	 8.045892e+00	 
 7.909499e-04	 1.203965e-01	 9.520029e-01	 5.242097e-02	 8.590905e+01	 8.102539e+00	 
 6.546111e-04	 1.071175e-01	 9.597066e-01	 5.601221e-02	 6.843455e+01	 8.071632e+00	 
 6.816969e-04	 9.883367e-02	 9.604587e-01	 6.072272e-02	 7.359903e+01	 8.056741e+00	 
 6.419956e-04	 1.114983e-01	 9.646775e-01	 5.024499e-02	 6.615715e+01	 8.074224e+00	 
 6.457429e-04	 9.420284e-02	 9.552712e-01	 6.678061e-02	 6.904846e+01	 8.056780e+00	 
 6.686435e-04	 1.025060e-01	 9.676157e-01	 5.404951e-02	 6.902061e+01	 8.057152e+00	 
 6.372967e-04	 9.263541e-02	 9.608564e-01	 6.434999e-02	 6.810245e+01	 8.048836e+00	 
 4.416863e-02	 6.719909e-01	 1.294608e-01	 1.940876e-01	 3.440571e+03	 9.254680e+00	 
 4.528324e-02	 6.018428e-01	 2.091042e-01	 1.885078e-01	 3.510986e+03	 9.281177e+00	 
 4.176235e-02	 6.167175e-01	 1.952837e-01	 1.891409e-01	 3.314943e+03	 9.274577e+00	 
 4.398211e-02	 6.729004e-01	 1.284947e-01	 1.941503e-01	 3.425235e+03	 9.254361e+00	 
 4.176235e-02	 6.167175e-01	 1.952837e-01	 1.891409e-01	 3.314943e+03	 9.274577e+00	 
 4.230336e-02	 7.734663e-01	 1.434749e-02	 2.021451e-01	 3.317512e+03	 9.215317e+00	 
 4.548098e-02	 6.005959e-01	 2.104509e-01	 1.884186e-01	 3.527152e+03	 9.281613e+00	 
 4.416863e-02	 6.719909e-01	 1.294608e-01	 1.940876e-01	 3.440571e+03	 9.254680e+00	 
 4.230315e-02	 7.734738e-01	 1.433209e-02	 2.021500e-01	 3.317496e+03	 9.215312e+00	 
 4.416863e-02	 6.719909e-01	 1.294608e-01	 1.940876e-01	 3.440571e+03	 9.254680e+00	 
 4.416863e-02	 6.719909e-01	 1.294608e-01	 1.940876e-01	 3.440571e+03	 9.254680e+00	 
 4.041343e-02	 7.838878e-01	 4.071016e-03	 2.026978e-01	 3.209262e+03	 9.210677e+00	 
 3.867943e-02	 7.169397e-01	 8.193920e-02	 1.970562e-01	 3.082456e+03	 9.236609e+00	 
 4.095450e-02	 7.876366e-01	 4.500604e-04	 2.028546e-01	 3.301474e+03	 9.208399e+00	 
 3.890384e-02	 7.877530e-01	 2.094337e-04	 2.029307e-01	 3.082251e+03	 9.209368e+00	 
 4.095468e-02	 7.876297e-01	 4.641740e-04	 2.028501e-01	 3.301488e+03	 9.208403e+00	 
 3.890384e-02	 7.877530e-01	 2.094337e-04	 2.029307e-01	 3.082251e+03	 9.209368e+00	 
 3.890384e-02	 7.877530e-01	 2.094337e-04	 2.029307e-01	 3.082251e+03	 9.209368e+00	 
 4.095275e-02	 7.877016e-01	 3.160057e-04	 2.028969e-01	 3.301335e+03	 9.208356e+00	 
 3.890219e-02	 7.878180e-01	 7.539417e-05	 2.029729e-01	 3.082121e+03	 9.209325e+00	 
 3.890219e-02	 7.878180e-01	 7.539417e-05	 2.029729e-01	 3.082121e+03	 9.209325e+00	 
 3.890219e-02	 7.878180e-01	 7.539417e-05	 2.029729e-01	 3.082121e+03	 9.209325e+00	 
 4.279292e-02	 7.778686e-01	 1.000114e-02	 2.023815e-01	 3.409477e+03	 9.212701e+00	 
 3.717844e-02	 7.317000e-01	 6.628885e-02	 1.980573e-01	 2.996901e+03	 9.230385e+00	 
 4.446032e-02	 7.522962e-01	 3.674708e-02	 2.007544e-01	 3.442703e+03	 9.224130e+00	 
 4.041343e-02	 7.838878e-01	 4.071016e-03	 2.026978e-01	 3.209262e+03	 9.210677e+00	 
 4.548098e-02	 6.005959e-01	 2.104509e-01	 1.884186e-01	 3.527152e+03	 9.281613e+00	 
 4.398211e-02	 6.729004e-01	 1.284947e-01	 1.941503e-01	 3.425235e+03	 9.254361e+00	 
 4.017150e-02	 7.103589e-01	 8.894496e-02	 1.965936e-01	 3.208729e+03	 9.238940e+00	 
 4.017150e-02	 7.103589e-01	 8.894496e-02	 1.965936e-01	 3.208729e+03	 9.238940e+00	 
 4.416863e-02	 6.719909e-01	 1.294608e-01	 1.940876e-01	 3.440571e+03	 9.254680e+00	 
 4.176235e-02	 6.167175e-01	 1.952837e-01	 1.891409e-01	 3.314943e+03	 9.274577e+00	 
 4.386386e-02	 5.882804e-01	 2.260859e-01	 1.871506e-01	 3.438300e+03	 9.285676e+00	 
 4.230336e-02	 7.734663e-01	 1.434749e-02	 2.021451e-01	 3.317512e+03	 9.215317e+00	 
 4.416863e-02	 6.719909e-01	 1.294608e-01	 1.940876e-01	 3.440571e+03	 9.254680e+00	 
 4.528324e-02	 6.018428e-01	 2.091042e-01	 1.885078e-01	 3.510986e+03	 9.281177e+00	 
 4.416841e-02	 6.719993e-01	 1.294441e-01	 1.940927e-01	 3.440554e+03	 9.254675e+00	 
 4.446032e-02	 7.522962e-01	 3.674708e-02	 2.007544e-01	 3.442703e+03	 9.224130e+00	 
 4.398211e-02	 6.729004e-01	 1.284947e-01	 1.941503e-01	 3.425235e+03	 9.254361e+00	 
 4.446032e-02	 7.522962e-01	 3.674708e-02	 2.007544e-01	 3.442703e+03	 9.224130e+00	 
 4.427133e-02	 7.528704e-01	 3.616876e-02	 2.007892e-01	 3.427257e+03	 9.223933e+00	 
 4.528324e-02	 6.018428e-01	 2.091042e-01	 1.885078e-01	 3.510986e+03	 9.281177e+00	 
 3.974136e-02	 7.343459e-01	 6.087498e-02	 1.986741e-01	 3.135902e+03	 9.230370e+00	 
 4.348659e-02	 6.131850e-01	 1.968380e-01	 1.893277e-01	 3.364110e+03	 9.277201e+00	 
 4.331948e-02	 6.142247e-01	 1.957296e-01	 1.893934e-01	 3.350446e+03	 9.276840e+00	 
 4.481261e-02	 6.263466e-01	 1.803755e-01	 1.906448e-01	 3.430531e+03	 9.272806e+00	 
 4.265614e-02	 3.820252e-01	 4.637314e-01	 1.701310e-01	 3.359420e+03	 9.359219e+00	 
 4.162103e-02	 7.187977e-01	 7.701585e-02	 1.977095e-01	 3.242385e+03	 9.236957e+00	 
 4.380637e-02	 6.737574e-01	 1.275845e-01	 1.942093e-01	 3.410786e+03	 9.254060e+00	 
 4.416863e-02	 6.719909e-01	 1.294608e-01	 1.940876e-01	 3.440571e+03	 9.254680e+00	 
 4.416863e-02	 6.719909e-01	 1.294608e-01	 1.940876e-01	 3.440571e+03	 9.254680e+00	 
 4.398211e-02	 6.729004e-01	 1.284947e-01	 1.941503e-01	 3.425235e+03	 9.254361e+00	 
 4.176235e-02	 6.167175e-01	 1.952837e-01	 1.891409e-01	 3.314943e+03	 9.274577e+00	 
 4.386427e-02	 5.882643e-01	 2.261175e-01	 1.871411e-01	 3.438331e+03	 9.285685e+00	 
 1.441470e-02	 2.836654e-01	 7.911600e-01	 4.171130e-02	 2.059783e+03	 8.371693e+00	 
 1.476187e-02	 3.376517e-01	 7.334388e-01	 4.344736e-02	 2.123443e+03	 8.375783e+00	 
 1.440729e-02	 2.845307e-01	 7.900798e-01	 4.183443e-02	 2.058550e+03	 8.371775e+00	 
 1.521575e-02	 2.874963e-01	 7.963383e-01	 3.612788e-02	 2.199250e+03	 8.370920e+00	 
 1.477877e-02	 3.408814e-01	 7.211387e-01	 4.899485e-02	 2.126439e+03	 8.376703e+00	 
 1.504814e-02	 3.839572e-01	 6.837924e-01	 4.502103e-02	 2.176043e+03	 8.379427e+00	 
 1.496366e-02	 3.928552e-01	 6.725862e-01	 4.634868e-02	 2.161906e+03	 8.380327e+00	 
 1.599468e-02	 4.559360e-01	 6.119201e-01	 4.391212e-02	 2.285693e+03	 8.385802e+00	 
 1.496361e-02	 3.928522e-01	 6.725890e-01	 4.634879e-02	 2.161900e+03	 8.380327e+00	 
 1.543466e-02	 3.432414e-01	 7.350695e-01	 3.894638e-02	 2.240724e+03	 8.375364e+00	 
 1.599468e-02	 4.559360e-01	 6.119201e-01	 4.391212e-02	 2.285693e+03	 8.385802e+00	 
 1.599468e-02	 4.559360e-01	 6.119201e-01	 4.391212e-02	 2.285693e+03	 8.385802e+00	 
 4.416863e-02	 6.719909e-01	 1.294608e-01	 1.940876e-01	 3.440571e+03	 9.254680e+00	 
 4.230277e-02	 7.734878e-01	 1.430354e-02	 2.021589e-01	 3.317466e+03	 9.215303e+00	 
 4.230296e-02	 7.734810e-01	 1.431745e-02	 2.021546e-01	 3.317481e+03	 9.215307e+00	 
 4.548098e-02	 6.005959e-01	 2.104509e-01	 1.884186e-01	 3.527152e+03	 9.281613e+00	 
 4.427133e-02	 7.528704e-01	 3.616876e-02	 2.007892e-01	 3.427257e+03	 9.223933e+00	 
 4.548098e-02	 6.005959e-01	 2.104509e-01	 1.884186e-01	 3.527152e+03	 9.281613e+00	 
 4.386406e-02	 5.882726e-01	 2.261013e-01	 1.871460e-01	 3.438315e+03	 9.285680e+00	 
 4.683942e-02	 7.612534e-01	 2.653437e-02	 2.014175e-01	 3.693717e+03	 9.219481e+00	 
 4.416841e-02	 6.719993e-01	 1.294441e-01	 1.940927e-01	 3.440554e+03	 9.254675e+00	 
 4.446032e-02	 7.522962e-01	 3.674708e-02	 2.007544e-01	 3.442703e+03	 9.224130e+00	 
 4.528324e-02	 6.018428e-01	 2.091042e-01	 1.885078e-01	 3.510986e+03	 9.281177e+00	 
 4.398211e-02	 6.729004e-01	 1.284947e-01	 1.941503e-01	 3.425235e+03	 9.254361e+00	 
 4.416820e-02	 6.720072e-01	 1.294283e-01	 1.940975e-01	 3.440538e+03	 9.254671e+00	 
 4.876088e-02	 5.548675e-01	 2.624619e-01	 1.847032e-01	 3.843475e+03	 9.297350e+00	 
 4.230336e-02	 7.734663e-01	 1.434749e-02	 2.021451e-01	 3.317512e+03	 9.215317e+00	 
 4.230336e-02	 7.734663e-01	 1.434749e-02	 2.021451e-01	 3.317512e+03	 9.215317e+00	 
 4.176235e-02	 6.167175e-01	 1.952837e-01	 1.891409e-01	 3.314943e+03	 9.274577e+00	 
 4.386449e-02	 5.882556e-01	 2.261345e-01	 1.871360e-01	 3.438349e+03	 9.285690e+00	 
 