1.381215e-03	 1.970071e-01	 9.535670e-01	 3.628876e-03	 1.584075e-01	 8.315265e+00	 
 1.357507e-03	 1.726593e-01	 9.496685e-01	 2.120314e-02	 1.472389e-01	 8.238134e+00	 
 1.326686e-03	 1.631644e-01	 9.567511e-01	 2.280653e-02	 1.463663e-01	 8.205028e+00	 
 1.293672e-03	 1.705206e-01	 9.435869e-01	 2.625322e-02	 1.438599e-01	 8.235633e+00	 
 1.212654e-03	 1.600713e-01	 9.450260e-01	 3.189967e-02	 1.402914e-01	 8.204396e+00	 
 1.348006e-03	 1.643873e-01	 9.404425e-01	 3.200053e-02	 1.402460e-01	 8.219386e+00	 
 5.417056e-02	 5.088483e-01	 5.066818e-01	 6.184193e-02	 1.343859e-01	 9.361667e+00	 
 5.064183e-02	 6.264974e-01	 2.685383e-01	 1.357284e-01	 8.320399e-02	 9.294145e+00	 
 4.904419e-02	 6.797632e-01	 1.607184e-01	 1.691806e-01	 5.987371e-02	 9.262066e+00	 
 4.828249e-02	 7.051586e-01	 1.093133e-01	 1.851295e-01	 4.879536e-02	 9.246417e+00	 
 4.791039e-02	 7.175643e-01	 8.420184e-02	 1.929206e-01	 4.340072e-02	 9.238686e+00	 
 4.772647e-02	 7.236965e-01	 7.178923e-02	 1.967717e-01	 4.075675e-02	 9.234843e+00	 
 4.763502e-02	 7.267453e-01	 6.561788e-02	 1.986865e-01	 3.944824e-02	 9.232928e+00	 
 4.826209e-02	 6.520307e-01	 1.506624e-01	 1.927120e-01	 2.010169e-02	 8.848873e+00	 
 4.528324e-02	 6.018428e-01	 2.091042e-01	 1.885078e-01	 1.466657e-02	 8.908833e+00	 
 