1.185883e-02	 -3.321707e+00	 5.279305e+00	 -4.647949e-01	 1.012729e+05	 1.001856e+05	 1.087216e+03	 0	 1.188849e+04	 5.129401e-01	 2.735232e+02	 8.173363e+02	 7.516436e+02	 
 1.185883e-02	 -3.321707e+00	 5.279305e+00	 -4.647949e-01	 1.012729e+05	 1.001856e+05	 1.087216e+03	 0	 1.188849e+04	 5.129401e-01	 2.735232e+02	 8.173363e+02	 7.516436e+02	 
 1.185883e-02	 -3.321707e+00	 5.279305e+00	 -4.647949e-01	 1.012729e+05	 1.001856e+05	 1.087216e+03	 0	 1.188849e+04	 5.129401e-01	 2.735232e+02	 8.173363e+02	 7.516436e+02	 
 1.185883e-02	 -3.321707e+00	 5.279305e+00	 -4.647949e-01	 1.012729e+05	 1.001856e+05	 1.087216e+03	 0	 1.188849e+04	 5.129401e-01	 2.735232e+02	 8.173363e+02	 7.516436e+02	 
 1.185883e-02	 -3.321707e+00	 5.279305e+00	 -4.647949e-01	 1.012729e+05	 1.001856e+05	 1.087216e+03	 0	 1.188849e+04	 5.129401e-01	 2.735232e+02	 8.173363e+02	 7.516436e+02	 
 1.185883e-02	 -3.321707e+00	 5.279305e+00	 -4.647949e-01	 1.012729e+05	 1.001856e+05	 1.087216e+03	 0	 1.188849e+04	 5.129401e-01	 2.735232e+02	 8.173363e+02	 7.516436e+02	 
 1.527115e-02	 7.023168e-01	 1.508788e-01	 1.705619e-01	 9.820077e+04	 9.677806e+04	 1.422716e+03	 1	 5.417592e+03	 3.967065e-02	 4.575680e+01	 7.788055e+02	 3.785383e+01	 
 1.527115e-02	 7.023168e-01	 1.508788e-01	 1.705619e-01	 9.820077e+04	 9.677806e+04	 1.422716e+03	 1	 5.417592e+03	 3.967065e-02	 4.575680e+01	 7.788055e+02	 3.785383e+01	 
 1.527115e-02	 7.023168e-01	 1.508788e-01	 1.705619e-01	 9.820077e+04	 9.677806e+04	 1.422716e+03	 1	 5.417592e+03	 3.967065e-02	 4.575680e+01	 7.788055e+02	 3.785383e+01	 
 1.527115e-02	 7.023168e-01	 1.508788e-01	 1.705619e-01	 9.820077e+04	 9.677806e+04	 1.422716e+03	 1	 5.417592e+03	 3.967065e-02	 4.575680e+01	 7.788055e+02	 3.785383e+01	 
 1.527115e-02	 7.023168e-01	 1.508788e-01	 1.705619e-01	 9.820077e+04	 9.677806e+04	 1.422716e+03	 1	 5.417592e+03	 3.967065e-02	 4.575680e+01	 7.788055e+02	 3.785383e+01	 
 1.527115e-02	 7.023168e-01	 1.508788e-01	 1.705619e-01	 9.820077e+04	 9.677806e+04	 1.422716e+03	 1	 5.417592e+03	 3.967065e-02	 4.575680e+01	 7.788055e+02	 3.785383e+01	 
 3.086823e-03	 -1.850638e+00	 3.842791e+00	 -5.010173e-01	 9.671820e+04	 9.648729e+04	 2.309072e+02	 0	 3.379994e+03	 5.023709e-01	 7.428641e+01	 8.887328e+02	 9.430470e+02	 
 3.086823e-03	 -1.850638e+00	 3.842791e+00	 -5.010173e-01	 9.671820e+04	 9.648729e+04	 2.309072e+02	 0	 3.379994e+03	 5.023709e-01	 7.428641e+01	 8.887328e+02	 9.430470e+02	 
 3.086823e-03	 -1.850638e+00	 3.842791e+00	 -5.010173e-01	 9.671820e+04	 9.648729e+04	 2.309072e+02	 0	 3.379994e+03	 5.023709e-01	 7.428641e+01	 8.887328e+02	 9.430470e+02	 
 3.086823e-03	 -1.850638e+00	 3.842791e+00	 -5.010173e-01	 9.671820e+04	 9.648729e+04	 2.309072e+02	 0	 3.379994e+03	 5.023709e-01	 7.428641e+01	 8.887328e+02	 9.430470e+02	 
 3.086823e-03	 -1.850638e+00	 3.842791e+00	 -5.010173e-01	 9.671820e+04	 9.648729e+04	 2.309072e+02	 0	 3.379994e+03	 5.023709e-01	 7.428641e+01	 8.887328e+02	 9.430470e+02	 
 3.086823e-03	 -1.850638e+00	 3.842791e+00	 -5.010173e-01	 9.671820e+04	 9.648729e+04	 2.309072e+02	 0	 3.379994e+03	 5.023709e-01	 7.428641e+01	 8.887328e+02	 9.430470e+02	 
 2.465376e-04	 -1.585597e+00	 2.938556e+00	 -1.089108e-01	 1.000225e+05	 1.000074e+05	 1.513956e+01	 0	 4.668062e+03	 2.495906e-01	 2.808950e+01	 7.979934e+02	 8.488220e+02	 
 2.465376e-04	 -1.585597e+00	 2.938556e+00	 -1.089108e-01	 1.000225e+05	 1.000074e+05	 1.513956e+01	 0	 4.668062e+03	 2.495906e-01	 2.808950e+01	 7.979934e+02	 8.488220e+02	 
 2.465376e-04	 -1.585597e+00	 2.938556e+00	 -1.089108e-01	 1.000225e+05	 1.000074e+05	 1.513956e+01	 0	 4.668062e+03	 2.495906e-01	 2.808950e+01	 7.979934e+02	 8.488220e+02	 
 2.465376e-04	 -1.585597e+00	 2.938556e+00	 -1.089108e-01	 1.000225e+05	 1.000074e+05	 1.513956e+01	 0	 4.668062e+03	 2.495906e-01	 2.808950e+01	 7.979934e+02	 8.488220e+02	 
 2.465376e-04	 -1.585597e+00	 2.938556e+00	 -1.089108e-01	 1.000225e+05	 1.000074e+05	 1.513956e+01	 0	 4.668062e+03	 2.495906e-01	 2.808950e+01	 7.979934e+02	 8.488220e+02	 
 2.465376e-04	 -1.585597e+00	 2.938556e+00	 -1.089108e-01	 1.000225e+05	 1.000074e+05	 1.513956e+01	 0	 4.668062e+03	 2.495906e-01	 2.808950e+01	 7.979934e+02	 8.488220e+02	 
 5.747784e-03	 1.140108e+00	 3.414483e-01	 -2.176155e-01	 1.581668e+05	 1.573718e+05	 7.950495e+02	 0	 2.463150e+03	 2.708769e-01	 1.331104e+02	 3.610297e+02	 4.619214e+02	 
 5.747784e-03	 1.140108e+00	 3.414483e-01	 -2.176155e-01	 1.581668e+05	 1.573718e+05	 7.950495e+02	 0	 2.463150e+03	 2.708769e-01	 1.331104e+02	 3.610297e+02	 4.619214e+02	 
 5.747784e-03	 1.140108e+00	 3.414483e-01	 -2.176155e-01	 1.581668e+05	 1.573718e+05	 7.950495e+02	 0	 2.463150e+03	 2.708769e-01	 1.331104e+02	 3.610297e+02	 4.619214e+02	 
 5.747784e-03	 1.140108e+00	 3.414483e-01	 -2.176155e-01	 1.581668e+05	 1.573718e+05	 7.950495e+02	 0	 2.463150e+03	 2.708769e-01	 1.331104e+02	 3.610297e+02	 4.619214e+02	 
 5.747784e-03	 1.140108e+00	 3.414483e-01	 -2.176155e-01	 1.581668e+05	 1.573718e+05	 7.950495e+02	 0	 2.463150e+03	 2.708769e-01	 1.331104e+02	 3.610297e+02	 4.619214e+02	 
 5.747784e-03	 1.140108e+00	 3.414483e-01	 -2.176155e-01	 1.581668e+05	 1.573718e+05	 7.950495e+02	 0	 2.463150e+03	 2.708769e-01	 1.331104e+02	 3.610297e+02	 4.619214e+02	 
 1.556475e-03	 2.602606e-01	 7.013313e-01	 1.183791e-01	 7.233030e+04	 7.220650e+04	 1.238007e+02	 1	 1.674583e+03	 8.209337e-02	 5.985348e+01	 3.085117e+02	 4.981726e+02	 
 1.556475e-03	 2.602606e-01	 7.013313e-01	 1.183791e-01	 7.233030e+04	 7.220650e+04	 1.238007e+02	 1	 1.674583e+03	 8.209337e-02	 5.985348e+01	 3.085117e+02	 4.981726e+02	 
 1.556475e-03	 2.602606e-01	 7.013313e-01	 1.183791e-01	 7.233030e+04	 7.220650e+04	 1.238007e+02	 1	 1.674583e+03	 8.209337e-02	 5.985348e+01	 3.085117e+02	 4.981726e+02	 
 1.556475e-03	 2.602606e-01	 7.013313e-01	 1.183791e-01	 7.233030e+04	 7.220650e+04	 1.238007e+02	 1	 1.674583e+03	 8.209337e-02	 5.985348e+01	 3.085117e+02	 4.981726e+02	 
 1.556475e-03	 2.602606e-01	 7.013313e-01	 1.183791e-01	 7.233030e+04	 7.220650e+04	 1.238007e+02	 1	 1.674583e+03	 8.209337e-02	 5.985348e+01	 3.085117e+02	 4.981726e+02	 
 1.556475e-03	 2.602606e-01	 7.013313e-01	 1.183791e-01	 7.233030e+04	 7.220650e+04	 1.238007e+02	 1	 1.674583e+03	 8.209337e-02	 5.985348e+01	 3.085117e+02	 4.981726e+02	 
 -6.509653e-03	 -2.226259e+00	 2.499104e+00	 5.619914e-01	 1.089183e+05	 1.095587e+05	 6.404036e+02	 0	 1.385538e+04	 1.825018e-01	 1.786110e-01	 6.917912e+02	 6.721310e+02	 
 -6.509653e-03	 -2.226259e+00	 2.499104e+00	 5.619914e-01	 1.089183e+05	 1.095587e+05	 6.404036e+02	 0	 1.385538e+04	 1.825018e-01	 1.786110e-01	 6.917912e+02	 6.721310e+02	 
 -6.509653e-03	 -2.226259e+00	 2.499104e+00	 5.619914e-01	 1.089183e+05	 1.095587e+05	 6.404036e+02	 0	 1.385538e+04	 1.825018e-01	 1.786110e-01	 6.917912e+02	 6.721310e+02	 
 -6.509653e-03	 -2.226259e+00	 2.499104e+00	 5.619914e-01	 1.089183e+05	 1.095587e+05	 6.404036e+02	 0	 1.385538e+04	 1.825018e-01	 1.786110e-01	 6.917912e+02	 6.721310e+02	 
 -6.509653e-03	 -2.226259e+00	 2.499104e+00	 5.619914e-01	 1.089183e+05	 1.095587e+05	 6.404036e+02	 0	 1.385538e+04	 1.825018e-01	 1.786110e-01	 6.917912e+02	 6.721310e+02	 
 -6.509653e-03	 -2.226259e+00	 2.499104e+00	 5.619914e-01	 1.089183e+05	 1.095587e+05	 6.404036e+02	 0	 1.385538e+04	 1.825018e-01	 1.786110e-01	 6.917912e+02	 6.721310e+02	 
 -1.887847e-01	 -3.246458e+01	 1.210947e+01	 1.354480e+01	 8.817855e+04	 1.039425e+05	 1.576397e+04	 0	 1.447236e+04	 8.342221e+00	 8.173025e+00	 1.176119e+03	 1.195934e+03	 
 -1.887847e-01	 -3.246458e+01	 1.210947e+01	 1.354480e+01	 8.817855e+04	 1.039425e+05	 1.576397e+04	 0	 1.447236e+04	 8.342221e+00	 8.173025e+00	 1.176119e+03	 1.195934e+03	 
 -1.887847e-01	 -3.246458e+01	 1.210947e+01	 1.354480e+01	 8.817855e+04	 1.039425e+05	 1.576397e+04	 0	 1.447236e+04	 8.342221e+00	 8.173025e+00	 1.176119e+03	 1.195934e+03	 
 -1.887847e-01	 -3.246458e+01	 1.210947e+01	 1.354480e+01	 8.817855e+04	 1.039425e+05	 1.576397e+04	 0	 1.447236e+04	 8.342221e+00	 8.173025e+00	 1.176119e+03	 1.195934e+03	 
 -1.887847e-01	 -3.246458e+01	 1.210947e+01	 1.354480e+01	 8.817855e+04	 1.039425e+05	 1.576397e+04	 0	 1.447236e+04	 8.342221e+00	 8.173025e+00	 1.176119e+03	 1.195934e+03	 
 -1.887847e-01	 -3.246458e+01	 1.210947e+01	 1.354480e+01	 8.817855e+04	 1.039425e+05	 1.576397e+04	 0	 1.447236e+04	 8.342221e+00	 8.173025e+00	 1.176119e+03	 1.195934e+03	 
 -1.967770e-02	 1.138247e+01	 -1.704644e+01	 4.047837e+00	 1.405390e+05	 1.431853e+05	 2.646290e+03	 0	 1.792548e+04	 2.700873e+00	 2.654963e+00	 6.848787e+02	 4.495912e+02	 
 -1.967770e-02	 1.138247e+01	 -1.704644e+01	 4.047837e+00	 1.405390e+05	 1.431853e+05	 2.646290e+03	 0	 1.792548e+04	 2.700873e+00	 2.654963e+00	 6.848787e+02	 4.495912e+02	 
 -1.967770e-02	 1.138247e+01	 -1.704644e+01	 4.047837e+00	 1.405390e+05	 1.431853e+05	 2.646290e+03	 0	 1.792548e+04	 2.700873e+00	 2.654963e+00	 6.848787e+02	 4.495912e+02	 
 -1.967770e-02	 1.138247e+01	 -1.704644e+01	 4.047837e+00	 1.405390e+05	 1.431853e+05	 2.646290e+03	 0	 1.792548e+04	 2.700873e+00	 2.654963e+00	 6.848787e+02	 4.495912e+02	 
 -1.967770e-02	 1.138247e+01	 -1.704644e+01	 4.047837e+00	 1.405390e+05	 1.431853e+05	 2.646290e+03	 0	 1.792548e+04	 2.700873e+00	 2.654963e+00	 6.848787e+02	 4.495912e+02	 
 -1.967770e-02	 1.138247e+01	 -1.704644e+01	 4.047837e+00	 1.405390e+05	 1.431853e+05	 2.646290e+03	 0	 1.792548e+04	 2.700873e+00	 2.654963e+00	 6.848787e+02	 4.495912e+02	 
 -9.888370e-04	 -1.539286e-01	 6.264254e-01	 4.223143e-01	 1.105881e+05	 1.106822e+05	 9.407706e+01	 0	 1.392632e+03	 1.068124e-01	 1.067317e-01	 2.115861e+02	 1.996097e+02	 
 -9.888370e-04	 -1.539286e-01	 6.264254e-01	 4.223143e-01	 1.105881e+05	 1.106822e+05	 9.407706e+01	 0	 1.392632e+03	 1.068124e-01	 1.067317e-01	 2.115861e+02	 1.996097e+02	 
 -9.888370e-04	 -1.539286e-01	 6.264254e-01	 4.223143e-01	 1.105881e+05	 1.106822e+05	 9.407706e+01	 0	 1.392632e+03	 1.068124e-01	 1.067317e-01	 2.115861e+02	 1.996097e+02	 
 -9.888370e-04	 -1.539286e-01	 6.264254e-01	 4.223143e-01	 1.105881e+05	 1.106822e+05	 9.407706e+01	 0	 1.392632e+03	 1.068124e-01	 1.067317e-01	 2.115861e+02	 1.996097e+02	 
 -9.888370e-04	 -1.539286e-01	 6.264254e-01	 4.223143e-01	 1.105881e+05	 1.106822e+05	 9.407706e+01	 0	 1.392632e+03	 1.068124e-01	 1.067317e-01	 2.115861e+02	 1.996097e+02	 
 -9.888370e-04	 -1.539286e-01	 6.264254e-01	 4.223143e-01	 1.105881e+05	 1.106822e+05	 9.407706e+01	 0	 1.392632e+03	 1.068124e-01	 1.067317e-01	 2.115861e+02	 1.996097e+02	 
 -9.888370e-04	 -1.539286e-01	 6.264254e-01	 4.223143e-01	 1.105881e+05	 1.106822e+05	 9.407706e+01	 0	 1.392632e+03	 1.068124e-01	 1.067317e-01	 2.115861e+02	 1.996097e+02	 
 -9.888370e-04	 -1.539286e-01	 6.264254e-01	 4.223143e-01	 1.105881e+05	 1.106822e+05	 9.407706e+01	 0	 1.392632e+03	 1.068124e-01	 1.067317e-01	 2.115861e+02	 1.996097e+02	 
 -9.888370e-04	 -1.539286e-01	 6.264254e-01	 4.223143e-01	 1.105881e+05	 1.106822e+05	 9.407706e+01	 0	 1.392632e+03	 1.068124e-01	 1.067317e-01	 2.115861e+02	 1.996097e+02	 
 -9.888370e-04	 -1.539286e-01	 6.264254e-01	 4.223143e-01	 1.105881e+05	 1.106822e+05	 9.407706e+01	 0	 1.392632e+03	 1.068124e-01	 1.067317e-01	 2.115861e+02	 1.996097e+02	 
 -9.888370e-04	 -1.539286e-01	 6.264254e-01	 4.223143e-01	 1.105881e+05	 1.106822e+05	 9.407706e+01	 0	 1.392632e+03	 1.068124e-01	 1.067317e-01	 2.115861e+02	 1.996097e+02	 
 -9.888370e-04	 -1.539286e-01	 6.264254e-01	 4.223143e-01	 1.105881e+05	 1.106822e+05	 9.407706e+01	 0	 1.392632e+03	 1.068124e-01	 1.067317e-01	 2.115861e+02	 1.996097e+02	 
 -1.887847e-01	 -3.246458e+01	 1.210947e+01	 1.354480e+01	 8.817855e+04	 1.039425e+05	 1.576397e+04	 0	 1.447236e+04	 8.342221e+00	 8.173025e+00	 1.176119e+03	 1.195934e+03	 
 -1.887847e-01	 -3.246458e+01	 1.210947e+01	 1.354480e+01	 8.817855e+04	 1.039425e+05	 1.576397e+04	 0	 1.447236e+04	 8.342221e+00	 8.173025e+00	 1.176119e+03	 1.195934e+03	 
 -1.887847e-01	 -3.246458e+01	 1.210947e+01	 1.354480e+01	 8.817855e+04	 1.039425e+05	 1.576397e+04	 0	 1.447236e+04	 8.342221e+00	 8.173025e+00	 1.176119e+03	 1.195934e+03	 
 -1.887847e-01	 -3.246458e+01	 1.210947e+01	 1.354480e+01	 8.817855e+04	 1.039425e+05	 1.576397e+04	 0	 1.447236e+04	 8.342221e+00	 8.173025e+00	 1.176119e+03	 1.195934e+03	 
 -1.887847e-01	 -3.246458e+01	 1.210947e+01	 1.354480e+01	 8.817855e+04	 1.039425e+05	 1.576397e+04	 0	 1.447236e+04	 8.342221e+00	 8.173025e+00	 1.176119e+03	 1.195934e+03	 
 -1.887847e-01	 -3.246458e+01	 1.210947e+01	 1.354480e+01	 8.817855e+04	 1.039425e+05	 1.576397e+04	 0	 1.447236e+04	 8.342221e+00	 8.173025e+00	 1.176119e+03	 1.195934e+03	 
 -1.887847e-01	 -3.246458e+01	 1.210947e+01	 1.354480e+01	 8.817855e+04	 1.039425e+05	 1.576397e+04	 0	 1.447236e+04	 8.342221e+00	 8.173025e+00	 1.176119e+03	 1.195934e+03	 
 -1.887847e-01	 -3.246458e+01	 1.210947e+01	 1.354480e+01	 8.817855e+04	 1.039425e+05	 1.576397e+04	 0	 1.447236e+04	 8.342221e+00	 8.173025e+00	 1.176119e+03	 1.195934e+03	 
 -1.887847e-01	 -3.246458e+01	 1.210947e+01	 1.354480e+01	 8.817855e+04	 1.039425e+05	 1.576397e+04	 0	 1.447236e+04	 8.342221e+00	 8.173025e+00	 1.176119e+03	 1.195934e+03	 
 -1.887847e-01	 -3.246458e+01	 1.210947e+01	 1.354480e+01	 8.817855e+04	 1.039425e+05	 1.576397e+04	 0	 1.447236e+04	 8.342221e+00	 8.173025e+00	 1.176119e+03	 1.195934e+03	 
 -1.887847e-01	 -3.246458e+01	 1.210947e+01	 1.354480e+01	 8.817855e+04	 1.039425e+05	 1.576397e+04	 0	 1.447236e+04	 8.342221e+00	 8.173025e+00	 1.176119e+03	 1.195934e+03	 
 -1.887847e-01	 -3.246458e+01	 1.210947e+01	 1.354480e+01	 8.817855e+04	 1.039425e+05	 1.576397e+04	 0	 1.447236e+04	 8.342221e+00	 8.173025e+00	 1.176119e+03	 1.195934e+03	 
 -9.888370e-04	 -1.539286e-01	 6.264254e-01	 4.223143e-01	 1.105881e+05	 1.106822e+05	 9.407706e+01	 0	 1.392632e+03	 1.068124e-01	 1.067317e-01	 2.115861e+02	 1.996097e+02	 
 -9.888370e-04	 -1.539286e-01	 6.264254e-01	 4.223143e-01	 1.105881e+05	 1.106822e+05	 9.407706e+01	 0	 1.392632e+03	 1.068124e-01	 1.067317e-01	 2.115861e+02	 1.996097e+02	 
 -9.888370e-04	 -1.539286e-01	 6.264254e-01	 4.223143e-01	 1.105881e+05	 1.106822e+05	 9.407706e+01	 0	 1.392632e+03	 1.068124e-01	 1.067317e-01	 2.115861e+02	 1.996097e+02	 
 -9.888370e-04	 -1.539286e-01	 6.264254e-01	 4.223143e-01	 1.105881e+05	 1.106822e+05	 9.407706e+01	 0	 1.392632e+03	 1.068124e-01	 1.067317e-01	 2.115861e+02	 1.996097e+02	 
 -9.888370e-04	 -1.539286e-01	 6.264254e-01	 4.223143e-01	 1.105881e+05	 1.106822e+05	 9.407706e+01	 0	 1.392632e+03	 1.068124e-01	 1.067317e-01	 2.115861e+02	 1.996097e+02	 
 -9.888370e-04	 -1.539286e-01	 6.264254e-01	 4.223143e-01	 1.105881e+05	 1.106822e+05	 9.407706e+01	 0	 1.392632e+03	 1.068124e-01	 1.067317e-01	 2.115861e+02	 1.996097e+02	 
 1.351454e-02	 7.319272e-01	 1.143862e-01	 1.746276e-01	 9.803843e+04	 9.677806e+04	 1.260374e+03	 1	 5.440347e+03	 3.500952e-02	 4.535632e+01	 7.961816e+02	 4.769242e+01	 
 1.351454e-02	 7.319272e-01	 1.143862e-01	 1.746276e-01	 9.803843e+04	 9.677806e+04	 1.260374e+03	 1	 5.440347e+03	 3.500952e-02	 4.535632e+01	 7.961816e+02	 4.769242e+01	 
 1.351454e-02	 7.319272e-01	 1.143862e-01	 1.746276e-01	 9.803843e+04	 9.677806e+04	 1.260374e+03	 1	 5.440347e+03	 3.500952e-02	 4.535632e+01	 7.961816e+02	 4.769242e+01	 
 1.351454e-02	 7.319272e-01	 1.143862e-01	 1.746276e-01	 9.803843e+04	 9.677806e+04	 1.260374e+03	 1	 5.440347e+03	 3.500952e-02	 4.535632e+01	 7.961816e+02	 4.769242e+01	 
 1.351454e-02	 7.319272e-01	 1.143862e-01	 1.746276e-01	 9.803843e+04	 9.677806e+04	 1.260374e+03	 1	 5.440347e+03	 3.500952e-02	 4.535632e+01	 7.961816e+02	 4.769242e+01	 
 1.351454e-02	 7.319272e-01	 1.143862e-01	 1.746276e-01	 9.803843e+04	 9.677806e+04	 1.260374e+03	 1	 5.440347e+03	 3.500952e-02	 4.535632e+01	 7.961816e+02	 4.769242e+01	 
 1.276366e-02	 7.645542e-01	 5.814344e-02	 1.888607e-01	 9.798937e+04	 9.677806e+04	 1.211315e+03	 1	 5.461466e+03	 2.477861e-02	 4.361500e+01	 8.814407e+02	 6.576536e+01	 
 1.276366e-02	 7.645542e-01	 5.814344e-02	 1.888607e-01	 9.798937e+04	 9.677806e+04	 1.211315e+03	 1	 5.461466e+03	 2.477861e-02	 4.361500e+01	 8.814407e+02	 6.576536e+01	 
 1.276366e-02	 7.645542e-01	 5.814344e-02	 1.888607e-01	 9.798937e+04	 9.677806e+04	 1.211315e+03	 1	 5.461466e+03	 2.477861e-02	 4.361500e+01	 8.814407e+02	 6.576536e+01	 
 1.276366e-02	 7.645542e-01	 5.814344e-02	 1.888607e-01	 9.798937e+04	 9.677806e+04	 1.211315e+03	 1	 5.461466e+03	 2.477861e-02	 4.361500e+01	 8.814407e+02	 6.576536e+01	 
 1.276366e-02	 7.645542e-01	 5.814344e-02	 1.888607e-01	 9.798937e+04	 9.677806e+04	 1.211315e+03	 1	 5.461466e+03	 2.477861e-02	 4.361500e+01	 8.814407e+02	 6.576536e+01	 
 1.276366e-02	 7.645542e-01	 5.814344e-02	 1.888607e-01	 9.798937e+04	 9.677806e+04	 1.211315e+03	 1	 5.461466e+03	 2.477861e-02	 4.361500e+01	 8.814407e+02	 6.576536e+01	 
 -9.888370e-04	 -1.539286e-01	 6.264254e-01	 4.223143e-01	 1.105881e+05	 1.106822e+05	 9.407706e+01	 0	 1.392632e+03	 1.068124e-01	 1.067317e-01	 2.115861e+02	 1.996097e+02	 
 -9.888370e-04	 -1.539286e-01	 6.264254e-01	 4.223143e-01	 1.105881e+05	 1.106822e+05	 9.407706e+01	 0	 1.392632e+03	 1.068124e-01	 1.067317e-01	 2.115861e+02	 1.996097e+02	 
 -9.888370e-04	 -1.539286e-01	 6.264254e-01	 4.223143e-01	 1.105881e+05	 1.106822e+05	 9.407706e+01	 0	 1.392632e+03	 1.068124e-01	 1.067317e-01	 2.115861e+02	 1.996097e+02	 
 -9.888370e-04	 -1.539286e-01	 6.264254e-01	 4.223143e-01	 1.105881e+05	 1.106822e+05	 9.407706e+01	 0	 1.392632e+03	 1.068124e-01	 1.067317e-01	 2.115861e+02	 1.996097e+02	 
 -9.888370e-04	 -1.539286e-01	 6.264254e-01	 4.223143e-01	 1.105881e+05	 1.106822e+05	 9.407706e+01	 0	 1.392632e+03	 1.068124e-01	 1.067317e-01	 2.115861e+02	 1.996097e+02	 
 -9.888370e-04	 -1.539286e-01	 6.264254e-01	 4.223143e-01	 1.105881e+05	 1.106822e+05	 9.407706e+01	 0	 1.392632e+03	 1.068124e-01	 1.067317e-01	 2.115861e+02	 1.996097e+02	 
 -6.509653e-03	 -2.226259e+00	 2.499104e+00	 5.619914e-01	 1.089183e+05	 1.095587e+05	 6.404036e+02	 0	 1.385538e+04	 1.825018e-01	 1.786110e-01	 6.917912e+02	 6.721310e+02	 
 -6.509653e-03	 -2.226259e+00	 2.499104e+00	 5.619914e-01	 1.089183e+05	 1.095587e+05	 6.404036e+02	 0	 1.385538e+04	 1.825018e-01	 1.786110e-01	 6.917912e+02	 6.721310e+02	 
 -6.509653e-03	 -2.226259e+00	 2.499104e+00	 5.619914e-01	 1.089183e+05	 1.095587e+05	 6.404036e+02	 0	 1.385538e+04	 1.825018e-01	 1.786110e-01	 6.917912e+02	 6.721310e+02	 
 -6.509653e-03	 -2.226259e+00	 2.499104e+00	 5.619914e-01	 1.089183e+05	 1.095587e+05	 6.404036e+02	 0	 1.385538e+04	 1.825018e-01	 1.786110e-01	 6.917912e+02	 6.721310e+02	 
 -6.509653e-03	 -2.226259e+00	 2.499104e+00	 5.619914e-01	 1.089183e+05	 1.095587e+05	 6.404036e+02	 0	 1.385538e+04	 1.825018e-01	 1.786110e-01	 6.917912e+02	 6.721310e+02	 
 -6.509653e-03	 -2.226259e+00	 2.499104e+00	 5.619914e-01	 1.089183e+05	 1.095587e+05	 6.404036e+02	 0	 1.385538e+04	 1.825018e-01	 1.786110e-01	 6.917912e+02	 6.721310e+02	 
 -6.509653e-03	 -2.226259e+00	 2.499104e+00	 5.619914e-01	 1.089183e+05	 1.095587e+05	 6.404036e+02	 0	 1.385538e+04	 1.825018e-01	 1.786110e-01	 6.917912e+02	 6.721310e+02	 
 -6.509653e-03	 -2.226259e+00	 2.499104e+00	 5.619914e-01	 1.089183e+05	 1.095587e+05	 6.404036e+02	 0	 1.385538e+04	 1.825018e-01	 1.786110e-01	 6.917912e+02	 6.721310e+02	 
 -6.509653e-03	 -2.226259e+00	 2.499104e+00	 5.619914e-01	 1.089183e+05	 1.095587e+05	 6.404036e+02	 0	 1.385538e+04	 1.825018e-01	 1.786110e-01	 6.917912e+02	 6.721310e+02	 
 -6.509653e-03	 -2.226259e+00	 2.499104e+00	 5.619914e-01	 1.089183e+05	 1.095587e+05	 6.404036e+02	 0	 1.385538e+04	 1.825018e-01	 1.786110e-01	 6.917912e+02	 6.721310e+02	 
 -6.509653e-03	 -2.226259e+00	 2.499104e+00	 5.619914e-01	 1.089183e+05	 1.095587e+05	 6.404036e+02	 0	 1.385538e+04	 1.825018e-01	 1.786110e-01	 6.917912e+02	 6.721310e+02	 
 -6.509653e-03	 -2.226259e+00	 2.499104e+00	 5.619914e-01	 1.089183e+05	 1.095587e+05	 6.404036e+02	 0	 1.385538e+04	 1.825018e-01	 1.786110e-01	 6.917912e+02	 6.721310e+02	 
 -9.888370e-04	 -1.539286e-01	 6.264254e-01	 4.223143e-01	 1.105881e+05	 1.106822e+05	 9.407706e+01	 0	 1.392632e+03	 1.068124e-01	 1.067317e-01	 2.115861e+02	 1.996097e+02	 
 -9.888370e-04	 -1.539286e-01	 6.264254e-01	 4.223143e-01	 1.105881e+05	 1.106822e+05	 9.407706e+01	 0	 1.392632e+03	 1.068124e-01	 1.067317e-01	 2.115861e+02	 1.996097e+02	 
 -9.888370e-04	 -1.539286e-01	 6.264254e-01	 4.223143e-01	 1.105881e+05	 1.106822e+05	 9.407706e+01	 0	 1.392632e+03	 1.068124e-01	 1.067317e-01	 2.115861e+02	 1.996097e+02	 
 -9.888370e-04	 -1.539286e-01	 6.264254e-01	 4.223143e-01	 1.105881e+05	 1.106822e+05	 9.407706e+01	 0	 1.392632e+03	 1.068124e-01	 1.067317e-01	 2.115861e+02	 1.996097e+02	 
 -9.888370e-04	 -1.539286e-01	 6.264254e-01	 4.223143e-01	 1.105881e+05	 1.106822e+05	 9.407706e+01	 0	 1.392632e+03	 1.068124e-01	 1.067317e-01	 2.115861e+02	 1.996097e+02	 
 -9.888370e-04	 -1.539286e-01	 6.264254e-01	 4.223143e-01	 1.105881e+05	 1.106822e+05	 9.407706e+01	 0	 1.392632e+03	 1.068124e-01	 1.067317e-01	 2.115861e+02	 1.996097e+02	 
 1.351454e-02	 7.319272e-01	 1.143862e-01	 1.746276e-01	 9.803843e+04	 9.677806e+04	 1.260374e+03	 1	 5.440347e+03	 3.500952e-02	 4.535632e+01	 7.961816e+02	 4.769242e+01	 
 1.351454e-02	 7.319272e-01	 1.143862e-01	 1.746276e-01	 9.803843e+04	 9.677806e+04	 1.260374e+03	 1	 5.440347e+03	 3.500952e-02	 4.535632e+01	 7.961816e+02	 4.769242e+01	 
 1.351454e-02	 7.319272e-01	 1.143862e-01	 1.746276e-01	 9.803843e+04	 9.677806e+04	 1.260374e+03	 1	 5.440347e+03	 3.500952e-02	 4.535632e+01	 7.961816e+02	 4.769242e+01	 
 1.351454e-02	 7.319272e-01	 1.143862e-01	 1.746276e-01	 9.803843e+04	 9.677806e+04	 1.260374e+03	 1	 5.440347e+03	 3.500952e-02	 4.535632e+01	 7.961816e+02	 4.769242e+01	 
 1.351454e-02	 7.319272e-01	 1.143862e-01	 1.746276e-01	 9.803843e+04	 9.677806e+04	 1.260374e+03	 1	 5.440347e+03	 3.500952e-02	 4.535632e+01	 7.961816e+02	 4.769242e+01	 
 1.351454e-02	 7.319272e-01	 1.143862e-01	 1.746276e-01	 9.803843e+04	 9.677806e+04	 1.260374e+03	 1	 5.440347e+03	 3.500952e-02	 4.535632e+01	 7.961816e+02	 4.769242e+01	 
 9.768670e-03	 8.197428e-01	 7.245111e-03	 1.855968e-01	 9.766933e+04	 9.677806e+04	 8.912724e+02	 1	 5.525192e+03	 2.271662e-02	 4.301434e+01	 8.341629e+02	 9.160452e+01	 
 9.768670e-03	 8.197428e-01	 7.245111e-03	 1.855968e-01	 9.766933e+04	 9.677806e+04	 8.912724e+02	 1	 5.525192e+03	 2.271662e-02	 4.301434e+01	 8.341629e+02	 9.160452e+01	 
 9.768670e-03	 8.197428e-01	 7.245111e-03	 1.855968e-01	 9.766933e+04	 9.677806e+04	 8.912724e+02	 1	 5.525192e+03	 2.271662e-02	 4.301434e+01	 8.341629e+02	 9.160452e+01	 
 9.768670e-03	 8.197428e-01	 7.245111e-03	 1.855968e-01	 9.766933e+04	 9.677806e+04	 8.912724e+02	 1	 5.525192e+03	 2.271662e-02	 4.301434e+01	 8.341629e+02	 9.160452e+01	 
 9.768670e-03	 8.197428e-01	 7.245111e-03	 1.855968e-01	 9.766933e+04	 9.677806e+04	 8.912724e+02	 1	 5.525192e+03	 2.271662e-02	 4.301434e+01	 8.341629e+02	 9.160452e+01	 
 9.768670e-03	 8.197428e-01	 7.245111e-03	 1.855968e-01	 9.766933e+04	 9.677806e+04	 8.912724e+02	 1	 5.525192e+03	 2.271662e-02	 4.301434e+01	 8.341629e+02	 9.160452e+01	 
 -9.888370e-04	 -1.539286e-01	 6.264254e-01	 4.223143e-01	 1.105881e+05	 1.106822e+05	 9.407706e+01	 0	 1.392632e+03	 1.068124e-01	 1.067317e-01	 2.115861e+02	 1.996097e+02	 
 -9.888370e-04	 -1.539286e-01	 6.264254e-01	 4.223143e-01	 1.105881e+05	 1.106822e+05	 9.407706e+01	 0	 1.392632e+03	 1.068124e-01	 1.067317e-01	 2.115861e+02	 1.996097e+02	 
 -9.888370e-04	 -1.539286e-01	 6.264254e-01	 4.223143e-01	 1.105881e+05	 1.106822e+05	 9.407706e+01	 0	 1.392632e+03	 1.068124e-01	 1.067317e-01	 2.115861e+02	 1.996097e+02	 
 -9.888370e-04	 -1.539286e-01	 6.264254e-01	 4.223143e-01	 1.105881e+05	 1.106822e+05	 9.407706e+01	 0	 1.392632e+03	 1.068124e-01	 1.067317e-01	 2.115861e+02	 1.996097e+02	 
 -9.888370e-04	 -1.539286e-01	 6.264254e-01	 4.223143e-01	 1.105881e+05	 1.106822e+05	 9.407706e+01	 0	 1.392632e+03	 1.068124e-01	 1.067317e-01	 2.115861e+02	 1.996097e+02	 
 -9.888370e-04	 -1.539286e-01	 6.264254e-01	 4.223143e-01	 1.105881e+05	 1.106822e+05	 9.407706e+01	 0	 1.392632e+03	 1.068124e-01	 1.067317e-01	 2.115861e+02	 1.996097e+02	 
 3.086823e-03	 -1.850638e+00	 3.842791e+00	 -5.010173e-01	 9.671820e+04	 9.648729e+04	 2.309072e+02	 0	 3.379994e+03	 5.023709e-01	 7.428641e+01	 8.887328e+02	 9.430470e+02	 
 3.086823e-03	 -1.850638e+00	 3.842791e+00	 -5.010173e-01	 9.671820e+04	 9.648729e+04	 2.309072e+02	 0	 3.379994e+03	 5.023709e-01	 7.428641e+01	 8.887328e+02	 9.430470e+02	 
 3.086823e-03	 -1.850638e+00	 3.842791e+00	 -5.010173e-01	 9.671820e+04	 9.648729e+04	 2.309072e+02	 0	 3.379994e+03	 5.023709e-01	 7.428641e+01	 8.887328e+02	 9.430470e+02	 
 3.086823e-03	 -1.850638e+00	 3.842791e+00	 -5.010173e-01	 9.671820e+04	 9.648729e+04	 2.309072e+02	 0	 3.379994e+03	 5.023709e-01	 7.428641e+01	 8.887328e+02	 9.430470e+02	 
 3.086823e-03	 -1.850638e+00	 3.842791e+00	 -5.010173e-01	 9.671820e+04	 9.648729e+04	 2.309072e+02	 0	 3.379994e+03	 5.023709e-01	 7.428641e+01	 8.887328e+02	 9.430470e+02	 
 3.086823e-03	 -1.850638e+00	 3.842791e+00	 -5.010173e-01	 9.671820e+04	 9.648729e+04	 2.309072e+02	 0	 3.379994e+03	 5.023709e-01	 7.428641e+01	 8.887328e+02	 9.430470e+02	 
 3.086823e-03	 -1.850638e+00	 3.842791e+00	 -5.010173e-01	 9.671820e+04	 9.648729e+04	 2.309072e+02	 0	 3.379994e+03	 5.023709e-01	 7.428641e+01	 8.887328e+02	 9.430470e+02	 
 3.086823e-03	 -1.850638e+00	 3.842791e+00	 -5.010173e-01	 9.671820e+04	 9.648729e+04	 2.309072e+02	 0	 3.379994e+03	 5.023709e-01	 7.428641e+01	 8.887328e+02	 9.430470e+02	 
 3.086823e-03	 -1.850638e+00	 3.842791e+00	 -5.010173e-01	 9.671820e+04	 9.648729e+04	 2.309072e+02	 0	 3.379994e+03	 5.023709e-01	 7.428641e+01	 8.887328e+02	 9.430470e+02	 
 3.086823e-03	 -1.850638e+00	 3.842791e+00	 -5.010173e-01	 9.671820e+04	 9.648729e+04	 2.309072e+02	 0	 3.379994e+03	 5.023709e-01	 7.428641e+01	 8.887328e+02	 9.430470e+02	 
 3.086823e-03	 -1.850638e+00	 3.842791e+00	 -5.010173e-01	 9.671820e+04	 9.648729e+04	 2.309072e+02	 0	 3.379994e+03	 5.023709e-01	 7.428641e+01	 8.887328e+02	 9.430470e+02	 
 3.086823e-03	 -1.850638e+00	 3.842791e+00	 -5.010173e-01	 9.671820e+04	 9.648729e+04	 2.309072e+02	 0	 3.379994e+03	 5.023709e-01	 7.428641e+01	 8.887328e+02	 9.430470e+02	 
 -9.888370e-04	 -1.539286e-01	 6.264254e-01	 4.223143e-01	 1.105881e+05	 1.106822e+05	 9.407706e+01	 0	 1.392632e+03	 1.068124e-01	 1.067317e-01	 2.115861e+02	 1.996097e+02	 
 -9.888370e-04	 -1.539286e-01	 6.264254e-01	 4.223143e-01	 1.105881e+05	 1.106822e+05	 9.407706e+01	 0	 1.392632e+03	 1.068124e-01	 1.067317e-01	 2.115861e+02	 1.996097e+02	 
 -9.888370e-04	 -1.539286e-01	 6.264254e-01	 4.223143e-01	 1.105881e+05	 1.106822e+05	 9.407706e+01	 0	 1.392632e+03	 1.068124e-01	 1.067317e-01	 2.115861e+02	 1.996097e+02	 
 -9.888370e-04	 -1.539286e-01	 6.264254e-01	 4.223143e-01	 1.105881e+05	 1.106822e+05	 9.407706e+01	 0	 1.392632e+03	 1.068124e-01	 1.067317e-01	 2.115861e+02	 1.996097e+02	 
 -9.888370e-04	 -1.539286e-01	 6.264254e-01	 4.223143e-01	 1.105881e+05	 1.106822e+05	 9.407706e+01	 0	 1.392632e+03	 1.068124e-01	 1.067317e-01	 2.115861e+02	 1.996097e+02	 
 -9.888370e-04	 -1.539286e-01	 6.264254e-01	 4.223143e-01	 1.105881e+05	 1.106822e+05	 9.407706e+01	 0	 1.392632e+03	 1.068124e-01	 1.067317e-01	 2.115861e+02	 1.996097e+02	 
 5.747784e-03	 1.140108e+00	 3.414483e-01	 -2.176155e-01	 1.581668e+05	 1.573718e+05	 7.950495e+02	 0	 2.463150e+03	 2.708769e-01	 1.331104e+02	 3.610297e+02	 4.619214e+02	 
 5.747784e-03	 1.140108e+00	 3.414483e-01	 -2.176155e-01	 1.581668e+05	 1.573718e+05	 7.950495e+02	 0	 2.463150e+03	 2.708769e-01	 1.331104e+02	 3.610297e+02	 4.619214e+02	 
 5.747784e-03	 1.140108e+00	 3.414483e-01	 -2.176155e-01	 1.581668e+05	 1.573718e+05	 7.950495e+02	 0	 2.463150e+03	 2.708769e-01	 1.331104e+02	 3.610297e+02	 4.619214e+02	 
 5.747784e-03	 1.140108e+00	 3.414483e-01	 -2.176155e-01	 1.581668e+05	 1.573718e+05	 7.950495e+02	 0	 2.463150e+03	 2.708769e-01	 1.331104e+02	 3.610297e+02	 4.619214e+02	 
 5.747784e-03	 1.140108e+00	 3.414483e-01	 -2.176155e-01	 1.581668e+05	 1.573718e+05	 7.950495e+02	 0	 2.463150e+03	 2.708769e-01	 1.331104e+02	 3.610297e+02	 4.619214e+02	 
 5.747784e-03	 1.140108e+00	 3.414483e-01	 -2.176155e-01	 1.581668e+05	 1.573718e+05	 7.950495e+02	 0	 2.463150e+03	 2.708769e-01	 1.331104e+02	 3.610297e+02	 4.619214e+02	 
 5.747784e-03	 1.140108e+00	 3.414483e-01	 -2.176155e-01	 1.581668e+05	 1.573718e+05	 7.950495e+02	 0	 2.463150e+03	 2.708769e-01	 1.331104e+02	 3.610297e+02	 4.619214e+02	 
 5.747784e-03	 1.140108e+00	 3.414483e-01	 -2.176155e-01	 1.581668e+05	 1.573718e+05	 7.950495e+02	 0	 2.463150e+03	 2.708769e-01	 1.331104e+02	 3.610297e+02	 4.619214e+02	 
 5.747784e-03	 1.140108e+00	 3.414483e-01	 -2.176155e-01	 1.581668e+05	 1.573718e+05	 7.950495e+02	 0	 2.463150e+03	 2.708769e-01	 1.331104e+02	 3.610297e+02	 4.619214e+02	 
 5.747784e-03	 1.140108e+00	 3.414483e-01	 -2.176155e-01	 1.581668e+05	 1.573718e+05	 7.950495e+02	 0	 2.463150e+03	 2.708769e-01	 1.331104e+02	 3.610297e+02	 4.619214e+02	 
 5.747784e-03	 1.140108e+00	 3.414483e-01	 -2.176155e-01	 1.581668e+05	 1.573718e+05	 7.950495e+02	 0	 2.463150e+03	 2.708769e-01	 1.331104e+02	 3.610297e+02	 4.619214e+02	 
 5.747784e-03	 1.140108e+00	 3.414483e-01	 -2.176155e-01	 1.581668e+05	 1.573718e+05	 7.950495e+02	 0	 2.463150e+03	 2.708769e-01	 1.331104e+02	 3.610297e+02	 4.619214e+02	 
 -9.888370e-04	 -1.539286e-01	 6.264254e-01	 4.223143e-01	 1.105881e+05	 1.106822e+05	 9.407706e+01	 0	 1.392632e+03	 1.068124e-01	 1.067317e-01	 2.115861e+02	 1.996097e+02	 
 -9.888370e-04	 -1.539286e-01	 6.264254e-01	 4.223143e-01	 1.105881e+05	 1.106822e+05	 9.407706e+01	 0	 1.392632e+03	 1.068124e-01	 1.067317e-01	 2.115861e+02	 1.996097e+02	 
 -9.888370e-04	 -1.539286e-01	 6.264254e-01	 4.223143e-01	 1.105881e+05	 1.106822e+05	 9.407706e+01	 0	 1.392632e+03	 1.068124e-01	 1.067317e-01	 2.115861e+02	 1.996097e+02	 
 -9.888370e-04	 -1.539286e-01	 6.264254e-01	 4.223143e-01	 1.105881e+05	 1.106822e+05	 9.407706e+01	 0	 1.392632e+03	 1.068124e-01	 1.067317e-01	 2.115861e+02	 1.996097e+02	 
 -9.888370e-04	 -1.539286e-01	 6.264254e-01	 4.223143e-01	 1.105881e+05	 1.106822e+05	 9.407706e+01	 0	 1.392632e+03	 1.068124e-01	 1.067317e-01	 2.115861e+02	 1.996097e+02	 
 -9.888370e-04	 -1.539286e-01	 6.264254e-01	 4.223143e-01	 1.105881e+05	 1.106822e+05	 9.407706e+01	 0	 1.392632e+03	 1.068124e-01	 1.067317e-01	 2.115861e+02	 1.996097e+02	 
 -6.509653e-03	 -2.226259e+00	 2.499104e+00	 5.619914e-01	 1.089183e+05	 1.095587e+05	 6.404036e+02	 0	 1.385538e+04	 1.825018e-01	 1.786110e-01	 6.917912e+02	 6.721310e+02	 
 -6.509653e-03	 -2.226259e+00	 2.499104e+00	 5.619914e-01	 1.089183e+05	 1.095587e+05	 6.404036e+02	 0	 1.385538e+04	 1.825018e-01	 1.786110e-01	 6.917912e+02	 6.721310e+02	 
 -6.509653e-03	 -2.226259e+00	 2.499104e+00	 5.619914e-01	 1.089183e+05	 1.095587e+05	 6.404036e+02	 0	 1.385538e+04	 1.825018e-01	 1.786110e-01	 6.917912e+02	 6.721310e+02	 
 -6.509653e-03	 -2.226259e+00	 2.499104e+00	 5.619914e-01	 1.089183e+05	 1.095587e+05	 6.404036e+02	 0	 1.385538e+04	 1.825018e-01	 1.786110e-01	 6.917912e+02	 6.721310e+02	 
 -6.509653e-03	 -2.226259e+00	 2.499104e+00	 5.619914e-01	 1.089183e+05	 1.095587e+05	 6.404036e+02	 0	 1.385538e+04	 1.825018e-01	 1.786110e-01	 6.917912e+02	 6.721310e+02	 
 -6.509653e-03	 -2.226259e+00	 2.499104e+00	 5.619914e-01	 1.089183e+05	 1.095587e+05	 6.404036e+02	 0	 1.385538e+04	 1.825018e-01	 1.786110e-01	 6.917912e+02	 6.721310e+02	 
 -6.509653e-03	 -2.226259e+00	 2.499104e+00	 5.619914e-01	 1.089183e+05	 1.095587e+05	 6.404036e+02	 0	 1.385538e+04	 1.825018e-01	 1.786110e-01	 6.917912e+02	 6.721310e+02	 
 -6.509653e-03	 -2.226259e+00	 2.499104e+00	 5.619914e-01	 1.089183e+05	 1.095587e+05	 6.404036e+02	 0	 1.385538e+04	 1.825018e-01	 1.786110e-01	 6.917912e+02	 6.721310e+02	 
 -6.509653e-03	 -2.226259e+00	 2.499104e+00	 5.619914e-01	 1.089183e+05	 1.095587e+05	 6.404036e+02	 0	 1.385538e+04	 1.825018e-01	 1.786110e-01	 6.917912e+02	 6.721310e+02	 
 -6.509653e-03	 -2.226259e+00	 2.499104e+00	 5.619914e-01	 1.089183e+05	 1.095587e+05	 6.404036e+02	 0	 1.385538e+04	 1.825018e-01	 1.786110e-01	 6.917912e+02	 6.721310e+02	 
 -6.509653e-03	 -2.226259e+00	 2.499104e+00	 5.619914e-01	 1.089183e+05	 1.095587e+05	 6.404036e+02	 0	 1.385538e+04	 1.825018e-01	 1.786110e-01	 6.917912e+02	 6.721310e+02	 
 -6.509653e-03	 -2.226259e+00	 2.499104e+00	 5.619914e-01	 1.089183e+05	 1.095587e+05	 6.404036e+02	 0	 1.385538e+04	 1.825018e-01	 1.786110e-01	 6.917912e+02	 6.721310e+02	 
 -9.888370e-04	 -1.539286e-01	 6.264254e-01	 4.223143e-01	 1.105881e+05	 1.106822e+05	 9.407706e+01	 0	 1.392632e+03	 1.068124e-01	 1.067317e-01	 2.115861e+02	 1.996097e+02	 
 -9.888370e-04	 -1.539286e-01	 6.264254e-01	 4.223143e-01	 1.105881e+05	 1.106822e+05	 9.407706e+01	 0	 1.392632e+03	 1.068124e-01	 1.067317e-01	 2.115861e+02	 1.996097e+02	 
 -9.888370e-04	 -1.539286e-01	 6.264254e-01	 4.223143e-01	 1.105881e+05	 1.106822e+05	 9.407706e+01	 0	 1.392632e+03	 1.068124e-01	 1.067317e-01	 2.115861e+02	 1.996097e+02	 
 -9.888370e-04	 -1.539286e-01	 6.264254e-01	 4.223143e-01	 1.105881e+05	 1.106822e+05	 9.407706e+01	 0	 1.392632e+03	 1.068124e-01	 1.067317e-01	 2.115861e+02	 1.996097e+02	 
 -9.888370e-04	 -1.539286e-01	 6.264254e-01	 4.223143e-01	 1.105881e+05	 1.106822e+05	 9.407706e+01	 0	 1.392632e+03	 1.068124e-01	 1.067317e-01	 2.115861e+02	 1.996097e+02	 
 -9.888370e-04	 -1.539286e-01	 6.264254e-01	 4.223143e-01	 1.105881e+05	 1.106822e+05	 9.407706e+01	 0	 1.392632e+03	 1.068124e-01	 1.067317e-01	 2.115861e+02	 1.996097e+02	 
 -9.888370e-04	 -1.539286e-01	 6.264254e-01	 4.223143e-01	 1.105881e+05	 1.106822e+05	 9.407706e+01	 0	 1.392632e+03	 1.068124e-01	 1.067317e-01	 2.115861e+02	 1.996097e+02	 
 -9.888370e-04	 -1.539286e-01	 6.264254e-01	 4.223143e-01	 1.105881e+05	 1.106822e+05	 9.407706e+01	 0	 1.392632e+03	 1.068124e-01	 1.067317e-01	 2.115861e+02	 1.996097e+02	 
 -9.888370e-04	 -1.539286e-01	 6.264254e-01	 4.223143e-01	 1.105881e+05	 1.106822e+05	 9.407706e+01	 0	 1.392632e+03	 1.068124e-01	 1.067317e-01	 2.115861e+02	 1.996097e+02	 
 -9.888370e-04	 -1.539286e-01	 6.264254e-01	 4.223143e-01	 1.105881e+05	 1.106822e+05	 9.407706e+01	 0	 1.392632e+03	 1.068124e-01	 1.067317e-01	 2.115861e+02	 1.996097e+02	 
 -9.888370e-04	 -1.539286e-01	 6.264254e-01	 4.223143e-01	 1.105881e+05	 1.106822e+05	 9.407706e+01	 0	 1.392632e+03	 1.068124e-01	 1.067317e-01	 2.115861e+02	 1.996097e+02	 
 -9.888370e-04	 -1.539286e-01	 6.264254e-01	 4.223143e-01	 1.105881e+05	 1.106822e+05	 9.407706e+01	 0	 1.392632e+03	 1.068124e-01	 1.067317e-01	 2.115861e+02	 1.996097e+02	 
 -9.888370e-04	 -1.539286e-01	 6.264254e-01	 4.223143e-01	 1.105881e+05	 1.106822e+05	 9.407706e+01	 0	 1.392632e+03	 1.068124e-01	 1.067317e-01	 2.115861e+02	 1.996097e+02	 
 -9.888370e-04	 -1.539286e-01	 6.264254e-01	 4.223143e-01	 1.105881e+05	 1.106822e+05	 9.407706e+01	 0	 1.392632e+03	 1.068124e-01	 1.067317e-01	 2.115861e+02	 1.996097e+02	 
 -9.888370e-04	 -1.539286e-01	 6.264254e-01	 4.223143e-01	 1.105881e+05	 1.106822e+05	 9.407706e+01	 0	 1.392632e+03	 1.068124e-01	 1.067317e-01	 2.115861e+02	 1.996097e+02	 
 -9.888370e-04	 -1.539286e-01	 6.264254e-01	 4.223143e-01	 1.105881e+05	 1.106822e+05	 9.407706e+01	 0	 1.392632e+03	 1.068124e-01	 1.067317e-01	 2.115861e+02	 1.996097e+02	 
 -9.888370e-04	 -1.539286e-01	 6.264254e-01	 4.223143e-01	 1.105881e+05	 1.106822e+05	 9.407706e+01	 0	 1.392632e+03	 1.068124e-01	 1.067317e-01	 2.115861e+02	 1.996097e+02	 
 -9.888370e-04	 -1.539286e-01	 6.264254e-01	 4.223143e-01	 1.105881e+05	 1.106822e+05	 9.407706e+01	 0	 1.392632e+03	 1.068124e-01	 1.067317e-01	 2.115861e+02	 1.996097e+02	 
 -9.888370e-04	 -1.539286e-01	 6.264254e-01	 4.223143e-01	 1.105881e+05	 1.106822e+05	 9.407706e+01	 0	 1.392632e+03	 1.068124e-01	 1.067317e-01	 2.115861e+02	 1.996097e+02	 
 -9.888370e-04	 -1.539286e-01	 6.264254e-01	 4.223143e-01	 1.105881e+05	 1.106822e+05	 9.407706e+01	 0	 1.392632e+03	 1.068124e-01	 1.067317e-01	 2.115861e+02	 1.996097e+02	 
 -9.888370e-04	 -1.539286e-01	 6.264254e-01	 4.223143e-01	 1.105881e+05	 1.106822e+05	 9.407706e+01	 0	 1.392632e+03	 1.068124e-01	 1.067317e-01	 2.115861e+02	 1.996097e+02	 
 -9.888370e-04	 -1.539286e-01	 6.264254e-01	 4.223143e-01	 1.105881e+05	 1.106822e+05	 9.407706e+01	 0	 1.392632e+03	 1.068124e-01	 1.067317e-01	 2.115861e+02	 1.996097e+02	 
 -9.888370e-04	 -1.539286e-01	 6.264254e-01	 4.223143e-01	 1.105881e+05	 1.106822e+05	 9.407706e+01	 0	 1.392632e+03	 1.068124e-01	 1.067317e-01	 2.115861e+02	 1.996097e+02	 
 -9.888370e-04	 -1.539286e-01	 6.264254e-01	 4.223143e-01	 1.105881e+05	 1.106822e+05	 9.407706e+01	 0	 1.392632e+03	 1.068124e-01	 1.067317e-01	 2.115861e+02	 1.996097e+02	 
 1.610186e-03	 2.050634e-01	 7.648026e-01	 1.137086e-01	 7.231303e+04	 7.220650e+04	 1.065319e+02	 1	 1.405788e+03	 8.582490e-02	 5.006606e+01	 2.550808e+02	 4.181609e+02	 
 1.610186e-03	 2.050634e-01	 7.648026e-01	 1.137086e-01	 7.231303e+04	 7.220650e+04	 1.065319e+02	 1	 1.405788e+03	 8.582490e-02	 5.006606e+01	 2.550808e+02	 4.181609e+02	 
 1.610186e-03	 2.050634e-01	 7.648026e-01	 1.137086e-01	 7.231303e+04	 7.220650e+04	 1.065319e+02	 1	 1.405788e+03	 8.582490e-02	 5.006606e+01	 2.550808e+02	 4.181609e+02	 
 1.610186e-03	 2.050634e-01	 7.648026e-01	 1.137086e-01	 7.231303e+04	 7.220650e+04	 1.065319e+02	 1	 1.405788e+03	 8.582490e-02	 5.006606e+01	 2.550808e+02	 4.181609e+02	 
 1.610186e-03	 2.050634e-01	 7.648026e-01	 1.137086e-01	 7.231303e+04	 7.220650e+04	 1.065319e+02	 1	 1.405788e+03	 8.582490e-02	 5.006606e+01	 2.550808e+02	 4.181609e+02	 
 1.610186e-03	 2.050634e-01	 7.648026e-01	 1.137086e-01	 7.231303e+04	 7.220650e+04	 1.065319e+02	 1	 1.405788e+03	 8.582490e-02	 5.006606e+01	 2.550808e+02	 4.181609e+02	 
 1.542540e-03	 2.059284e-01	 7.621224e-01	 1.148210e-01	 7.230810e+04	 7.220650e+04	 1.016035e+02	 1	 1.406991e+03	 8.504145e-02	 5.178903e+01	 2.615769e+02	 4.255178e+02	 
 1.542540e-03	 2.059284e-01	 7.621224e-01	 1.148210e-01	 7.230810e+04	 7.220650e+04	 1.016035e+02	 1	 1.406991e+03	 8.504145e-02	 5.178903e+01	 2.615769e+02	 4.255178e+02	 
 1.542540e-03	 2.059284e-01	 7.621224e-01	 1.148210e-01	 7.230810e+04	 7.220650e+04	 1.016035e+02	 1	 1.406991e+03	 8.504145e-02	 5.178903e+01	 2.615769e+02	 4.255178e+02	 
 1.542540e-03	 2.059284e-01	 7.621224e-01	 1.148210e-01	 7.230810e+04	 7.220650e+04	 1.016035e+02	 1	 1.406991e+03	 8.504145e-02	 5.178903e+01	 2.615769e+02	 4.255178e+02	 
 1.542540e-03	 2.059284e-01	 7.621224e-01	 1.148210e-01	 7.230810e+04	 7.220650e+04	 1.016035e+02	 1	 1.406991e+03	 8.504145e-02	 5.178903e+01	 2.615769e+02	 4.255178e+02	 
 1.542540e-03	 2.059284e-01	 7.621224e-01	 1.148210e-01	 7.230810e+04	 7.220650e+04	 1.016035e+02	 1	 1.406991e+03	 8.504145e-02	 5.178903e+01	 2.615769e+02	 4.255178e+02	 
 -9.888370e-04	 -1.539286e-01	 6.264254e-01	 4.223143e-01	 1.105881e+05	 1.106822e+05	 9.407706e+01	 0	 1.392632e+03	 1.068124e-01	 1.067317e-01	 2.115861e+02	 1.996097e+02	 
 -9.888370e-04	 -1.539286e-01	 6.264254e-01	 4.223143e-01	 1.105881e+05	 1.106822e+05	 9.407706e+01	 0	 1.392632e+03	 1.068124e-01	 1.067317e-01	 2.115861e+02	 1.996097e+02	 
 -9.888370e-04	 -1.539286e-01	 6.264254e-01	 4.223143e-01	 1.105881e+05	 1.106822e+05	 9.407706e+01	 0	 1.392632e+03	 1.068124e-01	 1.067317e-01	 2.115861e+02	 1.996097e+02	 
 -9.888370e-04	 -1.539286e-01	 6.264254e-01	 4.223143e-01	 1.105881e+05	 1.106822e+05	 9.407706e+01	 0	 1.392632e+03	 1.068124e-01	 1.067317e-01	 2.115861e+02	 1.996097e+02	 
 -9.888370e-04	 -1.539286e-01	 6.264254e-01	 4.223143e-01	 1.105881e+05	 1.106822e+05	 9.407706e+01	 0	 1.392632e+03	 1.068124e-01	 1.067317e-01	 2.115861e+02	 1.996097e+02	 
 -9.888370e-04	 -1.539286e-01	 6.264254e-01	 4.223143e-01	 1.105881e+05	 1.106822e+05	 9.407706e+01	 0	 1.392632e+03	 1.068124e-01	 1.067317e-01	 2.115861e+02	 1.996097e+02	 
 1.351454e-02	 7.319272e-01	 1.143862e-01	 1.746276e-01	 9.803843e+04	 9.677806e+04	 1.260374e+03	 1	 5.440347e+03	 3.500952e-02	 4.535632e+01	 7.961816e+02	 4.769242e+01	 
 1.351454e-02	 7.319272e-01	 1.143862e-01	 1.746276e-01	 9.803843e+04	 9.677806e+04	 1.260374e+03	 1	 5.440347e+03	 3.500952e-02	 4.535632e+01	 7.961816e+02	 4.769242e+01	 
 1.351454e-02	 7.319272e-01	 1.143862e-01	 1.746276e-01	 9.803843e+04	 9.677806e+04	 1.260374e+03	 1	 5.440347e+03	 3.500952e-02	 4.535632e+01	 7.961816e+02	 4.769242e+01	 
 1.351454e-02	 7.319272e-01	 1.143862e-01	 1.746276e-01	 9.803843e+04	 9.677806e+04	 1.260374e+03	 1	 5.440347e+03	 3.500952e-02	 4.535632e+01	 7.961816e+02	 4.769242e+01	 
 1.351454e-02	 7.319272e-01	 1.143862e-01	 1.746276e-01	 9.803843e+04	 9.677806e+04	 1.260374e+03	 1	 5.440347e+03	 3.500952e-02	 4.535632e+01	 7.961816e+02	 4.769242e+01	 
 1.351454e-02	 7.319272e-01	 1.143862e-01	 1.746276e-01	 9.803843e+04	 9.677806e+04	 1.260374e+03	 1	 5.440347e+03	 3.500952e-02	 4.535632e+01	 7.961816e+02	 4.769242e+01	 
 1.344395e-02	 7.138695e-01	 1.169259e-01	 1.844186e-01	 9.803226e+04	 9.677806e+04	 1.254206e+03	 1	 5.424328e+03	 2.910478e-02	 4.457481e+01	 8.962549e+02	 4.566062e+01	 
 1.344395e-02	 7.138695e-01	 1.169259e-01	 1.844186e-01	 9.803226e+04	 9.677806e+04	 1.254206e+03	 1	 5.424328e+03	 2.910478e-02	 4.457481e+01	 8.962549e+02	 4.566062e+01	 
 1.344395e-02	 7.138695e-01	 1.169259e-01	 1.844186e-01	 9.803226e+04	 9.677806e+04	 1.254206e+03	 1	 5.424328e+03	 2.910478e-02	 4.457481e+01	 8.962549e+02	 4.566062e+01	 
 1.344395e-02	 7.138695e-01	 1.169259e-01	 1.844186e-01	 9.803226e+04	 9.677806e+04	 1.254206e+03	 1	 5.424328e+03	 2.910478e-02	 4.457481e+01	 8.962549e+02	 4.566062e+01	 
 1.344395e-02	 7.138695e-01	 1.169259e-01	 1.844186e-01	 9.803226e+04	 9.677806e+04	 1.254206e+03	 1	 5.424328e+03	 2.910478e-02	 4.457481e+01	 8.962549e+02	 4.566062e+01	 
 1.344395e-02	 7.138695e-01	 1.169259e-01	 1.844186e-01	 9.803226e+04	 9.677806e+04	 1.254206e+03	 1	 5.424328e+03	 2.910478e-02	 4.457481e+01	 8.962549e+02	 4.566062e+01	 
 