1.186872e-03	 7.686937e-01	 3.752566e-02	 1.925938e-01	 1.976903e+05	 1.049423e+01	 
 1.397228e-03	 7.716858e-01	 3.416952e-02	 1.927475e-01	 2.094986e+05	 1.071773e+01	 
 4.191401e-03	 7.905577e-01	 1.293188e-02	 1.923190e-01	 2.189698e+05	 1.080022e+01	 
 4.563561e-03	 7.802294e-01	 2.448576e-02	 1.907213e-01	 2.187753e+05	 1.079838e+01	 
 3.279209e-03	 7.910950e-01	 1.235137e-02	 1.932744e-01	 2.154482e+05	 1.063917e+01	 
 1.199487e-04	 7.254915e-01	 8.591742e-02	 1.884712e-01	 2.151504e+05	 1.062675e+01	 
 1.305106e-03	 7.711499e-01	 3.477116e-02	 1.927739e-01	 2.103867e+05	 1.074245e+01	 
 4.110352e-03	 7.919374e-01	 1.138542e-02	 1.925668e-01	 2.182854e+05	 1.075805e+01	 
 4.401198e-03	 7.910166e-01	 1.241072e-02	 1.921715e-01	 2.189693e+05	 1.079269e+01	 
 4.506821e-04	 7.596710e-01	 4.764747e-02	 1.922309e-01	 2.135135e+05	 1.100733e+01	 
 1.947086e-03	 7.798797e-01	 2.496565e-02	 1.932075e-01	 2.130254e+05	 1.069370e+01	 
 3.064984e-04	 7.594098e-01	 4.795026e-02	 1.923334e-01	 1.965274e+05	 1.066937e+01	 
 1.417943e-04	 7.553822e-01	 5.246123e-02	 1.920148e-01	 2.134509e+05	 1.108701e+01	 
 4.735801e-04	 7.599880e-01	 4.729170e-02	 1.922468e-01	 2.135181e+05	 1.100177e+01	 
 2.696025e-03	 7.813720e-01	 2.326705e-02	 1.926650e-01	 2.130212e+05	 1.054356e+01	 
 1.727820e-03	 7.624728e-01	 4.448536e-02	 1.913140e-01	 2.084125e+05	 1.054055e+01	 
 3.329418e-03	 7.867891e-01	 1.717875e-02	 1.927027e-01	 2.182273e+05	 1.080682e+01	 
 7.595320e-04	 7.648407e-01	 4.185427e-02	 1.925455e-01	 1.986828e+05	 1.061759e+01	 
 1.412465e-03	 7.571847e-01	 5.041465e-02	 1.909881e-01	 2.101415e+05	 1.051927e+01	 
 1.728373e-03	 7.772075e-01	 2.796584e-02	 1.930983e-01	 2.129876e+05	 1.072701e+01	 
 8.434864e-04	 7.654676e-01	 4.114796e-02	 1.925410e-01	 2.111744e+05	 1.084435e+01	 
 5.802734e-04	 7.615474e-01	 4.554840e-02	 1.923240e-01	 2.102512e+05	 1.088789e+01	 
 1.349039e-03	 7.701365e-01	 3.590732e-02	 1.926071e-01	 2.066815e+05	 1.068915e+01	 
 2.060547e-03	 7.722491e-01	 3.350855e-02	 1.921818e-01	 2.187385e+05	 1.096833e+01	 
 1.703681e-03	 7.759710e-01	 2.935929e-02	 1.929661e-01	 2.104533e+05	 1.067652e+01	 
 1.488738e-03	 7.718311e-01	 3.400521e-02	 1.926749e-01	 2.076499e+05	 1.068209e+01	 
 5.132184e-04	 7.599954e-01	 4.728094e-02	 1.922105e-01	 2.142749e+05	 1.102523e+01	 
 1.783330e-03	 7.722406e-01	 3.352384e-02	 1.924522e-01	 2.173272e+05	 1.093219e+01	 
 1.484140e-03	 7.716214e-01	 3.424027e-02	 1.926542e-01	 2.067009e+05	 1.066749e+01	 
 8.899746e-04	 7.649698e-01	 4.170748e-02	 1.924327e-01	 2.046920e+05	 1.073029e+01	 
 4.686354e-03	 7.705044e-01	 3.539128e-02	 1.894180e-01	 2.200514e+05	 1.092677e+01	 
 1.030497e-03	 7.675959e-01	 3.876005e-02	 1.926135e-01	 2.103368e+05	 1.079311e+01	 
 1.063072e-03	 7.681857e-01	 3.809905e-02	 1.926522e-01	 1.997540e+05	 1.058153e+01	 
 3.518980e-04	 7.589527e-01	 4.846210e-02	 1.922333e-01	 2.006493e+05	 1.075578e+01	 
 3.586855e-04	 7.321413e-01	 7.846272e-02	 1.890373e-01	 2.145324e+05	 1.058372e+01	 
 4.678523e-03	 7.851634e-01	 1.895613e-02	 1.912019e-01	 2.188563e+05	 1.079142e+01	 
 1.779173e-04	 7.560111e-01	 5.176159e-02	 1.920494e-01	 2.101724e+05	 1.098733e+01	 
 2.395660e-04	 7.568644e-01	 5.080397e-02	 1.920921e-01	 2.101846e+05	 1.097108e+01	 
 2.743503e-05	 7.479007e-01	 6.084702e-02	 1.912248e-01	 2.191206e+05	 1.136844e+01	 
 1.547572e-04	 7.562495e-01	 5.149581e-02	 1.921000e-01	 2.006128e+05	 1.080526e+01	 
 1.338206e-03	 7.702737e-01	 3.575372e-02	 1.926344e-01	 2.047622e+05	 1.065023e+01	 
 1.694237e-03	 7.751043e-01	 3.033183e-02	 1.928696e-01	 2.095449e+05	 1.067017e+01	 
 2.576500e-03	 7.828169e-01	 2.165003e-02	 1.929566e-01	 2.167703e+05	 1.079473e+01	 
 5.137071e-04	 7.597357e-01	 4.758137e-02	 1.921692e-01	 2.065407e+05	 1.084965e+01	 
 2.537976e-04	 7.571150e-01	 5.052383e-02	 1.921074e-01	 2.026258e+05	 1.082620e+01	 
 4.154550e-04	 7.524084e-01	 5.578588e-02	 1.913903e-01	 2.191827e+05	 1.127470e+01	 
 4.966046e-03	 7.798138e-01	 2.495370e-02	 1.902665e-01	 2.202006e+05	 1.089924e+01	 
 3.543961e-04	 7.578223e-01	 4.972008e-02	 1.921032e-01	 2.142432e+05	 1.106393e+01	 
 8.294509e-04	 7.654051e-01	 4.121643e-02	 1.925491e-01	 2.120103e+05	 1.086658e+01	 
 3.035624e-03	 7.841048e-01	 2.019516e-02	 1.926644e-01	 2.181924e+05	 1.083028e+01	 
 2.536865e-03	 7.837475e-01	 2.060821e-02	 1.931075e-01	 2.160739e+05	 1.075970e+01	 
 9.418653e-04	 7.671911e-01	 3.921590e-02	 1.926511e-01	 1.976757e+05	 1.055456e+01	 
 8.833190e-04	 7.658888e-01	 4.067743e-02	 1.925505e-01	 2.007417e+05	 1.064049e+01	 
 1.033927e-04	 7.496873e-01	 5.884225e-02	 1.913671e-01	 2.184263e+05	 1.132231e+01	 
 4.063947e-03	 7.899974e-01	 1.356370e-02	 1.923749e-01	 2.189653e+05	 1.080567e+01	 
 1.218396e-03	 7.654759e-01	 4.113001e-02	 1.921757e-01	 1.986748e+05	 1.047225e+01	 
 1.336934e-03	 7.655543e-01	 4.102893e-02	 1.920798e-01	 2.179378e+05	 1.103626e+01	 
 6.576433e-04	 7.562832e-01	 5.143656e-02	 1.916226e-01	 2.185183e+05	 1.119425e+01	 
 2.934715e-04	 7.574908e-01	 5.009449e-02	 1.921212e-01	 2.134817e+05	 1.104674e+01	 
 1.385182e-04	 7.557789e-01	 5.202362e-02	 1.920590e-01	 2.016130e+05	 1.083292e+01	 
 3.145739e-03	 7.904161e-01	 1.311700e-02	 1.933212e-01	 2.154417e+05	 1.065372e+01	 
 4.301269e-04	 7.546277e-01	 5.329702e-02	 1.916452e-01	 2.177840e+05	 1.121330e+01	 
 3.871755e-04	 7.530780e-01	 5.503530e-02	 1.914995e-01	 2.184736e+05	 1.125332e+01	 
 1.349312e-03	 7.643231e-01	 4.240907e-02	 1.919185e-01	 2.186298e+05	 1.106798e+01	 
 2.287487e-03	 7.780567e-01	 2.699266e-02	 1.926631e-01	 2.174085e+05	 1.086657e+01	 
 1.168902e-03	 7.687966e-01	 3.741265e-02	 1.926218e-01	 2.027821e+05	 1.063415e+01	 
 1.253261e-03	 7.697190e-01	 3.637711e-02	 1.926507e-01	 2.027939e+05	 1.061929e+01	 
 1.446107e-03	 7.694843e-01	 3.662141e-02	 1.924482e-01	 2.165821e+05	 1.094725e+01	 
 9.045132e-05	 7.547981e-01	 5.312280e-02	 1.919886e-01	 2.101551e+05	 1.101108e+01	 
 2.193741e-03	 7.773442e-01	 2.781039e-02	 1.926517e-01	 2.086465e+05	 1.058134e+01	 
 1.810132e-03	 7.782232e-01	 2.682557e-02	 1.931411e-01	 2.130020e+05	 1.071432e+01	 
 1.098391e-03	 7.673051e-01	 3.908593e-02	 1.925106e-01	 2.056887e+05	 1.071284e+01	 
 4.508055e-03	 7.877881e-01	 1.603385e-02	 1.916700e-01	 2.203571e+05	 1.087568e+01	 
 8.745435e-04	 7.667389e-01	 3.972356e-02	 1.926630e-01	 1.955660e+05	 1.051110e+01	 
 1.275781e-03	 7.714406e-01	 3.444226e-02	 1.928414e-01	 2.120971e+05	 1.077887e+01	 
 9.490103e-04	 7.670976e-01	 3.932082e-02	 1.926326e-01	 1.987120e+05	 1.057910e+01	 
 7.323063e-04	 7.636124e-01	 4.323081e-02	 1.924245e-01	 2.102805e+05	 1.085410e+01	 
 2.865397e-04	 7.585715e-01	 4.889048e-02	 1.922515e-01	 1.985998e+05	 1.072442e+01	 
 2.838172e-04	 7.566901e-01	 5.099948e-02	 1.920266e-01	 2.074434e+05	 1.092087e+01	 
 1.351588e-03	 7.707764e-01	 3.518963e-02	 1.926824e-01	 2.018112e+05	 1.057768e+01	 
 5.704099e-04	 7.583850e-01	 4.908238e-02	 1.919622e-01	 2.164229e+05	 1.111618e+01	 
 1.697121e-04	 7.481701e-01	 6.054446e-02	 1.911157e-01	 1.952961e+05	 1.041807e+01	 
 1.738213e-03	 7.687105e-01	 3.748242e-02	 1.920689e-01	 2.186902e+05	 1.101015e+01	 
 2.406688e-04	 7.567573e-01	 5.091786e-02	 1.920842e-01	 2.134710e+05	 1.106050e+01	 
 9.886579e-04	 7.570644e-01	 5.056135e-02	 1.913856e-01	 2.005925e+05	 1.047699e+01	 
 2.071492e-04	 7.556586e-01	 5.215703e-02	 1.919772e-01	 2.064846e+05	 1.092333e+01	 
 3.630889e-03	 7.922340e-01	 1.106505e-02	 1.930700e-01	 2.168929e+05	 1.069772e+01	 
 4.651220e-03	 7.835751e-01	 2.073586e-02	 1.910378e-01	 2.188299e+05	 1.079353e+01	 
 2.633723e-03	 7.732765e-01	 3.234890e-02	 1.917409e-01	 2.209238e+05	 1.100379e+01	 
 8.135320e-04	 7.661519e-01	 4.038295e-02	 1.926517e-01	 1.955590e+05	 1.052555e+01	 
 1.160433e-03	 7.691619e-01	 3.700285e-02	 1.926749e-01	 1.997661e+05	 1.056261e+01	 
 1.101681e-03	 7.677177e-01	 3.862099e-02	 1.925597e-01	 1.966298e+05	 1.047780e+01	 
 1.873487e-04	 7.506930e-01	 5.771302e-02	 1.914066e-01	 2.184403e+05	 1.130110e+01	 
 4.438239e-03	 7.910054e-01	 1.242196e-02	 1.921344e-01	 2.189676e+05	 1.079158e+01	 
 2.013087e-03	 7.796952e-01	 2.516592e-02	 1.931258e-01	 2.145600e+05	 1.074992e+01	 
 3.429146e-03	 7.917870e-01	 1.157151e-02	 1.932124e-01	 2.161791e+05	 1.066998e+01	 
 3.572521e-04	 7.592878e-01	 4.808633e-02	 1.922686e-01	 1.996370e+05	 1.073096e+01	 
 2.353099e-03	 7.836712e-01	 2.070085e-02	 1.932748e-01	 2.146160e+05	 1.070452e+01	 
 2.593234e-03	 7.861062e-01	 1.796998e-02	 1.933306e-01	 2.131079e+05	 1.060111e+01	 
 9.570972e-04	 7.643486e-01	 4.238952e-02	 1.923047e-01	 2.157970e+05	 1.099946e+01	 
 4.291007e-03	 7.921495e-01	 1.114137e-02	 1.924181e-01	 2.182818e+05	 1.074942e+01	 
 3.124678e-04	 7.503215e-01	 5.812825e-02	 1.912378e-01	 2.198838e+05	 1.132268e+01	 
 5.780656e-04	 7.605806e-01	 4.663316e-02	 1.922082e-01	 2.065523e+05	 1.083531e+01	 
 4.994767e-03	 7.834240e-01	 2.090845e-02	 1.906728e-01	 2.202617e+05	 1.088806e+01	 
 1.690688e-03	 7.756740e-01	 2.968077e-02	 1.929546e-01	 2.145024e+05	 1.079770e+01	 
 2.653311e-03	 7.820536e-01	 2.250361e-02	 1.927895e-01	 2.174636e+05	 1.082611e+01	 
 2.524164e-06	 7.538689e-01	 5.416366e-02	 1.919649e-01	 2.118434e+05	 1.107187e+01	 
 8.564696e-04	 7.630370e-01	 4.386194e-02	 1.922446e-01	 2.157781e+05	 1.101976e+01	 
 2.349654e-03	 7.765210e-01	 2.872162e-02	 1.924077e-01	 2.113040e+05	 1.053341e+01	 
 2.018132e-04	 7.566705e-01	 5.101945e-02	 1.921083e-01	 2.118840e+05	 1.101644e+01	 
 1.058665e-04	 7.497169e-01	 5.880894e-02	 1.913683e-01	 2.184267e+05	 1.132168e+01	 
 1.003676e-03	 7.639256e-01	 4.286222e-02	 1.922085e-01	 2.165026e+05	 1.102595e+01	 
 6.697689e-04	 7.621539e-01	 4.486792e-02	 1.923084e-01	 2.046540e+05	 1.077480e+01	 
 3.021201e-03	 7.895160e-01	 1.412982e-02	 1.933330e-01	 2.154309e+05	 1.066694e+01	 
 2.397033e-03	 7.840825e-01	 2.024686e-02	 1.932736e-01	 2.122714e+05	 1.060171e+01	 
 5.848585e-04	 7.612093e-01	 4.592792e-02	 1.922779e-01	 2.093528e+05	 1.087550e+01	 
 1.396421e-04	 7.547515e-01	 5.317511e-02	 1.919338e-01	 2.064721e+05	 1.094085e+01	 
 2.591550e-04	 7.534779e-01	 5.458956e-02	 1.916734e-01	 2.170606e+05	 1.122287e+01	 
 9.775271e-05	 7.564860e-01	 5.123145e-02	 1.921848e-01	 1.964886e+05	 1.072307e+01	 
 8.157568e-04	 7.647006e-01	 4.200204e-02	 1.924816e-01	 2.135868e+05	 1.092408e+01	 
 1.529998e-03	 7.625167e-01	 4.443374e-02	 1.915196e-01	 2.207845e+05	 1.112631e+01	 
 8.242731e-05	 7.549930e-01	 5.290204e-02	 1.920225e-01	 2.118597e+05	 1.104914e+01	 
 3.477545e-03	 7.898497e-01	 1.374331e-02	 1.929295e-01	 2.175667e+05	 1.075328e+01	 
 4.128342e-03	 7.903005e-01	 1.322203e-02	 1.923491e-01	 2.189679e+05	 1.080284e+01	 
 1.437276e-03	 7.724001e-01	 3.335622e-02	 1.928064e-01	 2.144552e+05	 1.083906e+01	 
 4.766808e-03	 7.726451e-01	 3.299062e-02	 1.895975e-01	 2.200850e+05	 1.092056e+01	 
 2.382561e-03	 7.839979e-01	 2.033394e-02	 1.932856e-01	 2.146206e+05	 1.070078e+01	 
 4.476701e-03	 7.877229e-01	 1.610781e-02	 1.916925e-01	 2.203573e+05	 1.087614e+01	 
 3.501528e-03	 7.822586e-01	 2.225796e-02	 1.919819e-01	 2.203032e+05	 1.091236e+01	 
 3.618205e-03	 7.493196e-01	 5.915672e-02	 1.879055e-01	 2.197296e+05	 1.098686e+01	 
 2.699935e-03	 7.863275e-01	 1.771819e-02	 1.932544e-01	 2.131075e+05	 1.058267e+01	 
 2.309695e-03	 7.763948e-01	 2.886795e-02	 1.924276e-01	 2.104356e+05	 1.054327e+01	 
 7.124314e-04	 7.632175e-01	 4.367502e-02	 1.923950e-01	 2.027082e+05	 1.072148e+01	 
 9.590723e-05	 7.554349e-01	 5.240995e-02	 1.920592e-01	 2.006018e+05	 1.082086e+01	 
 1.149298e-03	 7.128074e-01	 1.001369e-01	 1.859064e-01	 2.192007e+05	 1.109455e+01	 
 9.031525e-04	 7.669732e-01	 3.946032e-02	 1.926634e-01	 1.955686e+05	 1.050392e+01	 
 5.179597e-04	 7.593792e-01	 4.797029e-02	 1.921325e-01	 2.150026e+05	 1.105880e+01	 
 1.507878e-03	 7.720403e-01	 3.377041e-02	 1.926814e-01	 2.076527e+05	 1.067908e+01	 
 6.759453e-04	 7.640461e-01	 4.274644e-02	 1.925315e-01	 1.976354e+05	 1.061029e+01	 
 3.311182e-04	 7.511132e-01	 5.724284e-02	 1.913128e-01	 1.953369e+05	 1.042009e+01	 
 2.130175e-03	 7.790763e-01	 2.585421e-02	 1.929394e-01	 2.160082e+05	 1.080935e+01	 
 1.165703e-03	 7.687607e-01	 3.745300e-02	 1.926206e-01	 2.027816e+05	 1.063471e+01	 
 2.644235e-03	 7.863031e-01	 1.774751e-02	 1.933051e-01	 2.131093e+05	 1.059286e+01	 
 3.890175e-04	 7.521961e-01	 5.602815e-02	 1.913868e-01	 1.953520e+05	 1.042098e+01	 
 1.409392e-03	 7.636461e-01	 4.316742e-02	 1.917771e-01	 2.193365e+05	 1.109012e+01	 
 8.277560e-04	 7.639469e-01	 4.285522e-02	 1.923701e-01	 2.056435e+05	 1.076376e+01	 
 5.587064e-04	 7.599266e-01	 4.735587e-02	 1.921589e-01	 2.150106e+05	 1.104931e+01	 
 9.227320e-04	 7.671231e-01	 3.929227e-02	 1.926619e-01	 1.966273e+05	 1.053057e+01	 
 9.477176e-04	 7.658934e-01	 4.066043e-02	 1.924985e-01	 2.143609e+05	 1.093006e+01	 
 8.026911e-05	 7.540888e-01	 5.391889e-02	 1.919120e-01	 2.083381e+05	 1.098827e+01	 
 1.575956e-03	 7.713264e-01	 3.456754e-02	 1.925301e-01	 2.018112e+05	 1.052715e+01	 
 1.283222e-03	 7.696694e-01	 3.643216e-02	 1.926152e-01	 2.047544e+05	 1.065943e+01	 
 1.773103e-03	 7.743539e-01	 3.117153e-02	 1.927014e-01	 2.067350e+05	 1.062324e+01	 
 1.943649e-03	 7.797824e-01	 2.507776e-02	 1.931962e-01	 2.122150e+05	 1.066927e+01	 
 1.909433e-03	 7.679356e-01	 3.835986e-02	 1.917951e-01	 2.066213e+05	 1.054628e+01	 
 2.645067e-03	 7.867264e-01	 1.726860e-02	 1.933599e-01	 2.146578e+05	 1.066861e+01	 
 7.804280e-05	 7.493832e-01	 5.918366e-02	 1.913551e-01	 2.184220e+05	 1.132886e+01	 
 1.372184e-03	 7.722065e-01	 3.357674e-02	 1.928446e-01	 2.136957e+05	 1.081631e+01	 
 2.010196e-03	 7.805268e-01	 2.424192e-02	 1.932211e-01	 2.122253e+05	 1.065935e+01	 
 4.467867e-03	 7.905531e-01	 1.292239e-02	 1.920566e-01	 2.182469e+05	 1.074194e+01	 
 3.474340e-03	 7.879471e-01	 1.586688e-02	 1.927117e-01	 2.153854e+05	 1.060067e+01	 
 7.903753e-04	 7.647434e-01	 4.196069e-02	 1.925055e-01	 2.111640e+05	 1.085560e+01	 
 9.895617e-04	 7.670555e-01	 3.936658e-02	 1.925884e-01	 2.103292e+05	 1.080110e+01	 
 8.109510e-04	 7.639703e-01	 4.282930e-02	 1.923894e-01	 2.046785e+05	 1.074581e+01	 
 2.876209e-04	 7.574096e-01	 5.018569e-02	 1.921171e-01	 2.134805e+05	 1.104825e+01	 
 2.878444e-03	 7.859983e-01	 1.807619e-02	 1.930470e-01	 2.168139e+05	 1.076342e+01	 
 5.337681e-04	 7.537717e-01	 5.425513e-02	 1.914394e-01	 2.192015e+05	 1.124885e+01	 
 1.111757e-03	 7.679225e-01	 3.839361e-02	 1.925721e-01	 2.037564e+05	 1.066705e+01	 
 7.364663e-04	 7.626387e-01	 4.432330e-02	 1.923016e-01	 2.065804e+05	 1.080158e+01	 
 7.879288e-04	 7.611762e-01	 4.594883e-02	 1.920870e-01	 2.164631e+05	 1.106911e+01	 
 2.011241e-03	 7.806329e-01	 2.412002e-02	 1.932359e-01	 2.130359e+05	 1.068428e+01	 
 2.561401e-04	 7.505640e-01	 5.785675e-02	 1.913231e-01	 2.191573e+05	 1.131145e+01	 
 2.723503e-05	 7.470908e-01	 6.175566e-02	 1.911263e-01	 2.198398e+05	 1.139194e+01	 
 1.620886e-03	 7.724712e-01	 3.328417e-02	 1.926238e-01	 2.028246e+05	 1.055218e+01	 
 1.336431e-03	 7.722412e-01	 3.354358e-02	 1.928788e-01	 2.121086e+05	 1.076796e+01	 
 3.167304e-04	 7.581991e-01	 4.930535e-02	 1.921789e-01	 2.110701e+05	 1.096633e+01	 
 4.721221e-04	 7.579900e-01	 4.952768e-02	 1.920102e-01	 2.157050e+05	 1.110446e+01	 
 1.778394e-03	 7.738624e-01	 3.172186e-02	 1.926374e-01	 2.048041e+05	 1.057726e+01	 
 2.943531e-03	 7.879653e-01	 1.586974e-02	 1.932214e-01	 2.161315e+05	 1.071628e+01	 
 1.089310e-03	 7.511926e-01	 5.714155e-02	 1.905765e-01	 2.063728e+05	 1.053684e+01	 
 1.214607e-03	 7.701084e-01	 3.593192e-02	 1.927451e-01	 2.136653e+05	 1.084473e+01	 
 1.396649e-04	 7.542776e-01	 5.369695e-02	 1.918858e-01	 2.149283e+05	 1.115398e+01	 
 3.800637e-03	 7.524790e-01	 5.561177e-02	 1.881086e-01	 2.197766e+05	 1.097794e+01	 
 1.664325e-03	 7.721746e-01	 3.360087e-02	 1.925603e-01	 2.166205e+05	 1.091280e+01	 
 3.976299e-04	 7.593117e-01	 4.805894e-02	 1.922318e-01	 2.016608e+05	 1.076829e+01	 
 3.692158e-03	 7.876738e-01	 1.617862e-02	 1.924554e-01	 2.189400e+05	 1.082486e+01	 
 9.840360e-04	 7.659076e-01	 4.065446e-02	 1.924539e-01	 2.056700e+05	 1.073371e+01	 
 2.562135e-03	 7.843482e-01	 1.994365e-02	 1.931460e-01	 2.122693e+05	 1.057068e+01	 
 2.158386e-03	 7.717956e-01	 3.402065e-02	 1.920254e-01	 2.112300e+05	 1.052420e+01	 
 2.555269e-03	 7.774547e-01	 2.766194e-02	 1.923281e-01	 2.188088e+05	 1.091366e+01	 
 2.145567e-04	 7.567730e-01	 5.090575e-02	 1.921067e-01	 2.110496e+05	 1.099291e+01	 
 2.437244e-03	 7.824010e-01	 2.213265e-02	 1.930291e-01	 2.114023e+05	 1.056840e+01	 
 5.871542e-04	 7.626283e-01	 4.433752e-02	 1.924470e-01	 1.986537e+05	 1.065436e+01	 
 1.750474e-04	 7.565296e-01	 5.118143e-02	 1.921139e-01	 2.006166e+05	 1.079998e+01	 
 1.867378e-03	 7.715419e-01	 3.431952e-02	 1.922712e-01	 2.047617e+05	 1.054148e+01	 
 7.724369e-04	 7.631012e-01	 4.380416e-02	 1.923222e-01	 2.065867e+05	 1.079422e+01	 
 3.925515e-04	 7.588656e-01	 4.855143e-02	 1.921904e-01	 2.135017e+05	 1.102163e+01	 
 3.912707e-04	 7.569223e-01	 5.072626e-02	 1.919601e-01	 2.156895e+05	 1.112385e+01	 
 1.054386e-03	 7.651123e-01	 4.154086e-02	 1.922925e-01	 1.965897e+05	 1.045541e+01	 
 8.402964e-05	 7.344042e-01	 7.597991e-02	 1.895319e-01	 2.080022e+05	 1.053648e+01	 
 3.279275e-03	 7.897467e-01	 1.386379e-02	 1.931103e-01	 2.168635e+05	 1.072661e+01	 
 7.629090e-04	 7.630091e-01	 4.390761e-02	 1.923204e-01	 2.075306e+05	 1.081239e+01	 
 3.272056e-03	 7.896858e-01	 1.393225e-02	 1.931099e-01	 2.168627e+05	 1.072723e+01	 
 1.482959e-05	 7.530675e-01	 5.506497e-02	 1.918527e-01	 2.064489e+05	 1.097455e+01	 
 2.039092e-03	 7.794000e-01	 2.550859e-02	 1.930523e-01	 2.104985e+05	 1.062533e+01	 
 1.899223e-04	 7.575001e-01	 5.009313e-02	 1.922169e-01	 1.975488e+05	 1.072429e+01	 
 5.755946e-05	 7.531668e-01	 5.494387e-02	 1.918318e-01	 2.149121e+05	 1.117648e+01	 
 1.819850e-03	 7.604007e-01	 4.677510e-02	 1.910043e-01	 2.134715e+05	 1.053169e+01	 
 1.114007e-03	 7.687560e-01	 3.744996e-02	 1.926800e-01	 2.136457e+05	 1.086371e+01	 
 1.721214e-03	 7.667240e-01	 3.972153e-02	 1.918333e-01	 2.046872e+05	 1.052820e+01	 
 1.062058e-03	 7.680543e-01	 3.823768e-02	 1.926460e-01	 2.136355e+05	 1.087377e+01	 
 2.959191e-03	 7.892662e-01	 1.441246e-02	 1.933622e-01	 2.146898e+05	 1.063108e+01	 
 3.269297e-03	 7.804092e-01	 2.433653e-02	 1.919850e-01	 2.202809e+05	 1.092631e+01	 
 4.144493e-03	 7.846214e-01	 1.959729e-02	 1.916369e-01	 2.210562e+05	 1.091868e+01	 
 2.188370e-03	 7.739164e-01	 3.165117e-02	 1.922440e-01	 2.085883e+05	 1.055737e+01	 
 5.168147e-04	 7.619725e-01	 4.507380e-02	 1.924369e-01	 1.976082e+05	 1.064535e+01	 
 1.290493e-03	 7.681047e-01	 3.818308e-02	 1.924217e-01	 1.987147e+05	 1.048541e+01	 
 4.690708e-03	 7.864732e-01	 1.748888e-02	 1.913472e-01	 2.188786e+05	 1.078984e+01	 
 3.280286e-05	 7.558569e-01	 5.193776e-02	 1.921725e-01	 1.954247e+05	 1.071435e+01	 
 2.879237e-03	 7.820755e-01	 2.246782e-02	 1.925774e-01	 2.138079e+05	 1.055318e+01	 
 8.224869e-04	 7.637767e-01	 4.304614e-02	 1.923547e-01	 2.075411e+05	 1.080029e+01	 
 3.314636e-03	 7.807807e-01	 2.391899e-02	 1.919856e-01	 2.202855e+05	 1.092343e+01	 
 2.631274e-04	 7.535281e-01	 5.453321e-02	 1.916756e-01	 2.170613e+05	 1.122188e+01	 
 2.759730e-03	 7.776586e-01	 2.742977e-02	 1.921519e-01	 2.195237e+05	 1.093081e+01	 
 1.626758e-04	 7.480441e-01	 6.068587e-02	 1.911074e-01	 1.952943e+05	 1.041799e+01	 
 3.731188e-03	 7.797685e-01	 2.501591e-02	 1.914844e-01	 2.166709e+05	 1.065285e+01	 
 2.058917e-03	 7.811814e-01	 2.350399e-02	 1.932556e-01	 2.130436e+05	 1.067737e+01	 
 1.585358e-03	 7.712057e-01	 3.468872e-02	 1.925202e-01	 2.166067e+05	 1.092496e+01	 
 2.561388e-04	 7.472171e-01	 6.161137e-02	 1.909154e-01	 1.973796e+05	 1.043970e+01	 
 1.808645e-03	 7.670259e-01	 3.938140e-02	 1.917841e-01	 2.056549e+05	 1.053806e+01	 
 8.052279e-04	 7.613974e-01	 4.570049e-02	 1.920968e-01	 2.164662e+05	 1.106553e+01	 
 1.284631e-03	 7.700478e-01	 3.600791e-02	 1.926597e-01	 2.027981e+05	 1.061382e+01	 
 3.824580e-03	 7.827694e-01	 2.168087e-02	 1.917251e-01	 2.210377e+05	 1.092944e+01	 
 3.402453e-04	 7.525191e-01	 5.566284e-02	 1.914778e-01	 2.184658e+05	 1.126421e+01	 
 2.434601e-04	 7.571768e-01	 5.045263e-02	 1.921271e-01	 2.110554e+05	 1.098529e+01	 
 2.036016e-03	 7.682731e-01	 3.796434e-02	 1.917265e-01	 2.120111e+05	 1.051763e+01	 
 1.389181e-03	 7.709043e-01	 3.504503e-02	 1.926615e-01	 2.008036e+05	 1.054322e+01	 
 6.980259e-04	 7.640645e-01	 4.272553e-02	 1.925119e-01	 1.986727e+05	 1.063047e+01	 
 8.080564e-04	 7.649550e-01	 4.172555e-02	 1.925114e-01	 2.007294e+05	 1.065546e+01	 
 1.776600e-03	 7.713981e-01	 3.448266e-02	 1.923426e-01	 2.037871e+05	 1.053405e+01	 
 1.144280e-04	 7.507476e-01	 5.765318e-02	 1.914848e-01	 2.177292e+05	 1.129052e+01	 
 5.929139e-04	 7.617197e-01	 4.535493e-02	 1.923324e-01	 2.102536e+05	 1.088500e+01	 
 1.840503e-04	 7.506536e-01	 5.775734e-02	 1.914050e-01	 2.184398e+05	 1.130192e+01	 
 2.194726e-05	 7.537176e-01	 5.433630e-02	 1.919242e-01	 2.035646e+05	 1.090968e+01	 
 1.239858e-03	 7.592138e-01	 4.814786e-02	 1.913985e-01	 2.026204e+05	 1.049939e+01	 
 1.887129e-03	 7.779570e-01	 2.712939e-02	 1.930265e-01	 2.104799e+05	 1.064833e+01	 
 1.808821e-03	 7.694940e-01	 3.660258e-02	 1.920946e-01	 2.187009e+05	 1.100054e+01	 
 1.085397e-03	 7.638034e-01	 4.299717e-02	 1.921140e-01	 2.172078e+05	 1.104550e+01	 
 4.447207e-03	 7.910407e-01	 1.237721e-02	 1.921349e-01	 2.182562e+05	 1.074277e+01	 
 1.740824e-03	 7.743407e-01	 3.117150e-02	 1.927470e-01	 2.159408e+05	 1.086395e+01	 
 1.245184e-03	 7.698705e-01	 3.619589e-02	 1.926884e-01	 2.144186e+05	 1.087291e+01	 
 1.892969e-03	 7.792325e-01	 2.569234e-02	 1.931822e-01	 2.130163e+05	 1.070175e+01	 
 5.195491e-04	 7.557210e-01	 5.206945e-02	 1.916900e-01	 2.177995e+05	 1.119307e+01	 
 8.044056e-04	 7.580098e-01	 4.949800e-02	 1.916878e-01	 2.185423e+05	 1.116464e+01	 
 2.666499e-03	 7.821932e-01	 2.234683e-02	 1.927935e-01	 2.174656e+05	 1.082475e+01	 
 1.747755e-03	 7.739807e-01	 3.159026e-02	 1.926813e-01	 2.057740e+05	 1.060692e+01	 
 1.694786e-03	 7.731788e-01	 3.248969e-02	 1.926367e-01	 2.038201e+05	 1.056598e+01	 
 2.921363e-03	 7.791773e-01	 2.572356e-02	 1.921778e-01	 2.195434e+05	 1.091717e+01	 
 3.142445e-03	 7.831348e-01	 2.128075e-02	 1.924420e-01	 2.188836e+05	 1.086191e+01	 
 8.558331e-04	 7.646534e-01	 4.205234e-02	 1.924384e-01	 2.143428e+05	 1.094897e+01	 
 1.187128e-03	 7.694026e-01	 3.673245e-02	 1.926778e-01	 1.997690e+05	 1.055734e+01	 
 1.866733e-03	 7.715042e-01	 3.436177e-02	 1.922673e-01	 2.047611e+05	 1.054130e+01	 
 2.122414e-04	 7.557269e-01	 5.208037e-02	 1.919804e-01	 2.064856e+05	 1.092203e+01	 
 8.205459e-04	 7.651551e-01	 4.149866e-02	 1.925257e-01	 2.111699e+05	 1.084918e+01	 
 1.717524e-03	 7.647964e-01	 4.188184e-02	 1.916042e-01	 2.056212e+05	 1.053524e+01	 
 1.377061e-03	 7.646399e-01	 4.205342e-02	 1.919297e-01	 2.186342e+05	 1.106356e+01	 
 3.218988e-03	 7.878928e-01	 1.593900e-02	 1.929492e-01	 2.146554e+05	 1.058501e+01	 
 2.490186e-03	 7.832300e-01	 2.118943e-02	 1.930904e-01	 2.160666e+05	 1.076505e+01	 
 3.260502e-04	 7.583289e-01	 4.915958e-02	 1.921854e-01	 2.110720e+05	 1.096396e+01	 
 1.206259e-04	 7.544956e-01	 5.346231e-02	 1.919215e-01	 2.074130e+05	 1.096288e+01	 
 4.867289e-03	 7.757008e-01	 2.956429e-02	 1.898676e-01	 2.201336e+05	 1.091158e+01	 
 3.011571e-03	 7.886051e-01	 1.515069e-02	 1.932326e-01	 2.161400e+05	 1.070952e+01	 
 4.679280e-03	 7.852210e-01	 1.889166e-02	 1.912081e-01	 2.188573e+05	 1.079135e+01	 
 4.643084e-04	 7.612699e-01	 4.586233e-02	 1.924034e-01	 1.975989e+05	 1.065735e+01	 
 5.528388e-04	 7.561274e-01	 5.161325e-02	 1.917065e-01	 2.178052e+05	 1.118571e+01	 
 5.547085e-04	 7.615037e-01	 4.559663e-02	 1.923450e-01	 2.111176e+05	 1.090826e+01	 
 1.803557e-03	 7.665370e-01	 3.991950e-02	 1.917399e-01	 2.201020e+05	 1.106415e+01	 
 5.237453e-04	 7.604913e-01	 4.673428e-02	 1.922506e-01	 2.036568e+05	 1.078463e+01	 
 3.535927e-03	 7.922312e-01	 1.106979e-02	 1.931631e-01	 2.161826e+05	 1.065989e+01	 
 2.593026e-04	 7.576885e-01	 4.988091e-02	 1.921713e-01	 2.006322e+05	 1.077851e+01	 
 2.173589e-04	 7.520158e-01	 5.622939e-02	 1.915375e-01	 2.177471e+05	 1.126431e+01	 
 1.215314e-03	 7.689006e-01	 3.729525e-02	 1.925888e-01	 2.047443e+05	 1.067099e+01	 
 4.348646e-03	 7.855298e-01	 1.857388e-02	 1.915476e-01	 2.210634e+05	 1.091408e+01	 
 1.308310e-03	 7.703918e-01	 3.562165e-02	 1.926782e-01	 2.018066e+05	 1.058554e+01	 
 1.933511e-03	 7.787210e-01	 2.625969e-02	 1.930858e-01	 2.145461e+05	 1.076125e+01	 
 7.191519e-04	 7.612401e-01	 4.587924e-02	 1.921615e-01	 2.157520e+05	 1.104868e+01	 
 1.000864e-03	 7.670715e-01	 3.934718e-02	 1.925804e-01	 1.955663e+05	 1.047014e+01	 
 8.963486e-04	 7.635574e-01	 4.327778e-02	 1.922685e-01	 2.157856e+05	 1.101163e+01	 
 7.960994e-04	 7.642908e-01	 4.247035e-02	 1.924427e-01	 2.027226e+05	 1.070438e+01	 
 1.184552e-03	 7.669131e-01	 3.952040e-02	 1.923820e-01	 1.976616e+05	 1.047177e+01	 
 7.180846e-05	 7.548592e-01	 5.305568e-02	 1.920133e-01	 2.016006e+05	 1.085074e+01	 
 1.137747e-03	 7.653051e-01	 4.132300e-02	 1.922341e-01	 1.976374e+05	 1.046376e+01	 
 2.275378e-03	 7.786604e-01	 2.633259e-02	 1.927316e-01	 2.095818e+05	 1.057437e+01	 
 4.981693e-04	 7.614482e-01	 4.566192e-02	 1.923917e-01	 1.986381e+05	 1.067424e+01	 
 4.829521e-03	 7.873587e-01	 1.649898e-02	 1.913128e-01	 2.196069e+05	 1.083517e+01	 
 2.404765e-03	 7.809125e-01	 2.378883e-02	 1.928939e-01	 2.167438e+05	 1.081410e+01	 
 2.664890e-04	 7.574476e-01	 5.014531e-02	 1.921406e-01	 2.127019e+05	 1.102430e+01	 
 1.246737e-03	 7.690514e-01	 3.712573e-02	 1.925762e-01	 2.076129e+05	 1.072176e+01	 
 2.020307e-03	 7.750114e-01	 3.041259e-02	 1.925557e-01	 2.173661e+05	 1.089982e+01	 
 2.194249e-03	 7.770045e-01	 2.817430e-02	 1.926269e-01	 2.173939e+05	 1.087780e+01	 
 4.186583e-05	 7.546844e-01	 5.325218e-02	 1.920216e-01	 2.005917e+05	 1.083552e+01	 
 4.656732e-04	 7.540111e-01	 5.398761e-02	 1.915356e-01	 2.184866e+05	 1.123554e+01	 
 1.678421e-03	 7.707675e-01	 3.519144e-02	 1.923627e-01	 2.027940e+05	 1.052430e+01	 
 3.759120e-03	 7.680459e-01	 3.815057e-02	 1.900444e-01	 2.178834e+05	 1.075806e+01	 
 5.969974e-04	 7.617754e-01	 4.529246e-02	 1.923351e-01	 2.102544e+05	 1.088408e+01	 
 4.440511e-03	 7.848299e-01	 1.933188e-02	 1.913977e-01	 2.181483e+05	 1.074209e+01	 
 5.787429e-04	 7.614414e-01	 4.566027e-02	 1.923195e-01	 2.135393e+05	 1.097686e+01	 
 1.171606e-03	 7.688942e-01	 3.730292e-02	 1.926313e-01	 2.094602e+05	 1.075697e+01	 
 1.643278e-04	 7.494969e-01	 5.905484e-02	 1.912839e-01	 2.191426e+05	 1.133370e+01	 
 9.535505e-04	 7.662591e-01	 4.026112e-02	 1.925262e-01	 2.027488e+05	 1.067363e+01	 
 2.474670e-04	 7.413197e-01	 6.822363e-02	 1.902092e-01	 2.023641e+05	 1.049362e+01	 
 8.042394e-04	 7.641395e-01	 4.263983e-02	 1.924164e-01	 2.037060e+05	 1.072521e+01	 
 1.216036e-03	 7.694824e-01	 3.664286e-02	 1.926587e-01	 2.017954e+05	 1.060215e+01	 
 1.183968e-03	 7.693009e-01	 3.684597e-02	 1.926691e-01	 1.987384e+05	 1.053060e+01	 
 6.844772e-04	 7.544853e-01	 5.345297e-02	 1.913773e-01	 2.199403e+05	 1.124343e+01	 
 1.976366e-03	 7.759426e-01	 2.936990e-02	 1.927111e-01	 2.166740e+05	 1.086798e+01	 
 1.715772e-03	 7.766680e-01	 2.856819e-02	 1.930480e-01	 2.137599e+05	 1.075938e+01	 
 2.148783e-03	 7.750856e-01	 3.034252e-02	 1.924231e-01	 2.076778e+05	 1.056945e+01	 
 4.995015e-03	 7.824624e-01	 2.198567e-02	 1.905569e-01	 2.202451e+05	 1.089107e+01	 
 1.859306e-03	 7.735619e-01	 3.205651e-02	 1.925223e-01	 2.047958e+05	 1.055881e+01	 
 3.269028e-04	 7.573995e-01	 5.020352e-02	 1.920701e-01	 2.055543e+05	 1.087385e+01	 
 9.586148e-05	 7.542945e-01	 5.368820e-02	 1.919215e-01	 2.055117e+05	 1.093279e+01	 
 1.934497e-03	 7.235637e-01	 8.806252e-02	 1.864393e-01	 2.193541e+05	 1.106153e+01	 
 5.675675e-04	 7.632286e-01	 4.366467e-02	 1.925392e-01	 1.955218e+05	 1.058107e+01	 
 6.371549e-05	 7.475057e-01	 6.128989e-02	 1.911407e-01	 2.198454e+05	 1.138263e+01	 
 1.305914e-03	 7.612819e-01	 4.582107e-02	 1.915912e-01	 2.200319e+05	 1.113427e+01	 
 3.734846e-03	 7.916510e-01	 1.171666e-02	 1.928975e-01	 2.175879e+05	 1.073487e+01	 
 5.063838e-04	 7.575603e-01	 5.000820e-02	 1.919251e-01	 2.164110e+05	 1.113077e+01	 
 2.514598e-03	 7.736413e-01	 3.194029e-02	 1.919038e-01	 2.201953e+05	 1.098582e+01	 
 1.147360e-04	 7.532592e-01	 5.483836e-02	 1.917877e-01	 2.156363e+05	 1.119473e+01	 
 1.448824e-03	 7.709681e-01	 3.497194e-02	 1.926111e-01	 2.008023e+05	 1.052854e+01	 
 2.136009e-03	 7.801611e-01	 2.465327e-02	 1.930496e-01	 2.105076e+05	 1.061038e+01	 
 5.647202e-05	 7.500324e-01	 5.845620e-02	 1.914550e-01	 2.177191e+05	 1.130575e+01	 
 1.594078e-03	 7.643487e-01	 4.237709e-02	 1.916801e-01	 2.200729e+05	 1.109198e+01	 
 1.274181e-04	 7.566244e-01	 5.107578e-02	 1.921723e-01	 1.975371e+05	 1.074064e+01	 
 6.022070e-04	 7.620386e-01	 4.499855e-02	 1.923607e-01	 2.016975e+05	 1.072196e+01	 
 4.977624e-04	 7.413276e-01	 6.820952e-02	 1.899651e-01	 2.090155e+05	 1.052669e+01	 
 1.463052e-03	 7.727367e-01	 3.297836e-02	 1.928219e-01	 2.144601e+05	 1.083468e+01	 
 6.876981e-04	 7.647303e-01	 4.197899e-02	 1.926030e-01	 1.955411e+05	 1.055400e+01	 
 1.017411e-03	 7.674234e-01	 3.895365e-02	 1.926055e-01	 2.103344e+05	 1.079565e+01	 
 3.989333e-03	 7.896024e-01	 1.400864e-02	 1.923996e-01	 2.189614e+05	 1.080914e+01	 
 3.020990e-03	 7.820162e-01	 2.253756e-02	 1.924252e-01	 2.188691e+05	 1.087154e+01	 
 8.707301e-04	 7.649810e-01	 4.169531e-02	 1.924529e-01	 2.037173e+05	 1.071206e+01	 
 1.948777e-03	 7.743343e-01	 3.118904e-02	 1.925279e-01	 2.057717e+05	 1.056993e+01	 
 1.645132e-03	 7.574344e-01	 5.010287e-02	 1.908176e-01	 2.134267e+05	 1.053057e+01	 
 1.209307e-03	 7.685709e-01	 3.765200e-02	 1.925678e-01	 2.151361e+05	 1.091532e+01	 
 1.556823e-03	 7.735686e-01	 3.205592e-02	 1.928186e-01	 2.095243e+05	 1.069168e+01	 
 6.802517e-04	 7.646405e-01	 4.207988e-02	 1.925994e-01	 1.955400e+05	 1.055567e+01	 
 3.375669e-04	 7.575917e-01	 4.997896e-02	 1.920918e-01	 2.142399e+05	 1.106816e+01	 
 4.415272e-04	 7.600271e-01	 4.725223e-02	 1.922791e-01	 2.119326e+05	 1.095507e+01	 
 4.591056e-04	 7.569506e-01	 5.069275e-02	 1.918976e-01	 2.164023e+05	 1.114176e+01	 
 3.134917e-04	 7.592150e-01	 4.816853e-02	 1.923030e-01	 1.975716e+05	 1.069322e+01	 
 4.966525e-04	 7.617037e-01	 4.537557e-02	 1.924241e-01	 1.976046e+05	 1.064993e+01	 
 1.896209e-03	 7.675910e-01	 3.874633e-02	 1.917665e-01	 2.066160e+05	 1.054578e+01	 
 3.021746e-04	 7.564730e-01	 5.123258e-02	 1.919922e-01	 2.149603e+05	 1.111145e+01	 
 3.484308e-03	 7.889602e-01	 1.473241e-02	 1.928231e-01	 2.154027e+05	 1.060436e+01	 
 3.673060e-03	 7.921917e-01	 1.110835e-02	 1.930269e-01	 2.161765e+05	 1.064570e+01	 
 2.974330e-03	 7.869191e-01	 1.704151e-02	 1.930650e-01	 2.138887e+05	 1.057319e+01	 
 6.028039e-04	 7.623125e-01	 4.469146e-02	 1.923933e-01	 2.006943e+05	 1.069839e+01	 
 2.228419e-03	 7.813589e-01	 2.329424e-02	 1.931185e-01	 2.153195e+05	 1.075835e+01	 
 4.562163e-04	 7.601393e-01	 4.712787e-02	 1.922766e-01	 2.110980e+05	 1.093167e+01	 
 1.338717e-03	 7.642021e-01	 4.254502e-02	 1.919142e-01	 2.186281e+05	 1.106967e+01	 
 2.369560e-03	 7.826341e-01	 2.187355e-02	 1.931228e-01	 2.114091e+05	 1.058382e+01	 
 2.897373e-03	 7.335749e-01	 7.683062e-02	 1.866971e-01	 2.202284e+05	 1.110313e+01	 
 5.643878e-04	 7.616045e-01	 4.547977e-02	 1.923514e-01	 2.127624e+05	 1.095057e+01	 
 2.578838e-03	 7.828424e-01	 2.162139e-02	 1.929574e-01	 2.167706e+05	 1.079447e+01	 
 3.575733e-04	 7.508295e-01	 5.755781e-02	 1.912551e-01	 2.198907e+05	 1.131244e+01	 
 2.607888e-03	 7.861744e-01	 1.789303e-02	 1.933247e-01	 2.131085e+05	 1.059881e+01	 
 3.315107e-03	 7.910896e-01	 1.235689e-02	 1.932384e-01	 2.161714e+05	 1.068058e+01	 
 3.950706e-03	 7.925546e-01	 1.069336e-02	 1.928014e-01	 2.168858e+05	 1.067137e+01	 
 1.164694e-03	 7.683135e-01	 3.795429e-02	 1.925675e-01	 2.047366e+05	 1.067978e+01	 
 8.014307e-04	 7.605833e-01	 4.662087e-02	 1.919945e-01	 1.954702e+05	 1.043257e+01	 
 1.681266e-03	 7.710513e-01	 3.487339e-02	 1.923941e-01	 2.027986e+05	 1.052626e+01	 
 1.680589e-03	 7.746509e-01	 3.082617e-02	 1.928423e-01	 2.152238e+05	 1.083584e+01	 
 1.011292e-03	 7.662439e-01	 4.027704e-02	 1.924678e-01	 2.056745e+05	 1.072865e+01	 
 5.920463e-04	 7.586634e-01	 4.876985e-02	 1.919747e-01	 2.164269e+05	 1.111133e+01	 
 2.635764e-03	 7.486698e-01	 5.988792e-02	 1.888065e-01	 2.175912e+05	 1.078106e+01	 
 2.748137e-03	 7.860118e-01	 1.806465e-02	 1.931754e-01	 2.161051e+05	 1.073645e+01	 
 8.721324e-04	 7.646398e-01	 4.207759e-02	 1.924104e-01	 2.084849e+05	 1.080340e+01	 
 1.201397e-03	 7.681297e-01	 3.815707e-02	 1.925118e-01	 1.976806e+05	 1.048269e+01	 
 8.370440e-04	 7.655094e-01	 4.109936e-02	 1.925542e-01	 2.120118e+05	 1.086497e+01	 
 1.870311e-04	 7.460053e-01	 6.297088e-02	 1.908368e-01	 1.973627e+05	 1.043920e+01	 
 3.855020e-04	 7.592443e-01	 4.813079e-02	 1.922394e-01	 2.119213e+05	 1.096892e+01	 
 1.282640e-03	 7.698594e-01	 3.621924e-02	 1.926388e-01	 2.037817e+05	 1.063722e+01	 
 5.838245e-04	 7.606740e-01	 4.652832e-02	 1.922138e-01	 2.074985e+05	 1.085052e+01	 
 1.446100e-04	 7.568658e-01	 5.080497e-02	 1.921847e-01	 1.975403e+05	 1.073610e+01	 
 4.991560e-04	 7.515681e-01	 5.672810e-02	 1.912046e-01	 2.206389e+05	 1.130350e+01	 
 2.772329e-03	 7.877995e-01	 1.606392e-02	 1.933642e-01	 2.139122e+05	 1.061300e+01	 
 1.227221e-03	 7.604341e-01	 4.677303e-02	 1.915656e-01	 2.200205e+05	 1.114667e+01	 
 5.570487e-04	 7.627935e-01	 4.415272e-02	 1.924967e-01	 1.965720e+05	 1.061049e+01	 
 7.630274e-04	 7.653799e-01	 4.124957e-02	 1.926075e-01	 1.966055e+05	 1.056532e+01	 
 3.250054e-03	 7.909822e-01	 1.247890e-02	 1.932888e-01	 2.154474e+05	 1.064243e+01	 
 4.741703e-04	 7.592269e-01	 4.815245e-02	 1.921465e-01	 2.074785e+05	 1.087525e+01	 
 1.084860e-03	 7.671416e-01	 3.926938e-02	 1.925041e-01	 2.056865e+05	 1.071526e+01	 
 3.144227e-04	 7.508039e-01	 5.758989e-02	 1.912918e-01	 1.953326e+05	 1.041985e+01	 
 2.395562e-03	 7.301760e-01	 8.064060e-02	 1.867878e-01	 2.194493e+05	 1.104188e+01	 
 8.807138e-05	 7.550724e-01	 5.281296e-02	 1.920266e-01	 2.118608e+05	 1.104756e+01	 
 1.484884e-03	 7.702913e-01	 3.572917e-02	 1.924946e-01	 2.007897e+05	 1.051271e+01	 
 4.013201e-03	 7.839153e-01	 2.039189e-02	 1.916796e-01	 2.210495e+05	 1.092260e+01	 
 7.188332e-04	 7.481160e-01	 6.059678e-02	 1.905684e-01	 2.034428e+05	 1.050573e+01	 
 2.105372e-03	 7.815442e-01	 2.309927e-02	 1.932512e-01	 2.122391e+05	 1.064531e+01	 
 1.949153e-03	 7.795735e-01	 2.530612e-02	 1.931713e-01	 2.138014e+05	 1.072416e+01	 
 1.247218e-03	 7.695480e-01	 3.656743e-02	 1.926373e-01	 1.987399e+05	 1.051487e+01	 
 1.952362e-04	 7.556388e-01	 5.217107e-02	 1.919949e-01	 2.142114e+05	 1.110506e+01	 
 4.815948e-03	 7.740689e-01	 3.139404e-02	 1.897211e-01	 2.201076e+05	 1.091639e+01	 
 6.683678e-04	 7.575343e-01	 5.003367e-02	 1.917637e-01	 2.178251e+05	 1.116087e+01	 
 4.049160e-03	 7.525959e-01	 5.548492e-02	 1.878700e-01	 2.205084e+05	 1.103741e+01	 
 2.847743e-04	 7.391348e-01	 7.066388e-02	 1.899166e-01	 2.107409e+05	 1.050519e+01	 
 2.055921e-03	 7.795434e-01	 2.534757e-02	 1.930532e-01	 2.105003e+05	 1.062277e+01	 
 1.259704e-03	 7.667707e-01	 3.967835e-02	 1.922912e-01	 1.986942e+05	 1.047740e+01	 
 1.537577e-03	 7.625946e-01	 4.434629e-02	 1.915216e-01	 2.207855e+05	 1.112525e+01	 
 1.677370e-03	 7.746102e-01	 3.087192e-02	 1.928405e-01	 2.152233e+05	 1.083634e+01	 
 3.179462e-03	 7.629899e-01	 4.382672e-02	 1.900039e-01	 2.171096e+05	 1.070660e+01	 
 3.935807e-03	 7.872568e-01	 1.664169e-02	 1.921657e-01	 2.196417e+05	 1.085359e+01	 
 1.025487e-03	 7.679383e-01	 3.837606e-02	 1.926601e-01	 1.966363e+05	 1.050603e+01	 
 1.955245e-03	 7.786329e-01	 2.637034e-02	 1.930416e-01	 2.104888e+05	 1.063803e+01	 
 6.135582e-04	 7.536963e-01	 5.433884e-02	 1.913513e-01	 2.199296e+05	 1.125766e+01	 
 2.495994e-04	 7.563852e-01	 5.133328e-02	 1.920320e-01	 2.142223e+05	 1.109074e+01	 
 7.959436e-04	 7.649442e-01	 4.173367e-02	 1.925262e-01	 2.120037e+05	 1.087374e+01	 
 1.065765e-04	 7.488243e-01	 5.981009e-02	 1.912591e-01	 2.191333e+05	 1.134812e+01	 
 2.425257e-03	 7.778895e-01	 2.717699e-02	 1.925082e-01	 2.181087e+05	 1.088928e+01	 
 1.027932e-03	 7.523572e-01	 5.583710e-02	 1.907777e-01	 2.044755e+05	 1.051792e+01	 
 2.889363e-03	 7.771260e-01	 2.802567e-02	 1.919590e-01	 2.202399e+05	 1.095347e+01	 
 3.388004e-03	 7.891248e-01	 1.455832e-02	 1.929288e-01	 2.175577e+05	 1.076012e+01	 
 1.450859e-03	 7.628321e-01	 4.408017e-02	 1.916368e-01	 2.200527e+05	 1.111240e+01	 
 4.746918e-04	 7.530917e-01	 5.501867e-02	 1.914150e-01	 2.191921e+05	 1.126161e+01	 
 4.545657e-04	 7.589555e-01	 4.845699e-02	 1.921329e-01	 2.065300e+05	 1.086315e+01	 
 1.207864e-03	 7.690315e-01	 3.714871e-02	 1.926120e-01	 2.037709e+05	 1.065010e+01	 
 6.473501e-04	 7.628912e-01	 4.403784e-02	 1.924236e-01	 2.119740e+05	 1.090656e+01	 
 4.180766e-04	 7.601140e-01	 4.715910e-02	 1.923088e-01	 1.996480e+05	 1.071653e+01	 
 1.204555e-03	 7.685668e-01	 3.766957e-02	 1.925590e-01	 2.057055e+05	 1.069423e+01	 
 8.543768e-04	 7.664204e-01	 4.008134e-02	 1.926439e-01	 1.966187e+05	 1.054560e+01	 
 2.802713e-04	 7.566426e-01	 5.105280e-02	 1.920244e-01	 2.074428e+05	 1.092175e+01	 
 3.760631e-03	 7.861057e-01	 1.793658e-02	 1.921971e-01	 2.196289e+05	 1.086194e+01	 
 1.498027e-03	 7.701279e-01	 3.589876e-02	 1.924753e-01	 2.165913e+05	 1.093881e+01	 
 1.709373e-03	 7.760355e-01	 2.928687e-02	 1.929683e-01	 2.104542e+05	 1.067563e+01	 
 3.350746e-03	 7.829582e-01	 2.147503e-02	 1.922160e-01	 2.195913e+05	 1.088573e+01	 
 9.898872e-04	 7.659800e-01	 4.057327e-02	 1.924569e-01	 2.056710e+05	 1.073262e+01	 
 1.208820e-03	 7.571299e-01	 5.048417e-02	 1.911771e-01	 2.035729e+05	 1.050861e+01	 
 4.946239e-04	 7.603764e-01	 4.686257e-02	 1.922664e-01	 2.102345e+05	 1.090779e+01	 
 5.648186e-04	 7.616434e-01	 4.543980e-02	 1.923520e-01	 2.111196e+05	 1.090591e+01	 
 4.743960e-04	 7.551693e-01	 5.268892e-02	 1.916674e-01	 2.177917e+05	 1.120320e+01	 
 1.885997e-03	 7.653734e-01	 4.121690e-02	 1.915237e-01	 2.119667e+05	 1.051499e+01	 
 1.709986e-03	 7.741108e-01	 3.144558e-02	 1.927337e-01	 2.076794e+05	 1.064817e+01	 
 1.619598e-03	 7.660839e-01	 4.044091e-02	 1.918556e-01	 2.037051e+05	 1.051747e+01	 
 4.419441e-04	 7.589297e-01	 4.848620e-02	 1.921422e-01	 2.055752e+05	 1.084653e+01	 
 2.251406e-03	 7.807551e-01	 2.398464e-02	 1.930088e-01	 2.105131e+05	 1.059118e+01	 
 4.284010e-05	 7.465443e-01	 6.236903e-02	 1.910438e-01	 2.205714e+05	 1.140850e+01	 
 5.349045e-04	 7.519579e-01	 5.629050e-02	 1.912167e-01	 2.206441e+05	 1.129606e+01	 
 1.875186e-03	 7.672765e-01	 3.908900e-02	 1.917593e-01	 2.201118e+05	 1.105516e+01	 
 8.587799e-05	 7.494772e-01	 5.907812e-02	 1.913588e-01	 2.184233e+05	 1.132683e+01	 
 2.263262e-03	 7.832320e-01	 2.119777e-02	 1.933070e-01	 2.138527e+05	 1.068033e+01	 
 3.154302e-03	 7.812791e-01	 2.336201e-02	 1.922046e-01	 2.195702e+05	 1.089927e+01	 
 1.032000e-03	 7.679891e-01	 3.831976e-02	 1.926591e-01	 1.987231e+05	 1.056247e+01	 
 1.124199e-03	 7.692944e-01	 3.684863e-02	 1.927328e-01	 2.128740e+05	 1.083182e+01	 
 1.289238e-03	 7.714168e-01	 3.447081e-02	 1.928232e-01	 2.112591e+05	 1.075785e+01	 
 1.167164e-03	 7.699930e-01	 3.606698e-02	 1.927728e-01	 2.120764e+05	 1.079898e+01	 
 9.442016e-05	 7.542812e-01	 5.370303e-02	 1.919214e-01	 2.083407e+05	 1.098443e+01	 
 1.976495e-03	 7.792489e-01	 2.566697e-02	 1.931076e-01	 2.145536e+05	 1.075510e+01	 
 2.511050e-03	 7.770026e-01	 2.816971e-02	 1.923166e-01	 2.188027e+05	 1.091811e+01	 
 1.007499e-03	 7.666742e-01	 3.979486e-02	 1.925235e-01	 2.037399e+05	 1.068605e+01	 
 4.914156e-03	 7.774012e-01	 2.765796e-02	 1.900266e-01	 2.201611e+05	 1.090652e+01	 
 3.689253e-03	 7.896501e-01	 1.396200e-02	 1.926986e-01	 2.182626e+05	 1.078199e+01	 
 1.807920e-03	 7.639136e-01	 4.285448e-02	 1.914240e-01	 2.119445e+05	 1.051384e+01	 
 4.210957e-04	 7.545171e-01	 5.342117e-02	 1.916407e-01	 2.177825e+05	 1.121539e+01	 
 8.097594e-04	 7.603889e-01	 4.683069e-02	 1.919706e-01	 2.171592e+05	 1.109879e+01	 
 4.730827e-03	 7.889049e-01	 1.477026e-02	 1.915940e-01	 2.196377e+05	 1.083290e+01	 
 1.572591e-03	 7.752941e-01	 3.011669e-02	 1.930166e-01	 2.121521e+05	 1.072749e+01	 
 2.047209e-04	 7.509009e-01	 5.747966e-02	 1.914147e-01	 2.184432e+05	 1.129679e+01	 
 9.235692e-04	 7.665638e-01	 3.991351e-02	 1.925991e-01	 2.128344e+05	 1.087169e+01	 
 5.894740e-05	 7.545952e-01	 5.334982e-02	 1.919960e-01	 2.110183e+05	 1.103544e+01	 
 2.742069e-04	 7.581507e-01	 4.936242e-02	 1.922127e-01	 1.996217e+05	 1.075127e+01	 
 9.920697e-04	 7.677013e-01	 3.864295e-02	 1.926637e-01	 1.976820e+05	 1.054399e+01	 
 6.009543e-04	 7.617641e-01	 4.530619e-02	 1.923287e-01	 2.026887e+05	 1.074515e+01	 
 7.502427e-04	 7.638547e-01	 4.295884e-02	 1.924362e-01	 2.102839e+05	 1.085024e+01	 
 8.143880e-04	 7.661607e-01	 4.037302e-02	 1.926519e-01	 1.955591e+05	 1.052535e+01	 
 1.549994e-03	 7.666015e-01	 3.985069e-02	 1.919978e-01	 2.186612e+05	 1.103707e+01	 
 1.820360e-03	 7.779854e-01	 2.708913e-02	 1.931051e-01	 2.137788e+05	 1.074328e+01	 
 1.259741e-03	 7.542792e-01	 5.367859e-02	 1.907825e-01	 2.064179e+05	 1.053731e+01	 
 7.683357e-04	 7.554150e-01	 5.240903e-02	 1.914077e-01	 2.199528e+05	 1.122711e+01	 
 3.292266e-03	 7.898555e-01	 1.374146e-02	 1.931108e-01	 2.168648e+05	 1.072549e+01	 
 1.915573e-03	 7.782442e-01	 2.680688e-02	 1.930334e-01	 2.104837e+05	 1.064402e+01	 
 3.755005e-03	 7.905678e-01	 1.292279e-02	 1.927544e-01	 2.161448e+05	 1.063222e+01	 
 1.975722e-03	 7.778451e-01	 2.725388e-02	 1.929253e-01	 2.095802e+05	 1.062768e+01	 
 2.288244e-03	 7.782344e-01	 2.680959e-02	 1.926678e-01	 2.095739e+05	 1.056887e+01	 
 1.457216e-03	 7.716543e-01	 3.420358e-02	 1.926849e-01	 2.028177e+05	 1.058376e+01	 
 1.397979e-03	 7.723167e-01	 3.346143e-02	 1.928239e-01	 2.104029e+05	 1.072636e+01	 
 2.921121e-03	 7.781665e-01	 2.683907e-02	 1.920733e-01	 2.144971e+05	 1.056279e+01	 
 3.697370e-04	 7.538877e-01	 5.412773e-02	 1.916148e-01	 2.177736e+05	 1.122736e+01	 
 4.038777e-03	 7.524061e-01	 5.569790e-02	 1.878572e-01	 2.205055e+05	 1.103806e+01	 
 2.172050e-03	 7.803948e-01	 2.439050e-02	 1.930426e-01	 2.105102e+05	 1.060463e+01	 
 5.515289e-04	 7.603748e-01	 4.686430e-02	 1.922093e-01	 2.055950e+05	 1.082169e+01	 
 2.344225e-03	 7.777356e-01	 2.736484e-02	 1.925553e-01	 2.104573e+05	 1.054832e+01	 
 2.584856e-03	 7.820268e-01	 2.254270e-02	 1.928456e-01	 2.122280e+05	 1.054703e+01	 
 3.585353e-03	 7.848275e-01	 1.937389e-02	 1.922133e-01	 2.196140e+05	 1.087139e+01	 
 6.794603e-04	 7.437177e-01	 6.552849e-02	 1.900744e-01	 2.072071e+05	 1.053943e+01	 
 2.852698e-03	 7.881029e-01	 1.572110e-02	 1.933233e-01	 2.139143e+05	 1.060116e+01	 
 9.034022e-04	 7.650431e-01	 4.162498e-02	 1.924285e-01	 2.084905e+05	 1.079722e+01	 
 3.460381e-03	 7.905943e-01	 1.290427e-02	 1.930411e-01	 2.154323e+05	 1.061468e+01	 
 8.907293e-04	 7.652731e-01	 4.136704e-02	 1.924691e-01	 2.094098e+05	 1.081046e+01	 
 1.097984e-03	 7.651203e-01	 4.152095e-02	 1.922608e-01	 2.165197e+05	 1.100811e+01	 
 2.477588e-03	 7.782238e-01	 2.680539e-02	 1.924932e-01	 2.121662e+05	 1.053328e+01	 
 2.053896e-03	 7.804447e-01	 2.433544e-02	 1.931659e-01	 2.113841e+05	 1.063448e+01	 
 2.266434e-03	 7.822017e-01	 2.236099e-02	 1.931708e-01	 2.114058e+05	 1.060175e+01	 
 3.007157e-04	 6.978927e-01	 1.168871e-01	 1.849195e-01	 2.197211e+05	 1.123805e+01	 
 3.841423e-03	 7.846817e-01	 1.953344e-02	 1.919434e-01	 2.203310e+05	 1.089550e+01	 
 2.567184e-03	 7.851757e-01	 1.900744e-02	 1.932497e-01	 2.153729e+05	 1.071694e+01	 
 1.844588e-03	 7.729624e-01	 3.271338e-02	 1.924796e-01	 2.173373e+05	 1.092355e+01	 
 2.627976e-05	 7.547085e-01	 5.322537e-02	 1.920398e-01	 1.995754e+05	 1.081632e+01	 
 2.115704e-03	 7.697236e-01	 3.634073e-02	 1.918200e-01	 2.201441e+05	 1.102684e+01	 
 1.216980e-03	 7.700246e-01	 3.603418e-02	 1.927243e-01	 2.103709e+05	 1.075818e+01	 
 6.398844e-04	 7.620185e-01	 4.502029e-02	 1.923213e-01	 2.036775e+05	 1.075921e+01	 
 9.253651e-04	 7.571461e-01	 5.046521e-02	 1.914633e-01	 2.199762e+05	 1.119795e+01	 
 1.092480e-03	 7.684941e-01	 3.775279e-02	 1.926606e-01	 1.997579e+05	 1.057584e+01	 
 2.047015e-03	 7.493144e-01	 5.917571e-02	 1.894629e-01	 2.162054e+05	 1.066321e+01	 
 1.814408e-03	 7.752508e-01	 3.014966e-02	 1.927851e-01	 2.159538e+05	 1.085305e+01	 
 2.523998e-03	 7.856929e-01	 1.843529e-02	 1.933478e-01	 2.131035e+05	 1.061155e+01	 
 2.607661e-04	 7.584862e-01	 4.898648e-02	 1.922666e-01	 1.975619e+05	 1.070628e+01	 
 3.929390e-04	 7.593483e-01	 4.801409e-02	 1.922447e-01	 2.119228e+05	 1.096707e+01	 
 7.075419e-04	 7.649673e-01	 4.171299e-02	 1.926122e-01	 1.955442e+05	 1.054956e+01	 
 1.226330e-03	 7.547259e-01	 5.317842e-02	 1.908693e-01	 2.054724e+05	 1.052937e+01	 
 2.303354e-03	 7.807834e-01	 2.395155e-02	 1.929617e-01	 2.105115e+05	 1.058108e+01	 
 2.877100e-03	 7.873191e-01	 1.659595e-02	 1.932079e-01	 2.161229e+05	 1.072301e+01	 
 5.493537e-05	 7.545390e-01	 5.341292e-02	 1.919931e-01	 2.110175e+05	 1.103658e+01	 
 2.244697e-03	 7.609979e-01	 4.608404e-02	 1.906734e-01	 2.149625e+05	 1.058079e+01	 
 1.518530e-03	 7.731254e-01	 3.255349e-02	 1.928026e-01	 2.095183e+05	 1.069781e+01	 
 1.748197e-04	 7.553597e-01	 5.249269e-02	 1.919728e-01	 2.055263e+05	 1.091201e+01	 
 6.318920e-04	 7.548979e-01	 5.299060e-02	 1.914796e-01	 2.192169e+05	 1.122830e+01	 
 1.156904e-03	 7.686615e-01	 3.756434e-02	 1.926173e-01	 2.027803e+05	 1.063628e+01	 
 2.014454e-03	 7.791833e-01	 2.575212e-02	 1.930502e-01	 2.104958e+05	 1.062907e+01	 
 1.297857e-03	 7.710579e-01	 3.487436e-02	 1.927699e-01	 2.103854e+05	 1.074372e+01	 
 4.480697e-03	 7.869674e-01	 1.693703e-02	 1.916149e-01	 2.181839e+05	 1.074107e+01	 
 8.561838e-05	 7.560363e-01	 5.173579e-02	 1.921423e-01	 1.975292e+05	 1.075182e+01	 
 7.725270e-04	 7.599250e-01	 4.735150e-02	 1.919510e-01	 2.171526e+05	 1.110641e+01	 
 6.180090e-04	 7.589973e-01	 4.839505e-02	 1.919897e-01	 2.164317e+05	 1.110556e+01	 
 1.348423e-04	 7.564661e-01	 5.125324e-02	 1.921459e-01	 1.985716e+05	 1.076321e+01	 
 2.596055e-03	 7.832194e-01	 2.120671e-02	 1.929778e-01	 2.122482e+05	 1.055497e+01	 
 1.570751e-03	 7.749934e-01	 3.045611e-02	 1.929797e-01	 2.113095e+05	 1.070956e+01	 
 1.095459e-03	 7.678953e-01	 3.842222e-02	 1.925870e-01	 1.966329e+05	 1.048225e+01	 
 1.287342e-04	 7.549495e-01	 5.295345e-02	 1.919684e-01	 2.045558e+05	 1.090274e+01	 
 1.794615e-03	 7.780318e-01	 2.704041e-02	 1.931331e-01	 2.129993e+05	 1.071671e+01	 
 8.690626e-04	 7.659488e-01	 4.060622e-02	 1.925760e-01	 2.120182e+05	 1.085823e+01	 
 1.483430e-03	 7.718548e-01	 3.397831e-02	 1.926835e-01	 2.028199e+05	 1.057910e+01	 
 2.148358e-03	 7.775994e-01	 2.752557e-02	 1.927267e-01	 2.086527e+05	 1.059128e+01	 
 1.158930e-04	 7.545729e-01	 5.337567e-02	 1.919356e-01	 2.083448e+05	 1.097864e+01	 
 4.471930e-04	 7.548365e-01	 5.306250e-02	 1.916538e-01	 2.177870e+05	 1.120939e+01	 
 1.935057e-03	 7.753179e-01	 3.008739e-02	 1.926596e-01	 2.067446e+05	 1.059782e+01	 
 2.106487e-03	 7.760036e-01	 2.929839e-02	 1.925916e-01	 2.173799e+05	 1.088873e+01	 
 4.099437e-04	 7.591067e-01	 4.828086e-02	 1.922025e-01	 2.135052e+05	 1.101732e+01	 
 2.670011e-04	 7.572944e-01	 5.032249e-02	 1.921161e-01	 2.026282e+05	 1.082290e+01	 
 2.646557e-03	 7.863090e-01	 1.774085e-02	 1.933036e-01	 2.131093e+05	 1.059247e+01	 
 1.158793e-03	 7.687221e-01	 3.748504e-02	 1.926340e-01	 2.144020e+05	 1.088890e+01	 
 1.928966e-03	 7.758884e-01	 2.944843e-02	 1.927342e-01	 2.077004e+05	 1.061534e+01	 
 9.857632e-04	 7.673939e-01	 3.898597e-02	 1.926344e-01	 2.112019e+05	 1.081525e+01	 
 2.252511e-04	 7.493369e-01	 5.923381e-02	 1.912041e-01	 2.198704e+05	 1.134301e+01	 
 2.360622e-03	 7.800863e-01	 2.473093e-02	 1.928222e-01	 2.104971e+05	 1.056454e+01	 
 5.816341e-04	 7.614813e-01	 4.561548e-02	 1.923215e-01	 2.135399e+05	 1.097619e+01	 
 4.966107e-04	 7.454921e-01	 6.354197e-02	 1.904693e-01	 2.024232e+05	 1.049399e+01	 
 2.844891e-03	 7.751655e-01	 3.022678e-02	 1.917629e-01	 2.209475e+05	 1.098660e+01	 
 1.458099e-03	 7.733383e-01	 3.230623e-02	 1.928974e-01	 2.137120e+05	 1.080146e+01	 
 5.157339e-04	 7.567109e-01	 5.095993e-02	 1.918134e-01	 2.171068e+05	 1.116188e+01	 
 1.508260e-03	 7.523930e-01	 5.574789e-02	 1.903508e-01	 2.141025e+05	 1.055146e+01	 
 1.273906e-03	 7.673355e-01	 3.903398e-02	 1.923566e-01	 2.165514e+05	 1.097641e+01	 
 3.658736e-03	 7.850115e-01	 1.914649e-02	 1.921833e-01	 2.160513e+05	 1.062036e+01	 
 1.611068e-04	 7.355832e-01	 7.465667e-02	 1.895990e-01	 2.080191e+05	 1.053635e+01	 
 1.656815e-04	 7.560897e-01	 5.167264e-02	 1.920720e-01	 2.110398e+05	 1.100600e+01	 
 1.120083e-03	 7.592734e-01	 4.807638e-02	 1.915301e-01	 2.200049e+05	 1.116419e+01	 
 3.140755e-04	 7.578936e-01	 4.964888e-02	 1.921434e-01	 2.101992e+05	 1.095195e+01	 
 2.899092e-04	 7.579061e-01	 4.963267e-02	 1.921713e-01	 2.119019e+05	 1.099324e+01	 
 3.100376e-04	 7.572143e-01	 5.040260e-02	 1.920731e-01	 2.142344e+05	 1.107515e+01	 
 9.051913e-05	 7.486370e-01	 6.002030e-02	 1.912522e-01	 2.191307e+05	 1.135219e+01	 
 3.676652e-04	 7.599587e-01	 4.733394e-02	 1.923397e-01	 1.975815e+05	 1.068009e+01	 
 1.935446e-03	 7.784407e-01	 2.658617e-02	 1.930377e-01	 2.104863e+05	 1.064102e+01	 
 4.136144e-03	 7.832888e-01	 2.106342e-02	 1.915116e-01	 2.174257e+05	 1.069544e+01	 
 7.829071e-04	 7.646382e-01	 4.208119e-02	 1.924978e-01	 2.007252e+05	 1.066055e+01	 
 4.439670e-03	 7.876309e-01	 1.621202e-02	 1.917174e-01	 2.203572e+05	 1.087676e+01	 
 2.845384e-03	 7.879852e-01	 1.585073e-02	 1.933187e-01	 2.154110e+05	 1.068577e+01	 
 1.464205e-03	 7.715604e-01	 3.430914e-02	 1.926662e-01	 2.076464e+05	 1.068597e+01	 
 1.198465e-04	 7.525581e-01	 5.562380e-02	 1.916983e-01	 2.163390e+05	 1.122660e+01	 
 1.198226e-03	 7.663848e-01	 4.010130e-02	 1.923157e-01	 2.165378e+05	 1.098980e+01	 
 1.395753e-04	 7.557244e-01	 5.208257e-02	 1.920534e-01	 2.110346e+05	 1.101309e+01	 
 2.087578e-03	 7.741939e-01	 3.132740e-02	 1.923911e-01	 2.180580e+05	 1.092860e+01	 
 4.767210e-04	 7.620368e-01	 4.500237e-02	 1.924841e-01	 1.955063e+05	 1.060197e+01	 
 7.862949e-04	 7.546806e-01	 5.323324e-02	 1.912999e-01	 2.206805e+05	 1.124665e+01	 
 4.021948e-03	 7.906278e-01	 1.284747e-02	 1.925028e-01	 2.168492e+05	 1.066151e+01	 
 1.098220e-03	 7.686300e-01	 3.760000e-02	 1.926718e-01	 1.987309e+05	 1.054900e+01	 
 2.792717e-04	 7.527772e-01	 5.537454e-02	 1.915690e-01	 2.177579e+05	 1.124903e+01	 
 8.886740e-04	 7.654573e-01	 4.116111e-02	 1.924929e-01	 2.027381e+05	 1.068608e+01	 
 6.566336e-04	 7.532803e-01	 5.480561e-02	 1.912575e-01	 2.206618e+05	 1.127152e+01	 
 3.211991e-03	 7.875914e-01	 1.628189e-02	 1.929147e-01	 2.175379e+05	 1.077426e+01	 
 6.242719e-04	 7.625711e-01	 4.439706e-02	 1.924075e-01	 2.119694e+05	 1.091182e+01	 
 9.401310e-04	 7.663999e-01	 4.010237e-02	 1.925576e-01	 2.103199e+05	 1.081090e+01	 
 1.124732e-03	 7.593240e-01	 4.801966e-02	 1.915317e-01	 2.200056e+05	 1.116341e+01	 
 7.757073e-04	 7.542708e-01	 5.369623e-02	 1.912573e-01	 1.995381e+05	 1.046447e+01	 
 2.139989e-03	 7.801885e-01	 2.462248e-02	 1.930490e-01	 2.105079e+05	 1.060975e+01	 
 1.235458e-03	 7.692161e-01	 3.694118e-02	 1.926072e-01	 2.085477e+05	 1.073584e+01	 
 2.010958e-03	 7.686330e-01	 3.757441e-02	 1.917816e-01	 2.094209e+05	 1.053851e+01	 
 1.422251e-03	 7.651545e-01	 4.147550e-02	 1.919477e-01	 2.186413e+05	 1.105647e+01	 
 6.654668e-04	 7.631317e-01	 4.377199e-02	 1.924308e-01	 2.007052e+05	 1.068493e+01	 
 4.437340e-03	 7.846959e-01	 1.948213e-02	 1.913847e-01	 2.181461e+05	 1.074217e+01	 
 2.174936e-03	 7.718356e-01	 3.397043e-02	 1.920191e-01	 2.194469e+05	 1.098919e+01	 
 3.233286e-04	 7.542883e-01	 5.367978e-02	 1.917086e-01	 2.170722e+05	 1.120706e+01	 
 4.498496e-03	 7.716156e-01	 3.414317e-02	 1.897427e-01	 2.193478e+05	 1.086968e+01	 
 1.132163e-03	 7.643789e-01	 4.235103e-02	 1.921379e-01	 2.172160e+05	 1.103698e+01	 
 2.191814e-03	 7.720097e-01	 3.377482e-02	 1.920236e-01	 2.194492e+05	 1.098730e+01	 
 2.401358e-03	 7.793247e-01	 2.556866e-02	 1.927053e-01	 2.174261e+05	 1.085337e+01	 
 1.877389e-03	 7.724066e-01	 3.335045e-02	 1.923656e-01	 2.047758e+05	 1.054643e+01	 
 6.404893e-04	 7.615375e-01	 4.555946e-02	 1.922626e-01	 2.056108e+05	 1.080232e+01	 
 1.716330e-03	 7.767549e-01	 2.847860e-02	 1.930501e-01	 2.113341e+05	 1.068613e+01	 
 1.939819e-03	 7.797934e-01	 2.506256e-02	 1.932042e-01	 2.130242e+05	 1.069477e+01	 
 5.733902e-04	 7.608167e-01	 4.635901e-02	 1.922509e-01	 2.142869e+05	 1.101114e+01	 
 3.332428e-04	 7.514578e-01	 5.685319e-02	 1.913558e-01	 2.191696e+05	 1.129337e+01	 
 1.474821e-03	 7.740440e-01	 3.151992e-02	 1.929612e-01	 2.121343e+05	 1.074388e+01	 
 6.449517e-04	 7.561335e-01	 5.160470e-02	 1.916169e-01	 2.185162e+05	 1.119688e+01	 
 1.239222e-03	 7.536003e-01	 5.443838e-02	 1.907221e-01	 2.091952e+05	 1.052868e+01	 
 2.945668e-04	 7.578900e-01	 4.965217e-02	 1.921632e-01	 2.110657e+05	 1.097201e+01	 
 9.836167e-04	 7.670928e-01	 3.932587e-02	 1.925977e-01	 2.007574e+05	 1.062106e+01	 
 1.293963e-03	 7.548880e-01	 5.297996e-02	 1.908381e-01	 2.118084e+05	 1.050851e+01	 
 7.499286e-04	 7.631897e-01	 4.370546e-02	 1.923549e-01	 2.046680e+05	 1.075814e+01	 
 1.370507e-03	 7.708159e-01	 3.514458e-02	 1.926690e-01	 2.008029e+05	 1.054724e+01	 
 8.191947e-04	 7.559771e-01	 5.177785e-02	 1.914259e-01	 2.199604e+05	 1.121747e+01	 
 4.472071e-03	 7.904184e-01	 1.307312e-02	 1.920364e-01	 2.182443e+05	 1.074177e+01	 
 3.492018e-05	 7.540269e-01	 5.398836e-02	 1.919499e-01	 2.101441e+05	 1.102658e+01	 
 1.752138e-03	 7.529008e-01	 5.516796e-02	 1.901791e-01	 2.148403e+05	 1.058074e+01	 
 9.693855e-04	 7.674759e-01	 3.889605e-02	 1.926586e-01	 1.976792e+05	 1.054879e+01	 
 5.122490e-04	 7.606177e-01	 4.659169e-02	 1.922783e-01	 2.102380e+05	 1.090365e+01	 
 3.735125e-04	 7.590766e-01	 4.831898e-02	 1.922309e-01	 2.119188e+05	 1.097193e+01	 
 5.805062e-06	 7.534886e-01	 5.458659e-02	 1.919190e-01	 2.134232e+05	 1.112513e+01	 
 1.328737e-03	 7.719293e-01	 3.389553e-02	 1.928465e-01	 2.112664e+05	 1.075081e+01	 
 2.242886e-04	 7.558885e-01	 5.189907e-02	 1.919882e-01	 2.064878e+05	 1.091896e+01	 
 3.811127e-03	 7.920765e-01	 1.123729e-02	 1.928751e-01	 2.175922e+05	 1.072972e+01	 
 