Condicionamento
1.909159e+03	 
 3.841815e+03	 
 1.601185e+03	 
 2.546208e+03	 
 1.368261e+03	 
 1.872283e+03	 
 7.180040e+03	 
 1.791254e+03	 
 2.880844e+03	 
 7.181699e+07	 
 7.181699e+07	 
 6.566555e+03	 
 7.914837e+03	 
 6.483523e+07	 
 1.390174e+03	 
 1.389705e+03	 
 6.483523e+07	 
 5.881267e+07	 
 5.357179e+07	 
 6.483523e+07	 
 6.483523e+07	 
 5.881267e+07	 
 7.181699e+07	 
 7.181699e+07	 
 7.181699e+07	 
 6.483523e+07	 
 1.901349e+03	 
 1.874490e+03	 
 6.483523e+07	 
 1.387932e+03	 
 1.388902e+03	 
 7.181699e+07	 
 2.894607e+03	 
 2.893859e+03	 
 6.483523e+07	 
 1.381324e+03	 
 1.380711e+03	 
 7.181699e+07	 
 7.181699e+07	 
 6.483523e+07	 
 