s	 e	 integralPartic	 alturaRetang	 metadePartic	 maximaPartic	 minimoPArtic	 alturaPartic	 p	 comparativoMet
66	 119	 3.964137e+04	 7.340994e+02	 4.142296e+02	 8.283559e+02	 1.032258e-01	 1.865465e+00	 1	 5.642690e-01	 
 60	 94	 1.339627e+04	 3.827504e+02	 4.142296e+02	 8.283559e+02	 1.032258e-01	 9.240056e-01	 0	 1.082245e+00	 
 82	 111	 1.639108e+04	 5.463693e+02	 4.142296e+02	 8.283559e+02	 1.032258e-01	 1.461470e+00	 1	 7.581494e-01	 
 82	 111	 1.725360e+04	 5.751201e+02	 4.142296e+02	 8.283559e+02	 1.032258e-01	 1.461470e+00	 1	 7.202488e-01	 
 82	 111	 1.816153e+04	 6.053842e+02	 4.142296e+02	 8.283559e+02	 1.032258e-01	 1.461470e+00	 1	 6.842425e-01	 
 73	 100	 2.160736e+04	 7.716915e+02	 4.142296e+02	 8.283559e+02	 1.032258e-01	 1.848178e+00	 1	 5.367813e-01	 
 60	 94	 1.339627e+04	 3.827504e+02	 4.142296e+02	 8.283559e+02	 1.032258e-01	 9.240056e-01	 0	 1.082245e+00	 
 69	 118	 3.281346e+04	 6.562691e+02	 4.142296e+02	 8.283559e+02	 1.032258e-01	 1.079112e+00	 1	 6.311886e-01	 
 75	 98	 1.777052e+04	 7.404384e+02	 4.142296e+02	 8.283559e+02	 1.032258e-01	 1.881574e+00	 1	 5.594383e-01	 
 82	 111	 1.816153e+04	 6.053842e+02	 4.142296e+02	 8.283559e+02	 1.032258e-01	 1.461470e+00	 1	 6.842425e-01	 
 