2.164672e-01	 3.241041e-02	 8.332579e-01	 3.079784e-03	 1.004170e-01	 1.087679e+01	 
 2.192953e-01	 3.271637e-02	 7.783721e-01	 3.432647e-02	 7.769707e-02	 1.088574e+01	 
 2.207301e-01	 3.287150e-02	 7.505225e-01	 5.018165e-02	 6.108890e-02	 1.089041e+01	 
 2.214530e-01	 3.294964e-02	 7.364889e-01	 5.817122e-02	 5.929410e-02	 1.089279e+01	 
 2.218160e-01	 3.298887e-02	 7.294420e-01	 6.218316e-02	 5.188267e-02	 1.089400e+01	 
 2.173846e-03	 1.994645e-03	 8.299933e-01	 1.995155e-01	 3.856331e-02	 1.066678e+01	 
 3.467764e-03	 1.948697e-03	 8.247429e-01	 2.015999e-01	 3.656509e-02	 1.064299e+01	 
 4.093610e-03	 1.926472e-03	 8.222034e-01	 2.026080e-01	 3.484813e-02	 1.063129e+01	 
 5.450345e-03	 1.967381e-03	 8.199951e-01	 2.027606e-01	 3.438044e-02	 1.062160e+01	 
 6.352626e-03	 2.025068e-03	 8.196546e-01	 2.021666e-01	 3.411320e-02	 1.062062e+01	 
 2.130186e-02	 2.864151e-03	 8.128258e-01	 1.927806e-01	 3.378713e-02	 1.078056e+01	 
 2.076403e-02	 2.756597e-03	 8.130556e-01	 1.931306e-01	 3.364542e-02	 1.078096e+01	 
 2.176594e-02	 1.374340e-03	 8.131977e-01	 1.923902e-01	 3.209080e-02	 1.078104e+01	 
 2.088764e-02	 2.586064e-03	 8.130732e-01	 1.930392e-01	 2.577101e-02	 8.572003e+00	 
 