2.164672e-01	 3.241041e-02	 8.332579e-01	 3.079784e-03	 1.061363e+05	 1.039616e+05	 2.174700e+03	 1	 5.293362e+04	 1.004170e-01	 2.329221e+01	 2.693088e+02	 6.359198e+02	 
 2.164672e-01	 3.241041e-02	 8.332579e-01	 3.079784e-03	 1.061363e+05	 1.039616e+05	 2.174700e+03	 1	 5.293362e+04	 1.004170e-01	 2.329221e+01	 2.693088e+02	 6.359198e+02	 
 2.164672e-01	 3.241041e-02	 8.332579e-01	 3.079784e-03	 1.061363e+05	 1.039616e+05	 2.174700e+03	 1	 5.293362e+04	 1.004170e-01	 2.329221e+01	 2.693088e+02	 6.359198e+02	 
 2.164672e-01	 3.241041e-02	 8.332579e-01	 3.079784e-03	 1.061363e+05	 1.039616e+05	 2.174700e+03	 1	 5.293362e+04	 1.004170e-01	 2.329221e+01	 2.693088e+02	 6.359198e+02	 
 2.164672e-01	 3.241041e-02	 8.332579e-01	 3.079784e-03	 1.061363e+05	 1.039616e+05	 2.174700e+03	 1	 5.293362e+04	 1.004170e-01	 2.329221e+01	 2.693088e+02	 6.359198e+02	 
 2.164672e-01	 3.241041e-02	 8.332579e-01	 3.079784e-03	 1.061363e+05	 1.039616e+05	 2.174700e+03	 1	 5.293362e+04	 1.004170e-01	 2.329221e+01	 2.693088e+02	 6.359198e+02	 
 4.554490e-03	 1.910105e-03	 8.203333e-01	 2.033505e-01	 9.128083e+04	 9.115118e+04	 1.296502e+02	 1	 4.105215e+04	 3.496543e-02	 1.973674e+02	 6.139224e+02	 3.983468e+02	 
 4.554490e-03	 1.910105e-03	 8.203333e-01	 2.033505e-01	 9.128083e+04	 9.115118e+04	 1.296502e+02	 1	 4.105215e+04	 3.496543e-02	 1.973674e+02	 6.139224e+02	 3.983468e+02	 
 4.554490e-03	 1.910105e-03	 8.203333e-01	 2.033505e-01	 9.128083e+04	 9.115118e+04	 1.296502e+02	 1	 4.105215e+04	 3.496543e-02	 1.973674e+02	 6.139224e+02	 3.983468e+02	 
 4.554490e-03	 1.910105e-03	 8.203333e-01	 2.033505e-01	 9.128083e+04	 9.115118e+04	 1.296502e+02	 1	 4.105215e+04	 3.496543e-02	 1.973674e+02	 6.139224e+02	 3.983468e+02	 
 4.554490e-03	 1.910105e-03	 8.203333e-01	 2.033505e-01	 9.128083e+04	 9.115118e+04	 1.296502e+02	 1	 4.105215e+04	 3.496543e-02	 1.973674e+02	 6.139224e+02	 3.983468e+02	 
 4.554490e-03	 1.910105e-03	 8.203333e-01	 2.033505e-01	 9.128083e+04	 9.115118e+04	 1.296502e+02	 1	 4.105215e+04	 3.496543e-02	 1.973674e+02	 6.139224e+02	 3.983468e+02	 
 3.122614e-01	 -1.872714e-04	 5.338221e-01	 1.120537e-01	 1.159807e+05	 1.159950e+05	 1.433264e+01	 0	 7.171183e+02	 4.215974e-02	 4.225853e-02	 7.857416e+01	 2.427164e+02	 
 3.122614e-01	 -1.872714e-04	 5.338221e-01	 1.120537e-01	 1.159807e+05	 1.159950e+05	 1.433264e+01	 0	 7.171183e+02	 4.215974e-02	 4.225853e-02	 7.857416e+01	 2.427164e+02	 
 3.122614e-01	 -1.872714e-04	 5.338221e-01	 1.120537e-01	 1.159807e+05	 1.159950e+05	 1.433264e+01	 0	 7.171183e+02	 4.215974e-02	 4.225853e-02	 7.857416e+01	 2.427164e+02	 
 3.122614e-01	 -1.872714e-04	 5.338221e-01	 1.120537e-01	 1.159807e+05	 1.159950e+05	 1.433264e+01	 0	 7.171183e+02	 4.215974e-02	 4.225853e-02	 7.857416e+01	 2.427164e+02	 
 3.122614e-01	 -1.872714e-04	 5.338221e-01	 1.120537e-01	 1.159807e+05	 1.159950e+05	 1.433264e+01	 0	 7.171183e+02	 4.215974e-02	 4.225853e-02	 7.857416e+01	 2.427164e+02	 
 3.122614e-01	 -1.872714e-04	 5.338221e-01	 1.120537e-01	 1.159807e+05	 1.159950e+05	 1.433264e+01	 0	 7.171183e+02	 4.215974e-02	 4.225853e-02	 7.857416e+01	 2.427164e+02	 
 2.079824e-01	 8.172824e-04	 1.501397e+00	 -3.903526e-01	 1.159297e+05	 1.158586e+05	 7.110502e+01	 0	 1.061058e+03	 3.210237e-01	 1.631161e+02	 2.184329e+02	 3.794887e+02	 
 2.079824e-01	 8.172824e-04	 1.501397e+00	 -3.903526e-01	 1.159297e+05	 1.158586e+05	 7.110502e+01	 0	 1.061058e+03	 3.210237e-01	 1.631161e+02	 2.184329e+02	 3.794887e+02	 
 2.079824e-01	 8.172824e-04	 1.501397e+00	 -3.903526e-01	 1.159297e+05	 1.158586e+05	 7.110502e+01	 0	 1.061058e+03	 3.210237e-01	 1.631161e+02	 2.184329e+02	 3.794887e+02	 
 2.079824e-01	 8.172824e-04	 1.501397e+00	 -3.903526e-01	 1.159297e+05	 1.158586e+05	 7.110502e+01	 0	 1.061058e+03	 3.210237e-01	 1.631161e+02	 2.184329e+02	 3.794887e+02	 
 2.079824e-01	 8.172824e-04	 1.501397e+00	 -3.903526e-01	 1.159297e+05	 1.158586e+05	 7.110502e+01	 0	 1.061058e+03	 3.210237e-01	 1.631161e+02	 2.184329e+02	 3.794887e+02	 
 2.079824e-01	 8.172824e-04	 1.501397e+00	 -3.903526e-01	 1.159297e+05	 1.158586e+05	 7.110502e+01	 0	 1.061058e+03	 3.210237e-01	 1.631161e+02	 2.184329e+02	 3.794887e+02	 
 3.148042e-01	 -8.913312e-04	 -7.066361e-03	 4.373799e-01	 5.454831e+04	 5.458627e+04	 3.795697e+01	 0	 3.203225e+03	 2.619371e-01	 2.586805e-01	 8.449162e+01	 2.120841e+01	 
 3.148042e-01	 -8.913312e-04	 -7.066361e-03	 4.373799e-01	 5.454831e+04	 5.458627e+04	 3.795697e+01	 0	 3.203225e+03	 2.619371e-01	 2.586805e-01	 8.449162e+01	 2.120841e+01	 
 3.148042e-01	 -8.913312e-04	 -7.066361e-03	 4.373799e-01	 5.454831e+04	 5.458627e+04	 3.795697e+01	 0	 3.203225e+03	 2.619371e-01	 2.586805e-01	 8.449162e+01	 2.120841e+01	 
 3.148042e-01	 -8.913312e-04	 -7.066361e-03	 4.373799e-01	 5.454831e+04	 5.458627e+04	 3.795697e+01	 0	 3.203225e+03	 2.619371e-01	 2.586805e-01	 8.449162e+01	 2.120841e+01	 
 3.148042e-01	 -8.913312e-04	 -7.066361e-03	 4.373799e-01	 5.454831e+04	 5.458627e+04	 3.795697e+01	 0	 3.203225e+03	 2.619371e-01	 2.586805e-01	 8.449162e+01	 2.120841e+01	 
 3.148042e-01	 -8.913312e-04	 -7.066361e-03	 4.373799e-01	 5.454831e+04	 5.458627e+04	 3.795697e+01	 0	 3.203225e+03	 2.619371e-01	 2.586805e-01	 8.449162e+01	 2.120841e+01	 
 6.484650e-01	 4.381306e-03	 3.835371e+00	 -2.207504e+00	 1.218181e+05	 1.213866e+05	 4.314802e+02	 0	 9.212697e+03	 1.325584e+00	 1.134527e+02	 1.752448e+02	 1.811915e+02	 
 6.484650e-01	 4.381306e-03	 3.835371e+00	 -2.207504e+00	 1.218181e+05	 1.213866e+05	 4.314802e+02	 0	 9.212697e+03	 1.325584e+00	 1.134527e+02	 1.752448e+02	 1.811915e+02	 
 6.484650e-01	 4.381306e-03	 3.835371e+00	 -2.207504e+00	 1.218181e+05	 1.213866e+05	 4.314802e+02	 0	 9.212697e+03	 1.325584e+00	 1.134527e+02	 1.752448e+02	 1.811915e+02	 
 6.484650e-01	 4.381306e-03	 3.835371e+00	 -2.207504e+00	 1.218181e+05	 1.213866e+05	 4.314802e+02	 0	 9.212697e+03	 1.325584e+00	 1.134527e+02	 1.752448e+02	 1.811915e+02	 
 6.484650e-01	 4.381306e-03	 3.835371e+00	 -2.207504e+00	 1.218181e+05	 1.213866e+05	 4.314802e+02	 0	 9.212697e+03	 1.325584e+00	 1.134527e+02	 1.752448e+02	 1.811915e+02	 
 6.484650e-01	 4.381306e-03	 3.835371e+00	 -2.207504e+00	 1.218181e+05	 1.213866e+05	 4.314802e+02	 0	 9.212697e+03	 1.325584e+00	 1.134527e+02	 1.752448e+02	 1.811915e+02	 
 2.496569e-01	 -1.568440e-03	 -2.257507e-01	 6.296092e-01	 1.214236e+05	 1.215465e+05	 1.228817e+02	 0	 1.120894e+03	 3.493602e-01	 3.487997e-01	 1.906896e+02	 1.112053e+02	 
 2.496569e-01	 -1.568440e-03	 -2.257507e-01	 6.296092e-01	 1.214236e+05	 1.215465e+05	 1.228817e+02	 0	 1.120894e+03	 3.493602e-01	 3.487997e-01	 1.906896e+02	 1.112053e+02	 
 2.496569e-01	 -1.568440e-03	 -2.257507e-01	 6.296092e-01	 1.214236e+05	 1.215465e+05	 1.228817e+02	 0	 1.120894e+03	 3.493602e-01	 3.487997e-01	 1.906896e+02	 1.112053e+02	 
 2.496569e-01	 -1.568440e-03	 -2.257507e-01	 6.296092e-01	 1.214236e+05	 1.215465e+05	 1.228817e+02	 0	 1.120894e+03	 3.493602e-01	 3.487997e-01	 1.906896e+02	 1.112053e+02	 
 2.496569e-01	 -1.568440e-03	 -2.257507e-01	 6.296092e-01	 1.214236e+05	 1.215465e+05	 1.228817e+02	 0	 1.120894e+03	 3.493602e-01	 3.487997e-01	 1.906896e+02	 1.112053e+02	 
 2.496569e-01	 -1.568440e-03	 -2.257507e-01	 6.296092e-01	 1.214236e+05	 1.215465e+05	 1.228817e+02	 0	 1.120894e+03	 3.493602e-01	 3.487997e-01	 1.906896e+02	 1.112053e+02	 
 2.947746e-01	 -9.205558e-04	 -7.179113e-02	 4.952237e-01	 7.051851e+04	 7.055942e+04	 4.090387e+01	 0	 2.504258e+03	 2.870245e-01	 2.852730e-01	 1.969737e+02	 7.883999e+01	 
 2.947746e-01	 -9.205558e-04	 -7.179113e-02	 4.952237e-01	 7.051851e+04	 7.055942e+04	 4.090387e+01	 0	 2.504258e+03	 2.870245e-01	 2.852730e-01	 1.969737e+02	 7.883999e+01	 
 2.947746e-01	 -9.205558e-04	 -7.179113e-02	 4.952237e-01	 7.051851e+04	 7.055942e+04	 4.090387e+01	 0	 2.504258e+03	 2.870245e-01	 2.852730e-01	 1.969737e+02	 7.883999e+01	 
 2.947746e-01	 -9.205558e-04	 -7.179113e-02	 4.952237e-01	 7.051851e+04	 7.055942e+04	 4.090387e+01	 0	 2.504258e+03	 2.870245e-01	 2.852730e-01	 1.969737e+02	 7.883999e+01	 
 2.947746e-01	 -9.205558e-04	 -7.179113e-02	 4.952237e-01	 7.051851e+04	 7.055942e+04	 4.090387e+01	 0	 2.504258e+03	 2.870245e-01	 2.852730e-01	 1.969737e+02	 7.883999e+01	 
 2.947746e-01	 -9.205558e-04	 -7.179113e-02	 4.952237e-01	 7.051851e+04	 7.055942e+04	 4.090387e+01	 0	 2.504258e+03	 2.870245e-01	 2.852730e-01	 1.969737e+02	 7.883999e+01	 
 8.375377e-02	 -1.786234e-03	 -1.022383e-01	 6.969903e-01	 9.437060e+04	 9.448832e+04	 1.177263e+02	 0	 1.176610e+03	 3.248705e-01	 3.245307e-01	 2.117697e+02	 1.808784e+02	 
 8.375377e-02	 -1.786234e-03	 -1.022383e-01	 6.969903e-01	 9.437060e+04	 9.448832e+04	 1.177263e+02	 0	 1.176610e+03	 3.248705e-01	 3.245307e-01	 2.117697e+02	 1.808784e+02	 
 8.375377e-02	 -1.786234e-03	 -1.022383e-01	 6.969903e-01	 9.437060e+04	 9.448832e+04	 1.177263e+02	 0	 1.176610e+03	 3.248705e-01	 3.245307e-01	 2.117697e+02	 1.808784e+02	 
 8.375377e-02	 -1.786234e-03	 -1.022383e-01	 6.969903e-01	 9.437060e+04	 9.448832e+04	 1.177263e+02	 0	 1.176610e+03	 3.248705e-01	 3.245307e-01	 2.117697e+02	 1.808784e+02	 
 8.375377e-02	 -1.786234e-03	 -1.022383e-01	 6.969903e-01	 9.437060e+04	 9.448832e+04	 1.177263e+02	 0	 1.176610e+03	 3.248705e-01	 3.245307e-01	 2.117697e+02	 1.808784e+02	 
 8.375377e-02	 -1.786234e-03	 -1.022383e-01	 6.969903e-01	 9.437060e+04	 9.448832e+04	 1.177263e+02	 0	 1.176610e+03	 3.248705e-01	 3.245307e-01	 2.117697e+02	 1.808784e+02	 
 2.061440e-02	 2.962338e-03	 8.130398e-01	 1.932380e-01	 1.113168e+05	 1.110839e+05	 2.329554e+02	 1	 4.809298e+04	 3.826980e-02	 1.656116e+02	 2.242707e+02	 2.621754e+02	 
 2.061440e-02	 2.962338e-03	 8.130398e-01	 1.932380e-01	 1.113168e+05	 1.110839e+05	 2.329554e+02	 1	 4.809298e+04	 3.826980e-02	 1.656116e+02	 2.242707e+02	 2.621754e+02	 
 2.061440e-02	 2.962338e-03	 8.130398e-01	 1.932380e-01	 1.113168e+05	 1.110839e+05	 2.329554e+02	 1	 4.809298e+04	 3.826980e-02	 1.656116e+02	 2.242707e+02	 2.621754e+02	 
 2.061440e-02	 2.962338e-03	 8.130398e-01	 1.932380e-01	 1.113168e+05	 1.110839e+05	 2.329554e+02	 1	 4.809298e+04	 3.826980e-02	 1.656116e+02	 2.242707e+02	 2.621754e+02	 
 2.061440e-02	 2.962338e-03	 8.130398e-01	 1.932380e-01	 1.113168e+05	 1.110839e+05	 2.329554e+02	 1	 4.809298e+04	 3.826980e-02	 1.656116e+02	 2.242707e+02	 2.621754e+02	 
 2.061440e-02	 2.962338e-03	 8.130398e-01	 1.932380e-01	 1.113168e+05	 1.110839e+05	 2.329554e+02	 1	 4.809298e+04	 3.826980e-02	 1.656116e+02	 2.242707e+02	 2.621754e+02	 
 2.190040e-02	 1.188842e-03	 8.132166e-01	 1.922909e-01	 1.111862e+05	 1.110839e+05	 1.022956e+02	 1	 4.809463e+04	 3.373769e-02	 3.203343e+02	 4.507181e+02	 1.805584e+02	 
 2.190040e-02	 1.188842e-03	 8.132166e-01	 1.922909e-01	 1.111862e+05	 1.110839e+05	 1.022956e+02	 1	 4.809463e+04	 3.373769e-02	 3.203343e+02	 4.507181e+02	 1.805584e+02	 
 2.190040e-02	 1.188842e-03	 8.132166e-01	 1.922909e-01	 1.111862e+05	 1.110839e+05	 1.022956e+02	 1	 4.809463e+04	 3.373769e-02	 3.203343e+02	 4.507181e+02	 1.805584e+02	 
 2.190040e-02	 1.188842e-03	 8.132166e-01	 1.922909e-01	 1.111862e+05	 1.110839e+05	 1.022956e+02	 1	 4.809463e+04	 3.373769e-02	 3.203343e+02	 4.507181e+02	 1.805584e+02	 
 2.190040e-02	 1.188842e-03	 8.132166e-01	 1.922909e-01	 1.111862e+05	 1.110839e+05	 1.022956e+02	 1	 4.809463e+04	 3.373769e-02	 3.203343e+02	 4.507181e+02	 1.805584e+02	 
 2.190040e-02	 1.188842e-03	 8.132166e-01	 1.922909e-01	 1.111862e+05	 1.110839e+05	 1.022956e+02	 1	 4.809463e+04	 3.373769e-02	 3.203343e+02	 4.507181e+02	 1.805584e+02	 
 2.947746e-01	 -9.205558e-04	 -7.179113e-02	 4.952237e-01	 7.051851e+04	 7.055942e+04	 4.090387e+01	 0	 2.504258e+03	 2.870245e-01	 2.852730e-01	 1.969737e+02	 7.883999e+01	 
 2.947746e-01	 -9.205558e-04	 -7.179113e-02	 4.952237e-01	 7.051851e+04	 7.055942e+04	 4.090387e+01	 0	 2.504258e+03	 2.870245e-01	 2.852730e-01	 1.969737e+02	 7.883999e+01	 
 2.947746e-01	 -9.205558e-04	 -7.179113e-02	 4.952237e-01	 7.051851e+04	 7.055942e+04	 4.090387e+01	 0	 2.504258e+03	 2.870245e-01	 2.852730e-01	 1.969737e+02	 7.883999e+01	 
 2.947746e-01	 -9.205558e-04	 -7.179113e-02	 4.952237e-01	 7.051851e+04	 7.055942e+04	 4.090387e+01	 0	 2.504258e+03	 2.870245e-01	 2.852730e-01	 1.969737e+02	 7.883999e+01	 
 2.947746e-01	 -9.205558e-04	 -7.179113e-02	 4.952237e-01	 7.051851e+04	 7.055942e+04	 4.090387e+01	 0	 2.504258e+03	 2.870245e-01	 2.852730e-01	 1.969737e+02	 7.883999e+01	 
 2.947746e-01	 -9.205558e-04	 -7.179113e-02	 4.952237e-01	 7.051851e+04	 7.055942e+04	 4.090387e+01	 0	 2.504258e+03	 2.870245e-01	 2.852730e-01	 1.969737e+02	 7.883999e+01	 
 2.947746e-01	 -9.205558e-04	 -7.179113e-02	 4.952237e-01	 7.051851e+04	 7.055942e+04	 4.090387e+01	 0	 2.504258e+03	 2.870245e-01	 2.852730e-01	 1.969737e+02	 7.883999e+01	 
 2.947746e-01	 -9.205558e-04	 -7.179113e-02	 4.952237e-01	 7.051851e+04	 7.055942e+04	 4.090387e+01	 0	 2.504258e+03	 2.870245e-01	 2.852730e-01	 1.969737e+02	 7.883999e+01	 
 2.947746e-01	 -9.205558e-04	 -7.179113e-02	 4.952237e-01	 7.051851e+04	 7.055942e+04	 4.090387e+01	 0	 2.504258e+03	 2.870245e-01	 2.852730e-01	 1.969737e+02	 7.883999e+01	 
 2.947746e-01	 -9.205558e-04	 -7.179113e-02	 4.952237e-01	 7.051851e+04	 7.055942e+04	 4.090387e+01	 0	 2.504258e+03	 2.870245e-01	 2.852730e-01	 1.969737e+02	 7.883999e+01	 
 2.947746e-01	 -9.205558e-04	 -7.179113e-02	 4.952237e-01	 7.051851e+04	 7.055942e+04	 4.090387e+01	 0	 2.504258e+03	 2.870245e-01	 2.852730e-01	 1.969737e+02	 7.883999e+01	 
 2.947746e-01	 -9.205558e-04	 -7.179113e-02	 4.952237e-01	 7.051851e+04	 7.055942e+04	 4.090387e+01	 0	 2.504258e+03	 2.870245e-01	 2.852730e-01	 1.969737e+02	 7.883999e+01	 
 2.190040e-02	 1.188842e-03	 8.132166e-01	 1.922909e-01	 1.111862e+05	 1.110839e+05	 1.022956e+02	 1	 4.809463e+04	 3.373769e-02	 3.203343e+02	 4.507181e+02	 1.805584e+02	 
 2.190040e-02	 1.188842e-03	 8.132166e-01	 1.922909e-01	 1.111862e+05	 1.110839e+05	 1.022956e+02	 1	 4.809463e+04	 3.373769e-02	 3.203343e+02	 4.507181e+02	 1.805584e+02	 
 2.190040e-02	 1.188842e-03	 8.132166e-01	 1.922909e-01	 1.111862e+05	 1.110839e+05	 1.022956e+02	 1	 4.809463e+04	 3.373769e-02	 3.203343e+02	 4.507181e+02	 1.805584e+02	 
 2.190040e-02	 1.188842e-03	 8.132166e-01	 1.922909e-01	 1.111862e+05	 1.110839e+05	 1.022956e+02	 1	 4.809463e+04	 3.373769e-02	 3.203343e+02	 4.507181e+02	 1.805584e+02	 
 2.190040e-02	 1.188842e-03	 8.132166e-01	 1.922909e-01	 1.111862e+05	 1.110839e+05	 1.022956e+02	 1	 4.809463e+04	 3.373769e-02	 3.203343e+02	 4.507181e+02	 1.805584e+02	 
 2.190040e-02	 1.188842e-03	 8.132166e-01	 1.922909e-01	 1.111862e+05	 1.110839e+05	 1.022956e+02	 1	 4.809463e+04	 3.373769e-02	 3.203343e+02	 4.507181e+02	 1.805584e+02	 
 3.122614e-01	 -1.872714e-04	 5.338221e-01	 1.120537e-01	 1.159807e+05	 1.159950e+05	 1.433264e+01	 0	 7.171183e+02	 4.215974e-02	 4.225853e-02	 7.857416e+01	 2.427164e+02	 
 3.122614e-01	 -1.872714e-04	 5.338221e-01	 1.120537e-01	 1.159807e+05	 1.159950e+05	 1.433264e+01	 0	 7.171183e+02	 4.215974e-02	 4.225853e-02	 7.857416e+01	 2.427164e+02	 
 3.122614e-01	 -1.872714e-04	 5.338221e-01	 1.120537e-01	 1.159807e+05	 1.159950e+05	 1.433264e+01	 0	 7.171183e+02	 4.215974e-02	 4.225853e-02	 7.857416e+01	 2.427164e+02	 
 3.122614e-01	 -1.872714e-04	 5.338221e-01	 1.120537e-01	 1.159807e+05	 1.159950e+05	 1.433264e+01	 0	 7.171183e+02	 4.215974e-02	 4.225853e-02	 7.857416e+01	 2.427164e+02	 
 3.122614e-01	 -1.872714e-04	 5.338221e-01	 1.120537e-01	 1.159807e+05	 1.159950e+05	 1.433264e+01	 0	 7.171183e+02	 4.215974e-02	 4.225853e-02	 7.857416e+01	 2.427164e+02	 
 3.122614e-01	 -1.872714e-04	 5.338221e-01	 1.120537e-01	 1.159807e+05	 1.159950e+05	 1.433264e+01	 0	 7.171183e+02	 4.215974e-02	 4.225853e-02	 7.857416e+01	 2.427164e+02	 
 3.122614e-01	 -1.872714e-04	 5.338221e-01	 1.120537e-01	 1.159807e+05	 1.159950e+05	 1.433264e+01	 0	 7.171183e+02	 4.215974e-02	 4.225853e-02	 7.857416e+01	 2.427164e+02	 
 3.122614e-01	 -1.872714e-04	 5.338221e-01	 1.120537e-01	 1.159807e+05	 1.159950e+05	 1.433264e+01	 0	 7.171183e+02	 4.215974e-02	 4.225853e-02	 7.857416e+01	 2.427164e+02	 
 3.122614e-01	 -1.872714e-04	 5.338221e-01	 1.120537e-01	 1.159807e+05	 1.159950e+05	 1.433264e+01	 0	 7.171183e+02	 4.215974e-02	 4.225853e-02	 7.857416e+01	 2.427164e+02	 
 3.122614e-01	 -1.872714e-04	 5.338221e-01	 1.120537e-01	 1.159807e+05	 1.159950e+05	 1.433264e+01	 0	 7.171183e+02	 4.215974e-02	 4.225853e-02	 7.857416e+01	 2.427164e+02	 
 3.122614e-01	 -1.872714e-04	 5.338221e-01	 1.120537e-01	 1.159807e+05	 1.159950e+05	 1.433264e+01	 0	 7.171183e+02	 4.215974e-02	 4.225853e-02	 7.857416e+01	 2.427164e+02	 
 3.122614e-01	 -1.872714e-04	 5.338221e-01	 1.120537e-01	 1.159807e+05	 1.159950e+05	 1.433264e+01	 0	 7.171183e+02	 4.215974e-02	 4.225853e-02	 7.857416e+01	 2.427164e+02	 
 2.190040e-02	 1.188842e-03	 8.132166e-01	 1.922909e-01	 1.111862e+05	 1.110839e+05	 1.022956e+02	 1	 4.809463e+04	 3.373769e-02	 3.203343e+02	 4.507181e+02	 1.805584e+02	 
 2.190040e-02	 1.188842e-03	 8.132166e-01	 1.922909e-01	 1.111862e+05	 1.110839e+05	 1.022956e+02	 1	 4.809463e+04	 3.373769e-02	 3.203343e+02	 4.507181e+02	 1.805584e+02	 
 2.190040e-02	 1.188842e-03	 8.132166e-01	 1.922909e-01	 1.111862e+05	 1.110839e+05	 1.022956e+02	 1	 4.809463e+04	 3.373769e-02	 3.203343e+02	 4.507181e+02	 1.805584e+02	 
 2.190040e-02	 1.188842e-03	 8.132166e-01	 1.922909e-01	 1.111862e+05	 1.110839e+05	 1.022956e+02	 1	 4.809463e+04	 3.373769e-02	 3.203343e+02	 4.507181e+02	 1.805584e+02	 
 2.190040e-02	 1.188842e-03	 8.132166e-01	 1.922909e-01	 1.111862e+05	 1.110839e+05	 1.022956e+02	 1	 4.809463e+04	 3.373769e-02	 3.203343e+02	 4.507181e+02	 1.805584e+02	 
 2.190040e-02	 1.188842e-03	 8.132166e-01	 1.922909e-01	 1.111862e+05	 1.110839e+05	 1.022956e+02	 1	 4.809463e+04	 3.373769e-02	 3.203343e+02	 4.507181e+02	 1.805584e+02	 
 3.122614e-01	 -1.872714e-04	 5.338221e-01	 1.120537e-01	 1.159807e+05	 1.159950e+05	 1.433264e+01	 0	 7.171183e+02	 4.215974e-02	 4.225853e-02	 7.857416e+01	 2.427164e+02	 
 3.122614e-01	 -1.872714e-04	 5.338221e-01	 1.120537e-01	 1.159807e+05	 1.159950e+05	 1.433264e+01	 0	 7.171183e+02	 4.215974e-02	 4.225853e-02	 7.857416e+01	 2.427164e+02	 
 3.122614e-01	 -1.872714e-04	 5.338221e-01	 1.120537e-01	 1.159807e+05	 1.159950e+05	 1.433264e+01	 0	 7.171183e+02	 4.215974e-02	 4.225853e-02	 7.857416e+01	 2.427164e+02	 
 3.122614e-01	 -1.872714e-04	 5.338221e-01	 1.120537e-01	 1.159807e+05	 1.159950e+05	 1.433264e+01	 0	 7.171183e+02	 4.215974e-02	 4.225853e-02	 7.857416e+01	 2.427164e+02	 
 3.122614e-01	 -1.872714e-04	 5.338221e-01	 1.120537e-01	 1.159807e+05	 1.159950e+05	 1.433264e+01	 0	 7.171183e+02	 4.215974e-02	 4.225853e-02	 7.857416e+01	 2.427164e+02	 
 3.122614e-01	 -1.872714e-04	 5.338221e-01	 1.120537e-01	 1.159807e+05	 1.159950e+05	 1.433264e+01	 0	 7.171183e+02	 4.215974e-02	 4.225853e-02	 7.857416e+01	 2.427164e+02	 
 3.122614e-01	 -1.872714e-04	 5.338221e-01	 1.120537e-01	 1.159807e+05	 1.159950e+05	 1.433264e+01	 0	 7.171183e+02	 4.215974e-02	 4.225853e-02	 7.857416e+01	 2.427164e+02	 
 3.122614e-01	 -1.872714e-04	 5.338221e-01	 1.120537e-01	 1.159807e+05	 1.159950e+05	 1.433264e+01	 0	 7.171183e+02	 4.215974e-02	 4.225853e-02	 7.857416e+01	 2.427164e+02	 
 3.122614e-01	 -1.872714e-04	 5.338221e-01	 1.120537e-01	 1.159807e+05	 1.159950e+05	 1.433264e+01	 0	 7.171183e+02	 4.215974e-02	 4.225853e-02	 7.857416e+01	 2.427164e+02	 
 3.122614e-01	 -1.872714e-04	 5.338221e-01	 1.120537e-01	 1.159807e+05	 1.159950e+05	 1.433264e+01	 0	 7.171183e+02	 4.215974e-02	 4.225853e-02	 7.857416e+01	 2.427164e+02	 
 3.122614e-01	 -1.872714e-04	 5.338221e-01	 1.120537e-01	 1.159807e+05	 1.159950e+05	 1.433264e+01	 0	 7.171183e+02	 4.215974e-02	 4.225853e-02	 7.857416e+01	 2.427164e+02	 
 3.122614e-01	 -1.872714e-04	 5.338221e-01	 1.120537e-01	 1.159807e+05	 1.159950e+05	 1.433264e+01	 0	 7.171183e+02	 4.215974e-02	 4.225853e-02	 7.857416e+01	 2.427164e+02	 
 2.190040e-02	 1.188842e-03	 8.132166e-01	 1.922909e-01	 1.111862e+05	 1.110839e+05	 1.022956e+02	 1	 4.809463e+04	 3.373769e-02	 3.203343e+02	 4.507181e+02	 1.805584e+02	 
 2.190040e-02	 1.188842e-03	 8.132166e-01	 1.922909e-01	 1.111862e+05	 1.110839e+05	 1.022956e+02	 1	 4.809463e+04	 3.373769e-02	 3.203343e+02	 4.507181e+02	 1.805584e+02	 
 2.190040e-02	 1.188842e-03	 8.132166e-01	 1.922909e-01	 1.111862e+05	 1.110839e+05	 1.022956e+02	 1	 4.809463e+04	 3.373769e-02	 3.203343e+02	 4.507181e+02	 1.805584e+02	 
 2.190040e-02	 1.188842e-03	 8.132166e-01	 1.922909e-01	 1.111862e+05	 1.110839e+05	 1.022956e+02	 1	 4.809463e+04	 3.373769e-02	 3.203343e+02	 4.507181e+02	 1.805584e+02	 
 2.190040e-02	 1.188842e-03	 8.132166e-01	 1.922909e-01	 1.111862e+05	 1.110839e+05	 1.022956e+02	 1	 4.809463e+04	 3.373769e-02	 3.203343e+02	 4.507181e+02	 1.805584e+02	 
 2.190040e-02	 1.188842e-03	 8.132166e-01	 1.922909e-01	 1.111862e+05	 1.110839e+05	 1.022956e+02	 1	 4.809463e+04	 3.373769e-02	 3.203343e+02	 4.507181e+02	 1.805584e+02	 
 2.243069e-04	 1.619950e-03	 8.219727e-01	 2.062012e-01	 9.126593e+04	 9.115118e+04	 1.147483e+02	 1	 4.126042e+04	 3.371806e-02	 2.111270e+02	 5.513921e+02	 4.008285e+02	 
 2.243069e-04	 1.619950e-03	 8.219727e-01	 2.062012e-01	 9.126593e+04	 9.115118e+04	 1.147483e+02	 1	 4.126042e+04	 3.371806e-02	 2.111270e+02	 5.513921e+02	 4.008285e+02	 
 2.243069e-04	 1.619950e-03	 8.219727e-01	 2.062012e-01	 9.126593e+04	 9.115118e+04	 1.147483e+02	 1	 4.126042e+04	 3.371806e-02	 2.111270e+02	 5.513921e+02	 4.008285e+02	 
 2.243069e-04	 1.619950e-03	 8.219727e-01	 2.062012e-01	 9.126593e+04	 9.115118e+04	 1.147483e+02	 1	 4.126042e+04	 3.371806e-02	 2.111270e+02	 5.513921e+02	 4.008285e+02	 
 2.243069e-04	 1.619950e-03	 8.219727e-01	 2.062012e-01	 9.126593e+04	 9.115118e+04	 1.147483e+02	 1	 4.126042e+04	 3.371806e-02	 2.111270e+02	 5.513921e+02	 4.008285e+02	 
 2.243069e-04	 1.619950e-03	 8.219727e-01	 2.062012e-01	 9.126593e+04	 9.115118e+04	 1.147483e+02	 1	 4.126042e+04	 3.371806e-02	 2.111270e+02	 5.513921e+02	 4.008285e+02	 
 3.517686e-03	 1.582436e-03	 8.208191e-01	 2.040287e-01	 9.126333e+04	 9.115118e+04	 1.121495e+02	 1	 4.108503e+04	 3.519889e-02	 2.194082e+02	 6.318681e+02	 3.986926e+02	 
 3.517686e-03	 1.582436e-03	 8.208191e-01	 2.040287e-01	 9.126333e+04	 9.115118e+04	 1.121495e+02	 1	 4.108503e+04	 3.519889e-02	 2.194082e+02	 6.318681e+02	 3.986926e+02	 
 3.517686e-03	 1.582436e-03	 8.208191e-01	 2.040287e-01	 9.126333e+04	 9.115118e+04	 1.121495e+02	 1	 4.108503e+04	 3.519889e-02	 2.194082e+02	 6.318681e+02	 3.986926e+02	 
 3.517686e-03	 1.582436e-03	 8.208191e-01	 2.040287e-01	 9.126333e+04	 9.115118e+04	 1.121495e+02	 1	 4.108503e+04	 3.519889e-02	 2.194082e+02	 6.318681e+02	 3.986926e+02	 
 3.517686e-03	 1.582436e-03	 8.208191e-01	 2.040287e-01	 9.126333e+04	 9.115118e+04	 1.121495e+02	 1	 4.108503e+04	 3.519889e-02	 2.194082e+02	 6.318681e+02	 3.986926e+02	 
 3.517686e-03	 1.582436e-03	 8.208191e-01	 2.040287e-01	 9.126333e+04	 9.115118e+04	 1.121495e+02	 1	 4.108503e+04	 3.519889e-02	 2.194082e+02	 6.318681e+02	 3.986926e+02	 
 2.190040e-02	 1.188842e-03	 8.132166e-01	 1.922909e-01	 1.111862e+05	 1.110839e+05	 1.022956e+02	 1	 4.809463e+04	 3.373769e-02	 3.203343e+02	 4.507181e+02	 1.805584e+02	 
 2.190040e-02	 1.188842e-03	 8.132166e-01	 1.922909e-01	 1.111862e+05	 1.110839e+05	 1.022956e+02	 1	 4.809463e+04	 3.373769e-02	 3.203343e+02	 4.507181e+02	 1.805584e+02	 
 2.190040e-02	 1.188842e-03	 8.132166e-01	 1.922909e-01	 1.111862e+05	 1.110839e+05	 1.022956e+02	 1	 4.809463e+04	 3.373769e-02	 3.203343e+02	 4.507181e+02	 1.805584e+02	 
 2.190040e-02	 1.188842e-03	 8.132166e-01	 1.922909e-01	 1.111862e+05	 1.110839e+05	 1.022956e+02	 1	 4.809463e+04	 3.373769e-02	 3.203343e+02	 4.507181e+02	 1.805584e+02	 
 2.190040e-02	 1.188842e-03	 8.132166e-01	 1.922909e-01	 1.111862e+05	 1.110839e+05	 1.022956e+02	 1	 4.809463e+04	 3.373769e-02	 3.203343e+02	 4.507181e+02	 1.805584e+02	 
 2.190040e-02	 1.188842e-03	 8.132166e-01	 1.922909e-01	 1.111862e+05	 1.110839e+05	 1.022956e+02	 1	 4.809463e+04	 3.373769e-02	 3.203343e+02	 4.507181e+02	 1.805584e+02	 
 2.947746e-01	 -9.205558e-04	 -7.179113e-02	 4.952237e-01	 7.051851e+04	 7.055942e+04	 4.090387e+01	 0	 2.504258e+03	 2.870245e-01	 2.852730e-01	 1.969737e+02	 7.883999e+01	 
 2.947746e-01	 -9.205558e-04	 -7.179113e-02	 4.952237e-01	 7.051851e+04	 7.055942e+04	 4.090387e+01	 0	 2.504258e+03	 2.870245e-01	 2.852730e-01	 1.969737e+02	 7.883999e+01	 
 2.947746e-01	 -9.205558e-04	 -7.179113e-02	 4.952237e-01	 7.051851e+04	 7.055942e+04	 4.090387e+01	 0	 2.504258e+03	 2.870245e-01	 2.852730e-01	 1.969737e+02	 7.883999e+01	 
 2.947746e-01	 -9.205558e-04	 -7.179113e-02	 4.952237e-01	 7.051851e+04	 7.055942e+04	 4.090387e+01	 0	 2.504258e+03	 2.870245e-01	 2.852730e-01	 1.969737e+02	 7.883999e+01	 
 2.947746e-01	 -9.205558e-04	 -7.179113e-02	 4.952237e-01	 7.051851e+04	 7.055942e+04	 4.090387e+01	 0	 2.504258e+03	 2.870245e-01	 2.852730e-01	 1.969737e+02	 7.883999e+01	 
 2.947746e-01	 -9.205558e-04	 -7.179113e-02	 4.952237e-01	 7.051851e+04	 7.055942e+04	 4.090387e+01	 0	 2.504258e+03	 2.870245e-01	 2.852730e-01	 1.969737e+02	 7.883999e+01	 
 2.947746e-01	 -9.205558e-04	 -7.179113e-02	 4.952237e-01	 7.051851e+04	 7.055942e+04	 4.090387e+01	 0	 2.504258e+03	 2.870245e-01	 2.852730e-01	 1.969737e+02	 7.883999e+01	 
 2.947746e-01	 -9.205558e-04	 -7.179113e-02	 4.952237e-01	 7.051851e+04	 7.055942e+04	 4.090387e+01	 0	 2.504258e+03	 2.870245e-01	 2.852730e-01	 1.969737e+02	 7.883999e+01	 
 2.947746e-01	 -9.205558e-04	 -7.179113e-02	 4.952237e-01	 7.051851e+04	 7.055942e+04	 4.090387e+01	 0	 2.504258e+03	 2.870245e-01	 2.852730e-01	 1.969737e+02	 7.883999e+01	 
 2.947746e-01	 -9.205558e-04	 -7.179113e-02	 4.952237e-01	 7.051851e+04	 7.055942e+04	 4.090387e+01	 0	 2.504258e+03	 2.870245e-01	 2.852730e-01	 1.969737e+02	 7.883999e+01	 
 2.947746e-01	 -9.205558e-04	 -7.179113e-02	 4.952237e-01	 7.051851e+04	 7.055942e+04	 4.090387e+01	 0	 2.504258e+03	 2.870245e-01	 2.852730e-01	 1.969737e+02	 7.883999e+01	 
 2.947746e-01	 -9.205558e-04	 -7.179113e-02	 4.952237e-01	 7.051851e+04	 7.055942e+04	 4.090387e+01	 0	 2.504258e+03	 2.870245e-01	 2.852730e-01	 1.969737e+02	 7.883999e+01	 
 2.190040e-02	 1.188842e-03	 8.132166e-01	 1.922909e-01	 1.111862e+05	 1.110839e+05	 1.022956e+02	 1	 4.809463e+04	 3.373769e-02	 3.203343e+02	 4.507181e+02	 1.805584e+02	 
 2.190040e-02	 1.188842e-03	 8.132166e-01	 1.922909e-01	 1.111862e+05	 1.110839e+05	 1.022956e+02	 1	 4.809463e+04	 3.373769e-02	 3.203343e+02	 4.507181e+02	 1.805584e+02	 
 2.190040e-02	 1.188842e-03	 8.132166e-01	 1.922909e-01	 1.111862e+05	 1.110839e+05	 1.022956e+02	 1	 4.809463e+04	 3.373769e-02	 3.203343e+02	 4.507181e+02	 1.805584e+02	 
 2.190040e-02	 1.188842e-03	 8.132166e-01	 1.922909e-01	 1.111862e+05	 1.110839e+05	 1.022956e+02	 1	 4.809463e+04	 3.373769e-02	 3.203343e+02	 4.507181e+02	 1.805584e+02	 
 2.190040e-02	 1.188842e-03	 8.132166e-01	 1.922909e-01	 1.111862e+05	 1.110839e+05	 1.022956e+02	 1	 4.809463e+04	 3.373769e-02	 3.203343e+02	 4.507181e+02	 1.805584e+02	 
 2.190040e-02	 1.188842e-03	 8.132166e-01	 1.922909e-01	 1.111862e+05	 1.110839e+05	 1.022956e+02	 1	 4.809463e+04	 3.373769e-02	 3.203343e+02	 4.507181e+02	 1.805584e+02	 
 2.243069e-04	 1.619950e-03	 8.219727e-01	 2.062012e-01	 9.126593e+04	 9.115118e+04	 1.147483e+02	 1	 4.126042e+04	 3.371806e-02	 2.111270e+02	 5.513921e+02	 4.008285e+02	 
 2.243069e-04	 1.619950e-03	 8.219727e-01	 2.062012e-01	 9.126593e+04	 9.115118e+04	 1.147483e+02	 1	 4.126042e+04	 3.371806e-02	 2.111270e+02	 5.513921e+02	 4.008285e+02	 
 2.243069e-04	 1.619950e-03	 8.219727e-01	 2.062012e-01	 9.126593e+04	 9.115118e+04	 1.147483e+02	 1	 4.126042e+04	 3.371806e-02	 2.111270e+02	 5.513921e+02	 4.008285e+02	 
 2.243069e-04	 1.619950e-03	 8.219727e-01	 2.062012e-01	 9.126593e+04	 9.115118e+04	 1.147483e+02	 1	 4.126042e+04	 3.371806e-02	 2.111270e+02	 5.513921e+02	 4.008285e+02	 
 2.243069e-04	 1.619950e-03	 8.219727e-01	 2.062012e-01	 9.126593e+04	 9.115118e+04	 1.147483e+02	 1	 4.126042e+04	 3.371806e-02	 2.111270e+02	 5.513921e+02	 4.008285e+02	 
 2.243069e-04	 1.619950e-03	 8.219727e-01	 2.062012e-01	 9.126593e+04	 9.115118e+04	 1.147483e+02	 1	 4.126042e+04	 3.371806e-02	 2.111270e+02	 5.513921e+02	 4.008285e+02	 
 3.518869e-03	 1.583848e-03	 8.208190e-01	 2.040277e-01	 9.126344e+04	 9.115118e+04	 1.122601e+02	 1	 4.108499e+04	 3.461249e-02	 2.192584e+02	 6.315625e+02	 3.986797e+02	 
 3.518869e-03	 1.583848e-03	 8.208190e-01	 2.040277e-01	 9.126344e+04	 9.115118e+04	 1.122601e+02	 1	 4.108499e+04	 3.461249e-02	 2.192584e+02	 6.315625e+02	 3.986797e+02	 
 3.518869e-03	 1.583848e-03	 8.208190e-01	 2.040277e-01	 9.126344e+04	 9.115118e+04	 1.122601e+02	 1	 4.108499e+04	 3.461249e-02	 2.192584e+02	 6.315625e+02	 3.986797e+02	 
 3.518869e-03	 1.583848e-03	 8.208190e-01	 2.040277e-01	 9.126344e+04	 9.115118e+04	 1.122601e+02	 1	 4.108499e+04	 3.461249e-02	 2.192584e+02	 6.315625e+02	 3.986797e+02	 
 3.518869e-03	 1.583848e-03	 8.208190e-01	 2.040277e-01	 9.126344e+04	 9.115118e+04	 1.122601e+02	 1	 4.108499e+04	 3.461249e-02	 2.192584e+02	 6.315625e+02	 3.986797e+02	 
 3.518869e-03	 1.583848e-03	 8.208190e-01	 2.040277e-01	 9.126344e+04	 9.115118e+04	 1.122601e+02	 1	 4.108499e+04	 3.461249e-02	 2.192584e+02	 6.315625e+02	 3.986797e+02	 
 2.190040e-02	 1.188842e-03	 8.132166e-01	 1.922909e-01	 1.111862e+05	 1.110839e+05	 1.022956e+02	 1	 4.809463e+04	 3.373769e-02	 3.203343e+02	 4.507181e+02	 1.805584e+02	 
 2.190040e-02	 1.188842e-03	 8.132166e-01	 1.922909e-01	 1.111862e+05	 1.110839e+05	 1.022956e+02	 1	 4.809463e+04	 3.373769e-02	 3.203343e+02	 4.507181e+02	 1.805584e+02	 
 2.190040e-02	 1.188842e-03	 8.132166e-01	 1.922909e-01	 1.111862e+05	 1.110839e+05	 1.022956e+02	 1	 4.809463e+04	 3.373769e-02	 3.203343e+02	 4.507181e+02	 1.805584e+02	 
 2.190040e-02	 1.188842e-03	 8.132166e-01	 1.922909e-01	 1.111862e+05	 1.110839e+05	 1.022956e+02	 1	 4.809463e+04	 3.373769e-02	 3.203343e+02	 4.507181e+02	 1.805584e+02	 
 2.190040e-02	 1.188842e-03	 8.132166e-01	 1.922909e-01	 1.111862e+05	 1.110839e+05	 1.022956e+02	 1	 4.809463e+04	 3.373769e-02	 3.203343e+02	 4.507181e+02	 1.805584e+02	 
 2.190040e-02	 1.188842e-03	 8.132166e-01	 1.922909e-01	 1.111862e+05	 1.110839e+05	 1.022956e+02	 1	 4.809463e+04	 3.373769e-02	 3.203343e+02	 4.507181e+02	 1.805584e+02	 
 2.079824e-01	 8.172824e-04	 1.501397e+00	 -3.903526e-01	 1.159297e+05	 1.158586e+05	 7.110502e+01	 0	 1.061058e+03	 3.210237e-01	 1.631161e+02	 2.184329e+02	 3.794887e+02	 
 2.079824e-01	 8.172824e-04	 1.501397e+00	 -3.903526e-01	 1.159297e+05	 1.158586e+05	 7.110502e+01	 0	 1.061058e+03	 3.210237e-01	 1.631161e+02	 2.184329e+02	 3.794887e+02	 
 2.079824e-01	 8.172824e-04	 1.501397e+00	 -3.903526e-01	 1.159297e+05	 1.158586e+05	 7.110502e+01	 0	 1.061058e+03	 3.210237e-01	 1.631161e+02	 2.184329e+02	 3.794887e+02	 
 2.079824e-01	 8.172824e-04	 1.501397e+00	 -3.903526e-01	 1.159297e+05	 1.158586e+05	 7.110502e+01	 0	 1.061058e+03	 3.210237e-01	 1.631161e+02	 2.184329e+02	 3.794887e+02	 
 2.079824e-01	 8.172824e-04	 1.501397e+00	 -3.903526e-01	 1.159297e+05	 1.158586e+05	 7.110502e+01	 0	 1.061058e+03	 3.210237e-01	 1.631161e+02	 2.184329e+02	 3.794887e+02	 
 2.079824e-01	 8.172824e-04	 1.501397e+00	 -3.903526e-01	 1.159297e+05	 1.158586e+05	 7.110502e+01	 0	 1.061058e+03	 3.210237e-01	 1.631161e+02	 2.184329e+02	 3.794887e+02	 
 2.079824e-01	 8.172824e-04	 1.501397e+00	 -3.903526e-01	 1.159297e+05	 1.158586e+05	 7.110502e+01	 0	 1.061058e+03	 3.210237e-01	 1.631161e+02	 2.184329e+02	 3.794887e+02	 
 2.079824e-01	 8.172824e-04	 1.501397e+00	 -3.903526e-01	 1.159297e+05	 1.158586e+05	 7.110502e+01	 0	 1.061058e+03	 3.210237e-01	 1.631161e+02	 2.184329e+02	 3.794887e+02	 
 2.079824e-01	 8.172824e-04	 1.501397e+00	 -3.903526e-01	 1.159297e+05	 1.158586e+05	 7.110502e+01	 0	 1.061058e+03	 3.210237e-01	 1.631161e+02	 2.184329e+02	 3.794887e+02	 
 2.079824e-01	 8.172824e-04	 1.501397e+00	 -3.903526e-01	 1.159297e+05	 1.158586e+05	 7.110502e+01	 0	 1.061058e+03	 3.210237e-01	 1.631161e+02	 2.184329e+02	 3.794887e+02	 
 2.079824e-01	 8.172824e-04	 1.501397e+00	 -3.903526e-01	 1.159297e+05	 1.158586e+05	 7.110502e+01	 0	 1.061058e+03	 3.210237e-01	 1.631161e+02	 2.184329e+02	 3.794887e+02	 
 2.079824e-01	 8.172824e-04	 1.501397e+00	 -3.903526e-01	 1.159297e+05	 1.158586e+05	 7.110502e+01	 0	 1.061058e+03	 3.210237e-01	 1.631161e+02	 2.184329e+02	 3.794887e+02	 
 2.190040e-02	 1.188842e-03	 8.132166e-01	 1.922909e-01	 1.111862e+05	 1.110839e+05	 1.022956e+02	 1	 4.809463e+04	 3.373769e-02	 3.203343e+02	 4.507181e+02	 1.805584e+02	 
 2.190040e-02	 1.188842e-03	 8.132166e-01	 1.922909e-01	 1.111862e+05	 1.110839e+05	 1.022956e+02	 1	 4.809463e+04	 3.373769e-02	 3.203343e+02	 4.507181e+02	 1.805584e+02	 
 2.190040e-02	 1.188842e-03	 8.132166e-01	 1.922909e-01	 1.111862e+05	 1.110839e+05	 1.022956e+02	 1	 4.809463e+04	 3.373769e-02	 3.203343e+02	 4.507181e+02	 1.805584e+02	 
 2.190040e-02	 1.188842e-03	 8.132166e-01	 1.922909e-01	 1.111862e+05	 1.110839e+05	 1.022956e+02	 1	 4.809463e+04	 3.373769e-02	 3.203343e+02	 4.507181e+02	 1.805584e+02	 
 2.190040e-02	 1.188842e-03	 8.132166e-01	 1.922909e-01	 1.111862e+05	 1.110839e+05	 1.022956e+02	 1	 4.809463e+04	 3.373769e-02	 3.203343e+02	 4.507181e+02	 1.805584e+02	 
 2.190040e-02	 1.188842e-03	 8.132166e-01	 1.922909e-01	 1.111862e+05	 1.110839e+05	 1.022956e+02	 1	 4.809463e+04	 3.373769e-02	 3.203343e+02	 4.507181e+02	 1.805584e+02	 
 2.190040e-02	 1.188842e-03	 8.132166e-01	 1.922909e-01	 1.111862e+05	 1.110839e+05	 1.022956e+02	 1	 4.809463e+04	 3.373769e-02	 3.203343e+02	 4.507181e+02	 1.805584e+02	 
 2.190040e-02	 1.188842e-03	 8.132166e-01	 1.922909e-01	 1.111862e+05	 1.110839e+05	 1.022956e+02	 1	 4.809463e+04	 3.373769e-02	 3.203343e+02	 4.507181e+02	 1.805584e+02	 
 2.190040e-02	 1.188842e-03	 8.132166e-01	 1.922909e-01	 1.111862e+05	 1.110839e+05	 1.022956e+02	 1	 4.809463e+04	 3.373769e-02	 3.203343e+02	 4.507181e+02	 1.805584e+02	 
 2.190040e-02	 1.188842e-03	 8.132166e-01	 1.922909e-01	 1.111862e+05	 1.110839e+05	 1.022956e+02	 1	 4.809463e+04	 3.373769e-02	 3.203343e+02	 4.507181e+02	 1.805584e+02	 
 2.190040e-02	 1.188842e-03	 8.132166e-01	 1.922909e-01	 1.111862e+05	 1.110839e+05	 1.022956e+02	 1	 4.809463e+04	 3.373769e-02	 3.203343e+02	 4.507181e+02	 1.805584e+02	 
 2.190040e-02	 1.188842e-03	 8.132166e-01	 1.922909e-01	 1.111862e+05	 1.110839e+05	 1.022956e+02	 1	 4.809463e+04	 3.373769e-02	 3.203343e+02	 4.507181e+02	 1.805584e+02	 
 2.106130e-02	 1.069961e-03	 8.134807e-01	 1.928588e-01	 1.111748e+05	 1.110839e+05	 9.087735e+01	 1	 4.811518e+04	 3.342624e-02	 3.579246e+02	 5.161135e+02	 2.145054e+02	 
 2.106130e-02	 1.069961e-03	 8.134807e-01	 1.928588e-01	 1.111748e+05	 1.110839e+05	 9.087735e+01	 1	 4.811518e+04	 3.342624e-02	 3.579246e+02	 5.161135e+02	 2.145054e+02	 
 2.106130e-02	 1.069961e-03	 8.134807e-01	 1.928588e-01	 1.111748e+05	 1.110839e+05	 9.087735e+01	 1	 4.811518e+04	 3.342624e-02	 3.579246e+02	 5.161135e+02	 2.145054e+02	 
 2.106130e-02	 1.069961e-03	 8.134807e-01	 1.928588e-01	 1.111748e+05	 1.110839e+05	 9.087735e+01	 1	 4.811518e+04	 3.342624e-02	 3.579246e+02	 5.161135e+02	 2.145054e+02	 
 2.106130e-02	 1.069961e-03	 8.134807e-01	 1.928588e-01	 1.111748e+05	 1.110839e+05	 9.087735e+01	 1	 4.811518e+04	 3.342624e-02	 3.579246e+02	 5.161135e+02	 2.145054e+02	 
 2.106130e-02	 1.069961e-03	 8.134807e-01	 1.928588e-01	 1.111748e+05	 1.110839e+05	 9.087735e+01	 1	 4.811518e+04	 3.342624e-02	 3.579246e+02	 5.161135e+02	 2.145054e+02	 
 2.190040e-02	 1.188842e-03	 8.132166e-01	 1.922909e-01	 1.111862e+05	 1.110839e+05	 1.022956e+02	 1	 4.809463e+04	 3.373769e-02	 3.203343e+02	 4.507181e+02	 1.805584e+02	 
 2.190040e-02	 1.188842e-03	 8.132166e-01	 1.922909e-01	 1.111862e+05	 1.110839e+05	 1.022956e+02	 1	 4.809463e+04	 3.373769e-02	 3.203343e+02	 4.507181e+02	 1.805584e+02	 
 2.190040e-02	 1.188842e-03	 8.132166e-01	 1.922909e-01	 1.111862e+05	 1.110839e+05	 1.022956e+02	 1	 4.809463e+04	 3.373769e-02	 3.203343e+02	 4.507181e+02	 1.805584e+02	 
 2.190040e-02	 1.188842e-03	 8.132166e-01	 1.922909e-01	 1.111862e+05	 1.110839e+05	 1.022956e+02	 1	 4.809463e+04	 3.373769e-02	 3.203343e+02	 4.507181e+02	 1.805584e+02	 
 2.190040e-02	 1.188842e-03	 8.132166e-01	 1.922909e-01	 1.111862e+05	 1.110839e+05	 1.022956e+02	 1	 4.809463e+04	 3.373769e-02	 3.203343e+02	 4.507181e+02	 1.805584e+02	 
 2.190040e-02	 1.188842e-03	 8.132166e-01	 1.922909e-01	 1.111862e+05	 1.110839e+05	 1.022956e+02	 1	 4.809463e+04	 3.373769e-02	 3.203343e+02	 4.507181e+02	 1.805584e+02	 
 3.122614e-01	 -1.872714e-04	 5.338221e-01	 1.120537e-01	 1.159807e+05	 1.159950e+05	 1.433264e+01	 0	 7.171183e+02	 4.215974e-02	 4.225853e-02	 7.857416e+01	 2.427164e+02	 
 3.122614e-01	 -1.872714e-04	 5.338221e-01	 1.120537e-01	 1.159807e+05	 1.159950e+05	 1.433264e+01	 0	 7.171183e+02	 4.215974e-02	 4.225853e-02	 7.857416e+01	 2.427164e+02	 
 3.122614e-01	 -1.872714e-04	 5.338221e-01	 1.120537e-01	 1.159807e+05	 1.159950e+05	 1.433264e+01	 0	 7.171183e+02	 4.215974e-02	 4.225853e-02	 7.857416e+01	 2.427164e+02	 
 3.122614e-01	 -1.872714e-04	 5.338221e-01	 1.120537e-01	 1.159807e+05	 1.159950e+05	 1.433264e+01	 0	 7.171183e+02	 4.215974e-02	 4.225853e-02	 7.857416e+01	 2.427164e+02	 
 3.122614e-01	 -1.872714e-04	 5.338221e-01	 1.120537e-01	 1.159807e+05	 1.159950e+05	 1.433264e+01	 0	 7.171183e+02	 4.215974e-02	 4.225853e-02	 7.857416e+01	 2.427164e+02	 
 3.122614e-01	 -1.872714e-04	 5.338221e-01	 1.120537e-01	 1.159807e+05	 1.159950e+05	 1.433264e+01	 0	 7.171183e+02	 4.215974e-02	 4.225853e-02	 7.857416e+01	 2.427164e+02	 
 3.122614e-01	 -1.872714e-04	 5.338221e-01	 1.120537e-01	 1.159807e+05	 1.159950e+05	 1.433264e+01	 0	 7.171183e+02	 4.215974e-02	 4.225853e-02	 7.857416e+01	 2.427164e+02	 
 3.122614e-01	 -1.872714e-04	 5.338221e-01	 1.120537e-01	 1.159807e+05	 1.159950e+05	 1.433264e+01	 0	 7.171183e+02	 4.215974e-02	 4.225853e-02	 7.857416e+01	 2.427164e+02	 
 3.122614e-01	 -1.872714e-04	 5.338221e-01	 1.120537e-01	 1.159807e+05	 1.159950e+05	 1.433264e+01	 0	 7.171183e+02	 4.215974e-02	 4.225853e-02	 7.857416e+01	 2.427164e+02	 
 3.122614e-01	 -1.872714e-04	 5.338221e-01	 1.120537e-01	 1.159807e+05	 1.159950e+05	 1.433264e+01	 0	 7.171183e+02	 4.215974e-02	 4.225853e-02	 7.857416e+01	 2.427164e+02	 
 3.122614e-01	 -1.872714e-04	 5.338221e-01	 1.120537e-01	 1.159807e+05	 1.159950e+05	 1.433264e+01	 0	 7.171183e+02	 4.215974e-02	 4.225853e-02	 7.857416e+01	 2.427164e+02	 
 3.122614e-01	 -1.872714e-04	 5.338221e-01	 1.120537e-01	 1.159807e+05	 1.159950e+05	 1.433264e+01	 0	 7.171183e+02	 4.215974e-02	 4.225853e-02	 7.857416e+01	 2.427164e+02	 
 2.190040e-02	 1.188842e-03	 8.132166e-01	 1.922909e-01	 1.111862e+05	 1.110839e+05	 1.022956e+02	 1	 4.809463e+04	 3.373769e-02	 3.203343e+02	 4.507181e+02	 1.805584e+02	 
 2.190040e-02	 1.188842e-03	 8.132166e-01	 1.922909e-01	 1.111862e+05	 1.110839e+05	 1.022956e+02	 1	 4.809463e+04	 3.373769e-02	 3.203343e+02	 4.507181e+02	 1.805584e+02	 
 2.190040e-02	 1.188842e-03	 8.132166e-01	 1.922909e-01	 1.111862e+05	 1.110839e+05	 1.022956e+02	 1	 4.809463e+04	 3.373769e-02	 3.203343e+02	 4.507181e+02	 1.805584e+02	 
 2.190040e-02	 1.188842e-03	 8.132166e-01	 1.922909e-01	 1.111862e+05	 1.110839e+05	 1.022956e+02	 1	 4.809463e+04	 3.373769e-02	 3.203343e+02	 4.507181e+02	 1.805584e+02	 
 2.190040e-02	 1.188842e-03	 8.132166e-01	 1.922909e-01	 1.111862e+05	 1.110839e+05	 1.022956e+02	 1	 4.809463e+04	 3.373769e-02	 3.203343e+02	 4.507181e+02	 1.805584e+02	 
 2.190040e-02	 1.188842e-03	 8.132166e-01	 1.922909e-01	 1.111862e+05	 1.110839e+05	 1.022956e+02	 1	 4.809463e+04	 3.373769e-02	 3.203343e+02	 4.507181e+02	 1.805584e+02	 
 2.079824e-01	 8.172824e-04	 1.501397e+00	 -3.903526e-01	 1.159297e+05	 1.158586e+05	 7.110502e+01	 0	 1.061058e+03	 3.210237e-01	 1.631161e+02	 2.184329e+02	 3.794887e+02	 
 2.079824e-01	 8.172824e-04	 1.501397e+00	 -3.903526e-01	 1.159297e+05	 1.158586e+05	 7.110502e+01	 0	 1.061058e+03	 3.210237e-01	 1.631161e+02	 2.184329e+02	 3.794887e+02	 
 2.079824e-01	 8.172824e-04	 1.501397e+00	 -3.903526e-01	 1.159297e+05	 1.158586e+05	 7.110502e+01	 0	 1.061058e+03	 3.210237e-01	 1.631161e+02	 2.184329e+02	 3.794887e+02	 
 2.079824e-01	 8.172824e-04	 1.501397e+00	 -3.903526e-01	 1.159297e+05	 1.158586e+05	 7.110502e+01	 0	 1.061058e+03	 3.210237e-01	 1.631161e+02	 2.184329e+02	 3.794887e+02	 
 2.079824e-01	 8.172824e-04	 1.501397e+00	 -3.903526e-01	 1.159297e+05	 1.158586e+05	 7.110502e+01	 0	 1.061058e+03	 3.210237e-01	 1.631161e+02	 2.184329e+02	 3.794887e+02	 
 2.079824e-01	 8.172824e-04	 1.501397e+00	 -3.903526e-01	 1.159297e+05	 1.158586e+05	 7.110502e+01	 0	 1.061058e+03	 3.210237e-01	 1.631161e+02	 2.184329e+02	 3.794887e+02	 
 2.079824e-01	 8.172824e-04	 1.501397e+00	 -3.903526e-01	 1.159297e+05	 1.158586e+05	 7.110502e+01	 0	 1.061058e+03	 3.210237e-01	 1.631161e+02	 2.184329e+02	 3.794887e+02	 
 2.079824e-01	 8.172824e-04	 1.501397e+00	 -3.903526e-01	 1.159297e+05	 1.158586e+05	 7.110502e+01	 0	 1.061058e+03	 3.210237e-01	 1.631161e+02	 2.184329e+02	 3.794887e+02	 
 2.079824e-01	 8.172824e-04	 1.501397e+00	 -3.903526e-01	 1.159297e+05	 1.158586e+05	 7.110502e+01	 0	 1.061058e+03	 3.210237e-01	 1.631161e+02	 2.184329e+02	 3.794887e+02	 
 2.079824e-01	 8.172824e-04	 1.501397e+00	 -3.903526e-01	 1.159297e+05	 1.158586e+05	 7.110502e+01	 0	 1.061058e+03	 3.210237e-01	 1.631161e+02	 2.184329e+02	 3.794887e+02	 
 2.079824e-01	 8.172824e-04	 1.501397e+00	 -3.903526e-01	 1.159297e+05	 1.158586e+05	 7.110502e+01	 0	 1.061058e+03	 3.210237e-01	 1.631161e+02	 2.184329e+02	 3.794887e+02	 
 2.079824e-01	 8.172824e-04	 1.501397e+00	 -3.903526e-01	 1.159297e+05	 1.158586e+05	 7.110502e+01	 0	 1.061058e+03	 3.210237e-01	 1.631161e+02	 2.184329e+02	 3.794887e+02	 
 