Condicionamento
6.846832e+03	 1	 0	 
 2.838185e+04	 1	 0	 
 2.292610e+05	 1	 0	 
 4.371885e+04	 1	 0	 
 4.897204e+02	 1	 0	 
 3.537030e+02	 1	 0	 
 2.292251e+04	 1	 0	 
 3.242881e+04	 1	 0	 
 4.598824e+04	 1	 0	 
 3.372224e+03	 1	 0	 
 3.372224e+03	 1	 1	 
 3.537030e+02	 1	 2	 
 3.537030e+02	 1	 3	 
 3.372224e+03	 2	 1	 
 2.292610e+05	 2	 2	 
 2.292610e+05	 2	 3	 
 3.372224e+03	 3	 1	 
 3.242881e+04	 3	 2	 
 3.242881e+04	 3	 3	 
 3.372224e+03	 4	 1	 
 3.372224e+03	 4	 2	 
 3.372224e+03	 4	 3	 
 3.372224e+03	 5	 1	 
 3.242881e+04	 5	 2	 
 3.242881e+04	 5	 3	 
 3.372224e+03	 6	 1	 
 3.372224e+03	 6	 2	 
 3.372224e+03	 6	 3	 
 3.372224e+03	 7	 1	 
 3.242881e+04	 7	 2	 
 3.242881e+04	 7	 3	 
 3.372224e+03	 8	 1	 
 3.242881e+04	 8	 2	 
 3.242881e+04	 8	 3	 
 3.372224e+03	 9	 1	 
 3.242881e+04	 9	 2	 
 3.242881e+04	 9	 3	 
 3.372224e+03	 10	 1	 
 3.372224e+03	 10	 2	 
 3.372224e+03	 10	 3	 
 