3.395250e-01	 2.873975e-01	 3.663073e-01	 1.162264e-03	 1.642137e+01	 1.378961e+01	 
 3.301267e-01	 3.269056e-01	 3.578116e-01	 4.791656e-04	 1.488816e+01	 8.430961e+00	 
 3.388767e-01	 3.072620e-01	 3.410413e-01	 3.298659e-04	 9.472060e+00	 9.482642e+00	 
 4.247124e-01	 2.643989e-01	 2.334103e-01	 1.485270e-03	 8.930264e+00	 7.299415e+00	 
 2.538850e-01	 5.290726e-01	 2.463388e-01	 3.389170e-05	 8.753245e+00	 6.182270e+00	 
 2.541999e-01	 5.282054e-01	 2.467703e-01	 6.009862e-05	 8.753217e+00	 6.243563e+00	 
 2.536782e-01	 5.290299e-01	 2.465599e-01	 7.639409e-05	 8.753007e+00	 5.385384e+00	 
 2.537680e-01	 5.290485e-01	 2.464638e-01	 5.502493e-05	 8.753078e+00	 5.704610e+00	 
 2.539605e-01	 5.291602e-01	 2.461290e-01	 2.616820e-05	 8.752988e+00	 6.462869e+00	 
 2.538731e-01	 5.290701e-01	 2.463515e-01	 3.633941e-05	 8.753232e+00	 6.113020e+00	 
 2.539669e-01	 5.291564e-01	 2.461314e-01	 2.429745e-05	 8.753020e+00	 6.535165e+00	 
 