Condicionamento
4.898565e+04	 1	 0	 
 8.244445e+04	 1	 0	 
 1.427995e+05	 1	 0	 
 2.995187e+05	 1	 0	 
 4.911257e+04	 1	 0	 
 4.696315e+04	 1	 0	 
 2.271958e+04	 1	 0	 
 1.867830e+05	 1	 0	 
 1.909862e+05	 1	 0	 
 1.475843e+05	 1	 0	 
 1.475843e+05	 1	 1	 
 1.909862e+05	 1	 2	 
 1.909862e+05	 1	 3	 
 1.475843e+05	 2	 1	 
 4.911257e+04	 2	 2	 
 4.911257e+04	 2	 3	 
 1.475843e+05	 3	 1	 
 2.271958e+04	 3	 2	 
 2.271958e+04	 3	 3	 
 1.475843e+05	 4	 1	 
 1.475843e+05	 4	 2	 
 1.475843e+05	 4	 3	 
 1.475843e+05	 5	 1	 
 1.909862e+05	 5	 2	 
 1.909862e+05	 5	 3	 
 1.475843e+05	 6	 1	 
 1.909862e+05	 6	 2	 
 1.909862e+05	 6	 3	 
 1.475843e+05	 7	 1	 
 4.911257e+04	 7	 2	 
 4.911257e+04	 7	 3	 
 1.475843e+05	 8	 1	 
 8.244445e+04	 8	 2	 
 8.244445e+04	 8	 3	 
 1.475843e+05	 9	 1	 
 8.244445e+04	 9	 2	 
 8.244445e+04	 9	 3	 
 1.475843e+05	 10	 1	 
 2.271958e+04	 10	 2	 
 2.271958e+04	 10	 3	 
 