Condicionamento
5.354644e+04	 
 3.732506e+04	 
 1.752368e+03	 
 2.140917e+03	 
 1.030994e+05	 
 3.344655e+03	 
 8.362460e+03	 
 4.617069e+04	 
 8.541128e+03	 
 5.394434e+04	 
 5.053198e+04	 
 8.541128e+03	 
 8.541128e+03	 
 5.051908e+04	 
 1.030994e+05	 
 1.030994e+05	 
 5.053422e+04	 
 8.362460e+03	 
 8.362460e+03	 
 5.051908e+04	 
 5.049210e+04	 
 5.041481e+04	 
 5.051908e+04	 
 8.541128e+03	 
 8.541128e+03	 
 5.050137e+04	 
 8.541128e+03	 
 8.541128e+03	 
 5.052692e+04	 
 1.030994e+05	 
 1.030994e+05	 
 5.053422e+04	 
 3.890755e+04	 
 3.980383e+04	 
 5.053422e+04	 
 3.890755e+04	 
 4.007180e+04	 
 5.053197e+04	 
 8.362460e+03	 
 8.362460e+03	 
 