2.369341e-01	 6.926287e-01	 1.538991e-04	 7.028328e-02	 1.149062e+02	 5.706996e+00	 
 2.359309e-01	 6.931353e-01	 1.507232e-04	 7.078311e-02	 1.135636e+02	 5.721498e+00	 
 2.356425e-01	 6.932615e-01	 1.497527e-04	 7.094626e-02	 1.124394e+02	 5.732336e+00	 
 2.354859e-01	 6.933288e-01	 1.492223e-04	 7.103608e-02	 1.118789e+02	 5.738537e+00	 
 2.354046e-01	 6.933634e-01	 1.489459e-04	 7.108303e-02	 1.115992e+02	 5.741830e+00	 
 2.353632e-01	 6.933810e-01	 1.488049e-04	 7.110700e-02	 1.114595e+02	 5.743525e+00	 
 2.353423e-01	 6.933899e-01	 1.487338e-04	 7.111912e-02	 1.113897e+02	 5.744385e+00	 
 2.353318e-01	 6.933943e-01	 1.486980e-04	 7.112521e-02	 1.113548e+02	 5.744818e+00	 
 2.353265e-01	 6.933966e-01	 1.486801e-04	 7.112826e-02	 1.113373e+02	 5.745035e+00	 
 2.353239e-01	 6.933977e-01	 1.486711e-04	 7.112979e-02	 1.113286e+02	 5.745143e+00	 
 2.353225e-01	 6.933982e-01	 1.486666e-04	 7.113056e-02	 1.113242e+02	 5.745198e+00	 
 2.353219e-01	 6.933985e-01	 1.486644e-04	 7.113094e-02	 1.113220e+02	 5.745225e+00	 
 2.353219e-01	 6.933985e-01	 1.486643e-04	 7.113095e-02	 1.113220e+02	 5.745226e+00	 
 2.353218e-01	 6.933985e-01	 1.486642e-04	 7.113098e-02	 1.113218e+02	 5.745228e+00	 
 2.353218e-01	 6.933986e-01	 1.486639e-04	 7.113102e-02	 1.113216e+02	 5.745231e+00	 
 2.160735e-01	 6.988631e-01	 5.282252e-06	 8.505814e-02	 5.121375e+01	 8.328572e+00	 
 2.161980e-01	 6.988262e-01	 5.563108e-06	 8.497025e-02	 5.108379e+01	 8.193526e+00	 
 2.162619e-01	 6.988072e-01	 5.707691e-06	 8.492525e-02	 5.101985e+01	 8.136249e+00	 
 2.162942e-01	 6.987975e-01	 5.780939e-06	 8.490252e-02	 5.098816e+01	 8.109780e+00	 
 2.163105e-01	 6.987926e-01	 5.817795e-06	 8.489109e-02	 5.097239e+01	 8.097046e+00	 
 2.163187e-01	 6.987901e-01	 5.836283e-06	 8.488536e-02	 5.096452e+01	 8.090799e+00	 
 2.163227e-01	 6.987889e-01	 5.845543e-06	 8.488249e-02	 5.096059e+01	 8.087704e+00	 
 2.163248e-01	 6.987883e-01	 5.850177e-06	 8.488106e-02	 5.095862e+01	 8.086164e+00	 
 2.163258e-01	 6.987880e-01	 5.852496e-06	 8.488034e-02	 5.095764e+01	 8.085395e+00	 
 2.163263e-01	 6.987878e-01	 5.853656e-06	 8.487998e-02	 5.095715e+01	 8.085011e+00	 
 2.163266e-01	 6.987878e-01	 5.854236e-06	 8.487980e-02	 5.095691e+01	 8.084819e+00	 
 2.158406e-01	 6.989308e-01	 4.759222e-06	 8.522379e-02	 4.969684e+01	 8.391318e+00	 
 2.161951e-01	 6.989960e-01	 4.097928e-06	 8.480481e-02	 4.953392e+01	 1.113824e+01	 
 2.164668e-01	 6.989152e-01	 4.340951e-06	 8.461365e-02	 4.942467e+01	 1.143137e+01	 
 2.166262e-01	 6.988644e-01	 4.500658e-06	 8.450489e-02	 4.937603e+01	 1.065978e+01	 
 2.167118e-01	 6.988364e-01	 4.589967e-06	 8.444723e-02	 4.935332e+01	 1.042256e+01	 
 2.167560e-01	 6.988218e-01	 4.636973e-06	 8.441759e-02	 4.934239e+01	 1.032242e+01	 
 2.167785e-01	 6.988143e-01	 4.661062e-06	 8.440256e-02	 4.933703e+01	 1.027592e+01	 
 2.167898e-01	 6.988105e-01	 4.673255e-06	 8.439500e-02	 4.933437e+01	 1.025348e+01	 
 2.167955e-01	 6.988086e-01	 4.679388e-06	 8.439120e-02	 4.933305e+01	 1.024244e+01	 
 2.167984e-01	 6.988076e-01	 4.682464e-06	 8.438930e-02	 4.933240e+01	 1.023697e+01	 
 2.167998e-01	 6.988072e-01	 4.684005e-06	 8.438835e-02	 4.933207e+01	 1.023424e+01	 
 2.168005e-01	 6.988069e-01	 4.684775e-06	 8.438788e-02	 4.933190e+01	 1.023288e+01	 
 2.857436e-01	 6.757132e-01	 1.516722e-03	 3.702644e-02	 2.468245e+01	 7.666889e+00	 
 2.879100e-01	 6.749639e-01	 1.559924e-03	 3.556619e-02	 9.363436e+00	 7.785794e+00	 
 2.879100e-01	 6.749639e-01	 1.559924e-03	 3.556619e-02	 8.995923e+00	 8.142566e+00	 
 2.149253e-01	 6.987628e-01	 3.569930e-04	 8.595491e-02	 5.422142e+00	 7.710432e+00	 
 2.144805e-01	 6.991416e-01	 2.311319e-04	 8.614670e-02	 5.056248e+00	 7.710762e+00	 
 2.143159e-01	 6.992937e-01	 1.799015e-04	 8.621053e-02	 4.977321e+00	 7.710929e+00	 
 2.143175e-01	 6.992922e-01	 1.804095e-04	 8.620994e-02	 4.971552e+00	 7.710927e+00	 
 