9.410692e-03	 5.158346e-01	 4.349195e-01	 1.207907e-01	 8.952891e+02	 7.749461e+00	 
 6.378254e-03	 5.028927e-01	 4.282848e-01	 1.335130e-01	 6.182272e+02	 7.731366e+00	 
 5.493146e-03	 4.991152e-01	 4.263483e-01	 1.372264e-01	 5.373584e+02	 7.726095e+00	 
 5.136708e-03	 4.975940e-01	 4.255684e-01	 1.387218e-01	 5.047921e+02	 7.723958e+00	 
 4.975278e-03	 4.969050e-01	 4.252153e-01	 1.393990e-01	 4.900429e+02	 7.722987e+00	 
 4.898303e-03	 4.965765e-01	 4.250469e-01	 1.397220e-01	 4.830100e+02	 7.722522e+00	 
 4.860699e-03	 4.964160e-01	 4.249646e-01	 1.398797e-01	 4.795743e+02	 7.722295e+00	 
 4.842111e-03	 4.963367e-01	 4.249239e-01	 1.399577e-01	 4.778760e+02	 7.722182e+00	 
 4.832870e-03	 4.962972e-01	 4.249037e-01	 1.399965e-01	 4.770316e+02	 7.722126e+00	 
 4.828262e-03	 4.962776e-01	 4.248936e-01	 1.400158e-01	 4.766106e+02	 7.722099e+00	 
 4.825961e-03	 4.962677e-01	 4.248886e-01	 1.400255e-01	 4.764004e+02	 7.722085e+00	 
 4.824811e-03	 4.962628e-01	 4.248861e-01	 1.400303e-01	 4.762953e+02	 7.722078e+00	 
 4.388022e-03	 5.611422e-01	 4.508230e-01	 8.376224e-02	 4.272735e+02	 7.816248e+00	 
 4.040500e-03	 6.127570e-01	 4.714587e-01	 3.899718e-02	 3.882707e+02	 7.900230e+00	 
 