4.510247e-02	 2.206637e-02	 4.395066e-02	 0	 0	 
 4.510247e-02	 2.206637e-02	 4.279886e-02	 0	 0	 
 4.510247e-02	 2.206637e-02	 4.164705e-02	 0	 0	 
 4.510247e-02	 2.206637e-02	 4.049525e-02	 0	 0	 
 4.510247e-02	 2.206637e-02	 3.934344e-02	 0	 0	 
 4.510247e-02	 2.206637e-02	 3.819164e-02	 0	 0	 
 4.510247e-02	 2.206637e-02	 3.703983e-02	 0	 0	 
 4.510247e-02	 2.206637e-02	 3.588803e-02	 0	 0	 
 4.510247e-02	 2.206637e-02	 3.473622e-02	 0	 0	 
 4.510247e-02	 2.206637e-02	 3.358442e-02	 0	 0	 
 4.510247e-02	 2.206637e-02	 3.243261e-02	 0	 0	 
 4.510247e-02	 2.206637e-02	 3.128081e-02	 0	 0	 
 4.510247e-02	 2.206637e-02	 3.012900e-02	 0	 0	 
 4.510247e-02	 2.206637e-02	 2.897720e-02	 0	 0	 
 4.510247e-02	 2.206637e-02	 2.782539e-02	 0	 0	 
 4.510247e-02	 2.206637e-02	 2.667359e-02	 0	 0	 
 4.510247e-02	 2.206637e-02	 2.552178e-02	 0	 0	 
 4.510247e-02	 2.206637e-02	 2.436998e-02	 0	 0	 
 4.510247e-02	 2.206637e-02	 2.321817e-02	 0	 0	 
 4.510247e-02	 2.206637e-02	 2.206637e-02	 0	 0	 
 4.510247e-02	 1.499521e-02	 4.359711e-02	 0	 0	 
 4.510247e-02	 1.499521e-02	 4.209174e-02	 0	 0	 
 4.510247e-02	 1.499521e-02	 4.058638e-02	 0	 0	 
 4.510247e-02	 1.499521e-02	 3.908102e-02	 0	 0	 
 4.510247e-02	 1.499521e-02	 3.757566e-02	 0	 0	 
 4.510247e-02	 1.499521e-02	 3.607029e-02	 0	 0	 
 4.510247e-02	 1.499521e-02	 3.456493e-02	 0	 0	 
 4.510247e-02	 1.499521e-02	 3.305957e-02	 0	 0	 
 4.510247e-02	 1.499521e-02	 3.155420e-02	 0	 0	 
 4.510247e-02	 1.499521e-02	 3.004884e-02	 0	 0	 
 4.510247e-02	 1.499521e-02	 2.854348e-02	 0	 0	 
 4.510247e-02	 1.499521e-02	 2.703812e-02	 0	 0	 
 4.510247e-02	 1.499521e-02	 2.553275e-02	 0	 0	 
 4.510247e-02	 1.499521e-02	 2.402739e-02	 0	 0	 
 4.510247e-02	 1.499521e-02	 2.252203e-02	 0	 0	 
 4.510247e-02	 1.499521e-02	 2.101666e-02	 0	 0	 
 4.510247e-02	 1.499521e-02	 1.951130e-02	 0	 0	 
 4.510247e-02	 1.499521e-02	 1.800594e-02	 0	 0	 
 4.510247e-02	 1.499521e-02	 1.650057e-02	 0	 0	 
 4.510247e-02	 1.499521e-02	 1.499521e-02	 0	 0	 
 4.510247e-02	 1.058589e-02	 4.337664e-02	 0	 0	 
 4.510247e-02	 1.058589e-02	 4.165081e-02	 0	 0	 
 4.510247e-02	 1.058589e-02	 3.992498e-02	 0	 0	 
 4.510247e-02	 1.058589e-02	 3.819915e-02	 0	 0	 
 4.510247e-02	 1.058589e-02	 3.647333e-02	 0	 0	 
 4.510247e-02	 1.058589e-02	 3.474750e-02	 0	 0	 
 4.510247e-02	 1.058589e-02	 3.302167e-02	 0	 0	 
 4.510247e-02	 1.058589e-02	 3.129584e-02	 0	 0	 
 4.510247e-02	 1.058589e-02	 2.957001e-02	 0	 0	 
 4.510247e-02	 1.058589e-02	 2.784418e-02	 0	 0	 
 4.510247e-02	 1.058589e-02	 2.611835e-02	 0	 0	 
 4.510247e-02	 1.058589e-02	 2.439252e-02	 0	 0	 
 4.510247e-02	 1.058589e-02	 2.266669e-02	 0	 0	 
 4.510247e-02	 1.058589e-02	 2.094086e-02	 0	 0	 
 4.510247e-02	 1.058589e-02	 1.921504e-02	 0	 0	 
 4.510247e-02	 1.058589e-02	 1.748921e-02	 0	 0	 
 4.510247e-02	 1.058589e-02	 1.576338e-02	 0	 0	 
 4.510247e-02	 1.058589e-02	 1.403755e-02	 0	 0	 
 4.510247e-02	 1.058589e-02	 1.231172e-02	 0	 0	 
 4.510247e-02	 1.058589e-02	 1.058589e-02	 0	 0	 
 4.292807e-02	 7.969927e-03	 4.118017e-02	 0	 0	 
 4.292807e-02	 7.969927e-03	 3.943226e-02	 0	 0	 
 4.292807e-02	 7.969927e-03	 3.768435e-02	 0	 0	 
 4.292807e-02	 7.969927e-03	 3.593644e-02	 0	 0	 
 4.292807e-02	 7.969927e-03	 3.418854e-02	 0	 0	 
 4.292807e-02	 7.969927e-03	 3.244063e-02	 0	 0	 
 4.292807e-02	 7.969927e-03	 3.069272e-02	 0	 0	 
 4.292807e-02	 7.969927e-03	 2.894481e-02	 0	 0	 
 4.292807e-02	 7.969927e-03	 2.719691e-02	 0	 0	 
 4.292807e-02	 7.969927e-03	 2.544900e-02	 0	 0	 
 4.292807e-02	 7.969927e-03	 2.370109e-02	 0	 0	 
 4.292807e-02	 7.969927e-03	 2.195319e-02	 0	 0	 
 4.292807e-02	 7.969927e-03	 2.020528e-02	 0	 0	 
 4.292807e-02	 7.969927e-03	 1.845737e-02	 0	 0	 
 4.292807e-02	 7.969927e-03	 1.670946e-02	 0	 0	 
 4.292807e-02	 7.969927e-03	 1.496156e-02	 0	 0	 
 4.292807e-02	 7.969927e-03	 1.321365e-02	 0	 0	 
 4.292807e-02	 7.969927e-03	 1.146574e-02	 0	 0	 
 4.292807e-02	 7.969927e-03	 9.717834e-03	 0	 0	 
 4.292807e-02	 7.969927e-03	 7.969927e-03	 0	 0	 
 3.890000e-02	 2.206637e-02	 3.805832e-02	 0	 0	 
 3.890000e-02	 2.206637e-02	 3.721664e-02	 0	 0	 
 3.890000e-02	 2.206637e-02	 3.637496e-02	 0	 0	 
 3.890000e-02	 2.206637e-02	 3.553328e-02	 0	 0	 
 3.890000e-02	 2.206637e-02	 3.469159e-02	 0	 0	 
 3.890000e-02	 2.206637e-02	 3.384991e-02	 0	 0	 
 3.890000e-02	 2.206637e-02	 3.300823e-02	 0	 0	 
 3.890000e-02	 2.206637e-02	 3.216655e-02	 0	 0	 
 3.890000e-02	 2.206637e-02	 3.132487e-02	 0	 0	 
 3.890000e-02	 2.206637e-02	 3.048318e-02	 0	 0	 
 3.890000e-02	 2.206637e-02	 2.964150e-02	 0	 0	 
 3.890000e-02	 2.206637e-02	 2.879982e-02	 0	 0	 
 3.890000e-02	 2.206637e-02	 2.795814e-02	 0	 0	 
 3.890000e-02	 2.206637e-02	 2.711646e-02	 0	 0	 
 3.890000e-02	 2.206637e-02	 2.627477e-02	 0	 0	 
 3.890000e-02	 2.206637e-02	 2.543309e-02	 0	 0	 
 3.890000e-02	 2.206637e-02	 2.459141e-02	 0	 0	 
 3.890000e-02	 2.206637e-02	 2.374973e-02	 0	 0	 
 3.890000e-02	 2.206637e-02	 2.290805e-02	 0	 0	 
 3.890000e-02	 2.206637e-02	 2.206637e-02	 0	 0	 
 4.292807e-02	 2.783046e-02	 4.217319e-02	 0	 0	 
 4.292807e-02	 2.783046e-02	 4.141831e-02	 0	 0	 
 4.292807e-02	 2.783046e-02	 4.066343e-02	 0	 0	 
 4.292807e-02	 2.783046e-02	 3.990855e-02	 0	 0	 
 4.292807e-02	 2.783046e-02	 3.915367e-02	 0	 0	 
 4.292807e-02	 2.783046e-02	 3.839879e-02	 0	 0	 
 4.292807e-02	 2.783046e-02	 3.764391e-02	 0	 0	 
 4.292807e-02	 2.783046e-02	 3.688903e-02	 0	 0	 
 4.292807e-02	 2.783046e-02	 3.613415e-02	 0	 0	 
 4.292807e-02	 2.783046e-02	 3.537926e-02	 0	 0	 
 4.292807e-02	 2.783046e-02	 3.462438e-02	 0	 0	 
 4.292807e-02	 2.783046e-02	 3.386950e-02	 0	 0	 
 4.292807e-02	 2.783046e-02	 3.311462e-02	 0	 0	 
 4.292807e-02	 2.783046e-02	 3.235974e-02	 0	 0	 
 4.292807e-02	 2.783046e-02	 3.160486e-02	 0	 0	 
 4.292807e-02	 2.783046e-02	 3.084998e-02	 0	 0	 
 4.292807e-02	 2.783046e-02	 3.009510e-02	 0	 0	 
 4.292807e-02	 2.783046e-02	 2.934022e-02	 0	 0	 
 4.292807e-02	 2.783046e-02	 2.858534e-02	 0	 0	 
 4.292807e-02	 2.783046e-02	 2.783046e-02	 0	 0	 
 4.560674e-02	 2.009557e-02	 4.433118e-02	 0	 0	 
 4.560674e-02	 2.009557e-02	 4.305562e-02	 0	 0	 
 4.560674e-02	 2.009557e-02	 4.178006e-02	 0	 0	 
 4.560674e-02	 2.009557e-02	 4.050450e-02	 0	 0	 
 4.560674e-02	 2.009557e-02	 3.922895e-02	 0	 0	 
 4.560674e-02	 2.009557e-02	 3.795339e-02	 0	 0	 
 4.560674e-02	 2.009557e-02	 3.667783e-02	 0	 0	 
 4.560674e-02	 2.009557e-02	 3.540227e-02	 0	 0	 
 4.560674e-02	 2.009557e-02	 3.412671e-02	 0	 0	 
 4.560674e-02	 2.009557e-02	 3.285115e-02	 0	 0	 
 4.560674e-02	 2.009557e-02	 3.157559e-02	 0	 0	 
 4.560674e-02	 2.009557e-02	 3.030004e-02	 0	 0	 
 4.560674e-02	 2.009557e-02	 2.902448e-02	 0	 0	 
 4.560674e-02	 2.009557e-02	 2.774892e-02	 0	 0	 
 4.560674e-02	 2.009557e-02	 2.647336e-02	 0	 0	 
 4.560674e-02	 2.009557e-02	 2.519780e-02	 0	 0	 
 4.560674e-02	 2.009557e-02	 2.392224e-02	 0	 0	 
 4.560674e-02	 2.009557e-02	 2.264668e-02	 0	 0	 
 4.560674e-02	 2.009557e-02	 2.137112e-02	 0	 0	 
 4.560674e-02	 2.009557e-02	 2.009557e-02	 0	 0	 
 4.560674e-02	 7.969927e-03	 4.372490e-02	 0	 0	 
 4.560674e-02	 7.969927e-03	 4.184306e-02	 0	 0	 
 4.560674e-02	 7.969927e-03	 3.996122e-02	 0	 0	 
 4.560674e-02	 7.969927e-03	 3.807938e-02	 0	 0	 
 4.560674e-02	 7.969927e-03	 3.619754e-02	 0	 0	 
 4.560674e-02	 7.969927e-03	 3.431570e-02	 0	 0	 
 4.560674e-02	 7.969927e-03	 3.243385e-02	 0	 0	 
 4.560674e-02	 7.969927e-03	 3.055201e-02	 0	 0	 
 4.560674e-02	 7.969927e-03	 2.867017e-02	 0	 0	 
 4.560674e-02	 7.969927e-03	 2.678833e-02	 0	 0	 
 4.560674e-02	 7.969927e-03	 2.490649e-02	 0	 0	 
 4.560674e-02	 7.969927e-03	 2.302465e-02	 0	 0	 
 4.560674e-02	 7.969927e-03	 2.114281e-02	 0	 0	 
 4.560674e-02	 7.969927e-03	 1.926097e-02	 0	 0	 
 4.560674e-02	 7.969927e-03	 1.737913e-02	 0	 0	 
 4.560674e-02	 7.969927e-03	 1.549729e-02	 0	 0	 
 4.560674e-02	 7.969927e-03	 1.361545e-02	 0	 0	 
 4.560674e-02	 7.969927e-03	 1.173361e-02	 0	 0	 
 4.560674e-02	 7.969927e-03	 9.851767e-03	 0	 0	 
 4.560674e-02	 7.969927e-03	 7.969927e-03	 0	 0	 
 4.510247e-02	 2.009557e-02	 4.385212e-02	 0	 0	 
 4.510247e-02	 2.009557e-02	 4.260178e-02	 0	 0	 
 4.510247e-02	 2.009557e-02	 4.135143e-02	 0	 0	 
 4.510247e-02	 2.009557e-02	 4.010109e-02	 0	 0	 
 4.510247e-02	 2.009557e-02	 3.885074e-02	 0	 0	 
 4.510247e-02	 2.009557e-02	 3.760040e-02	 0	 0	 
 4.510247e-02	 2.009557e-02	 3.635005e-02	 0	 0	 
 4.510247e-02	 2.009557e-02	 3.509971e-02	 0	 0	 
 4.510247e-02	 2.009557e-02	 3.384936e-02	 0	 0	 
 4.510247e-02	 2.009557e-02	 3.259902e-02	 0	 0	 
 4.510247e-02	 2.009557e-02	 3.134867e-02	 0	 0	 
 4.510247e-02	 2.009557e-02	 3.009833e-02	 0	 0	 
 4.510247e-02	 2.009557e-02	 2.884798e-02	 0	 0	 
 4.510247e-02	 2.009557e-02	 2.759764e-02	 0	 0	 
 4.510247e-02	 2.009557e-02	 2.634729e-02	 0	 0	 
 4.510247e-02	 2.009557e-02	 2.509695e-02	 0	 0	 
 4.510247e-02	 2.009557e-02	 2.384660e-02	 0	 0	 
 4.510247e-02	 2.009557e-02	 2.259626e-02	 0	 0	 
 4.510247e-02	 2.009557e-02	 2.134591e-02	 0	 0	 
 4.510247e-02	 2.009557e-02	 2.009557e-02	 0	 0	 
 4.560674e-02	 2.009557e-02	 4.433118e-02	 0	 0	 
 4.560674e-02	 2.009557e-02	 4.305562e-02	 0	 0	 
 4.560674e-02	 2.009557e-02	 4.178006e-02	 0	 0	 
 4.560674e-02	 2.009557e-02	 4.050450e-02	 0	 0	 
 4.560674e-02	 2.009557e-02	 3.922895e-02	 0	 0	 
 4.560674e-02	 2.009557e-02	 3.795339e-02	 0	 0	 
 4.560674e-02	 2.009557e-02	 3.667783e-02	 0	 0	 
 4.560674e-02	 2.009557e-02	 3.540227e-02	 0	 0	 
 4.560674e-02	 2.009557e-02	 3.412671e-02	 0	 0	 
 4.560674e-02	 2.009557e-02	 3.285115e-02	 0	 0	 
 4.560674e-02	 2.009557e-02	 3.157559e-02	 0	 0	 
 4.560674e-02	 2.009557e-02	 3.030004e-02	 0	 0	 
 4.560674e-02	 2.009557e-02	 2.902448e-02	 0	 0	 
 4.560674e-02	 2.009557e-02	 2.774892e-02	 0	 0	 
 4.560674e-02	 2.009557e-02	 2.647336e-02	 0	 0	 
 4.560674e-02	 2.009557e-02	 2.519780e-02	 0	 0	 
 4.560674e-02	 2.009557e-02	 2.392224e-02	 0	 0	 
 4.560674e-02	 2.009557e-02	 2.264668e-02	 0	 0	 
 4.560674e-02	 2.009557e-02	 2.137112e-02	 0	 0	 
 4.560674e-02	 2.009557e-02	 2.009557e-02	 0	 0	 
 