1.262671e-01	 4.925619e-01	 4.252759e-01	 -4.520957e-02	 1.175104e-01	 1.762926e-01	 5.878215e-02	 0	 1.502249e+01	 5.699964e-02	 8.101414e-02	 1.262863e-01	 9.372765e-01	 
 -3.385851e-02	 7.368628e-01	 1.946106e-01	 1.021870e-01	 2.321571e-01	 2.117238e-01	 2.043330e-02	 0	 2.209385e+01	 9.868562e-03	 1.181091e-02	 1.569275e-02	 2.005195e-01	 
 -9.962360e-03	 7.146729e-01	 1.980258e-01	 9.726228e-02	 1.531216e-01	 1.419743e-01	 1.114725e-02	 0	 3.647699e+02	 7.555684e-04	 7.589709e-04	 2.787013e-03	 4.735354e-01	 
 1.507482e-01	 7.285399e-01	 7.465033e-02	 4.425187e-02	 2.889754e-01	 4.018216e-01	 1.128462e-01	 1	 8.548011e+01	 2.116768e-01	 2.083483e-01	 3.908984e-01	 7.687331e+00	 
 9.996786e-02	 8.498785e-01	 9.078431e-02	 -4.403573e-02	 2.041646e-01	 3.371233e-01	 1.329588e-01	 0	 4.538067e+01	 2.552665e-01	 1.882121e-01	 5.922705e-01	 7.079871e+00	 
 -8.307737e-03	 7.207001e-01	 1.944605e-01	 9.313211e-02	 2.148735e-01	 2.077240e-01	 7.149502e-03	 0	 9.445233e+01	 2.433633e-03	 3.976147e-03	 7.139254e-03	 2.002720e-01	 
 1.592796e-01	 1.171243e+00	 -1.955237e-01	 -1.378146e-01	 1.486009e-01	 3.870687e-01	 2.384678e-01	 0	 6.231508e+01	 2.771753e-01	 2.046530e-01	 1.038588e+00	 1.201519e+01	 
 1.493171e-01	 8.619682e-01	 1.467772e-01	 -1.585117e-01	 1.581896e-01	 3.948687e-01	 2.366791e-01	 0	 2.533744e+02	 8.073546e-02	 1.982498e-01	 4.178207e-01	 5.131873e+00	 
 -8.334569e-03	 7.184594e-01	 1.948990e-01	 9.495627e-02	 1.624838e-01	 1.557798e-01	 6.704039e-03	 0	 7.731659e+01	 2.860562e-03	 4.478628e-03	 7.433925e-03	 2.000069e-01	 
 9.099595e-02	 8.555734e-01	 -1.039704e-01	 1.566648e-01	 1.125154e-01	 2.461081e-01	 1.335927e-01	 0	 2.614547e+02	 2.018935e-01	 1.720027e-01	 3.731718e-01	 4.737876e+00	 
 9.753470e-02	 4.898218e-01	 2.465422e-01	 1.652714e-01	 1.757084e-01	 2.461081e-01	 7.039972e-02	 1	 2.010646e+02	 1.889056e-01	 1.730069e-01	 2.335561e-01	 3.927050e+00	 
 -8.334569e-03	 7.184594e-01	 1.948990e-01	 9.495627e-02	 1.624838e-01	 1.557798e-01	 6.704039e-03	 0	 7.731659e+01	 2.860562e-03	 4.478628e-03	 7.433925e-03	 2.000069e-01	 
 -8.334569e-03	 7.184594e-01	 1.948990e-01	 9.495627e-02	 1.624838e-01	 1.557798e-01	 6.704039e-03	 0	 7.731659e+01	 2.860562e-03	 4.478628e-03	 7.433925e-03	 2.000069e-01	 
 9.753470e-02	 4.898218e-01	 2.465422e-01	 1.652714e-01	 1.757084e-01	 2.461081e-01	 7.039972e-02	 1	 2.010646e+02	 1.889056e-01	 1.730069e-01	 2.335561e-01	 3.927050e+00	 
 -9.962360e-03	 7.146729e-01	 1.980258e-01	 9.726228e-02	 1.531216e-01	 1.419743e-01	 1.114725e-02	 0	 3.647699e+02	 7.555684e-04	 7.589709e-04	 2.787013e-03	 4.735354e-01	 
 -9.962360e-03	 7.146729e-01	 1.980258e-01	 9.726228e-02	 1.531216e-01	 1.419743e-01	 1.114725e-02	 0	 3.647699e+02	 7.555684e-04	 7.589709e-04	 2.787013e-03	 4.735354e-01	 
 9.753470e-02	 4.898218e-01	 2.465422e-01	 1.652714e-01	 1.757084e-01	 2.461081e-01	 7.039972e-02	 1	 2.010646e+02	 1.889056e-01	 1.730069e-01	 2.335561e-01	 3.927050e+00	 
 -3.385851e-02	 7.368628e-01	 1.946106e-01	 1.021870e-01	 2.321571e-01	 2.117238e-01	 2.043330e-02	 0	 2.209385e+01	 9.868562e-03	 1.181091e-02	 1.569275e-02	 2.005195e-01	 
 -3.385851e-02	 7.368628e-01	 1.946106e-01	 1.021870e-01	 2.321571e-01	 2.117238e-01	 2.043330e-02	 0	 2.209385e+01	 9.868562e-03	 1.181091e-02	 1.569275e-02	 2.005195e-01	 
 9.753470e-02	 4.898218e-01	 2.465422e-01	 1.652714e-01	 1.757084e-01	 2.461081e-01	 7.039972e-02	 1	 2.010646e+02	 1.889056e-01	 1.730069e-01	 2.335561e-01	 3.927050e+00	 
 3.441504e-02	 7.607105e-01	 1.440720e-01	 6.070688e-02	 2.117704e-01	 3.870687e-01	 1.752983e-01	 1	 2.295588e+03	 2.526174e-01	 1.982041e-01	 1.547147e+00	 1.219286e+01	 
 7.767480e-02	 7.231150e-01	 1.939140e-01	 3.177926e-03	 2.369932e-01	 3.870687e-01	 1.500755e-01	 1	 9.680738e+01	 2.730193e-01	 2.028050e-01	 8.872896e-01	 1.639656e+01	 
 9.753470e-02	 4.898218e-01	 2.465422e-01	 1.652714e-01	 1.757084e-01	 2.461081e-01	 7.039972e-02	 1	 2.010646e+02	 1.889056e-01	 1.730069e-01	 2.335561e-01	 3.927050e+00	 
 -8.334569e-03	 7.184594e-01	 1.948990e-01	 9.495627e-02	 1.624838e-01	 1.557798e-01	 6.704039e-03	 0	 7.731659e+01	 2.860562e-03	 4.478628e-03	 7.433925e-03	 2.000069e-01	 
 -8.334569e-03	 7.184594e-01	 1.948990e-01	 9.495627e-02	 1.624838e-01	 1.557798e-01	 6.704039e-03	 0	 7.731659e+01	 2.860562e-03	 4.478628e-03	 7.433925e-03	 2.000069e-01	 
 9.753470e-02	 4.898218e-01	 2.465422e-01	 1.652714e-01	 1.757084e-01	 2.461081e-01	 7.039972e-02	 1	 2.010646e+02	 1.889056e-01	 1.730069e-01	 2.335561e-01	 3.927050e+00	 
 1.481117e-01	 6.511039e-01	 1.440029e-01	 5.633026e-02	 2.998502e-01	 3.948687e-01	 9.501857e-02	 1	 1.718378e+02	 7.467748e-02	 1.996737e-01	 2.505528e-01	 4.665928e+00	 
 2.744629e-01	 5.826204e-01	 1.144434e-01	 2.933228e-02	 3.800177e-01	 3.948687e-01	 1.485101e-02	 1	 1.384113e+02	 2.105755e-01	 1.872510e-01	 4.324448e-01	 1.505774e+01	 
 9.753470e-02	 4.898218e-01	 2.465422e-01	 1.652714e-01	 1.757084e-01	 2.461081e-01	 7.039972e-02	 1	 2.010646e+02	 1.889056e-01	 1.730069e-01	 2.335561e-01	 3.927050e+00	 
 1.183395e-01	 7.480993e-01	 7.125404e-02	 5.849411e-02	 2.279154e-01	 3.371233e-01	 1.092079e-01	 1	 3.836243e+01	 2.521755e-01	 1.902395e-01	 4.979065e-01	 5.902577e+00	 
 1.438431e-01	 6.678011e-01	 1.476444e-01	 3.654270e-02	 2.674924e-01	 3.371233e-01	 6.963097e-02	 1	 2.925742e+01	 2.466212e-01	 1.925482e-01	 3.897986e-01	 4.972255e+00	 
 9.753470e-02	 4.898218e-01	 2.465422e-01	 1.652714e-01	 1.757084e-01	 2.461081e-01	 7.039972e-02	 1	 2.010646e+02	 1.889056e-01	 1.730069e-01	 2.335561e-01	 3.927050e+00	 
 3.441504e-02	 7.607105e-01	 1.440720e-01	 6.070688e-02	 2.117704e-01	 3.870687e-01	 1.752983e-01	 1	 2.295588e+03	 2.526174e-01	 1.982041e-01	 1.547147e+00	 1.219286e+01	 
 7.653980e-02	 7.266289e-01	 1.942855e-01	 4.655951e-04	 2.349333e-01	 3.870687e-01	 1.521353e-01	 1	 1.000275e+02	 2.727443e-01	 2.027092e-01	 9.048465e-01	 1.670654e+01	 
 9.753470e-02	 4.898218e-01	 2.465422e-01	 1.652714e-01	 1.757084e-01	 2.461081e-01	 7.039972e-02	 1	 2.010646e+02	 1.889056e-01	 1.730069e-01	 2.335561e-01	 3.927050e+00	 
 1.183395e-01	 7.480993e-01	 7.125404e-02	 5.849411e-02	 2.279154e-01	 3.371233e-01	 1.092079e-01	 1	 3.836243e+01	 2.521755e-01	 1.902395e-01	 4.979065e-01	 5.902577e+00	 
 1.352619e-01	 6.598306e-01	 1.535634e-01	 4.707482e-02	 2.640562e-01	 3.371233e-01	 7.306709e-02	 1	 3.028055e+01	 2.442861e-01	 1.933592e-01	 3.746736e-01	 4.713432e+00	 
 9.753470e-02	 4.898218e-01	 2.465422e-01	 1.652714e-01	 1.757084e-01	 2.461081e-01	 7.039972e-02	 1	 2.010646e+02	 1.889056e-01	 1.730069e-01	 2.335561e-01	 3.927050e+00	 
 1.183395e-01	 7.480993e-01	 7.125404e-02	 5.849411e-02	 2.279154e-01	 3.371233e-01	 1.092079e-01	 1	 3.836243e+01	 2.521755e-01	 1.902395e-01	 4.979065e-01	 5.902577e+00	 
 1.306792e-01	 6.567841e-01	 1.560324e-01	 5.252178e-02	 2.620242e-01	 3.371233e-01	 7.509916e-02	 1	 3.251750e+01	 2.499606e-01	 1.912537e-01	 3.928401e-01	 5.452769e+00	 
 