s	 e	 integralPartic	 alturaRetang	 metadePartic	 maximaPartic	 minimoPArtic	 alturaPartic	 p	 comparativoMet
48	 59	 2.647964e-01	 2.206637e-02	 1.243889e-02	 2.409929e-02	 7.784834e-04	 1.773982e+00	 1	 5.637035e-01	 
 47	 58	 1.799425e-01	 1.499521e-02	 1.098272e-02	 2.118527e-02	 7.801795e-04	 1.365346e+00	 1	 7.324153e-01	 
 42	 56	 1.587884e-01	 1.058589e-02	 9.721646e-03	 1.865504e-02	 7.882470e-04	 1.088899e+00	 1	 9.183587e-01	 
 10	 38	 2.806845e-01	 9.678776e-03	 2.752167e-02	 4.813680e-02	 6.906537e-03	 2.916209e-01	 0	 2.843507e+00	 
 48	 59	 2.647964e-01	 2.206637e-02	 1.243889e-02	 2.409929e-02	 7.784834e-04	 1.773982e+00	 1	 5.637035e-01	 
 18	 59	 3.227293e-01	 7.684030e-03	 1.740484e-02	 3.233984e-02	 2.469848e-03	 1.599006e+00	 0	 2.265067e+00	 
 25	 48	 4.541476e-01	 1.892282e-02	 3.040104e-02	 5.273472e-02	 8.067362e-03	 6.610158e-01	 0	 1.606581e+00	 
 10	 38	 2.893698e-01	 9.978270e-03	 2.752167e-02	 4.813680e-02	 6.906537e-03	 2.916209e-01	 0	 2.758160e+00	 
 25	 48	 5.214606e-01	 2.172752e-02	 3.040104e-02	 5.273472e-02	 8.067362e-03	 6.610158e-01	 0	 1.399195e+00	 
 25	 48	 4.678597e-01	 1.949416e-02	 3.040104e-02	 5.273472e-02	 8.067362e-03	 6.610158e-01	 0	 1.559495e+00	 
 