s	 e	 nS	 nE	 p	 f
0	 0	 0	 0	 0	 0	 
 161	 180	 166	 175	 0	 9	 
 161	 180	 166	 175	 0	 9	 
 161	 180	 164	 177	 0	 13	 
 161	 180	 166	 175	 0	 9	 
 161	 180	 166	 175	 0	 9	 
 161	 180	 156	 180	 0	 24	 
 161	 180	 166	 175	 0	 9	 
 161	 180	 166	 175	 0	 9	 
 161	 180	 151	 180	 0	 29	 
 161	 180	 160	 180	 0	 20	 
 161	 180	 164	 177	 0	 13	 
 161	 180	 166	 175	 0	 9	 
 161	 180	 160	 180	 0	 20	 
 161	 180	 165	 176	 0	 11	 
 161	 180	 153	 180	 0	 27	 
 161	 180	 152	 180	 0	 28	 
 161	 180	 151	 180	 0	 29	 
 161	 180	 152	 180	 0	 28	 
 161	 180	 166	 175	 0	 9	 
 161	 180	 160	 180	 0	 20	 
 161	 180	 166	 175	 0	 9	 
 161	 180	 154	 180	 0	 26	 
 161	 180	 166	 175	 0	 9	 
 161	 180	 159	 180	 0	 21	 
 161	 180	 154	 180	 0	 26	 
 161	 180	 158	 180	 0	 22	 
 161	 180	 163	 178	 0	 15	 
 161	 180	 165	 176	 0	 11	 
 161	 180	 160	 180	 0	 20	 
 161	 180	 151	 180	 0	 29	 
 161	 180	 160	 180	 0	 20	 
 161	 180	 166	 175	 0	 9	 
 161	 180	 166	 175	 0	 9	 
 161	 180	 152	 180	 0	 28	 
 161	 180	 154	 180	 0	 26	 
 161	 180	 164	 177	 0	 13	 
 161	 180	 164	 177	 0	 13	 
 161	 180	 155	 180	 0	 25	 
 161	 180	 166	 175	 0	 9	 
 161	 180	 151	 180	 0	 29	 
 161	 180	 154	 180	 0	 26	 
 161	 180	 159	 180	 0	 21	 
 161	 180	 157	 180	 0	 23	 
 161	 180	 160	 180	 0	 20	 
 161	 180	 158	 180	 0	 22	 
 161	 180	 151	 180	 0	 29	 
 161	 180	 166	 175	 0	 9	 
 161	 180	 156	 180	 0	 24	 
 161	 180	 163	 178	 0	 15	 
 161	 180	 166	 175	 0	 9	 
 161	 180	 153	 180	 0	 27	 
 161	 180	 163	 178	 0	 15	 
 161	 180	 166	 175	 0	 9	 
 161	 180	 166	 175	 0	 9	 
 161	 180	 164	 177	 0	 13	 
 161	 180	 164	 177	 0	 13	 
 161	 180	 166	 175	 0	 9	 
 161	 180	 166	 175	 0	 9	 
 161	 180	 166	 175	 0	 9	 
 161	 180	 166	 175	 0	 9	 
 161	 180	 158	 180	 0	 22	 
 161	 180	 154	 180	 0	 26	 
 161	 180	 152	 180	 0	 28	 
 161	 180	 160	 180	 0	 20	 
 161	 180	 157	 180	 0	 23	 
 161	 180	 153	 180	 0	 27	 
 161	 180	 163	 178	 0	 15	 
 161	 180	 166	 175	 0	 9	 
 161	 180	 166	 175	 0	 9	 
 161	 180	 159	 180	 0	 21	 
 161	 180	 153	 180	 0	 27	 
 161	 180	 162	 179	 0	 17	 
 161	 180	 166	 175	 0	 9	 
 161	 180	 166	 175	 0	 9	 
 161	 180	 157	 180	 0	 23	 
 161	 180	 166	 175	 0	 9	 
 161	 180	 159	 180	 0	 21	 
 161	 180	 162	 179	 0	 17	 
 161	 180	 166	 175	 0	 9	 
 161	 180	 160	 180	 0	 20	 
 161	 180	 155	 180	 0	 25	 
 161	 180	 155	 180	 0	 25	 
 161	 180	 166	 175	 0	 9	 
 161	 180	 154	 180	 0	 26	 
 161	 180	 154	 180	 0	 26	 
 161	 180	 165	 176	 0	 11	 
 161	 180	 158	 180	 0	 22	 
 161	 180	 166	 175	 0	 9	 
 161	 180	 160	 180	 0	 20	 
 161	 180	 166	 175	 0	 9	 
 161	 180	 159	 180	 0	 21	 
 161	 180	 166	 175	 0	 9	 
 161	 180	 166	 175	 0	 9	 
 161	 180	 166	 175	 0	 9	 
 161	 180	 162	 179	 0	 17	 
 161	 180	 159	 180	 0	 21	 
 161	 180	 158	 180	 0	 22	 
 161	 180	 166	 175	 0	 9	 
 161	 180	 165	 176	 0	 11	 
 0	 0	 0	 0	 0	 0	 
 0	 0	 0	 0	 0	 0	 
 149	 169	 143	 175	 0	 32	 
 149	 169	 140	 178	 0	 38	 
 149	 169	 142	 176	 0	 34	 
 149	 169	 154	 164	 0	 10	 
 149	 169	 145	 173	 0	 28	 
 149	 169	 148	 170	 0	 22	 
 149	 169	 139	 179	 0	 40	 
 149	 169	 154	 164	 0	 10	 
 149	 169	 153	 165	 0	 12	 
 149	 169	 146	 172	 0	 26	 
 149	 169	 147	 171	 0	 24	 
 149	 169	 150	 168	 0	 18	 
 149	 169	 154	 164	 0	 10	 
 149	 169	 153	 165	 0	 12	 
 149	 169	 154	 164	 0	 10	 
 149	 169	 144	 174	 0	 30	 
 149	 169	 146	 172	 0	 26	 
 149	 169	 145	 173	 0	 28	 
 149	 169	 154	 164	 0	 10	 
 149	 169	 154	 164	 0	 10	 
 149	 169	 150	 168	 0	 18	 
 149	 169	 145	 173	 0	 28	 
 149	 169	 146	 172	 0	 26	 
 149	 169	 139	 179	 0	 40	 
 149	 169	 143	 175	 0	 32	 
 149	 169	 150	 168	 0	 18	 
 149	 169	 145	 173	 0	 28	 
 149	 169	 153	 165	 0	 12	 
 149	 169	 154	 164	 0	 10	 
 149	 169	 151	 167	 0	 16	 
 149	 169	 152	 166	 0	 14	 
 149	 169	 154	 164	 0	 10	 
 149	 169	 154	 164	 0	 10	 
 149	 169	 154	 164	 0	 10	 
 149	 169	 154	 164	 0	 10	 
 149	 169	 154	 164	 0	 10	 
 149	 169	 139	 179	 0	 40	 
 149	 169	 146	 172	 0	 26	 
 149	 169	 154	 164	 0	 10	 
 149	 169	 140	 178	 0	 38	 
 149	 169	 148	 170	 0	 22	 
 149	 169	 154	 164	 0	 10	 
 149	 169	 151	 167	 0	 16	 
 149	 169	 143	 175	 0	 32	 
 149	 169	 145	 173	 0	 28	 
 149	 169	 150	 168	 0	 18	 
 149	 169	 146	 172	 0	 26	 
 149	 169	 154	 164	 0	 10	 
 149	 169	 146	 172	 0	 26	 
 149	 169	 144	 174	 0	 30	 
 149	 169	 139	 179	 0	 40	 
 149	 169	 152	 166	 0	 14	 
 149	 169	 144	 174	 0	 30	 
 149	 169	 141	 177	 0	 36	 
 149	 169	 150	 168	 0	 18	 
 149	 169	 154	 164	 0	 10	 
 149	 169	 154	 164	 0	 10	 
 149	 169	 154	 164	 0	 10	 
 149	 169	 147	 171	 0	 24	 
 149	 169	 145	 173	 0	 28	 
 149	 169	 154	 164	 0	 10	 
 149	 169	 154	 164	 0	 10	 
 149	 169	 138	 180	 0	 42	 
 149	 169	 150	 168	 0	 18	 
 149	 169	 154	 164	 0	 10	 
 149	 169	 142	 176	 0	 34	 
 149	 169	 152	 166	 0	 14	 
 149	 169	 152	 166	 0	 14	 
 149	 169	 139	 179	 0	 40	 
 149	 169	 146	 172	 0	 26	 
 149	 169	 150	 168	 0	 18	 
 149	 169	 146	 172	 0	 26	 
 149	 169	 144	 174	 0	 30	 
 149	 169	 141	 177	 0	 36	 
 149	 169	 143	 175	 0	 32	 
 149	 169	 150	 168	 0	 18	 
 149	 169	 146	 172	 0	 26	 
 149	 169	 145	 173	 0	 28	 
 149	 169	 154	 164	 0	 10	 
 149	 169	 145	 173	 0	 28	 
 149	 169	 150	 168	 0	 18	 
 149	 169	 148	 170	 0	 22	 
 149	 169	 147	 171	 0	 24	 
 149	 169	 138	 180	 0	 42	 
 149	 169	 142	 176	 0	 34	 
 149	 169	 146	 172	 0	 26	 
 149	 169	 152	 166	 0	 14	 
 149	 169	 145	 173	 0	 28	 
 149	 169	 141	 177	 0	 36	 
 149	 169	 154	 164	 0	 10	 
 149	 169	 146	 172	 0	 26	 
 149	 169	 144	 174	 0	 30	 
 149	 169	 154	 164	 0	 10	 
 149	 169	 146	 172	 0	 26	 
 149	 169	 140	 178	 0	 38	 
 149	 169	 154	 164	 0	 10	 
 149	 169	 141	 177	 0	 36	 
 149	 169	 152	 166	 0	 14	 
 149	 169	 146	 172	 0	 26	 
 0	 0	 0	 0	 0	 0	 
 0	 0	 0	 0	 0	 0	 
 161	 180	 157	 180	 0	 23	 
 161	 180	 162	 179	 0	 17	 
 161	 180	 164	 177	 0	 13	 
 161	 180	 156	 180	 0	 24	 
 161	 180	 158	 180	 0	 22	 
 161	 180	 160	 180	 0	 20	 
 161	 180	 158	 180	 0	 22	 
 161	 180	 166	 175	 0	 9	 
 161	 180	 166	 175	 0	 9	 
 161	 180	 166	 175	 0	 9	 
 161	 180	 153	 180	 0	 27	 
 161	 180	 166	 175	 0	 9	 
 161	 180	 152	 180	 0	 28	 
 161	 180	 157	 180	 0	 23	 
 161	 180	 166	 175	 0	 9	 
 161	 180	 166	 175	 0	 9	 
 161	 180	 160	 180	 0	 20	 
 161	 180	 166	 175	 0	 9	 
 161	 180	 160	 180	 0	 20	 
 161	 180	 163	 178	 0	 15	 
 161	 180	 166	 175	 0	 9	 
 161	 180	 164	 177	 0	 13	 
 161	 180	 152	 180	 0	 28	 
 161	 180	 152	 180	 0	 28	 
 161	 180	 155	 180	 0	 25	 
 161	 180	 157	 180	 0	 23	 
 161	 180	 155	 180	 0	 25	 
 161	 180	 163	 178	 0	 15	 
 161	 180	 163	 178	 0	 15	 
 161	 180	 153	 180	 0	 27	 
 161	 180	 157	 180	 0	 23	 
 161	 180	 165	 176	 0	 11	 
 161	 180	 166	 175	 0	 9	 
 161	 180	 166	 175	 0	 9	 
 161	 180	 163	 178	 0	 15	 
 161	 180	 166	 175	 0	 9	 
 161	 180	 160	 180	 0	 20	 
 161	 180	 164	 177	 0	 13	 
 161	 180	 162	 179	 0	 17	 
 161	 180	 164	 177	 0	 13	 
 161	 180	 152	 180	 0	 28	 
 161	 180	 165	 176	 0	 11	 
 161	 180	 166	 175	 0	 9	 
 161	 180	 166	 175	 0	 9	 
 161	 180	 163	 178	 0	 15	 
 161	 180	 165	 176	 0	 11	 
 161	 180	 162	 179	 0	 17	 
 161	 180	 158	 180	 0	 22	 
 161	 180	 164	 177	 0	 13	 
 161	 180	 152	 180	 0	 28	 
 161	 180	 153	 180	 0	 27	 
 161	 180	 153	 180	 0	 27	 
 161	 180	 166	 175	 0	 9	 
 161	 180	 166	 175	 0	 9	 
 161	 180	 157	 180	 0	 23	 
 161	 180	 166	 175	 0	 9	 
 161	 180	 158	 180	 0	 22	 
 161	 180	 163	 178	 0	 15	 
 161	 180	 160	 180	 0	 20	 
 161	 180	 154	 180	 0	 26	 
 161	 180	 166	 175	 0	 9	 
 161	 180	 155	 180	 0	 25	 
 161	 180	 154	 180	 0	 26	 
 161	 180	 154	 180	 0	 26	 
 161	 180	 166	 175	 0	 9	 
 161	 180	 154	 180	 0	 26	 
 161	 180	 165	 176	 0	 11	 
 161	 180	 159	 180	 0	 21	 
 161	 180	 159	 180	 0	 21	 
 161	 180	 152	 180	 0	 28	 
 161	 180	 163	 178	 0	 15	 
 161	 180	 157	 180	 0	 23	 
 161	 180	 162	 179	 0	 17	 
 161	 180	 166	 175	 0	 9	 
 161	 180	 160	 180	 0	 20	 
 161	 180	 166	 175	 0	 9	 
 161	 180	 166	 175	 0	 9	 
 161	 180	 166	 175	 0	 9	 
 161	 180	 151	 180	 0	 29	 
 161	 180	 166	 175	 0	 9	 
 161	 180	 166	 175	 0	 9	 
 161	 180	 157	 180	 0	 23	 
 161	 180	 154	 180	 0	 26	 
 161	 180	 166	 175	 0	 9	 
 161	 180	 166	 175	 0	 9	 
 161	 180	 158	 180	 0	 22	 
 161	 180	 166	 175	 0	 9	 
 161	 180	 157	 180	 0	 23	 
 161	 180	 165	 176	 0	 11	 
 161	 180	 163	 178	 0	 15	 
 161	 180	 157	 180	 0	 23	 
 161	 180	 158	 180	 0	 22	 
 161	 180	 166	 175	 0	 9	 
 161	 180	 155	 180	 0	 25	 
 161	 180	 164	 177	 0	 13	 
 161	 180	 163	 178	 0	 15	 
 161	 180	 154	 180	 0	 26	 
 161	 180	 152	 180	 0	 28	 
 161	 180	 159	 180	 0	 21	 
 0	 0	 0	 0	 0	 0	 
 0	 0	 0	 0	 0	 0	 
 133	 164	 129	 168	 1	 39	 
 133	 164	 144	 153	 1	 9	 
 133	 164	 121	 176	 1	 55	 
 133	 164	 144	 153	 1	 9	 
 133	 164	 120	 177	 1	 57	 
 133	 164	 120	 180	 1	 60	 
 133	 164	 120	 180	 1	 60	 
 133	 164	 144	 153	 1	 9	 
 133	 164	 144	 153	 1	 9	 
 133	 164	 132	 165	 1	 33	 
 133	 164	 130	 167	 1	 37	 
 133	 164	 137	 160	 1	 23	 
 133	 164	 144	 153	 1	 9	 
 133	 164	 141	 156	 1	 15	 
 133	 164	 123	 174	 1	 51	 
 133	 164	 124	 173	 1	 49	 
 133	 164	 120	 177	 1	 57	 
 133	 164	 120	 179	 1	 59	 
 133	 164	 138	 159	 1	 21	 
 133	 164	 129	 168	 1	 39	 
 133	 164	 120	 179	 1	 59	 
 133	 164	 131	 166	 1	 35	 
 133	 164	 140	 157	 1	 17	 
 133	 164	 144	 153	 1	 9	 
 133	 164	 121	 176	 1	 55	 
 133	 164	 143	 154	 1	 11	 
 133	 164	 138	 159	 1	 21	 
 133	 164	 131	 166	 1	 35	 
 133	 164	 137	 160	 1	 23	 
 133	 164	 125	 172	 1	 47	 
 133	 164	 125	 172	 1	 47	 
 133	 164	 143	 154	 1	 11	 
 133	 164	 120	 179	 1	 59	 
 133	 164	 134	 163	 1	 29	 
 133	 164	 144	 153	 1	 9	 
 133	 164	 144	 153	 1	 9	 
 133	 164	 128	 169	 1	 41	 
 133	 164	 120	 178	 1	 58	 
 133	 164	 124	 173	 1	 49	 
 133	 164	 144	 153	 1	 9	 
 133	 164	 135	 162	 1	 27	 
 133	 164	 141	 156	 1	 15	 
 133	 164	 139	 158	 1	 19	 
 133	 164	 138	 159	 1	 21	 
 133	 164	 127	 170	 1	 43	 
 133	 164	 123	 174	 1	 51	 
 133	 164	 144	 153	 1	 9	 
 133	 164	 125	 172	 1	 47	 
 133	 164	 120	 179	 1	 59	 
 133	 164	 144	 153	 1	 9	 
 133	 164	 120	 177	 1	 57	 
 133	 164	 127	 170	 1	 43	 
 133	 164	 137	 160	 1	 23	 
 133	 164	 144	 153	 1	 9	 
 133	 164	 120	 179	 1	 59	 
 133	 164	 132	 165	 1	 33	 
 133	 164	 123	 174	 1	 51	 
 133	 164	 120	 178	 1	 58	 
 133	 164	 135	 162	 1	 27	 
 133	 164	 144	 153	 1	 9	 
 133	 164	 144	 153	 1	 9	 
 133	 164	 144	 153	 1	 9	 
 133	 164	 128	 169	 1	 41	 
 133	 164	 127	 170	 1	 43	 
 133	 164	 123	 174	 1	 51	 
 133	 164	 144	 153	 1	 9	 
 133	 164	 123	 174	 1	 51	 
 133	 164	 131	 166	 1	 35	 
 133	 164	 124	 173	 1	 49	 
 133	 164	 124	 173	 1	 49	 
 133	 164	 120	 180	 1	 60	 
 133	 164	 120	 178	 1	 58	 
 133	 164	 122	 175	 1	 53	 
 133	 164	 127	 170	 1	 43	 
 133	 164	 144	 153	 1	 9	 
 133	 164	 141	 156	 1	 15	 
 133	 164	 139	 158	 1	 19	 
 133	 164	 134	 163	 1	 29	 
 133	 164	 137	 160	 1	 23	 
 133	 164	 139	 158	 1	 19	 
 133	 164	 144	 153	 1	 9	 
 133	 164	 142	 155	 1	 13	 
 133	 164	 144	 153	 1	 9	 
 133	 164	 120	 178	 1	 58	 
 133	 164	 139	 158	 1	 19	 
 133	 164	 120	 177	 1	 57	 
 133	 164	 129	 168	 1	 39	 
 133	 164	 131	 166	 1	 35	 
 133	 164	 134	 163	 1	 29	 
 133	 164	 125	 172	 1	 47	 
 133	 164	 134	 163	 1	 29	 
 133	 164	 123	 174	 1	 51	 
 133	 164	 120	 180	 1	 60	 
 133	 164	 131	 166	 1	 35	 
 133	 164	 126	 171	 1	 45	 
 133	 164	 123	 174	 1	 51	 
 133	 164	 120	 180	 1	 60	 
 133	 164	 138	 159	 1	 21	 
 133	 164	 137	 160	 1	 23	 
 0	 0	 0	 0	 0	 0	 
 0	 0	 0	 0	 0	 0	 
 161	 180	 166	 175	 0	 9	 
 161	 180	 152	 180	 0	 28	 
 161	 180	 164	 177	 0	 13	 
 161	 180	 153	 180	 0	 27	 
 161	 180	 165	 176	 0	 11	 
 161	 180	 166	 175	 0	 9	 
 161	 180	 157	 180	 0	 23	 
 161	 180	 166	 175	 0	 9	 
 161	 180	 164	 177	 0	 13	 
 161	 180	 166	 175	 0	 9	 
 161	 180	 163	 178	 0	 15	 
 161	 180	 163	 178	 0	 15	 
 161	 180	 151	 180	 0	 29	 
 161	 180	 153	 180	 0	 27	 
 161	 180	 166	 175	 0	 9	 
 161	 180	 166	 175	 0	 9	 
 161	 180	 158	 180	 0	 22	 
 161	 180	 166	 175	 0	 9	 
 161	 180	 162	 179	 0	 17	 
 161	 180	 163	 178	 0	 15	 
 161	 180	 156	 180	 0	 24	 
 161	 180	 152	 180	 0	 28	 
 161	 180	 163	 178	 0	 15	 
 161	 180	 153	 180	 0	 27	 
 161	 180	 166	 175	 0	 9	 
 161	 180	 152	 180	 0	 28	 
 161	 180	 166	 175	 0	 9	 
 161	 180	 166	 175	 0	 9	 
 161	 180	 160	 180	 0	 20	 
 161	 180	 166	 175	 0	 9	 
 161	 180	 166	 175	 0	 9	 
 161	 180	 159	 180	 0	 21	 
 161	 180	 153	 180	 0	 27	 
 161	 180	 154	 180	 0	 26	 
 161	 180	 154	 180	 0	 26	 
 161	 180	 166	 175	 0	 9	 
 161	 180	 151	 180	 0	 29	 
 161	 180	 159	 180	 0	 21	 
 161	 180	 156	 180	 0	 24	 
 161	 180	 166	 175	 0	 9	 
 161	 180	 166	 175	 0	 9	 
 161	 180	 153	 180	 0	 27	 
 161	 180	 166	 175	 0	 9	 
 161	 180	 160	 180	 0	 20	 
 161	 180	 163	 178	 0	 15	 
 161	 180	 163	 178	 0	 15	 
 161	 180	 156	 180	 0	 24	 
 161	 180	 163	 178	 0	 15	 
 161	 180	 166	 175	 0	 9	 
 161	 180	 166	 175	 0	 9	 
 161	 180	 160	 180	 0	 20	 
 161	 180	 166	 175	 0	 9	 
 161	 180	 164	 177	 0	 13	 
 161	 180	 151	 180	 0	 29	 
 161	 180	 156	 180	 0	 24	 
 161	 180	 166	 175	 0	 9	 
 161	 180	 163	 178	 0	 15	 
 161	 180	 166	 175	 0	 9	 
 161	 180	 155	 180	 0	 25	 
 161	 180	 166	 175	 0	 9	 
 161	 180	 151	 180	 0	 29	 
 161	 180	 166	 175	 0	 9	 
 161	 180	 154	 180	 0	 26	 
 161	 180	 156	 180	 0	 24	 
 161	 180	 166	 175	 0	 9	 
 161	 180	 153	 180	 0	 27	 
 161	 180	 157	 180	 0	 23	 
 161	 180	 164	 177	 0	 13	 
 161	 180	 157	 180	 0	 23	 
 161	 180	 155	 180	 0	 25	 
 161	 180	 151	 180	 0	 29	 
 161	 180	 156	 180	 0	 24	 
 161	 180	 166	 175	 0	 9	 
 161	 180	 159	 180	 0	 21	 
 161	 180	 166	 175	 0	 9	 
 161	 180	 158	 180	 0	 22	 
 161	 180	 166	 175	 0	 9	 
 161	 180	 154	 180	 0	 26	 
 161	 180	 151	 180	 0	 29	 
 161	 180	 157	 180	 0	 23	 
 161	 180	 153	 180	 0	 27	 
 161	 180	 163	 178	 0	 15	 
 161	 180	 156	 180	 0	 24	 
 161	 180	 159	 180	 0	 21	 
 161	 180	 160	 180	 0	 20	 
 161	 180	 166	 175	 0	 9	 
 161	 180	 153	 180	 0	 27	 
 161	 180	 154	 180	 0	 26	 
 161	 180	 158	 180	 0	 22	 
 161	 180	 165	 176	 0	 11	 
 161	 180	 152	 180	 0	 28	 
 161	 180	 166	 175	 0	 9	 
 161	 180	 166	 175	 0	 9	 
 161	 180	 154	 180	 0	 26	 
 161	 180	 166	 175	 0	 9	 
 161	 180	 155	 180	 0	 25	 
 161	 180	 166	 175	 0	 9	 
 161	 180	 152	 180	 0	 28	 
 161	 180	 166	 175	 0	 9	 
 0	 0	 0	 0	 0	 0	 
 0	 0	 0	 0	 0	 0	 
 132	 170	 146	 156	 1	 10	 
 132	 170	 128	 174	 1	 46	 
 132	 170	 120	 180	 1	 60	 
 132	 170	 128	 174	 1	 46	 
 132	 170	 136	 166	 1	 30	 
 132	 170	 146	 156	 1	 10	 
 132	 170	 127	 175	 1	 48	 
 132	 170	 134	 168	 1	 34	 
 132	 170	 125	 177	 1	 52	 
 132	 170	 146	 156	 1	 10	 
 132	 170	 141	 161	 1	 20	 
 132	 170	 137	 165	 1	 28	 
 132	 170	 129	 173	 1	 44	 
 132	 170	 146	 156	 1	 10	 
 132	 170	 144	 158	 1	 14	 
 132	 170	 120	 180	 1	 60	 
 132	 170	 139	 163	 1	 24	 
 132	 170	 122	 180	 1	 58	 
 132	 170	 138	 164	 1	 26	 
 132	 170	 146	 156	 1	 10	 
 132	 170	 137	 165	 1	 28	 
 132	 170	 126	 176	 1	 50	 
 132	 170	 121	 180	 1	 59	 
 132	 170	 128	 174	 1	 46	 
 132	 170	 123	 179	 1	 56	 
 132	 170	 146	 156	 1	 10	 
 132	 170	 146	 156	 1	 10	 
 132	 170	 121	 180	 1	 59	 
 132	 170	 146	 156	 1	 10	 
 132	 170	 146	 156	 1	 10	 
 132	 170	 120	 180	 1	 60	 
 132	 170	 125	 177	 1	 52	 
 132	 170	 135	 167	 1	 32	 
 132	 170	 131	 171	 1	 40	 
 132	 170	 120	 180	 1	 60	 
 132	 170	 122	 180	 1	 58	 
 132	 170	 135	 167	 1	 32	 
 132	 170	 146	 156	 1	 10	 
 132	 170	 131	 171	 1	 40	 
 132	 170	 146	 156	 1	 10	 
 132	 170	 140	 162	 1	 22	 
 132	 170	 137	 165	 1	 28	 
 132	 170	 143	 159	 1	 16	 
 132	 170	 130	 172	 1	 42	 
 132	 170	 124	 178	 1	 54	 
 132	 170	 130	 172	 1	 42	 
 132	 170	 120	 180	 1	 60	 
 132	 170	 138	 164	 1	 26	 
 132	 170	 134	 168	 1	 34	 
 132	 170	 146	 156	 1	 10	 
 132	 170	 142	 160	 1	 18	 
 132	 170	 120	 180	 1	 60	 
 132	 170	 120	 180	 1	 60	 
 132	 170	 139	 163	 1	 24	 
 132	 170	 123	 179	 1	 56	 
 132	 170	 124	 178	 1	 54	 
 132	 170	 120	 180	 1	 60	 
 132	 170	 120	 180	 1	 60	 
 132	 170	 120	 180	 1	 60	 
 132	 170	 140	 162	 1	 22	 
 132	 170	 146	 156	 1	 10	 
 132	 170	 141	 161	 1	 20	 
 132	 170	 144	 158	 1	 14	 
 132	 170	 140	 162	 1	 22	 
 132	 170	 129	 173	 1	 44	 
 132	 170	 120	 180	 1	 60	 
 132	 170	 131	 171	 1	 40	 
 132	 170	 120	 180	 1	 60	 
 132	 170	 123	 179	 1	 56	 
 132	 170	 125	 177	 1	 52	 
 132	 170	 125	 177	 1	 52	 
 132	 170	 146	 156	 1	 10	 
 132	 170	 128	 174	 1	 46	 
 132	 170	 145	 157	 1	 12	 
 132	 170	 127	 175	 1	 48	 
 132	 170	 146	 156	 1	 10	 
 132	 170	 120	 180	 1	 60	 
 132	 170	 129	 173	 1	 44	 
 132	 170	 135	 167	 1	 32	 
 132	 170	 122	 180	 1	 58	 
 132	 170	 146	 156	 1	 10	 
 132	 170	 138	 164	 1	 26	 
 132	 170	 146	 156	 1	 10	 
 132	 170	 146	 156	 1	 10	 
 132	 170	 123	 179	 1	 56	 
 132	 170	 120	 180	 1	 60	 
 132	 170	 131	 171	 1	 40	 
 132	 170	 140	 162	 1	 22	 
 132	 170	 131	 171	 1	 40	 
 132	 170	 140	 162	 1	 22	 
 132	 170	 120	 180	 1	 60	 
 132	 170	 133	 169	 1	 36	 
 132	 170	 124	 178	 1	 54	 
 132	 170	 120	 180	 1	 60	 
 132	 170	 146	 156	 1	 10	 
 132	 170	 125	 177	 1	 52	 
 132	 170	 143	 159	 1	 16	 
 132	 170	 136	 166	 1	 30	 
 132	 170	 145	 157	 1	 12	 
 0	 0	 0	 0	 0	 0	 
 0	 0	 0	 0	 0	 0	 
 161	 180	 154	 180	 0	 26	 
 161	 180	 166	 175	 0	 9	 
 161	 180	 154	 180	 0	 26	 
 161	 180	 162	 179	 0	 17	 
 161	 180	 165	 176	 0	 11	 
 161	 180	 162	 179	 0	 17	 
 161	 180	 166	 175	 0	 9	 
 161	 180	 159	 180	 0	 21	 
 161	 180	 166	 175	 0	 9	 
 161	 180	 162	 179	 0	 17	 
 161	 180	 166	 175	 0	 9	 
 161	 180	 153	 180	 0	 27	 
 161	 180	 153	 180	 0	 27	 
 161	 180	 166	 175	 0	 9	 
 161	 180	 151	 180	 0	 29	 
 161	 180	 156	 180	 0	 24	 
 161	 180	 166	 175	 0	 9	 
 161	 180	 166	 175	 0	 9	 
 161	 180	 157	 180	 0	 23	 
 161	 180	 152	 180	 0	 28	 
 161	 180	 155	 180	 0	 25	 
 161	 180	 166	 175	 0	 9	 
 161	 180	 159	 180	 0	 21	 
 161	 180	 165	 176	 0	 11	 
 161	 180	 166	 175	 0	 9	 
 161	 180	 164	 177	 0	 13	 
 161	 180	 152	 180	 0	 28	 
 161	 180	 163	 178	 0	 15	 
 161	 180	 154	 180	 0	 26	 
 161	 180	 155	 180	 0	 25	 
 161	 180	 166	 175	 0	 9	 
 161	 180	 157	 180	 0	 23	 
 161	 180	 159	 180	 0	 21	 
 161	 180	 163	 178	 0	 15	 
 161	 180	 166	 175	 0	 9	 
 161	 180	 164	 177	 0	 13	 
 161	 180	 166	 175	 0	 9	 
 161	 180	 154	 180	 0	 26	 
 161	 180	 158	 180	 0	 22	 
 161	 180	 163	 178	 0	 15	 
 161	 180	 158	 180	 0	 22	 
 161	 180	 166	 175	 0	 9	 
 161	 180	 152	 180	 0	 28	 
 161	 180	 165	 176	 0	 11	 
 161	 180	 153	 180	 0	 27	 
 161	 180	 160	 180	 0	 20	 
 161	 180	 158	 180	 0	 22	 
 161	 180	 152	 180	 0	 28	 
 161	 180	 166	 175	 0	 9	 
 161	 180	 166	 175	 0	 9	 
 161	 180	 164	 177	 0	 13	 
 161	 180	 165	 176	 0	 11	 
 161	 180	 166	 175	 0	 9	 
 161	 180	 155	 180	 0	 25	 
 161	 180	 166	 175	 0	 9	 
 161	 180	 166	 175	 0	 9	 
 161	 180	 159	 180	 0	 21	 
 161	 180	 166	 175	 0	 9	 
 161	 180	 158	 180	 0	 22	 
 161	 180	 152	 180	 0	 28	 
 161	 180	 166	 175	 0	 9	 
 161	 180	 160	 180	 0	 20	 
 161	 180	 166	 175	 0	 9	 
 161	 180	 166	 175	 0	 9	 
 161	 180	 166	 175	 0	 9	 
 161	 180	 166	 175	 0	 9	 
 161	 180	 158	 180	 0	 22	 
 161	 180	 166	 175	 0	 9	 
 161	 180	 154	 180	 0	 26	 
 161	 180	 158	 180	 0	 22	 
 161	 180	 154	 180	 0	 26	 
 161	 180	 152	 180	 0	 28	 
 161	 180	 156	 180	 0	 24	 
 161	 180	 154	 180	 0	 26	 
 161	 180	 166	 175	 0	 9	 
 161	 180	 151	 180	 0	 29	 
 161	 180	 166	 175	 0	 9	 
 161	 180	 159	 180	 0	 21	 
 161	 180	 166	 175	 0	 9	 
 161	 180	 162	 179	 0	 17	 
 161	 180	 160	 180	 0	 20	 
 161	 180	 158	 180	 0	 22	 
 161	 180	 156	 180	 0	 24	 
 161	 180	 165	 176	 0	 11	 
 161	 180	 157	 180	 0	 23	 
 161	 180	 159	 180	 0	 21	 
 161	 180	 159	 180	 0	 21	 
 161	 180	 162	 179	 0	 17	 
 161	 180	 153	 180	 0	 27	 
 161	 180	 151	 180	 0	 29	 
 161	 180	 160	 180	 0	 20	 
 161	 180	 156	 180	 0	 24	 
 161	 180	 163	 178	 0	 15	 
 161	 180	 164	 177	 0	 13	 
 161	 180	 160	 180	 0	 20	 
 161	 180	 166	 175	 0	 9	 
 161	 180	 159	 180	 0	 21	 
 161	 180	 160	 180	 0	 20	 
 161	 180	 166	 175	 0	 9	 
 0	 0	 0	 0	 0	 0	 
 0	 0	 0	 0	 0	 0	 
 161	 180	 158	 180	 0	 22	 
 161	 180	 151	 180	 0	 29	 
 161	 180	 158	 180	 0	 22	 
 161	 180	 159	 180	 0	 21	 
 161	 180	 154	 180	 0	 26	 
 161	 180	 152	 180	 0	 28	 
 161	 180	 154	 180	 0	 26	 
 161	 180	 166	 175	 0	 9	 
 161	 180	 154	 180	 0	 26	 
 161	 180	 166	 175	 0	 9	 
 161	 180	 151	 180	 0	 29	 
 161	 180	 155	 180	 0	 25	 
 161	 180	 153	 180	 0	 27	 
 161	 180	 160	 180	 0	 20	 
 161	 180	 156	 180	 0	 24	 
 161	 180	 152	 180	 0	 28	 
 161	 180	 165	 176	 0	 11	 
 161	 180	 164	 177	 0	 13	 
 161	 180	 162	 179	 0	 17	 
 161	 180	 163	 178	 0	 15	 
 161	 180	 166	 175	 0	 9	 
 161	 180	 159	 180	 0	 21	 
 161	 180	 166	 175	 0	 9	 
 161	 180	 164	 177	 0	 13	 
 161	 180	 164	 177	 0	 13	 
 161	 180	 156	 180	 0	 24	 
 161	 180	 163	 178	 0	 15	 
 161	 180	 166	 175	 0	 9	 
 161	 180	 153	 180	 0	 27	 
 161	 180	 166	 175	 0	 9	 
 161	 180	 166	 175	 0	 9	 
 161	 180	 151	 180	 0	 29	 
 161	 180	 163	 178	 0	 15	 
 161	 180	 166	 175	 0	 9	 
 161	 180	 166	 175	 0	 9	 
 161	 180	 164	 177	 0	 13	 
 161	 180	 160	 180	 0	 20	 
 161	 180	 160	 180	 0	 20	 
 161	 180	 151	 180	 0	 29	 
 161	 180	 166	 175	 0	 9	 
 161	 180	 166	 175	 0	 9	 
 161	 180	 155	 180	 0	 25	 
 161	 180	 151	 180	 0	 29	 
 161	 180	 160	 180	 0	 20	 
 161	 180	 166	 175	 0	 9	 
 161	 180	 156	 180	 0	 24	 
 161	 180	 159	 180	 0	 21	 
 161	 180	 157	 180	 0	 23	 
 161	 180	 157	 180	 0	 23	 
 161	 180	 152	 180	 0	 28	 
 161	 180	 163	 178	 0	 15	 
 161	 180	 166	 175	 0	 9	 
 161	 180	 166	 175	 0	 9	 
 161	 180	 166	 175	 0	 9	 
 161	 180	 160	 180	 0	 20	 
 161	 180	 163	 178	 0	 15	 
 161	 180	 166	 175	 0	 9	 
 161	 180	 165	 176	 0	 11	 
 161	 180	 157	 180	 0	 23	 
 161	 180	 153	 180	 0	 27	 
 161	 180	 166	 175	 0	 9	 
 161	 180	 163	 178	 0	 15	 
 161	 180	 153	 180	 0	 27	 
 161	 180	 156	 180	 0	 24	 
 161	 180	 166	 175	 0	 9	 
 161	 180	 156	 180	 0	 24	 
 161	 180	 156	 180	 0	 24	 
 161	 180	 163	 178	 0	 15	 
 161	 180	 164	 177	 0	 13	 
 161	 180	 166	 175	 0	 9	 
 161	 180	 164	 177	 0	 13	 
 161	 180	 166	 175	 0	 9	 
 161	 180	 166	 175	 0	 9	 
 161	 180	 166	 175	 0	 9	 
 161	 180	 166	 175	 0	 9	 
 161	 180	 166	 175	 0	 9	 
 161	 180	 166	 175	 0	 9	 
 161	 180	 162	 179	 0	 17	 
 161	 180	 166	 175	 0	 9	 
 161	 180	 156	 180	 0	 24	 
 161	 180	 162	 179	 0	 17	 
 161	 180	 162	 179	 0	 17	 
 161	 180	 151	 180	 0	 29	 
 161	 180	 152	 180	 0	 28	 
 161	 180	 151	 180	 0	 29	 
 161	 180	 164	 177	 0	 13	 
 161	 180	 166	 175	 0	 9	 
 161	 180	 166	 175	 0	 9	 
 161	 180	 165	 176	 0	 11	 
 161	 180	 151	 180	 0	 29	 
 161	 180	 157	 180	 0	 23	 
 161	 180	 164	 177	 0	 13	 
 161	 180	 162	 179	 0	 17	 
 161	 180	 157	 180	 0	 23	 
 161	 180	 156	 180	 0	 24	 
 161	 180	 157	 180	 0	 23	 
 161	 180	 166	 175	 0	 9	 
 161	 180	 165	 176	 0	 11	 
 161	 180	 151	 180	 0	 29	 
 0	 0	 0	 0	 0	 0	 
 0	 0	 0	 0	 0	 0	 
 161	 180	 156	 180	 0	 24	 
 161	 180	 155	 180	 0	 25	 
 161	 180	 166	 175	 0	 9	 
 161	 180	 163	 178	 0	 15	 
 161	 180	 157	 180	 0	 23	 
 161	 180	 152	 180	 0	 28	 
 161	 180	 166	 175	 0	 9	 
 161	 180	 164	 177	 0	 13	 
 161	 180	 159	 180	 0	 21	 
 161	 180	 157	 180	 0	 23	 
 161	 180	 160	 180	 0	 20	 
 161	 180	 160	 180	 0	 20	 
 161	 180	 151	 180	 0	 29	 
 161	 180	 163	 178	 0	 15	 
 161	 180	 166	 175	 0	 9	 
 161	 180	 166	 175	 0	 9	 
 161	 180	 156	 180	 0	 24	 
 161	 180	 163	 178	 0	 15	 
 161	 180	 164	 177	 0	 13	 
 161	 180	 159	 180	 0	 21	 
 161	 180	 157	 180	 0	 23	 
 161	 180	 153	 180	 0	 27	 
 161	 180	 164	 177	 0	 13	 
 161	 180	 166	 175	 0	 9	 
 161	 180	 163	 178	 0	 15	 
 161	 180	 163	 178	 0	 15	 
 161	 180	 166	 175	 0	 9	 
 161	 180	 151	 180	 0	 29	 
 161	 180	 157	 180	 0	 23	 
 161	 180	 166	 175	 0	 9	 
 161	 180	 166	 175	 0	 9	 
 161	 180	 165	 176	 0	 11	 
 161	 180	 166	 175	 0	 9	 
 161	 180	 158	 180	 0	 22	 
 161	 180	 166	 175	 0	 9	 
 161	 180	 163	 178	 0	 15	 
 161	 180	 165	 176	 0	 11	 
 161	 180	 158	 180	 0	 22	 
 161	 180	 166	 175	 0	 9	 
 161	 180	 156	 180	 0	 24	 
 161	 180	 151	 180	 0	 29	 
 161	 180	 166	 175	 0	 9	 
 161	 180	 153	 180	 0	 27	 
 161	 180	 166	 175	 0	 9	 
 161	 180	 152	 180	 0	 28	 
 161	 180	 166	 175	 0	 9	 
 161	 180	 166	 175	 0	 9	 
 161	 180	 159	 180	 0	 21	 
 161	 180	 160	 180	 0	 20	 
 161	 180	 166	 175	 0	 9	 
 161	 180	 166	 175	 0	 9	 
 161	 180	 162	 179	 0	 17	 
 161	 180	 152	 180	 0	 28	 
 161	 180	 166	 175	 0	 9	 
 161	 180	 159	 180	 0	 21	 
 161	 180	 151	 180	 0	 29	 
 161	 180	 166	 175	 0	 9	 
 161	 180	 155	 180	 0	 25	 
 161	 180	 157	 180	 0	 23	 
 161	 180	 154	 180	 0	 26	 
 161	 180	 163	 178	 0	 15	 
 161	 180	 164	 177	 0	 13	 
 161	 180	 165	 176	 0	 11	 
 161	 180	 152	 180	 0	 28	 
 161	 180	 165	 176	 0	 11	 
 161	 180	 163	 178	 0	 15	 
 161	 180	 166	 175	 0	 9	 
 161	 180	 151	 180	 0	 29	 
 161	 180	 166	 175	 0	 9	 
 161	 180	 166	 175	 0	 9	 
 161	 180	 151	 180	 0	 29	 
 161	 180	 154	 180	 0	 26	 
 161	 180	 166	 175	 0	 9	 
 161	 180	 160	 180	 0	 20	 
 161	 180	 166	 175	 0	 9	 
 161	 180	 162	 179	 0	 17	 
 161	 180	 159	 180	 0	 21	 
 161	 180	 152	 180	 0	 28	 
 161	 180	 155	 180	 0	 25	 
 161	 180	 159	 180	 0	 21	 
 161	 180	 153	 180	 0	 27	 
 161	 180	 166	 175	 0	 9	 
 161	 180	 154	 180	 0	 26	 
 161	 180	 163	 178	 0	 15	 
 161	 180	 157	 180	 0	 23	 
 161	 180	 163	 178	 0	 15	 
 161	 180	 164	 177	 0	 13	 
 161	 180	 160	 180	 0	 20	 
 161	 180	 153	 180	 0	 27	 
 161	 180	 163	 178	 0	 15	 
 161	 180	 165	 176	 0	 11	 
 161	 180	 163	 178	 0	 15	 
 161	 180	 159	 180	 0	 21	 
 161	 180	 162	 179	 0	 17	 
 161	 180	 166	 175	 0	 9	 
 161	 180	 153	 180	 0	 27	 
 161	 180	 166	 175	 0	 9	 
 161	 180	 166	 175	 0	 9	 
 161	 180	 159	 180	 0	 21	 
 0	 0	 0	 0	 0	 0	 
 0	 0	 0	 0	 0	 0	 
 133	 164	 120	 177	 1	 57	 
 133	 164	 122	 175	 1	 53	 
 133	 164	 134	 163	 1	 29	 
 133	 164	 129	 168	 1	 39	 
 133	 164	 120	 180	 1	 60	 
 133	 164	 120	 180	 1	 60	 
 133	 164	 144	 153	 1	 9	 
 133	 164	 144	 153	 1	 9	 
 133	 164	 144	 153	 1	 9	 
 133	 164	 140	 157	 1	 17	 
 133	 164	 131	 166	 1	 35	 
 133	 164	 120	 179	 1	 59	 
 133	 164	 130	 167	 1	 37	 
 133	 164	 136	 161	 1	 25	 
 133	 164	 144	 153	 1	 9	 
 133	 164	 136	 161	 1	 25	 
 133	 164	 134	 163	 1	 29	 
 133	 164	 131	 166	 1	 35	 
 133	 164	 143	 154	 1	 11	 
 133	 164	 121	 176	 1	 55	 
 133	 164	 126	 171	 1	 45	 
 133	 164	 122	 175	 1	 53	 
 133	 164	 139	 158	 1	 19	 
 133	 164	 144	 153	 1	 9	 
 133	 164	 132	 165	 1	 33	 
 133	 164	 144	 153	 1	 9	 
 133	 164	 129	 168	 1	 39	 
 133	 164	 140	 157	 1	 17	 
 133	 164	 144	 153	 1	 9	 
 133	 164	 123	 174	 1	 51	 
 133	 164	 127	 170	 1	 43	 
 133	 164	 120	 180	 1	 60	 
 133	 164	 124	 173	 1	 49	 
 133	 164	 123	 174	 1	 51	 
 133	 164	 142	 155	 1	 13	 
 133	 164	 136	 161	 1	 25	 
 133	 164	 126	 171	 1	 45	 
 133	 164	 120	 180	 1	 60	 
 133	 164	 138	 159	 1	 21	 
 133	 164	 141	 156	 1	 15	 
 133	 164	 141	 156	 1	 15	 
 133	 164	 136	 161	 1	 25	 
 133	 164	 144	 153	 1	 9	 
 133	 164	 144	 153	 1	 9	 
 133	 164	 123	 174	 1	 51	 
 133	 164	 125	 172	 1	 47	 
 133	 164	 134	 163	 1	 29	 
 133	 164	 131	 166	 1	 35	 
 133	 164	 144	 153	 1	 9	 
 133	 164	 122	 175	 1	 53	 
 133	 164	 144	 153	 1	 9	 
 133	 164	 120	 179	 1	 59	 
 133	 164	 144	 153	 1	 9	 
 133	 164	 144	 153	 1	 9	 
 133	 164	 126	 171	 1	 45	 
 133	 164	 140	 157	 1	 17	 
 133	 164	 144	 153	 1	 9	 
 133	 164	 143	 154	 1	 11	 
 133	 164	 136	 161	 1	 25	 
 133	 164	 127	 170	 1	 43	 
 133	 164	 135	 162	 1	 27	 
 133	 164	 122	 175	 1	 53	 
 133	 164	 142	 155	 1	 13	 
 133	 164	 141	 156	 1	 15	 
 133	 164	 144	 153	 1	 9	 
 133	 164	 142	 155	 1	 13	 
 133	 164	 140	 157	 1	 17	 
 133	 164	 123	 174	 1	 51	 
 133	 164	 144	 153	 1	 9	 
 133	 164	 120	 179	 1	 59	 
 133	 164	 121	 176	 1	 55	 
 133	 164	 125	 172	 1	 47	 
 133	 164	 136	 161	 1	 25	 
 133	 164	 136	 161	 1	 25	 
 133	 164	 134	 163	 1	 29	 
 133	 164	 138	 159	 1	 21	 
 133	 164	 120	 180	 1	 60	 
 133	 164	 144	 153	 1	 9	 
 133	 164	 138	 159	 1	 21	 
 133	 164	 140	 157	 1	 17	 
 133	 164	 144	 153	 1	 9	 
 133	 164	 137	 160	 1	 23	 
 133	 164	 120	 180	 1	 60	 
 133	 164	 126	 171	 1	 45	 
 133	 164	 120	 179	 1	 59	 
 133	 164	 136	 161	 1	 25	 
 133	 164	 144	 153	 1	 9	 
 133	 164	 125	 172	 1	 47	 
 133	 164	 144	 153	 1	 9	 
 133	 164	 144	 153	 1	 9	 
 133	 164	 132	 165	 1	 33	 
 133	 164	 144	 153	 1	 9	 
 133	 164	 144	 153	 1	 9	 
 133	 164	 124	 173	 1	 49	 
 133	 164	 124	 173	 1	 49	 
 133	 164	 144	 153	 1	 9	 
 133	 164	 137	 160	 1	 23	 
 133	 164	 144	 153	 1	 9	 
 133	 164	 123	 174	 1	 51	 
 0	 0	 0	 0	 0	 0	 
 0	 0	 0	 0	 0	 0	 
 161	 180	 163	 178	 0	 15	 
 161	 180	 151	 180	 0	 29	 
 161	 180	 157	 180	 0	 23	 
 161	 180	 166	 175	 0	 9	 
 161	 180	 157	 180	 0	 23	 
 161	 180	 166	 175	 0	 9	 
 161	 180	 157	 180	 0	 23	 
 161	 180	 165	 176	 0	 11	 
 161	 180	 166	 175	 0	 9	 
 161	 180	 152	 180	 0	 28	 
 161	 180	 164	 177	 0	 13	 
 161	 180	 163	 178	 0	 15	 
 161	 180	 164	 177	 0	 13	 
 161	 180	 158	 180	 0	 22	 
 161	 180	 155	 180	 0	 25	 
 161	 180	 155	 180	 0	 25	 
 161	 180	 165	 176	 0	 11	 
 161	 180	 166	 175	 0	 9	 
 161	 180	 151	 180	 0	 29	 
 161	 180	 160	 180	 0	 20	 
 161	 180	 156	 180	 0	 24	 
 161	 180	 166	 175	 0	 9	 
 161	 180	 152	 180	 0	 28	 
 161	 180	 166	 175	 0	 9	 
 161	 180	 166	 175	 0	 9	 
 161	 180	 151	 180	 0	 29	 
 161	 180	 158	 180	 0	 22	 
 161	 180	 154	 180	 0	 26	 
 161	 180	 164	 177	 0	 13	 
 161	 180	 159	 180	 0	 21	 
 161	 180	 155	 180	 0	 25	 
 161	 180	 166	 175	 0	 9	 
 161	 180	 166	 175	 0	 9	 
 161	 180	 166	 175	 0	 9	 
 161	 180	 157	 180	 0	 23	 
 161	 180	 163	 178	 0	 15	 
 161	 180	 156	 180	 0	 24	 
 161	 180	 166	 175	 0	 9	 
 161	 180	 152	 180	 0	 28	 
 161	 180	 166	 175	 0	 9	 
 161	 180	 153	 180	 0	 27	 
 161	 180	 166	 175	 0	 9	 
 161	 180	 166	 175	 0	 9	 
 161	 180	 164	 177	 0	 13	 
 161	 180	 158	 180	 0	 22	 
 161	 180	 153	 180	 0	 27	 
 161	 180	 163	 178	 0	 15	 
 161	 180	 154	 180	 0	 26	 
 161	 180	 166	 175	 0	 9	 
 161	 180	 166	 175	 0	 9	 
 161	 180	 166	 175	 0	 9	 
 161	 180	 154	 180	 0	 26	 
 161	 180	 166	 175	 0	 9	 
 161	 180	 151	 180	 0	 29	 
 161	 180	 166	 175	 0	 9	 
 161	 180	 166	 175	 0	 9	 
 161	 180	 166	 175	 0	 9	 
 161	 180	 166	 175	 0	 9	 
 161	 180	 153	 180	 0	 27	 
 161	 180	 160	 180	 0	 20	 
 161	 180	 158	 180	 0	 22	 
 161	 180	 159	 180	 0	 21	 
 161	 180	 154	 180	 0	 26	 
 161	 180	 159	 180	 0	 21	 
 161	 180	 153	 180	 0	 27	 
 161	 180	 162	 179	 0	 17	 
 161	 180	 166	 175	 0	 9	 
 161	 180	 159	 180	 0	 21	 
 161	 180	 166	 175	 0	 9	 
 161	 180	 158	 180	 0	 22	 
 161	 180	 157	 180	 0	 23	 
 161	 180	 166	 175	 0	 9	 
 161	 180	 163	 178	 0	 15	 
 161	 180	 165	 176	 0	 11	 
 161	 180	 166	 175	 0	 9	 
 161	 180	 166	 175	 0	 9	 
 161	 180	 162	 179	 0	 17	 
 161	 180	 158	 180	 0	 22	 
 161	 180	 156	 180	 0	 24	 
 161	 180	 166	 175	 0	 9	 
 161	 180	 166	 175	 0	 9	 
 161	 180	 166	 175	 0	 9	 
 161	 180	 159	 180	 0	 21	 
 161	 180	 158	 180	 0	 22	 
 161	 180	 163	 178	 0	 15	 
 161	 180	 163	 178	 0	 15	 
 161	 180	 162	 179	 0	 17	 
 161	 180	 158	 180	 0	 22	 
 161	 180	 152	 180	 0	 28	 
 161	 180	 166	 175	 0	 9	 
 161	 180	 166	 175	 0	 9	 
 161	 180	 152	 180	 0	 28	 
 161	 180	 164	 177	 0	 13	 
 161	 180	 157	 180	 0	 23	 
 161	 180	 166	 175	 0	 9	 
 161	 180	 156	 180	 0	 24	 
 161	 180	 166	 175	 0	 9	 
 161	 180	 154	 180	 0	 26	 
 161	 180	 159	 180	 0	 21	 
 0	 0	 0	 0	 0	 0	 
 0	 0	 0	 0	 0	 0	 
 134	 153	 136	 151	 0	 15	 
 134	 153	 135	 152	 0	 17	 
 134	 153	 131	 156	 0	 25	 
 134	 153	 139	 148	 0	 9	 
 134	 153	 136	 151	 0	 15	 
 134	 153	 139	 148	 0	 9	 
 134	 153	 139	 148	 0	 9	 
 134	 153	 139	 148	 0	 9	 
 134	 153	 132	 155	 0	 23	 
 134	 153	 130	 157	 0	 27	 
 134	 153	 136	 151	 0	 15	 
 134	 153	 135	 152	 0	 17	 
 134	 153	 139	 148	 0	 9	 
 134	 153	 139	 148	 0	 9	 
 134	 153	 128	 159	 0	 31	 
 134	 153	 137	 150	 0	 13	 
 134	 153	 133	 154	 0	 21	 
 134	 153	 132	 155	 0	 23	 
 134	 153	 136	 151	 0	 15	 
 134	 153	 135	 152	 0	 17	 
 134	 153	 129	 158	 0	 29	 
 134	 153	 128	 159	 0	 31	 
 134	 153	 139	 148	 0	 9	 
 134	 153	 127	 160	 0	 33	 
 134	 153	 139	 148	 0	 9	 
 134	 153	 131	 156	 0	 25	 
 134	 153	 139	 148	 0	 9	 
 134	 153	 128	 159	 0	 31	 
 134	 153	 139	 148	 0	 9	 
 134	 153	 132	 155	 0	 23	 
 134	 153	 133	 154	 0	 21	 
 134	 153	 128	 159	 0	 31	 
 134	 153	 137	 150	 0	 13	 
 134	 153	 139	 148	 0	 9	 
 134	 153	 139	 148	 0	 9	 
 134	 153	 133	 154	 0	 21	 
 134	 153	 139	 148	 0	 9	 
 134	 153	 126	 161	 0	 35	 
 134	 153	 126	 161	 0	 35	 
 134	 153	 139	 148	 0	 9	 
 134	 153	 135	 152	 0	 17	 
 134	 153	 137	 150	 0	 13	 
 134	 153	 133	 154	 0	 21	 
 134	 153	 132	 155	 0	 23	 
 134	 153	 129	 158	 0	 29	 
 134	 153	 139	 148	 0	 9	 
 134	 153	 129	 158	 0	 29	 
 134	 153	 132	 155	 0	 23	 
 134	 153	 139	 148	 0	 9	 
 134	 153	 138	 149	 0	 11	 
 134	 153	 139	 148	 0	 9	 
 134	 153	 137	 150	 0	 13	 
 134	 153	 139	 148	 0	 9	 
 134	 153	 133	 154	 0	 21	 
 134	 153	 125	 162	 0	 37	 
 134	 153	 137	 150	 0	 13	 
 134	 153	 136	 151	 0	 15	 
 134	 153	 137	 150	 0	 13	 
 134	 153	 132	 155	 0	 23	 
 134	 153	 130	 157	 0	 27	 
 134	 153	 139	 148	 0	 9	 
 134	 153	 127	 160	 0	 33	 
 134	 153	 137	 150	 0	 13	 
 134	 153	 132	 155	 0	 23	 
 134	 153	 127	 160	 0	 33	 
 134	 153	 136	 151	 0	 15	 
 134	 153	 124	 163	 0	 39	 
 134	 153	 132	 155	 0	 23	 
 134	 153	 138	 149	 0	 11	 
 134	 153	 139	 148	 0	 9	 
 134	 153	 131	 156	 0	 25	 
 134	 153	 139	 148	 0	 9	 
 134	 153	 129	 158	 0	 29	 
 134	 153	 138	 149	 0	 11	 
 134	 153	 139	 148	 0	 9	 
 134	 153	 133	 154	 0	 21	 
 134	 153	 138	 149	 0	 11	 
 134	 153	 127	 160	 0	 33	 
 134	 153	 137	 150	 0	 13	 
 134	 153	 137	 150	 0	 13	 
 134	 153	 138	 149	 0	 11	 
 134	 153	 129	 158	 0	 29	 
 134	 153	 125	 162	 0	 37	 
 134	 153	 138	 149	 0	 11	 
 134	 153	 139	 148	 0	 9	 
 134	 153	 128	 159	 0	 31	 
 134	 153	 139	 148	 0	 9	 
 134	 153	 139	 148	 0	 9	 
 134	 153	 139	 148	 0	 9	 
 134	 153	 136	 151	 0	 15	 
 134	 153	 126	 161	 0	 35	 
 134	 153	 139	 148	 0	 9	 
 134	 153	 126	 161	 0	 35	 
 134	 153	 139	 148	 0	 9	 
 134	 153	 135	 152	 0	 17	 
 134	 153	 125	 162	 0	 37	 
 134	 153	 139	 148	 0	 9	 
 134	 153	 139	 148	 0	 9	 
 134	 153	 127	 160	 0	 33	 
 0	 0	 0	 0	 0	 0	 
 0	 0	 0	 0	 0	 0	 
 161	 180	 154	 180	 0	 26	 
 161	 180	 154	 180	 0	 26	 
 161	 180	 166	 175	 0	 9	 
 161	 180	 156	 180	 0	 24	 
 161	 180	 166	 175	 0	 9	 
 161	 180	 166	 175	 0	 9	 
 161	 180	 153	 180	 0	 27	 
 161	 180	 166	 175	 0	 9	 
 161	 180	 156	 180	 0	 24	 
 161	 180	 156	 180	 0	 24	 
 161	 180	 165	 176	 0	 11	 
 161	 180	 166	 175	 0	 9	 
 161	 180	 155	 180	 0	 25	 
 161	 180	 165	 176	 0	 11	 
 161	 180	 164	 177	 0	 13	 
 161	 180	 159	 180	 0	 21	 
 161	 180	 166	 175	 0	 9	 
 161	 180	 165	 176	 0	 11	 
 161	 180	 158	 180	 0	 22	 
 161	 180	 166	 175	 0	 9	 
 161	 180	 158	 180	 0	 22	 
 161	 180	 166	 175	 0	 9	 
 161	 180	 164	 177	 0	 13	 
 161	 180	 162	 179	 0	 17	 
 161	 180	 153	 180	 0	 27	 
 161	 180	 162	 179	 0	 17	 
 161	 180	 154	 180	 0	 26	 
 161	 180	 165	 176	 0	 11	 
 161	 180	 166	 175	 0	 9	 
 161	 180	 165	 176	 0	 11	 
 161	 180	 166	 175	 0	 9	 
 161	 180	 166	 175	 0	 9	 
 161	 180	 152	 180	 0	 28	 
 161	 180	 166	 175	 0	 9	 
 161	 180	 166	 175	 0	 9	 
 161	 180	 166	 175	 0	 9	 
 161	 180	 166	 175	 0	 9	 
 161	 180	 155	 180	 0	 25	 
 161	 180	 166	 175	 0	 9	 
 161	 180	 151	 180	 0	 29	 
 161	 180	 151	 180	 0	 29	 
 161	 180	 166	 175	 0	 9	 
 161	 180	 166	 175	 0	 9	 
 161	 180	 152	 180	 0	 28	 
 161	 180	 160	 180	 0	 20	 
 161	 180	 154	 180	 0	 26	 
 161	 180	 162	 179	 0	 17	 
 161	 180	 166	 175	 0	 9	 
 161	 180	 163	 178	 0	 15	 
 161	 180	 166	 175	 0	 9	 
 161	 180	 160	 180	 0	 20	 
 161	 180	 154	 180	 0	 26	 
 161	 180	 165	 176	 0	 11	 
 161	 180	 152	 180	 0	 28	 
 161	 180	 162	 179	 0	 17	 
 161	 180	 157	 180	 0	 23	 
 161	 180	 151	 180	 0	 29	 
 161	 180	 157	 180	 0	 23	 
 161	 180	 156	 180	 0	 24	 
 161	 180	 166	 175	 0	 9	 
 161	 180	 166	 175	 0	 9	 
 161	 180	 166	 175	 0	 9	 
 161	 180	 165	 176	 0	 11	 
 161	 180	 151	 180	 0	 29	 
 161	 180	 166	 175	 0	 9	 
 161	 180	 154	 180	 0	 26	 
 161	 180	 166	 175	 0	 9	 
 161	 180	 166	 175	 0	 9	 
 161	 180	 166	 175	 0	 9	 
 161	 180	 154	 180	 0	 26	 
 161	 180	 157	 180	 0	 23	 
 161	 180	 166	 175	 0	 9	 
 161	 180	 166	 175	 0	 9	 
 161	 180	 166	 175	 0	 9	 
 161	 180	 159	 180	 0	 21	 
 161	 180	 166	 175	 0	 9	 
 161	 180	 151	 180	 0	 29	 
 161	 180	 158	 180	 0	 22	 
 161	 180	 151	 180	 0	 29	 
 161	 180	 151	 180	 0	 29	 
 161	 180	 155	 180	 0	 25	 
 161	 180	 158	 180	 0	 22	 
 161	 180	 166	 175	 0	 9	 
 161	 180	 157	 180	 0	 23	 
 161	 180	 151	 180	 0	 29	 
 161	 180	 166	 175	 0	 9	 
 161	 180	 166	 175	 0	 9	 
 161	 180	 164	 177	 0	 13	 
 161	 180	 154	 180	 0	 26	 
 161	 180	 166	 175	 0	 9	 
 161	 180	 157	 180	 0	 23	 
 161	 180	 166	 175	 0	 9	 
 161	 180	 159	 180	 0	 21	 
 161	 180	 162	 179	 0	 17	 
 161	 180	 157	 180	 0	 23	 
 161	 180	 164	 177	 0	 13	 
 161	 180	 162	 179	 0	 17	 
 161	 180	 166	 175	 0	 9	 
 161	 180	 160	 180	 0	 20	 
 0	 0	 0	 0	 0	 0	 
 0	 0	 0	 0	 0	 0	 
 161	 180	 163	 178	 0	 15	 
 161	 180	 160	 180	 0	 20	 
 161	 180	 153	 180	 0	 27	 
 161	 180	 166	 175	 0	 9	 
 161	 180	 151	 180	 0	 29	 
 161	 180	 158	 180	 0	 22	 
 161	 180	 153	 180	 0	 27	 
 161	 180	 151	 180	 0	 29	 
 161	 180	 159	 180	 0	 21	 
 161	 180	 166	 175	 0	 9	 
 161	 180	 166	 175	 0	 9	 
 161	 180	 166	 175	 0	 9	 
 161	 180	 154	 180	 0	 26	 
 161	 180	 166	 175	 0	 9	 
 161	 180	 156	 180	 0	 24	 
 161	 180	 166	 175	 0	 9	 
 161	 180	 166	 175	 0	 9	 
 161	 180	 159	 180	 0	 21	 
 161	 180	 151	 180	 0	 29	 
 161	 180	 166	 175	 0	 9	 
 161	 180	 159	 180	 0	 21	 
 161	 180	 166	 175	 0	 9	 
 161	 180	 156	 180	 0	 24	 
 161	 180	 154	 180	 0	 26	 
 161	 180	 162	 179	 0	 17	 
 161	 180	 159	 180	 0	 21	 
 161	 180	 159	 180	 0	 21	 
 161	 180	 164	 177	 0	 13	 
 161	 180	 152	 180	 0	 28	 
 161	 180	 166	 175	 0	 9	 
 161	 180	 166	 175	 0	 9	 
 161	 180	 158	 180	 0	 22	 
 161	 180	 153	 180	 0	 27	 
 161	 180	 164	 177	 0	 13	 
 161	 180	 166	 175	 0	 9	 
 161	 180	 163	 178	 0	 15	 
 161	 180	 159	 180	 0	 21	 
 161	 180	 154	 180	 0	 26	 
 161	 180	 162	 179	 0	 17	 
 161	 180	 156	 180	 0	 24	 
 161	 180	 156	 180	 0	 24	 
 161	 180	 155	 180	 0	 25	 
 161	 180	 155	 180	 0	 25	 
 161	 180	 156	 180	 0	 24	 
 161	 180	 152	 180	 0	 28	 
 161	 180	 155	 180	 0	 25	 
 161	 180	 160	 180	 0	 20	 
 161	 180	 157	 180	 0	 23	 
 161	 180	 158	 180	 0	 22	 
 161	 180	 162	 179	 0	 17	 
 161	 180	 152	 180	 0	 28	 
 161	 180	 163	 178	 0	 15	 
 161	 180	 166	 175	 0	 9	 
 161	 180	 165	 176	 0	 11	 
 161	 180	 158	 180	 0	 22	 
 161	 180	 162	 179	 0	 17	 
 161	 180	 166	 175	 0	 9	 
 161	 180	 166	 175	 0	 9	 
 161	 180	 152	 180	 0	 28	 
 161	 180	 153	 180	 0	 27	 
 161	 180	 159	 180	 0	 21	 
 161	 180	 166	 175	 0	 9	 
 161	 180	 153	 180	 0	 27	 
 161	 180	 152	 180	 0	 28	 
 161	 180	 162	 179	 0	 17	 
 161	 180	 166	 175	 0	 9	 
 161	 180	 166	 175	 0	 9	 
 161	 180	 158	 180	 0	 22	 
 161	 180	 160	 180	 0	 20	 
 161	 180	 152	 180	 0	 28	 
 161	 180	 152	 180	 0	 28	 
 161	 180	 153	 180	 0	 27	 
 161	 180	 162	 179	 0	 17	 
 161	 180	 162	 179	 0	 17	 
 161	 180	 166	 175	 0	 9	 
 161	 180	 153	 180	 0	 27	 
 161	 180	 156	 180	 0	 24	 
 161	 180	 153	 180	 0	 27	 
 161	 180	 159	 180	 0	 21	 
 161	 180	 166	 175	 0	 9	 
 161	 180	 157	 180	 0	 23	 
 161	 180	 158	 180	 0	 22	 
 161	 180	 151	 180	 0	 29	 
 161	 180	 160	 180	 0	 20	 
 161	 180	 164	 177	 0	 13	 
 161	 180	 152	 180	 0	 28	 
 161	 180	 166	 175	 0	 9	 
 161	 180	 166	 175	 0	 9	 
 161	 180	 158	 180	 0	 22	 
 161	 180	 163	 178	 0	 15	 
 161	 180	 166	 175	 0	 9	 
 161	 180	 166	 175	 0	 9	 
 161	 180	 159	 180	 0	 21	 
 161	 180	 166	 175	 0	 9	 
 161	 180	 155	 180	 0	 25	 
 161	 180	 166	 175	 0	 9	 
 161	 180	 155	 180	 0	 25	 
 161	 180	 152	 180	 0	 28	 
 161	 180	 166	 175	 0	 9	 
 0	 0	 0	 0	 0	 0	 
 0	 0	 0	 0	 0	 0	 
 161	 180	 163	 178	 0	 15	 
 161	 180	 166	 175	 0	 9	 
 161	 180	 152	 180	 0	 28	 
 161	 180	 163	 178	 0	 15	 
 161	 180	 165	 176	 0	 11	 
 161	 180	 166	 175	 0	 9	 
 161	 180	 151	 180	 0	 29	 
 161	 180	 160	 180	 0	 20	 
 161	 180	 162	 179	 0	 17	 
 161	 180	 166	 175	 0	 9	 
 161	 180	 166	 175	 0	 9	 
 161	 180	 156	 180	 0	 24	 
 161	 180	 156	 180	 0	 24	 
 161	 180	 166	 175	 0	 9	 
 161	 180	 164	 177	 0	 13	 
 161	 180	 153	 180	 0	 27	 
 161	 180	 158	 180	 0	 22	 
 161	 180	 151	 180	 0	 29	 
 161	 180	 166	 175	 0	 9	 
 161	 180	 154	 180	 0	 26	 
 161	 180	 166	 175	 0	 9	 
 161	 180	 166	 175	 0	 9	 
 161	 180	 156	 180	 0	 24	 
 161	 180	 152	 180	 0	 28	 
 161	 180	 165	 176	 0	 11	 
 161	 180	 166	 175	 0	 9	 
 161	 180	 165	 176	 0	 11	 
 161	 180	 151	 180	 0	 29	 
 161	 180	 159	 180	 0	 21	 
 161	 180	 164	 177	 0	 13	 
 161	 180	 155	 180	 0	 25	 
 161	 180	 166	 175	 0	 9	 
 161	 180	 151	 180	 0	 29	 
 161	 180	 166	 175	 0	 9	 
 161	 180	 151	 180	 0	 29	 
 161	 180	 158	 180	 0	 22	 
 161	 180	 166	 175	 0	 9	 
 161	 180	 158	 180	 0	 22	 
 161	 180	 166	 175	 0	 9	 
 161	 180	 163	 178	 0	 15	 
 161	 180	 154	 180	 0	 26	 
 161	 180	 162	 179	 0	 17	 
 161	 180	 160	 180	 0	 20	 
 161	 180	 157	 180	 0	 23	 
 161	 180	 152	 180	 0	 28	 
 161	 180	 163	 178	 0	 15	 
 161	 180	 162	 179	 0	 17	 
 161	 180	 153	 180	 0	 27	 
 161	 180	 164	 177	 0	 13	 
 161	 180	 166	 175	 0	 9	 
 161	 180	 151	 180	 0	 29	 
 161	 180	 164	 177	 0	 13	 
 161	 180	 160	 180	 0	 20	 
 161	 180	 162	 179	 0	 17	 
 161	 180	 166	 175	 0	 9	 
 161	 180	 153	 180	 0	 27	 
 161	 180	 165	 176	 0	 11	 
 161	 180	 159	 180	 0	 21	 
 161	 180	 166	 175	 0	 9	 
 161	 180	 155	 180	 0	 25	 
 161	 180	 151	 180	 0	 29	 
 161	 180	 166	 175	 0	 9	 
 161	 180	 158	 180	 0	 22	 
 161	 180	 152	 180	 0	 28	 
 161	 180	 166	 175	 0	 9	 
 161	 180	 153	 180	 0	 27	 
 161	 180	 152	 180	 0	 28	 
 161	 180	 163	 178	 0	 15	 
 161	 180	 159	 180	 0	 21	 
 161	 180	 162	 179	 0	 17	 
 161	 180	 166	 175	 0	 9	 
 161	 180	 162	 179	 0	 17	 
 161	 180	 153	 180	 0	 27	 
 161	 180	 162	 179	 0	 17	 
 161	 180	 166	 175	 0	 9	 
 161	 180	 166	 175	 0	 9	 
 161	 180	 154	 180	 0	 26	 
 161	 180	 157	 180	 0	 23	 
 161	 180	 162	 179	 0	 17	 
 161	 180	 158	 180	 0	 22	 
 161	 180	 166	 175	 0	 9	 
 161	 180	 162	 179	 0	 17	 
 161	 180	 158	 180	 0	 22	 
 161	 180	 164	 177	 0	 13	 
 161	 180	 166	 175	 0	 9	 
 161	 180	 156	 180	 0	 24	 
 161	 180	 166	 175	 0	 9	 
 161	 180	 151	 180	 0	 29	 
 161	 180	 159	 180	 0	 21	 
 161	 180	 159	 180	 0	 21	 
 161	 180	 155	 180	 0	 25	 
 161	 180	 155	 180	 0	 25	 
 161	 180	 166	 175	 0	 9	 
 161	 180	 157	 180	 0	 23	 
 161	 180	 156	 180	 0	 24	 
 161	 180	 151	 180	 0	 29	 
 161	 180	 166	 175	 0	 9	 
 161	 180	 166	 175	 0	 9	 
 161	 180	 163	 178	 0	 15	 
 0	 0	 0	 0	 0	 0	 
 0	 0	 0	 0	 0	 0	 
 149	 169	 147	 171	 0	 24	 
 149	 169	 150	 168	 0	 18	 
 149	 169	 146	 172	 0	 26	 
 149	 169	 154	 164	 0	 10	 
 149	 169	 143	 175	 0	 32	 
 149	 169	 152	 166	 0	 14	 
 149	 169	 154	 164	 0	 10	 
 149	 169	 154	 164	 0	 10	 
 149	 169	 139	 179	 0	 40	 
 149	 169	 151	 167	 0	 16	 
 149	 169	 142	 176	 0	 34	 
 149	 169	 154	 164	 0	 10	 
 149	 169	 144	 174	 0	 30	 
 149	 169	 154	 164	 0	 10	 
 149	 169	 150	 168	 0	 18	 
 149	 169	 154	 164	 0	 10	 
 149	 169	 139	 179	 0	 40	 
 149	 169	 150	 168	 0	 18	 
 149	 169	 146	 172	 0	 26	 
 149	 169	 154	 164	 0	 10	 
 149	 169	 152	 166	 0	 14	 
 149	 169	 144	 174	 0	 30	 
 149	 169	 142	 176	 0	 34	 
 149	 169	 151	 167	 0	 16	 
 149	 169	 154	 164	 0	 10	 
 149	 169	 154	 164	 0	 10	 
 149	 169	 145	 173	 0	 28	 
 149	 169	 154	 164	 0	 10	 
 149	 169	 151	 167	 0	 16	 
 149	 169	 147	 171	 0	 24	 
 149	 169	 139	 179	 0	 40	 
 149	 169	 153	 165	 0	 12	 
 149	 169	 152	 166	 0	 14	 
 149	 169	 147	 171	 0	 24	 
 149	 169	 138	 180	 0	 42	 
 149	 169	 141	 177	 0	 36	 
 149	 169	 152	 166	 0	 14	 
 149	 169	 145	 173	 0	 28	 
 149	 169	 147	 171	 0	 24	 
 149	 169	 154	 164	 0	 10	 
 149	 169	 154	 164	 0	 10	 
 149	 169	 153	 165	 0	 12	 
 149	 169	 153	 165	 0	 12	 
 149	 169	 154	 164	 0	 10	 
 149	 169	 154	 164	 0	 10	 
 149	 169	 154	 164	 0	 10	 
 149	 169	 144	 174	 0	 30	 
 149	 169	 154	 164	 0	 10	 
 149	 169	 141	 177	 0	 36	 
 149	 169	 154	 164	 0	 10	 
 149	 169	 146	 172	 0	 26	 
 149	 169	 147	 171	 0	 24	 
 149	 169	 147	 171	 0	 24	 
 149	 169	 140	 178	 0	 38	 
 149	 169	 138	 180	 0	 42	 
 149	 169	 154	 164	 0	 10	 
 149	 169	 154	 164	 0	 10	 
 149	 169	 146	 172	 0	 26	 
 149	 169	 146	 172	 0	 26	 
 149	 169	 154	 164	 0	 10	 
 149	 169	 154	 164	 0	 10	 
 149	 169	 151	 167	 0	 16	 
 149	 169	 154	 164	 0	 10	 
 149	 169	 154	 164	 0	 10	 
 149	 169	 145	 173	 0	 28	 
 149	 169	 143	 175	 0	 32	 
 149	 169	 147	 171	 0	 24	 
 149	 169	 152	 166	 0	 14	 
 149	 169	 152	 166	 0	 14	 
 149	 169	 142	 176	 0	 34	 
 149	 169	 143	 175	 0	 32	 
 149	 169	 150	 168	 0	 18	 
 149	 169	 154	 164	 0	 10	 
 149	 169	 138	 180	 0	 42	 
 149	 169	 154	 164	 0	 10	 
 149	 169	 147	 171	 0	 24	 
 149	 169	 154	 164	 0	 10	 
 149	 169	 154	 164	 0	 10	 
 149	 169	 143	 175	 0	 32	 
 149	 169	 153	 165	 0	 12	 
 149	 169	 147	 171	 0	 24	 
 149	 169	 139	 179	 0	 40	 
 149	 169	 154	 164	 0	 10	 
 149	 169	 154	 164	 0	 10	 
 149	 169	 153	 165	 0	 12	 
 149	 169	 141	 177	 0	 36	 
 149	 169	 139	 179	 0	 40	 
 149	 169	 141	 177	 0	 36	 
 149	 169	 142	 176	 0	 34	 
 149	 169	 144	 174	 0	 30	 
 149	 169	 141	 177	 0	 36	 
 149	 169	 141	 177	 0	 36	 
 149	 169	 154	 164	 0	 10	 
 149	 169	 153	 165	 0	 12	 
 149	 169	 138	 180	 0	 42	 
 149	 169	 141	 177	 0	 36	 
 149	 169	 140	 178	 0	 38	 
 149	 169	 154	 164	 0	 10	 
 149	 169	 141	 177	 0	 36	 
 0	 0	 0	 0	 0	 0	 
 0	 0	 0	 0	 0	 0	 
 161	 180	 166	 175	 0	 9	 
 161	 180	 166	 175	 0	 9	 
 161	 180	 153	 180	 0	 27	 
 161	 180	 166	 175	 0	 9	 
 161	 180	 152	 180	 0	 28	 
 161	 180	 166	 175	 0	 9	 
 161	 180	 154	 180	 0	 26	 
 161	 180	 158	 180	 0	 22	 
 161	 180	 159	 180	 0	 21	 
 161	 180	 166	 175	 0	 9	 
 161	 180	 154	 180	 0	 26	 
 161	 180	 164	 177	 0	 13	 
 161	 180	 166	 175	 0	 9	 
 161	 180	 157	 180	 0	 23	 
 161	 180	 166	 175	 0	 9	 
 161	 180	 166	 175	 0	 9	 
 161	 180	 164	 177	 0	 13	 
 161	 180	 153	 180	 0	 27	 
 161	 180	 160	 180	 0	 20	 
 161	 180	 165	 176	 0	 11	 
 161	 180	 158	 180	 0	 22	 
 161	 180	 166	 175	 0	 9	 
 161	 180	 166	 175	 0	 9	 
 161	 180	 152	 180	 0	 28	 
 161	 180	 162	 179	 0	 17	 
 161	 180	 156	 180	 0	 24	 
 161	 180	 163	 178	 0	 15	 
 161	 180	 154	 180	 0	 26	 
 161	 180	 151	 180	 0	 29	 
 161	 180	 152	 180	 0	 28	 
 161	 180	 162	 179	 0	 17	 
 161	 180	 151	 180	 0	 29	 
 161	 180	 166	 175	 0	 9	 
 161	 180	 166	 175	 0	 9	 
 161	 180	 156	 180	 0	 24	 
 161	 180	 154	 180	 0	 26	 
 161	 180	 162	 179	 0	 17	 
 161	 180	 151	 180	 0	 29	 
 161	 180	 160	 180	 0	 20	 
 161	 180	 157	 180	 0	 23	 
 161	 180	 166	 175	 0	 9	 
 161	 180	 163	 178	 0	 15	 
 161	 180	 158	 180	 0	 22	 
 161	 180	 151	 180	 0	 29	 
 161	 180	 166	 175	 0	 9	 
 161	 180	 153	 180	 0	 27	 
 161	 180	 166	 175	 0	 9	 
 161	 180	 158	 180	 0	 22	 
 161	 180	 166	 175	 0	 9	 
 161	 180	 154	 180	 0	 26	 
 161	 180	 157	 180	 0	 23	 
 161	 180	 151	 180	 0	 29	 
 161	 180	 152	 180	 0	 28	 
 161	 180	 166	 175	 0	 9	 
 161	 180	 157	 180	 0	 23	 
 161	 180	 159	 180	 0	 21	 
 161	 180	 154	 180	 0	 26	 
 161	 180	 165	 176	 0	 11	 
 161	 180	 157	 180	 0	 23	 
 161	 180	 166	 175	 0	 9	 
 161	 180	 157	 180	 0	 23	 
 161	 180	 166	 175	 0	 9	 
 161	 180	 155	 180	 0	 25	 
 161	 180	 164	 177	 0	 13	 
 161	 180	 153	 180	 0	 27	 
 161	 180	 160	 180	 0	 20	 
 161	 180	 162	 179	 0	 17	 
 161	 180	 159	 180	 0	 21	 
 161	 180	 166	 175	 0	 9	 
 161	 180	 166	 175	 0	 9	 
 161	 180	 153	 180	 0	 27	 
 161	 180	 154	 180	 0	 26	 
 161	 180	 153	 180	 0	 27	 
 161	 180	 160	 180	 0	 20	 
 161	 180	 152	 180	 0	 28	 
 161	 180	 166	 175	 0	 9	 
 161	 180	 166	 175	 0	 9	 
 161	 180	 166	 175	 0	 9	 
 161	 180	 166	 175	 0	 9	 
 161	 180	 153	 180	 0	 27	 
 161	 180	 164	 177	 0	 13	 
 161	 180	 153	 180	 0	 27	 
 161	 180	 151	 180	 0	 29	 
 161	 180	 166	 175	 0	 9	 
 161	 180	 165	 176	 0	 11	 
 161	 180	 162	 179	 0	 17	 
 161	 180	 159	 180	 0	 21	 
 161	 180	 166	 175	 0	 9	 
 161	 180	 166	 175	 0	 9	 
 161	 180	 156	 180	 0	 24	 
 161	 180	 159	 180	 0	 21	 
 161	 180	 154	 180	 0	 26	 
 161	 180	 156	 180	 0	 24	 
 161	 180	 165	 176	 0	 11	 
 161	 180	 162	 179	 0	 17	 
 161	 180	 166	 175	 0	 9	 
 161	 180	 152	 180	 0	 28	 
 161	 180	 159	 180	 0	 21	 
 161	 180	 160	 180	 0	 20	 
 0	 0	 0	 0	 0	 0	 
 0	 0	 0	 0	 0	 0	 
 133	 164	 138	 159	 1	 21	 
 133	 164	 140	 157	 1	 17	 
 133	 164	 143	 154	 1	 11	 
 133	 164	 144	 153	 1	 9	 
 133	 164	 144	 153	 1	 9	 
 133	 164	 144	 153	 1	 9	 
 133	 164	 123	 174	 1	 51	 
 133	 164	 122	 175	 1	 53	 
 133	 164	 141	 156	 1	 15	 
 133	 164	 135	 162	 1	 27	 
 133	 164	 120	 180	 1	 60	 
 133	 164	 125	 172	 1	 47	 
 133	 164	 144	 153	 1	 9	 
 133	 164	 131	 166	 1	 35	 
 133	 164	 144	 153	 1	 9	 
 133	 164	 137	 160	 1	 23	 
 133	 164	 144	 153	 1	 9	 
 133	 164	 126	 171	 1	 45	 
 133	 164	 143	 154	 1	 11	 
 133	 164	 120	 180	 1	 60	 
 133	 164	 120	 177	 1	 57	 
 133	 164	 132	 165	 1	 33	 
 133	 164	 135	 162	 1	 27	 
 133	 164	 144	 153	 1	 9	 
 133	 164	 120	 179	 1	 59	 
 133	 164	 144	 153	 1	 9	 
 133	 164	 134	 163	 1	 29	 
 133	 164	 120	 180	 1	 60	 
 133	 164	 128	 169	 1	 41	 
 133	 164	 124	 173	 1	 49	 
 133	 164	 124	 173	 1	 49	 
 133	 164	 120	 178	 1	 58	 
 133	 164	 139	 158	 1	 19	 
 133	 164	 139	 158	 1	 19	 
 133	 164	 120	 179	 1	 59	 
 133	 164	 132	 165	 1	 33	 
 133	 164	 121	 176	 1	 55	 
 133	 164	 127	 170	 1	 43	 
 133	 164	 121	 176	 1	 55	 
 133	 164	 135	 162	 1	 27	 
 133	 164	 144	 153	 1	 9	 
 133	 164	 129	 168	 1	 39	 
 133	 164	 139	 158	 1	 19	 
 133	 164	 128	 169	 1	 41	 
 133	 164	 139	 158	 1	 19	 
 133	 164	 138	 159	 1	 21	 
 133	 164	 121	 176	 1	 55	 
 133	 164	 129	 168	 1	 39	 
 133	 164	 142	 155	 1	 13	 
 133	 164	 144	 153	 1	 9	 
 133	 164	 134	 163	 1	 29	 
 133	 164	 120	 179	 1	 59	 
 133	 164	 120	 180	 1	 60	 
 133	 164	 123	 174	 1	 51	 
 133	 164	 132	 165	 1	 33	 
 133	 164	 144	 153	 1	 9	 
 133	 164	 144	 153	 1	 9	 
 133	 164	 121	 176	 1	 55	 
 133	 164	 144	 153	 1	 9	 
 133	 164	 143	 154	 1	 11	 
 133	 164	 137	 160	 1	 23	 
 133	 164	 131	 166	 1	 35	 
 133	 164	 139	 158	 1	 19	 
 133	 164	 120	 177	 1	 57	 
 133	 164	 134	 163	 1	 29	 
 133	 164	 127	 170	 1	 43	 
 133	 164	 120	 180	 1	 60	 
 133	 164	 127	 170	 1	 43	 
 133	 164	 144	 153	 1	 9	 
 133	 164	 141	 156	 1	 15	 
 133	 164	 142	 155	 1	 13	 
 133	 164	 131	 166	 1	 35	 
 133	 164	 120	 180	 1	 60	 
 133	 164	 125	 172	 1	 47	 
 133	 164	 134	 163	 1	 29	 
 133	 164	 120	 177	 1	 57	 
 133	 164	 137	 160	 1	 23	 
 133	 164	 132	 165	 1	 33	 
 133	 164	 142	 155	 1	 13	 
 133	 164	 127	 170	 1	 43	 
 133	 164	 138	 159	 1	 21	 
 133	 164	 144	 153	 1	 9	 
 133	 164	 144	 153	 1	 9	 
 133	 164	 129	 168	 1	 39	 
 133	 164	 120	 178	 1	 58	 
 133	 164	 144	 153	 1	 9	 
 133	 164	 120	 178	 1	 58	 
 133	 164	 137	 160	 1	 23	 
 133	 164	 137	 160	 1	 23	 
 133	 164	 125	 172	 1	 47	 
 133	 164	 144	 153	 1	 9	 
 133	 164	 129	 168	 1	 39	 
 133	 164	 142	 155	 1	 13	 
 133	 164	 142	 155	 1	 13	 
 133	 164	 129	 168	 1	 39	 
 133	 164	 124	 173	 1	 49	 
 133	 164	 122	 175	 1	 53	 
 133	 164	 125	 172	 1	 47	 
 133	 164	 144	 153	 1	 9	 
 0	 0	 0	 0	 0	 0	 
 0	 0	 0	 0	 0	 0	 
 161	 180	 152	 180	 0	 28	 
 161	 180	 164	 177	 0	 13	 
 161	 180	 158	 180	 0	 22	 
 161	 180	 166	 175	 0	 9	 
 161	 180	 166	 175	 0	 9	 
 161	 180	 164	 177	 0	 13	 
 161	 180	 151	 180	 0	 29	 
 161	 180	 151	 180	 0	 29	 
 161	 180	 154	 180	 0	 26	 
 161	 180	 154	 180	 0	 26	 
 161	 180	 166	 175	 0	 9	 
 161	 180	 152	 180	 0	 28	 
 161	 180	 166	 175	 0	 9	 
 161	 180	 166	 175	 0	 9	 
 161	 180	 166	 175	 0	 9	 
 161	 180	 165	 176	 0	 11	 
 161	 180	 163	 178	 0	 15	 
 161	 180	 155	 180	 0	 25	 
 161	 180	 166	 175	 0	 9	 
 161	 180	 158	 180	 0	 22	 
 161	 180	 158	 180	 0	 22	 
 161	 180	 166	 175	 0	 9	 
 161	 180	 156	 180	 0	 24	 
 161	 180	 166	 175	 0	 9	 
 161	 180	 159	 180	 0	 21	 
 161	 180	 166	 175	 0	 9	 
 161	 180	 166	 175	 0	 9	 
 161	 180	 156	 180	 0	 24	 
 161	 180	 151	 180	 0	 29	 
 161	 180	 155	 180	 0	 25	 
 161	 180	 166	 175	 0	 9	 
 161	 180	 164	 177	 0	 13	 
 161	 180	 158	 180	 0	 22	 
 161	 180	 164	 177	 0	 13	 
 161	 180	 164	 177	 0	 13	 
 161	 180	 154	 180	 0	 26	 
 161	 180	 166	 175	 0	 9	 
 161	 180	 166	 175	 0	 9	 
 161	 180	 152	 180	 0	 28	 
 161	 180	 164	 177	 0	 13	 
 161	 180	 162	 179	 0	 17	 
 161	 180	 152	 180	 0	 28	 
 161	 180	 166	 175	 0	 9	 
 161	 180	 164	 177	 0	 13	 
 161	 180	 160	 180	 0	 20	 
 161	 180	 159	 180	 0	 21	 
 161	 180	 163	 178	 0	 15	 
 161	 180	 166	 175	 0	 9	 
 161	 180	 162	 179	 0	 17	 
 161	 180	 163	 178	 0	 15	 
 161	 180	 166	 175	 0	 9	 
 161	 180	 166	 175	 0	 9	 
 161	 180	 158	 180	 0	 22	 
 161	 180	 166	 175	 0	 9	 
 161	 180	 158	 180	 0	 22	 
 161	 180	 162	 179	 0	 17	 
 161	 180	 162	 179	 0	 17	 
 161	 180	 166	 175	 0	 9	 
 161	 180	 166	 175	 0	 9	 
 161	 180	 160	 180	 0	 20	 
 161	 180	 166	 175	 0	 9	 
 161	 180	 166	 175	 0	 9	 
 161	 180	 165	 176	 0	 11	 
 161	 180	 162	 179	 0	 17	 
 161	 180	 160	 180	 0	 20	 
 161	 180	 155	 180	 0	 25	 
 161	 180	 158	 180	 0	 22	 
 161	 180	 166	 175	 0	 9	 
 161	 180	 166	 175	 0	 9	 
 161	 180	 166	 175	 0	 9	 
 161	 180	 166	 175	 0	 9	 
 161	 180	 151	 180	 0	 29	 
 161	 180	 154	 180	 0	 26	 
 161	 180	 166	 175	 0	 9	 
 161	 180	 164	 177	 0	 13	 
 161	 180	 160	 180	 0	 20	 
 161	 180	 156	 180	 0	 24	 
 161	 180	 151	 180	 0	 29	 
 161	 180	 157	 180	 0	 23	 
 161	 180	 165	 176	 0	 11	 
 161	 180	 166	 175	 0	 9	 
 161	 180	 165	 176	 0	 11	 
 161	 180	 152	 180	 0	 28	 
 161	 180	 166	 175	 0	 9	 
 161	 180	 165	 176	 0	 11	 
 161	 180	 155	 180	 0	 25	 
 161	 180	 164	 177	 0	 13	 
 161	 180	 163	 178	 0	 15	 
 161	 180	 151	 180	 0	 29	 
 161	 180	 164	 177	 0	 13	 
 161	 180	 166	 175	 0	 9	 
 161	 180	 166	 175	 0	 9	 
 161	 180	 154	 180	 0	 26	 
 161	 180	 154	 180	 0	 26	 
 161	 180	 163	 178	 0	 15	 
 161	 180	 159	 180	 0	 21	 
 161	 180	 159	 180	 0	 21	 
 161	 180	 152	 180	 0	 28	 
 161	 180	 154	 180	 0	 26	 
 0	 0	 0	 0	 0	 0	 
 0	 0	 0	 0	 0	 0	 
 163	 179	 166	 176	 0	 10	 
 163	 179	 165	 177	 0	 12	 
 163	 179	 157	 180	 0	 23	 
 163	 179	 166	 176	 0	 10	 
 163	 179	 162	 180	 0	 18	 
 163	 179	 165	 177	 0	 12	 
 163	 179	 154	 180	 0	 26	 
 163	 179	 164	 178	 0	 14	 
 163	 179	 157	 180	 0	 23	 
 163	 179	 166	 176	 0	 10	 
 163	 179	 160	 180	 0	 20	 
 163	 179	 165	 177	 0	 12	 
 163	 179	 166	 176	 0	 10	 
 163	 179	 166	 176	 0	 10	 
 163	 179	 164	 178	 0	 14	 
 163	 179	 156	 180	 0	 24	 
 163	 179	 166	 176	 0	 10	 
 163	 179	 166	 176	 0	 10	 
 163	 179	 156	 180	 0	 24	 
 163	 179	 158	 180	 0	 22	 
 163	 179	 159	 180	 0	 21	 
 163	 179	 157	 180	 0	 23	 
 163	 179	 165	 177	 0	 12	 
 163	 179	 157	 180	 0	 23	 
 163	 179	 157	 180	 0	 23	 
 163	 179	 158	 180	 0	 22	 
 163	 179	 164	 178	 0	 14	 
 163	 179	 154	 180	 0	 26	 
 163	 179	 166	 176	 0	 10	 
 163	 179	 165	 177	 0	 12	 
 163	 179	 166	 176	 0	 10	 
 163	 179	 164	 178	 0	 14	 
 163	 179	 162	 180	 0	 18	 
 163	 179	 166	 176	 0	 10	 
 163	 179	 158	 180	 0	 22	 
 163	 179	 166	 176	 0	 10	 
 163	 179	 166	 176	 0	 10	 
 163	 179	 166	 176	 0	 10	 
 163	 179	 159	 180	 0	 21	 
 163	 179	 165	 177	 0	 12	 
 163	 179	 164	 178	 0	 14	 
 163	 179	 156	 180	 0	 24	 
 163	 179	 157	 180	 0	 23	 
 163	 179	 158	 180	 0	 22	 
 163	 179	 166	 176	 0	 10	 
 163	 179	 166	 176	 0	 10	 
 163	 179	 166	 176	 0	 10	 
 163	 179	 157	 180	 0	 23	 
 163	 179	 155	 180	 0	 25	 
 163	 179	 155	 180	 0	 25	 
 163	 179	 166	 176	 0	 10	 
 163	 179	 157	 180	 0	 23	 
 163	 179	 159	 180	 0	 21	 
 163	 179	 155	 180	 0	 25	 
 163	 179	 156	 180	 0	 24	 
 163	 179	 154	 180	 0	 26	 
 163	 179	 154	 180	 0	 26	 
 163	 179	 165	 177	 0	 12	 
 163	 179	 158	 180	 0	 22	 
 163	 179	 166	 176	 0	 10	 
 163	 179	 164	 178	 0	 14	 
 163	 179	 166	 176	 0	 10	 
 163	 179	 166	 176	 0	 10	 
 163	 179	 156	 180	 0	 24	 
 163	 179	 166	 176	 0	 10	 
 163	 179	 162	 180	 0	 18	 
 163	 179	 158	 180	 0	 22	 
 163	 179	 164	 178	 0	 14	 
 163	 179	 162	 180	 0	 18	 
 163	 179	 161	 180	 0	 19	 
 163	 179	 155	 180	 0	 25	 
 163	 179	 166	 176	 0	 10	 
 163	 179	 156	 180	 0	 24	 
 163	 179	 160	 180	 0	 20	 
 163	 179	 158	 180	 0	 22	 
 163	 179	 165	 177	 0	 12	 
 163	 179	 166	 176	 0	 10	 
 163	 179	 166	 176	 0	 10	 
 163	 179	 155	 180	 0	 25	 
 163	 179	 160	 180	 0	 20	 
 163	 179	 162	 180	 0	 18	 
 163	 179	 154	 180	 0	 26	 
 163	 179	 166	 176	 0	 10	 
 163	 179	 160	 180	 0	 20	 
 163	 179	 154	 180	 0	 26	 
 163	 179	 158	 180	 0	 22	 
 163	 179	 158	 180	 0	 22	 
 163	 179	 158	 180	 0	 22	 
 163	 179	 155	 180	 0	 25	 
 163	 179	 166	 176	 0	 10	 
 163	 179	 156	 180	 0	 24	 
 163	 179	 154	 180	 0	 26	 
 163	 179	 165	 177	 0	 12	 
 163	 179	 165	 177	 0	 12	 
 163	 179	 165	 177	 0	 12	 
 163	 179	 158	 180	 0	 22	 
 163	 179	 158	 180	 0	 22	 
 163	 179	 166	 176	 0	 10	 
 163	 179	 158	 180	 0	 22	 
 0	 0	 0	 0	 0	 0	 
 