9.518465e-04	 4.995710e-01	 1.999637e-01	 9.957879e-02	 1.999347e-01	 1.666895e+00	 
 9.466971e-04	 4.996662e-01	 1.999591e-01	 9.957520e-02	 1.998528e-01	 1.638962e+00	 
 9.425626e-04	 4.997425e-01	 1.999555e-01	 9.957233e-02	 1.997872e-01	 1.618783e+00	 
 9.425593e-04	 4.997425e-01	 1.999555e-01	 9.957233e-02	 1.997871e-01	 1.618768e+00	 
 9.425065e-04	 4.997425e-01	 1.999559e-01	 9.957235e-02	 1.997867e-01	 1.618752e+00	 
 9.668924e-04	 4.997359e-01	 1.999548e-01	 9.956129e-02	 1.997812e-01	 1.621175e+00	 
 9.668891e-04	 4.997359e-01	 1.999548e-01	 9.956129e-02	 1.997811e-01	 1.621159e+00	 
 9.656225e-04	 4.997362e-01	 1.999548e-01	 9.957186e-02	 1.997715e-01	 1.616538e+00	 
 9.376192e-02	 4.187521e-01	 1.940057e-01	 9.494768e-02	 1.985326e-01	 4.210208e+00	 
 1.662714e-01	 4.067071e-01	 1.835791e-01	 4.879616e-02	 1.946463e-01	 4.693791e+00	 
 1.682467e-01	 4.070917e-01	 1.832138e-01	 4.721869e-02	 1.942292e-01	 4.703792e+00	 
 9.656225e-04	 4.997362e-01	 1.999548e-01	 9.957186e-02	 1.886914e-01	 1.660192e+00	 
 9.656225e-04	 4.997362e-01	 1.999548e-01	 9.957186e-02	 1.192936e-02	 2.531237e+00	 
 