4.407753e-02	 6.015759e-02	 7.433199e-01	 1.521110e-01	 2.605616e+02	 5.555280e+00	 
 4.231839e-02	 7.813248e-02	 7.244730e-01	 1.547849e-01	 2.478492e+02	 5.534466e+00	 
 3.625891e-05	 3.553158e-01	 2.366600e-01	 3.370477e-01	 7.065022e-02	 6.778736e+00	 
 3.560719e-05	 3.569184e-01	 2.367063e-01	 3.360546e-01	 7.050557e-02	 6.427805e+00	 
 3.528705e-05	 3.577057e-01	 2.367290e-01	 3.355668e-01	 7.017852e-02	 6.386835e+00	 
 3.512764e-05	 3.580977e-01	 2.367404e-01	 3.353239e-01	 7.001582e-02	 6.381575e+00	 
 3.504772e-05	 3.582942e-01	 2.367460e-01	 3.352021e-01	 6.993430e-02	 6.382990e+00	 
 3.500753e-05	 3.583930e-01	 2.367489e-01	 3.351409e-01	 6.989330e-02	 6.384717e+00	 
 3.498727e-05	 3.584428e-01	 2.367503e-01	 3.351100e-01	 6.987264e-02	 6.385840e+00	 
 2.643267e-02	 2.211184e-01	 5.707984e-01	 1.807253e-01	 1.170960e-03	 5.469821e+00	 
 