Condicionamento
1.523961e+05	 1	 0	 
 2.153172e+03	 1	 0	 
 5.308488e+02	 1	 0	 
 4.748738e+02	 1	 0	 
 9.660087e+02	 1	 0	 
 1.371265e+02	 1	 0	 
 3.750338e+05	 1	 0	 
 3.760697e+02	 1	 0	 
 5.508608e+03	 1	 0	 
 1.661952e+03	 1	 0	 
 1.661952e+03	 1	 1	 
 1.371265e+02	 1	 2	 
 1.371265e+02	 1	 3	 
 1.661952e+03	 2	 1	 
 3.750338e+05	 2	 2	 
 3.750338e+05	 2	 3	 
 1.661952e+03	 3	 1	 
 5.508608e+03	 3	 2	 
 5.508608e+03	 3	 3	 
 1.661952e+03	 4	 1	 
 1.371265e+02	 4	 2	 
 1.371265e+02	 4	 3	 
 1.661952e+03	 5	 1	 
 9.660087e+02	 5	 2	 
 9.660087e+02	 5	 3	 
 1.661952e+03	 6	 1	 
 1.661952e+03	 6	 2	 
 1.661952e+03	 6	 3	 
 1.661952e+03	 7	 1	 
 4.748738e+02	 7	 2	 
 4.748738e+02	 7	 3	 
 1.661952e+03	 8	 1	 
 5.308488e+02	 8	 2	 
 5.308488e+02	 8	 3	 
 1.661952e+03	 9	 1	 
 9.660087e+02	 9	 2	 
 9.660087e+02	 9	 3	 
 1.661952e+03	 10	 1	 
 5.308488e+02	 10	 2	 
 5.308488e+02	 10	 3	 
 